0.267261
0.267261
0.267261
0.267261
0.267261
0.267261
0.267261
0.267261
0
0
0
0
0
0
0
0
0
0
0.267261
0.267261
0.267261
0.267261
0.267261
0.267261
0
0
0
0
0
0.267261
0.267261
0.267261
0.267261
0.267261
0.267261
0.267261
0.267261
0.267261
0.267261
0.267261
0.267261
0.267261
0.267261
0.267261
0.267261
0.267261
0.267261
0.267261
0.267261
0.267261
0.267261
0.267261
0.267261
0
0
0
0
0
0
0
0
0
0
0
0
0
0
0
0
0
0
0
0
0
0
0
0
0
0
0
0
0
0
0
0
0.327327
0.327327
0
0.707107
0.707107
0.707107
0.707107
0.707107
0.707107
0.707107
0
0
0.707107
0.707107
0
0
0.707107
0.707107
0
0.707107
1
0
1
1
0
1
1
0
0
1
0
0.707107
0
0
0
0.774597
0.707107
0.707107
0
0.707107
0
0
0
0
0
0
0
0
0
0
0
0
0
0
0
0
0
0
0
0
0
0
0
0
0
0
0
0
0
0
0
0
0
0
0
0
0
0
0
0
0
0
0
0
0
0
0
0
0
0
0
0
0
0
0
0
0
0
0
0
0
0
0
0
0
0
0
0
0
0
0
0
0
0
0
0
0
0
0
0
0
0
0
0
0
0
0
0
0
0
0
0
0
0
0
0
0
0
0
0
0
0
0
0
0
0.267261
0.267261
0
0
0.267261
0.267261
0
0.267261
0
0.267261
0
0.267261
0.267261
0.267261
0.267261
0
0
0
0
0
0
0
0
0
0
0
0
0
0
0
0
0
0
0
0
0
0
0
0
0
0.267261
0.267261
0.267261
0.267261
0.267261
0.267261
0.267261
0.267261
0.267261
0.267261
0.267261
0.267261
0.267261
0.267261
0.267261
0.267261
0.267261
0.267261
0.267261
0.267261
0
0
0
0.267261
0.267261
0.267261
0.267261
0.267261
0.267261
0.267261
0.267261
0
0
0
0
0
0
0
0
0
0
0
0
0
0
0
0
0
0
0
0
0
0
0
0
0
0
0
0
0
0
0
0
0
0
0
