0.188144
0
0.188144
0.188144
0.188144
0
0.189832
0
0.189832
0.189832
0.312348
0.312348
0
0.189832
0.189832
0.189832
0.189832
0.189832
0.189832
0.188144
0.188144
0.188144
0.188144
0.188144
0.188144
0.188144
0.188144
0.188144
0.188144
0.188144
0.188144
0.188144
0.188144
0.188144
0.188144
0.188144
0.188144
0.188144
0.188144
0.188144
0.188144
0.188144
0.189832
0.189832
0.189832
0.189832
0.189832
0.189832
0
0.189832
0.189832
0.189832
0.189832
0.189832
0.189832
0.189832
0.189832
0.189832
0.189832
0.189832
0.189832
0.189832
0.189832
0.194257
0.189832
0.189832
0.189832
0.189832
0
0
0
1
0
0
0
0
0
0
0
0
0
0
0.316228
0.316228
0
0
0
0.316228
0
0.312348
0.312348
0.312348
0
0.312348
0.312348
0.312348
0.312348
0.312348
0.312348
0.312348
0.312348
0.191565
0.191565
0.191565
0.191565
0.226455
0.226455
0.226455
0.193347
0.193347
0
0
0
0
0
0.193347
0.191565
0.248069
0.248069
0.248069
0.248069
0.248069
0
0
0
0
0
0.264906
0.264906
0
0
0
0
0
0.248069
0.248069
0
0.248069
0
0
0
0
0
0
0
0
0
0.248069
0.248069
0.248069
0.248069
0.248069
0.248069
0.248069
0.248069
0.248069
0.248069
0.248069
0.248069
0.248069
0.248069
0.248069
0.248069
0
0
0
0
0.189832
0
0.189832
0
0
0.191565
0
0.264906
0
0
0
0
0.193347
0
0
0
0
0
0
0
0
0
0
0
0
0
0
0
0
0
0
0.191565
0.248069
0.248069
0.248069
0.248069
0.107833
0.107833
0.107833
0
0.107833
0.107833
0.107833
0.107833
0.107833
0.107833
0.107833
0
0
0
0
0
0
0
0
0
0
0
0
0
0
0.108465
0.108465
0.108465
0.107833
0
0.108465
0
0.108465
0
0.108465
0
0.108465
0.108465
0.108465
0.108465
0.108465
0.108465
0
0.108465
0
0
0
0
0
0
0
0
0
0
0
0
0
0
0
0
0
0
0
0
0
0
0
0
0
0
0
0
0
0.188144
0.248069
0.267261
0.267261
0.267261
0.267261
0
0
0
0
0
0
0
0.188144
0.188144
0.188144
0
0.248069
0.248069
0.248069
0.248069
0.248069
0.426401
0.426401
0.426401
0
0
0
0
0
0
0.426401
0.426401
0
0
0
0
0
0
0
0
0
0
0
0
0
0
0
0
0
0
0
0
0
0
0
0
0
0
0
0
0
0
0
0
0
0
0
0
0
0
0
0
0
0
0
0
0
0
0
0
0
0
0
0.188144
0
0
0
0
0
0
0
0
0
0
0
0
0
0
0
0.108465
0.108465
0.108465
0.108465
0.108465
0
0
0
0
0.144338
0
0
0
0
0
0
0
0
0
0
0
0
0
0
0
0
0
0
0
0.223607
0
0
0
0
0
0
0
0
0
0
0
0
0
0.108465
0.108465
0.108465
0.108465
0.108465
0.108465
0.108465
0.108465
0.108465
0.108465
0.108465
0.108465
0.108465
0.108465
0.108465
0.108465
0.108465
0.108465
0.108465
0.108465
0.108465
0.108465
0.108465
0.108465
0.108465
0.108465
0.108465
0.108465
0.108465
0.108465
0.108465
0.108465
0
0.108465
0.108465
0
0
0
0
0
0
0.110432
0
0.116248
0
0.116248
0
0.267261
0.267261
0
0
0
0
0
0
0
0
0
0
0
0
0.145865
0.145865
0
0
0
0
0
0
0
0
0
0
0
0
0
0
0
0
0
0
0
0
0
0
0.109109
0.109109
0.109764
0
0
0
0.108465
0.108465
0.108465
0.108465
0.108465
0.108465
0.108465
0.108465
0.108465
0.108465
0.108465
0
0
0
0.109109
0.109109
0.109109
0.109109
0.109109
0
0
0
0
0.109109
0.109109
0.109109
0.109109
0.108465
0.108465
0
0
0
0
0
0
0
0
0
0
0
0
0
0
0
0
0
0
0
0
0
0
0
0
0
0
0
0
0
0
0
0
0
0
0
0
0
0
0
0
0
0
0
0
0
0.188144
0.359211
0
0
0
0
0
0
0
0
0
0
0
0
0
0
0
0
0
0
0
0
0
0
0
0
0
0
0
0
0
0
0
0
0
0
0
0
0
0
0
0
0
0
0
0
0
0
0
0
0
0
0
0
0.109764
0.109764
0.109764
0.109764
0
0
0.188144
0
0
0
0
0
0
0
0
0
0
0
0
0
0
0
0
0
0
0
0
0
0.191565
0.191565
0.191565
0.19245
0.19245
0
0.19245
0.191565
0.191565
0
0.136083
0.136083
0.136083
0.136083
0.136083
0.136083
0.136083
0.136083
0.136083
0.136083
0.136083
0
0
0
0
0
0
0
0
0
0
0
0
0
