0.4
0.4
0.4
0.4
0.4
0.4
0.4
0.4
0.4
0.4
0.4
0.4
0.4
0.4
0.4
0.4
0.4
0.4
0.4
0.25
0
0.25
0.447214
0
0.447214
0.447214
0.25
0
0
0
0
0
0
0
0
0
0
0
0
0.377964
1
0.377964
0.57735
0.377964
1
0.377964
1
1
1
1
0.377964
0.377964
0.377964
0.377964
0
0
0
0
0
0
0
0
0
0
0
0
0
0
0
0
0
0
0
0
0
0
0
0
0
0
0
0
0
0
0
0
0
0
0
0
0
0
0
0
0
0
0
0
0
0
0
0
0
0
0
0
0
0
0
0
0
0
0
0
0
0.426401
0.426401
0
0
0
0
0
0
1
1
1
1
1
1
0
0
0
0
0
0
0
0
0
0
0
0
0
0
0
0
0
0
0
0
0
0
0
0
0
0.632456
0.632456
0.666667
0.666667
0.666667
0.666667
0.447214
0.666667
0
0.666667
0.666667
0.377964
0.666667
0.666667
0.666667
0.666667
0.666667
0.666667
0
0
0
0
0
0
0
0
0
0
0
0
0
0
0
0
0
0
0
0
0
0
0
0
0
0
0
0
0
0
0
0
0
0
0
0
0
0
0
0
0
0
0
0
0
0
0
0
0
0
0.57735
0
0.57735
0
0.57735
0.57735
0
0
0
0
0
0
0
0
0
0
0
0
0
0
0
0
0
0
0
0
0
0
0
0
0
0
0
0
0
0
0
0
0
