0
0
0
0
0
0
0
0
0
0
0
0
0
0
0
0
0
0
0
0
0
0
0
0
0
0.164399
0.164399
0.164399
0.164399
0.164399
0.164399
0.164399
0.164399
0.164399
0.164399
0.164399
0.707107
0.707107
0
0
0
0
0
0
0
0
0
0
0
0
0
0
0
0
0
0
0
0
0
0
0
0
0
0
0
0
0
0
0
0
0
0
0
0
0
0
0
0
0
0
0
0
0
0
0
0
0
0
0
0
0
0
0
0
0
0
0
0
0
0
0
0
0.166667
0.166667
0.166667
0.166667
0.707107
0.707107
0
0
0
0
0
0
0
0
0
0
0
0
0
0
0
0
0
0
0
0
0
0.147442
0.147442
0.147442
0.147442
0.166667
0.166667
0.166667
0.166667
0.166667
0
0.166667
0
0
0
0
0
0
0
0
0
0
0
0
0
0
0
0
0
0
0
0
0
0
0.145865
0.145865
0
0.145865
0.145865
0.145865
0.147442
0.145865
0.145865
0.145865
0
0.145865
0.145865
0.145865
0.145865
0.145865
0.145865
0.145865
0
0
0
0.166667
0.145865
0.145865
0.145865
0.145865
0.145865
0.145865
0.145865
0
0
0
0
0
0
0
0
0
0
0
0
0
0
0
0
0
0
0
0
0
0
0
0
0
0
0
0
0
0
0
0
0
0
0
0
0
0
0
0
0
0
0
0
0
0
0
0
0
0
0
0
0
0
0
0
0
0
0
0
0
0
0
0
0
0
0
0.145865
0.145865
0.145865
0.145865
0.145865
0.145865
0.145865
0.145865
0.145865
0.145865
0.145865
0.145865
0.145865
0.145865
0.145865
0.145865
0.145865
0.145865
0.145865
0.145865
0.145865
0.145865
0.145865
0
0.145865
0.145865
0
0
0
0
0
0
0
0
0
0
0
0
0
0
0
0
0
0
0
0
0
0
0
0
0
0
0.166667
0.166667
0
0
0
0
1
1
0
0
0
0
0
0
0
0
0
0
0
0
0
0
0
0
0.145865
0.145865
0
0.166667
0.166667
0
0.145865
0.145865
0.145865
0.145865
0.145865
0.145865
0.145865
0.145865
0.145865
0.145865
0.145865
0.145865
0.145865
0.145865
0.145865
0.145865
0.145865
0.145865
0.145865
0.166667
0
0
0.166667
0.145865
0.145865
0.145865
0.145865
0.145865
0.145865
0.145865
0
0.147442
0
0
0
0
0
0
0
0
0
0.179605
0.179605
0.179605
0
0
0
0
0
0
0
0
0
0
0.162221
0.162221
0.162221
0.162221
0.162221
0
0
0
0
0
0
0
0
0
0
0
0
0
0
0.145865
0.145865
0.145865
0.145865
0.145865
0.145865
0.145865
0
0
0
0
0
0
0
0
0
0
0
0
0
0
0
0
0
0
0
0
0
0
0
0
0
0
0
0
0
0
0
0
0
0
0
