0
0
0.39736
0.39736
0
0
0
0
0
0
0
0
0
0
0
0
0
0
0
0
0
0
0
0
0
0
0
0
0
0
0
0
0
0
0
0
0
0
0
0
0
0
0
0
0
0
0
0
0
0
0
0
0
0
0
0
0
0
0
0
0
0
0
0
0
0
0
0
0
0
0
0
0
0
0
0
0
0
0
0
0
0
0
0
0
0
0
0
0
0
0
0
0
0
0
0
0
0
0
0
0
0
0
0
0
0
0
0
0
0
0
0
0
0
0
0
0
0
0
0
0
0
0
0
0
0
0
0
0
0
1
0
1
1
1
0
0
1
0
1
0
1
1
0.654654
0
0.654654
0.654654
0.654654
0
0
0.654654
0
0.654654
0
0.654654
0.654654
0
0
0
0
0
0
0
0
0
0
0
0
0
0
0
0
0
0
0
0
0
0
0
0
0
0
0
0
0
0
0
0
0
0
0
0
0
0
0
0
0
0
0
0
0
0
0
0
0
0
0
0
0
0
0
0
0
0
0
0
0
0
0
0
0
0
0
0
0
0
0
0
0
0
0
0
0
0
0
0
0
0
0
0
0
0
0
0
0
0
0
0
0
0
0
0
0
0
0
0.261116
0.261116
0.261116
0.261116
0.261116
0.261116
0.522233
0
0
0
0
0.261116
0.261116
0.261116
0.261116
0.261116
0.261116
0.261116
0.261116
0.261116
0.261116
0.261116
0.261116
0.261116
0.261116
0.261116
0.261116
0.261116
0.261116
0.261116
0.261116
0.261116
0.261116
0.261116
0.261116
0.547723
0
0
0
0
0
0
0
0.707107
0.707107
0.707107
0.707107
0.707107
0.866025
1
1
1
0
0
0
0
0.707107
0
0
0
0
0
0
0
0
0
0
0.522233
0.522233
0
0
0.522233
0.522233
0.5
0.5
0.5
0.5
0.5
0.5
0.5
0.5
0
0
0.5
0.5
0
0
0.5
0.5
0.5
0.5
0.5
0.707107
0.707107
0.707107
0
0
0.774597
0.707107
0
0.707107
0
0
0.707107
0
0.5
0
0
0
0.57735
0.5
0.5
0
0.5
0
0
0
0
0
0
0
0
0
0
0
0
0
0
0
0
0
0
0
0
0
0
0
0
0
0
0
0
0
0
0
0
0
0
0
0
0
0
0
0
0
0
0
0
0
0
0
0
0
0
0
0
0
0
0
0
0
0
0
0
0
0
0
0
0.261116
0.261116
0.57735
0
1
0
0
0
0
0
0
0
0
0
0
0
0
0
0
0
0
0
0
0
0
0
0
0
0
0.261116
0.261116
0
0
0.261116
0.261116
0
0.261116
0
0.261116
0
0.261116
0.261116
0.261116
0.261116
0
0
0
0
0
0
0
0
0
0
0
0
0
0
0
0
0
0
0.522233
0.522233
0.522233
0.522233
0.522233
0
0.612372
0.261116
0.261116
0.261116
0.261116
0.261116
0.261116
0.261116
0.261116
0.261116
0.261116
0.261116
0.261116
0.261116
0.261116
0.261116
0.261116
0.261116
0.261116
0.261116
0.261116
0
0
0
0.261116
0.261116
0.261116
0.261116
0.261116
0.261116
0.261116
0.261116
0
0
0
0
0
0
0
0
0
0
0
0
0
0
0
0
0
0
0.261116
0.261116
0.261116
0.261116
0.261116
0.261116
