0
0
0.301511
0.301511
0
0
0
0
0
0
0
0
0
0
0
0
0
0
0
0
0
0
0
0
0
0
0
0
0
0
0
0
0
0
0
0
0
0
0
0
0
0
0
0
0
0
0
0
0
0
0.816497
0
0.816497
0.816497
0.816497
0.816497
0
0
0
0
0
0
0
0
0
0
0
0
0
0
0
0
0
0
0
0
0
0
0
0
0
0
0
0
0
0
0.57735
0
0.57735
0
0.57735
0.57735
0.57735
0.57735
0.57735
0
0
0
0.57735
0.57735
0
0
0
0.57735
0.57735
0.57735
0.57735
0.57735
0.57735
0.57735
0.57735
0.57735
0.57735
0.57735
1
0
0
0
0
1
0.57735
0.57735
0.57735
0.57735
0
0
0
0
0
0
0
0
0
0
0
0
0.57735
0.57735
0.57735
0.57735
0.57735
0.57735
0.57735
0
0
0
0
0
0
0
0
0
0
0
0
0
0
0
0
0
0
0
0
0
0
0
0
0
0
0
0
0
0
0
0
0
0
0
0
0
0
0
0
0
0
0
0
0
0
0
0
0
0
0
0
0
0
0
0
0
0
0
0
0
0
0
0
0
