0
0
0.226455
0.226455
0.226455
0.226455
0.226455
0.226455
0.226455
0.226455
0.226455
0.226455
0.226455
0.226455
0.226455
0.226455
0.226455
0.226455
0.226455
0.226455
0.226455
0.226455
0.226455
0.226455
0.226455
0.226455
0.226455
0.226455
0.226455
0.226455
0.226455
0.226455
0.226455
0.226455
0
0
0
0.196116
1
0.196116
0.182574
0
0.182574
0
0.182574
0.182574
0.182574
0.182574
0.408248
0.182574
0
0
0
0.707107
1
0.707107
0.408248
0
0.408248
0.408248
0
0.408248
0
0
0
0
0
0
0
0
0
0
0
0
0
0
0
0
0
0
0
0
0
0
0
0
0
0
0
0
0
0
0
0
0
0
0
0
0
0
0
0
0
0
0
0
0
0
0
0
0
0
0
0
0
0
0
0
0
0
0
0
0
0
0
0
0
0
0
0
0
0
0
0
0
0
0
0
0
0
0
0
0
0
0
0
0
0
0
0
0
0
0
0
0
0
0
0
0
0
0
0
0
0
0
0
0
0
0
0
0
0
0
0
0
0
0
0
0
0
0
0
0
0
0
0
0
0
0
0
0
0
0
0
0
0
0
0
0
0
0
0
0
0
0
0
0
0
0
0
0
0
0
0
0
0
0
0
0
0
0
0
0
0
0
0
0
0
0
0
0
0
0
0
0
0
0
0
0
0
0
0
0
0
0
0
0
0
0
0
0
0
0
0
0
