0.150756
0.150756
0.150756
0.150756
0.171499
0.171499
0.171499
0.171499
0.171499
0
0.171499
0
0
0
0
0
0
0
0
0
0
0
0
0
0
0
0
0
0
0
0
0
0
0
0
0
0
0
0
0
0
0
0
0
0
0
0
0
0
0
0
0
0
0
0
0
0
0
0
0
0
0
0
0
0
0
0
0
0
0
0
0
0
0.149071
0.149071
0.149071
0.149071
0.171499
0.171499
0
0
0
0
0
0
0
0
0
0
0
0.149071
0.149071
0
0.149071
0.149071
0.149071
0
0.149071
0.149071
0.149071
0.156174
0.149071
0.149071
0.149071
0.149071
0.149071
0.149071
0.149071
0
0
0.707107
0
0.149071
0.149071
0.149071
0.149071
0.149071
0.149071
0.149071
0
0
0
0
0
0
0
0
0
0
0
0
0
0
0
0
0
0
0
0
0
0
0
0
0
0
0
0
0
0
0
0
0
0
0
0
0
0
0
0
0
0
0
0
0
0
0
0
0
0
0
0
0
0
0
0
0
0
0
0
0
0
0
0
0
0
0
0.149071
0.149071
0.149071
0.149071
0.149071
0.149071
0.149071
0.149071
0.149071
0.149071
0.149071
0.149071
0.149071
0.149071
0.149071
0.149071
0.149071
0.149071
0.149071
0.149071
0.149071
0.149071
0.149071
0
0.149071
0.149071
0
0
0.149071
0.150756
0
0
0.149071
0
0.152499
0
0.152499
0.154303
0
0
0.158114
0.158114
0
0
0.171499
0.171499
0.169031
0.169031
0.171499
0.171499
1
1
0
0
0
0
0
0
0
0
0
0
0
0
0
0
0
0
0
0
0
0
0
0
0
0
0.149071
0.149071
0.149071
0
0
0
0.149071
0.149071
0.149071
0.149071
0.149071
0.149071
0.149071
0.149071
0.149071
0.149071
0.149071
0.149071
0.149071
0.149071
0.149071
0.149071
0.149071
0.149071
0.149071
0.171499
0
0
0.171499
0.149071
0.149071
0.149071
0.149071
0.149071
0.149071
0.149071
0
0.150756
0.150756
0
0
0
0
0
0
0
0
0
0
0
0.171499
0
0
0
0
0.171499
1
1
0.171499
0.166667
0.166667
0.166667
0.166667
0.166667
0
0
0
0
0
0
0
0
0
0
0
0
0
0
0.149071
0.149071
0.149071
0.149071
0.149071
0.149071
0.149071
0
0
0
0
0.154303
0.154303
0.154303
0.154303
0.179605
0.179605
0.179605
0.179605
0.179605
0.150756
0.150756
0
0.150756
0.150756
0.150756
0.150756
0.171499
0.171499
0.171499
0.57735
0.57735
0.57735
0.57735
0.171499
0
0.174078
0.174078
0.171499
0
0.171499
0.171499
0
0
0
0
0
0
0
0
0
0
0
0
0
0
0
0
0
0
0
0
0
0
0
0
0
0
0
0
0
0
0
0
0
0
0
0
0
0
0
0
0
0
0
0
0
0
0
0
0
0
0
0
0
0
0
0
0
0
0
0
0
0
0
0
0
0
0
0
0
0
0
0
0
0
0
0
0
0.174078
0
0.174078
0
0
0
0
0
0
0
0
0
0
0
0
0
0
0
0
0
0
0
0
0
0
0
0
0
0
0
0
0
0
0
0
0
0
0
0
0
0
0
0
0
0
0
0
0
0
0
0
0
0
0
0
0
0
0
0
0
0
0
0
0
0
0
0
0
0
0
0
0
0
0
0
0
