0
0
0
0
0
0
0
0
0
0
0
0
0
0
0
0
0
0
0
0
0
0
0
0
0
0
0
0
0
0
0
0
0
0
0
0
0
0.324443
0.324443
0.707107
0
0
0
0
0
0.632456
0
0.632456
0.632456
0.632456
0
0
0
0.632456
0
0.632456
0
0.632456
0.632456
0.632456
0.632456
0
0.632456
0
0.632456
0
0.632456
0
0
0
0
0
0
0
0
0
0
0
0
0
0
0
0
0
0
0
0
0.632456
0
0
0
0
0
0
0
0
0
0
1
1
1
0.632456
0.632456
0
0
0
0
0
0
0
0
0
0
0
0
0
0
0
0
0
0
0
0
0
0
0
0
0
0
0
0
0
0
0
0
0
0
0
0
0
0
0
0
0
0
0
0
0
0
0
0
0
0
0
0
0
0
0
0
0
0
0
0
0
0
0
0
0
0
0
0
0
0
0
0
0
0
0
0
0
0
0
0
0
0
0
0
0
0
0
0
0
0
0
0
0
0
0
0
0
0
0
0
0
0
0
0
0
0
0
0
0
0
0
0
0
0
0
0
0
0
0
0
0
0
0
0
0
0
0
0
0
0
0
0
0
0
0
0
0
0
0
0
0
0
0
0
0
0
0
0
0
0
0
0
0
