0.144338
0.144338
0.144338
0.144338
0.144338
0.144338
0.144338
0.144338
0
0.156174
0
0
0
0
0
0
0
0
0
0
0
0
0
0
0
0.707107
0.707107
0.707107
0.707107
0.707107
0.707107
0
0.707107
0.144338
0.144338
0.144338
0.144338
0.144338
0.144338
0.144338
0.144338
0.144338
0.144338
0.144338
0.144338
0.144338
0.144338
0.144338
0.144338
0.144338
0.144338
0.144338
0.144338
0.144338
0.144338
0.144338
0
0.144338
0.144338
1
1
0.145865
0.147442
0.57735
0.57735
0.145865
0.57735
0.149071
0.171499
0.149071
0.150756
0.447214
0.447214
0.154303
0.154303
0
0
0.166667
0.166667
0.164399
0.164399
0.166667
0.166667
0
0
0.164399
0.164399
0.408248
0.408248
0
0
0
0
0
0
0.57735
0.57735
0
0
0
0
0.707107
1
0.707107
0.707107
0.171499
0.171499
0.171499
0.171499
0.144338
0.144338
0.145865
0
0
0
0.144338
0.144338
0.144338
0.144338
0.144338
0.144338
0.144338
0.144338
0.144338
0.144338
0.144338
0.144338
0.144338
0.144338
0.144338
0.144338
0.144338
0.144338
0.144338
0.164399
0
0
0.164399
0.144338
0.144338
0.144338
0.144338
0.144338
0.144338
0.144338
0.377964
0.145865
0.147442
0
0
0
0
0
0
0
1
0.174078
0.174078
0.174078
0.169031
0
0
0
0
0.169031
0.160128
0.160128
0.160128
0
0
0
0
0
0
0
0
0
0
0
0
0
0
0
0
0.144338
0.144338
0.144338
0.144338
0
0.144338
0
0.144338
0.145865
0.144338
0.154303
0.144338
0.144338
0.144338
0.144338
0.144338
0.144338
0
0.144338
0
0
0
0
0
0
0
0
0
0
0
0
0
0
0
0
0
0
0.144338
0.144338
0.162221
0.162221
0.162221
0.162221
0.162221
0.162221
0.162221
0.162221
0.162221
0.162221
0.162221
0.57735
0.57735
0.147442
0.147442
0
0.147442
0.147442
0.147442
0.147442
0.166667
0.166667
0.166667
0.5
0.5
0.5
0.5
0.166667
0
0.169031
0.169031
0.166667
0
0.166667
0.166667
0
0
0
0
0
0
0
0
0
0
0
0.145865
0.145865
0.145865
0.145865
0.164399
0.164399
0.164399
0.164399
0.164399
0
0.164399
0
0
0
0
0
0
0.377964
0.377964
0.377964
0.377964
0.5
0.5
0.5
0
0.57735
0.57735
0.57735
0
0.5
0.144338
0.144338
0.144338
0
0
0
0
0
0.144338
0.144338
0.144338
0.144338
0.144338
0.144338
0.144338
0.57735
0.57735
0.57735
0.57735
0.707107
0.707107
0.707107
0.707107
0.707107
0
0
0
0
0
0
0
0
0
0
0
0.707107
0.707107
0.707107
0.707107
0.707107
0.707107
0.707107
0.707107
1
0
1
1
1
0
0.150756
0.150756
0.150756
0.150756
0.174078
0.174078
0.174078
0.174078
0.174078
0.447214
0.447214
0.447214
0.447214
0.5
0.5
0.5
0.5
0
0
0.5
0.707107
0.707107
0.707107
0.707107
0.707107
0.707107
1
0
1
1
0.171499
0.171499
0.171499
0.171499
0.171499
0.171499
0.353553
0.353553
0.353553
0.353553
0
0.353553
0.353553
0.353553
0.353553
0.377964
0.353553
0.353553
0.353553
0.353553
0.145865
0.145865
0.145865
0.145865
0.166667
0.166667
0
0
0.169031
0
0.169031
0
0
0
0
0
0
0
0
0
0
0
0
0
0
0
0
0
0
0
0
0
0
0
0
0
0
0
0
0
0
0
0
0
0
0
0
0
0
0
0
0
0
0
0
0
0
0
0
0
0
0
0
0
0
0
0
0
0
0
0
0
0
0
0
0
0
0
0
0
0
0
0
0
0
0
0
0
0
0
0
0
0
0
0
0
0
0
0
0
0
0
0
0
0
0
0
0
0
0
0
0
0
0
0
0
0
0
0
0
