0.473991
0.473991
0
0
0
0.473991
0
0
0
0
0
0
0
0
0
0
0
0
0
0
0
0
0
0.631988
0
0.631988
0.631988
0
0
0
0
0
0
0
0
0
0
0.461349
0.461349
0.461349
0.461349
0.461349
0.461349
0.461349
0.461349
0.461349
0.461349
0.461349
0.461349
0.461349
0.461349
0.461349
0.461349
0.461349
0.461349
0.461349
0.461349
0.461349
0.461349
0.461349
0.461349
0.461349
0.461349
0.461349
0.461349
0.461349
0.461349
0.461349
0.461349
0.461349
0.461349
0.461349
0.461349
0.461349
0.461349
0.461349
0.461349
0.461349
0.461349
0.461349
0.461349
0.461349
0.461349
0.461349
0.461349
0.461349
0.461349
0.461349
0.461349
0.461349
0.461349
0.461349
0.461349
0.461349
0.461349
0.461349
0.461349
0.461349
0.461349
0.461349
0.461349
0.461349
0.461349
0.461349
0.461349
0.461349
0.461349
0.461349
0.461349
0
0.461349
0.461349
0.461349
0.461349
0
0
0.461349
0
0.461349
0.461349
0.461349
0.461349
0
0.461349
0
0
0.461349
0.461349
0.461349
0.461349
0.461349
0
0.461349
0
0.461349
0.461349
0
0.461349
0.461349
0
0.461349
0.461349
0
0
0
0
0
0
0
0
0
0
0.461349
0.461349
0.461349
0.461349
0
0.461349
0.461349
0.461349
0.461349
0.461349
0.461349
0.461349
0.461349
0.461349
0.461349
0.461349
0.461349
0.461349
0.461349
0.461349
0.461349
0.461349
0.461349
0.461349
0.461349
0.461349
0.461349
0.461349
0.461349
0.461349
0.461349
0.461349
0.461349
0.53987
0.53987
0.53987
0.491359
0.491359
0.491359
0.491359
0.491359
0.491359
0.491359
0.491359
0.491359
0.493202
0.493202
0.493202
0.493202
0.496953
0.496953
0.496953
0.493202
0.493202
0
0
0
0
0
0
0
0
0
0
0
0
0.484185
0.487732
0.487732
0.487732
0.487732
0
0.484185
0.493202
0.493202
0.493202
0.493202
0.493202
0.493202
0.493202
0.493202
0.495067
0.495067
0.495067
0.758695
0.758695
0.495067
0.143229
0.493202
0.154584
0.154584
0
0.154584
0.154584
0.154584
0.53987
0.631988
0.631988
0.486504
0.486504
0
0
0
0.486504
0
0
0
0.486504
0.0543928
0.0543928
0
0.484524
0.127034
0.127034
0
0.468163
0.121626
0.121626
0
0.451514
0.121626
0.121626
0
0.434564
0.121626
0.121626
0
0.417299
0.121626
0.121626
0
0.399704
0.121626
0.121626
0
0.381764
0.121626
0.121626
0
0.363461
0.099926
0.099926
0
0.352506
0.352506
0
0.486504
0.486504
0.486504
0.631988
0.631988
0.352506
0.352506
0
0
0
0
0
0
0
0
0
0
0
0
0.0449134
0.0449134
0
0
0
0
0.0993073
0.0993073
0
0
0
0
0.105331
0.105331
0
0
0
0
0.105331
0.105331
0
0
0
0
0.105331
0.105331
0
0
0
0
0.105331
0.105331
0
0
0
0
0.105331
0.105331
0
0
0
0
0.0666173
0.0666173
0
0
0
0
0
0
0
0
0.099926
0.099926
0.110015
0.110015
0.0378361
0.110015
0
0.110015
0.099926
0.099926
0.965377
0.965377
0.965377
0.965377
0.965377
0.893765
0.965377
0.631988
0.965377
0.965377
0.965377
0
0
0
0
0
0
0
0
0
0
0.0543928
0.0543928
0.0543928
0.0543928
0.0543928
0.0543928
0.0543928
0
0
0
0
0
0
0
0
0
0
0.127034
0.127034
0.127034
0.127034
0.127034
0.127034
0.127034
0
0
0
0
0
0
0
0
0
0
0.121626
0.121626
0.121626
0.121626
0.121626
0.121626
0.121626
0
0
0
0
0
0
0
0
0
0
0.121626
0.121626
0.121626
0.121626
0.121626
0.121626
0.121626
0
0
0
0
0
0
0
0
0
0
0.121626
0.121626
0.121626
0.121626
0.121626
0.121626
0.121626
0
0
0
0
0
0
0
0
0
0
0.121626
0.121626
0.121626
0.121626
0.121626
0.121626
0.121626
0
0
0
0
0
0
0
0
0
0
0.121626
0.121626
0.121626
0.121626
0.121626
0.121626
0.121626
0
0
0
0
0
0
0
0
0
0
0.121626
0.121626
0.121626
0.121626
0.121626
0.121626
0.121626
0
0
0.487732
0.521408
0.521408
0
0.560444
0.487732
0.487732
0.560444
0.560444
0.560444
0.487732
0.487732
0.487732
0.493202
0.493202
0.260431
0.260431
0.143229
0.143229
0.14391
0.175282
0.175282
0.14391
0.14391
0.14391
0
0
0
0
0.154584
0.154584
0
0
0
0.461349
0.461349
0
0.461349
0.461349
0.487732
0.461349
0.461349
0
0.461349
0.461349
0
0
0
0
0
0
0
0
0
0
0
0
0
0
0
0
0
0
0
0
0
0
0.461349
0
0.461349
0.461349
0
0.461349
0
0.461349
0.461349
0
0
0
0
0
0
0.461349
0
0.461349
0.461349
0
0.461349
0.461349
0
0
0
0
0
0
0
0
0
0
0
0
0
0
0
0
0
0
0
0
0
0
0
0
0
0
0
0
0.461349
0.461349
0
0.461349
0.461349
0.461349
0.461349
0.461349
0.461349
0
0.461349
0.461349
0.461349
0
0.461349
0.461349
0.461349
0.461349
0.461349
0.461349
0.461349
0
0.0218447
0.0218447
0
0
0.484185
0.484185
0.500791
0.484185
0.484185
0.484185
0.484185
0.484185
0.484185
0.484185
0.480714
0.498861
0
0
0
0
1
0.210663
0.210663
0.210663
0
0
0
0
0
0
0
0
0
0
0
0
0
0
0
0
0
0
0
0
0
0
0
0
0
0
0
0
0.0292136
0.0292136
0
0
0
0
0
0
0
0
0
0
0
0
0
0
0
0
0
0
0
0
0
0
0
0
0
0
0
0
0
0
0
0
0
0
0
0
0
0
0
0
0
0
0
0
0
0
0
0
0.186363
0.186363
0
0
0
0
0
0
0
0
0
0
0
0
0
0
0
0
0
0
0
0
0.484185
0.489535
0.884783
0.489535
0
0.493202
0.489535
0
0.798935
0.798935
0.798935
0
0
0
0
0
0.939336
0.939336
0.939336
0.939336
0.939336
0.983739
0.210663
0
0
0.939336
0
0
0
0
0
0
0
0
0
0
0
0.258008
0
0.258008
0.148961
0.258008
0
0.258008
0
0.258008
0.825723
0.965377
0.965377
0.825723
0.825723
0.825723
0.258008
0.258008
0.258008
0.258008
0.258008
0
0
0.825723
0
0.825723
0.258008
0
0.148961
0.965377
0.965377
0.939336
0.939336
0.939336
0.939336
0
0
0
0
0
0.912871
0.0860026
0.0860026
0
0.92582
0.92582
0.816497
0
0.825723
0.825723
0.825723
0.845154
0.845154
0.825723
