0.107833
0.107833
0.107833
0.107211
0
0.107833
0
0.107833
0
0.107833
0
0.107833
0.107833
0.107833
0.107833
0.107833
0.107833
0
0.107833
0
0
0
0
0
0
0
0
0
0
0
0
0
0
0
0
0
0
0
0
0
0
0
0
0
0
0
0
0
0
0
0
0
0
0
0
0
0
0
0
0
0
0
0
0
0
0
0
0
0
0
0
0
0.186501
0
0
0
0
0
0.186501
0.186501
0.186501
0
0.188144
0
0.188144
0.188144
0.312348
0.312348
0.312348
0.188144
0.188144
0.188144
0.188144
0.188144
0.188144
0.186501
0.186501
0.186501
0.186501
0.186501
0.186501
0.186501
0.186501
0.186501
0.186501
0.186501
0.186501
0.186501
0.186501
0.186501
0.186501
0.186501
0.186501
0.186501
0.186501
0.186501
0.186501
0.186501
0.188144
0.188144
0.188144
0.188144
0.188144
0.188144
0
0.188144
0.188144
0.188144
0.188144
0.188144
0.188144
0.188144
0.188144
0.188144
0
0.188144
0.188144
0.188144
0.188144
0.19245
0.188144
0.188144
0.188144
0.188144
0
0
0
1
0
0
0
0
0
0
0
0
0
0
0.308607
0.308607
0
0
0
0.316228
0
0.304997
0.304997
0.304997
0
0.312348
0.312348
0.312348
0.312348
0.312348
0.312348
0.312348
0.312348
0.189832
0.189832
0.189832
0
0
0
0
0
0.189832
0.189832
0
0
0
0
0
0
0
0
0
0
0
0
0
0
0
0
0
0
0
0
0
0
0
0
0
0
0
0
0
0
0
0
0
0
0
0
0
0
0
0
0
0
0
0
0
0
0
0
0
0
0.188144
0
0.188144
0.272166
0.272166
0.189832
0
0
0
0
0
0
0
0
0
0
0
0.197066
0
0
0
0
0
0
0
0
0
0
0
0
0
0.189832
0.109109
0.109109
0.109109
0.109109
0
0
0
0
0
0
0
0
0
0
0
0
0
0
0
0
0
0
0
0
0
0
0.186501
0.186501
0.186501
0
0
0
0
0
0
0
0
0
0
0
0
0
0
0
0
0
0.107211
0.107211
0.107211
0
0.107211
0.107211
0.107211
0.107211
0.107211
0.107211
0.107211
0
0
0
0
0
0
0
0
0
0
0
0
0
0
0
0
0
0
0
0
0
0
0
0
0
0
0
0
0
0
0
0
0
0
0
0
0
0
0
0
0
0
0
0
0
0
0
0
0
0
0
0
0
0
0
0
0
0
0
0
0
0
0
0
0
0
0
0
0
0
0
0
0
0
0
0
0
0
0
0
0
0
0
0
0
0
0
0.107833
0.107833
0.107833
0.107833
0.107833
0.107833
0.107833
0.107833
0.107833
0.107833
0.107833
0.107833
0.107833
0.107833
0.107833
0.107833
0.107833
0.107833
0.107833
0.107833
0.107833
0.107833
0.107833
0.107833
0.107833
0.107833
0.107833
0.107833
0.107833
0.107833
0
0.107833
0.107833
0
0
0
0
0
0
0
0
0
0
0
0
0
0
0.113228
0.113228
0
0
0
0
0
0
0
0
0
0
0
0
0
0
0
0
0
0
0
0
0
0
0
0
0
0
0
0
0
0
0
0
0
0
0.108465
0.108465
0.109109
0.156174
0.156174
0
0.107833
0.107833
0.107833
0.107833
0.107833
0.107833
0.107833
0.107833
0.107833
0.107833
0.107833
0
0
0
0.108465
0.108465
0.108465
0.108465
0.108465
0.147442
0
0
0.147442
0.108465
0.108465
0.108465
0.108465
0.107833
0.107833
0.108465
0.223607
0
0
0
0
0
0
0
0
0
0
0
0
0
0
0
0
0
0
0
0
0
0
0
0
0
0
0
0
0
0
0
0
0
0
0
0
0
0
0
0
0
0
0
0
0
0
0
0
0
0
0
0
0
0
0
0
0.186501
0
0
0
0
0
0.186501
0
0.223607
0.223607
0.223607
0.223607
0
0
0
0
0
0
0
0
0
0.189832
0.189832
0.189832
0
0
0
0
0.189832
0.189832
0
0.107833
0.107833
0.107833
0.107833
0.107833
0.107833
0.107833
0
0
0
0
0.142857
0
0
0
0
0
0
0
0
0
0
0
0
0
0
0
0
0
0
0
0.218218
0
0
0
0
0
0
0
0
0
0
0
0
0
0.186501
0
0.156174
0.156174
0.156174
0.156174
0
0
0
0
0
0
0
0
0
0
0
0
0.186501
0
0
0
0
0
0
0
0
0
0
