0.5
0.5
0.5
0.5
0
0
0
0
0
0
0
0
0
0
0
0
0
0
0
0
0
0
0
0
0
0
0
0
0
0
0
0
0
0
0
0
0
0
0
0
0
0
0
0
0
0
0
0
0
0
0
0.308607
0.308607
0
0.308607
0.308607
0.308607
0.308607
0.308607
0.308607
0.308607
0
0.308607
0.308607
0.308607
0.308607
0.308607
0.308607
0.308607
0
0
0
0
0.308607
0.308607
0.308607
0.308607
0.308607
0.308607
0.308607
0.707107
0.5
0
0.5
0.5
0
0.5
0.5
0.5
0.5
0.5
0.707107
0.5
0.5
0.5
0.5
0.5
0
0
0.5
0
0
0
0
0
0
0
0
0
0
0
0
0
0
0
0
0
0
0
0
0.707107
0.707107
0
0.707107
0.707107
0
0.707107
0.707107
0.707107
0.707107
0.707107
0.707107
0.707107
0.707107
0.707107
0.707107
0.707107
0
0
0.707107
0
0
0
0
0
0
0
0
0
0.308607
0.308607
0.308607
0.308607
0.308607
0.308607
0.308607
0.308607
0.308607
0.308607
0.308607
0.308607
0.308607
0.308607
0.308607
0.308607
0.308607
0.308607
0.308607
0.308607
0.308607
0.308607
0.308607
0
0.308607
0.308607
0
0
0.308607
0.316228
0
0
0.308607
1
0
0
0
0
0
0
0.353553
0.353553
0.5
0.5
0.223607
0.223607
0.213201
0.213201
0.223607
0.223607
0
0
0.426401
0.426401
0
0
0
0
0
0
0
0
0.5
0.5
0
0
0
0
0.707107
0
0.707107
0.707107
0
0
0
0
0.308607
0.308607
0.308607
0.426401
0.426401
0
0.308607
0.308607
0.308607
0.308607
0.308607
0.308607
0.308607
0.308607
0.308607
0.308607
0.308607
0.308607
0.308607
0.308607
0.308607
0.308607
0.308607
0.308607
0.308607
0.223607
0
0
0.223607
0.308607
0.308607
0.308607
0.308607
0.308607
0.308607
0.308607
0.632456
0.158114
0.316228
0
0
0
0
0
0
0
0
0
0
0
0
0
0
0
0
0
0
0
0
0
0
0
0
0
0
0
0
0
0
0
0.632456
0
0
0
0
0
0
0
0.308607
0.308607
0.308607
0.308607
0.308607
0.308607
0.308607
0
0
0
0
0.816497
0.816497
0.816497
0.816497
0.707107
0
0.707107
0
0.707107
0.707107
0.816497
0
0.408248
0.408248
0.408248
0.408248
0.408248
0.408248
0.408248
0.408248
0.408248
0.408248
0.408248
0
0
0.707107
0.707107
0.707107
0.707107
0.707107
0.707107
0
0
0.707107
0.707107
0.707107
0.707107
0
0.707107
0.707107
0
0
0
0
0
0
0
0
0
0
0.308607
0.308607
0.308607
0.308607
0
0
0.158114
0.158114
0.158114
0.158114
0
0
0
0
0
0
0
0
0
0
0
0
0
0
0
0
0
0
0
0
0
0
0
0
0
0
0
0
0
0
0.316228
0.316228
0
0.316228
0.316228
0.316228
0.316228
0
0
0
0
0
0
0
0
0
0
0
0
0
0
0
0.426401
0.426401
0.426401
0.426401
0
0
0.632456
0.632456
0.632456
0.632456
0.632456
0
0
0
0
0
0
0
0
0
0
0
0
0
0
0
0
0
0
0
0
