0.149906
0.149906
0.149906
0.149071
0
0.149906
0
0.149906
0.206284
0.149906
0.226455
0.149906
0.149906
0.149906
0.149906
0.149906
0.149906
0
0.149906
0
0
0
0
0
0
0
0
0
0
0
0
0
0
0
0
0
0
0
0
0
0
0
0
0
0
0
0
0
0
0
0
0
0
0
0
0
0
0
0
0
0
0
0
0
0
0
0
0
0
0
0
0
0.149071
0
0.149071
0.149071
0.149071
0
0.149906
0
0.149906
0.149906
0
0
0
0.149906
0.149906
0.149906
0.149906
0.149906
0.149906
0.149071
0.149071
0.149071
0.149071
0.149071
0.149071
0.149071
0.149071
0.149071
0.149071
0.149071
0.149071
0.149071
0.149071
0.149071
0.149071
0.149071
0.149071
0.149906
0.149906
0.149906
0.149906
0.149906
0.149906
0
0.149906
0.149906
0.149906
0.149906
0.149906
0.149906
0.149906
0.149906
0.149906
0.150756
0.149906
0.149906
0.149906
0.149906
0
0.149906
0.152499
0.149906
0.149906
0.149906
0.149906
0
0
0
0
0
0
0
0
0
0
0
0
0
0
0
0
0
0
0
0
0
0
0
0
0
0
0
0
0
0
0
0
0
0.150756
0.150756
0.150756
0.150756
0.188982
0
0
0
0
0
0
0
0
0
0
0.150756
0.150756
0.150756
0.188982
0
0
0
0
0.149906
0
0.149906
0
0
0.150756
0
0
0
0
0
0
0
0
0
0.324443
0
0.342997
0
0.190693
0
0
0
0.19245
0.179605
0.179605
0.179605
0.179605
0
0.179605
0.179605
0.179605
0.179605
0.179605
0.179605
0
0.179605
0.150756
0.142134
0.142134
0.142134
0.142134
0.208514
0.208514
0
0
0
0
0
0
0
0
0
0
0
0
0
0
0
0
0
0
0
0
0.188982
0.188982
0.188982
0.188982
1
0.188982
0.188982
0.188982
0.188982
0.188982
0.188982
0
0
0
0
0
0
0
0
0
0
0
0.149071
0.149071
0.149071
0
0.149071
0.149071
0.149071
0.149071
0.149071
0.149071
0.149071
0.150756
0.150756
0.150756
0.150756
0.204124
0.204124
0.204124
0.204124
0.204124
0
0.204124
0.342997
0.342997
0.342997
0.342997
1
1
1
1
1
0
0
0
0
0
0
0
0
0
0
0
0
0
0
0
0
0
0
0
0
0
0
0.19245
0.19245
0.19245
0.19245
0.19245
0.19245
0.19245
0.19245
0.19245
0.19245
0.19245
0.19245
0.19245
0.19245
0.19245
0.19245
0.19245
0.19245
0.19245
0
0.19245
0.19245
0
0
0
0
0
0
0
0
0
0.534522
0.534522
0.534522
0.534522
0.534522
0.534522
0.534522
0.534522
0.632456
0
0.632456
0.632456
0.632456
0
0.140028
0.140028
0.140028
0.140028
0.140028
0.140028
0.140028
0.140028
0.140028
0.140028
0.140028
0.140028
0.140028
0.140028
0.140028
0.140028
0.140028
0.140028
0.140028
0.140028
0.140028
0.140028
0.140028
0.140028
0.140028
0.140028
0.140028
0.140028
0.140028
0.140028
0
0.140028
0.140028
0
0
0
0
0
0
0
0
0
0
0
0
0
0
0
0
0.342997
0.342997
0
0
0.187317
0.187317
0
0
0
0
0
0
0
0
0
0
0
0
0
0
0.316228
0.316228
0
0
0
0
0.534522
0
0.534522
0.534522
0
0
0
0
0.14072
0.14072
0.142134
0
0
0
0.140028
0.140028
0.140028
0.140028
0.140028
0.140028
0.140028
0.140028
0.140028
0.140028
0.140028
0.145095
0.145095
0.145095
0.14072
0.14072
0.14072
0.14072
0.14072
0
0
0
0
0.14072
0.14072
0.14072
0.14072
0.140028
0.140028
0.14072
0.282843
0.150756
0
0
0
0
0
0
0
0
0
0
0
0
0.213201
0
0
0
0
0.213201
0.2
0.2
0.2
0
0
0
0
0
0
0
0
0
0
0
0
0
0.534522
0.534522
0.534522
0.534522
0.534522
0.534522
0
0.534522
0.185695
0.185695
0.185695
0.185695
0.185695
0.185695
0.185695
0.185695
0.185695
0.185695
0.185695
0.534522
0.534522
0.149071
0
0
0
0
0
0.282843
0.282843
0.282843
0.282843
0
0
0.5
0
0.57735
0.57735
0.57735
0
0.5
0.150756
0.150756
0.150756
0.152499
0.152499
0
0.152499
0.150756
0.150756
0
0.149906
0.149906
0.149906
0.149906
0.149906
0.149906
0.149906
0
0.226455
0
0
0
0
0
0
0
0
0
0
0
0
0
0
0
0
0
0
0.232495
0
0
0
0
0
0
0
0
0
0
0
0
0
0
0
0
0
0.149071
0
0
0
0
0
0
0
0.534522
0.534522
0.534522
0.534522
0.534522
0.534522
0.534522
0.534522
0.707107
0
0.707107
0.707107
0.149071
0
0
0
0
0
0
0
0
0
0
