0
0
0
0
0
0
0.0588405
0.0588405
0.0588405
0.0588405
0.0588405
0.0588405
0.0588405
0.0588405
0.0588405
0.0588405
0.0588405
0.0588405
0.0588405
0.0588405
0.0588405
0.0588405
0.0588405
0.0588405
0
0.0588405
0
0.0644603
0.0644603
0.0644603
0.0644603
0.0644603
0.0644603
0
0
0
0
0
0
0
0
0
0
0.0644603
0.0644603
0
0.0644603
0
0
0
0
0
0
0
0
0
0
0
0
0
0
0
0
0
0
0
0
0
0
0
0
0
0
0
0.0608957
0.0835755
0.0665681
0
0
0
0.10171
0.110544
0.117175
0
0
0
0
0
0
0
0
0
0
0
0
0
0
0
0
0
0
0
0
0
0
0
0
0
0.114582
0.114582
0
0
0.168232
0.168232
0
0
0
0
0
0
0
0
0.454859
0.471405
0
0
0
0
0
0
0
0
0
0
0
0
0
0
0
0
0
0
0
0
0
0
0
0
0
0
0
0
0
0
0
0
0
0
0.114582
0
0
0
0
0
0
0
0
0
0
0
0
0
0
0
0
0
0
0
0
0
0
0
0
0
0.223607
0.223607
0.222681
0.222681
0.222681
0.222681
0.220863
0.222681
0
0
0
0
0
0
0
0
0
0
0
0
0
0
0
0
0
0
0
0
0
0.707107
0.707107
0
0
0
0
0
0
0
0
0
0
0
0
0
0
0
0
0
0
0
0
0
0
0
0
0
0
0
0
0
0
0
0
0
0
0
0
0
0
0
0
0
0
0
0
0
0
0
0
0
0
0
0
0
0
0
0
0
0
0
0
0
0
0
0
0
0
0
0
0
0
0
0
0
0
0
0
0
0
0
0
0
0
0
0
0
0
0
0
0
0
0
0
0
0
0
0
0
0
0
0
0
0
0
0
0
0
0
0
0
0
0
0
0
0
0
0
0
0
0
0
0
0
0
0
0
0
0
0
0
0
0
0
0
0
0
0
0
0
0
0
0
0
0
0
0
0
0
0
0
0
0
0
0
0
0
0
0
0
0.534522
0.534522
0.534522
0.534522
0.534522
0.534522
0.534522
0.534522
0.561951
0.561951
0.561951
0.654654
0.707107
0.707107
0.738549
0
0
0
0.140257
0.140257
0.140257
0.140257
0.14072
0
0
0
0
0
0
0
0
0
0
0
0
0
0
0
0
0
0
0
0
0
0
0
0
0
0
0
0
0
0
0
0
0
0
0
0
0
0
0
0
0
0
0
0
0
0
0
0
0
0
0
0
0
0
0
0
0
0
0
0
0
0
0
0
0.109326
0.109326
0.109326
0.109326
0.109326
0.109326
0
0
0
0
0
0
0
0
0
0
0
0
0
0
0
0.101015
0.10171
0.101015
0.106299
0
0
0
0
0
0
0
0
0.131118
0.131118
0
0
0.131685
0.131685
0
0
0
0
0
0
0
0
0
0
0
0
0
0
0.139347
0.139347
0.140028
0.140028
0.140257
0.140257
0.140257
0.140257
0.140257
0.140257
0
0
0
0
0
0
0
0
0
0
0
0
0
0
0
0
0
0
0
0
0
0
0
0
0
0
0
0
0
0
0
0
0
0
0
0
0
0
0
0
0.101015
0.101015
0.101015
0.0433963
0
0
0
0
0.216506
0.216506
0.216506
0.216506
0
0
0
0
0
0.124676
0
0
0
0
0
0
0
0
0
0
0
0
0
0
0
0
0
0
0
0
0
0
0.0602658
0.0608393
0.0608393
0.0608393
0.0608393
0.0608393
0.0608393
0.0608393
0.0768852
0.0739221
0.0651405
0
0.0651405
0.0651405
0.0651405
0
0.0651405
0.0651405
0.0651405
0.0653255
0.0653255
0.0651405
0.0651405
0.0651405
0.0628488
0
0
0
0
0
0
0
0
0
0
0.0608393
0.0608393
0.0608393
0.0608393
0.0608393
0.0608393
0
0
0
0
0
0
0
0
0.0603023
0.0603023
0.0603023
0.0603023
0.0603023
0
0
0
0
0
0
0
0
0
0
0
0
0.0603023
0.0603023
0.0603023
0.0603023
0.0603023
0.0603023
0.0603023
0.0603023
0.0603023
0.0603023
0.0603023
0.0603023
0.0603023
0.0603023
0.0603023
0.0603023
0.0603023
0.0603023
0.0603023
0.0603023
0.0603023
0.0603023
0.0603023
0.0603023
0.0603023
0.0603023
0.0603023
0.0603023
0.0603023
0.0603023
0.0603023
0.0603023
0.0603023
0.0603023
0.0603023
0.0603023
0.0610089
0.0603023
0.0603023
0.0605043
0.0603023
0.0603023
0.0603023
0.0603023
0.0603023
0.0603023
0.0603023
0.0603023
0.0603023
0.0603023
0.0603023
0.0603023
0.0603023
0.0603023
0.0603023
0.0603023
0.0603023
0.0603023
0.0603023
0.0603023
0.0603023
0.0603023
0.0603023
0.0603023
0.0603023
0.0603023
0.0603023
0.0603023
0.0603023
0.0603023
0.0603023
0.0603023
0.0603023
0.0603023
0.0603023
0.0603023
0.0603023
0.0603023
0.0605043
0.0603023
0.0603023
0
0
0
0.0602658
0.0602658
0
0
0
0
0
0
0
0
0
0
0
0
0
0
0
0
0
0
0
0
0
0
0
0
0
0
0
0
0
0
0
0
0
0
0
0
0
0
0
0
0
0
0
0
0
0
0
0
0.107417
0.107417
0.107417
0.0804518
0.0804518
0.0804518
0.0804518
0.0804518
0.0812444
0.0812444
0.107417
0
0
0
0
0
0
0
0
0
0
0
0
0
0
0
0
0
0
0
0
0
0
0
0
0
0
0
0
0
0
0
0
0
0
0
0
0
0
0
0
0
0
0
0.0603023
0
0.0886194
0.0886194
0.0886194
0.0886194
0.0886194
0.0886194
0.0886194
0.0886194
0.0886194
0.0886194
0.0886194
0.0886194
0.0886194
0.0886194
0.102688
0.102688
0.102688
0.102688
0.102688
0.174078
0.174078
0.174078
0.174078
0.174078
0.246183
0.246183
0.246183
0.246183
0.246183
0.246183
0.246183
0.246183
0.246183
0.246183
0.57735
0.57735
0.57735
0.57735
0.57735
0.0870388
0.0870388
0.0870388
0.0870388
0.0870388
0.57735
0.57735
0.57735
0.57735
0.57735
0.157135
0.157135
0.157135
0.157135
0.157135
0.107211
0.107211
0.107211
0.107211
0.107211
0.157135
0.157135
0.157135
0.157135
0.157135
0.454859
0.454859
0.454859
0.454859
0.454859
0.134231
0.134231
0.134231
0.134231
0.134231
0.124515
0.124515
0.124515
0.124515
0.124515
0.130744
0.130744
0.130744
0.130744
0.130744
0.132453
0.132453
0.132453
0.132453
0.132453
0.132453
0.132453
0.132453
0.132453
0.132453
0.19803
0.19803
0.19803
0.19803
0.19803
0.57735
0
0.57735
0.57735
0
0.57735
0.57735
0.57735
0.57735
0.57735
0.57735
0.57735
0.57735
0.57735
0.57735
0.57735
0.57735
0.57735
0.57735
0.57735
0.57735
0.57735
0.57735
0.57735
0.57735
0.57735
0.57735
0
0.816497
0
0.816497
0.816497
0.816497
0.816497
0.816497
0
0.816497
0
0.816497
0
0.816497
0.816497
0.816497
0.816497
0.816497
0.816497
0.816497
0.816497
0.816497
0
0
0.816497
0.816497
0.816497
0
0
0.816497
0.816497
0.157135
0.101015
0.0433963
0
0.124676
0.124676
0.125163
0
0
0.147979
0.147979
0.471405
0.471405
1
0
0
0
0
0
0
0
0
0
0.57735
0
0
0
0.57735
0.57735
0.308607
0.182574
0.157135
0.157135
0
0.157135
0.157135
0.157135
0.160128
0.157135
0.288675
0.157135
0.157135
0.157135
0.160128
0.157135
0.226455
0.157135
0.157135
0
0
0
0
0
0
0.57735
0.57735
0.57735
0.57735
0.057213
0.057213
0.057213
0.057213
0.057213
0.057213
0.057213
0.057213
0.057213
0.057213
0.057213
0.057213
0.057213
0.057213
0.057213
0.0595667
0.059114
0.059114
0.059114
0.0602658
0.0590968
0.0591657
0.0602658
0.0593217
0.0593043
0.0602658
0.0602658
0
0
0
0
0
0
0
0
0
0
0
0
0
0
0
0
0
0
0
0
0
0
0
0
0
0
0
0
0
0
0
0
0
0
0
0
0
0
0
0
0
0
0
0
0
0
0
0
0
0
0
0
0
0
0
0
0
0
0
0
0
0
0
0
0
0
0
0
0
0
0
0
0
0
0
0
0
0
0
0
0
0
0
0
0
0
0
0
0
0
0
0
0
0
0
0
0
0
0
0
0
0
0
0
0
0
0
0
0
0.0602658
0.0602658
0.0602658
0.0602658
0.0602658
0.0602658
0.0602658
0.0602658
0.0602658
0.0602658
0.0602658
0.0602658
0.0602658
0.0602658
0.0602658
0.0602658
0.0602658
0.0602658
0.0602658
0.0602658
0.0602658
0.0602658
0.0602658
0.0602658
0.0602658
0.0602658
0.0603023
0.0603023
0.0603023
0.0603023
0.0603023
0.0603023
0.0603023
0.060284
0.0603023
0.0603023
0.0603023
0.0603023
0.0603023
0.0603023
0.0603023
0.0603023
0.0603023
0.0603023
0.060284
0.0603023
0.0603023
0.0603023
0.0603023
0
0
0
0
0.057213
0.057213
0.057213
0.182574
0.182574
0.816497
0.816497
0
0.060284
0.0385329
0.0385329
0
0
0
0
0.0514344
0.0662266
0.0495074
0
0
0
0
0
0
0
0
0
0
0
0
0
0
0
0
0
0
0
0
0.060284
0
0
0
0
0
0
0
0
0.0563884
0.0563884
0
0.0563884
0.0563884
0.0563884
0.0563884
0.0563884
0.0563884
0.0611608
0.0611608
0.0611608
0.0611608
0.0611608
0.0611608
0.0611608
0.0611608
0.0611608
0.0611799
0
0.0611608
0
0.0611608
0
0.0611608
0
0.0611608
0.0611608
0.0611608
0.0632666
0.0632666
0
0.0632666
0
0.0632666
0.0632666
0.0632666
0.0632666
0.0563884
0
0.0563884
0
0.0563884
0.0563884
0.0563884
0
0
0
0
0
0
0
0
0
0
0
0
0
0
0
0
0
0
0
0
0
0
0
0
0
0
0
0
0
0
0
0
0
0
0
0
0
0
0
0
0
0
0
0
0
0
0
0
0
0
0
0
0
0
0
0
0
0
0
0
0
0
0
0
0
0
0
0
0
0
0
0
0.0563884
0.0563884
0.0563884
0.0563884
0
0.0563884
0
0.0563884
0
0.0563884
0.0563884
0.0563884
0.0563884
0.0563884
0.0563884
0
0
0
0
0.0563884
0
0.0563884
0.0563884
0.0563884
0
0
0.0563884
0
0.0563884
0
0
0
0
0
0
0.0563884
0.0563884
0.0563884
0.0563884
0.0563884
0.0563884
0.0563884
0
0
0
0
0.0563884
0
0.0563884
0.0563884
0.0563884
0
0
0
0
0
0
0
0
0
0
0
0
0
0
0
0
0
0
0
0
0
0
0
0
0
0
0
0
0
0
0
0
0
0
0
0
0
0
0
0
0
0
0
0
0
0
0
0
0
0
0
0
0
0
0
0
0
0
0
0
0
0
0
0
0
0
0.0563884
0
0
0
0
0
0
0
0
0
0
0
0
0
0
0
0
0
0
0
0
0
0
0
0
0
0
0
0
0
0
0
0
0
0
0
0
0
0
0
0
0
0
0
0
0
0
0
0
0
0
0
0
0
0
0
0
0
0
0
0
0
0
0
0
0
0
0
0
0
0
0
0
0
0
0
0
0
0
0
0
0
0
0
0
0
0
0
0
0
0
0
0
0
0
0
0
0
0
0
0
0.0613524
0
0
0.0588405
0
0
0
0
0
0
0.060284
0.060284
0.060284
0.060284
0.060284
0.060284
0.060284
0.060284
0.060284
0.060284
0.060284
0
0
0.0603023
0
0
0
0
0
0
0
0
0
0
0
0
0
0.0613139
0
0
0
0
0
0
0
0
0
0
0
0
0
0
0.060284
0
0
0
0
0
0
0
0
0
0
0
0
0
0
0
0
0
0
0
0
0
0
0
0
0
0
0
0
0
0
0
0
0
0
0
0
0
0
0
0
0
0
0
0
0
0
0
0
0
0
0
0
0
0
0
0
0
0
0
0
0
0
0
0
0
0
0
0
0
0
0
0
0
0
0
0
0.0602658
0.0602658
0.0602658
0.0602658
0.0602658
0.0603023
0.0603023
0
0
0
0
0
0
0
0
0
0
0
0
0
0
0
0
0
0
0
0
0
0
0
0
0
0
0
0
0
0
0
0
0
0
0
0
0
0
0
0
0
0
0
0
0
0
0
0
0
0
0
0
0
0
0
0
0
0.0603023
0.0603023
0.0603023
0.0612181
0
0.0603023
0.0603023
0.0603023
0
0
0
0
0
0
0
0
0
0
0
0
0
0
0
0
0
0
0
0
0
0
0.0612181
0
0
0
0.0603023
0.0603023
0
0.0603023
0.0603023
0
0
0
0
0
0
0
0
0
0
0
0
0
0
0
0
0
0
0.0613139
0
0
0
0
0
0
0
0.0612181
0.0612181
0.0612181
0.0612181
0.0612181
0.0603023
0.0603023
0
0.0603023
0
0.0603023
0.0603023
0.0612181
0
0
0
0
0
0
0
0
0.0603023
0.0603023
0
0.0603023
0.0603023
0.0610089
0
0.0603023
0
0
0
0
0
0.0562099
0
0
0
0
0
0
0
0
0
0.0603023
0.0603023
0.0603023
0.0603023
0
0
0
0
0
0
0
0
0
0
0
0
0.0603023
0
0.0603023
0.0603023
0
0.0603023
0.0603023
0.0603023
0
0.0603023
0
0
0
0
0
0
0
0
0
0
0
0
0
0
0
0
0
0
0
0
0
0
0
0
0
0
0
0
0
0
0
0
0
0
0
0
0
0
0
0
0
0
0
0
0
0
0
0
0
0
0
0
0
0
0
0
0
0
0
0
0
0
0
0
0
0
0
0
0
0
0
0
0
0
0
0
0
0
0
0
0
0
0
0
0
0
0
0
0
0
0
0
0
0
0
0
0
0
0
0
0
0
0
0
0
0
0
0
0
0
0
0
0
0
0
0.0612181
0
0
0
0
0
0
0
0
0
0
0
0
0
0
0
0
0
0
0
0
0
0
0
0
0
0
0
0
0
0
0
0
0
0
0
0
0
0
0
0
0
0
0
0
0
0
0
0.0603023
0.0603023
0
0.0603023
0
0.0603023
0.0603023
0.0603023
0
0
0
0.0603023
0.0610089
0
0
0
0.0603023
0.0603023
0.0603023
0.104542
0.0611037
0
0
0
0
0
0
0
0
0.0603023
0.0603023
0.0603023
0.0603023
0.0603023
0.0603023
0
0.0603023
0.0603023
0.0603023
0
0.0603023
0.0603023
0
0.0603023
0
0
0
0
0
0
0
0
0
0
0
0
0
0.0603023
0.0603023
0
0
0
0
0
0
0
0.0603023
0.0603023
0
0.0603023
0.0603023
0
0.0603023
0.0603023
0.0603023
0.0603023
0.0603023
0.0603023
0.0603023
0.0603023
0.0603023
0
0
0
0
0
0
0
0
0.0610089
0.0603023
0.0603023
0
0
0
0
0
0
0
0
0
0
0.0603023
0.0603023
0
0.0603023
0.0603023
0
0.0603023
0.0603023
0.0603023
0.0603023
0.0603023
0.0603023
0.0603023
0.0603023
0.0603023
0
0
0
0
0
0
0
0
0
0
0
0
0
0
0
0
0
0
0
0
0
0
0
0.0603023
0
0
0
0
0
0
0
0
0
0.0603023
0.0603023
0.0603023
0.0603023
0.0603023
0
0
0
0.0346896
0.0346896
0
0
0.0562099
0.0562099
0
0
0
0
0
0
0.0612181
0.0612181
0.0612181
0.0612181
0.0603023
0.0603023
0
0.0603023
0.0603023
0
0.0603023
0.0603023
0
0
0
0
0
0
0
0
0
0
0
0
0
0
0.0608957
0.0603023
0.0603023
0
0.0603023
0.0603023
0
0.0603023
0.0603023
0.0603023
0
0.0603023
0.0603023
0
0
0
0
0
0
0
0
0.0609333
0
0
0
0
0
0
0
0.112037
0.112037
0
0.112272
0.0316862
0.0316862
0
0.0316862
0.0547997
0.0547997
0
0.0547997
0
0
0
0
0
0
0
0
0
0
0
0
0
0
0
0
0
0
0
0
0
0
0
0
0
0
0
0.0489702
0.0495074
0
0
0
0
0
0
0
0
0
0
0
0
0
0
0
0
0
0
0
0
0
0
0
0
0
0
0
0
0.0603023
0.0603023
0
0.0603023
0
0
0
0
0
0
0
0
0
0
0
0
0
0
0
0
0
0.0612181
0
0
0
0
0
0
0
0
0
0
0
0
0
0
0
0
0
0.0563884
0
0.0563884
0.0563884
0
0
0
0
0.0563884
0
0
0
0
0
0
0
0
0
0
0
0
0
0
0
0
0
0
0
0
0
0.0563884
0.0563884
0.0563884
0.0563884
0.0563884
0.0563884
0.0563884
0.0563884
0.0563884
0.0563884
0.0563884
0.0563884
0.0563884
0.0563884
0.0563884
0.0563884
0
0
0
0
0
0
0
0
0
0
0
0
0
0
0
0
0
0
0
0
0
0
0
0
0
0
0
0
0
0
0
0
0
0
0
0
0
0
0
0
0
0
0
0
0
0
0
0
0
0
0
0
0
0
0
0
0
0
0
0
0
0
0
0
0
0
0
0
0
0
0
0
0
0
0
0
0
0
0
0
0
0
0
0
0
0
0
0
0
0
0
0
0.0563884
0.0563884
0.0563884
0.0563884
0.0563884
0.0563884
0.0563884
0.0563884
0.0563884
0.0563884
0.0563884
0.0563884
0.0563884
0.0563884
0.0563884
0.0563884
0.0563884
0.0563884
0.0563884
0.0563884
0.0563884
0.0563884
0
0.0563884
0.0563884
0
0
0.0563884
0.0563884
0.0563884
0.0563884
0
0
0
0
0
0
0
0
0
0
0
0
0
0
0
0
0
0
0
0
0
0
0
0
0
0
0
0
0
0
0
0
0
0
0
0
0
0
0
0
0
0
0
0
0
0
0
0
0
0
0
0
0
0
0
0
0
0
0
0
0
0
0
0
0
0
0
0
0
0
0
0
0
0
0
0
0
0
0
0
0
0
0
0
0
0
0
0
0
0
0
0
0
0
0
0
0
0
0
0
0
0
0
0
0
0
0
0
0
0
0
0
0
0
0
0
0
0
0
0
0
0
0
0
0
0
0
0
0
0
0
0
0
0
0
0
0
0
0
0
0
0
0
0
0
0
0
0
0
0
0
0
0
0
0
0
0
0
0
0
0
0
0
0
0
0
0
0
0
0
0
0
0.0563884
0.0563884
0.0563884
0.0563884
0.0563884
0.0563884
0
0
0.0563884
0.0563884
0
0
0
0
0
0
0
0.0563884
0.0563884
0.0563884
0
0.0563884
0
0
0
0
0
0
0
0.062177
0
0
0
0
0
0
0
0
0
0
0
0
0
0
0
0
0
0
0
0
0
0
0
0
0.0563884
0.0563884
0.0563884
0.0563884
0.0563884
0.0563884
0
0
0
0
0
0
0
0
0
0
0
0
0
0
0
0
0
0
0
0
0
0
0
0
0
0
0
0
0
0
0
0
0
0
0
0
0
0
0
0
0
0
0
0
0
0
0
0
0
0
0
0
0
0
0
0
0
0
0
0
0
0
0
0
0
0
0
0
0
0
0
0.0563884
0.0563884
0.0563884
0.0563884
0.0563884
0
0
0
0
0
0
0
0
0
0
0
0.0563884
0.0563884
0
0
0
0
0.0603023
0
0
0
0
0
0
0
0
0
0
0
0
0
0
0
0
0
0
0
0
0
0
0
0
0
0
0
0
0
0
0
0
0
0
0
0
0
0
0
0
0
0
0
0
0
0
0
0
0
0
0
0
0
0
0
0
0
0
0
0
0
0
0
0
0
0
0
0
0
0
0
0
0
0
0
0
0
0
0
0
0
0
0
0
0
0
0
0
0
0
0
0
0
0
0
0
0
0
0
0
0
0
0
0
0
0
0
0
0
0
0
0
0
0
0
0
0
0
0
0
0
0
0
0
0
0
0
0
0
0
0
0
0
0
0
0
0
0
0
0
0
0
0
0
0
0
0
0
0
0
0
0
0
0
0
0
0
0
0
0
0
0
0
0
0
0
0
0.0563884
0.0563884
0
0.0563884
0.0563884
0.0563884
0.0563884
0.0563884
0.0563884
0.0563884
0.0563884
0
0
0
0
0
0
0
0
0
0
0
0
0
0
0
0
0
0
0
0
0
0
0
0
0
0
0
0
0
0
0
0
0
0
0
0
0
0
0
0
0
0
0
0
0
0
0
0
0
0
0
0
0
0
0
0
0
0
0
0
0
0
0
0
0
0
0
0
0
0
0
0
0
0
0
0
0
0
0
0
0
0
0
0
0
0
0
0
0
0
0
0
0
0
0
0
0
0
0
0
0
0
0
0
0
0
0
0
0
0
0
0
0
0
0
0
0.0563884
0.0563884
0
0
0.0563884
0.0563884
0
0.0563884
0.0563884
0.0563884
0.0563884
0.0563884
0.0563884
0.0563884
0.0563884
0.0563884
0.0563884
0
0.0563884
0.0563884
0
0.0563884
0.0563884
0.0563884
0.0563884
0.0563884
0.0563884
0.0563884
0
0
0.0563884
0
0
0.0563884
0
0.0563884
0.0563884
0.0563884
0
0.0563884
0
0
0.0563884
0.0563884
0.0563884
0.0563884
0.0563884
0.0563884
0.0563884
0.0563884
0.0563884
0
0
0
0
0
0
0.0563884
0.0563884
0.0563884
0.0563884
0.0563884
0
0
0
0.0563884
0.0563884
0.0563884
0.0563884
0.0563884
0.0563884
0.0563884
0.0563884
0.0563884
0.0563884
0
0
0.0563884
0.0563884
0.0563884
0.0563884
0
0
0
0
0
0
0
0
0
0
0
0
0
0
0
0
0
0
0
0
0
0
0
0
0
0
0
0
0
0
0.0563884
0.0563884
0.0563884
0.0563884
0.0563884
0.0563884
0.0563884
0
0
0
0
0
0
0
0
0
0
0
0
0
0
0
0
0
0.0644603
0.0644603
0.0644603
0
0
0
0
0
0.0613139
0.0613139
0.0613139
0
0.0613139
0.0613139
0
0.0613139
0
0.0613139
0.0613139
0.0613139
0
0
0
0
0
0
0
0
0
0
0
0
0
0
0
0
0
0.0613139
0.0613139
0.0613139
0.0613139
0.0613139
0.0613139
0.0613139
0.0613139
0.0613139
0.0613139
0.0613139
0.0613139
0.0613139
0.0613139
0.0613139
0.0613139
0.0613139
0.0613139
0.0613139
0.0613139
0.0613139
0.0613139
0.0613139
0.0613139
0.0613139
0.0613139
0.0613139
0.0613139
0.0613139
0.0613139
0.0613139
0.0613139
0.0613139
0.0613139
0.0613139
0.0613139
0.0613139
0.0613139
0.0613139
0.0613139
0.0613139
0.0613139
0.0613139
0.0613139
0.0613139
0
0.0613139
0
0.0613139
0.0613139
0.0613139
0
0
0
0
0
0
0
0
0.0613139
0.0613139
0
0.0613139
0.0613139
0.0613139
0.0613139
0.0613139
0.0613139
0.0613139
0
0
0
0
0
0
0
0
0
0
0
0
0
0
0
0
0
0
0
0
0
0
0
0
0
0
0
0
0
0
0
0
0
0
0
0
0
0
0
0
0
0
0
0
0
0
0
0
0
0
0
0
0
0
0
0
0
0
0
0
0
0
0
0
0
0
0
0
0
0
0
0
0
0
0
0
0
0
0
0
0
0
0
0
0
0
0.0613139
0.0613139
0
0.0613139
0.0613139
0.0613139
0.0613139
0
0.0613139
0
0
0
0
0
0
0
0
0
0
0
0
0
0
0
0
0
0
0
0
0
0
0
0
0
0.0603023
0.0603023
0.0603023
0.0603023
0.0603023
0.0603023
0.0603023
0.0603023
0.0603023
0.0603023
0.0603023
0.0603023
0.0603023
0.0603023
0.0603023
0.0603023
0.0603023
0.0603023
0.0603023
0.0603023
0.0603023
0.0603023
0.0603023
0.0603023
0.0603023
0
0.0603023
0.0603023
0.0603023
0.0603023
0.0603023
0.0603023
0.0603023
0.0603023
0.0603023
0.0603023
0.0603023
0.0603023
0.0603023
0.0603023
0.0603023
0.0603023
0.0603023
0.0603023
0.0603023
0.0603023
0.0603023
0.0603023
0.0603023
0.0603023
0.0603023
0.0603023
0.0603023
0.0603023
0.0603023
0.0603023
0.0603023
0.0603023
0.0603023
0.0603023
0.0603023
0.0603023
0.0603023
0.0603023
0.0603023
0.0603023
0.0603023
0.0603023
0.0603023
0.0603023
0.0603023
0.0603023
0.0603023
0.0603023
0.0603023
0.0603023
0.0603023
0.0603023
0
0.0603023
0.0603023
0.0603023
0.0603023
0.0603023
0.0603023
0.0603023
0.0603023
0.0603023
0.0603023
0.0603023
0.0603023
0.0603023
0.0603023
0.0603023
0.0603023
0.0603023
0.0603023
0.0603023
0.0603023
0.0603023
0.0604122
0
0.0604306
0
0
0
0
0
0
0
0
0
0
0
0
0
0
0
0
0
0
0
0
0
0
0
0
0
0
0
0
0
0
0
0
0
0
0.0603023
0.0603023
0.0603023
0.0603023
0.0603023
0.0603023
0.0603023
0.0603023
0.0603023
0.0603023
0.0603023
0.0603023
0.0603023
0.0603023
0.0603023
0.0603023
0.0603023
0.0603023
0.0603023
0.0603023
0.0603023
0.0603023
0.0603023
0.0603023
0.0603023
0.0603023
0.0603023
0.0603023
0.0603023
0.0603023
0.0603023
0.0603023
0.0603023
0.0603023
0.0603023
0.0603023
0.0603023
0.0603023
0
0
0
0
0
0
0
0
0
0
0
0
0
0
0
0
0
0
0
0
0
0
0
0
0
0
0
0
0
0
0
0
0
0
0
0
0
0
0
0
0
0
0
0
0
0
0
0
0
0
0
0
0
0
0
0
0
0
0
0
0
0
0
0
0
0
0
0
0
0
0
0
0
0
0
0
0
0
0
0
0.0603938
0
0
0
0
0
0.0603023
0.0603023
0.0603023
0.0603023
0
0
0
0
0
0
0
0
0
0
0
0
0
0
0
0
0
0
0
0
0
0.0611608
0.0611608
0
0
0
0
0.0604122
0.0604122
0.0604122
0.0604122
0.0604122
0.0608393
0
0.0604122
0.0604122
0
0.0604122
0.0604122
0.0604122
0.0604122
0.0604122
0.0604122
0.0604122
0
0
0.0604122
0.0604122
0.0604122
0
0
0.0604122
0.0604122
0.0604122
0
0
0
0
0
0
0
0
0
0
0.0604122
0.0604122
0.0604122
0
0
0
0
0
0
0
0
0
0.0604122
0.0604122
0
0.0604122
0
0.0604122
0.0603938
0.0603938
0.0603938
0.0603938
0.0603938
0.0603938
0.0603938
0.0603938
0.0603938
0.0603938
0.0603938
0.0603938
0.0603938
0.0603938
0.0603938
0.0603938
0
0
0
0
0
0
0
0
0
0
0
0
0
0
0
0
0
0
0
0
0
0
0
0
0
0
0
0
0
0
0
0
0
0
0
0
0.0603023
0.0603023
0
0
0
0.0603023
0.0603023
0.0603023
0
0
0
0
0
0
0
0
0
0
0
0
0
0
0
0
0
0
0.0609333
0
0
0
0
0.0612181
0
0.0603023
0
0
0
0
0
0
0
0
0.0603023
0.0603023
0.0603023
0
0
0
0
0
0
0
0
0
0
0
0
0
0
0.0603023
0.0603023
0
0
0
0
0.0603023
0.0603023
0.0603023
0
0
0
0
0.0611799
0
0
0
0
0
0.0603023
0.0603023
0.0603023
0
0.0609333
0
0
0
0
0
0
0
0
0
0
0
0
0
0
0
0
0
0
0
0
0
0
0.0603023
0.0603023
0.0603023
0
0.0610089
0
0
0
0
0
0
0
0
0
0
0
0
0
0
0
0
0
0.0603023
0.0603023
0
0
0
0
0
0.0603023
0.0603023
0.0603023
0.0603023
0.0603023
0
0
0
0
0
0
0
0
0
0
0
0
0
0
0
0
0
0
0
0
0
0
0
0
0
0
0
0
0
0
0
0
0
0
0
0
0
0
0
0
0
0
0
0
0
0
0
0
0
0
0
0
0
0
0
0
0
0
0
0
0
0
0
0
0
0
0
0
0
0
0
0
0
0
0
0
0
0
0
0
0
0
0
0
0
0
0
0
0
0
0
0.0609333
0
0
0
0
0
0.0612181
0
0
0
0
0
0
0
0.0603023
0.0603023
0.0603023
0
0
0
0
0
0
0
0
0
0
0
0
0
0
0
0
0
0
0
0
0
0
0
0
0
0
0
0
0
0
0
0
0
0
0
0
0
0
0
0
0
0.0610089
0
0
0.0612181
0
0
0
0
0
0
0
0
0
0.0603023
0.0603023
0.0603023
0
0.0610089
0
0
0
0
0
0
0
0
0
0
0
0
0
0
0
0
0
0
0
0.0608393
0.0608393
0.0608393
0
0
0
0
0
0
0
0
0
0
0
0
0.0608393
0.0608393
0
0
0
0
0
0
0
0
0
0
0
0
0.101015
0
0
