0
0
0
0
0
0
0
0
0
0
0
0
0
0
0
0
0
0
0
0
0
0
0
0
0
0
0
0
0
0
0
0
0
0
0
0
0
0
0
0
0
0
0
0
0
0
0
0
0
0
0
0
0
0
0
0
0
0
0
0
0
0
0
0
0
0
0
0
0
0
0
0
0
0
0
0
0
0
0
0
0
0
0
0
0
0
0
0
0
0
0
0
0
0
0
0
0
0
0
0
0
0
0
0
0
0
0.0509647
0.0509647
0.0509647
0.0509647
0.0509647
0.0509647
0.0509647
0.0509647
0.0509647
0.0509647
0.0509647
0.0509647
0.0509647
0.0509647
0.0509647
0.0509647
0.0509647
0.0509647
0.0509647
0.0509647
0.0509647
0.0509647
0.0509647
0.0509647
0.0509647
0.0509647
0.0509647
0.0509647
0.0509647
0.0509647
0.0509647
0.0509647
0.0509647
0.0509647
0.0509647
0.0509647
0.0509647
0.0509647
0.0509647
0.0509647
0.0509647
0.0509647
0.0509647
0.0509647
0.0509647
0.0509647
0.0509647
0.0509647
0.0509647
0
0
0
0
0.0465999
0.0465999
0.0465999
0.0465999
0.0465999
0.0465999
0.0465999
0.0465999
0.0465999
0.0465999
0.0465999
0.0465999
0.0465999
0.0465999
0.0465999
0.0506695
0.0498445
0.0498445
0.0498445
0.0509647
0.0498135
0.0499065
0.0509647
0.0501886
0.050157
0.0509647
0.0509647
0
0
0
0.0990148
0.0990148
0.0990148
0.0990148
0.0995037
0
0
0
0
0
0
0
0
0
0
0
0
0
0
0
0
0
0
0
0
0
0
0
0
0
0
0
0
0
0
0
0
0
0
0
0
0
0
0
0
0
0
0
0
0
0
0
0
0
0
0
0
0
0
0
0
0
0
0
0
0
0
0
0
0.0716115
0.0716115
0.0716115
0.0716115
0.0716115
0.0716115
0
0
0
0
0
0
0
0
0
0
0
0.165521
0.165521
0.165521
0.165521
0.0678844
0.0684386
0.0678844
0.0719816
0
0
0
0
0
0
0
0
0.0909091
0.0909091
0.13484
0
0.0912871
0.0912871
0
0
0
0
0
0
0
0
0
0
0
0
0
0
0.0990148
0.0990148
0.0995037
0.0995037
0.0995037
0.0995037
0.0995037
0.0995037
0.0995037
0.0995037
0
0
0
0
0
0
0
0
0
0
0
0
0
0
0
0
0
0
0
0
0
0
0
0
0
0
0
0
0
0
0
0
0
0
0
0
0
0
0
0
0.0678844
0.0678844
0.0678844
0
0
0
0
0
0.141421
0.141421
0.141421
0.141421
0.14825
0.14825
0
0.14825
0
0.086711
0
0
0
0
0
0
0
0
0
0
0
0
0
0
0
0
0
0
0
0
0
0
0.0678844
0
0
0.057496
0.057496
0.057496
0.057496
0.057496
0.057496
0.057496
0.057496
0.057496
0.057496
0.057496
0.057496
0.057496
0.057496
0.0691714
0.0691714
0.0691714
0.0691714
0.0691714
0
0
0
0
0
0
0
0
0
0
0
0
0
0
0
0
0
0
0
0
0.15162
0.15162
0.15162
0.15162
0.15162
0
0
0
0
0
0
0
0
0
0
0
0
0
0
0
0
0
0
0
0
0
0
0
0
0
0
0
0
0
0
0
0
0
0
0
0
0
0
0
0
0
0
0
0
0
0
0
0
0
0
0
0
0
0
0
0
0
0
0
0
0
0
0
0
0
0
0
0
0
0
0
0
0
0
0
0
0
0
0
0
0
0
0
0
0
0
0
0
0
0
0
0
0
0
0
0
0
0
0
0
0
0
0
0
0
0
0
0
0
0
0
0
0
0
0.0678844
0
0.154303
0.086711
0.086711
0.0870388
0.130189
0
0
0
0.308607
0.308607
0
0.316228
0.316228
0
0
0
0
0
0
0
0
0
0
0
0
0
0
0
0
0
0
0
0
0
0
0
0
0
0
0
0
0
0
0
0
0
0
0
0
0
0
0
0
0
0
0.0741249
0.0741249
0
0
0.112154
0.112154
0.130744
0.131306
0
0
0
0
0
0
0
0
0
0
0
0
0
0
0
0
0
0
0
0
0
0
0
0
0
0
0
0
0
0
0
0
0
0
0
0
0
0
0
0
0.165521
0.165521
0.0741249
0
0
0.365148
0
0
0
0
0
0.471405
0.534522
0
0
0
0
0
0
0
0
0
0
0
0
0
0
0
0
0
0
0
0
0
0
0
0
0
0
0
0
0
0
0
0
0
0
0
0
0
0
0
0
0
0
0
0
0
0
0
0
0
0
0
0
0
0
0
0
0
0
0
0
0
0
0
0
0
1
1
1
0
0
0
0
0
0
0
0
0
0
0
0
0
0
0
0
0
0
0
0
0
0
0
0
0
0
0
0
0
0
0
0
0
0
0
0
0
0
0
0
0
0
0
0
0
0
0
0
0
0
0
0
0
0
0
0
0
0
0
0
0
0
0
0
0
0
0
0
0
0
0
0
0
0
0
0
0
0
0
0
0
0
0
0
0
0
0
0
0
0
0
0
0
0
0
0
0
0
0
0
0
0
0
0
0
0
0
0
0
0
0
0
0
0
0
0
0
0
0
0
0
0
0
0
0
0
0
0
0
0
0
0
0
0
0
0
0
0
0
0
0
0
0
0
0
0
0
0
0
0
0
0
0
0.0743294
0.0743294
0.0743294
0.0743294
0.0743294
0.0743294
0
0
0
0
0
0
0
0.0744323
0
0.078326
0
0
0
0
0
0
0
0
0
0
0
0
0
0
0
0
0.150756
0.15162
0.15162
0.15162
0.15162
0.15162
0.149071
0
0.149906
0.140028
0
0.140028
0
0
0
0
0
0
0
0
0
0
0
0
0
0
0
0
0
0
0.0495682
0.0495682
0.0495682
0.0495682
0.0495682
0.0495682
0.0495682
0.0495682
0.0495682
0.0495682
0.0495682
0.0495682
0.0495682
0.0495682
0.0495682
0.0495682
0.0495682
0.0495682
0.0495682
0.0495682
0
0.0597081
0.0597081
0.0597081
0.0597081
0.0597081
0.0597081
0
0
0
0
0
0
0
0
0
0
0.0597081
0.0597081
0
0.0597081
0
0
0
0
0
0
0
0
0
0
0
0
0
0
0
0
0
0
0
0
0
0
0
0
0
0
0
0.051778
0.062197
0
0
0
0
0.0684386
0.071247
0.0815139
0
0
0
0
0
0
0
0
0
0
0
0
0
0
0
0
0
0
0
0
0
0
0
0
0
0
0
0.0508987
0.0509978
0.0509978
0.0509978
0.0509978
0.0509978
0.0509978
0.0509978
0
0.057213
0.0518825
0
0.0518825
0.0518825
0.0518825
0
0.0518825
0.0518825
0.0518825
0.0518825
0.0518825
0.0518825
0.0518825
0.0518825
0.0515026
0
0
0
0
0
0
0
0
0
0
0.0509978
0.0509978
0.0509978
0.0509978
0.0509978
0.0509978
0
0
0
0.0509647
0.0509647
0.0509647
0.0509647
0.0509647
0
0
0
0
0
0
0
0
0
0
0
0
0.0509647
0.0509647
0.0509647
0.0509647
0.0509647
0.0509647
0.0509647
0.0509647
0.0509647
0.0509647
0.0509647
0.0509647
0.0509647
0.0509647
0.0509647
0.0509647
0.0509647
0.0509647
0.0509647
0.0509647
0.0509647
0.0509647
0.0509647
0.0509647
0.0509647
0.0509647
0.0509647
0.0509647
0.0509647
0.0509647
0.0509647
0.0509647
0.0509647
0.0509647
0.0509647
0.0509647
0.0517434
0.0509647
0.0509647
0.0509647
0.0509647
0.0509647
0.0509647
0.0509647
0.0509647
0.0509647
0.0509647
0.0509647
0.0509647
0.0509647
0.0509647
0.0509647
0.0509647
0.0509647
0.0509647
0.0509647
0.0509647
0.0509647
0.0509647
0.0509647
0.0509647
0.0509647
0.0509647
0.0509647
0.0509647
0.0509647
0.0509647
0.0509647
0.0509647
0.0509647
0.0509647
0.0509647
0.0509647
0.0509647
0.0509647
0.0509647
0.0509647
0.0509647
0.0509647
0.0509647
0.0509647
0
0
0
0.0508987
0.0508987
0
0
0
0
0
0
0
0
0
0
0
0
0
0
0
0
0
0
0
0
0
0
0
0
0
0
0
0
0
0
0
0
0
0
0
0
0
0
0
0
0
0
0
0
0
0
0
0
0.0706225
0.0706225
0.0706225
0
0
0
0
0
0
0
0.0706225
0
0
0
0
0
0
0
0
0
0
0
0
0
0
0
0
0
0
0
0
0
0
0
0
0
0
0
0
0
0
0
0
0
0
0
0
0
0
0
0
0
0
0
0.0509647
0
0.0455251
0.0455251
0
0.0455251
0.0455251
0.0455251
0.0455251
0.0455251
0.0455251
0.054153
0.054153
0.054153
0.054153
0.054153
0.054153
0.054153
0.054153
0.054153
0.0541928
0
0.054153
0
0.054153
0
0.054153
0
0.054153
0.054153
0.054153
0.0575912
0.0575912
0
0.0575912
0
0.0575912
0.0575912
0.0575912
0.0575912
0.0455251
0
0.0455251
0
0.0455251
0.0455251
0.0455251
0.0495682
0
0
0
0
0
0.0495682
0
0
0
0
0
0
0
0
0
0
0
0
0
0
0
0
0
0
0
0
0
0
0
0
0
0
0
0
0
0
0
0
0
0
0
0
0
0
0
0
0
0
0
0
0
0
0
0
0
0
0
0
0
0
0
0
0
0
0
0.0455251
0.0455251
0.0455251
0.0455251
0
0.0455251
0
0.0455251
0
0.0455251
0.0455251
0.0455251
0.0455251
0.0455251
0.0455251
0
0
0
0
0
0.0455251
0
0.0455251
0.0455251
0.0455251
0
0
0
0.0455251
0
0.0455251
0
0
0
0
0
0
0.0455251
0.0455251
0.0455251
0.0455251
0.0455251
0.0455251
0.0455251
0
0
0
0
0
0.0455251
0
0.0455251
0.0455251
0.0455251
0
0
0
0
0
0
0
0
0
0
0
0
0
0
0
0
0
0
0
0
0
0
0
0
0
0
0
0
0
0
0
0
0
0
0
0
0
0
0
0
0
0
0
0
0
0
0
0
0
0
0
0
0
0
0
0
0
0
0
0
0
0
0
0
0
0
0.0455251
0
0
0
0
0
0
0
0
0
0
0
0
0
0
0
0
0
0
0
0
0
0
0
0
0
0
0
0
0
0
0
0
0
0
0
0
0
0
0
0
0
0
0
0
0
0
0
0
0
0
0
0
0
0
0
0
0
0
0
0
0
0
0
0
0
0
0
0
0
0
0
0
0
0
0
0
0
0
0
0
0
0
0
0
0
0
0
0
0
0
0
0
0
0
0
0
0
0
0
0
0.0518128
0
0
0.0495682
0
0
0
0
0
0.0509647
0.0509647
0
0
0
0
0
0.0509647
0.0509647
0.0509647
0.0509647
0.0509647
0
0
0
0
0
0
0
0
0
0
0
0
0
0
0
0
0
0
0
0
0
0
0
0
0
0
0
0
0
0
0
0
0
0
0
0
0
0
0
0
0
0
0
0
0
0
0
0
0
0
0
0
0
0
0
0
0
0
0
0
0
0
0
0
0
0
0
0
0
0
0
0
0
0
0
0
0
0
0
0
0
0
0
0
0
0
0
0
0
0
0
0.0517434
0
0
0
0
0
0.0517434
0
0
0
0
0
0
0
0.0509647
0.0509647
0.0509647
0.0509647
0
0
0
0
0
0
0
0
0
0
0
0
0.0509647
0
0.0509647
0.0509647
0
0.0509647
0.0509647
0.0509647
0
0.0509647
0
0
0
0
0
0
0
0
0
0
0
0
0
0
0
0
0
0
0
0
0
0
0
0
0
0
0
0
0
0
0
0
0
0
0
0
0
0
0
0
0
0
0
0
0
0
0
0
0
0
0
0
0
0
0
0
0
0
0
0
0
0
0
0
0
0
0
0
0
0
0
0
0
0
0
0
0
0
0
0
0
0
0
0
0
0
0
0
0
0
0
0
0
0
0
0
0
0
0
0
0
0
0
0
0
0
0
0
0
0
0
0
0
0
0
0.0517434
0
0
0
0
0
0
0
0
0
0
0
0
0
0
0
0
0
0
0
0
0
0
0
0
0
0
0
0
0
0
0
0
0
0
0
0
0
0
0
0
0
0
0
0
0
0
0
0.0509647
0.0509647
0
0
0
0
0
0
0.0509647
0.0509647
0.0509647
0
0.0517434
0
0
0
0
0
0
0
0
0.0509647
0.0509647
0
0.0509647
0.0509647
0.0517434
0
0.0509647
0
0
0
0
0
0
0
0
0
0
0
0
0
0
0
0.0509647
0.0509647
0.0509647
0
0.0509647
0.0509647
0.0509647
0.0509647
0.0509647
0.0509647
0.0509647
0.0509647
0.0509647
0.0509647
0.0509647
0.0509647
0.0509647
0.0509647
0.0509647
0.0509647
0.0509647
0.0509647
0.0509647
0.0509647
0.0509647
0.0509647
0
0.0509978
0
0
0
0
0
0
0
0
0
0
0
0
0
0
0
0
0
0
0
0
0
0
0
0
0
0
0
0
0
0.0509647
0.0509647
0.0509647
0.0509647
0.0509647
0.0509647
0.0509647
0.0509647
0.0509647
0.0509647
0.0509647
0.0509647
0.0509647
0.0509647
0.0509647
0.0509647
0.0509647
0.0509647
0.0509647
0.0509647
0.0509647
0.0509647
0.0509647
0.0509647
0.0509647
0.0509647
0.0509647
0.0509647
0.0509647
0.0509647
0.0509647
0.0509647
0.0509647
0.0509647
0.0509647
0.0509647
0.0509647
0.0509647
0
0
0
0
0
0
0
0
0
0
0
0
0
0
0
0
0
0
0
0
0
0
0
0
0
0
0
0
0
0
0
0
0
0
0
0
0
0
0
0
0
0
0
0
0
0
0
0
0
0
0
0
0
0
0
0
0
0
0
0
0
0
0
0
0
0
0
0
0
0
0
0
0
0
0
0
0
0
0
0
0.0509647
0
0
0
0
0
0.0509647
0.0509647
0.0509647
0.0509647
0
0
0
0
0
0
0
0
0
0
0
0
0
0
0
0
0
0
0.0517434
0
0
0
0
0.0517434
0
0.0509647
0
0
0
0
0
0
0
0
0.0509647
0.0509647
0.0509647
0
0
0
0
0
0
0
0
0
0
0
0
0
0
0
0
0
0
0
0
0
0.0518128
0.0518128
0
0
0
0
0.0509647
0.0509647
0.0509647
0.0509647
0.0509647
0.0509647
0.0509647
0.0509647
0.0509647
0.0509647
0.0509647
0
0
0.0509647
0
0
0
0
0
0
0
0
0
0
0
0
0
0.0517434
0
0
0
0
0
0
0
0
0
0
0
0
0
0
0.0509647
0.0509647
0.0509647
0.0509647
0.0509647
0.0509978
0
0.0509647
0.0509647
0
0.0509647
0.0509647
0.0509647
0.0509647
0.0509647
0.0509647
0.0509647
0
0
0.0509647
0.0509647
0.0509647
0
0
0.0509647
0.0509647
0.0509647
0
0
0
0
0
0
0
0
0
0
0.0509647
0.0509647
0.0509647
0
0
0
0
0
0
0
0
0
0.0509647
0.0509647
0
0.0509647
0
0.0509647
0.0509647
0.0509647
0.0509647
0.0509647
0.0509647
0.0509647
0.0509647
0.0509647
0.0509647
0.0509647
0.0509647
0.0509647
0.0509647
0.0509647
0.0509647
0.0509647
0
0
0
0
0
0
0
0
0
0
0
0
0
0
0
0
0
0
0
0
0
0
0
0
0
0
0
0
0
0
0
0
0
0
0
0
0
0
0
0
0
0
0
0
0
0
0
0
0
0
0
0
0
0
0
0
0
0
0
0
0
0
0
0
0
0
0
0
0
0
0
0
0
0
0
0
0
0
0
0
0
0
0
0
0
0
0
0
0
0
0
0
0
0
0
0
0
0
0
0
0
0
0
0
0.0509647
0.0509647
0.0509647
0.0509647
0.0509647
0
0
0
0
0
0
0
0
0
0
0
0
0
0
0
0.0517434
0.0517434
0.0517434
0.0517434
0.0509647
0.0509647
0
0.0509647
0.0509647
0.0509647
0
0.0509647
0.0509647
0
0
0
0
0
0
0
0
0.0517434
0
0
0.0509647
0.0509647
0
0.0509647
0.0509647
0
0.0509647
0.0509647
0
0
0
0
0
0
0
0
0
0
0
0
0
0
0.0517434
0.0509647
0.0509647
0
0.0509647
0.0509647
0
0.0509647
0
0
0
0
0
0
0
0
0
0
0
0
0
0
0
0
0
0.0517434
0
0
0
0
0
0
0
0
0
0
0
0
0
0
0.0509647
0.0509647
0
0.0509647
0
0.0509647
0.0509647
0.0509647
0
0
0
0.0509647
0.0517434
0
0
0
0.0509647
0.0509647
0
0
0
0.0509647
0.0509647
0.0509647
0
0
0
0
0
0
0
0
0
0
0
0
0
0
0.0509647
0.0509647
0
0
0
0
0.0509647
0.0509647
0.0509647
0.0509647
0.0509647
0.0509647
0
0.0509647
0.0509647
0.0509647
0
0.0509647
0.0509647
0
0.0509647
0
0
0
0
0
0
0
0
0
0
0
0
0
0.0509647
0.0509647
0
0
0
0
0
0
0
0.0509647
0.0509647
0
0.0509647
0.0509647
0
0.0509647
0.0509647
0.0509647
0.0509647
0.0509647
0.0509647
0.0509647
0.0509647
0.0509647
0
0
0
0
0
0
0
0
0
0
0
0
0
0
0
0
0
0
0
0
0
0
0
0.0509647
0
0
0
0
0
0
0
0
0
0.0509647
0.0509647
0
0.0509647
0.0509647
0
0.0509647
0.0509647
0.0509647
0.0509647
0.0509647
0.0509647
0.0509647
0.0509647
0.0509647
0
0
0
0
0
0
0
0
0.0517434
0.0509647
0.0509647
0
0
0
0
0
0
0
0
0
0
0.0509647
0.0509647
0.0509647
0
0
0
0
0.0517434
0
0
0
0
0
0.0509647
0.0509647
0.0509647
0
0.0517434
0
0
0
0
0
0
0
0
0
0
0
0
0
0
0
0
0
0
0
0
0
0
0.0509647
0.0509647
0.0509647
0
0.0517434
0
0
0
0
0
0
0
0
0
0
0
0
0
0
0
0
0
0.0509647
0.0509647
0.0509647
0
0
0
0
0
0
0
0
0
0
0
0
0
0
0
0
0
0
0
0
0
0
0
0
0
0
0
0
0
0
0
0
0
0
0
0
0
0
0
0
0
0.0517434
0
0
0.0517434
0
0
0
0
0
0
0
0
0
0.0509647
0.0509647
0.0509647
0
0.0517434
0
0
0
0
0
0
0
0
0
0
0
0
0
0
0
0
0
0
0
0.0517434
0.0517434
0.0517434
0
0.0517434
0.0517434
0
0.0517434
0
0.0517434
0.0517434
0.0517434
0
0
0
0
0
0
0
0
0
0
0
0
0
0
0
0
0
0.0517434
0.0517434
0.0517434
0.0517434
0.0517434
0.0517434
0.0517434
0.0517434
0.0517434
0.0517434
0.0517434
0.0517434
0.0517434
0.0517434
0.0517434
0.0517434
0.0517434
0.0517434
0.0517434
0.0517434
0.0517434
0.0517434
0.0517434
0.0517434
0.0517434
0.0517434
0.0517434
0.0517434
0.0517434
0.0517434
0.0517434
0.0517434
0.0517434
0.0517434
0.0517434
0.0517434
0.0517434
0.0517434
0.0517434
0.0517434
0.0517434
0.0517434
0.0517434
0.0517434
0.0517434
0
0.0517434
0
0.0517434
0.0517434
0.0517434
0
0
0
0
0
0
0
0
0.0509647
0.0509647
0.0509647
0.0509647
0.0509647
0.0509647
0.0509647
0.0509647
0.0509647
0.0509647
0.0509647
0.0509647
0.0509647
0.0509647
0.0509647
0.0509647
0.0509647
0.0509647
0.0509647
0.0509647
0.0509647
0.0509647
0.0509647
0.0509647
0.0509647
0
0.0509647
0.0509647
0.0509647
0.0509647
0.0509647
0.0509647
0.0509647
0.0509647
0.0509647
0.0509647
0.0509647
0.0509647
0.0509647
0.0509647
0.0509647
0.0509647
0.0509647
0.0509647
0.0509647
0.0509647
0.0509647
0.0509647
0.0509647
0.0509647
0.0509647
0.0509647
0.0509647
0.0509647
0.0509647
0.0509647
0.0509647
0.0509647
0.0509647
0.0509647
0.0509647
0.0509647
0.0509647
0.0509647
0.0509647
0.0509647
0.0509647
0.0509647
0.0509647
0.0509647
0.0509647
0.0509647
0.0509647
0.0509647
0.0509647
0
0
0
0
0.0509978
0.0509978
0.0509978
0
0
0
0
0
0
0
0
0
0
0
0
0.0509978
0.0509978
0
0
0
0
0.0517434
0.0517434
0
0.0517434
0.0517434
0.0517434
0.0517434
0
0.0517434
0
0
0
0
0
0
0
0
0
0
0
0
0
0
0
0
0
0
0
0
0
0
0
0
0
0.0517434
0.0517434
0
0.0517434
0.0517434
0.0517434
0.0517434
0.0517434
0.0517434
0.0517434
0
0
0
0
0
0
0
0
0
0
0
0
0
0
0
0
0
0
0
0
0
0
0
0
0
0
0
0
0
0
0
0
0
0
0
0
0
0
0
0
0
0
0
0
0
0
0
0
0
0
0
0
0
0
0
0
0
0
0
0
0
0
0
0
0
0
0
0
0
0
0
0
0
0
0
0
0
0
0
0
0
0
0
0
0
0
0
0
0
0
0
0
0
0
0
0
0.0509647
0.0509647
0
0.0509647
0.0509647
0
0
0
0
0
0
0
0
0
0
0
0
0
0
0
0
0
0
0.0517434
0
0
0
0
0
0
0
0.0517434
0.0517434
0.0517434
0.0517434
0.0517434
0.0509647
0.0509647
0
0.0509647
0
0.0509647
0.0509647
0.0517434
0
0
0
0
0
0
0
0
0.0509647
0.0509647
0.0509647
0.0517434
0
0.0509647
0.0509647
0.0509647
0
0
0
0
0
0
0
0
0
0
0
0
0
0
0
0
0
0
0
0
0
0
0.0517434
0
0
0
0.0597081
0.0597081
0.0597081
0
0
0
0
0
0
0
0
0
0
0
0
0
0
0
0
0
0
0
0
0
0
0
0
0
0
0.0455251
0.0455251
0
0.0455251
0.0455251
0.0455251
0.0455251
0.0455251
0.0455251
0.0455251
0.0455251
0
0
0
0
0
0
0
0
0
0
0
0
0
0
0
0
0
0
0
0
0
0
0
0
0
0
0
0
0
0
0
0
0
0
0
0
0
0
0
0
0
0
0
0
0
0
0
0
0
0
0
0
0
0
0
0
0
0
0
0
0
0
0
0
0
0
0
0
0
0
0
0
0
0
0
0
0
0
0
0
0
0
0
0
0
0
0
0
0
0
0
0
0
0
0
0
0
0
0
0
0
0
0
0
0
0
0
0
0
0
0
0
0
0
0
0
0
0
0
0
0
0
0
0
0
0
0
0
0
0
0
0
0
0
0
0
0
0
0
0
0
0
0
0
0
0
0
0
0
0
0
0
0
0
0
0
0
0
0
0
0
0
0
0
0
0
0
0
0
0
0
0
0
0
0
0
0
0
0
0
0
0
0
0
0
0
0
0
0
0
0
0
0
0
0
0
0
0
0
0
0
0
0
0
0
0
0
0
0
0
0
0
0
0.0455251
0.0455251
0.0455251
0.0455251
0.0455251
0.0455251
0
0
0
0
0
0
0
0
0
0
0
0
0
0
0
0
0
0
0
0
0
0
0
0
0
0
0
0
0
0
0
0
0
0
0
0
0
0
0
0
0
0
0
0
0
0
0
0
0
0
0
0
0
0
0
0
0
0
0
0
0
0
0
0
0
0
0
0
0
0
0
0
0
0
0
0
0
0
0
0
0
0
0
0
0
0
0
0
0
0
0
0
0.0455251
0.0455251
0.0455251
0.0455251
0.0455251
0
0
0
0
0
0
0
0
0
0
0
0.0455251
0.0455251
0
0
0
0
0.0509647
0.0455251
0.0455251
0.0455251
0
0
0
0
0
0
0
0
0
0
0
0
0
0
0
0
0
0
0
0
0
0
0
0
0
0
0
0
0
0
0.0455251
0
0
0
0
0
0
0
0
0
0
0
0
0.0455251
0.0455251
0
0
0.0455251
0.0455251
0
0.0455251
0.0455251
0.0455251
0.0455251
0.0455251
0.0455251
0.0455251
0.0455251
0.0455251
0.0455251
0
0.0455251
0.0455251
0.0495682
0.0455251
0.0455251
0.0455251
0.0455251
0.0455251
0.0455251
0.0455251
0
0
0.0455251
0
0
0
0.0455251
0
0.0455251
0.0455251
0.0455251
0
0.0455251
0
0
0.0455251
0.0455251
0.0455251
0.0455251
0.0455251
0.0455251
0.0455251
0.0455251
0.0455251
0
0
0
0
0
0
0.0455251
0.0455251
0.0455251
0.0455251
0.0455251
0
0
0
0.0455251
0.0455251
0.0455251
0.0455251
0.0455251
0.0455251
0.0455251
0.0455251
0.0455251
0.0455251
0
0
0.0455251
0
0
0
0.0455251
0
0.0455251
0.0455251
0
0
0
0
0.0455251
0
0
0
0
0
0
0
0
0
0
0
0
0
0
0
0
0
0
0
0
0
0.0455251
0.0455251
0.0455251
0.0455251
0.0455251
0.0455251
0.0455251
0.0455251
0.0455251
0.0455251
0.0455251
0.0455251
0.0455251
0.0455251
0.0455251
0.0455251
0
0
0
0
0
0
0
0
0
0
0
0
0
0
0
0
0
0
0
0
0
0
0
0
0
0
0
0
0
0
0
0
0
0
0
0
0
0
0
0
0
0
0
0
0
0
0
0
0
0
0
0
0
0
0
0
0
0
0
0
0
0
0
0
0
0
0
0
0
0
0
0
0
0
0
0
0
0
0
0
0
0
0
0
0
0
0
0
0
0
0
0
0.0455251
0.0455251
0.0455251
0.0455251
0.0455251
0.0455251
0.0455251
0.0455251
0.0455251
0.0455251
0.0455251
0.0455251
0.0455251
0.0455251
0.0455251
0.0455251
0.0455251
0.0455251
0.0455251
0.0455251
0.0455251
0.0455251
0
0.0455251
0.0455251
0
0
0.0455251
0.0455251
0.0455251
0.0455251
0
0
0
0
0
0
0
0
0
0
0
0
0
0
0
0
0
0
0
0
0
0
0
0
0
0
0
0
0
0
0
0
0
0
0
0
0
0
0
0
0
0
0
0
0
0
0
0
0
0
0
0
0
0
0
0
0
0
0
0
0
0
0
0
0
0
0
0
0
0
0
0
0
0
0
0
0
0
0
0
0
0
0
0
0
0
0
0
0
0
0
0
0
0
0
0
0
0
0
0
0
0
0
0
0
0
0
0
0
0
0
0
0
0
0
0
0
0
0
0
0
0
0
0
0
0
0
0
0
0
0
0
0
0
0
0
0
0
0
0
0
0
0
0
0
0
0
0
0
0
0
0
0
0
0
0
0
0
0
0
0
0
0
0
0
0
0
0
0
0
0
0
0.0455251
0.0455251
0.0455251
0.0455251
0.0455251
0.0455251
0
0
0.0455251
0.0455251
0
0
0
0
0
0
0
0.0455251
0.0455251
0.0455251
0
0.0455251
0
0
0
0
0
0
0
0.0533381
0
0
0
0
0
0
0
0
0
0
0
0
0
0
0
0
0
0
0
0
0
0
0
0
0.0455251
0.0455251
0.0455251
0.0455251
0.0455251
0.0455251
0
0
0
0
0
0
0
0
0
0
0
0
0
0
0
0
0
0.0848189
0.0848189
0.0848189
0.288675
0.282843
0.282843
0
0
0
0
0
0
0
0
0
0
0
0
0
0
0
0
0
0.073621
0.073621
0.073621
0.0743294
0.0743294
0.0743294
0
0
0
0
0
0
0.073621
0.073621
0.073621
0.073621
0.073621
0.073621
0.073621
0
0.073621
0.073621
0.073621
0.073621
0
0
0
0
0
0
0
0
0
0
0.0836242
0
0.0836242
0.0836242
0.0836242
0.0836242
0
0
0
0
0
0
0
0
0
0
0
0
0
0
0
0
0
0
0
0
0
0
0
0
0
0
0
0
0.0768095
0.0768095
0.0784465
0.0784465
0.0784465
0.0784465
0.0786889
0.0786889
0.078326
0.078326
0.0791808
0.0791808
0
0
0
0
0.0854358
0.0854358
0
0
0
0
0.0745356
0.0745356
0.0744323
0.0744323
0.0744323
0.0744323
0.0744323
0.0852803
0
0.0854358
0
0
0
0.0791808
0.0794301
0.0794301
0
0
0.0791808
0
0.0794301
0.0794301
0.0794301
0.0794301
0.0794301
0.0794301
0
0.0854358
0
0
0
0.0791808
0
0.0791808
0.0791808
0.0791808
0
0
0
0
0.0791808
0.0791808
0.0791808
0
0
0
0.0791808
0.0791808
0
0.0791808
0.0791808
0.0791808
0.0791808
0.0791808
0.0791808
0.0769231
0
0.0769231
0.0769231
0.0743294
0.0743294
0.0743294
0.0743294
0.0743294
0.0743294
0
0.0743294
0.0743294
0.0791808
0.0791808
0.0791808
0.0791808
0.0791808
0.0743294
0.0743294
0
0.0743294
0
0.0743294
0.0743294
0
0
0.0743294
0.0743294
0.0743294
0.0743294
0.0743294
0.0743294
0.0743294
0
0.0743294
0.0743294
0
0.0743294
0.0743294
0.159111
0.159111
0.159111
0.159111
0.159111
0.15162
0.15162
0.15162
0.15162
0.15162
0.150756
0.150756
0.150756
0.150756
0.150756
0
0
0
0
0
0
0
0
0
0
0
0
0.0743294
0.0743294
0.0743294
0.0743294
0.0743294
0
0.0743294
0.0743294
0.0743294
0.0743294
0
0.0743294
0.0743294
0
0
0
0
0.0791808
0.0791808
0.0791808
0.0791808
0.0851257
0
0
0
0
0
0
0
0
0
0.0791808
0.0791808
0.0791808
0.0791808
0.0791808
0
0
0
0
0.204124
0.204124
0.204124
0.204124
0
0
0
0
0
0
0
0.308607
0.365148
0.204124
0.202031
0.202031
0.202031
0.202031
0
0
0
0
0
0
0
0.301511
0.353553
0.202031
0.202031
0
0
0
0
0
0
0
0
0
0
0
0
0
0
0
0
0
0
0
0
0
0
0
0
0
0
0
0
0
0
0
0
0
0
0
0
0
0
0.0791808
0.0791808
0.0791808
0.0791808
0.0834784
0.0834784
0.0834784
0.0834784
0
0.254
0.25
0.25
0
0
0
0
0
0.0744323
0.0744323
0.0744323
0.0744323
0.0744323
0.0744323
0.0744323
0.0744323
0.0744323
0.0744323
0.0794301
0.0794301
0.0794301
0.0794301
0.0794301
0.0794301
0.0794301
0.0794301
0.0794301
0
0.0794301
0.0794301
0.160128
0
0.160128
0.166667
0.218218
0.152499
0.152499
0.213201
0.152499
0.152499
0.365148
0.365148
0.365148
0.471405
0.365148
0.152499
0.152499
0
0.152499
0.208514
0.152499
0.15162
0.15162
0.213201
0.15162
0.15162
0.353553
0.15162
0
0.15162
0.15162
0.157135
0
0.15162
0.353553
0.353553
0.353553
0.353553
0.15162
0.206284
0.15162
0
0
0
0
0
0
0
0
0
0
0
0
0
0
0
0
0
0
0
0
0
0
0
0
0
0
0
0
0
0
0
0
0
0
0
0
0
0
0
0
0
0
0
0
0
0
0
0
0
0
0
0
0
0
0
0
0
0
0
0
0
0
0
0
0
0
0
0
0
0
0
0
0
0
0
0
0
0
0
0
0
0
0
0
0
0
0
0
0
0
0
0
0
0
0
0
0
0
0
0
0
0
0
0
0
0
0
0
0
0.150756
0
0.156174
0.150756
0
0.150756
0
0.172774
0.172774
0.19245
0.19245
0.196116
0.196116
0.19245
0.19245
0.187317
0.187317
0.2
0.2
0
0
0
0
0.288675
0.288675
0.288675
0.150756
0.161165
0
0.181071
0
0
0
0.226455
0
0
0
0
0
0
0
0
0.150756
0.170251
0.170251
0.229416
0
0.15523
0
0.171499
0.178174
0.179605
0.182574
0.175412
0.179605
0
0
0.220863
0
0
0
0
0
0
0
0
0
0
0
0
0
0
0
0
0
0
0.0794301
0
0
0
0
0
0
0
0
0
0
0
0
0
0
0
0
0
0
0
0
0
0
0
0
0
0
0
0
0
0
0
0
0
0
0
0
0
0
0
0
0
0
0
0
0
0
0
0
0
0
0
0
0
0
0
0
0.0862261
0.0862261
0.0862261
0
0
0
0
0
0
0
0
0
0
0
0
0
0
0.0851257
0.1
0
0
0
0
0
0
0
0.1
0.1
0.1
0.1
0.121716
0
0
0
0
0
0
0.12356
0.632456
0
0
0
0.12356
0
0.12356
0.1
0
0
0
0
0
0
0
0
0
0
0
0
0
0
0
0
0
0
0
0
0
0
0
0
0
0
0
0
0
0
0
0
0
0
0
0
0
0
0
0
0
0
0
0
0
0
0
0
0
0
0
0
0
0
0
0
0
0
0
0
0
0
0
0
0.15523
0.707107
0.707107
0.707107
0
0
0.15523
0.156174
0.57735
0.632456
0.632456
0.632456
0.632456
0
0.15523
0
0
0
0
0
0
0
0
0
0
0
0
0
0
0
0
0
0
0
0
0
0
0
0
0
0.152499
0.816497
0.816497
0
0.152499
0
0
0
0
0
0
0
0
0
0
0
0.0465999
0.0465999
0.0465999
0
0
0
0
0
0.0509647
0
0
0
0
0
0
0
0
0
0
0
0
0
0
0
0
0
0
0
0
0
0
0
0
0
0
0
0
0
0.0509647
0.0509647
0.0509647
0.0509647
0.0509647
0.0509647
0.0509647
0
0
0
0
0
0
0
0
0
0
0
0
0
0
0
0
0
0
0
0
0
0
0
0
0
0
0
0
0
0
0
0
0
0
0
0
0
0
0
0
0
0
0
0
0
0
0
0
0
0
0
0
0
0
0
0
0
0
0
0
0
0
0
0
0
