0.0662811
0.0662811
0.0662811
0
0
0
0
0
0
0
0
0
0
0
0
0
0
0
0
0
0
0
0
0
0
0
0
0
0
0
0
0
0.0662811
0.0662811
0.0662811
0.0662811
0.0662811
0.0662811
0.0662811
0.0662811
0.0662811
0.0662811
0.0662811
0.0662811
0.0662811
0.0662811
0.0662811
0.0680315
0.067622
0.0676123
0.0678161
0.0687919
0.0677771
0.067904
0.0687919
0.0679726
0.0679432
0.0687817
0.0687919
0
0
0
0.0697899
0.0684887
0
0
0
0
0
0
0
0
0
0
0
0
0.0691095
0.0691095
0
0
0
0
0
0
0
0
0
0
0
0
0
0
0
0
0
0
0
0
0
0.159111
0
0.162758
0.164677
0
0.16843
0.16843
0
0.16843
0
0
0
0
0
0
0
0
0
0
0
0
0
0
0
0
0
0
0.0721688
0
0.076584
0
0
0
0
0
0
0
0
0
0
0
0
0
0
0
0
0
0
0
0
0
0
0
0
0
0
0
0
0
0
0
0
0
0
0
0
0.0697899
0.0697899
0
0
0
0
0
0
0
0
0
0
0
0
0
0
0
0
0
0
0
0
0
0
0
0
0
0
0
0
0
0
0
0
0
0
0
0
0
0
0
0
0
0
0
0
0
0
0
0
0
0
0
0
0
0
0
0
0
0
0
0
0
0
0
0
0
0
0
0
0
0
0
0
0
0
0
0
0
0
0
0
0
0
0
0
0
0
0
0
0
0
0
0
0
0
0
0
0
0
0
0
0
0
0.0699284
0
0.0664731
0.0664731
0
0.0664731
0.0664731
0.0664731
0.0664731
0.0664731
0.0664731
0
0
0
0
0
0
0
0
0
0
0
0
0
0
0
0
0
0
0
0
0
0
0
0
0
0
0
0
0
0.066965
0
0.066965
0
0.066965
0.066965
0.0669743
0
0
0
0
0
0
0
0
0
0
0
0
0
0
0
0
0
0
0
0
0
0
0
0
0
0
0
0
0
0
0
0
0
0
0
0
0
0
0
0
0
0
0
0
0
0
0
0
0
0
0
0
0
0
0
0
0
0
0
0
0
0
0
0
0
0
0.0664731
0.0664731
0.0664731
0.0664731
0
0.0664731
0
0.0664731
0
0.0664731
0.0664731
0.0664731
0.0664731
0.0664731
0.0664731
0
0
0
0
0
0.0664731
0
0.0664731
0.0664731
0.0664731
0
0
0
0.0664731
0
0.0664731
0
0
0
0
0
0
0.0664731
0.0664731
0.0664731
0.0664731
0.0664731
0.0664731
0.0664731
0
0
0
0
0
0.0664731
0
0.0664731
0.0664731
0.0664731
0
0
0
0
0
0
0
0
0
0
0
0
0
0
0
0
0
0
0
0
0
0
0
0
0
0
0
0
0
0
0
0
0
0
0
0
0
0
0
0
0
0
0
0
0
0
0
0
0
0
0
0
0
0
0
0
0
0
0
0
0
0
0
0
0
0
0.0664914
0
0
0
0
0
0
0
0
0
0
0
0
0
0
0
0
0
0
0
0
0
0
0
0
0.147442
0.147442
0.147442
0.147442
0
0
0
0
0
0
0.149175
0
0
0
0
0
0
0.148454
0
0
0
0
0
0
0
0
0
0
0
0
0
0
0
0
0
0
0
0
0
0
0
0
0
0
0
0
0
0
0
0
0
0
0
0
0
0
0
0
0
0
0
0
0
0
0
0
0.0735587
0
0
0.0688123
0
0
0
0
0
0
0
0
0
0
0
0
0
0
0
0
0
0
0
0
0
0
0
0
0
0
0
0
0
0
0
0
0
0
0
0
0
0
0
0
0
0
0
0
0
0
0
0
0
0
0
0
0
0
0
0
0
0
0
0
0
0
0
0
0
0
0
0
0.0699177
0.0699177
0.0699177
0.0699177
0.0699177
0.0699177
0.0699497
0.0699177
0.0699177
0.0699177
0.0699177
0
0
0.0699604
0
0
0
0
0
0
0
0
0
0
0
0
0
0.0735463
0
0
0
0
0
0
0
0
0
0
0
0
0
0
0
0
0
0
0
0
0
0
0
0
0
0
0
0
0
0
0
0
0
0
0
0
0
0
0
0
0
0
0
0
0
0
0
0
0
0
0
0
0
0
0
0
0
0
0
0
0
0
0
0
0
0
0
0
0
0
0
0
0
0
0
0
0
0
0
0
0
0
0
0
0
0
0
0
0
0
0
0
0
0
0
0
0
0
0
0
0
0
0
0
0
0
0
0
0
0
0
0
0
0
0
0
0
0
0
0
0
0
0
0
0
0
0
0
0
0
0
0
0
0
0
0
0.127193
0.127193
0.127193
0.12771
0.12771
0.12771
0.12771
0.12771
0.12771
0.12771
0.12771
0.12771
0
0
0
0
0
0
0
0
0
0
0
0
0
0
0
0.141865
0
0.141865
0
0
0
0
0
0
0
0
0
0
0
0
0
0
0
0
0
0
0
0
0
0
0
0
0
0
0
0
0
0
0
0.127386
0.127386
0.127386
0.127386
0.139942
0.139942
0.139942
0.139942
0.130396
0
0
0
0
0
0
0.132453
0
0.132453
0
0.132453
0
0.132453
0
0.132672
0
0
0
0
0
0.143223
0
0.143223
0
0.143223
0
0.143223
0
0.143223
0
0
0
0
0
0
0
0
0
0
0
0.171341
0
0.171341
0
0.171341
0
0.171341
0.171341
0
0
0
0
0
0.160644
0
0.153056
0
0.151402
0
0
0
0
0.147142
0
0
0
0.149383
0.145
0
0
0
0
0
0
0
0
0
0
0
0
0
0
0
0
0
0
0
0
0.166812
0
0
0
0.127257
0.127257
0.127257
0.13826
0.13826
0.13826
0.13826
0.13826
0
0.127257
0.129777
0.127257
0.127257
0.127386
0.127386
0.129914
0.138426
0
0.127386
0.127386
0.129914
0.138592
0
0
0
0
0
0
0
0
0
0
0
0
0
0
0
0
0
0
0
0
0
0
0
0
0
0
0
0
0
0
0
0
0
0
0
0
0
0
0
0
0
0
0
0
0
0
0
0
0
0
0
0
0.129777
0.129777
0.129777
0.129777
0.129777
0
0
0.130327
0.130327
0.130327
0.130327
0.130327
0.130327
0.130327
0.130327
0.129777
0
0
0.130327
0.130327
0.130327
0.130327
0.130327
0.130327
0.130327
0.130327
0.129777
0.178174
0.196116
0.196116
0
0.196116
0.200754
0.196116
0.196116
0.196116
0.196116
0
0
0
0
0
0
0
0
0
0
0
0
0
0
0
0
0
0
0
0
0
0
0
0
0
0
0
0
0
0
0
0
0
0
0
0.129914
0.129914
0.129777
0.129777
0.130327
0.130327
0.130327
0.143407
0.130327
0.130327
0.130327
0.130327
0.143407
0.130327
0.129777
0.143407
0.143407
0.143407
0.143407
0
0
0
0
0
0
0
0
0
0
0
0
0
0
0
0
0
0
0
0
0
0
0
0
0
0
0
0
0
0
0
0
0
0
0
0
0
0
0
0
0
0
0
0
0
0
0
0
0
0
0
0
0
0.166234
0.166234
0.166234
0.166234
0.166234
0
0.166234
0
0
0.166234
0.166234
0.166234
0.170406
0.170406
0.173913
0.170406
0
0.170406
0.216612
0
0.216612
0.356348
0.356348
0
0
0
0
0
0
0
0
0
0
0
0
0
0
0
0
0
0
0
0
0
0
0
0
0
0
0
0
0
0
0
0
0
0
0
0
0
0
0
0
0
0
0
0
0
0
0
0
0
0
0
0
0
0
0
0
0
0
0
0
0
0
0
0
0
0
0
0
0
0
0
0
0
0.170406
0
0
0
0
0
0
0
0
0
0
0
0
0
0
0
0
0
0
0
0
0
0
0
0
0
0
0
0
0
0
0
0
0
0
0
0
0
0
0
0
0
0
0
0
0
0
0
0
0
0
0
0
0
0
0
0
0
0
0
0
0
0
0
0
0
0
0
0
0
0
0
0
0
0
0
0
0
0
0
0
0
0
0
0
0
0
0
0
0
0
0
0
0
0
0
0.171341
0.171341
0.171341
0
0.171341
0.171341
0.171341
0.171341
0.219529
0.219529
0
0.219529
0
0
0
0
0
0
0
0
0
0
0.214731
0.214731
0.214731
0.214731
0
0
0
0
0
0.214731
0.259281
0.259281
0.259281
0
0
0.259281
0
0
0
0
0
0
0
0
0
0
0
0
0
0
0
0
0
0
0
0
0
0
0
0
0
0
0
0
0
0
0
0
0
0
0
0
0
0
0
0
0
0
0
0
0
0
0
0
0
0
0
0
0
0
0
0
0
0.171341
0
0
0
0
0
0
0
0
0
0
0
0
0
0
0
0
0
0
0
0
0
0
0
0
0
0
0
0
0
0
0
0
0
0
0
0
0
0
0
0
0
0
0
0
0
0
0
0
0
0
0
0
0
0
0
0
0
0
0
0
0
0
0
0
0
0
0
0
0
0
0
0
0
0
0
0
0
0
0
0
0
0
0
0
0
0
0
0
0
0
0
0
0
0
0
0
0
0
0
0
0
0
0
0
0
0
0
0
0
0
0
0
0
0
0
0
0
0
0
0
0
0
0
0
0
0
0
0
0
0
0
0
0
0
0
0
0
0
0
0
0
0
0
0
0
0
0
0
0
0
0
0
0
0
0
0
0
0
0
0
0
0
0
0
0
0
0
0
0
0
0
0
0
0
0
0
0
0
0
0
0
0
0
0
0
0
0
0
0
0
0
0
0
0
0
0
0
0
0
0
0
0
0
0
0
0
0
0
0
0
0
0
0
0
0
0
0
0
0
0
0
0
0
0.13012
0.13012
0.13012
0.130189
0.196116
0.196116
0.196116
0
0
0.196116
0
0
0
0
0
0
0
0
0
0
0
0
0
0
0
0
0
0
0
0
0.130051
0.130051
0.130051
0.130051
0.130051
0.130605
0
0
0
0
0
0
0
0
0
0
0
0
0
0
0
0
0
0
0
0
0
0
0
0
0
0
0
0
0
0
0
0
0
0
0
0
0
0
0
0
0
0
0
0
0
0
0
0
0
0
0
0
0
0
0
0
0
0
0
0
0
0
0
0
0
0.0687919
0.0687919
0.0687919
0.0687919
0.0687919
0.0687919
0.0687919
0.0687919
0.0687919
0.0687919
0.0687919
0.0687919
0.0687919
0.0687919
0.0687919
0.0687919
0.0687919
0.0687919
0.0687919
0.0687919
0.0687919
0.0687919
0.0687919
0.0687919
0.0687919
0.0687919
0.0699284
0.0699284
0.0688837
0.0698643
0.069907
0.0699284
0.0699284
0.0699177
0.0699284
0.0699284
0.0699284
0.0699284
0.0699177
0.0699284
0.0699284
0.0699284
0.0699284
0.0699284
0.0699177
0.0699284
0.0699284
0.0699284
0.0699284
0
0
0
0
0
0
0
0
0
0
0
0
0
0
0
0
0
0
0
0
0
0
0
0
0
0
0
0
0
0
0
0
0
0
0
0
0
0
0
0
0
0
0
0
0
0
0
0
0
0
0
0
0
0
0
0
0
0
0
0
0
0
0
0
0
0
0
0
0
0
0
0
0
0
0
0
0
0
0
0
0
0
0
0
0
0
0
0
0
0
0
0
0
0
0
0
0
0
0
0
0
0
0
0
0
0
0
0
0
0
0
0
0
0
0
0
0
0
0
0
0
0
0
0
0
0
0
0
0
0
0
0
0
0
0
0
0
0
0
0
0
0
0
0
0
0
0
0
0
0
0
0
0
0
0
0
0
0
0
0
0
0
0
0
0
0
0
0
0
0
0
0
0
0
0
0
0
0
0
0
0
0
0
0
0
0
0.203069
0.219529
0.219529
0.219529
0
0
0
0.222222
0.222222
0.222222
0
0
0
0.225733
0.225733
0.225733
0
0
0
0
0
0
0
0
0
0
0
0
0
0
0
0
0
0
0
0
0
0
0
0
0
0
0
0
0
0
0
0
0
0
0
0
0
0
0
0
0
0
0
0
0
0
0
0
0
0
0
0
0
0
0
0
0
0
0
0
0
0
0.201773
0.201773
0.201773
0
0
0
0
0
0
0
0
0
0
0
0
0
0
0
0
0
0.218218
0.218218
0.218218
0
0
0
0
0
0
0
0
0
0
0
0
0
0
0
0.152721
0.152721
0.152721
0.154881
0.154881
0.154881
0.155464
0.155464
0.155464
0
0
0
0
0
0
0
0
0
0
0
0
0.185695
0.185695
0.185695
0.163846
0.163846
0.163846
0.164122
0.164122
0.164122
0.164538
0.164538
0.164538
0.218218
0.218218
0.218218
0.175412
0.175412
0.175412
0.12771
0.12771
0.12771
0.12771
0.12771
0.12771
0.12771
0.12771
0.12771
0.12771
0
0
0
0
0
0
0
0
0
0
0
0.140286
0
0.141598
0
0
0
0
0
0
0
0
0
0
0
0
0
0
0
0
0
0
0
0
0
0
0
0
0
0.19518
0.19518
0.19518
0.19518
0
0
0
0
0
0
0
0
0
0
0
0
0
0
0
0
0
0
0
0
0
0
0
0
0.195413
0.195413
0.195413
0
0
0
0
0
0
0.193574
0.193574
0.193574
0.193574
0.193574
0.193574
0
0
0
0.193574
0.193574
0
0
0
0
0
0
0
0
0
0
0
0.171656
0.171656
0
0.171656
0
0
0
0
0
0
0
0
0
0
0
0
0
0
0
0
0
0
0
0
0
0
0
0
0
0
0
0
0
0
0
0
0
0
0
0
0
0
0
0
0
0
0
0
0
0
0
0
0
0
0
0
0
0
0
0
0
0
0
0
0
0
0
0
0
0
0
0
0
0
0
0
0
0
0
0
0
0
0
0
0
0
0
0
0
0
0
0
0
0.149487
0.149487
0
0.149487
0
0.149487
0.0695784
0.0695784
0
0.0695784
0.0695784
0.0695784
0
0.0695784
0.0695784
0.0889548
0.105666
0
0
0
0
0.0948891
0.0948891
0.0714058
0.0902358
0
0.0691921
0.0691921
0
0.0691921
0.0691921
0
0.0691921
0.0691921
0
0.0949961
0.0949961
0
0
0
0
0
0
0
0
0.209083
0.209946
0
0.0711118
0.0698005
0.0695784
0
0.0688225
0.0688225
0
0.0688225
0.0688225
0.0698537
0
0.0698963
0
0
0
0
0
0
0
0
0
0
0.134005
0
0
0
0
0
0
0
0
0
0
0
0
0
0
0
0
0
0
0
0
0
0
0
0
0
0
0
0
0
0
0
0
0
0
0
0
0
0
0
0
0
0
0
0
0
0
0
0
0
0
0
0
0
0
0
0
0
0
0
0
0
0
0
0
0
0
0
0
0
0
0
0
0
0
0
0
0
0
0
0
0
0
0
0
0
0
0
0
0
0
0
0
0
0
0
0
0
0
0
0
0
0
0
0
0.0719234
0
0
0
0
0
0
0
0
0
0
0
0
0
0
0
0
0
0
0
0
0
0
0
0
0
0
0
0
0
0
0
0
0
0
0
0
0
0
0
0
0
0
0
0
0
0
0
0
0
0.141245
0.159617
0
0
0
0
0
0
0
0.159617
0.172935
0.173097
0.172935
0.173749
0.197546
0
0.197546
0.197546
0.197546
0.197546
0.192897
0
0.194029
0.194257
0
0.192897
0
0.192897
0.159617
0
0
0
0
0
0
0
0
0
0
0
0
0
0
0
0
0
0
0
0
0
0
0
0
0
0
0
0
0
0
0
0
0
0
0
0
0
0
0
0
0
0
0
0
0
0
0
0
0
0
0
0
0
0
0
0
0
0
0
0
0
0
0
0
0
0
0
0
0
0
0
0
0
0
0
0
0
0
0
0
0
0
0
0
0
0
0
0
0
0
0
0
0
0
0
0
0
0
0
0
0
0
0
0
0
0
0
0
0
0
0
0
0
0
0
0
0
0
0
0
0.130396
0.130396
0.130396
0.130884
0.197066
0.197066
0
0
0
0
0
0
0.130884
0
0
0
0
0
0
0
0
0
0
0
0
0
0
0
0
0
0
0
0
0
0
0
0
0
0
0
0
0
0
0
0
0
0
0
0
0
0
0
0
0.232495
0.233285
0.0903047
0.0903047
0.0903047
0.0904663
0.0904663
0.0839181
0.0848762
0.10725
0.118005
0
0
0
0
0.0837524
0.0837524
0
0
0
0
0
0
0
0
0
0
0
0
0
0
0
0
0
0
0
0
0
0
0
0
0
0
0
0
0
0
0
0
0
0
0
0
0
0.0820092
0.0820092
0
0
0
0
0
0
0
0
0
0
0
0
0
0
0
0
0
0
0
0
0
0
0
0
0
0
0
0
0
0
0
0
0
0
0
0
0
0
0
0
0
0
0
0
0
0
0
0
0
0
0
0
0.266667
0
0
0
0
0
0
0
0
0
0
0
0
0
0
0
0
0
0
0
0
0
0
0
0
1
1
0
0
0
0
0
0
0
0
0
0
0
0
0
0
0
0
0
0
0
0
0
0
0
0
0
0
0
0
0
0
0
0
0
0
0
0
0
0
0
0
0
0
0
0
0
0
0
0
0
0
0
0
0
0
0
0
0
0
0
0
0
0
0
0
0
0
0
0
0
0
0
0
0
0
0
0
0
0
0
0
0
0
0
0
0
0
0
0
0
0
0
0
0
0
0
0
0
0
0
0
0
0
0
0
0
0
0
0
0
0
0
0
0
0
0
0
0
0
0
0
0
0
0
0
0
0
0
0
0
0
0
0
0
0
0
0
0
0
0
0
0
0
0
0
0
0
0
0
0
0
0
0
0
0
0
0
0
0
0
0
0
0
0
0
0
0
0
0
0
0
0
0
0
0
0
0
0
0
0
0
0
0
0
0
0
0
0
0
0
0
0
0
0
0
0
0
0
0
0
0
0
0
0
0.0687919
0.0687919
0.0687919
0.0687919
0.0687919
0.0699284
0.0699284
0
0
0
0
0
0
0.115954
0.115954
0
0
0
0
0.142314
0
0.142948
0.147743
0
0
0
0
0
0
0
0
0.142494
0
0.145
0.196589
0.154074
0
0
0
0
0
0
0
0
0
0
0
0
0
0
0
0
0
0
0
0
0
0
0
0
0
0
0
0
0
0
0
0
0
0
0
0
0
0
0
0
0
0
0
0
0
0
0
0
0
0
0
0
0
0
0
0
0.0714172
0.0714172
0.0714172
0.0714172
0.0714172
0.0714172
0.0714172
0.0879812
0
0.0770371
0
0.0770371
0.0770371
0.0770371
0
0.0770371
0.0770371
0.0770371
0.0787957
0.0787957
0.0770371
0.0770371
0.0770371
0.0739853
0
0
0
0
0
0
0
0
0
0
0.0714172
0.0714172
0.0714172
0.0714172
0.0714172
0.0714172
0
0
0
0.0699284
0.0699284
0.0699284
0.0699284
0.0699284
0.0894651
0.0894651
0
0
0
0
0.098503
0.132236
0
0
0
0
0.0699604
0.0699604
0.0699604
0.0699604
0.0699604
0.0699604
0.0699604
0.0699604
0.0699604
0.0699604
0.0699604
0.0699604
0.0699604
0.0699604
0.0699604
0.0699604
0.0699604
0.0699604
0.0699604
0.0699604
0.0699604
0.0699604
0.0699604
0.0699604
0.0699604
0.0699604
0.0699604
0.0699604
0.0699497
0.0699604
0.0699604
0.0699604
0.0699604
0.0699604
0.0699604
0.0699284
0.0733112
0.0699284
0.0699284
0.0700677
0.0699284
0.0699284
0.0699284
0.0699284
0.0699284
0.0699284
0.0699284
0.0699284
0.0699284
0.0699284
0.0699284
0.0699284
0.0699284
0.0699284
0.0699284
0.0699284
0.0699284
0.0699284
0.0699284
0.0699284
0.0699284
0.0699284
0.0699284
0.0699284
0.0699284
0.0699284
0.0699284
0.0699284
0.0699284
0.0699284
0.0699284
0.0699284
0.0699284
0.0699284
0.0699284
0.0699284
0.0699284
0.0699284
0.0700677
0.0699284
0.0699284
0
0
0
0
0
0
0
0.0669743
0.0669743
0.0669743
0.0669743
0.0669743
0.0669743
0.0669743
0.0669743
0.0669743
0.0669743
0.0669743
0.0669743
0.0669743
0.0669743
0.0669743
0.0669743
0.0669743
0.0669743
0.0669743
0.0669743
0.0669743
0.0669743
0
0.0669743
0.0669743
0
0
0.0669743
0.0669743
0.0669743
0.0669743
0
0
0
0
0
0
0
0
0
0
0
0
0
0
0
0
0
0
0
0
0
0
0
0
0
0
0
0
0
0
0
0
0
0
0
0
0
0
0
0
0
0
0
0
0
0
0
0
0
0
0
0
0
0
0
0
0
0
0
0
0
0.0947559
0.0947559
0.0947559
0
0.0947825
0.0947825
0
0
0
0.113047
0
0.138675
0
0
0
0
0
0
0
0
0
0
0
0
0
0.0946497
0.0946497
0.0946497
0.0946497
0
0.111629
0
0.13632
0.13632
0
0.13632
0
0
0
0
0
0
0
0
0
0
0
0
0
0
0
0
0
0
0
0
0
0
0
0
0
0
0
0
0
0
0
0
0
0
0
0
0
0
0
0
0
0
0
0
0
0
0
0
0
0
0
0
0
0
0
0
0
0
0
0
0
0
0
0
0
0
0
0
0
0
0
0
0
0
0
0
0
0.0664731
0.0664731
0.0664731
0.0664731
0.0664731
0
0
0
0
0
0
0
0
0
0
0
0.0664731
0.0664731
0
0
0
0
0.069907
0
0
0
0
0
0
0
0
0
0
0
0
0.0664731
0.0664731
0
0
0.0664731
0.0664731
0
0.0664731
0.0664731
0.0664731
0.0664731
0.0664731
0.0664731
0.0664731
0.0664731
0.0664731
0.0664731
0
0.0664731
0.0664731
0
0.0664731
0.0669743
0.0664731
0.0664731
0.0664731
0.0664731
0.0664731
0
0
0.0664731
0
0
0
0.0664731
0
0.0664731
0.0664731
0.0664731
0
0.0664731
0
0
0.0664731
0.0669743
0.0669743
0.0669743
0.0669743
0.0669743
0.0669743
0.0669743
0.0669743
0
0
0
0
0
0
0.0664731
0.0664731
0.0664731
0.0664731
0.0664731
0
0
0
0.0664731
0.0664731
0.0664731
0.0664731
0.0664731
0.0664731
0.0664731
0.0664731
0.0664731
0.0664731
0
0
0.0664731
0.0669743
0.0669743
0
0.0669743
0.0669743
0.0669743
0.0669743
0.0669743
0.0669743
0.0669743
0.0669743
0
0
0
0
0
0
0
0
0
0
0
0
0
0.136162
0
0.143131
0
0.143131
0.136162
0.136162
0.136162
0.136162
0.136162
0.136162
0.136162
0
0
0
0.136241
0.136241
0.137686
0.137686
0.137686
0.137686
0.136162
0
0
0
0
0
0
0
0
0
0
0
0
0
0
0
0
0
0
0
0
0
0
0
0
0
0
0
0
0
0
0
0
0
0
0
0.136162
0.136162
0
0
0
0
0
0
0.136162
0
0
0
0
0
0
0
0
0
0.136162
0
0.143131
0.143131
0.143131
0.136162
0.136241
0.136241
0.136241
0.136241
0
0
0.143131
0.143131
0.136241
0.136241
0.0669743
0.0669743
0.0669743
0.0669743
0.0669743
0.0669743
0
0.138675
0
0
0.13632
0.13632
0.13632
0.13632
0.13632
0
0.13632
0
0
0
0
0.13632
0.13632
0
0.13632
0
0
0
0
0.13632
0
0
0
0
0
0
0
0
0
0
0
0
0
0
0
0
0
0
0
0
0
0
0
0
0
0
0
0
0
0
0
0.138178
0.138178
0.138178
0.138178
0.138178
0
0
0
0
0.138178
0.138178
0
0
0
0
0.138178
0.0946497
0.0946497
0.0946497
0.0946497
0.0946497
0.0946497
0
0
0
0
0
0.0947825
0.0947825
0.0947825
0.0947825
0.373002
0
0
0
0
0
0.0669743
0.0669743
0.0669743
0.0669743
0.0669743
0.0669743
0
0
0.0669743
0.0669743
0
0
0
0
0
0
0
0.0669743
0.0669743
0.0669743
0
0.0669743
0
0
0
0
0
0.0947825
0
0
0
0
0.0741122
0
0
0
0
0
0.0946497
0.0946497
0.0946497
0.0946497
0.0946497
0.0946497
0.0946497
0.0946497
0.0946497
0.0946497
0.0946497
0.0946497
0.0946497
0.0946497
0.0949961
0.154074
0.154074
0.154074
0.0946497
0
0
0
0
0
0
0
0
0
0
0
0
0
0
0
0
0
0
0
0
0
0
0
0
0
0
0
0
0
0.0669743
0
0.0669743
0.0669743
0
0
0
0
0.0669743
0
0
0
0
0
0
0
0
0
0
0
0
0
0
0
0
0
0
0
0
0
0.0669743
0.0669743
0.0669743
0.0669743
0.0669743
0.0669743
0.0669743
0.0669743
0.0669743
0.0669743
0.0669743
0.0669743
0.0669743
0.0669743
0.0669743
0.0669743
0
0
0
0
0
0
0
0
0
0
0
0
0
0
0
0
0
0
0
0
0
0
0
0
0
0
0
0
0
0
0
0
0
0
0
0
0
0
0
0
0
0
0
0
0
0
0
0
0
0
0
0
0
0
0
0
0
0
0
0
0
0
0
0
0
0
0
0
0
0
0
0
0
0
0
0
0
0
0
0
0
0
0
0
0
0
0
0
0
0
0
0
0
0
0
0
0
0
0
0
0
0
0
0
0
0
0
0
0
0
0
0
0
0
0
0
0
0
0
0
0
0
0
0
0
0
0
0
0
0
0
0
0
0
0
0
0
0
0
0
0
0
0
0
0
0
0
0
0
0
0
0
0
0
0
0
0
0
0
0
0
0
0
0
0
0
0
0
0
0
0
0
0
0
0
0.0664731
0.0664731
0.0664731
0
0
0
0
0
0
0
0
0
0
0
0
0
0
0
0
0
0
0
0
0
0
0
0
0
0
0
0
0
0
0.0664731
0
0
0
0
0
0
0
0
0
0
0
0
0
0
0
0
0
0
0
0
0
0
0
0
0
0.0669743
0.0669743
0.0669743
0.0669743
0.0669743
0.0669743
0
0.136162
0
0
0.136162
0
0
0
0
0
0
0
0
0
0
0
0
0.0699284
0.0699284
0
0
0
0
0
0.0699284
0.0699284
0.0699284
0.0699284
0.0699284
0
0.102767
0.137118
0
0.137442
0.137442
0.137442
0.137442
0.137442
0.137849
0.137849
0
0
0
0
0
0
0
0
0.137442
0.137442
0.137442
0
0.137442
0.137442
0
0
0
0
0
0
0
0
0
0
0
0
0
0
0
0
0
0
0
0
0
0
0
0
0
0
0
0
0
0
0
0
0
0
0
0
0
0
0
0
0
0
0
0
0
0
0
0
0
0
0
0
0
0
0
0.0964486
0.0964486
0.0964486
0.0964486
0.0964486
0
0.0964486
0.0717035
0
0
0
0
0
0.0719583
0
0
0
0
0
0
0
0.0699284
0.0699284
0.0699284
0.0699284
0
0
0
0
0
0
0
0
0
0
0
0
0.0699284
0
0.0699284
0.0699284
0.0699284
0
0.0729932
0
0
0
0
0
0
0
0
0.0686904
0.0686904
0
0.0686904
0.0686904
0.0717727
0
0.069907
0
0
0
0
0
0
0
0
0
0
0
0
0
0
0
0.0699284
0.0699284
0.0699284
0
0.0699284
0.0699284
0.0699284
0.0699284
0.0699284
0.0699284
0.0699284
0.0699284
0.0699284
0.0699284
0.0699284
0.0699284
0.0699284
0.0699284
0.0699284
0.0699284
0.0699284
0.0699284
0.0699284
0.0699284
0.0699284
0.0711681
0
0.071247
0
0
0
0
0.0951034
0
0.0951034
0.0951034
0.0951034
0.0951034
0.0951034
0
0
0
0
0
0
0
0
0
0
0
0
0
0
0
0
0
0
0.0699284
0.0699284
0.0699284
0.0699284
0.0699284
0.0699284
0.0699284
0.0699284
0.0699284
0.0699284
0.0699284
0.0699284
0.0699284
0.0699284
0.0699284
0.0699284
0.0699284
0.0699284
0.0699284
0.0699284
0.0699284
0.0699284
0.0699284
0.0699284
0.0699284
0.0699284
0.0699284
0.0699284
0.0699284
0.0699284
0.0699284
0.0699284
0.0699284
0.0699284
0.0699284
0.0699284
0.0699284
0.0699284
0
0
0
0
0
0
0
0
0
0
0.0830634
0
0
0
0.0842339
0.0842339
0.0842339
0.0885615
0.0885615
0.0885615
0
0.0885615
0.0885615
0.0885615
0.0885615
0
0.0885615
0
0
0
0
0
0
0.0885615
0.103074
0.0901212
0.0901212
0.0901212
0.0964486
0.0964486
0.0895547
0.0895547
0.0895547
0
0.0944121
0.0944121
0
0
0
0
0
0
0
0
0
0
0
0
0
0
0
0.0973009
0.131306
0
0
0
0.131306
0.0939423
0.0950497
0
0
0
0
0
0
0.0889548
0.0889548
0.0889988
0.0889988
0.0889548
0.0704689
0.0830634
0.0830634
0.0830634
0.0830634
0.0830634
0.0699284
0
0
0
0
0
0
0
0
0.0699284
0.0699284
0
0
0
0.0699284
0.0699284
0.0699284
0
0
0
0
0
0
0
0
0
0
0
0
0
0
0
0
0
0
0
0
0
0
0
0
0
0
0
0
0
0
0
0
0
0
0
0
0
0
0
0
0
0.0717958
0
0
0.0719583
0
0
0
0
0
0
0
0
0
0.0699284
0.0699284
0.0699284
0.09759
0
0
0
0.0718885
0
0
0
0
0
0.0699284
0.0699284
0.0699284
0
0
0
0
0
0
0
0
0
0
0
0
0
0
0.0699284
0.0699284
0
0
0
0
0.0699284
0.0699284
0
0.0699284
0
0.0699284
0.0699284
0.0699284
0
0
0
0.0699284
0.0718421
0
0
0
0.0735463
0.0735463
0.0735463
0
0.0735463
0.0735463
0
0.0735463
0
0.0735463
0.0735463
0.0735463
0
0
0
0
0
0
0
0
0
0.155113
0
0.15523
0.15523
0.15523
0.15523
0
0.155936
0.0735463
0.0735463
0.0735463
0.0735463
0.0735463
0.0735463
0.0735463
0.0735463
0.0735463
0.0735463
0.0735463
0.0735463
0.0735463
0.0735463
0.0735463
0.0735463
0.0735463
0.0735463
0.0735463
0.0735463
0.0735463
0.0735463
0.0735463
0.0735463
0.0735463
0.0735463
0.0735463
0.0735463
0.0735463
0.0735463
0.0735463
0.0735463
0.0735463
0.0735463
0.0735463
0.0735463
0.0735463
0.0735463
0.0735463
0.0735463
0.0735463
0.0735463
0.0735463
0.0735463
0.0735463
0
0.0735463
0
0.0735463
0.0735463
0.0735463
0
0
0
0
0
0
0
0
0.0706115
0.0706115
0.0706115
0.0706115
0.0706115
0.071349
0
0.0706115
0.0706115
0
0.0706115
0.0706115
0.0706115
0.0706115
0.0706115
0.0706115
0.0706115
0
0
0.0706115
0.0706115
0.0706115
0
0
0.0706115
0.0706115
0.0706115
0
0
0
0
0
0
0
0
0
0
0.0706115
0.0706115
0.0706115
0.0868744
0.0877269
0.0877269
0
0.0877269
0.0877269
0.101339
0.0877269
0.0879812
0.0706115
0.0706115
0.0888231
0.0706115
0.0888231
0.0707438
0.0704689
0.0704689
0.0704689
0.0704689
0.0704689
0.0704689
0.0704689
0.0704689
0.0704689
0.0704689
0.0704689
0.0704689
0.0704689
0.0704689
0.0704689
0.0704689
0.0891756
0.0891756
0.0887138
0.143499
0.0907218
0
0.0965328
0.0881519
0.145671
0.0896897
0
0
0
0
0
0
0
0
0
0
0
0
0
0
0.0948357
0.0948357
0.0948357
0.0948357
0.125739
0
0
0.155113
0.256074
0.0948357
0.0948357
0.0948357
0.0699284
0.0699284
0
0.0699284
0.0699284
0
0.0699284
0.0699284
0.0699284
0.0699284
0.0699284
0.0699284
0.0699284
0.0699284
0.0699284
0
0
0
0
0
0
0
0
0
0
0
0
0
0
0
0
0
0
0
0
0
0
0
0.0699284
0
0
0
0
0
0
0
0
0
0.0699284
0.0699284
0
0.0699284
0.0699284
0
0.0699284
0.0699284
0.0699284
0.0699284
0.0699284
0.0699284
0.0699284
0.0699284
0.0699284
0
0
0
0
0
0
0
0
0.0718421
0.0699284
0.0699284
0
0
0
0
0
0
0
0
0
0
0.0699284
0.0699284
0.0699604
0.0699604
0.0699604
0.0699604
0.0699604
0.0699604
0.0699604
0.0699604
0.0699604
0.0699604
0.0699604
0.0699604
0.0699604
0.0699604
0.0699604
0.0699604
0.0699604
0.0699604
0.0699604
0.0699604
0.0699604
0.0699604
0.0699604
0
0.0699604
0.0699604
0.0699604
0.0699604
0.0699604
0.0699604
0.0699604
0.0699604
0.0699604
0.0699604
0.0699604
0.0699604
0.0699604
0.0699604
0.0699604
0.0699604
0.0699604
0.0699604
0.0699604
0.0699604
0.0699604
0.0699604
0.0699604
0.0699604
0.0699604
0.0699604
0.0699604
0.0699604
0.0699604
0.0699604
0.0699604
0.0699604
0.0699604
0.0699604
0.0699604
0.0699604
0.0699604
0.0699604
0.0699604
0.0699604
0.0699604
0.0699604
0.0699604
0.0699604
0.0699604
0.0699604
0.0699604
0.0699604
0.0699604
0.0697156
0.0697156
0.0697156
0.0699177
0.069875
0
0
0
0.123797
0.123797
0
0
0
0
0
0
0
0
0
0
0.0719583
0.0719583
0.0719583
0.0719583
0.0699284
0.0699284
0
0.0699284
0
0
0
0
0
0
0
0
0
0
0
0
0
0
0
0
0
0.0719583
0
0
0
0
0
0
0
0
0
0
0
0
0
0
0.0699284
0.0699284
0.0699284
0
0.0897123
0.133705
0
0.13408
0.13408
0.13408
0
0
0
0
0
0
0.0958927
0.0958927
0
0
0
0.0716574
0
0
0
0
0.0719583
0
0.0699284
0
0
0
0
0
0
0
0
0.0699284
0.0699284
0.0699284
0.0699284
0.0699284
0.0699284
0
0.0699284
0.0699284
0.0699284
0
0.0699284
0.0699284
0
0.0699284
0
0
0
0
0
0
0
0
0
0
0
0
0
0.0699284
0.0699284
0
0
0
0
0
0
0
0.0699284
0.0699284
0.0699284
0
0
0
0
0
0
0
0
0
0
0
0
0
0
0
0
0
0
0
0
0
0.0749795
0.0749795
0
0
0
0
0.0699284
0.0699284
0.0699284
0.0898933
0.0717035
0.0945439
0
0
0
0
0
0
0
0
0
0
0
0
0
0
0
0
0
0
0
0.0965328
0
0.0699284
0.0699284
0.0699284
0
0.0717958
0
0
0
0
0
0
0
0
0
0
0
0
0
0
0
0
0
0.0699284
0.0699284
0.0699284
0
0.0717958
0
0
0
0
0
0
0
0
0
0
0
0
0
0
0
0
0
0
0
0.0830634
0.0830634
0.0830634
0.0830634
0.0735463
0.0735463
0
0.0735463
0.0735463
0.0735463
0.0735463
0.0735463
0.0735463
0.0735463
0
0
0
0
0
0
0
0
0
0
0
0
0
0
0
0
0
0
0
0
0
0
0
0
0
0
0
0
0
0
0
0
0
0
0
0
0
0
0
0
0
0
0
0
0
0
0
0
0
0
0
0
0
0
0
0
0
0
0
0
0
0
0
0
0
0
0
0
0
0
0
0
0
0
0
0
0
0
0
0
0
0
0
0.0714172
0.0714172
0.0714172
0
0
0
0
0
0
0
0
0
0
0
0
0.0714172
0.0714172
0
0
0
0
0.0735463
0.0735463
0
0.0735463
0.0735463
0.0735463
0.0735463
0
0.0735463
0
0
0
0
0
0
0
0
0
0
0
0
0
0
0
0
0
0
0
0
0
0
0
0
0
0.0691095
0
0.069705
0.069705
0
0.069705
0.069705
0
0
0
0
0
0
0
0
0
0
0
0
0
0
0
0
0
0
0.0735339
0
0
0
0
0
0
0
0.0719583
0.0719583
0.0719583
0.0719583
0.0719583
0.069705
0.069705
0
0.069705
0
0.069705
0.069705
0.0717958
0
0
0
0
0
0
0
0
0
0
0
0
0
0.126681
0.126681
0
0.126809
0.116346
0.116346
0
0.116346
0
0
0
0
0
0
0
0
0
0
0
0
0
0
0
0
0
0
0
0
0
0
0
0
0
0
0
0
0
0.0898027
0
0.0898253
0.0889328
0
0.0889548
0
0
0
0
0
0
0
0
0
0
0
0
0
0
0
0
0
0
0
0.0695048
0.0695048
0.0695048
0.0719466
0
0.0697262
0.069907
0.0698963
0
0
0
0
0
0
0
0
0.128631
0
0
0
0
0
0
0
0
0
0
0
0
0
0.0719583
0
0
0
