0.0241825
0.0241825
0.0241825
0.0241825
0
0
0
0
0
0
0
0
0
0
0
0
0.0241825
0
0.0238163
0.0238163
0
0.0238163
0.0238163
0.0241578
0
0.0241719
0
0
0
0
0
0
0
0
0
0
0
0
0
0
0
0
0
0
0
0
0
0
0
0
0
0
0
0
0
0
0
0
0
0
0
0
0
0
0
0
0
0
0
0
0
0
0
0
0
0
0
0
0
0
0
0
0
0
0
0
0
0
0
0
0
0
0
0
0
0
0
0
0
0
0
0
0
0
0
0
0
0
0
0
0
0
0
0
0
0
0
0
0
0
0
0
0
0
0
0
0
0
0
0
0
0
0
0
0
0
0
0
0
0
0
0.0249029
0
0.0574485
0.0574485
0.0430531
0.057639
0.057687
0
0
0
0
0
0
0
0
0
0
0.0444774
0.0444774
0.0444774
0.0444774
0
0
0
0
0
0
0
0
0
0
0
0
0
0
0
0
0
0
0
0
0
0
0
0
0
0
0
0.0238129
0.0240667
0.0240667
0
0.0240667
0.0240667
0.0240667
0
0.0240667
0.0240667
0.0308167
0
0.0434372
0
0
0
0.0329065
0.0329065
0.0246744
0.0313497
0
0.0239388
0.0239388
0
0.0239388
0.0239388
0
0.0239388
0.0239388
0
0.0327913
0.0327913
0.0385043
0
0.0440225
0.0440225
0
0
0
0
0
0
0
0.0245737
0.0241402
0.0240667
0.0439375
0
0
0
0
0
0
0
0
0
0
0
0
0
0
0
0
0
0
0
0
0
0
0
0
0
0
0
0
0
0
0
0
0
0
0
0
0
0
0
0
0
0
0
0
0
0
0
0
0
0
0
0
0
0
0
0
0
0
0
0
0
0
0
0
0
0
0
0
0
0
0
0
0
0
0
0
0
0
0
0
0
0
0
0
0
0
0
0
0
0
0
0
0
0
0
0
0
0
0
0
0
0
0
0
0
0
0.0238062
0.0238062
0.0238062
0.0238062
0.0238062
0.0238062
0.0238062
0.0238062
0.0238062
0.0238062
0.0238062
0.0238062
0.0238062
0.0238062
0.0238062
0.0238062
0.0238062
0.0238062
0.0238062
0.0238062
0.0238062
0.0238062
0.0238062
0.0238062
0.0238062
0.0238062
0.0241825
0.0241825
0.0238366
0.0241614
0.0241755
0.0241825
0.0241825
0.024179
0.0241825
0.0241825
0.0241825
0.0241825
0.024179
0.0241825
0.0241825
0.0241825
0.0241825
0.0241825
0.024179
0.0241825
0.0241825
0.0241825
0.0241825
0.0826192
0
0
0
0.0237056
0
0
0
0
0
0
0.0354218
0.0354218
0.0354107
0.0354107
0.0354107
0.0354107
0.0354107
0
0
0
0.0354107
0.0354107
0.0443897
0.0443897
0.0464489
0.0443897
0
0
0
0
0
0
0.0462745
0
0.0353112
0.0353112
0.0353112
0.0353112
0.0353112
0.0353112
0
0.0353112
0.0353112
0.0353112
0.0353112
0
0.036442
0
0.0365392
0
0.0442158
0
0
0
0
0
0
0
0
0
0
0
0
0
0
0
0
0
0
0.0461511
0
0
0
0
0.036527
0.0356802
0.0464489
0.0356802
0
0
0.0365392
0.0354107
0
0
0
0.0459315
0
0
0
0
0
0
0
0
0
0
0
0
0.0241367
0.0240424
0.0240424
0.0240424
0.0249106
0
0.0241156
0.0241755
0.0241719
0
0
0
0
0
0
0
0
0
0
0
0
0
0
0
0
0
0
0
0
0
0
0.0249145
0
0
0
0.0229658
0.0229658
0.0229658
0.0229658
0.0229658
0.0229658
0.0229658
0.0229658
0.0229658
0.0229658
0.0229658
0.0229658
0.0229658
0.0229658
0.0229658
0.0235473
0.0234114
0.0234082
0.0234759
0.0238062
0.0234629
0.023505
0.0238062
0.0235278
0.023518
0.0238028
0.0238062
0
0
0
0.0241086
0.0241086
0
0.0241086
0
0.0241086
0.0241086
0.0248606
0
0
0
0
0
0
0
0.0414692
0.0237725
0.0237725
0
0.0237725
0.0237725
0.0247955
0
0.0241755
0
0
0
0
0
0
0
0
0
0
0
0
0
0
0
0.0241825
0.0241825
0
0.0241825
0
0
0
0
0
0
0
0
0
0
0
0
0
0
0
0
0
0.0249145
0
0
0
0
0
0
0
0
0
0
0
0
0
0
0.0241825
0.0241825
0
0.0241825
0
0.0241825
0.0241825
0.0241825
0
0
0.0463241
0.0241825
0.0241825
0
0
0
0
0
0
0
0
0
0
0
0
0
0.0241825
0.0241825
0
0.0241825
0.0241825
0.0241825
0.0241825
0.0241825
0.0241825
0.0241825
0.0241825
0.0241825
0.0241825
0.0241825
0.0241825
0.0241825
0
0
0
0
0
0
0
0
0.0248184
0.0248184
0.0241825
0.0241825
0
0
0
0
0
0
0
0
0
0
0.0241086
0.0241086
0
0.0241086
0.0241086
0
0
0
0
0
0
0
0
0
0
0
0
0
0
0
0
0
0
0.025437
0
0
0
0
0
0
0
0.0249145
0.0249145
0.0249145
0.0249145
0.0249145
0.0241825
0.0241825
0.0241825
0.0241825
0
0.0241825
0.0241825
0
0.0241825
0.0241825
0.0241825
0.0241825
0.0241825
0.0241825
0.0241825
0.0241825
0.0241825
0.0241825
0
0
0
0
0
0
0
0
0
0
0
0
0
0
0.0248184
0.0264628
0.0336909
0
0
0
0
0
0
0
0
0
0
0
0
0.0241825
0
0
0
0
0
0
0
0
0
0.0241825
0.0241825
0.0241825
0
0.0252578
0
0
0
0
0
0
0
0
0
0
0
0
0
0
0
0
0
0
0
0
0
0
0
0
0
0
0
0
0
0
0
0
0
0
0
0
0
0
0
0
0
0
0
0
0
0
0
0
0
0
0
0
0
0
0
0
0
0.0310236
0
0.0310311
0.030751
0
0.0307583
0
0
0
0
0
0
0
0
0
0
0
0
0
0
0
0
0
0
0
0.0241121
0.0241121
0.0241121
0.024179
0.0241649
0
0
0
0
0
0
0
0
0
0
0
0
0
0
0
0.0249145
0.0249145
0.0249145
0.0249145
0.024179
0.024179
0.024179
0.024179
0.024179
0.024179
0.0241896
0.024179
0.024179
0.024179
0.024179
0
0
0.0241932
0
0
0
0
0
0
0
0
0
0
0
0
0
0.0254411
0.57735
0
0
0
0
0
0
0
0
0
0
0
0
0.57735
0.0241825
0.0241825
0.0241825
0.0241825
0.0241825
0.0241825
0
0.0241825
0.0241825
0.0241825
0
0.0241825
0.0241825
0
0.0241825
0
0
0
0
0
0
0
0
0.046349
0.046349
0
0
0.0339324
0.0241825
0.0241825
0
0
0
0
0
0
0
0.0464489
0.0464489
0.0464489
0.0464489
0.0464489
0.0464489
0.0464489
0
0
0
0.0464489
0.0464489
0
0
0
0
0.0464489
0.0464489
0.0464489
0.0464489
0.0464489
0
0
0
0
0
0
0
0
0
0
0
0
0
0
0
0
0
0
0
0
0
0
0
0
0
0
0
0
0
0
0
0
0
0
0
0
0
0
0
0
0
0
0
0
0
0
0
0
0
0
0
0
0
0
0
0
0
0
0
0
0
0
0
0
0
0
0
0
0
0.0238062
0.0238062
0.0238062
0.0238062
0.0238062
0.0241825
0.194257
0
0
0
0
0
0
0.0401934
0.0401934
0
0
0
0
0.048737
0
0
0
0
0
0
0
0
0
0
0
0
0
0
0
0
0
0
0
0
0
0
0
0
0
0
0
0
0
0
0
0
0
0
0
0
0
0
0
0
0
0
0
0
0
0
0
0
0
0.0241367
0.0241367
0
0
0
0
0.046225
0.046225
0.046225
0.046225
0.046225
0.046225
0.046225
0
0
0
0
0.0573539
0.0573539
0.0573539
0.0573539
0.0573539
0
0.0574485
0
0.057496
0.057496
0.057496
0.057496
0
0.057496
0
0.0575435
0
0
0
0
0
0
0
0
0
0
0
0
0
0
0
0
0
0
0
0
0
0
0
0
0
0
0
0
0
0
0
0
0
0
0
0
0
0
0
0
0
0
0
0
0
0
0
0
0
0
0
0
0
0
0
0
0
0
0
0
0
0
0
0
0
0
0
0
0
0
0
0.0241825
0
0.0230052
0.0230052
0
0.0230052
0.0230052
0.0230052
0.0230052
0.0230052
0.0230052
0.0242073
0.0242073
0.0242073
0.0242073
0.0242073
0.0242073
0.0242073
0.0242073
0.0242073
0.0242109
0
0.0242073
0
0.0242073
0
0.0242073
0
0.0242073
0.0242073
0.0242073
0.0256917
0.0256917
0
0.0256917
0
0.0256917
0.0256917
0.0256917
0.0256917
0.0230235
0
0.0230235
0
0.0230235
0.0230235
0.0230266
0
0
0
0
0
0
0
0
0
0
0
0
0
0
0
0
0
0
0
0
0
0
0
0
0
0
0
0
0
0
0
0
0
0
0
0
0
0
0
0
0
0
0
0
0
0
0
0
0
0
0
0
0
0
0
0
0
0
0
0
0
0
0
0
0
0
0
0
0
0
0
0
0.0230052
0.0230052
0.0230052
0.0230052
0
0.0230052
0
0.0230052
0
0.0230052
0.0230052
0.0230052
0.0230052
0.0230052
0.0230052
0
0
0
0
0.0230052
0
0.0230052
0.0230052
0.0230052
0
0
0.0230052
0
0.0230052
0
0
0
0
0
0
0.0230052
0.0230052
0.0230052
0.0230052
0.0230052
0.0230052
0.0230052
0
0
0
0
0.0230052
0
0.0230052
0.0230052
0.0230052
0
0
0
0
0
0
0
0
0
0
0
0
0
0
0
0
0
0
0
0
0
0
0
0
0
0
0
0
0
0
0
0
0
0
0
0
0
0
0
0
0
0
0
0
0
0
0
0
0
0
0
0
0
0
0
0
0
0
0
0
0
0
0
0
0
0
0.0230052
0
0
0
0
0
0
0
0
0
0
0
0
0
0
0
0
0
0
0
0
0
0
0
0
0
0
0
0
0
0
0
0
0
0
0
0
0
0
0
0
0
0
0.0381246
0.0381246
0.0381246
0
0.0381246
0.0424859
0.0424859
0.0424859
0.0424859
0.0435814
0.0489116
0.0488532
0.0488532
0.0488532
0
0
0
0
0
0
0
0
0
0
0
0.0488532
0.0488532
0
0.0488532
0.0441942
0
0.0441942
0.0459073
0
0
0
0
0
0
0
0
0
0
0
0
0
0
0
0
0
0
0
0
0
0
0
0
0
0.0254452
0
0
0
0
0
0
0
0
0
0
0
0
0
0
0
0
0
0
0
0
0
0
0
0
0
0
0
0
0
0
0
0
0
0
0
0
0
0
0
0.0476461
0.0476461
0.0476461
0.0476461
0.0476461
0.0476461
0.0476461
0
0
0
0
0
0
0
0
0
0
0
0
0
0
0
0
0
0
0
0
0
0
0
0
0
0
0.0459315
0.0459315
0.0459315
0.0459315
0.0459315
0.0459315
0.0459315
0.0459315
0.0459315
0
0
0
0
0
0
0
0
0
0
0
0
0
0
0
0
0
0
0
0
0
0
0
0
0
0
0
0
0
0
0
0
0
0
0
0
0
0
0
0
0
0
0
0
0
0
0
0
0
0
0
0
0
0
0.0464489
0.0463988
0
0
0
0
0
0
0
0
0
0
0
0
0
0
0
0
0
0
0
0
0
0
0
0
0
0
0
0
0
0
0
0
0
0
0
0
0
0
0
0
0
0
0
0
0
0
0
0
0
0
0
0
0
0
0
0
0
0
0
0
0
0
0
0
0
0
0
0
0
0
0
0
0
0
0
0
0
0
0
0
0
0
0
0
0
0
0
0
0
0
0
0
0
0
0
0
0
0
0
0
0
0
0
0
0
0
0
0
0
0
0
0
0
0
0
0
0
0
0
0
0
0
0
0
0
0
0
0
0
0
0
0
0
0
0
0
0
0
0
0
0
0
0
0
0
0
0.0475651
0
0
0
0
0
0
0
0
0
0
0
0
0
0
0
0
0
0
0
0
0
0
0
0
0
0
0
0
0
0
0
0
0
0
0
0
0.0411693
0.0411693
0.0356122
0.0356122
0
0
0
0
0
0.0558146
0
0
0
0
0
0
0
0
0
0
0.09759
0.09759
0
0.164399
0
0
0
0
0
0
0
0
0
0
0
0
0
0
0
0
0
0
0
0
0
0
0
0
0
0
0
0
0
0
0
0
0
0
0
0
0
0
0
0
0
0
0
0
0
0
0
0
0
0
0
0
0
0
0
0
0
0
0
0
0
0
0.0424476
0.0424476
0.0424476
0
0
0
0
0
0
0
0.0490585
0
0
0
0
0
0
0
0
0
0
0
0
0.0422389
0
0
0
0
0
0.0284959
0.0284959
0
0
0
0
0
0
0
0
0
0
0
0
0
0
0
0
0
0
0
0
0
0
0
0
0.0467014
0.0503793
0
0
0
0
0
0
0
0
0
0
0
0
0
0
0
0
0
0
0
0
0
0
0
0
0
0
0
0
0
0
0
0.0247272
0.0247272
0.0247272
0.0247272
0.0247272
0.0247272
0.0247272
0.0303309
0.0301511
0.027032
0
0.027032
0.027032
0.027032
0
0.027032
0.027032
0.027032
0.0276501
0.0276501
0.027032
0.027032
0.027032
0.0257385
0
0
0
0
0
0
0
0
0
0
0.0247272
0.0247272
0.0247272
0.0247272
0.0247272
0.0247272
0
0
0
0
0
0
0
0
0.0241825
0.0241825
0.0241825
0.0241825
0.0241825
0
0
0
0
0
0
0.0341295
0
0.046225
0
0
0
0.0241932
0.0241932
0.0241932
0.0241932
0.0241932
0.0241932
0.0241932
0.0241932
0.0241932
0.0241932
0.0241932
0.0241932
0.0241932
0.0241932
0.0241932
0.0241932
0.0241932
0.0241932
0.0241932
0.0241932
0.0241932
0.0241932
0.0241932
0.0241932
0.0241932
0.0241932
0.0241932
0.0241932
0.0241896
0.0241932
0.0241932
0.0241932
0.0241932
0.0241825
0.0241932
0.0241825
0.0253023
0.0241825
0.0241825
0.0242786
0.0241825
0.0241825
0.0241825
0.0241825
0.0241825
0.0241825
0.0241825
0.0241825
0.0241825
0.0241825
0.0241825
0.0241825
0.0241825
0.0241825
0.0241825
0.0241825
0.0241825
0.0241825
0.0241825
0.0241825
0.0241825
0.0241825
0.0241825
0.0241825
0.0241825
0.0241825
0.0241825
0.0241825
0.0241825
0.0241825
0.0241825
0.0241825
0.0241825
0.0241825
0.0241825
0.0241825
0.0241825
0.0241825
0.0242786
0.0241825
0.0241825
0
0
0
0
0
0
0
0
0
0
0
0
0
0
0
0
0
0
0
0
0
0
0
0
0
0
0
0
0
0
0
0
0
0
0
0
0
0.0373197
0.0373587
0
0
0
0
0
0
0
0
0
0.0376755
0
0
0
0
0
0
0
0
0
0
0
0
0
0
0
0
0
0
0
0
0
0
0
0
0
0
0
0
0
0
0
0
0
0
0
0
0
0
0
0
0
0
0
0
0
0
0
0
0
0
0
0
0
0
0
0
0
0
0
0
0
0
0
0
0
0
0
0
0
0
0
0
0
0
0
0
0
0
0
0
0
0
0
0
0
0
0
0
0
0
0
0
0
0
0
0
0
0
0
0
0
0
0
0
0
0
0
0
0
0
0
0
0
0
0
0
0
0
0
0
0
0
0
0
0
0
0
0
0
0
0
0
0
0
0
0
0
0
0
0
0
0
0
0
0
0
0
0
0
0
0
0
0
0
0
0
0
0
0
0
0
0
0
0
0
0
0
0
0
0
0
0
0
0
0
0
0
0
0
0
0
0
0
0
0
0
0
0
0
0
0
0
0
0
0
0
0
0
0
0
0
0
0
0
0
0
0
0
0.0313651
0.0313651
0.0313651
0.031427
0.031427
0.0292103
0.0295398
0
0
0
0
0
0
0.0291544
0.0291544
0
0
0
0
0
0
0
0
0
0
0
0
0
0
0
0
0
0
0
0
0
0
0
0
0
0
0
0
0
0
0
0
0
0
0
0
0
0
0
0
0
0
0
0
0
0
0
0
0
0
0
0
0
0
0
0
0
0
0
0
0
0
0
0
0
0
0
0
0
0
0
0
0
0
0
0.0238841
0
0
0
0.0238841
0.0238841
0.0238841
0.0238841
0.0238841
0.0238841
0.0238841
0.0238841
0.0238841
0.0238841
0.0238841
0.0238841
0.0238841
0.0238841
0.0238841
0.0238841
0.0238841
0.0238841
0
0.0238841
0
0.0264028
0.0264028
0.0264028
0.0264166
0.0264166
0.0264166
0
0
0
0
0
0
0
0
0
0
0.0264028
0.0264028
0
0.0264028
0
0
0
0
0
0
0
0
0
0
0
0
0
0
0
0
0
0
0
0
0
0
0
0
0
0
0
0.0248222
0.0366003
0.0263386
0.0443025
0
0.0443242
0
0
0
0
0
0
0
0
0
0
0
0
0
0
0
0
0
0
0
0
0
0
0
0
0
0
0
0
0
0
0
0
0.0264166
0.0264166
0.0264166
0
0
0
0
0
0
0
0
0
0
0
0
0
0.0229658
0.0229658
0.0229658
0
0
0
0
0
0.0240632
0.0505076
0.0505076
0.471405
0
0
0.0955637
0
0
0
0
0
0
0
0
0
0
0
0
0
0
0
0
0
0
0
0
0
0
0
0
0
0
0
0
0
0
0
0
0
0
0
0
0
0
0
0
0
0
0
0
0
0
0
0
0
0
0
0
0
0
0
0.333333
0.353553
0.308607
0.308607
0.308607
0.308607
0
0.324443
0.324443
0.324443
0.342997
0
0
0.112867
0.112867
0.112867
0.112867
0
0.113228
0
0.113592
0
0.113961
0
0
0
0.114332
0.114332
0
0.114708
0.114708
0.114708
0.114708
0.114708
0.119523
0.119523
0
0.119523
0.377964
0.57735
1
0
0
0
0
0
0
0
0
0.114708
0
0
0
0
0
0
0
0
0
0
0
0
0
0
0
0
0
0
0
0
0
0
0
0
0.111456
0.111803
0.113228
0.117444
0
0
0
0
0
0
0
0
0
0
0.254
0
0.258199
0.258199
0.267261
0.267261
0.267261
0.267261
0.267261
0
0
0
0
0
0
0
0
0
0
0
0
0.267261
0.267261
0.267261
0.267261
0.267261
0.267261
0.267261
0
0
0
0
0
0
0
0
0
0
0
0
0
0
0
0
0
0
0
0
0
0
0
0
0
0
0
0
0
0
0
0
0
0
0
0
0
0
0
0
0
0
0
0
0
0
0
0
0
0
0
0
0
0
0
0
0
0
0
0
0
0
0
0
0
0
0
0
0
0
0
0
0
0
0
0
0
0
0
0
0
0
0
0
0
0
0
0
0
0
0
0
0
0
0
0
0
0
0
0
0
0
0
0.0241825
0.0241825
0
0
0
0.0254411
0.0254411
0.0254411
0
0.0254411
0.0254411
0
0.0254411
0
0.0254411
0.0254411
0.0254411
0
0
0
0
0
0
0
0
0
0
0
0
0
0
0
0
0
0.0254411
0.0254411
0.0254411
0.0254411
0.0254411
0.0254411
0.0254411
0.0254411
0.0254411
0.0254411
0.0254411
0.0254411
0.0254411
0.0254411
0.0254411
0.0254411
0.0254411
0.0254411
0.0254411
0.0254411
0.0254411
0.0254411
0.0254411
0.0254411
0.0254411
0.0254411
0.0254411
0.0254411
0.0254411
0.0254411
0.0254411
0.0254411
0.0254411
0.0254411
0.0254411
0.0254411
0.0254411
0.0254411
0.0254411
0.0254411
0.0254411
0.0254411
0.0254411
0.0254411
0.0254411
0
0.0254411
0
0.0254411
0.0254411
0.0254411
0
0
0
0
0
0
0
0
0.0254411
0.0254411
0
0.0254411
0.0254411
0.0254411
0.0254411
0
0.0254411
0
0
0
0
0
0
0
0
0
0
0
0
0
0
0
0
0
0
0
0
0
0
0
0
0
0
0
0
0
0
0
0.0516398
0.0254411
0.0254411
0
0.0254411
0.0254411
0.0254411
0.0254411
0.0254411
0.0254411
0.0254411
0
0.0423334
0.0423334
0
0
0
0
0
0
0
0
0
0
0
0
0
0
0
0
0
0
0
0
0
0
0
0
0
0
0
0.0486792
0.0486792
0.0490585
0.0490585
0
0
0
0
0.0493865
0
0
0
0
0
0
0
0.0498135
0.0499376
0
0
0
0
0.051198
0
0
0
0
0
0
0
0
0
0
0
0
0
0
0
0
0.0495986
0
0
0
0
0.0495986
0
0
0
0
0
0
0
0
0
0
0
0
0
0
0
0
0
0.0517088
0.0241825
0.0241825
0.0241932
0.0241932
0.0241932
0.0241932
0.0241932
0.0241932
0.0241932
0.0241932
0.0241932
0.0241932
0.0241932
0.0241932
0.0241932
0.0241932
0.0241932
0.0241932
0.0241932
0.0241932
0.0241932
0.0241932
0.0241932
0.0241932
0.0241932
0
0.0241932
0.0241932
0.0241932
0.0241932
0.0241932
0.0241932
0.0241932
0.0241932
0.0241932
0.0241932
0.0241932
0.0241932
0.0241932
0.0241932
0.0241932
0.0241932
0.0241932
0.0241932
0.0241932
0.0241932
0.0241932
0.0241932
0.0241932
0.0241932
0.0241932
0.0241932
0.0241932
0.0241932
0.0241932
0.0241932
0.0241932
0.0241932
0.0241932
0.0241932
0.0241932
0.0241932
0.0241932
0.0241932
0.0241932
0.0241932
0.0241932
0.0241932
0.0241932
0.0241932
0.0241932
0.0241932
0.0241932
0.0241932
0.0241932
0.0241825
0.0241825
0.0241825
0.0241825
0.0241825
0
0.0353002
0
0
0
0
0
0
0
0
0
0
0
0
0
0
0
0
0
0
0
0
0
0
0
0
0
0
0
0
0
0
0
0
0
0
0
0
0
0
0
0
0
0
0
0
0
0
0
0
0
0
0
0
0
0
0
0
0
0
0
0
0
0
0
0
0
0
0
0
0
0
0
0
0
0
0
0
0
0
0
0
0
0
0.0334263
0.0334263
0.0334263
0.0334263
0.0334263
0
0.0334263
0.0247727
0
0
0
0
0
0.0249145
0
0
0
0
0
0
0
0.0241825
0.0241825
0.0241825
0
0.0241825
0.0241825
0.0241825
0.0241825
0.0241825
0.0241825
0.0241825
0.0241825
0.0241825
0.0241825
0.0241825
0.0241825
0.0241825
0.0241825
0.0241825
0.0241825
0.0241825
0.0241825
0.0241825
0.0241825
0.0241825
0.0244558
0
0.0244814
0.0435814
0
0.0435814
0.0435814
0.0331588
0
0.0331588
0.0331588
0.0331588
0.0331588
0.0331588
0.0440867
0
0
0
0
0
0
0
0
0
0
0
0
0
0
0
0
0
0
0
0
0
0
0.0241825
0.0241825
0.0241825
0.0241825
0.0241825
0.0241825
0.0241825
0.0241825
0.0241825
0.0241825
0.0241825
0.0241825
0.0241825
0.0241825
0.0241825
0.0241825
0.0241825
0.0241825
0.0241825
0.0241825
0.0241825
0.0241825
0.0241825
0.0241825
0.0241825
0.0241825
0.0241825
0.0241825
0.0241825
0.0241825
0.0241825
0.0241825
0.0241825
0.0241825
0.0241825
0.0241825
0.0241825
0.0241825
0
0
0.0441511
0.0441511
0.0441511
0.0434167
0.0434167
0.0434167
0.0436852
0
0.0286593
0
0
0
0.0291296
0.0291296
0.0291296
0.0304926
0.0304926
0.0304926
0.0455488
0.0304926
0.0304926
0.0304926
0.0304926
0
0.0304926
0.0436644
0
0.0437061
0.0436644
0.0436644
0.0437061
0.0304926
0.0353996
0.0310535
0.0310535
0.0310535
0.0334263
0.0334263
0.0308167
0.0308167
0.0308167
0
0.0325991
0.0325991
0.0438108
0.0438108
0.0438108
0.044346
0
0
0
0.0436021
0.0434577
0.0434577
0
0.0434577
0.0434577
0
0.0434577
0.0336241
0
0.044346
0.044346
0.0443897
0
0.0323762
0.0328443
0.043874
0
0
0
0
0
0.0307583
0.0307583
0.0307729
0.0307729
0.0307583
0.0243613
0.0286593
0.0286593
0.0286593
0.0286593
0.0286593
0.0241825
0.0411693
0.0411693
0.0411693
0.0411693
0.0411693
0.0456912
0.0461511
0
0.0461511
0.0456912
0
0
0.0411693
0.0411693
0
0.0411693
0.0411693
0.0411693
0.0411693
0.0411693
0.0411693
0.0411693
0
0
0.0411693
0.0411693
0.0411693
0
0
0.0411693
0.0411693
0.0411693
0
0
0
0
0
0
0
0
0
0
0.0456912
0.0444554
0.0444554
0.0444554
0.0445657
0
0
0
0.0444554
0.0444554
0.0411693
0.0411693
0.0411693
0.0445878
0.0411693
0.0445878
0.0411693
0.0411693
0.0411693
0.0411693
0.0411693
0.0439799
0.0243613
0.0243613
0.0243613
0.0243613
0.0243613
0.0243613
0.0243613
0.0243613
0.0243613
0.0243613
0.0243613
0.0243613
0.0243613
0.0243613
0.0243613
0.0243613
0.030693
0.030693
0.0305995
0
0.0313189
0
0.033445
0.0303449
0
0.0309049
0
0
0
0
0
0
0
0
0
0
0
0
0
0
0.0327385
0.0327385
0.0327385
0.0327385
0
0
0
0
0
0.0327385
0.0327385
0.0327385
0.0241825
0.0241825
0.0241825
0
0.0309418
0
0
0
0
0
0
0
0
0
0
0
0.0331406
0.0331406
0
0
0
0.0247575
0
0
0
0
0.0249145
0.0347419
0.0241825
0
0.0446544
0.0446544
0.0446544
0.0446767
0.0446544
0
0
0.0241825
0.0241825
0.0241825
0.0241825
0
0
0
0
0
0
0
0
0
0
0
0
0
0
0.0241825
0.0241825
0
0
0
0
0.0241825
0.0241825
0.0241825
0
0
0
0
0
0
0
0
0
0
0
0
0
0
0
0
0
0
0
0
0
0.0258501
0.0258501
0
0
0
0
0.0241825
0.0241825
0.0241825
0.0337196
0
0
0
0.0248913
0.0436852
0.0437061
0
0
0
0.0241825
0.0241825
0.0241825
0.0309789
0.0247727
0.032721
0
0
0
0
0
0
0
0
0
0
0
0
0
0
0
0
0
0
0
0.033445
0
0.0241825
0.0241825
0.0241825
0
0.0249727
0
0
0
0
0
0
0
0
0
0
0
0
0
0
0
0
0
0.0241825
0.0241825
0
0
0
0
0
0.0241825
0.0241825
0.0241825
0
0.0439163
0.0446322
0
0.0446322
0
0
0
0
0
0
0
0
0
0
0
0
0
0
0.0443025
0.0443025
0.0443025
0
0.0443025
0.0443025
0.0443025
0.0443025
0.0443025
0.0443025
0
0.0443025
0.0443025
0.0443025
0.0443025
0
0.0445657
0
0.0443025
0.0443025
0.0443025
0.0443025
0.0248031
0
0
0.0249145
0.0353775
0.0461757
0.0441726
0.0441726
0.0441726
0.0445215
0.0441726
0
0
0.0241825
0.0241825
0.0241825
0
0.0249727
0.0441726
0
0
0
0
0
0
0
0
0
0
0
0
0
0
0
0
0
0
0.0286593
0.0286593
0.0286593
0.0286593
0.0427765
0.0427765
0
0
0
0
0
0
0
0
0
0
0
0
0
0
0
0
0
0.0427765
0
0
0.0427765
0
0
0
0
0
0.0427765
0.0427765
0
0.0427765
0
0
0
0
0
0
0
0
0
0
0
0
0
0
0
0
0
0
0
0
0
0
0
0.0376755
0.0376755
0.0376755
0
0
0
0
0
0
0
0
0
0
0
0
0
0
0
0
0
0
0
0
0
0
0.0464489
0.0464489
0.0464489
0.0464489
0.0464489
0.0595491
0
0.0464489
0
0.0464489
0.0464489
0.0464489
0.0464489
0.0464489
0.0464489
0.0464489
0.0464489
0.0464489
0
0
0
0
0
0
0
0
0
0
0
0
0
0
0
0
0
0
0
0
0.0464489
0.0464489
0.0464489
0.0464489
0.0464489
0.0464489
0.0464489
0.0464489
0.0464489
0.0464489
0.0464489
0.0464489
0.0464489
0.0464489
0.0464489
0.0464489
0.0464489
0.0446544
0.0446544
0.0500626
0.0500626
0.0446544
0.0446544
0.0446544
0
0
0
0
0
0
0
0
0.0463988
0.0446544
0.0446544
0.046349
0.0490881
0.0490881
0.0490881
0
0.0446544
0.0446544
0.0446544
0.0446544
0.0446544
0.0503473
0.0503473
0.0503473
0.0503473
0.0446544
0.0446544
0.0500626
0.0500626
0.0446544
0.0446544
0.0446544
0
0
0
0
0
0.0493264
0
0.0493264
0.0494166
0.0494166
0
0.0494166
0.0494166
0
0
0
0
0
0
0
0
0
0
0
0
0
0
0
0
0
0
0
0
0
0
0
0
0.0503473
0.0502836
0
0
0
0
0
0
0
0
0
0
0
0
0
0
0
0
0
0
0
0
0
0
0.0446544
0.0446544
0.0446544
0.0446544
0.0446544
0.0446544
0.0446544
0.0446544
0.0446544
0.0500626
0.0446544
0
0.0446544
0.0446544
0.0446544
0.0446767
0.0446767
0.0446767
0.0446767
0.0446767
0.0446767
0.0446767
0.0446767
0.0446767
0.0446767
0.0446767
0.0446544
0.0446544
0.0446544
0.0446544
0.0446544
0.0446544
0.0446544
0.0446544
0.0446544
0.0446544
0.0446544
0.0446544
0.0446544
0.0446544
0.0446544
0.0446544
0.0446544
0.0446544
0.0446544
0.0446544
0.0446544
0.0461757
0
0
0.0460531
0.0376755
0.0376755
0.0376755
0.0376755
0.0376755
0
0.0376755
0.0376755
0.0376755
0
0
0.0376755
0
0
0
0
0
0
0
0
0
0
0
0
0
0
0
0
0
0
0
0
0
0
0
0
0
0
0
0
0
0
0
0
0
0.0376755
0.0376755
0.0376755
0.0376755
0.0376755
0.0376755
0.0376755
0.0376755
0.0376755
0.0376755
0.0376755
0.0376755
0.0376755
0.0376755
0.0376755
0.0376755
0.0376755
0.0376755
0.0376755
0.0376755
0.0376755
0.0376755
0.0376755
0.0376755
0.0376755
0.0376755
0.0376755
0.0376755
0.0376755
0.0376755
0.0376755
0.0376755
0.0376755
0.0376755
0.0376755
0.0376755
0.0376755
0.0376755
0.0376755
0.0376755
0.0376755
0.0376755
0.0376755
0.0376755
0.0376755
0
0.0376755
0
0.0376755
0.0376755
0.0376755
0
0
0
0
0
0
0
0
0
0
0
0
0
0
0
0
0
0.0376889
0.0376889
0.0376889
0
0
0
0
0
0
0
0
0
0
0
0
0.0376889
0.0376889
0
0
0
0
0.0247272
0.0247272
0.0247272
0.0247272
0
0
0
0
0
0
0
0
0
0
0
0
0.0247272
0.0247272
0
0
0
0
0.0376755
0.0376755
0.0376755
0.0376755
0.0376755
0.0376755
0
0
0
0
0
0
0
0
0
0
0
0
0
0
0
0
0
0
0
0
0
0
0
0
0
0
0
0
0
0
0
0
0.0446767
0.0447661
0
0
0
0
0.0448561
0
0
0
0
0
0
0
0
0
0
0
0
0
0
0
0
0
0
0
0
0
0
0
0
0
0
0
0
0
0
0.0431131
0.0431131
0.0431131
0.0431131
0.0431131
0.0431131
0.0571195
0
0.0431131
0.0431131
0
0.0431131
0.0431131
0.0431131
0.0431131
0.0431131
0.0431131
0.0431131
0
0
0.0431131
0.0431131
0.0431131
0.0431131
0.0431131
0.0431131
0.0454311
0.0454311
0.0431131
0.0431131
0.0431131
0
0
0
0
0.0454077
0
0
0
0
0
0.0431131
0.0431131
0.0431131
0
0
0
0.0431131
0.0431131
0.0431131
0.0431131
0
0.0431131
0.0431131
0.0431131
0.0431131
0.0431131
0.0431131
0.0431131
0.0431131
0.0431131
0.0244084
0.0244084
0.0244084
0.0244084
0.0244084
0.0247045
0
0.0244084
0.0244084
0
0.0244084
0.0244084
0.0244084
0.0244084
0.0244084
0.0244084
0.0244084
0
0
0.0244084
0.0244084
0.0244084
0
0
0.0244084
0.0244084
0.0244084
0
0
0
0
0.0424285
0
0
0
0
0
0.0244084
0.0244084
0.0244084
0.0298941
0.0302061
0.0302061
0.0455016
0.0302061
0.0302061
0.034805
0.0302061
0.0303518
0.0244084
0.0244084
0.030578
0.0244084
0.030578
0.0244521
0.0446544
0.0446544
0.0446544
0
0
0
0
0.0446544
0.0446544
0.0446544
0.0446544
0.0446544
0.0446544
0.0446544
0.0446544
0.0446544
0.0446544
0.0446544
0.0446544
0.0446544
0.0446544
0.0446544
0.0446544
0.0446544
0
0.0460287
0
0.0462003
0
0
0
0
0
0
0
0
0
0
0
0
0
0
0
0
0
0
0
0
0
0.0460531
0.046102
0.046102
0.046225
0.046225
0.046225
0
0.0461511
0.0461511
0
0
0
0
0.0460531
0
0
0
0
0
0
0
0
0
0
0.0446544
0.0450377
0
0
0
0
0
0
0.0452447
0.0463988
0
0
0
0
0
0
0
0
0
0.0463988
0
0
0
0
0
0
0
0
0
0
0
0
0
0
0
0
0
0
0
0
0
0
0
0
0
0
0
0
0
0
0
0
0
0
0
0.046102
0
0.0461757
0.0446544
0.0446544
0.0446544
0.0446544
0.0446544
0.0446544
0.0446544
0.0446544
0.0446544
0.0446544
0.0446544
0.0446544
0.0446544
0
0
0
0
0
0
0
0
0
0
0
0
0
0
0
0
0
0
0
0
0
0
0
0
0
0
0
0
0
0
0
0
0
0
0
0
0
0
0
0
0
0
0
0
0
0
0
0
0
0
0
0
0
0
0
0
0
0
0
0
0
0
0
0
0
0
0
0
0
0
0
0
0
0
0
0
0
0
0
0
0
0
0
0
0
0
0
0
0
0
0
0
0
0.0230235
0.0230235
0
0.0230235
0.0230235
0.0230235
0.0230235
0.0230235
0.0230235
0.0230235
0.0230235
0
0
0
0
0
0
0
0
0
0
0
0
0
0
0
0
0
0
0
0
0
0
0
0
0
0
0
0
0
0
0
0
0
0
0
0
0
0
0
0
0
0
0
0
0
0
0
0
0
0
0
0
0
0
0
0
0
0
0
0
0
0
0
0
0
0
0
0
0
0
0
0
0
0
0
0
0
0
0
0
0
0
0
0
0
0
0
0
0
0
0
0
0
0
0
0
0
0
0
0
0
0
0
0
0
0
0
0
0
0
0
0
0
0
0
0
0.0230052
0.0230052
0
0
0.0230052
0.0230052
0
0.0230052
0.0230052
0.0230052
0.0230052
0.0230052
0.0230052
0.0230052
0.0230052
0.0230052
0.0230052
0
0.0230052
0.0230052
0
0.0230052
0.0230235
0.0230052
0.0230052
0.0230052
0.0230052
0.0230052
0
0
0.0230052
0
0
0.0230052
0
0.0230052
0.0230052
0.0230052
0
0.0230052
0
0
0.0230052
0.0230235
0.0230235
0.0230235
0.0230235
0.0230235
0.0230235
0.0230235
0.0230235
0
0
0
0
0
0
0.0230052
0.0230052
0.0230052
0.0230052
0.0230052
0
0
0
0.0230052
0.0230052
0.0230052
0.0230052
0.0230052
0.0230052
0.0230052
0.0230052
0.0230052
0.0230052
0
0
0.0230052
0.0230235
0.0230235
0.0230235
0.0230235
0.0230235
0.0230235
0
0
0
0
0
0
0
0
0
0
0
0
0
0
0
0
0
0
0
0
0.0230235
0
0.0230235
0.0230235
0
0
0
0
0.0230235
0
0
0
0
0
0
0
0
0
0
0
0
0
0
0
0
0
0
0
0
0
0.0230235
0.0230235
0.0230235
0.0230235
0.0230235
0.0230235
0.0230235
0.0230235
0.0230235
0.0230235
0.0230235
0.0230235
0.0230235
0.0230235
0.0230235
0.0230235
0
0
0
0
0
0
0
0
0
0
0
0
0
0
0
0
0
0
0
0
0
0
0
0
0
0
0
0
0
0
0
0
0
0
0
0
0
0
0
0
0
0
0
0
0
0
0
0
0
0
0
0
0
0
0
0
0
0
0
0
0
0
0
0
0
0
0
0
0
0
0
0
0
0
0
0
0
0
0
0
0
0
0
0
0
0
0
0
0
0
0
0
0.0230052
0.0230052
0.0230052
0.0230052
0.0230052
0
0
0
0
0
0
0
0
0
0
0
0.0230052
0.0230052
0
0
0
0
0.024179
0.0230235
0.0230235
0.0230235
0.0230235
0.0230235
0.0230235
0.0230235
0.0230235
0.0230235
0.0230235
0.0230235
0.0230235
0.0230235
0.0230235
0.0230235
0.0230235
0.0230235
0.0230235
0.0230235
0.0230235
0.0230235
0.0230235
0
0.0230235
0.0230235
0
0
0.0230235
0.0230235
0.0230235
0.0230235
0
0
0
0
0
0
0
0
0
0
0
0
0
0
0
0
0
0
0
0
0
0
0
0
0
0
0
0
0
0
0
0
0
0
0
0
0
0
0
0
0
0
0
0
0
0
0
0
0
0
0
0
0
0
0
0
0
0
0
0
0
0.0323762
0.0323762
0.0323762
0
0.0323847
0.0323847
0.0403896
0.0403896
0
0.0388661
0.0632456
0
0
0
0
0
0
0
0
0
0
0
0
0
0
0.0323423
0.0323423
0.0323423
0.0323423
0.0403732
0.0384048
0.0630567
0
0
0
0
0
0
0
0
0
0
0
0
0
0
0
0
0
0
0
0
0
0
0
0
0
0
0
0
0
0
0
0
0
0
0
0
0
0
0
0
0
0
0
0
0
0
0
0
0
0
0
0
0
0
0
0
0
0
0
0
0
0
0
0
0
0
0
0
0
0
0
0
0
0
0
0
0
0
0
0.0230235
0.0230235
0.0230235
0.0230235
0.0230235
0.0230235
0
0
0.0230235
0.0230235
0
0
0
0
0
0
0
0.0230235
0.0230235
0.0230235
0
0.0230235
0
0
0.0323847
0
0
0
0
0.0256284
0
0
0
0
0
0.0323423
0.0323423
0.0323423
0.0323423
0.0323423
0.0323423
0.0323423
0.0323423
0.0323423
0.0323423
0.0323423
0.0323423
0.0323423
0.0323423
0.0324699
0
0
0
0.0323423
0.0230235
0.0230235
0.0230235
0.0230235
0.0230235
0.0230235
0
0
0
0
0
0
0
0
0
0
0
0
0
0
0
0
0
0
0
0
0
0
0
0
0
0
0
0
0
0
0
0
0
0
0
0
0
0
0
0
0
0
0
0
0
0
0
0
0
0
0
0
0
0
0
0
0
0
0
0
0
0
0
0
0
0
0
0
0
0
0
0
0
0
0
0
0
0
0
0
0
0
0
0
0
0
0
0
0
0
0
0
0
0
0
0
0
0
0
0
0
0
0
0
0
0
0
0
0
0
0
0
0
0
0
0
0
0
0
0
0
0
0
0
0
0
0
0
0
0
0
0
0
0
0
0
0
0
0
0
0
0
0
0
0
0
0
0
0
0
0
0
0
0
0
0
0
0
0
0
0
0
0
0
0
0
0
0
0
0
0
0
0
0
0
0
0
0
0
0
0.0323423
0.0323423
0.0323423
0.0323423
0.0323423
0.0323423
0
0
0
0
0
0.0323847
0.0323847
0.0323847
0.0323847
0
0
0
0
0
0
0.0230052
0.0230052
0.0230052
0
0
0
0
0
0
0
0
0
0
0
0
0
0
0
0
0
0
0
0
0
0
0
0
0
0
0
0
0
0
0.0230052
0
0
0
0
0
0
0
0
