0
0
0
0
0
0
0
0
0
0
0
0
0
0
0
0
0
0
0
0
0
0
0
0
0
0
0
0
0
0
0
0
0
0
0
0
0
0
0
0
0
0
0
0
0
0
0
0
0
0
0
0
0
0
0
0
0
0
0
0
0
0
0
0
0
0
0
0
0
0
0
0
0
0
0
0
0
0
0
0
0
0
0
0
0
0
0
0
0
0
0
0
0
0
0
0
0
0
0
0
0
0
0
0
0
0
0.10387
0.10387
0.10387
0.10387
0.10387
0.10387
0.10387
0.10387
0.10387
0.10387
0.10387
0.10387
0.10387
0.10387
0.10387
0.10387
0.10387
0.10387
0.10387
0.10387
0.10387
0.10387
0.10387
0.10387
0.10387
0.10387
0.10394
0.10394
0.10394
0.10394
0.10394
0.10394
0.10394
0.103905
0.10394
0.10394
0.10394
0.10394
0.10394
0.10394
0.10394
0.10394
0.10394
0.10394
0.103905
0.10394
0.10394
0.10394
0.10394
0
0
0
0
0.0992583
0.0992583
0.0992583
0.0992583
0.0992583
0.0992583
0.0992583
0.0992583
0.0992583
0.0992583
0.0992583
0.0992583
0.0992583
0.0992583
0.0992583
0.103765
0.102903
0.102903
0.102903
0.10387
0.102869
0.102937
0.10387
0.103245
0.103245
0.10387
0.10387
0
0
0
0.134535
0.134535
0.175412
0
0
0
0
0
0
0
0
0
0
0
0
0
0
0
0
0
0
0
0
0
0
0
0
0
0
0
0
0
0
0
0
0
0
0
0
0
0
0
0
0
0
0
0
0
0
0
0
0
0
0
0
0
0
0
0
0
0
0
0
0
0
0
0
0
0
0
0
0
0
0
0
0
0
0
0
0
0
0.111197
0.111197
0
0
0
0
0
0
0
0
0
0
0
0
0
0
0
0
0
0
0
0
0
0
0
0
0
0
0
0
0
0
0
0
0
0
0
0
0
0
0
0
0
0
0
0
0
0
0
0
0
0
0
0
0
0
0
0
0
0.175412
0.175412
0.111499
0.111499
0
0
0
0
0
0
0
0
0
0
0
0
0
0
0
0
0
0
0
0
0
0
0
0
0
0
0
0
0
0
0
0
0
0
0
0
0
0
0
0
0
0
0
0
0
0
0
0
0
0
0
0
0
0
0
0
0
0
0
0
0
0
0
0
0
0
0.1141
0.1141
0.1141
0.114286
0.114286
0.111499
0.111891
0
0
0
0
0
0
0
0
0
0
0
0
0
0
0
0
0
0
0
0
0
0
0
0
0
0
0
0
0
0
0
0
0
0
0
0
0
0
0
0
0
0
0
0
0
0
0
0
0
0
0
0
0
0
0
0
0
0
0
0
0
0
0
0
0
0
0
0
0
0
0
0
0.210819
0.210819
0.170872
0.170872
0.170872
0.170872
0.170872
0.170872
0
0
0
0
0
0
0
0
0
0.5
0
0.57735
0.57735
0.316228
0
0.333333
0
0
0
0
0
0.301511
0.301511
0.301511
0.304997
0.304997
0.304997
0
0.436436
0.436436
0.436436
0.436436
0.436436
0
0.447214
0
0.447214
0.57735
0
0.57735
0
0
0
0.145479
0.142494
0.274721
0
0.27735
0.27735
0.27735
0.282843
0
0
0
0
0
0
0
0
0
0
0
0
0
0
0
0
0
0
0
0
0
0
0
0
0
0
0
0
0
0
0
0
0
0
0
0
0
0
0
0
0
0
0
0
0
0
0
0
0
0
0
0
0
0
0
0
0
0
0
0
0
0
0
0
0
0
0
0
0
0
0
0
0
0
0
0
0
0
0
0
0
0
0
0
0
0
0
0
0
0
0
0
0
0
0
0
0
0
0
0
0
0
0
0
0
0
0
0
0
0
0
0
0
0
0
0
0
0
0
0
0
0
0
0
0
0
0
0
0
0
0
0
0
0
0
0
0
0
0
0
0
0
0
0
0
0
0
0
0
0
0
0
0
0
0
0
0
0
0
0
0
0
0
0
0
0
0
0
0
0
0
0
0
0
0
0
0
0
0
0
0
0
0
0
0
0
0
0
0.666667
0
0
0
0
0
0
0
0.103487
0.103905
0.103905
0
0
0
0
0
0
0
0
0.103383
0.103383
0.103383
0.103383
0.103383
0.103383
0.103383
0.103383
0.103383
0.103383
0.103383
0.103383
0.103383
0.103383
0.103383
0.103383
0.103383
0.103383
0
0.103383
0
0.112732
0.112732
0.112732
0.112732
0.112732
0.112732
0
0
0
0
0
0
0
0
0
0
0.112732
0.112732
0
0.112732
0
0
0
0
0
0
0
0
0
0
0
0
0
0
0
0
0
0
0
0
0
0
0
0
0
0
0
0.103975
0
0.106
0.135691
0
0.135691
0
0
0
0
0
0
0
0
0
0
0
0
0
0
0
0
0
0
0
0
0
0
0
0
0
0
0
0
0
0
0.104293
0.104293
0.104293
0.104293
0.104293
0.104293
0.104293
0.118262
0
0
0
0
0
0
0
0
0
0
0
0
0
0
0
0.107211
0
0
0
0
0
0
0
0
0
0
0.104293
0.104293
0.104293
0.104293
0.104293
0.104293
0.25713
0
0
0.10394
0.10394
0.10394
0.10394
0.10394
0
0
0
0.178885
0.180334
0
0.12099
0.0979404
0.136797
0
0
0
0.10394
0.10394
0.10394
0.10394
0.10394
0.10394
0.10394
0.10394
0.10394
0.10394
0.10394
0.10394
0.10394
0.10394
0.10394
0.10394
0.10394
0.10394
0.10394
0.10394
0.10394
0.10394
0.10394
0.10394
0.10394
0.10394
0.10394
0.10394
0.10394
0.10394
0.10394
0.10394
0.10394
0.10394
0.10394
0.10394
0.106904
0.10394
0.10394
0.10394
0.10394
0.10394
0.10394
0.10394
0.10394
0.10394
0.10394
0.10394
0.10394
0.10394
0.10394
0.10394
0.10394
0.10394
0.10394
0.10394
0.10394
0.10394
0.10394
0.10394
0.10394
0.10394
0.10394
0.10394
0.10394
0.10394
0.10394
0.10394
0.10394
0.10394
0.10394
0.10394
0.10394
0.10394
0.10394
0.10394
0.10394
0.10394
0.10394
0.10394
0.10394
0
0
0
0.103487
0.103487
0
0
0
0
0.136797
0.136797
0.136797
0.136797
0.136797
0.136797
0.136797
0
0
0
0
0
0
0
0
0
0
0
0
0
0
0
0
0
0
0
0
0
0
0
0
0
0.234082
0.234082
0.234082
0
0
0
0
0
0
0
0
0
0
0
0
0
0
0
0
0
0
0
0
0
0
0
0
0
0
0
0
0
0
0
0
0
0
0
0
0
0
0
0
0
0
0
0
0
0
0
0
0
0
0
0
0
0
0
0
0
0
0
0
0
0
0
0.10394
0
0.0977647
0.0977647
0
0.0977647
0.0977647
0.0977647
0.0977647
0.0977647
0.0977647
0.107754
0.107754
0.107754
0.107754
0.107754
0.107754
0.107754
0.107754
0.107754
0.107794
0
0.107754
0
0.107754
0
0.107754
0
0.107754
0.107754
0.107754
0.110432
0.110432
0
0.110432
0
0.110432
0.110432
0.110432
0.110432
0.0977647
0
0.0977647
0
0.0977647
0.0977647
0.0977647
0
0
0
0
0
0
0
0
0
0
0
0
0
0
0
0
0
0
0
0
0
0
0
0
0
0
0
0
0
0
0
0
0
0
0
0
0
0
0
0
0
0
0
0
0
0
0
0
0
0
0
0
0
0
0
0
0
0
0
0
0
0
0
0
0
0
0.0977647
0.0977647
0.0977647
0.0977647
0
0.0977647
0
0.0977647
0
0.0977647
0.0977647
0.0977647
0.0977647
0.0977647
0.0977647
0
0
0
0
0
0.0977647
0
0.0977647
0.0977647
0.0977647
0
0
0
0.0977647
0
0.0977647
0
0
0
0
0
0
0.0977647
0.0977647
0.0977647
0.0977647
0.0977647
0.0977647
0.0977647
0
0
0
0
0
0.0977647
0
0.0977647
0.0977647
0.0977647
0
0
0
0
0
0
0
0
0
0
0
0
0
0
0
0
0
0
0
0
0
0
0
0
0
0
0
0
0
0
0
0
0
0
0
0
0
0
0
0
0
0
0
0
0
0
0
0
0
0
0
0
0
0
0
0
0
0
0
0
0
0
0
0
0
0
0.0977647
0
0
0
0
0
0
0
0
0
0
0
0
0
0
0
0
0
0
0
0
0
0
0
0
0
0
0
0
0
0
0
0
0
0
0
0
0
0
0
0
0
0
0
0
0
0
0
0
0
0
0
0
0
0
0
0
0
0
0
0
0
0
0
0
0
0
0
0
0
0
0
0
0
0
0
0
0
0
0
0
0
0
0
0
0
0
0
0
0
0
0
0
0
0
0
0
0
0
0
0
0.106943
0
0
0.103383
0
0
0
0
0
0
0
0
0
0
0
0
0
0
0
0
0
0
0
0
0
0
0
0
0
0
0
0
0
0
0
0
0
0
0
0
0
0
0
0
0
0
0
0
0
0
0
0
0
0
0
0
0
0
0
0
0
0
0
0
0
0
0
0.123033
0.123033
0
0
0
0
0
0
0
0
0
0.123325
0
0
0
0
0
0
0
0
0
0
0
0
0
0
0
0
0
0
0
0
0
0
0
0
0
0
0
0
0
0
0
0
0
0
0
0
0
0
0
0
0
0
0
0
0
0
0
0
0
0
0
0
0
0
0
0
0
0
0
0
0
0
0
0
0
0
0
0
0
0
0
0
0
0
0
0
0
0
0
0
0
0
0
0
0
0
0
0
0
0
0
0
0
0
0
0
0
0
0
0
0
0
0
0
0
0
0
0
0
0
0
0
0
0
0
0
0
0
0
0
0
0
0
0
0
0
0
0
0
0
0
0
0
0
0
0
0
0
0
0
0
0
0
0
0
0
0
0
0
0
0
0
0
0
0
0
0
0
0
0
0
0
0
0
0
0
0
0
0
0
0
0
0
0
0
0
0
0
0
0
0
0
0
0
0
0
0.133855
0.133855
0.133855
0
0
0
0
0
0
0
0
0
0
0
0
0
0
0
0
0
0
0
0
0.13378
0
0
0
0
0
0.10394
0.10394
0
0
0
0
0
0.10394
0.10394
0.10394
0.10394
0.10394
0
0.11947
0
0
0
0
0
0
0
0
0
0
0
0
0
0
0
0
0
0
0
0
0
0
0
0
0
0
0
0
0
0
0
0
0
0
0
0
0
0
0
0
0
0
0
0
0
0
0
0
0
0
0
0
0
0
0
0
0
0
0
0
0
0
0
0
0
0
0
0
0
0
0
0
0
0
0
0
0
0
0
0
0
0
0.123856
0.123856
0.123856
0.123856
0.123856
0
0.123856
0.104649
0
0
0
0
0
0.104685
0
0
0
0
0
0
0
0.10394
0.10394
0.10394
0.10394
0
0
0
0
0
0
0
0
0
0
0
0
0.10394
0
0.10394
0.10394
0
0.10394
0.10394
0.10394
0
0.10394
0
0
0
0
0
0
0
0
0
0
0
0
0
0
0
0
0
0
0
0
0
0
0
0
0
0
0
0
0
0
0
0
0
0
0
0
0
0
0
0
0
0
0
0
0
0
0
0
0
0
0
0
0
0
0
0
0
0
0
0
0
0
0
0
0
0
0
0
0
0
0
0
0
0
0
0
0
0
0
0
0
0
0
0
0
0
0
0
0
0
0
0
0
0
0
0
0
0
0
0
0
0
0
0
0
0
0
0
0
0
0
0
0
0
0
0.104685
0
0
0
0.135225
0
0
0
0
0
0
0
0
0
0
0
0
0.136478
0.136478
0.136478
0.136478
0
0
0
0
0
0
0
0
0
0
0
0
0
0
0
0
0
0
0
0
0
0
0
0
0
0
0
0.10394
0.10394
0.10394
0
0.106904
0
0
0
0
0
0
0
0
0.10394
0.10394
0
0.10394
0.10394
0.104685
0
0.10394
0
0
0
0
0
0
0
0
0
0
0
0
0
0
0
0.10394
0.10394
0.10394
0
0.10394
0.10394
0.10394
0.10394
0.10394
0.10394
0.10394
0.10394
0.10394
0.10394
0.10394
0.10394
0.10394
0.10394
0.10394
0.10394
0.10394
0.10394
0.10394
0.10394
0.10394
0.104151
0
0.104186
0.133407
0
0.133407
0.133407
0.0613428
0
0.0613428
0.0613428
0.0613428
0.0613428
0.0613428
0.135847
0
0
0
0
0
0
0
0
0
0
0
0
0
0
0
0
0
0.10394
0.10394
0.10394
0.10394
0.10394
0.10394
0.10394
0.10394
0.10394
0.10394
0.10394
0.10394
0.10394
0.10394
0.10394
0.10394
0.10394
0.10394
0.10394
0.10394
0.10394
0.10394
0.10394
0.10394
0.10394
0.10394
0.10394
0.10394
0.10394
0.10394
0.10394
0.10394
0.10394
0.10394
0.10394
0.10394
0.10394
0.10394
0
0
0.136478
0.136478
0.136478
0.136241
0.136241
0.136241
0.136558
0
0.108987
0
0
0
0.110558
0.110558
0.110558
0.114286
0.114286
0.114286
0.136162
0.114286
0.114286
0.114286
0.114286
0
0.114286
0.135379
0
0.135379
0.135379
0.135379
0.135379
0.114286
0.119523
0.116052
0.116052
0.116052
0.123856
0.123856
0.115566
0.115566
0.115566
0
0.123208
0.123208
0.136241
0.136241
0.136241
0.136478
0
0
0
0.136241
0.136241
0.136241
0
0.136241
0.136241
0
0.136241
0.126176
0
0.136399
0.136399
0.136399
0
0.122455
0.122743
0.135926
0
0
0
0
0
0.113092
0.113092
0.113092
0.113092
0.113092
0.104186
0.108987
0.108987
0.108987
0.108987
0.108987
0.10394
0.10394
0.10394
0.10394
0
0.116052
0
0
0
0
0
0
0
0
0
0
0
0.123619
0.123619
0
0
0
0.104649
0
0
0
0
0.104685
0.121324
0.10394
0
0.136478
0.136478
0.136478
0.136478
0.136478
0
0
0.10394
0.10394
0.10394
0
0
0
0
0
0
0
0
0
0
0
0
0
0
0
0
0
0
0
0
0
0.108187
0.108187
0
0
0
0
0.103905
0.103905
0.103905
0.103905
0.103905
0.103905
0.103905
0.103905
0.103905
0.103905
0.103905
0
0
0.10394
0
0
0
0
0
0
0
0
0
0
0
0
0
0.106943
0
0
0
0
0
0
0
0
0
0
0
0
0
0
0.104222
0.104222
0.104222
0.104222
0.104222
0.104293
0
0.104222
0.104222
0
0.104222
0.104222
0.104222
0.104222
0.104222
0.104222
0.104222
0
0
0.104222
0.104222
0.104222
0.225374
0.225374
0.104222
0.104222
0.104222
0
0
0
0
0.21598
0
0
0
0
0
0.104222
0.104222
0.104222
0.112687
0.113137
0.113137
0.136162
0.113137
0.113137
0.126365
0.113137
0.114332
0.104222
0.104222
0.114379
0.104222
0.114379
0.104222
0.104186
0.104186
0.104186
0.104186
0.104186
0.104186
0.104186
0.104186
0.104186
0.104186
0.104186
0.104186
0.104186
0.104186
0.104186
0.104186
0.114614
0.114614
0.114897
0.112687
0.116941
0
0.123738
0.113961
0.114332
0.115663
0
0
0
0
0
0
0
0
0
0
0
0
0
0
0.123443
0.123443
0.123443
0.123443
0
0
0
0
0
0.123443
0.123443
0.123443
0
0
0
0
0
0
0
0
0
0
0
0
0
0
0
0
0
0
0
0
0
0
0
0
0
0
0
0
0
0
0
0
0
0
0
0
0
0
0
0
0
0
0
0
0
0
0
0
0
0
0
0
0
0
0
0
0
0
0
0
0
0
0
0
0
0
0
0
0.10394
0.10394
0.10394
0.10394
0.10394
0
0
0
0
0
0
0
0
0
0
0
0
0
0
0
0.104685
0.104685
0.104685
0.104685
0.10394
0.10394
0
0.10394
0.10394
0.10394
0
0.10394
0.10394
0.118159
0
0.136162
0
0
0
0.123619
0.123619
0.104649
0.122513
0
0.10394
0.10394
0
0.10394
0.10394
0
0.10394
0.10394
0
0.123384
0.123384
0.129234
0
0.136004
0.136004
0
0
0
0
0.156174
0
1
0.104364
0.10394
0.10394
0.136241
0.10394
0.10394
0
0.10394
0
0
0
0
0
0
0
0
0
0
0
0
0
0
0
0
0
0.104685
0
0
0
0
0
0
0
0
0
0
0
0
0
0
0.10394
0.10394
0
0.10394
0
0.10394
0.10394
0.10394
0
0
0.136797
0.10394
0.104685
0
0
0
0.10394
0.10394
0
0
0
0.10394
0.10394
0.10394
0
0
0
0
0
0
0
0
0
0
0
0
0
0
0.10394
0.10394
0
0
0
0
0.10394
0.10394
0.10394
0.10394
0.10394
0.10394
0
0.10394
0.10394
0.10394
0
0.10394
0.10394
0
0.10394
0
0
0
0
0
0
0
0
0.136797
0.136797
0
0
0.11931
0.10394
0.10394
0
0
0
0
0
0
0
0.10394
0.10394
0
0.10394
0.10394
0
0.10394
0.10394
0.10394
0.10394
0.10394
0.10394
0.10394
0.10394
0.10394
0
0
0
0
0
0
0
0
0
0
0
0
0
0
0
0
0
0
0
0
0
0
0
0.10394
0
0
0
0
0
0
0
0
0
0.10394
0.10394
0
0.10394
0.10394
0
0.10394
0.10394
0.10394
0.10394
0.10394
0.10394
0.10394
0.10394
0.10394
0
0
0
0
0
0
0
0
0.104685
0.10394
0.10394
0
0
0
0
0
0
0
0
0
0
0.10394
0.10394
0.10394
0.126176
0
0
0
0.104685
0.136004
0.136004
0
0
0
0.10394
0.10394
0.10394
0.115954
0.104649
0.122686
0
0
0
0
0
0
0
0
0
0
0
0
0
0
0
0
0
0
0
0.123738
0
0.10394
0.10394
0.10394
0
0.104685
0
0
0
0
0
0
0
0
0
0
0
0
0
0
0
0
0
0.10394
0.10394
0.10394
0
0.136241
0.136478
0
0.136478
0
0
0
0
0
0
0
0
0
0
0
0
0
0
0.136478
0.136478
0.136478
0
0.136478
0.136478
0.136478
0.136478
0.136478
0.136478
0
0.136478
0.136478
0.136478
0.136478
0
0.136478
0
0.136478
0.136478
0.136478
0.136478
0.104685
0
0
0.104685
0.12315
0.136797
0.136478
0.136478
0.136478
0.136558
0.136478
0
0
0.10394
0.10394
0.10394
0
0.104685
0.136478
0
0
0
0
0
0
0
0
0
0
0
0
0
0
0
0
0
0
0.106943
0.106943
0.106943
0
0.106943
0.106943
0
0.106943
0
0.106943
0.106943
0.106943
0
0
0
0
0
0
0
0
0
0
0
0
0
0
0
0
0
0.106943
0.106943
0.106943
0.106943
0.106943
0.106943
0.106943
0.106943
0.106943
0.106943
0.106943
0.106943
0.106943
0.106943
0.106943
0.106943
0.106943
0.106943
0.106943
0.106943
0.106943
0.106943
0.106943
0.106943
0.106943
0.106943
0.106943
0.106943
0.106943
0.106943
0.106943
0.106943
0.106943
0.106943
0.106943
0.106943
0.106943
0.106943
0.106943
0.106943
0.106943
0.106943
0.106943
0.106943
0.106943
0
0.106943
0
0.106943
0.106943
0.106943
0
0
0
0
0
0
0
0
0.10394
0.10394
0.10394
0.10394
0.10394
0.10394
0.10394
0.10394
0.10394
0.10394
0.10394
0.10394
0.10394
0.10394
0.10394
0.10394
0.10394
0.10394
0.10394
0.10394
0.10394
0.10394
0.10394
0.10394
0.10394
0
0.10394
0.10394
0.10394
0.10394
0.10394
0.10394
0.10394
0.10394
0.10394
0.10394
0.10394
0.10394
0.10394
0.10394
0.10394
0.10394
0.10394
0.10394
0.10394
0.10394
0.10394
0.10394
0.10394
0.10394
0.10394
0.10394
0.10394
0.10394
0.10394
0.10394
0.10394
0.10394
0.10394
0.10394
0.10394
0.10394
0.10394
0.10394
0.10394
0.10394
0.10394
0.10394
0.10394
0.10394
0.10394
0.10394
0.10394
0.10394
0.10394
0.108987
0.108987
0.108987
0.108987
0
0
0
0
0
0
0
0
0
0
0
0
0
0
0
0
0
0
0
0
0
0
0
0.104293
0.104293
0.104293
0
0
0
0
0
0
0
0
0
0
0
0
0.104293
0.104293
0
0
0
0
0.106943
0.106943
0
0.106943
0.106943
0.106943
0.106943
0
0.106943
0
0
0
0
0
0
0
0
0
0
0
0
0
0
0
0
0
0
0
0
0
0
0
0
0
0.106943
0.106943
0
0.106943
0.106943
0.106943
0.106943
0.106943
0.106943
0.106943
0
0
0
0
0
0
0
0
0
0
0
0
0
0
0
0
0
0
0
0
0
0
0
0
0
0
0
0
0
0
0
0
0
0
0
0
0
0
0
0
0
0
0
0
0
0
0
0
0
0
0
0
0
0
0
0
0
0
0
0
0
0
0
0
0
0
0
0
0
0
0
0
0
0
0
0
0
0
0
0
0
0
0
0.123325
0.123325
0.123325
0
0
0
0
0
0
0
0
0
0
0
0
0
0
0
0
0
0
0
0
0
0
0.10394
0.10394
0
0.10394
0
0.10394
0.10394
0.104685
0
0
0
0
0
0
0
0
0.136478
0.136478
0.136478
0
0
0
0
0.136478
0.136478
0.136478
0.136478
0.136478
0.136478
0.136478
0.136478
0.136478
0.136478
0.136478
0.136478
0.136478
0.136478
0
0.136797
0
0.136797
0
0
0
0
0
0
0
0
0
0
0
0
0
0
0
0
0
0
0
0
0
0.136797
0.136797
0.136797
0.136797
0.136797
0.136797
0
0.136797
0.136797
0
0
0
0
0.136797
0
0
0
0
0
0
0
0
0
0
0.136478
0.136478
0
0
0
0
0
0
0.136478
0.136797
0
0
0
0
0
0
0
0
0
0.136797
0
0
0
0
0
0
0
0
0
0
0
0
0
0
0
0
0
0
0
0
0
0
0
0
0
0
0
0
0
0
0
0
0
0
0
0.136797
0
0.136797
0.136478
0.136478
0
0
0.136478
0.136478
0.136478
0
0
0
0
0
0
0
0
0.136797
0.136478
0.136478
0.136797
0
0.136478
0.136478
0.136478
0.136478
0
0
0
0
0.136478
0.136478
0
0
0.136478
0.136478
0
0
0
0
0
0
0
0
0
0
0
0
0
0
0
0
0
0
0
0
0
0
0
0
0
0
0
0
0
0
0
0
0
0
0
0
0
0
0
0
0
0
0
0
0
0
0
0
0
0
0
0
0
0
0
0
0.136478
0.136478
0.136478
0.136478
0.136478
0.136478
0.136478
0.136478
0.136478
0
0.136478
0
0.136478
0.136478
0.136478
0.136558
0.136558
0.136558
0.136558
0.136558
0.136558
0.136558
0.136558
0.136558
0.136558
0.136558
0.136478
0.136478
0.136478
0.136478
0.136478
0.136478
0.136478
0.136478
0.136478
0.136478
0.136478
0.136478
0.136478
0.136478
0.136478
0.136478
0.136478
0.136478
0.136478
0.136478
0.136478
0.136797
0
0
0.136797
0.136478
0.136478
0.136478
0.136478
0.136478
0.136478
0.136478
0.136478
0.136478
0.136478
0
0
0
0
0
0
0
0
0
0
0
0
0
0
0
0
0
0
0
0
0
0
0
0
0
0
0
0
0
0
0
0
0
0
0
0
0
0
0
0
0
0
0
0
0.136399
0.136399
0.136399
0.136399
0.136399
0.136797
0.136797
0
0.136797
0.136797
0
0
0.136399
0.136399
0
0.136399
0.136399
0.136399
0.136399
0.136399
0.136399
0.136399
0
0
0.136399
0.136399
0.136399
0
0
0.136399
0.136399
0.136399
0
0
0
0
0
0
0
0
0
0
0.136797
0.136478
0.136478
0.136478
0.136558
0
0
0
0.136478
0.136478
0.136399
0.136399
0.136399
0.136478
0.136399
0.136478
0.136399
0.136399
0.136399
0.136399
0.136399
0.136399
0.123325
0.123325
0.123325
0.123325
0.123325
0
0.123325
0.123325
0.123325
0
0
0.123325
0
0
0
0
0
0
0
0
0
0
0
0
0
0
0
0
0
0
0
0
0
0
0
0
0
0
0
0
0
0
0
0
0
0.123325
0.123325
0.123325
0.123325
0.123325
0.123325
0.123325
0.123325
0.123325
0.123325
0.123325
0.123325
0.123325
0.123325
0.123325
0.123325
0.123325
0.123325
0.123325
0.123325
0.123325
0.123325
0.123325
0.123325
0.123325
0.123325
0.123325
0.123325
0.123325
0.123325
0.123325
0.123325
0.123325
0.123325
0.123325
0.123325
0.123325
0.123325
0.123325
0.123325
0.123325
0.123325
0.123325
0.123325
0.123325
0
0.123325
0
0.123325
0.123325
0.123325
0
0
0
0
0
0
0
0
0
0
0
0
0
0
0
0
0
0.123325
0.123325
0.123325
0.123325
0.123325
0.123325
0
0
0
0
0
0
0
0
0
0
0
0
0
0
0
0
0
0
0
0
0
0
0
0
0
0
0
0
0
0
0
0
0
0
0
0
0
0
0
0
0
0
0
0
0
0
0
0
0
0
0
0
0
0
0
0
0
0
0
0
0
0
0
0
0
0
0
0
0
0
0
0
0
0
0
0
0
0.136797
0.136797
0.136797
0.136797
0.136797
0.163028
0
0.136797
0
0.136797
0.136797
0.136797
0.136797
0.136797
0.136797
0.136797
0
0
0
0
0
0
0
0
0
0
0
0
0
0
0
0.136797
0.136797
0.136797
0.136797
0.136797
0.136797
0.136797
0.136797
0.136797
0.136797
0.136797
0.136797
0.136797
0.136797
0.136797
0.123325
0.123325
0.123325
0
0
0
0
0
0
0
0
0
0
0
0
0.123325
0.123325
0
0
0
0
0.136797
0.136797
0.136797
0.136797
0.136797
0.136797
0.136797
0
0
0
0.136797
0.136797
0
0
0
0
0.136797
0.136797
0.136797
0.136797
0.136797
0
0.123091
0.123091
0.123091
0.123091
0
0.123091
0.123091
0.123091
0
0.123208
0
0.123267
0
0.13632
0
0
0
0
0
0
0
0
0
0
0
0
0
0
0
0
0
0
0.136797
0
0
0
0
0.123208
0.123091
0
0
0.123267
0.12315
0
0
0
0.136797
0
0
0
0
0
0
0
0
0
0
0
0
0.12315
0.12315
0.12315
0.12315
0.12315
0.12315
0.12315
0
0
0
0.12315
0.12315
0.136399
0.136399
0.136797
0.136399
0
0
0
0
0
0
0.136797
0
0
0
0
0
0
0
0
0
0
0
0
0
0
0
0
0
0
0
0
0
0
0
0
0
0
0
0
0
0
0
0
0
0
0
0
0
0
0
0
0
0
0
0
0
0
0
0
0
0
0
0
0.12044
0
0.12044
0.113092
0
0.113092
0
0
0
0
0
0
0
0
0
0
0
0
0
0
0
0
0
0
0
0.10394
0.10394
0
0.10394
0.10394
0
0
0
0
0
0
0
0
0
0
0
0
0
0
0
0
0
0
0.106943
0
0
0
0
0
0
0
0.104685
0.104685
0.104685
0.104685
0.104685
0.10394
0.10394
0.10394
0.104685
0
0.10394
0.10394
0.10394
0
0
0
0
0
0
0
0
0
0
0
0
0
0
0
0
0
0
0
0
0
0
0.104685
0
0
0
0.112732
0.112732
0.112732
0
0
0
0
0
0
0
0
0
0
0
0
0
0
0
0
0
0
0
0
0
0
0
0
0
0
0.0977647
0.0977647
0
0.0977647
0.0977647
0.0977647
0.0977647
0.0977647
0.0977647
0.0977647
0.0977647
0
0
0
0
0
0
0
0
0
0
0
0
0
0
0
0
0
0
0
0
0
0
0
0
0
0
0
0
0
0
0
0
0
0
0
0
0
0
0
0
0
0
0
0
0
0
0
0
0
0
0
0
0
0
0
0
0
0
0
0
0
0
0
0
0
0
0
0
0
0
0
0
0
0
0
0
0
0
0
0
0
0
0
0
0
0
0
0
0
0
0
0
0
0
0
0
0
0
0
0
0
0
0
0
0
0
0
0
0
0
0
0
0
0
0
0
0
0
0
0
0
0
0
0
0
0
0
0
0
0
0
0
0
0
0
0
0
0
0
0
0
0
0
0
0
0
0
0
0
0
0
0
0
0
0
0
0
0
0
0
0
0
0
0
0
0
0
0
0
0
0
0
0
0
0
0
0
0
0
0
0
0
0
0
0
0
0
0
0
0
0
0
0
0
0
0
0
0
0
0
0
0
0
0
0
0
0
0
0
0
0
0
0
0.0977647
0.0977647
0.0977647
0.0977647
0.0977647
0.0977647
0
0
0
0
0
0
0
0
0
0
0
0
0
0
0
0
0
0
0
0
0
0
0
0
0
0
0
0
0
0
0
0
0
0
0
0
0
0
0
0
0
0
0
0
0
0
0
0
0
0
0
0
0
0
0
0
0
0
0
0
0
0
0
0
0
0
0
0
0
0
0
0.0614295
0.0614295
0.0614295
0.0614295
0.0614295
0.0614295
0
0
0
0
0
0.0615749
0.0615749
0.0615749
0.0615749
0
0
0
0
0
0
0.0977647
0.0977647
0.0977647
0.0977647
0.0977647
0
0
0
0
0
0
0
0
0
0
0
0.0977647
0.0977647
0
0
0
0
0.103905
0.0977647
0.0977647
0.0977647
0
0
0
0
0
0
0
0
0
0
0
0
0
0
0
0
0
0
0
0
0
0
0
0
0
0
0
0
0
0
0.0977647
0
0
0
0
0
0
0
0
0
0
0
0
0.0977647
0.0977647
0
0
0.0977647
0.0977647
0
0.0977647
0.0977647
0.0977647
0.0977647
0.0977647
0.0977647
0.0977647
0.0977647
0.0977647
0.0977647
0
0.0977647
0.0977647
0
0.0977647
0.0977647
0.0977647
0.0977647
0.0977647
0.0977647
0.0977647
0
0
0.0977647
0
0
0
0.0977647
0
0.0977647
0.0977647
0.0977647
0
0.0977647
0
0
0.0977647
0.0977647
0.0977647
0.0977647
0.0977647
0.0977647
0.0977647
0.0977647
0.0977647
0
0
0
0
0
0
0.0977647
0.0977647
0.0977647
0.0977647
0.0977647
0
0
0
0.0977647
0.0977647
0.0977647
0.0977647
0.0977647
0.0977647
0.0977647
0.0977647
0.0977647
0.0977647
0
0
0.0977647
0
0
0
0.0977647
0
0.0977647
0.0977647
0
0
0
0
0.0977647
0
0
0
0
0
0
0
0
0
0
0
0
0
0
0
0
0
0
0
0
0
0.0977647
0.0977647
0.0977647
0.0977647
0.0977647
0.0977647
0.0977647
0.0977647
0.0977647
0.0977647
0.0977647
0.0977647
0.0977647
0.0977647
0.0977647
0.0977647
0
0
0
0
0
0
0
0
0
0
0
0
0
0
0
0
0
0
0
0
0
0
0
0
0
0
0
0
0
0
0
0
0
0
0
0
0
0
0
0
0
0
0
0
0
0
0
0
0
0
0
0
0
0
0
0
0
0
0
0
0
0
0
0
0
0
0
0
0
0
0
0
0
0
0
0
0
0
0
0
0
0
0
0
0
0
0
0
0
0
0
0
0.0977647
0.0977647
0.0977647
0.0977647
0.0977647
0.0977647
0.0977647
0.0977647
0.0977647
0.0977647
0.0977647
0.0977647
0.0977647
0.0977647
0.0977647
0.0977647
0.0977647
0.0977647
0.0977647
0.0977647
0.0977647
0.0977647
0
0.0977647
0.0977647
0
0
0.0977647
0.0977647
0.0977647
0.0977647
0
0
0
0
0
0
0
0
0
0
0
0
0
0
0
0
0
0
0
0
0
0
0
0
0
0
0
0
0
0
0
0
0
0
0
0
0
0
0
0
0
0
0
0
0
0
0
0
0
0
0
0
0
0
0
0
0
0
0
0
0
0.0615457
0.0615457
0.0615457
0
0.0615749
0.0615749
0.0653023
0.0653023
0
0
0
0
0
0
0
0
0
0
0
0
0
0
0
0
0
0.0614295
0.0614295
0.0614295
0.0614295
0.0652675
0
0
0
0
0
0
0
0
0
0
0
0
0
0
0
0
0
0
0
0
0
0
0
0
0
0
0
0
0
0
0
0
0
0
0
0
0
0
0
0
0
0
0
0
0
0
0
0
0
0
0
0
0
0
0
0
0
0
0
0
0
0
0
0
0
0
0
0
0
0
0
0
0
0
0
0
0
0
0
0
0
0.0977647
0.0977647
0.0977647
0.0977647
0.0977647
0.0977647
0
0
0.0977647
0.0977647
0
0
0
0
0
0
0
0.0977647
0.0977647
0.0977647
0
0.0977647
0
0
0.0615749
0
0
0
0
0.108585
0
0
0
0
0
0.0614295
0.0614295
0.0614295
0.0614295
0.0614295
0.0614295
0.0614295
0.0614295
0.0614295
0.0614295
0.0614295
0.0614295
0.0614295
0.0614295
0.0617802
0
0
0
0.0614295
0.0977647
0.0977647
0.0977647
0.0977647
0.0977647
0.0977647
0
0
0
0
0
0
0
0
0
0
0
0
0
0
0
0
0
0
0
0
0
0
0
0
0
0
0
0
0
0
0
0
0
0
0
0
0
0
0
0
0
0
0
0
0
0
0
0
0
0
0
0
0.225018
0.225018
0.163846
0.163846
0.163846
0.163846
0.163846
0.163846
0.136399
0.136399
0.136399
0.136399
0.136399
0.136399
0.136399
0.136399
0.136399
0
0
0
0
0
0
0
0
0
0.5
0
0.57735
0.57735
0.316228
0
0.333333
0
0
0
0
0
0
0
0
0
0
0
0
0
0
0
0
0.436436
0
0.436436
0
0.447214
0.392232
0
0.392232
0.392232
0.408248
0
0
0
0
0
0
0
0.158114
0.152057
0.254
0
0.254
0.254
0.254
0.258199
0
0
0
0
0
0
0
0
0
0
0
0
0
0
0
0
0
0
0
0
0
0
0
0
0
0
0
0
0
0
0
0
0
0
0
0
0
0
0
0
0
0
0
0
0
0
0
0
0
0
0
0
0
0
0
0
0
0
0
0
0
0
0
0
0
0
0
0
0
0
0
0
0
0
0
0
0
0
0
0
0
0
0
0
0
0
0
0
0
0
0
0
0
0
0
0
0
0
0
0
0
0
0
0
0
0
0
0
0
0
0
0
0
0
0
0
0
0
0
0
0
0
0
0
0
0
0
0
0
0
0
0
0
0
0
0
0
0
0
0
0
0
0
0
0
0
0
0
0
0
0
0
0
0
0
0
0
0
0
0
0
0
0
0
0
0
0
0
0
0.57735
0
0
0
0
0
0
0
0.0992583
0.0992583
0.0992583
0
0
0
0
0
0.103905
0
0
0
0
0
0
0
0
0
0
0
0
0
0
0
0
0
0
0
0
0
0
0
0
0
0
0
0
0
0
0
0
0
0
0
0
0
0
0
0
0
0
0
0
0
0
0
0
0
0
0
0
0
0
0
0
0.10387
0.10387
0.10387
0.10387
0.10387
0.10394
0.10394
0
0
0
0
0
0
0.164677
0.164677
0
0
0
0
0.19518
0
0.192228
0.204124
0
0
0
0
0
0
0
0
0.104257
0
0.106449
0.147043
0.119523
0.304997
0
0
0
0
0
0
0
0
0
0
0
0
0
0
0
0
0
0
0
0
0
0
0
0
0
0
0
0
0
0
0
0
0
0
0
