0
0
0
0
0
0
0
0
0
0
0
0
0
0
0
0
0
0
0
0
0
0
0
0
0
0
0
0
0
0
0
0
0
0
0
0
0
0
0
0
0
0
0
0
0
0
0
0
0
0
0
0
0
0
0
0
0
0
0
0
0
0
0
0
0
0
0
0
0
0
0
0
0.0417574
0.0418121
0
0
0
0
0
0
0
0
0
0.0422577
0
0
0
0
0
0
0
0
0
0
0
0
0
0
0
0
0
0
0
0
0
0
0
0
0
0
0
0
0
0
0
0
0
0
0
0
0
0
0
0
0
0
0
0
0
0
0
0
0
0
0
0
0
0
0
0
0
0
0
0
0
0
0
0
0
0
0
0
0
0
0
0
0
0
0
0
0
0
0
0
0
0
0
0
0
0
0
0
0
0
0
0
0
0
0
0
0
0
0
0
0
0
0
0
0
0
0
0
0
0
0
0
0
0
0
0
0
0
0
0
0
0
0
0
0
0
0
0
0
0
0
0
0
0
0
0
0
0
0
0
0
0
0
0
0
0
0
0
0
0
0
0
0
0
0
0
0
0
0
0
0
0
0
0
0
0
0
0
0
0
0
0
0
0
0
0
0
0
0
0
0
0
0
0
0
0
0
0
0
0
0
0
0
0
0
0
0
0
0
0
0
0
0
0
0
0
0.0804518
0.0807134
0.034805
0.034805
0.034805
0.0348896
0.0348896
0.0320998
0.03253
0.0392534
0.0428353
0
0
0
0
0.0320256
0.0320256
0
0
0
0
0
0
0
0
0
0
0
0
0
0
0
0
0
0
0
0
0
0
0
0
0
0
0
0
0
0
0
0
0
0
0
0
0
0.0312653
0.0312653
0
0
0
0
0
0
0
0
0
0
0
0
0
0
0
0
0
0
0
0
0
0
0
0
0.0480569
0.0519174
0
0
0
0
0
0
0
0
0
0
0
0
0
0
0
0
0
0
0
0
0
0
0
0
0
0
0
0
0
0
0
0.0283524
0.028421
0.028421
0
0
0
0
0
0
0.0284095
0.0284095
0.0284095
0.0284095
0.0284095
0.0284095
0.0284095
0.0284095
0.0284095
0.0284095
0.0284095
0.0284095
0.0284095
0.0284095
0.0284095
0.0284095
0.0284095
0.0284095
0.0284095
0.0284095
0.0284095
0.0284095
0.0284095
0.0284095
0.0284095
0.0284095
0.0284268
0.0284268
0.0284268
0.0284268
0.028421
0.0284268
0.0284268
0.028421
0.0284268
0.0284268
0.0284268
0.0284268
0.028421
0.0284268
0.0284268
0.0284268
0.0284268
0.0284268
0.028421
0.0284268
0.0284268
0.0284268
0.0284268
0.105703
0
0
0
0
0
0.0276871
0.0276871
0.0276871
0.0276871
0.0276871
0.0276871
0.0276871
0.0276871
0.0276871
0.0276871
0.0276871
0.0276871
0.0276871
0.0276871
0.0276871
0.0276871
0.0276871
0.0276871
0
0.0276871
0
0.0300421
0.0300421
0.0300421
0.0300624
0.0300624
0.0300624
0
0
0
0
0
0
0
0
0
0
0.0300421
0.0300421
0
0.0300421
0
0
0
0
0
0
0
0
0
0
0
0
0
0
0
0
0
0
0
0
0
0
0
0
0
0
0
0.0289764
0
0.029768
0.0458109
0
0.0458349
0
0
0
0
0
0
0
0
0
0
0
0
0
0
0
0
0
0
0
0
0
0
0
0
0
0
0
0
0
0
0.0288315
0.0288315
0.0288315
0.0288315
0.0288315
0.0288315
0.0288315
0.0338352
0
0.0310385
0
0.0310385
0.0310385
0.0310385
0
0.0310385
0.0310385
0.0310385
0.0314425
0.0314425
0.0310385
0.0310385
0.0310385
0.0298874
0
0
0
0
0
0
0
0
0
0
0.0288315
0.0288315
0.0288315
0.0288315
0.0288315
0.0288315
0
0
0
0
0
0
0
0
0.0284268
0.0284268
0.0284268
0.0284268
0.0284268
0.0357714
0.0357714
0
0
0
0
0.036442
0.0495377
0.0475383
0
0
0
0.0284325
0.0284325
0.0284325
0.0284325
0.0284325
0.0284325
0.0284325
0.0284325
0.0284325
0.0284325
0.0284325
0.0284325
0.0284325
0.0284325
0.0284325
0.0284325
0.0284325
0.0284325
0.0284325
0.0284325
0.0284325
0.0284325
0.0284325
0.0284325
0.0284325
0.0284325
0.0284325
0.0284325
0.0284268
0.0284325
0.0284325
0.0284325
0.0284325
0.0284325
0.0284325
0.0284268
0.0290374
0.0284268
0.0284268
0.0285017
0.0284268
0.0284268
0.0284268
0.0284268
0.0284268
0.0284268
0.0284268
0.0284268
0.0284268
0.0284268
0.0284268
0.0284268
0.0284268
0.0284268
0.0284268
0.0284268
0.0284268
0.0284268
0.0284268
0.0284268
0.0284268
0.0284268
0.0284268
0.0284268
0.0284268
0.0284268
0.0284268
0.0284268
0.0284268
0.0284268
0.0284268
0.0284268
0.0284268
0.0284268
0.0284268
0.0284268
0.0284268
0.0284268
0.0285017
0.0284268
0.0284268
0
0
0
0.0283524
0.0283524
0
0
0
0
0.0475383
0.0475383
0.0475383
0.0475383
0.0475383
0.0475383
0.0475383
0
0
0
0
0
0
0
0
0
0
0
0
0
0
0
0
0
0
0
0
0
0
0
0
0
0
0
0
0
0
0
0
0
0
0
0
0
0
0
0
0
0
0
0
0
0
0
0
0
0
0
0
0
0
0
0
0
0
0
0
0
0
0
0
0
0
0
0
0
0
0
0
0
0
0
0
0
0
0
0
0
0
0
0
0
0
0
0
0
0
0
0.0284268
0
0.0272166
0.0272166
0
0.0272166
0.0272166
0.0272166
0.0272166
0.0272166
0.0272166
0.0282223
0.0282223
0.0282223
0.0282223
0.0282223
0.0282223
0.0282223
0.0282223
0.0282223
0.0282279
0
0.0282223
0
0.0282223
0
0.0282223
0
0.0282223
0.0282223
0.0282223
0.029142
0.029142
0
0.029142
0
0.029142
0.029142
0.029142
0.029142
0.0272216
0
0.0272216
0
0.0272216
0.0272216
0.0272216
0
0
0
0
0
0
0
0
0
0
0
0
0
0
0
0
0
0
0
0
0
0
0
0
0
0
0
0
0
0
0
0
0
0
0
0
0
0
0
0
0
0
0
0
0
0
0
0
0
0
0
0
0
0
0
0
0
0
0
0
0
0
0
0
0
0
0
0
0
0
0
0
0.0272166
0.0272166
0.0272166
0.0272166
0
0.0272166
0
0.0272166
0
0.0272166
0.0272166
0.0272166
0.0272166
0.0272166
0.0272166
0
0
0
0
0
0.0272166
0
0.0272166
0.0272166
0.0272166
0
0
0
0.0272166
0
0.0272166
0
0
0
0
0
0
0.0272166
0.0272166
0.0272166
0.0272166
0.0272166
0.0272166
0.0272166
0
0
0
0
0
0.0272166
0
0.0272166
0.0272166
0.0272166
0
0
0
0
0
0
0
0
0
0
0
0
0
0
0
0
0
0
0
0
0
0
0
0
0
0
0
0
0
0
0
0
0
0
0
0
0
0
0
0
0
0
0
0
0
0
0
0
0
0
0
0
0
0
0
0
0
0
0
0
0
0
0
0
0
0
0.0272166
0
0
0
0
0
0
0
0
0
0
0
0
0
0
0
0
0
0
0
0
0
0
0
0
0.0537215
0.0537215
0.0537215
0.0537215
0
0
0
0
0
0
0.0543928
0.0293864
0.0293864
0.0293864
0.0293864
0.0293864
0
0.0541928
0.040639
0.040639
0.040639
0
0.040639
0.0448561
0.0448561
0.0448561
0.0448561
0.0461511
0.0501886
0.050157
0.050157
0.050157
0
0
0
0
0
0
0
0
0
0
0
0.050157
0.050157
0
0.050157
0
0
0
0
0
0
0
0
0
0
0
0
0
0
0
0
0
0
0
0
0
0
0
0
0
0
0
0
0
0.0291173
0
0
0.0276871
0
0
0
0
0
0.0300624
0.0300624
0.0300624
0
0.0277939
0.0277939
0.0277939
0.0277939
0.0277939
0.0277939
0.0277939
0.0277939
0.0277939
0.0277939
0.0277939
0.0277939
0.0277939
0.0277939
0.0277939
0.0280276
0.0280331
0.0280331
0.0280331
0.0284095
0.0279073
0.0280773
0.0284095
0.0279837
0.0280607
0.0284038
0.0284095
0
0
0
0.0442807
0.0442807
0.0442807
0.0442807
0.0442807
0.0442807
0.0442807
0.0442807
0.0442807
0.0442807
0.0629941
0.0629941
0.0629941
0.0629941
0.0629941
0.0629941
0.0629941
0.0629941
0.0629941
0.0629941
0
0.0485643
0
0.0489996
0.135457
0
0.135457
0.135457
0
0
0
0
0
0
0
0
0
0
0
0
0
0
0
0
0
0
0
0
0
0
0
0
0
0
0
0
0
0
0
0
0
0
0
0
0
0
0
0
0
0
0
0
0
0
0
0
0
0
0
0
0
0
0
0
0
0
0
0
0
0
0
0
0
0
0
0
0
0
0
0
0
0
0
0
0
0
0
0
0
0
0
0
0.282843
0.282843
0
0.282843
0.282843
0.282843
0.282843
0.282843
0.282843
0.282843
0.282843
0
0
0
0
0
0
0
0
0
0
0
0
0
0
0
0
0
0
0
0
0
0
0
0
0
0
0
0
0
0
0
0
0
0
0
0
0
0
0
0
0
0
0
0
0
0
0
0
0
0
0
0
0
0
0
0
0
0
0
0
0
0
0
0
0
0
0
0
0
0
0
0
0
0
0
0.0739221
0.0739221
0
0.0741249
0.0520227
0.0520227
0
0.0520227
0
0.0520227
0
0
0
0
0
0
0
0
0
0
0
0
0
0
0
0
0
0
0
0
0.226455
0.226455
0
0
0
0
0
0
0
0
0
0
0
0
0
0
0
0
0
0
0
0
0
0
0
0
0
0
0
0
0
0
0
0
0
0
0
0
0
0
0
0
0
0
0
0
0
0
0
0
0
0
0
0
0
0
0
0
0
0
0
0
0
0
0
0
0
0
0
0
0
0
0
0
0
0
0
0
0
0
0
0
0
0
0
0
0
0
0
0
0
0
0
0
0
0
0
0
0
0
0
0
0
0
0
0
0
0
0
0
0
0
0
0
0
0
0
0
0
0
0
0
0
0
0
0
0
0
0
0
0
0
0
0
0
0
0
0
0
0
0
0
0
0
0
0
0
0
0
0
0
0
0
0
0
0
0
0
0
0
0
0
0
0
0
0
0
0
0
0
0
0
0
0
0
0
0
0
0
0
0
0
0
0.043874
0.043874
0.043874
0
0
0
0
0
0
0
0.0509978
0
0
0
0
0
0
0
0
0
0
0
0
0.0435814
0
0
0
0
0
0.0272166
0.0272166
0.0272166
0
0
0
0
0
0
0
0
0
0
0
0
0
0
0
0
0
0
0
0
0
0
0
0
0
0
0
0
0
0
0.0272166
0.035007
0.035007
0.035007
0.035007
0.035007
0.035007
0
0
0
0
0
0.0350608
0.0350608
0.0350608
0.0350608
0
0
0
0
0
0
0.0272216
0.0272216
0
0.0272216
0.0272216
0.0272216
0.0272216
0.0272216
0.0272216
0.0272216
0.0272216
0
0
0
0
0
0
0
0
0
0
0
0
0
0
0
0
0
0
0
0
0
0
0
0
0
0
0
0
0
0
0
0
0
0
0
0
0
0
0
0
0
0
0
0
0
0
0
0
0
0
0
0
0
0
0
0
0
0
0
0
0
0
0
0
0
0
0
0
0
0
0
0
0
0
0
0
0
0
0
0
0
0
0
0
0
0
0
0
0
0
0
0
0
0
0
0
0
0
0
0
0
0
0
0
0.0272216
0.0272216
0.0272216
0.0272216
0.0272216
0.0272216
0
0
0
0
0
0
0
0
0
0
0
0
0
0
0
0
0
0
0
0
0
0
0
0
0
0
0
0
0
0
0
0
0
0
0
0
0
0
0
0
0
0
0
0
0
0
0
0
0
0
0
0
0
0
0
0
0
0
0
0
0
0
0
0
0
0
0
0
0
0
0
0.0272166
0.0272166
0.0272166
0.0272166
0.0272166
0
0
0
0
0
0
0
0
0
0
0
0.0272166
0.0272166
0
0
0
0
0.028421
0
0
0
0
0
0
0
0
0
0
0
0
0
0
0
0
0
0
0
0
0
0
0
0
0
0
0
0
0
0
0
0
0
0
0
0
0
0
0
0
0
0
0
0
0
0
0
0
0
0
0
0
0
0
0
0
0
0
0
0
0
0
0
0
0
0
0
0
0
0
0
0
0
0
0
0
0
0
0
0
0
0
0
0
0
0
0
0
0
0
0
0
0
0
0
0
0
0
0
0
0
0
0
0
0
0
0
0
0
0
0
0
0
0
0
0
0
0
0
0
0
0
0
0
0
0
0
0
0
0
0
0
0
0
0
0
0
0
0
0
0
0
0
0
0
0
0
0
0
0
0
0.0272216
0.0272216
0.0272216
0.0272216
0.0272216
0.0272216
0.0272216
0.0272216
0.0272216
0.0272216
0.0272216
0.0272216
0.0272216
0.0272216
0.0272216
0.0272216
0.0272216
0.0272216
0.0272216
0.0272216
0.0272216
0.0272216
0
0.0272216
0.0272216
0
0
0.0272216
0.0272216
0.0272216
0.0272216
0
0
0
0
0
0
0
0
0
0
0
0
0
0
0
0
0
0
0
0
0
0
0
0
0
0
0
0
0
0
0
0
0
0
0
0
0
0
0
0
0
0
0
0
0
0
0
0
0
0
0
0
0
0
0
0
0
0
0
0
0
0.03505
0.03505
0.03505
0
0.0350608
0.0350608
0.0429537
0.0429537
0
0.0207793
0.0322413
0
0
0
0
0
0
0
0
0
0
0
0
0
0
0.035007
0.035007
0.035007
0.035007
0.0429339
0.020498
0.0321412
0
0
0
0
0.0297219
0.0297219
0.0297219
0
0
0
0.0297219
0.0297219
0
0
0
0
0
0.0305709
0
0
0
0.123091
0.123091
0.123091
0
0
0
0
0
0
0
0
0
0
0
0
0
0
0
0
0
0
0
0
0
0
0
0
0
0
0
0
0
0
0
0
0
0
0
0
0
0
0
0
0
0
0
0
0
0
0
0
0
0
0
0
0
0
0
0
0
0
0.0272216
0
0.0272216
0.0272216
0
0
0
0
0.0272216
0
0
0
0
0
0
0
0
0
0
0
0
0
0
0
0
0
0
0
0
0
0.0272216
0.0272216
0.0272216
0.0272216
0.0272216
0.0272216
0.0272216
0.0272216
0.0272216
0.0272216
0.0272216
0.0272216
0.0272216
0.0272216
0.0272216
0.0272216
0
0
0
0
0
0
0
0
0
0
0
0
0
0
0
0
0
0
0
0
0
0
0
0
0
0
0
0
0
0
0
0
0
0
0
0
0
0
0
0
0
0
0
0
0
0
0
0
0
0
0
0
0
0
0
0
0
0
0
0
0
0
0
0
0
0
0
0
0
0
0
0
0
0
0
0
0
0
0
0
0
0
0
0
0
0
0
0
0
0
0
0
0.0272216
0.0272216
0.0272216
0.0272216
0.0272216
0.0272216
0
0
0.0272216
0.0272216
0
0
0
0
0
0
0
0.0272216
0.0272216
0.0272216
0
0.0272216
0
0
0.0350608
0
0
0
0.0297219
0.0293927
0
0
0
0
0
0.035007
0.035007
0.035007
0.035007
0.035007
0.035007
0.035007
0.035007
0.035007
0.035007
0.035007
0.035007
0.035007
0.035007
0.0351473
0.0273588
0.0273588
0.0273588
0.035007
0.0272216
0.0272216
0.0272216
0.0272216
0.0272216
0.0272216
0
0
0
0
0
0
0
0
0
0
0
0
0
0
0
0
0
0
0
0
0
0
0
0
0
0
0
0
0
0.0272166
0.0272166
0
0
0.0272166
0.0272166
0
0.0272166
0.0272166
0.0272166
0.0272166
0.0272166
0.0272166
0.0272166
0.0272166
0.0272166
0.0272166
0
0.0272166
0.0272166
0
0.0272166
0.0272216
0.0272166
0.0272166
0.0272166
0.0272166
0.0272166
0
0
0.0272166
0
0
0
0.0272166
0
0.0272166
0.0272166
0.0272166
0
0.0272166
0
0
0.0272166
0.0272216
0.0272216
0.0272216
0.0272216
0.0272216
0.0272216
0.0272216
0.0272216
0
0
0
0
0
0
0.0272166
0.0272166
0.0272166
0.0272166
0.0272166
0
0
0
0.0272166
0.0272166
0.0272166
0.0272166
0.0272166
0.0272166
0.0272166
0.0272166
0.0272166
0.0272166
0
0
0.0272166
0
0
0
0
0
0
0
0
0
0
0
0
0
0
0
0
0
0
0
0
0
0
0
0
0
0
0
0
0
0
0
0
0
0
0
0
0.0440012
0.0440012
0.0440012
0.0442807
0.0442807
0.0442807
0.0443242
0.0442807
0.0442807
0.044346
0.0442807
0.0442807
0
0
0
0
0
0
0
0
0
0
0
0
0
0
0
0.0490881
0
0.0490881
0
0
0
0
0
0
0
0
0
0
0
0
0
0
0
0
0
0
0
0
0
0
0
0
0
0
0
0
0
0
0
0.0441296
0.0441296
0.0441296
0.0441296
0.0483368
0.0483368
0.0483368
0.0483368
0.0451294
0
0
0
0
0
0
0.0459073
0
0.0459073
0
0.0459073
0
0.0459073
0.0725476
0.04598
0
0
0
0
0
0.0494771
0
0.0494771
0
0.0494771
0
0.0494771
0
0.0494771
0
0
0
0
0
0
0
0
0.140028
0
0.140028
0
0
0
0
0
0
0
0
0
0
0
0
0
0.0559017
0
0.0532624
0
0.0527046
0
0
0
0
0.0507673
0
0
0
0.0515026
0.0500626
0
0
0
0
0
0
0
0
0
0.154303
0
0
0
0
0
0
0
0
0
0
0.0580259
0
0
0
0.0440867
0.0440867
0.0440867
0.0477818
0.0477818
0.0477818
0.0477818
0.0477818
0
0.0440867
0.0449694
0.0440867
0.0440867
0.0441511
0.0441511
0.0450149
0.0479188
0
0.0441511
0.0441511
0.0450149
0.0479188
0
0
0
0
0
0
0
0
0
0
0
0
0
0
0
0
0
0
0
0
0
0
0
0
0
0
0
0
0
0
0
0
0
0
0
0
0
0
0
0
0
0
0
0
0
0
0
0
0
0
0
0
0.0449694
0.0449694
0.0449694
0.0449694
0.0449694
0
0
0.0451985
0.0451985
0.0451985
0.0451985
0.0451985
0.0451985
0.0451985
0.0451985
0.0449694
0
0
0.0452216
0.0452216
0.0452216
0.0452216
0.0452216
0.0452216
0.0452216
0.0452216
0.0449694
0
0
0
0
0
0
0
0
0
0
0
0
0
0
0
0
0
0
0
0
0
0
0
0
0
0
0
0
0
0
0
0
0
0
0
0
0
0
0.0776151
0.0776151
0
0.0776151
0.0776151
0.0776151
0.0776151
0.0450149
0.0450149
0.0449694
0.0449694
0.0451524
0.0451524
0.0495986
0.0451524
0.0451524
0.0451524
0.0495986
0.0451524
0.0449694
0.0495986
0.0495986
0.0495986
0.0495986
0
0
0
0
0.0741249
0.0741249
0.0741249
0.0741249
0.0741249
0.0741249
0.0741249
0.0741249
0.0741249
0.0741249
0
0
0
0
0
0
0
0
0
0
0
0
0
0
0
0
0
0
0
0.0784465
0.0784465
0
0
0.0784465
0.0784465
0.0784465
0
0
0
0
0.0784465
0.0784465
0.0784465
0.0784465
0
0
0
0
0
0
0
0
0
0
0.0786889
0.0786889
0.0786889
0
0
0.0786889
0.0786889
0.0819232
0.0819232
0.0819232
0.0819232
0.267261
0.267261
0.0786889
0.0786889
0.0819232
0
0
0
0
1
1
1
1
0
0
0
0
0
0
0
0
0
0
0
0.0786889
0
0.0786889
0.0819232
0.187317
0.187317
0.187317
0.0786889
0.0819232
0
0
0
0.0823387
0.2
0.0826192
0
0.0451064
0.0451064
0.0451064
0.0451064
0.0451064
0.0453376
0.0773823
0.0773823
0.0773823
0.0773823
0.0773823
0.0773823
0
0
0
0
0
0
0
0
0.0774984
0
0.078811
0.078811
0.0773823
0
0.078811
0
0.078811
0.078811
0
0.078811
0.078811
0
0
0.078811
0.078811
0.0794301
0.078811
0
0.078811
0.078811
0.0722629
0.0722629
0.0727393
0
0
0
0
0
0
0
0
0
0
0
0
0
0
0
0
0
0
0
0
0
0
0
0
0
0
0
0
0
0
0
0
0
0
0
0
0
0
0
0
0
0
0
0
0
0
0
0
0
0
0
0
0
0
0
0
0
0.0578315
0.0578315
0.0578315
0.0578315
0.0578315
0
0.0578315
0
0
0.0578315
0.0578315
0.0578315
0.0592349
0.0592349
0.0604122
0.0592349
0
0.0592349
0
0
0
0
0
0
0
0
0
0
0
0
0
0
0
0
0
0
0
0
0
0
0
0
0
0
0
0
0
0
0
0
0
0
0
0
0
0
0
0
0
0
0
0
0
0
0
0
0
0
0
0
0
0
0
0
0
0
0
0
0
0
0
0
0
0
0
0
0
0
0
0
0
0
0
0
0
0
0.0592349
0
0
0
0
0
0
0
0
0
0
0
0
0
0
0
0
0
0
0
0
0
0
0
0
0
0
0
0
0
0
0
0
0
0
0
0
0
0
0
0
0
0
0
0
0
0
0
0
0
0
0
0
0
0
0
0
0
0
0
0
0
0
0
0
0
0
0
0
0
0
0
0
0
0
0
0
0
0
0
0
0
0
0
0
0
0
0
0
0
0
0
0
0
0
0
0
0
0
0
0
0
0
0
0
0
0
0
0
0
0
0
0
0
0
0
0
0
0
0
0
0
0
0
0
0
0
0
0
0
0
0
0
0
0
0
0
0
0
0
0
0
0
0
0
0
0
0
0
0
0
0
0
0
0
0
0
0
0
0
0
0
0
0
0
0
0
0
0
0
0
0
0
0
0
0
0
0
0
0
0
0
0
0
0
0
0
0
0
0
0
0
0
0
0
0
0
0
0
0
0
0
0
0
0
0
0
0
0
0
0
0
0
0
0.123091
0.123091
0.123091
0.123091
0.123091
0.123091
0
0
0
0
0
0
0
0
0
0
0
0
0
0
0
0
0
0
0
0
0
0
0
0
0
0
0
0
0
0
0.128565
0
0
0
0
0
0
0
0
0
0
0
0
0
0
0
0
0
0
0
0
0
0
0
0
0
0
0
0
0
0
0
0
0
0
0
0
0
0
0
0
0
0
0
0
0
0
0
0
0
0
0
0
0
0
0
0
0
0
0
0
0
0
0
0
0
0
0
0
0
0
0
0
0
0
0
0
0
0
0
0
0
0
0
0
0
0
0
0
0
0
0
0
0
0
0
0
0
0
0
0
0
0
0
0
0
0
0
0
0
0
0
0
0
0
0
0
0
0
0
0
0
0
0
0
0
0
0
0
0
0
0
0
0
0
0
0
0
0
0
0
0
0
0
0
0
0
0
0
0
0
0
0
0
0
0
0
0
0
0
0
0
0
0
0
0.0451294
0.0451294
0.0451294
0.0451524
0
0
0
0
0
0
0
0
0
0
0
0
0
0
0
0
0
0
0
0
0
0
0
0
0
0
0
0
0
0
0
0
0
0
0
0
0
0
0
0
0
0
0
0
0
0
0
0
0
0
0
0
0
0
0
0
0
0
0
0
0
0
0
0
0
0
0
0
0
0
0
0
0
0
0
0
0
0
0
0
0
0
0
0
0
0
0
0
0
0
0
0
0
0
0
0
0
0
0
0
0
0
0
0
0
0
0
0
0
0
0
0
0
0
0
0
0
0
0
0
0
0
0
0
0
0
0
0
0
0
0
0
0
0
0
0
0
0
0
0
0
0
0
0
0
0
0
0
0
0
0
0
0
0
0
0
0
0
0
0
0
0
0
0
0
0
0
0
0
0
0
0
0
0
0
0
0
0
0
0
0
0
0
0
0
0
0
0
0
0
0
0
0
0
0
0
0
0
0
0
0
0
0
0
0
0
0
0
0.0701
0
0
0
0.153393
0.153393
0.153393
0
0
0
0.156174
0.156174
0.156174
0
0
0
0.162221
0.162221
0.162221
0
0
0
0
0
0
0
0
0
0
0
0
0
0
0
0
0
0
0
0
0
0
0
0
0
0
0
0
0
0
0
0
0
0
0
0
0
0
0
0
0
0
0
0
0
0
0
0
0
0
0
0
0
0
0
0
0
0
0
0.0696733
0.0696733
0.0696733
0
0
0
0
0
0
0
0
0
0
0
0.150756
0.150756
0.150756
0
0
0
0
0
0
0
0
0
0
0
0
0
0
0
0
0
0
0
0
0
0.0526681
0.0526681
0.0526681
0.0533761
0.0533761
0.0533761
0.0535672
0.0535672
0.0535672
0
0
0
0
0
0
0
0
0
0
0
0
0.0643489
0.0643489
0.0643489
0.0569803
0.0569803
0.0569803
0.057073
0.057073
0.057073
0.057213
0.057213
0.057213
0
0
0
0.0609145
0.0609145
0.0609145
0.0451294
0.0451294
0.0451294
0.0453843
0
0
0
0
0
0
0
0
0.0454077
0.0793052
0
0.0796819
0.0796819
0.0796819
0
0
0
0
0
0
0
0.0829027
0
0
0
0
0
0
0
0
0
0
0
0
0
0
0
0
0.0284268
0.0284268
0
0.0284268
0.0284268
0.0284268
0
0.0284268
0.0284268
0.0335957
0
0.0455251
0
0
0
0.0355222
0.0355222
0.0288495
0.0348472
0
0.0284268
0.0284268
0
0.0284268
0.0284268
0
0.0284268
0.0284268
0
0.0351039
0.0351039
0.040016
0
0.0457389
0.0457389
0
0
0
0
0
0
0
0.0287837
0.0284268
0.0284268
0.0455016
0.0284268
0.0284268
0
0.0284268
0.0284268
0.0284268
0
0.0284268
0
0
0
0
0
0
0
0
0
0
0
0
0
0
0
0
0
0
0
0
0
0
0
0
0
0
0
0
0
0
0
0
0
0
0
0
0
0
0
0
0
0
0
0
0
0
0
0
0
0
0
0
0
0
0
0
0
0
0
0
0
0
0
0
0
0
0
0
0
0
0
0
0
0
0
0
0
0
0
0
0
0
0
0
0
0
0
0
0
0
0
0
0
0
0
0
0
0
0
0
0
0
0
0
0
0
0
0
0
0
0
0
0
0
0
0.0291111
0
0
0
0.0452447
0
0
0
0
0
0
0
0
0
0
0
0
0.046102
0.046102
0.046102
0.046102
0
0
0
0
0
0
0
0
0
0
0
0
0
0
0
0
0
0
0
0
0
0
0
0
0
0
0
0
0
0
0
0
0
0
0
0
0
0
0
0
0
0
0.0784465
0.0784465
0.0784465
0.0784465
0.0784465
0.0784465
0
0
0
0
0
0
0.0819232
0.0819232
0
0.0819232
0
0.0819232
0.083189
0.083189
0.083189
0.0836242
0
0
0.160128
0.160128
0.160128
0.160128
0.160128
0.160128
0.160128
0.160128
0.160128
0.160128
0
0
0
0
0
0
0
0
0
0
0
0
0
0
0
0
0
0
0
0
0
0
0
0
0
0
0
0
0
0
0
0
0
0
0
0
0
0
0
0
0
0
0
0
0
0
0
0
0
0
0
0
0
0
0
0
0
0
0
0
0.149071
0.149071
0
0
0
0.164399
0
0.181071
0.149071
0
0.149071
0
0
0
0
0
0
0
0
0
0
0
0
0
0
0
0
0
0
0
1
1
0
1
1
1
0
0
0.0812444
0.0812444
0.0840663
0
0
0
0
0
0
0
0
0
0
0
0
0
0
0
0
0
0
0
0.0816497
0.0816497
0.0816497
0.0816497
0.0816497
0.0816497
0.0816497
0.0816497
0
0.0816497
0.0816497
0
0
0
0
0
0
0
0
0
0
0
0
0
0
0
0
0
0
0
0
0
0
0
0
0
0
0
0
0
0.0920575
0
0
0
0.09759
0.09759
0.0966736
0.0966736
0
0
0
0
0
0
0
0
0
0
0
0
0
0
0
0
0
0
0
0
0
0
0
0
0
0
0
0
0
0
0
0
0
0
0
0
0.0880451
0.0880451
0.0883883
0
0
0
0.0817861
0.0816497
0.0816497
0.0816497
0.0816497
0.0816497
0.0817861
0.0817861
0.0855921
0.0855921
0
0
0
0.0880451
0.0880451
0.0880451
0.0880451
0.0880451
0
0
0
0
0.0880451
0.0882162
0.0882162
0.0880451
0.0816497
0.0816497
0
0
0
0
0
0
0
0
0.0840663
0
0.0840663
0.0840663
0.0840663
0.0840663
0.0840663
0.0840663
0.0842152
0.0842152
0.0842152
0.0842152
0
0
0
0
0
0
0
0
0
0
0
0
0
0
0
0
0
0
0
0
0
0
0
0
0
0
0
0
0
0
0
0
0
0
0
0
0
0
0
0
0
0
0
0
0
0
0
0
0
0
0
0
0
0
0
0
0
0
0
0
0
0
0
0
0
0
0
0
0
0
0
0
0.0277939
0.0277939
0.0277939
0
0
0
0
0
0.0282335
0.0574012
0.0574012
0
0
0
0
0.0693375
0
0.0675737
0
0
0
0
0
0
0
0
0
0
0
0
0
0
0
0
0
0
0
0
0.0284268
0.0284268
0.0284325
0.0284325
0.0284325
0.0284325
0.0284325
0.0284325
0.0284325
0.0284325
0.0284325
0.0284325
0.0284325
0.0284325
0.0284325
0.0284325
0.0284325
0.0284325
0.0284325
0.0284325
0.0284325
0.0284325
0.0284325
0.0284325
0.0284325
0
0.0284325
0.0284325
0.0284325
0.0284325
0.0284325
0.0284325
0.0284325
0.0284325
0.0284325
0.0284325
0.0284325
0.0284325
0.0284325
0.0284325
0.0284325
0.0284325
0.0284325
0.0284325
0.0284325
0.0284325
0.0284325
0.0284325
0.0284325
0.0284325
0.0284325
0.0284325
0.0284325
0.0284325
0.0284325
0.0284325
0.0284325
0.0284325
0.0284325
0.0284325
0.0284325
0.0284325
0.0284325
0.0284325
0.0284325
0.0284325
0.0284325
0.0284325
0.0284325
0.0284325
0.0284325
0.0284325
0.0284325
0.0284325
0.0284325
0.0477818
0.0477818
0.0477818
0.0477818
0.0477818
0
0
0.0477818
0
0.0477818
0.0477818
0.0477818
0.0477818
0.0477818
0.0477818
0.0477818
0.0477818
0.0477818
0
0
0
0
0
0
0
0
0
0
0
0
0
0
0
0
0
0
0
0
0.0477818
0.0477818
0.0477818
0.0477818
0.0477818
0.0477818
0.0477818
0.0477818
0.0477818
0.0477818
0.0477818
0.0477818
0.0477818
0.0477818
0.0477818
0
0
0
0
0
0
0
0
0
0
0
0
0
0
0
0
0
0
0
0
0
0
0
0
0
0
0
0
0
0
0
0
0
0
0
0
0
0
0
0
0
0
0
0
0
0
0
0
0
0
0
0
0
0
0
0
0
0
0
0
0
0
0
0
0
0
0
0
0.028421
0.028421
0.028421
0.028421
0.028421
0.028421
0.0284268
0.028421
0.028421
0.028421
0.028421
0
0
0.0284325
0
0
0
0
0
0
0
0
0
0
0
0
0
0.0291173
0
0
0
0
0
0
0
0
0
0
0
0
0
0
0.0462003
0.0462003
0.0515026
0.0515026
0.0462003
0.0462003
0.0462003
0
0
0
0
0
0
0
0
0.0477546
0.0462003
0.0462003
0.0476731
0.051031
0.0462003
0.0462003
0.0462003
0.0462003
0.0462003
0.0518825
0.0518825
0.0518825
0.0518825
0.0462003
0.0462003
0.0515026
0.0515026
0.0462003
0.0462003
0.0462003
0
0
0
0
0
0.051131
0
0.051131
0.051198
0.051198
0
0.051198
0.051198
0
0
0
0
0
0
0
0
0
0
0
0
0
0
0
0
0
0
0
0
0
0
0
0
0.0518825
0.0518128
0
0
0
0
0
0
0
0
0
0
0
0
0
0
0
0
0
0
0
0
0
0
0.0462003
0.0462003
0.0462003
0.0462003
0.0462003
0.0462003
0.0462003
0.0462003
0.0462003
0.0515026
0.0462003
0
0.0462003
0.0462003
0.0462003
0.046225
0.046225
0.046225
0.046225
0.046225
0.046225
0.046225
0.046225
0.046225
0.046225
0.046225
0.0462003
0.0462003
0.0462003
0.0462003
0.0462003
0.0462003
0.0462003
0.0462003
0.0462003
0.0462003
0.0462003
0.0462003
0.0462003
0.0462003
0.0462003
0.0462003
0.0462003
0.0462003
0.0462003
0.0462003
0.0462003
0.0475383
0
0
0.0475114
0.0422577
0.0422577
0.0422577
0.0422577
0.0422577
0
0.0422577
0.0422577
0.0422577
0
0
0.0422577
0
0
0
0
0
0
0
0
0
0
0
0
0
0
0
0
0
0
0
0
0
0
0
0
0
0
0
0
0
0
0
0
0
0.0422577
0.0422577
0.0422577
0.0422577
0.0422577
0.0422577
0.0422577
0.0422577
0.0422577
0.0422577
0.0422577
0.0422577
0.0422577
0.0422577
0.0422577
0.0422577
0.0422577
0.0422577
0.0422577
0.0422577
0.0422577
0.0422577
0.0422577
0.0422577
0.0422577
0.0422577
0.0422577
0.0422577
0.0422577
0.0422577
0.0422577
0.0422577
0.0422577
0.0422577
0.0422577
0.0422577
0.0422577
0.0422577
0.0422577
0.0422577
0.0422577
0.0422577
0.0422577
0.0422577
0.0422577
0
0.0422577
0
0.0422577
0.0422577
0.0422577
0
0
0
0
0
0
0
0
0
0
0
0
0
0
0
0
0
0.0422766
0.0422766
0.0422766
0
0
0
0
0
0
0
0
0
0
0
0
0.0422766
0.0422766
0
0
0
0
0.0477818
0.0477818
0.0477818
0.0477818
0.0477818
0.0477818
0.0477818
0
0
0
0.0477818
0.0477818
0
0
0
0
0.0477818
0.0477818
0.0477818
0.0477818
0.0477818
0
0.0401772
0.0401772
0.0401772
0.0401772
0
0.0401772
0.0401772
0.0401772
0
0.0412218
0
0.0413626
0
0.0458831
0
0
0
0
0
0
0
0
0
0
0
0
0
0
0
0
0
0
0.0475114
0
0
0
0
0.0413449
0.0403403
0
0
0.0413626
0.0403239
0
0
0
0.0474312
0
0
0
0
0
0
0
0
0
0
0
0
0.0284268
0.0284268
0.0284268
0.0284268
0.0284268
0.0284268
0
0.0284268
0.0284268
0.0284268
0
0.0284268
0.0284268
0
0.0284268
0
0
0
0
0
0
0
0
0.0477818
0.0477818
0
0
0.0384331
0.0284268
0.0284268
0
0
0
0
0
0
0
0.0284268
0.0284268
0
0.0284268
0
0.0284268
0.0284268
0.0284268
0
0
0.0477546
0.0284268
0.0290374
0
0
0
0.0284268
0.0284268
0
0.0284268
0.0284268
0
0.0284268
0.0284268
0.0284268
0.0284268
0.0284268
0.0284268
0.0284268
0.0284268
0.0284268
0
0
0
0
0
0
0
0
0
0
0
0
0
0
0
0
0
0
0
0
0
0
0
0.0284268
0
0
0
0
0
0
0
0
0
0.0284268
0.0284268
0
0.0284268
0.0284268
0
0.0284268
0.0284268
0.0284268
0.0284268
0.0284268
0.0284268
0.0284268
0.0284268
0.0284268
0
0
0
0
0
0
0
0
0.0290374
0.0284268
0.0284268
0
0
0
0
0
0
0
0
0
0
0.0284268
0.0284268
0.0284268
0
0
0
0
0
0
0
0
0
0
0
0
0
0
0.0284268
0.0284268
0
0
0
0
0.0284268
0.0284268
0.0284268
0
0.0284268
0.0284268
0.0284268
0.0284268
0.0284268
0.0284268
0.0284268
0.0284268
0.0284268
0.0284268
0.0284268
0.0284268
0.0284268
0.0284268
0.0284268
0.0284268
0.0284268
0.0284268
0.0284268
0.0284268
0.0284268
0.0288076
0
0.0288135
0.0459073
0
0.0459073
0.0459073
0.0368981
0
0.0368981
0.0368981
0.0368981
0.0368981
0.0368981
0.0458831
0
0
0
0
0
0
0
0
0
0
0
0
0
0
0
0
0
0
0
0
0
0
0.0284268
0.0284268
0.0284268
0.0284268
0.0284268
0.0284268
0.0284268
0.0284268
0.0284268
0.0284268
0.0284268
0.0284268
0.0284268
0.0284268
0.0284268
0.0284268
0.0284268
0.0284268
0.0284268
0.0284268
0.0284268
0.0284268
0.0284268
0.0284268
0.0284268
0.0284268
0.0284268
0.0284268
0.0284268
0.0284268
0.0284268
0.0284268
0.0284268
0.0284268
0.0284268
0.0284268
0.0284268
0.0284268
0
0
0.0456435
0.0456435
0.0456435
0.0448336
0.0448336
0.0448336
0.0451294
0
0.0318384
0
0
0
0.0324871
0.0324871
0.0324871
0.0330139
0.0330139
0.0330139
0.0471405
0.0330139
0.0330139
0.0330139
0.0330139
0.188982
0.0330139
0.0451754
0
0.0451754
0.0451754
0.0451754
0.0451754
0.0330139
0.0373848
0.0334357
0.0334357
0.0334357
0.0356348
0.0356348
0.0332687
0.0332687
0.0332687
0
0.0349428
0.0349428
0.0452679
0.0452679
0.0452679
0.045859
0
0
0
0.0450377
0.0448787
0.0448787
0
0.0448787
0.0448787
0
0.0448787
0.0359327
0
0.0459558
0.0459558
0.0460044
0
0.0347945
0.0352454
0.0453609
0
0.133631
0.133631
0.133631
0
0.0342997
0.0342997
0.0343199
0.0343199
0.0342997
0.028467
0.0318384
0.0318384
0.0318384
0.0318384
0.0318384
0.0284268
0
0
0
0
0
0
0
0
0
0
0
0
0
0
0
0
0
0
0
0
0
0
0
0.0422577
0.0422577
0.0422577
0.0422577
0.0422577
0.0422577
0
0
0
0
0
0
0
0
0
0
0
0
0
0
0
0
0
0
0
0
0
0
0
0
0
0
0
0
0
0
0
0
0
0
0
0
0
0
0
0
0
0
0
0
0
0
0
0
0
0
0
0
0
0
0
0
0
0
0
0
0
0
0
0
0
0
0
0
0
0.0422577
0.0422577
0.0422577
0
0
0
0
0
0
0
0
0
0
0
0
0
0
0
0
0
0
0
0
0
0
0.0284268
0.0284268
0
0.0284268
0
0.0284268
0.0284268
0.0291111
0
0
0
0
0
0
0
0.0446322
0.0284268
0.0284268
0
0.0284268
0.0284268
0.0290313
0
0.0284268
0
0
0
0
0
0
0.0711568
0.0711568
0.0711568
0.215666
0.0711568
0
0.0718885
0
0.0711568
0.0284268
0.0284268
0.0284268
0
0.0290129
0
0
0
0
0
0
0
0
0
0
0
0
0
0
0
0
0
0.0284268
0.0284268
0
0
0
0.0462003
0.0462003
0.0462003
0.0462003
0.0462003
0.0462003
0.0462003
0.0462003
0.0462003
0.0462003
0
0
0
0
0
0
0
0
0
0
0
0
0
0
0
0
0
0
0
0
0
0
0
0
0
0
0
0
0
0
0
0
0
0
0
0
0
0
0
0
0
0
0
0
0.0462003
0.0462003
0.0462003
0.0462003
0.0462003
0.0462003
0.0462003
0.0462003
0.0462003
0.0462003
0.0462003
0.0462003
0.0462003
0.0462003
0
0.0473779
0
0.0475114
0
0
0
0
0
0
0
0
0
0
0
0
0
0
0
0
0
0
0
0
0
0.0474045
0.0474045
0.0474045
0.0475383
0.0475383
0.0475383
0
0.0475114
0.0475114
0
0
0
0
0.0474045
0
0
0
0
0
0
0
0
0
0
0.0462003
0.0462993
0
0
0
0
0
0
0.0465242
0.0477274
0
0
0
0
0
0
0
0
0
0.0477274
0
0
0
0
0
0
0
0
0
0
0
0
0
0
0
0
0
0
0
0
0
0
0
0
0
0
0
0
0
0
0
0
0
0
0
0.0475114
0
0.0475383
0.0462003
0.0462003
0.0462003
0
0
0
0
0.0284268
0.0284268
0.0284268
0
0
0
0
0
0
0
0
0
0
0
0
0
0
0
0
0
0
0
0
0
0.0292228
0.0292228
0
0
0
0
0.0318384
0.0318384
0.0318384
0.0318384
0.0291173
0.0291173
0
0.0291173
0.0291173
0.0291173
0.0291173
0.0291173
0.0291173
0.0291173
0
0.0444994
0.0444994
0
0
0
0
0
0
0
0
0
0
0
0
0
0
0
0
0
0
0
0
0
0
0
0
0
0
0
0.0502519
0.0502519
0.0506695
0.0506695
0
0
0
0
0.051031
0
0
0
0
0
0
0
0.0515368
0.0515368
0
0
0
0
0.0527046
0
0
0
0
0
0
0
0
0
0
0
0
0
0
0
0
0.0527046
0
0
0
0
0.0527046
0
0
0
0
0
0
0
0
0
0
0
0.0291173
0.0291173
0.0291173
0
0.0291173
0.0291173
0
0.0291173
0
0.0291173
0.0291173
0.0291173
0
0
0
0
0
0
0
0
0
0.0567048
0
0.0567504
0.0567504
0.0567504
0.0567504
0
0.0570266
0.0291173
0.0291173
0.0291173
0.0291173
0.0291173
0.0291173
0.0291173
0.0291173
0.0291173
0.0291173
0.0291173
0.0291173
0.0291173
0.0291173
0.0291173
0.0291173
0.0291173
0.0291173
0.0291173
0.0291173
0.0291173
0.0291173
0.0291173
0.0291173
0.0291173
0.0291173
0.0291173
0.0291173
0.0291173
0.0291173
0.0291173
0.0291173
0.0291173
0.0291173
0.0291173
0.0291173
0.0291173
0.0291173
0.0291173
0.0291173
0.0291173
0.0291173
0.0291173
0.0291173
0.0291173
0
0.0291173
0
0.0291173
0.0291173
0.0291173
0
0
0
0
0
0
0
0
0.0284268
0.0284268
0.0284268
0
0.0333704
0
0
0
0
0
0
0
0
0
0
0
0.0354663
0.0354663
0
0
0
0.02894
0
0
0
0
0.0291111
0.0397621
0.0284268
0
0.0462003
0.0462003
0.0462003
0.046225
0.0462003
0
0
0.0284268
0.0284268
0.0284268
0.0284268
0
0
0
0
0
0
0
0
0
0
0
0
0.0284268
0
0.0284268
0.0284268
0.0284268
0
0.0288675
0
0
0
0
0
0
0
0
0.0284786
0.0284786
0.0284786
0.0284786
0.0284786
0.0288315
0
0.0284786
0.0284786
0
0.0284786
0.0284786
0.0284786
0.0284786
0.0284786
0.0284786
0.0284786
0
0
0.0284786
0.0284786
0.0284786
0
0
0.0284786
0.0284786
0.0284786
0
0
0
0
0
0
0
0
0
0
0.0284786
0.0284786
0.0284786
0.0326599
0.0327737
0.0327737
0.0471405
0.0327737
0.0327737
0.0379049
0.0327737
0.0333333
0.0284786
0.0284786
0.0330319
0.0284786
0.0330319
0.0285191
0.028467
0.028467
0.028467
0.028467
0.028467
0.028467
0.028467
0.028467
0.028467
0.028467
0.028467
0.028467
0.028467
0.028467
0.028467
0.028467
0.0331315
0.0331315
0.0334919
0.0555985
0.0339129
0
0.0356915
0.0329243
0.0558146
0.0333333
0
0
0
0
0
0
0
0
0
0
0
0
0
0
0.0349642
0.0349642
0.0349642
0.0349642
0.023518
0.0330771
0.034879
0
0
0.0349642
0.0349642
0.0349642
0.0284268
0.0284268
0.0284268
0.0284268
0.0284268
0
0
0
0
0
0
0
0
0
0
0
0
0
0
0
0.0291111
0.0291111
0.0291111
0.0291111
0.0284268
0.0284268
0
0.0284268
0
0
0
0
0
0
0
0
0
0
0
0
0
0
0
0
0
0.0291111
0
0
0
0
0
0
0
0
0
0
0
0
0
0
0.0284268
0.0284268
0.0284268
0.0360492
0
0
0
0.0290742
0.0453376
0.0453376
0
0
0
0.0284268
0.0284268
0.0284268
0.0334357
0.0289642
0.0352673
0
0
0
0
0
0
0
0
0
0
0
0
0
0
0
0
0
0
0
0.0356915
0
0.0284268
0.0284268
0
0
0
0
0
0.0284268
0.0284268
0.0284268
0.0284268
0.0284268
0
0.0373587
0
0
0
0
0
0
0
0
0
0
0
0
0
0
0
0
0
0
0
0
0
0
0
0
0
0
0
0
0
0
0
0
0
0
0
0
0
0
0
0
0
0
0
0
0
0
0
0
0
0
0
0
0
0
0
0
0
0
0
0
0
0
0
0
0
0
0
0
0
0
0
0
0
0
0
0
0
0
0
0
0
0
0.0356348
0.0356348
0.0356348
0.0356348
0.0356348
0.213201
0.0356348
0.0289642
0
0
0
0
0
0.0291111
0
0
0
0
0
0
0
0.0284268
0.0284268
0.0284268
0
0.0453843
0.0461757
0
0.0461757
0
0
0
0
0
0
0
0
0
0
0
0
0
0
0.0458109
0.0458109
0.0458109
0
0.0458109
0.0458109
0.0458109
0.0458109
0.0458109
0.0458109
0
0.0458109
0.0458109
0.0458109
0.0458109
0
0.046102
0
0.0458109
0.0458109
0.0458109
0.0458109
0.0290129
0
0
0.0291111
0.0402748
0.0475383
0.0456673
0.0456673
0.0456673
0.0460531
0.0456673
0
0
0.0284268
0.0284268
0.0284268
0
0.0290129
0.0456673
0
0
0
0
0
0
0
0
0
0
0
0
0
0
0
0
0
0
0.0291173
0.0291173
0
0.0291173
0.0291173
0.0291173
0.0291173
0
0.0291173
0
0
0
0
0
0
0
0
0
0
0
0
0
0
0
0
0
0
0
0
0
0
0
0
0
0.0288315
0.0288315
0.0288315
0
0
0
0
0
0
0
0
0
0
0
0
0.0288315
0.0288315
0
0
0
0
0.0449921
0.0449921
0.0449921
0.0449921
0.0449921
0.0474312
0.0477274
0
0.0477274
0.0474312
0
0
0.0449921
0.0449921
0
0.0449921
0.0449921
0.0449921
0.0449921
0.0449921
0.0449921
0.0449921
0
0
0.0449921
0.0449921
0.0449921
0
0
0.0449921
0.0449921
0.0449921
0
0
0
0
0
0
0
0
0
0
0.0474312
0.0461266
0.0461266
0.0461266
0.0462497
0
0
0
0.0461266
0.0461266
0.0449921
0.0449921
0.0449921
0.0461266
0.0449921
0.0461266
0.0449921
0.0449921
0.0449921
0.0449921
0.0449921
0.045859
0.0403403
0.0403403
0.0403239
0.0403239
0.0403239
0.0403239
0.0403239
0
0
0
0.0403239
0.0403239
0.0460776
0.0460776
0.0477818
0.0460776
0
0
0
0
0
0
0.0477546
0
0
0
0
0
0
0
0
0
0.0284095
0.0284095
0.0284095
0.0284095
0.0284095
0.0284268
0.0284268
0
0
0
0
0
0
0.0431131
0.0431131
0
0
0
0
0.0505076
0
0.050702
0.0524503
0
0
0
0
0
0
0
0
0
0
0
0
0
0
0
0
0
0
0
0
0
0
0
0
0
0
0
0
0
0
0
0
0
0
0
0
0
0
0
0
0
0
0
0
0
0
0
0
0
0
0
0
0
0
0
0
0
0
0
0
0
0
0
0
0
0
0
0
0
0
0
0
0
0
0
0
0
0
0
0
0
0
0
0
0
0
0
0
0
0
0
0
0
0
0
0
0
0
0
0
0
0
0
0
0
0
0
0
0
0
0
0
0
0
0
0
0
0
0
0
0
0
0
0
0.0342796
0.218218
0.0342896
0.0342896
0
0.0342997
0
0
0
0
0
0
0
0
0
0
0
0
0
0
0
0
0
0
0
0.0284268
0.0284268
0
0.0284268
0.0284268
0
0
0
0
0
0
0
0
0
0
0
0
0
0
0
0
0
0
0.0291173
0
0
0
0
0
0
0
0.0291111
0.0291111
0.0291111
0.0291111
0.0291111
0.0284268
0.0284268
0.0284268
0.0291111
0
0.0284325
0.0284268
0.0284268
0
0
0
0
0
0
0
0
0
0
0
0
0
0
0
0
0
0
0
0
0
0
0.0291111
0
0
0
