0.0186794
0.0186794
0.0186794
0
0
0
0.0168886
0.0168886
0.0168886
0.0168886
0.0168886
0.0168886
0.0168886
0.0168886
0.0168886
0.0168886
0.0168886
0.0168886
0.0168886
0.0168886
0.0168886
0.0168886
0.0168886
0.0168886
0
0.0168886
0
0.0186696
0.0186696
0.0186696
0.0186794
0.0186794
0.0186794
0
0
0
0
0
0
0
0
0
0
0.0186696
0.0186696
0
0.0186696
0
0
0
0
0
0
0
0
0
0
0
0
0
0
0
0
0
0
0
0
0
0
0
0
0
0
0
0.0175493
0.0258717
0.018621
0
0
0
0
0
0
0
0
0
0
0
0
0
0
0
0
0
0
0
0
0
0
0
0
0
0
0
0
0
0
0
0
0
0
0
0.0162672
0.0162672
0
0.0162672
0.0162672
0.0162672
0.0162672
0.0162672
0.0162672
0.0171172
0.0171172
0.0171172
0.0171172
0.0171172
0.0171172
0.0171172
0.0171172
0.0171172
0.0171197
0
0.0171172
0
0.0171172
0
0.0171172
0
0.0171172
0.0171172
0.0171172
0.0181668
0.0181668
0
0.0181668
0
0.0181668
0.0181668
0.0181668
0.0181668
0.0162801
0
0.0162801
0
0.0162801
0.0162801
0.0162801
0
0
0
0
0
0
0
0
0
0
0
0
0
0
0
0
0
0
0
0
0
0
0
0
0
0
0
0
0
0
0
0
0
0
0
0
0
0
0
0
0
0
0
0
0
0
0
0
0
0
0
0
0
0
0
0
0
0
0
0
0
0
0
0
0
0
0
0
0
0
0
0
0.0162672
0.0162672
0.0162672
0.0162672
0
0.0162672
0
0.0162672
0
0.0162672
0.0162672
0.0162672
0.0162672
0.0162672
0.0162672
0
0
0
0
0.0162672
0
0.0162672
0.0162672
0.0162672
0
0
0.0162672
0
0.0162672
0
0
0
0
0
0
0.0162672
0.0162672
0.0162672
0.0162672
0.0162672
0.0162672
0.0162672
0
0
0
0
0.0162672
0
0.0162672
0.0162672
0.0162672
0
0
0
0
0
0
0
0
0
0
0
0
0
0
0
0
0
0
0
0
0
0
0
0
0
0
0
0
0
0
0
0
0
0
0
0
0
0
0
0
0
0
0
0
0
0
0
0
0
0
0
0
0
0
0
0
0
0
0
0
0
0
0
0
0
0
0.0162672
0
0
0
0
0
0
0
0
0
0
0
0
0
0
0
0
0
0
0
0
0
0
0
0
0
0
0
0
0
0
0
0
0
0
0
0
0
0
0
0
0
0
0
0
0
0
0
0
0
0
0
0
0
0
0
0
0
0
0
0
0
0
0
0
0
0
0
0
0
0
0
0
0
0
0
0
0
0
0
0
0
0
0
0
0
0
0
0
0
0
0
0
0
0
0
0
0
0
0
0
0.0179925
0
0
0
0
0
0
0
0
0
0.0170672
0.0170672
0
0
0
0
0
0
0
0
0
0
0
0
0
0
0
0.040522
0.040522
0.040522
0.040522
0.040522
0
0.0405887
0
0.0406222
0.0406222
0.0406222
0.0406222
0
0.0406222
0
0.0406558
0
0
0
0
0
0
0
0
0
0
0
0
0
0
0
0
0
0
0
0
0
0
0
0
0
0
0
0
0
0
0
0
0
0
0
0
0
0
0
0
0
0
0
0
0
0
0
0
0
0
0
0
0
0
0
0
0
0
0
0
0
0
0
0
0
0
0
0
0
0
0
0.0170996
0
0.0170672
0.0168383
0
0
0
0
0
0
0
0
0
0
0
0
0
0
0
0
0
0
0
0
0
0
0
0
0
0
0
0
0
0
0
0
0
0
0
0
0
0
0
0
0
0
0
0
0
0
0
0
0
0
0
0
0
0
0
0
0
0
0
0
0
0
0
0
0
0
0
0
0.0167624
0
0
0
0
0
0
0.0170971
0.0170971
0.0170971
0.0170971
0.0170971
0.0170971
0.0171046
0.0170971
0.0170971
0.0170971
0.0170971
0
0
0.0171071
0
0
0
0
0
0
0
0
0
0
0
0
0
0.0179896
0.377964
0.377964
0
0
0
0
0
0
0
0
0
0
0
0
0
0.377964
0
0
0
0
0
0
0
0
0
0
0
0
0
0
0
0
0
0
0
0
0
0
0
0
0
0
0
0
0
0
0
0
0
0
0
0
0
0
0
0
0
0
0
0
0
0
0
0
0
0
0
0
0
0
0
0
0
0
0
0
0
0
0
0
0
0
0
0
0
0
0
0
0
0
0
0
0
0
0
0
0
0
0
0
0
0
0
0
0
0
0
0
0
0
0
0
0
0
0
0
0
0
0
0
0
0
0
0
0
0
0
0
0
0
0
0
0
0
0
0
0
0
0
0
0
0
0
0.0162672
0.0162672
0.0162672
0
0
0
0
0
0
0
0
0
0
0
0
0
0
0
0
0
0
0
0
0
0
0
0
0
0
0
0
0
0
0.0162672
0.0162801
0.0162801
0.0162801
0.0162801
0.0162801
0.0162801
0
0
0
0
0
0
0
0
0
0
0
0
0
0
0
0
0
0.0162801
0.0162801
0
0.0162801
0.0162801
0.0162801
0.0162801
0.0162801
0.0162801
0.0162801
0.0162801
0
0
0
0
0
0
0
0
0
0
0
0
0
0
0
0
0
0
0
0
0
0
0
0
0
0
0
0
0
0
0
0
0
0
0
0
0
0
0
0
0
0
0
0
0
0
0
0
0
0
0
0
0
0
0
0
0
0
0
0
0
0
0
0
0
0
0
0
0
0
0
0
0
0
0
0
0
0
0
0
0
0
0
0
0
0
0
0
0
0
0
0
0
0
0
0
0
0
0
0
0
0
0
0
0
0
0
0
0
0
0
0
0
0
0
0
0
0
0
0
0
0
0
0
0
0
0
0
0
0
0.0174848
0.0174848
0.0174848
0.0174848
0.0174848
0.0174848
0.0174848
0.0214472
0.0213152
0.019111
0
0.019111
0.019111
0.019111
0.0273998
0.019111
0.019111
0.019111
0.0195478
0.0195478
0.019111
0.019111
0.019111
0.0181969
0
0
0
0
0
0
0
0
0
0
0.0174848
0.0174848
0.0174848
0.0174848
0.0174848
0.0174848
0
0
0
0
0
0
0
0
0.0170996
0.0170996
0.0170996
0.0170996
0.0170996
0.0223439
0.0223439
0
0
0
0
0
0
0
0
0
0
0.0171071
0.0171071
0.0171071
0.0171071
0.0171071
0.0171071
0.0171071
0.0171071
0.0171071
0.0171071
0.0171071
0.0171071
0.0171071
0.0171071
0.0171071
0.0171071
0.0171071
0.0171071
0.0171071
0.0171071
0.0171071
0.0171071
0.0171071
0.0171071
0.0171071
0.0171071
0.0171071
0.0171071
0.0171046
0.0171071
0.0171071
0.0171071
0.0171071
0.0170996
0.0171071
0.0170996
0.0178914
0.0170996
0.0170996
0.0171675
0.0170996
0.0170996
0.0170996
0.0170996
0.0170996
0.0170996
0.0170996
0.0170996
0.0170996
0.0170996
0.0170996
0.0170996
0.0170996
0.0170996
0.0170996
0.0170996
0.0170996
0.0170996
0.0170996
0.0170996
0.0170996
0.0170996
0.0170996
0.0170996
0.0170996
0.0170996
0.0170996
0.0170996
0.0170996
0.0170996
0.0170996
0.0170996
0.0170996
0.0170996
0.0170996
0.0170996
0.0170996
0.0170996
0.0171675
0.0170996
0.0170996
0
0
0
0
0
0
0.0162801
0
0.0162801
0.0162801
0
0
0
0
0.0162801
0
0
0
0
0
0
0
0
0
0
0
0
0
0
0
0
0
0
0
0
0
0.0162801
0.0162801
0.0162801
0.0162801
0.0162801
0.0162801
0.0162801
0.0162801
0.0162801
0.0162801
0.0162801
0.0162801
0.0162801
0.0162801
0.0162801
0.0162801
0
0
0
0
0
0
0
0
0
0
0
0
0
0
0
0
0
0
0
0
0
0
0
0
0
0
0
0
0
0
0
0
0
0
0
0
0
0
0
0
0
0
0
0
0
0
0
0
0
0
0
0
0
0
0
0
0
0
0
0
0
0
0
0
0
0
0
0
0
0
0
0
0
0
0
0
0
0
0
0
0
0
0
0
0
0
0
0
0
0
0
0
0.0162672
0.0162672
0.0162672
0.0162672
0.0162672
0
0
0
0
0
0
0
0
0
0
0
0.0162672
0.0162672
0
0
0
0
0.0170971
0.0162801
0.0162801
0.0162801
0.0162801
0.0162801
0.0162801
0.0162801
0.0162801
0.0162801
0.0162801
0.0162801
0.0162801
0.0162801
0.0162801
0.0162801
0.0162801
0.0162801
0.0162801
0.0162801
0.0162801
0.0162801
0.0162801
0
0.0162801
0.0162801
0
0
0.0162801
0.0162801
0.0162801
0.0162801
0
0
0
0
0
0
0
0
0
0
0
0
0
0
0
0
0
0
0
0
0
0
0
0
0
0
0
0
0
0
0
0
0
0
0
0
0
0
0
0
0
0
0
0
0
0
0
0
0
0
0
0
0
0
0
0
0
0
0
0
0
0
0
0
0
0
0
0
0
0
0
0
0
0
0
0
0
0
0
0
0
0
0
0
0
0
0
0
0
0
0
0
0
0
0
0
0
0
0
0
0
0
0
0
0
0
0
0
0
0
0
0
0
0
0
0
0
0
0
0
0
0
0
0
0
0
0
0
0
0
0
0
0
0
0
0
0
0
0
0
0
0
0
0
0
0
0
0
0
0
0
0
0
0
0
0
0
0
0
0
0
0
0
0
0
0
0
0
0
0
0
0
0.0162801
0.0162801
0.0162801
0.0162801
0.0162801
0.0162801
0
0
0.0162801
0.0162801
0
0
0
0
0
0
0
0.0162801
0.0162801
0.0162801
0
0.0162801
0
0
0
0
0
0
0
0.018122
0
0
0
0
0
0
0
0
0
0
0
0
0
0
0
0
0
0
0
0
0
0
0
0
0.0162801
0.0162801
0.0162801
0.0162801
0.0162801
0.0162801
0
0
0
0
0
0
0
0
0
0
0
0
0
0
0
0
0
0
0
0
0
0
0
0
0
0
0
0
0
0
0
0
0
0
0
0
0
0
0
0
0
0
0
0
0
0
0
0
0
0
0
0
0
0
0
0
0
0
0
0
0
0
0
0
0
0
0
0
0
0
0
0
0
0
0
0
0
0
0
0
0
0
0
0
0
0
0
0
0
0
0
0
0
0
0
0
0
0
0
0
0
0
0
0
0
0
0
0
0
0
0
0
0
0
0
0
0
0
0
0
0
0
0
0
0
0
0
0
0
0
0
0
0
0
0
0
0
0
0
0
0
0
0
0
0
0
0
0
0
0
0
0
0
0
0
0
0
0
0
0
0
0
0
0
0
0
0.0251737
0.0251737
0
0
0
0
0
0.0394362
0
0
0
0
0
0
0
0
0
0
0
0
0
0
0
0
0
0
0
0
0
0
0
0
0
0
0
0
0
0
0
0
0
0
0
0
0
0
0
0
0
0
0
0
0
0
0
0
0
0
0
0
0
0
0
0
0
0
0
0
0
0
0
0
0
0
0
0
0
0
0
0
0
0
0
0
0
0
0
0
0
0
0
0
0
0
0
0
0
0
0
0
0
0
0
0
0
0
0
0
0
0
0
0
0
0
0
0
0
0
0.0162672
0.0162672
0
0
0.0162672
0.0162672
0
0.0162672
0.0162672
0.0162672
0.0162672
0.0162672
0.0162672
0.0162672
0.0162672
0.0162672
0.0162672
0
0.0162672
0.0162672
0
0.0162672
0.0162801
0.0162672
0.0162672
0.0162672
0.0162672
0.0162672
0
0
0.0162672
0
0
0.0162672
0
0.0162672
0.0162672
0.0162672
0
0.0162672
0
0
0.0162672
0.0162801
0.0162801
0.0162801
0.0162801
0.0162801
0.0162801
0.0162801
0.0162801
0
0
0
0
0
0
0.0162672
0.0162672
0.0162672
0.0162672
0.0162672
0
0
0
0.0162672
0.0162672
0.0162672
0.0162672
0.0162672
0.0162672
0.0162672
0.0162672
0.0162672
0.0162672
0
0
0.0162672
0.0170996
0.0170996
0.0170996
0
0.0176584
0
0
0
0
0
0
0
0
0
0
0
0
0
0
0
0
0
0
0
0.0169273
0.0169273
0
0.0169273
0.0169273
0
0.0169273
0.0169273
0
0
0
0
0
0
0
0
0
0
0
0
0
0
0.0173762
0.0170697
0.0170177
0
0.0168406
0.0168406
0
0.0168406
0.0168406
0.0170822
0
0.0170921
0
0
0
0
0
0
0
0
0
0
0
0
0
0
0
0
0
0
0
0
0
0
0
0
0
0
0
0
0
0
0
0
0
0
0
0
0
0
0
0
0
0
0
0
0
0
0
0
0
0
0
0
0
0
0
0
0
0
0
0
0
0
0
0
0
0
0
0
0
0
0
0
0
0
0
0
0
0
0
0
0
0
0
0
0
0
0
0
0
0
0
0
0
0
0
0
0
0
0
0
0
0
0
0
0
0
0
0
0
0
0
0
0
0
0
0.017609
0
0.0405887
0.0405887
0
0.0407231
0.040757
0
0
0
0
0
0
0
0
0
0
0
0
0
0
0
0
0
0
0
0
0
0
0
0
0
0
0
0
0
0
0
0
0
0
0
0
0
0
0
0
0
0.0170996
0.0170996
0.0170996
0
0.0170996
0.0170996
0.0170996
0.0170996
0.0170996
0.0170996
0.0170996
0.0170996
0.0170996
0.0170996
0.0170996
0.0170996
0.0170996
0.0170996
0.0170996
0.0170996
0.0170996
0.0170996
0.0170996
0.0170996
0.0170996
0.0172929
0
0.017311
0
0
0
0
0
0
0
0
0
0
0
0
0
0
0
0
0
0
0
0
0
0
0
0
0
0
0
0
0
0
0
0
0
0
0.0170996
0.0170996
0.0170996
0.0170996
0.0170996
0.0170996
0.0170996
0.0170996
0.0170996
0.0170996
0.0170996
0.0170996
0.0170996
0.0170996
0.0170996
0.0170996
0.0170996
0.0170996
0.0170996
0.0170996
0.0170996
0.0170996
0.0170996
0.0170996
0.0170996
0.0170996
0.0170996
0.0170996
0.0170996
0.0170996
0.0170996
0.0170996
0.0170996
0.0170996
0.0170996
0.0170996
0.0170996
0.0170996
0
0
0
0
0
0
0
0
0
0
0
0
0
0
0
0
0
0
0
0
0
0
0
0
0
0
0
0
0
0
0
0
0
0
0
0
0
0
0
0
0
0
0
0
0
0
0
0
0
0
0
0
0
0
0
0
0
0
0
0
0
0
0
0
0
0
0
0
0
0
0
0
0
0
0
0
0
0
0
0
0.017226
0
0
0
0
0
0.0170996
0.0168335
0.0168335
0.0168335
0.0168335
0.0168335
0.0168335
0.0168335
0.0168335
0.0168335
0.0168335
0.0168335
0.0168335
0.0168335
0.0168335
0.0168335
0.0168335
0.0168335
0.0168335
0.0168335
0.0168335
0.0168335
0.0168335
0.0168335
0.0168335
0.0168335
0.0168335
0.0170996
0.0170996
0.016855
0.0170847
0.0170946
0.0170996
0.0170996
0.0170971
0.0170996
0.0170996
0.0170996
0.0170996
0.0170971
0.0170996
0.0170996
0.0170996
0.0170996
0.0170996
0.0170971
0.0170996
0.0170996
0.0170996
0.0170996
0.0584206
0
0
0
0.0170996
0.0170996
0.0170996
0.0170996
0.0170996
0
0
0
0
0
0
0
0
0
0
0
0
0
0
0
0
0
0
0
0
0
0
0
0
0
0
0
0
0
0
0
0
0
0
0
0
0
0
0
0
0
0
0
0
0
0
0
0
0
0
0
0
0
0
0
0
0
0
0
0
0
0
0
0
0
0
0
0
0
0
0
0
0
0
0
0
0
0
0
0
0
0
0
0
0
0
0
0
0
0
0
0.0175169
0
0
0
0
0
0.0176172
0.0572598
0.057073
0
0
0
0
0
0.0170996
0.0170996
0.0170996
0.0170996
0
0
0
0
0
0
0
0
0
0
0
0
0.0170996
0
0.0170996
0.0170996
0.0170996
0
0.01786
0
0
0
0
0
0
0
0
0.0168097
0.0168097
0
0.0168097
0.0168097
0.0175331
0
0.0170946
0
0
0
0
0
0
0.0481683
0.0481683
0.0481683
0
0.0481683
0.100504
0.0482805
0
0.0482805
0.0174848
0.0174848
0.0174848
0.0174848
0
0
0
0
0
0
0
0
0
0
0
0
0.0174848
0.0174848
0
0
0
0
0.0170996
0.0170996
0
0.0170996
0
0.0170996
0.0170996
0.0170996
0
0
0
0.0170996
0.0170996
0
0
0
0.0170996
0.0170996
0.0170996
0
0
0
0
0.0176008
0
0
0
0
0
0
0
0
0
0
0
0
0
0.0179896
0.0179896
0
0.0179896
0.0179896
0.0179896
0.0179896
0.0179896
0.0179896
0.0179896
0
0
0
0
0
0
0
0
0
0
0
0
0
0
0
0
0
0
0
0
0
0
0
0
0
0
0
0
0
0
0
0
0
0
0
0
0
0
0
0
0
0
0
0
0
0
0
0
0
0
0
0
0
0
0
0
0
0
0
0
0
0
0
0
0
0
0
0
0
0
0
0
0
0
0
0
0
0
0
0
0
0
0
0
0
0
0
0
0
0
0
0
0
0.0179896
0.0179896
0.0179896
0
0.0179896
0.0179896
0
0.0179896
0
0.0179896
0.0179896
0.0179896
0
0
0
0
0
0
0
0
0
0
0
0
0
0
0
0
0
0.0179896
0.0179896
0.0179896
0.0179896
0.0179896
0.0179896
0.0179896
0.0179896
0.0179896
0.0179896
0.0179896
0.0179896
0.0179896
0.0179896
0.0179896
0.0179896
0.0179896
0.0179896
0.0179896
0.0179896
0.0179896
0.0179896
0.0179896
0.0179896
0.0179896
0.0179896
0.0179896
0.0179896
0.0179896
0.0179896
0.0179896
0.0179896
0.0179896
0.0179896
0.0179896
0.0179896
0.0179896
0.0179896
0.0179896
0.0179896
0.0179896
0.0179896
0.0179896
0.0179896
0.0179896
0
0.0179896
0
0.0179896
0.0179896
0.0179896
0
0
0
0
0
0
0
0
0
0
0
0
0.0170996
0.0170996
0.0170996
0
0.0175169
0
0
0
0
0
0
0
0
0
0
0
0
0
0
0
0
0
0
0
0
0
0
0.0172593
0.0172593
0.0172593
0.0172593
0.0172593
0.0174687
0
0.0172593
0.0172593
0
0.0172593
0.0172593
0.0172593
0.0172593
0.0172593
0.0172593
0.0172593
0
0
0.0172593
0.0172593
0.0172593
0.0457869
0.0457869
0.0172593
0.0172593
0.0172593
0
0
0
0
0.0300015
0
0
0
0
0
0.0172593
0.0172593
0.0172593
0
0
0
0
0
0
0
0
0.0214571
0.0172593
0.0172593
0
0.0172593
0
0.0172903
0.017226
0.017226
0.017226
0.017226
0.017226
0.017226
0.017226
0.017226
0.017226
0.017226
0.017226
0.017226
0.017226
0.017226
0.017226
0.017226
0
0
0
0
0
0
0
0
0
0
0
0
0
0
0
0
0
0
0
0
0
0
0
0
0
0
0
0
0
0
0
0
0
0
0
0
0.0170499
0.0170499
0.0170499
0.0170971
0.0170872
0
0
0
0
0
0
0
0
0
0
0
0
0
0
0
0.0176172
0.0176172
0.0176172
0.0176172
0.0170177
0.0170177
0
0.0170177
0.0170177
0.0170177
0
0.0170177
0.0170177
0
0
0
0
0
0
0
0
0.0174475
0
0
0.0170996
0.0170996
0
0.0170996
0
0
0
0
0
0
0
0
0
0
0
0
0
0
0
0
0
0.0176172
0
0
0
0
0
0
0
0
0
0
0
0
0
0
0.0170996
0.0170996
0
0
0
0.0170996
0.0170996
0.0170996
0
0
0
0
0
0
0
0
0
0
0
0
0
0
0
0
0
0
0.0175062
0
0
0
0
0.0176172
0.0245588
0.0170996
0
0
0
0
0
0
0
0
0.0170996
0.0170996
0.0170996
0.0170996
0
0
0
0
0
0
0
0
0
0
0
0
0
0
0.0170996
0.0170996
0
0
0
0
0.0170996
0.0170996
0.0170996
0.0170996
0.0170996
0.0170996
0
0.0170996
0.0170996
0.0170996
0
0.0170996
0.0170996
0
0.0170996
0
0
0
0
0
0
0
0
0
0
0
0
0.0239939
0.0170996
0.0170996
0
0
0
0
0
0
0
0.0170996
0.0170996
0.0170996
0.0170996
0
0.0170996
0.0170996
0
0.0170996
0.0170996
0.0170996
0.0170996
0.0170996
0.0170996
0.0170996
0.0170996
0.0170996
0.0170996
0
0
0
0
0
0
0
0
0
0
0
0
0
0
0.0175493
0.0187088
0.023823
0
0
0
0
0
0
0
0
0
0
0
0
0.0170996
0
0
0
0
0
0
0
0
0
0
0
0
0
0
0
0
0
0
0
0.0170996
0.0170996
0
0.0170996
0.0170996
0.0170996
0.0170996
0.0170996
0.0170996
0.0170996
0.0170996
0.0170996
0.0170996
0.0170996
0.0170996
0.0170996
0
0
0
0
0
0
0
0
0.0175493
0.0175493
0.0170996
0.0170996
0
0
0
0
0
0
0
0
0
0
0.0170996
0.0170996
0.0170996
0
0
0
0
0
0
0
0
0
0
0
0
0
0
0
0
0
0
0
0
0
0.0182788
0.0182788
0.301511
0.301511
0
0
0.0170996
0.0170996
0.0170996
0
0.0176584
0
0
0
0
0
0
0
0
0
0
0
0
0
0
0
0
0
0.0170996
0.0170996
0
0
0
0
0
0.0170996
0.0170996
0.0170996
0
0
0
0
0
0
0
0
0
0
0
0
0
0
0
0
0
0
0
0
0
0
0
0
0
0
0
0
0
0
0
0
0
0
0
0
0
0
0
0
0
0.0175385
0
0
0.0176172
0
0
0
0
0
0
0
0
0
0.0170996
0.0170996
0.0171071
0.0171071
0.0171071
0.0171071
0.0171071
0.0171071
0.0171071
0.0171071
0.0171071
0.0171071
0.0171071
0.0171071
0.0171071
0.0171071
0.0171071
0.0171071
0.0171071
0.0171071
0.0171071
0.0171071
0.0171071
0.0171071
0.0171071
0
0.0171071
0.0171071
0.0171071
0.0171071
0.0171071
0.0171071
0.0171071
0.0171071
0.0171071
0.0171071
0.0171071
0.0171071
0.0171071
0.0171071
0.0171071
0.0171071
0.0171071
0.0171071
0.0171071
0.0171071
0.0171071
0.0171071
0.0171071
0.0171071
0.0171071
0.0171071
0.0171071
0.0171071
0.0171071
0.0171071
0.0171071
0.0171071
0.0171071
0.0171071
0.0171071
0.0171071
0.0171071
0.0171071
0.0171071
0.0171071
0.0171071
0.0171071
0.0171071
0.0171071
0.0171071
0.0171071
0.0171071
0.0171071
0.0171071
0.0179896
0.0179896
0
0.0179896
0.0179896
0.0179896
0.0179896
0
0.0179896
0
0
0
0
0
0
0
0
0
0
0
0
0
0
0
0
0
0
0
0
0
0
0
0
0
0
0
0
0
0
0
0
0.0162392
0.0162392
0.0162392
0.0162392
0.0162392
0.0162392
0.0162392
0.0162392
0.0162392
0.0162392
0.0162392
0.0162392
0.0162392
0.0162392
0.0162392
0.0166505
0.0165544
0.0165521
0.0165999
0.0168335
0.0165908
0.0166206
0.0168335
0.0166367
0.0166298
0.0168311
0.0168335
0
0
0
0
0
0
0
0
0
0
0
0.0168886
0
0.0170474
0.0170474
0
0.0170474
0
0.0170474
0.0170474
0.0175791
0
0
0
0
0
0
0
0
0.0170474
0.0170474
0
0.0170474
0.0170474
0
0
0
0
0
0
0
0
0
0
0
0
0
0
0
0
0
0
0.0179867
0
0
0
0
0
0
0
0.0176172
0.0176172
0.0176172
0.0176172
0.0176172
0.0170005
0.0170005
0.0170005
0.0176145
0
0.0170523
0.0170946
0.0170921
0
0
0
0
0
0
0
0
0
0
0
0
0
0
0
0
0
0
0
0
0
0
0.0176172
0
0
0
0.0162392
0.0162392
0.0162392
0
0
0
0
0
0.0170153
0.0356915
0.0356915
0.316228
0
0
0.06742
0.0443242
0
0.0429141
0
0
0
0
0
0
0
0
0
0
0
0
0
0
0
0
0
0
0
0
0
0
0
0
0
0
0
0
0
0
0
0
0
0
0
0
0
0
0
0
0
0
0
0
0
0
0
0
0
0
0
0
0
0
0
0
0
0
0
0
0
0.113961
0.118678
0.0795557
0.0795557
0.0795557
0.0795557
0
0.0798087
0
0.0800641
0
0.0803219
0
0
0
0.0805823
0.0805823
0
0.0808452
0.0808452
0.0808452
0.0808452
0.0808452
0.0842152
0.0842152
1
0.0842152
0
0
0
0
0
0
0
0
0
0
0
0.0808452
0.0811107
0.0811107
0.0813788
0.0813788
0
0
0
0
0
0
0
0
0
0
0
0
0
0
0
0
0
0
0
0
0.0785674
0.078811
0.0798087
0
0
0
0
0
0
0
0
0
0
0
0
0
0
0
0
0
0
0
0
0
0
0
0
0
0
0
0
0
0
0
0
0
0
0
0
0
0
0
0
0
0
0
0
0
0
0
0
0
0
0
0
0
0
0
0
0
0
0
0
0
0
0
0
0
0
0
0
0
0
0
0
0
0
0
0
0
0
0
0
0
0
0
0
0
0
0
0
0
0
0
0
0
0
0
0
0
0
0
0
0
0
0
0
0
0
0
0
0
0
0
0
0
0
0
0
0
0
0
0
0
0
0
0
0
0
0
0
0
0
0
0
0
0
0
0
0
0
0
0
0
0
0
0
0.0168335
0.0168335
0.0168335
0.0168335
0.0168335
0.0170996
0
0
0
0
0
0
0
0.0284095
0.0284095
0.208514
0
0
0
0.0344418
0
0.0347524
0
0
0
0
0
0
0
0
0
0
0
0
0
0
0
0
0
0
0
0
0
0
0
0
0
0
0
0
0
0
0
0
0
0
0
0
0
0
0
0
0
0
