0
0
0
0
0
0
0
0
0
0
0
0
0
0
0
0
0
0
0
0
0
0
0
0
0
0
0
0
0
0
0
0
0
0
0
0
0
0
0.127887
0.127887
0
0
0
0
0
0
0
0
0
0
0
0
0
0
0
0
0
0
0
0
0
0
0
0
0
0
0
0
0
0
0
0
0
0
0
0
0
0
0
0
0
0
0
0
0
0
0
0
0
0
0
0
0
0
0
0
0
0
0
0
0
0
0
0
0
0
0
0
0.0358715
0.0358715
0
0
0
0
0
0
0
0
0
0
0
0
0
0
0
0
0
0
0
0
0
0
0
0
0
0
0
0
0
0
0
0
0
0
0
0
0
0
0
0
0
0
0
0
0
0
0
0
0
0
0
0
0
0
0
0
0
0
0
0
0
0
0
0
0
0
0
0
0
0
0
0
0
0
0
0
0
0
0
0
0
0
0
0
0
0
0
0
0
0
0
0
0
0
0
0
0
0
0
0
0
0
0
0
0
0
0
0
0
0
0
0
0
0
0
0
0
0
0
0
0
0
0
0
0
0
0
0
0
0
0
0
0
0
0
0
0
0
0
0
0
0
0
0
0
0
0
0
0
0
0
0
0
0
0
0
0
0
0
0
0
0
0
0
0
0
0
0
0
0
0
0
0
0
0
0
0
0
0
0
0
0
0
0
0
0
0
0
0
0
0
0
0
0
0
0
0
0
0
0
0
0
0
0
0
0
0
0
0
0
0
0
0
0
0
0
0
0
0
0
0
0
0
0.0278269
0.0278269
0.0278269
0.0278269
0
0
0
0
0
0
0
0
0
0
0
0
0
0
0
0
0
0
0
0
0.0160611
0.0162983
0.0206096
0
0
0
0
0
0.0160187
0.0160187
0
0
0
0
0
0
0
0
0
0
0
0
0
0
0
0
0
0
0
0
0
0
0
0
0
0
0
0
0
0
0
0
0
0
0
0
0
0.078454
0.078454
0
0
0
0
0
0
0
0
0
0
0.25
0
0
0
0
0
0
0
0
0
0
0
0
0
0.0227676
0
0.0446958
0
0.0446958
0.0446958
0
0
0
0
0
0
0
0
0
0
0
0
0
0
0
0
0
0
0
0
0
0
0
0
0
0
0
0.0680198
0.0680342
0.0680342
0
0
0
0
0
0
0.0680054
0.0680054
0.0680054
0.0680054
0.0680054
0.0680054
0.0680054
0.0680054
0.0680054
0.0680054
0.0680054
0.0680054
0.0680054
0.0680054
0.0680054
0.0680054
0.0680054
0.0680054
0.0680054
0.0680054
0.0680054
0.0680054
0.0680054
0.0680054
0.0680054
0.0680054
0.0680486
0.0680486
0.0680486
0.0680486
0.0680342
0.0680486
0.0680486
0.0680342
0.0680486
0.0680486
0.0680486
0.0680486
0.0680342
0.0680486
0.0680486
0.0680486
0.0680486
0.0680486
0.0680342
0.0680486
0.0680486
0.0680486
0.0680486
0.11928
0
0
0
0
0
0.0671865
0.0671865
0.0671865
0.0671865
0.0671865
0.0671865
0.0671865
0.0671865
0.0671865
0.0671865
0.0671865
0.0671865
0.0671865
0.0671865
0.0671865
0.0671865
0.0671865
0.0671865
0
0.0671865
0
0
0
0
0
0
0
0
0
0
0
0
0
0
0
0
0
0
0
0
0
0
0
0
0
0
0
0
0
0
0
0
0
0
0
0
0
0
0
0
0
0
0
0
0
0
0
0
0.0695672
0
0.0743611
0.103909
0
0.103961
0
0
0
0
0
0
0
0
0
0
0
0
0
0
0
0
0
0
0
0
0
0
0
0
0
0
0
0
0
0
0.0138402
0.0138402
0.0138402
0.0138402
0.0138402
0.0138402
0.0138402
0.0167359
0
0
0
0
0
0
0
0
0
0
0
0
0
0
0
0.0143723
0.0427849
0
0.0427849
0.0498578
0
0
0
0
0
0
0.0138402
0.0138402
0.0138402
0.0138402
0.0138402
0.0138402
0
0
0
0
0
0
0
0
0.0680486
0.0680486
0.0680486
0.0680486
0.0680486
0.0177667
0.0177667
0
0.0622228
0.0625
0
0
0
0
0
0
0
0.068063
0.068063
0.068063
0.068063
0.068063
0.068063
0.068063
0.068063
0.068063
0.068063
0.068063
0.068063
0.068063
0.068063
0.068063
0.068063
0.068063
0.068063
0.068063
0.068063
0.068063
0.068063
0.068063
0.068063
0.068063
0.068063
0.068063
0.068063
0.0680486
0.068063
0.068063
0.068063
0.068063
0.068063
0.068063
0.0680486
0.0688998
0.0680486
0.0680486
0.0136823
0.0680486
0.0680486
0.0680486
0.0680486
0.0680486
0.0680486
0.0680486
0.0680486
0.0680486
0.0680486
0.0680486
0.0680486
0.0680486
0.0680486
0.0680486
0.0680486
0.0680486
0.0680486
0.0680486
0.0680486
0.0680486
0.0680486
0.0680486
0.0680486
0.0680486
0.0680486
0.0680486
0.0680486
0.0680486
0.0680486
0.0680486
0.0680486
0.0680486
0.0680486
0.0680486
0.0680486
0.0680486
0.0680486
0.0136823
0.0680486
0.0680486
0
0
0
0.0680198
0.0680198
0
0
0
0
0
0
0
0
0
0
0
0
0
0
0
0
0
0
0
0
0
0
0
0
0
0
0
0
0
0
0
0
0
0
0
0
0
0
0
0
0
0
0
0
0
0
0
0
0
0
0
0
0
0
0
0
0
0
0
0
0
0
0
0
0
0
0
0
0
0
0
0
0
0
0
0
0
0
0
0
0
0
0
0
0
0
0
0
0
0
0
0
0
0
0
0
0
0
0
0
0
0
0.0680486
0
0.0648718
0.0648718
0
0.0648718
0.0648718
0.0648718
0.0648718
0.0648718
0.0648718
0
0
0
0
0
0
0
0
0
0
0
0
0
0
0
0
0
0
0
0
0
0
0
0
0
0
0
0
0
0.0648843
0
0.0648843
0
0.0648843
0.0648843
0.0648843
0
0
0
0
0
0
0
0
0
0
0
0
0
0
0
0
0
0
0
0
0
0
0
0
0
0
0
0
0
0
0
0
0
0
0
0
0
0
0
0
0
0
0
0
0
0
0
0
0
0
0
0
0
0
0
0
0
0
0
0
0
0
0
0
0
0
0
0
0
0
0
0
0.0648718
0.0648718
0.0648718
0.0648718
0
0.0648718
0
0.0648718
0
0.0648718
0.0648718
0.0648718
0.0648718
0.0648718
0.0648718
0
0
0
0
0
0.0648718
0
0.0648718
0.0648718
0.0648718
0
0
0
0.0648718
0
0.0648718
0
0
0
0
0
0
0.0648718
0.0648718
0.0648718
0.0648718
0.0648718
0.0648718
0.0648718
0
0
0
0
0
0.0648718
0
0.0648718
0.0648718
0.0648718
0
0
0
0
0
0
0
0
0
0
0
0
0
0
0
0
0
0
0
0
0
0
0
0
0
0
0
0
0
0
0
0
0
0
0
0
0
0
0
0
0
0
0
0
0
0
0
0
0
0
0
0
0
0
0
0
0
0
0
0
0
0
0
0
0
0
0.0648718
0
0
0
0
0
0
0
0
0
0
0
0
0
0
0
0
0
0
0
0
0
0
0
0
0
0
0
0
0
0
0
0
0
0
0
0
0
0
0
0
0
0
0
0
0
0
0
0
0
0
0
0
0
0.0235777
0.0235777
0.0235777
0
0
0
0
0
0
0
0
0
0
0
0.0235777
0.0235777
0
0.0235777
0.137258
0
0.137258
0.17892
0
0
0
0
0
0
0
0
0
0
0
0
0
0
0
0
0
0
0
0
0
0
0
0
0
0
0
0
0.0671865
0
0
0
0
0
0
0
0
0
0.108389
0.108389
0
0
0
0
0
0
0
0
0
0
0
0
0
0
0
0
0
0
0
0
0
0
0
0
0
0
0
0
0
0
0
0
0
0
0
0
0
0
0
0
0
0
0
0
0
0
0
0
0
0
0
0
0
0
0
0
0
0
0
0
0
0
0
0
0
0
0
0
0
0
0
0
0
0
0
0
0
0
0
0.154535
0.154535
0
0
0
0
0
0
0
0
0
0
0.208013
0.208013
0.208013
0.208013
0.208013
0.208013
0.208013
0
0
0
0
0
0
0
0
0
0
0
0
0
0
0
0
0
0
0
0
0.273705
0.273705
0.273705
0.273705
0.273705
0.273705
0.228763
0.228763
0.228763
0.228763
0.228763
0.228763
0.228763
0.228763
0.228763
0
0
0
0
0
0
0
0
0
0
0
0
0
0
0
0
0
0
0
0
0
0
0
0
0
0
0
0
0
0
0
0
0
0
0
0
0
0.320844
0
0.320844
0
0.330719
0.282038
0
0.282038
0.282038
0.295804
0
0
0
0
0
0
0
0.270031
0.259039
0.155902
0
0.155902
0.155902
0.155902
0.158114
0
0
0
0
0
0
0
0
0
0
0
0
0
0.176777
0.176777
0.176777
0.176777
0.176777
0.176777
0
0
0
0
0
0
0
0
0
0
0
0
0
0
0
0
0
0
0
0
0
0
0
0
0
0
0
0
0
0
0
0
0
0
0
0
0
0
0
0
0
0
0
0
0
0
0
0
0
0.33541
0.33541
0
0
0
0
0
0
0
0
0
0
0
0
0
0
0
0
0
0
0
0
0
0
0
0
0
0
0
0
0.398862
0
0.398862
0.209165
0
0
0
0
0
0
0
0
0
0
0
0
0
0
0
0
0
0
0
0
0
0
0
0
0
0
0
0
0
0
0
0
0
0
0
0
0
0
0
0
0
0.763763
0
0
0.763763
0
0
0
0
0
0
0
0.763763
0
0
0.763763
0
0
0
0
0
0.763763
0
0
0
0
0
0.41833
0
0
0
0
0
0
0
0.0659462
0.0659462
0.0659462
0.0659462
0.0659462
0.0659462
0.0659462
0.0659462
0.0659462
0.0659462
0.0659462
0.0659462
0.0659462
0.0659462
0.0659462
0.0678907
0.0675218
0.0675218
0.0675218
0.0680054
0.0675077
0.067564
0.0680054
0.0676771
0.0676771
0.0680054
0.0680054
0
0
0
0
0
0
0.102306
0.102306
0.102306
0
0
0
0
0
0
0
0.115072
0
0
0
0
0
0
0
0
0
0
0
0
0.101724
0
0
0
0
0
0.0648718
0.0648718
0.0648718
0
0
0
0
0
0
0
0
0
0
0
0
0
0
0
0
0
0
0
0
0
0
0
0
0
0
0
0
0
0
0.0648718
0
0
0
0
0
0
0
0
0
0
0
0
0
0
0
0
0
0
0
0
0
0.0648843
0.0648843
0
0.0648843
0.0648843
0.0648843
0.0648843
0.0648843
0.0648843
0.0648843
0.0648843
0
0
0
0
0
0
0
0
0
0
0
0
0
0
0
0
0
0
0
0
0
0
0
0
0
0
0
0
0
0
0
0
0
0
0
0
0
0
0
0
0
0
0
0
0
0
0
0
0
0
0
0
0
0
0
0
0
0
0
0
0
0
0
0
0
0
0
0
0
0
0
0
0
0
0
0
0
0
0
0
0
0
0
0
0
0
0
0
0
0
0
0
0
0
0
0
0
0
0
0
0
0
0
0
0.0648843
0.0648843
0.0648843
0.0648843
0.0648843
0.0648843
0
0
0
0
0
0
0
0
0
0
0
0
0
0
0
0
0
0
0
0
0
0
0
0
0
0
0
0
0
0
0
0
0
0
0
0
0
0
0
0
0
0
0
0
0
0
0
0
0
0
0
0
0
0
0
0
0
0
0
0
0
0
0
0
0
0
0
0
0
0
0
0.0648718
0.0648718
0.0648718
0.0648718
0.0648718
0
0.0381246
0
0
0
0
0
0
0
0
0
0.0648718
0.0648718
0
0
0
0
0.0680486
0
0
0
0
0
0
0
0
0
0
0
0
0
0
0
0
0
0
0
0
0
0
0
0
0
0
0
0
0
0
0
0
0
0
0
0
0
0
0
0
0
0
0
0
0
0
0
0
0
0
0
0
0
0
0
0
0
0
0
0
0
0
0
0
0
0
0
0
0
0
0
0
0
0
0
0
0
0
0
0
0
0
0
0
0
0
0
0
0
0
0
0
0
0
0
0
0
0
0
0
0
0
0
0
0
0
0
0
0
0
0
0
0
0
0
0
0
0
0
0
0
0
0
0
0
0
0
0
0
0
0
0
0
0
0
0
0
0
0
0
0
0
0
0
0
0
0
0
0
0
0
0.0648843
0.0648843
0.0648843
0.0648843
0.0648843
0.0648843
0.0648843
0.0648843
0.0648843
0.0648843
0.0648843
0.0648843
0.0648843
0.0648843
0.0648843
0.0648843
0.0648843
0.0648843
0.0648843
0.0648843
0.0648843
0.0648843
0
0.0648843
0.0648843
0
0
0.0648843
0.0648843
0.0648843
0.0648843
0
0
0
0
0
0
0
0
0
0
0
0
0
0
0
0
0
0
0
0
0
0
0
0
0
0
0
0
0
0
0
0
0
0
0
0
0
0
0
0
0
0
0
0
0
0
0
0
0
0
0
0
0
0
0
0
0
0
0
0
0
0
0
0
0
0
0
0
0
0
0
0
0
0
0
0
0
0
0
0
0
0
0
0
0
0
0
0
0
0
0
0
0
0
0
0
0
0
0
0
0
0
0
0
0
0
0
0
0
0
0
0
0
0
0
0
0
0
0
0
0
0
0
0
0
0
0
0
0
0
0
0
0
0
0
0
0
0
0
0
0
0
0
0
0
0
0
0
0
0
0
0
0
0
0
0
0
0
0
0
0
0
0
0
0
0
0
0
0
0
0
0
0
0
0
0.0648843
0
0.0648843
0.0648843
0
0
0
0
0.0648843
0
0
0
0
0
0
0
0
0
0
0
0
0
0
0
0
0
0
0
0
0
0.0648843
0.0648843
0.0648843
0.0648843
0.0648843
0.0648843
0.0648843
0.0648843
0.0648843
0.0648843
0.0648843
0.0648843
0.0648843
0.0648843
0.0648843
0.0648843
0
0
0
0
0
0
0
0
0
0
0
0
0
0
0
0
0
0
0
0
0
0
0
0
0
0
0
0
0
0
0
0
0
0
0
0
0
0
0
0
0
0
0
0
0
0
0
0
0
0
0
0
0
0
0
0
0
0
0
0
0
0
0
0
0
0
0
0
0
0
0
0
0
0
0
0
0
0
0
0
0
0
0
0
0
0
0
0
0
0
0
0
0.0648843
0.0648843
0.0648843
0.0648843
0.0648843
0.0648843
0
0
0.0648843
0.0648843
0
0
0
0
0
0
0
0.0648843
0.0648843
0.0648843
0
0.0648843
0
0
0
0
0
0
0
0
0
0
0
0
0
0
0
0
0
0
0
0
0
0
0
0
0
0
0
0
0
0
0
0
0.0648843
0.0648843
0.0648843
0.0648843
0.0648843
0.0648843
0
0
0
0
0
0
0
0
0
0
0
0
0
0
0
0
0
0
0
0
0
0
0
0
0
0
0
0
0
0.0648718
0.0648718
0
0
0.0648718
0.0648718
0
0.0648718
0.0648718
0.0648718
0.0648718
0.0648718
0.0648718
0.0648718
0.0648718
0.0648718
0.0648718
0
0.0648718
0.0648718
0
0.0648718
0.0648843
0.0648718
0.0648718
0.0648718
0.0648718
0.0648718
0
0
0.0648718
0
0
0
0.0648718
0
0.0648718
0.0648718
0.0648718
0
0.0648718
0
0
0.0648718
0.0648843
0.0648843
0.0648843
0.0648843
0.0648843
0.0648843
0.0648843
0.0648843
0
0
0
0
0
0
0.0648718
0.0648718
0.0648718
0.0648718
0.0648718
0
0
0
0.0648718
0.0648718
0.0648718
0.0648718
0.0648718
0.0648718
0.0648718
0.0648718
0.0648718
0.0648718
0
0
0.0648718
0
0
0
0
0
0
0
0
0.0659462
0.0659462
0.0659462
0
0
0
0
0
0.0680342
0
0
0
0
0
0
0
0
0
0
0
0
0
0
0
0
0
0
0
0
0
0
0
0
0
0
0
0
0
0.763763
0.763763
0.763763
0.763763
0
0
0
0
0
0
0
0
0
0
0
0.935414
0
0
0
0
0
0
0
0
0
0
0
0.0680486
0.0680486
0.068063
0.068063
0.068063
0.068063
0.068063
0.068063
0.068063
0.068063
0.068063
0.068063
0.068063
0.068063
0.068063
0.068063
0.068063
0.068063
0.068063
0.068063
0.068063
0.068063
0.068063
0.068063
0.068063
0
0.068063
0.068063
0.068063
0.068063
0.068063
0.068063
0.068063
0.068063
0.068063
0.068063
0.068063
0.068063
0.068063
0.068063
0.068063
0.068063
0.068063
0.068063
0.068063
0.068063
0.068063
0.068063
0.068063
0.068063
0.068063
0.068063
0.068063
0.068063
0.068063
0.068063
0.068063
0.068063
0.068063
0.068063
0.068063
0.068063
0.068063
0.068063
0.068063
0.068063
0.068063
0.068063
0.068063
0.068063
0.068063
0.068063
0.068063
0.068063
0.068063
0.0680486
0.0680486
0.0680486
0
0
0
0
0
0
0
0
0
0
0
0
0
0
0.0680486
0.0680486
0
0
0
0
0.0680486
0.0680486
0
0.0680486
0
0.0680486
0.0680486
0.0680486
0
0
0
0.0680486
0.0688998
0
0
0
0.0680486
0.0680486
0
0.0680486
0.0680486
0.0680486
0
0.0680486
0
0
0
0
0
0
0
0
0
0
0
0
0
0
0
0
0
0
0
0
0
0
0
0
0
0
0
0
0
0
0
0
0
0
0
0
0
0
0
0
0
0
0
0
0
0
0
0
0
0
0
0
0
0
0
0
0
0
0
0
0
0
0
0
0
0
0
0
0
0
0
0
0
0
0
0
0
0
0
0
0
0
0
0
0
0
0
0
0
0
0
0
0
0
0
0
0
0
0
0
0
0
0
0
0
0
0
0
0
0
0
0
0
0
0
0
0
0
0
0.104063
0
0
0
0
0
0
0
0
0
0
0
0
0.104635
0.104635
0.104635
0.104635
0
0
0
0
0
0
0
0
0
0
0
0
0
0
0
0
0
0
0
0
0
0
0
0
0
0
0
0.156996
0.156996
0.156996
0.156996
0.156996
0.156996
0.156996
0.156996
0.156996
0.156996
0
0
0
0
0
0
0
0
0
0
0
0
0
0
0
0
0
0
0
0
0
0
0
0
0
0
0
0
0
0
0
0
0
0
0
0
0
0
0
0
0
0
0
0
0
0
0
0
0
0
0
0
0
0
0
0
0
0
0
0
0.146986
0.146986
0.245652
0.353553
0
0
0
0
0.146986
0
0.146986
0
0
0
0
0
0
0
0
0
0
0
0
0
0
0
0
0
0
0
0.935414
0
0
0
0
0
0.0680486
0.0680486
0.0680486
0
0.0680486
0.0680486
0.0680486
0.0680486
0.0680486
0.0680486
0.0680486
0.0680486
0.0680486
0.0680486
0.0680486
0.0680486
0.0680486
0.0680486
0.0680486
0.0680486
0.0680486
0.0680486
0.0680486
0.0680486
0.0680486
0.0138341
0
0.0138371
0.103299
0
0.103299
0.103299
0
0
0
0
0
0
0
0.104322
0
0
0
0
0
0
0
0
0
0
0
0
0
0
0
0
0
0
0
0
0
0
0.0680486
0.0680486
0.0680486
0.0680486
0.0680486
0.0680486
0.0680486
0.0680486
0.0680486
0.0680486
0.0680486
0.0680486
0.0680486
0.0680486
0.0680486
0.0680486
0.0680486
0.0680486
0.0680486
0.0680486
0.0680486
0.0680486
0.0680486
0.0680486
0.0680486
0.0680486
0.0680486
0.0680486
0.0680486
0.0680486
0.0680486
0.0680486
0.0680486
0.0680486
0.0680486
0.0680486
0.0680486
0.0680486
0
0
0.104426
0.104426
0.104426
0.103858
0.103858
0.103858
0.104167
0.283473
0.0786312
0
0
0
0.0801169
0.0801169
0.0801169
0.0812452
0.0812452
0.0812452
0.064312
0.0812452
0.0812452
0.0812452
0.0812452
0
0.0812452
0
0
0
0
0
0
0.0812452
0.090077
0.0822949
0.0822949
0.0822949
0
0
0.081765
0.081765
0.081765
0
0.0862289
0.0862289
0.104374
0.104374
0.104374
0.10453
0.33541
0.190941
0.259437
0.103961
0.103858
0.103858
0
0.103858
0.103858
0.170783
0.103858
0.0888016
0.0542782
0.104115
0.104115
0.104218
0.0542782
0.0855912
0.0696975
0.103048
0
0
0
0
0
0.0843298
0.0843298
0.0843846
0.0843846
0.0843298
0.0681207
0.0786312
0.0786312
0.0786312
0.0786312
0.0786312
0.0680486
0.0680486
0.0680486
0.0680486
0
0.0688998
0
0
0
0
0
0
0
0
0
0
0
0
0
0
0
0
0
0.0680486
0.0680486
0
0.0680486
0.0680486
0
0.0680486
0.0680486
0
0.0864053
0.0864053
0.0948012
0
0.103654
0.103654
0
0
0
0
0
0
0
0.0687359
0.0680486
0.0680486
0.104115
0.0680486
0.0680486
0
0
0
0.0680486
0.0680486
0
0.0680486
0.0680486
0.0680486
0
0.0680486
0.0680486
0.0834128
0
0.1034
0
0
0
0.0177411
0.0177411
0.0688102
0.0174365
0
0.104635
0.104635
0.104635
0.104635
0.104635
0.104635
0.104635
0.104635
0.104635
0.104635
0.475191
1
1
1
1
0
0
0
0
0.245652
0
0
0
0
0
0
0
0
0
0
0
0
0
0
0
0
0
0
0
0
0
0
0
0
0
0
0
0
0
0
0
0
0
0
0.104635
0.104635
0.104635
0.104635
0.104635
0.104635
0.104635
0.104635
0.104635
0.104635
0.104635
0.104635
0.104635
0.104635
0
0.0646868
0.192961
0.0432627
0
0
0
0
0
0
0
0
0
0
0
0
0
0
0
0
0
0
0
0
0
0.0431704
0
0
0
0
0
0
0.0432627
0.0432627
0
0
0
0
0.0431704
0
0
0
0
0
0
0
0
0
0
0.104635
0
0
0
0
0
0
0
0
0
0
0
0
0
0
0
0
0
0
0
0
0
0
0
0
0
0
0
0
0
0
0
0
0
0
0
0.224679
0
0
0
0
0.275175
0.224679
0
0
0
0
0
0
0
0
0
0
0
0
0.0864329
0.661438
0.0432858
0.104635
0.104635
0
0
0.104635
0.104635
0.104635
0.661438
0.381881
0.381881
0.381881
0.381881
0.23155
0
0
0.0217479
0.104635
0.104635
0
0.115072
0.104635
0.104635
0.104635
0.104635
0.104635
0.0235627
0.0235627
0.0235627
0
0.104635
0.104635
0
0
0.104635
0.104635
0.104635
0
0
0
0
0
0.0925065
0
0.0925065
0.0926766
0.0926766
0
0.0926766
0.0926766
0
0.491304
0
0.491304
0.491304
0.733799
0.733799
0
0.491304
0
0
0
0
0
0
0
0
0
0
0
0
0
0
0
0.0235627
0.0235329
0.214599
0.220479
0
0
0
0
0
0
0
0
0
0
0
0
0
0
0
0
0
0
0
0
0.104635
0.104635
0.104635
0.104635
0.104635
0.104635
0.104635
0.104635
0.104635
0
0.104635
0
0.104635
0.104635
0.104635
0.104687
0.104687
0.104687
0.104687
0.104687
0.104687
0.104687
0.104687
0.104687
0.104687
0.104687
0.104635
0.104635
0.104635
0.104635
0.104635
0.104635
0.104635
0.104635
0.104635
0.104635
0.104635
0.104635
0.104635
0.104635
0.104635
0.104635
0.104635
0.104635
0.104635
0.104635
0.104635
0.0432858
0
0.661438
0.0863408
0.104635
0.104635
0.104635
0.245652
0
0
0
0.0680486
0.0680486
0
0.0680486
0
0.0680486
0.0680486
0
0
0
0
0
0
0
0
0
0.0680486
0.0680486
0
0.0680486
0.0680486
0.0688848
0
0.0680486
0
0
0
0
0
0
0
0
0
0
0
0
0
0
0
0.0680486
0.0680486
0.0680486
0
0
0
0
0
0
0
0
0
0
0
0
0
0
0
0
0
0
0
0
0
0.0690197
0.0690197
0
0
0
0
0.0680342
0.0680342
0.0680342
0.0680342
0.0680342
0.0680342
0.0680486
0.0680342
0.0680342
0.0680342
0.0680342
0
0
0.068063
0
0
0
0
0
0
0
0
0
0
0
0
0
0
0
0
0
0
0
0
0
0
0
0
0
0
0
0
0.0786312
0.0786312
0.0786312
0.0786312
0
0
0
0
0
0
0
0
0
0
0
0
0
0
0
0
0
0
0
0
0
0
0
0
0
0
0
0
0
0
0
0
0
0
0
0
0
0
0
0
0
0
0
0
0
0
0
0
0
0
0
0
0
0
0
0
0
0
0
0
0
0
0
0
0
0
0
0
0
0
0
0
0
0
0
0
0
0
0
0
0
0
0
0
0
0
0
0
0
0
0
0
0
0
0
0
0
0
0
0
0
0
0
0
0
0
0
0
0
0
0
0
0
0
0
0
0
0
0
0
0
0
0
0
0
0
0
0
0
0
0
0
0
0
0
0
0
0
0
0
0
0
0
0
0
0
0
0
0
0
0
0
0
0
0
0
0
0
0
0
0
0
0
0
0
0
0
0
0
0
0
0
0
0
0
0
0
0
0
0
0
0
0
0
0.0680486
0.0680486
0.0680486
0
0.0822694
0.0542326
0
0.0547879
0.0547879
0.0547879
0
0
0
0
0
0
0.0350685
0.0350685
0
0
0
0.0687805
0
0
0
0
0
0.0941459
0.0680486
0
0.104635
0.104635
0.104635
0.104687
0.104635
0
0
0.0680486
0.0680486
0.0680486
0.0680486
0
0
0
0
0
0
0
0
0
0
0
0
0.0680486
0
0.0680486
0.0680486
0.0680486
0
0
0
0
0
0
0
0
0
0
0.0681496
0.0681496
0.0681496
0.0681496
0.0681496
0.0138402
0
0.0681496
0.0681496
0
0.0681496
0.0681496
0.0681496
0.0681496
0.0681496
0.0681496
0.0681496
0
0
0.0681496
0.0681496
0.0681496
0
0
0.0681496
0.0681496
0.0681496
0
0
0
0
0
0
0
0
0
0
0.0681496
0.0681496
0.0681496
0.0804481
0.0808558
0.0808558
0.106962
0.0808558
0.0808558
0.0919729
0.0808558
0.0819656
0.0681496
0.0681496
0.0812943
0.0681496
0.0812943
0.0681931
0.0681207
0.0681207
0.0681207
0.0681207
0.0681207
0.0681207
0.0681207
0.0681207
0.0681207
0.0681207
0.0681207
0.0681207
0.0681207
0.0681207
0.0681207
0.0681207
0.0813927
0.0813927
0.0822185
0.0891883
0.0833333
0
0
0.0812207
0.119401
0.0823459
0
0
0
0
0
0
0
0
0
0
0
0
0
0
0.0862582
0.0862582
0.0862582
0.0862582
0.124204
0
0
0.136852
0.129719
0.0862582
0.0862582
0.0862582
0
0
0
0
0
0
0
0
0
0
0
0
0
0
0
0
0
0
0
0
0
0
0
0
0
0
0
0
0
0
0
0
0
0
0
0
0
0
0
0
0
0
0
0
0
0
0
0
0
0
0
0
0
0
0
0
0
0
0
0
0
0
0
0
0
0
0
0
0.0680486
0.0680486
0.0680486
0.0680486
0.0680486
0
0
0
0
0
0
0
0
0
0
0
0
0
0
0
0
0
0
0
0.0680486
0.0680486
0
0.0680486
0
0
0
0
0
0
0
0
0
0
0
0
0
0
0
0
0
0
0
0
0
0
0
0
0
0
0
0
0
0
0
0
0.0680486
0.0680486
0.0680486
0.0680486
0.0680486
0.0680486
0
0.0680486
0.0680486
0.0680486
0
0.0680486
0.0680486
0
0.0680486
0
0
0
0
0
0
0
0
0
0
0
0
0
0.0680486
0.0680486
0
0
0
0
0
0
0
0.0680486
0.0680486
0
0.0680486
0.0680486
0
0.0680486
0.0680486
0.0680486
0.0680486
0.0680486
0.0680486
0.0680486
0.0680486
0.0680486
0
0
0
0
0
0
0
0
0
0
0
0
0
0
0
0
0
0
0
0
0
0
0
0.0680486
0
0
0
0
0
0
0
0
0
0.0680486
0.0680486
0
0.0680486
0.0680486
0
0.0680486
0.0680486
0.0680486
0.0680486
0.0680486
0.0680486
0.0680486
0.0680486
0.0680486
0
0
0
0
0
0
0
0
0.0688998
0.0680486
0.0680486
0
0
0
0
0
0
0
0
0
0
0.0680486
0.0680486
0.0680486
0.0890588
0
0
0
0
0.104012
0.104012
0
0
0
0.0680486
0.0680486
0.0680486
0.0822949
0.0687805
0
0
0
0
0
0
0
0
0
0
0
0
0
0
0
0
0
0
0
0
0
0
0.0680486
0.0680486
0
0
0
0
0
0.0680486
0.0680486
0.0680486
0.0680486
0.0680486
0
0.090077
0
0
0
0
0
0
0
0
0
0
0
0
0
0
0
0
0
0
0
0
0
0
0
0
0
0
0
0
0
0
0
0
0
0
0
0
0
0
0
0
0
0
0
0
0
0
0
0
0
0
0
0
0
0
0
0
0
0
0
0
0
0
0
0
0
0
0
0
0
0
0
0
0
0
0
0
0
0
0
0
0
0
0
0
0
0
0
0
0
0.0687805
0
0
0
0
0
0
0
0
0
0
0
0
0
0.0680486
0.0680486
0.0680486
0
0.104426
0.104635
0
0.104635
0
0
0
0
0
0
0
0
0
0
0
0
0
0
0.104478
0.104478
0.104478
0
0.104478
0.104478
0.104478
0.104478
0.104478
0.104478
0
0.104478
0.104478
0.104478
0.104478
0
0.104478
0
0.104478
0.104478
0.104478
0.104478
0.0688998
0
0
0
0.0959109
0.0434489
0.104115
0.104115
0.104115
0.104322
0.104115
0
0
0.0680486
0.0680486
0.0680486
0.223607
0.0688998
0.104115
0
0
0.288675
0
0
0
0
0
0
0
0
0
0
0
0
0
0.288675
0
0
0
0
0
0
0
0
0
0
0
0
0
0
0
0
0
0
0
0
0
0
0
0
0
0
0
0
0
0
0
0
0
0
0
0.0138402
0.0138402
0.0138402
0
0
0
0
0
0
0
0
0
0
0
0
0.0138402
0.0138402
0
0
0
0
0.100868
0.100868
0.100868
0.100868
0.100868
0.08593
0.0865253
0.661438
0.0865253
0.08593
0
0
0.100868
0.100868
0
0.100868
0.100868
0.100868
0.100868
0.100868
0.100868
0.100868
0
0
0.100868
0.100868
0.100868
0
0
0.100868
0.100868
0.100868
0
0
0
0
0
0
0
0
0
0
0.08593
0.104478
0.104478
0.104478
0.10474
0.160422
0.160422
0.160422
0.104478
0.104478
0.100868
0.100868
0.100868
0.104478
0.100868
0.104478
0.100868
0.100868
0.100868
0.100868
0.100868
0.103807
0.0959109
0.0959109
0.0958706
0.0958706
0.0958706
0.0958706
0.0958706
0
0
0
0.0958706
0.0958706
0.10453
0.10453
0.0652086
0.10453
0.206598
0.206598
0.661438
0.381881
0.661438
0.107299
0
0
0.0957902
0.0957902
0.0957902
0.0957902
0
0.0957902
0.0957902
0.0957902
0
0
0
0
0
0.104478
0
0
0
0
0
0
0
0
0
0
0
0
0
0
0
0
0
0
0.0216429
0
0
0
0
0
0.0959109
0
0
0
0.0958706
0
0
0
0.0432165
0
0
0
0
0
0
0
0
0
0
0
0
0
0
0
0
0
0
0
0
0.0680054
0.0680054
0.0680054
0.0680054
0.0680054
0.0680486
0.0680486
0
0
0
0
0
0
0.045401
0.045401
0
0
0
0
0.0525381
0
0.0524554
0.0547879
0
0
0
0
0
0
0
0
0
0
0
0
0
0
0
0
0
0
0
0
0
0
0
0
0
0
0
0
0
0
0
0
0
0
0
0
0
0
0
0
0
0
0
0
0
0
0.052915
0.052915
0
0.0529999
0
0
0
0
0
0
0
0
0
0
0
0
0
0
0
0
0
0
0
0
0
0
0
0
0
0
0
0
0
0
0
0
0
0
0
0
0
0.0849394
0
0.0849675
0.0843024
0
0.0843298
0
0
0
0
0
0
0
0
0
0
0
0
0
0
0
0
0
0
0
0.0680486
0.0680486
0
0.0680486
0.0680486
0
0
0
0
0
0
0
0
0
0
0
0
0
0
0
0
0
0
0
0
0
0
0
0
0
0
0
0
0
0
0
0.0680486
0.0680486
0.0680486
0
0
0.068063
0.0680486
0.0680486
0
0
0
0
0
0
0
0
0
0
0
0
0
0
0
0
0
0
0
0
0
0
0
0
0
0
