0.098117
0.098117
0.098117
0.098117
0.098117
0.098117
0.098117
0.098117
0.098117
0.098117
0.098117
0.098117
0.098117
0.098117
0.098117
0.098117
0.098117
0.098117
0.098117
0.098117
0.098117
0.098117
0.098117
0.098117
0.098117
0.098117
0.0997664
0.0997664
0.0982502
0.0996735
0.0997354
0.0997664
0.0997664
0.0997509
0.0997664
0.0997664
0.0997664
0.0997664
0.0997509
0.0997664
0.0997664
0.0997664
0.0997664
0.0997664
0.0997509
0.0997664
0.0997664
0.0997664
0.0997664
0
0
0
0
0.0944779
0.0944779
0.0944779
0.132407
0.132407
0
0
0
0
0.161712
0
0.156403
0
0
0
0
0
0
0
0
0
0
0
0
0
0
0
0
0
0
0
0
0.0944779
0.0944779
0.0944779
0.0944779
0.0944779
0.0944779
0.0944779
0.0944779
0.0944779
0.0944779
0.0944779
0.0944779
0.0944779
0.0944779
0.0944779
0.0970143
0.0964205
0.0964065
0.0967019
0.098117
0.0966454
0.0968293
0.098117
0.0969288
0.0968861
0.0981023
0.098117
0
0
0
0.0995654
0.0976773
0
0
0
0
0
0
0
0
0
0
0
0
0
0
0
0
0.260102
0.260102
0
0
0.527046
0.545545
0
0
0
0
0.267261
0.267261
0
0
0
0
0
0
0
0
0
0
0
0
0.037837
0.0378777
0
0
0
0
0
0
0
0
0
0
0.816497
0.816497
0
0.816497
0.408248
0
0
0
0
0
0
0
0
0
0
0
0
0
0
0
0
0
0
0
0
0
0
0
0
0
0
0
0
0
0
0
0
0
0
0
0
0
0
0
0
0
0
0
0
0
0
0
0
0
0
0
0
0
0
0
0
0
0
0
0
0
0
0
0
0
0
0
0
0
0
0
0
0
0
0
0
0
0
0
0
0
0
0
0
0
0
0
0
0
0
0
0
0
0
0
0
0
0
0
0
0
0
0
0
0
0
0
0
0
0
0
0
0
0
0
0
0
0
0
0
0
0
0
0
0
0
0
0
0
0
0
0
0
0
0
0
0
0
0
0.801784
0.816497
0.5
0.866025
0
0
0
0
0
0
0
0
0
0
0
0
0
0
0
0
0
0
0
0
0
0
0
0
0
0
0
0
0
0.202418
0.202418
0.202418
0.202418
0.476731
0.476731
0.49029
0.49029
0.49029
0.5
0
0
0
0
0
0
0
0.0431131
0.0432742
0.0483619
0.0483619
0.0483619
0.0484502
0.0484502
0.119952
0.121268
0.153789
0.169638
0
0
0
0
0.11971
0.11971
0
0
0
0
0
0
0
0
0
0
0
0
0
0
0.215666
0
0
0
0
0
0
0
0
0
0
0
0
0
0
0
0
0
0
0
0
0
0
0.117192
0.117192
0
0
0
0
0
0
0
0
0
0
0
0
0
0
0
0
0.632456
0
0
0
0
0
0
0
0.0483651
0.0260113
0.0875376
0
0.0875376
0.0875376
0
0
0
0
0
0
0
0
0
0
0
0
0
0
0
0
0
0
0
0
0
0
0.384012
0
0
0
0
0.0891593
0.0891593
0.0891593
0.0891593
0.0891593
0.0891593
0.0891593
0.0949633
0
0.0823387
0
0.0823387
0.0823387
0.0823387
0.019245
0.0823387
0.0823387
0.0823387
0.0842484
0.0842484
0.0823387
0.0823387
0.0823387
0.0790295
0
0
0
0
0
0
0
0
0
0
0.0891593
0.0891593
0.0891593
0.0891593
0.0891593
0.0891593
0
0
0
0.0997664
0.0997664
0.0997664
0.0997664
0.0997664
0.0955395
0.0955395
0
0
0
0
0.0176227
0.0237423
0
0
0
0
0.099813
0.099813
0.099813
0.099813
0.099813
0.099813
0.099813
0.099813
0.099813
0.099813
0.099813
0.099813
0.099813
0.099813
0.099813
0.099813
0.099813
0.099813
0.099813
0.099813
0.099813
0.099813
0.099813
0.099813
0.099813
0.099813
0.099813
0.099813
0.0997975
0.099813
0.099813
0.099813
0.099813
0.099813
0.099813
0.0997664
0.10447
0.0997664
0.0997664
0.0999688
0.0997664
0.0997664
0.0997664
0.0997664
0.0997664
0.0997664
0.0997664
0.0997664
0.0997664
0.0997664
0.0997664
0.0997664
0.0997664
0.0997664
0.0997664
0.0997664
0.0997664
0.0997664
0.0997664
0.0997664
0.0997664
0.0997664
0.0997664
0.0997664
0.0997664
0.0997664
0.0997664
0.0997664
0.0997664
0.0997664
0.0997664
0.0997664
0.0997664
0.0997664
0.0997664
0.0997664
0.0997664
0.0997664
0.0999688
0.0997664
0.0997664
0
0
0
0.0995654
0.0995654
0
0
0
0
0
0
0
0
0
0
0
0
0
0
0
0
0
0
0
0
0
0
0
0
0
0
0
0
0
0
0
0
0
0
0
0
0
0
0
0
0
0
0
0
0
0
0
0
0
0
0
0
0
0
0
0
0
0
0
0
0
0
0
0
0
0
0
0
0
0
0
0
0
0
0
0
0
0
0
0
0
0
0
0
0
0
0
0
0
0
0
0
0
0
0
0
0
0
0
0
0
0
0.0997664
0
0.0950095
0.0950095
0
0.0950095
0.0950095
0.0950095
0.0950095
0.0950095
0.0950095
0
0
0
0
0
0
0
0
0
0
0
0
0
0
0
0
0
0
0
0
0
0
0
0
0
0
0
0
0
0.0957141
0
0.0957141
0
0.0957141
0.0957141
0.0957278
0
0
0
0
0
0
0
0
0.0944911
0
0.0944911
0
0.0944911
0.0944911
0.0944911
0
0.0980581
0.0944911
0.0944911
0
0
0.0944911
0.0766965
0.0766965
0
0
0
0
0
0
0
0
0
0
0
0
0
0
0
0
0
0
0
0
0
0
0
0.0693375
0
0.0753778
0.0753778
0.0753778
0.0753778
0
0
0
0.0753778
0.0753778
0.0753778
0
0
0
0
0
0
0
0.0950095
0.0950095
0.0950095
0.0950095
0
0.0950095
0
0.0950095
0
0.0950095
0.0950095
0.0950095
0.0950095
0.0950095
0.0950095
0
0
0
0
0
0.0950095
0
0.0950095
0.0950095
0.0950095
0
0
0
0.0950095
0
0.0950095
0
0
0
0
0
0
0.0950095
0.0950095
0.0950095
0.0950095
0.0950095
0.0950095
0.0950095
0
0
0
0
0
0.0950095
0
0.0950095
0.0950095
0.0950095
0
0
0
0
0
0
0
0
0
0
0
0
0
0
0
0
0
0
0
0
0
0
0
0
0
0
0
0
0
0
0
0
0
0
0
0
0
0
0
0.0690066
0.0690066
0.0696733
0
0
0.0690066
0.0690066
0.0690066
0.0690066
0.0690066
0.0690066
0.0690066
0.0690066
0.0690066
0
0
0
0
0
0
0
0
0
0
0
0
0.0950229
0
0
0
0
0
0
0
0
0
0
0
0
0
0
0
0
0
0
0
0
0
0
0
0.707107
0.0263523
0.0263523
0.0263523
0.111803
0.150756
0.150756
0.150756
0
0.0264814
0.163163
0.163163
0.163163
0
0.163163
0
0
0
0
0
0
0.186501
0.186501
0.186501
0
0
0
0
0
0
0
0
0
0
0
0.186501
0.186501
0
0.186501
0
0
0
0
0
0
0
0
0
0
0
0
0
0.104775
0
0
0
0
0
0
0
0
0
0
0
0
0
0
0
0
0
0
0
0
0
0
0
0
0
0
0
0
0
0
0.184017
0.184017
0.184017
0.184017
0.184017
0.184017
0.184017
0.184017
0.184017
0.184017
0.167789
0.167789
0.167789
0.167789
0.167789
0.167789
0.167789
0.167789
0.167789
0.167789
0
0.200881
0
0.202808
0
0
0
0
0
0
0
0
0.238366
0
0.255822
0
0
0
0
0
0
0
0
0
0
0
0
0
0
0.283197
0.283197
0.283197
0.283197
0
0
0
0
0
0
0
0
0
0
0
0
0
0
0
0
0
0
0
0
0
0
0
0
0.283552
0.283552
0.283552
0
0
0
0
0
0
0.281091
0.281091
0.281091
0.281091
0.281091
0.281091
0
0
0
0.281091
0.281091
0
0
0
0
0
0
0
0
0
0
0
0.247831
0.247831
0
0.247831
0
0
0
0
0
0
0
0
0
0
0
0
0
0
0
0
0.238366
0.238366
0.238366
0.238366
0.238366
0.262071
0.28677
0
0
0
0
0
0
0
0
0
0
0
0
0
0
0
0
0
0
0
0
0
0
0
0
0
0
0
0
0
0
0
0
0
0
0
0
0
0
0
0
0
0
0
0
0
0
0.198575
0.198575
0
0.198575
0.21693
0.21693
0.256495
0.21693
0
0.21693
0.0981466
0.1676
0.1676
0.1676
0
0
0
0
0
0
0
0
0
0
0
0
0
0
0
0
0
0
0
0
0
0
0.246932
0.153429
0.153429
0
0.413803
0
0
0
0
0
0
0
0
0
0
0
0
0
0
0
0
0
0
0
0
0
0
0
0
0
0
0
0
0
0
0
0
0
0
0
0
0
0
0
0
0
0
0
0
0
0
0
0
0
0
0
0
0
0.100759
0.100759
0.100759
0.100759
0.100759
0.0890727
0
0.100759
0.100759
0
0.100759
0.100759
0.100759
0.100759
0.100759
0.100759
0.100759
0
0
0.100759
0.100759
0.100759
0.070447
0.070447
0.100759
0.100759
0.100759
0
0
0
0
0.0681203
0
0
0
0
0
0.100759
0.100759
0.100759
0.124274
0.125522
0.125522
0
0.125522
0.125522
0.0543214
0.125522
0.125895
0.100759
0.100759
0.127064
0.100759
0.127064
0.100951
0.100551
0.100551
0.100551
0.100551
0.100551
0.100551
0.100551
0.100551
0.100551
0.100551
0.100551
0.100551
0.100551
0.100551
0.100551
0.100551
0.12758
0.12758
0.126904
0.0779287
0.113615
0
0.103479
0.126145
0.079167
0.112349
0
0
0
0
0
0
0
0
0
0
0
0
0
0
0.10168
0.10168
0.10168
0.10168
0.141737
0.0323423
0.0326164
0.147699
0.0608581
0.10168
0.10168
0.10168
0.0997664
0.0997664
0.0997664
0
0.0997664
0.0997664
0.0997664
0.0997664
0.0997664
0.0997664
0.0997664
0.0997664
0.0997664
0.0997664
0.0997664
0.0997664
0.0997664
0.0997664
0.0997664
0.0997664
0.0997664
0.0997664
0.0997664
0.0997664
0.0997664
0.101535
0.116248
0.0889431
0
0
0
0
0.0508402
0
0.0508402
0.0508402
0.0508402
0.0508402
0.0508402
0
0
0
0
0
0
0
0
0
0
0
0
0
0
0
0
0
0
0.0997664
0.0997664
0.0997664
0.0997664
0.0997664
0.0997664
0.0997664
0.0997664
0.0997664
0.0997664
0.0997664
0.0997664
0.0997664
0.0997664
0.0997664
0.0997664
0.0997664
0.0997664
0.0997664
0.0997664
0.0997664
0.0997664
0.0997664
0.0997664
0.0997664
0.0997664
0.0997664
0.0997664
0.0997664
0.0997664
0.0997664
0.0997664
0.0997664
0.0997664
0.0997664
0.0997664
0.0997664
0.0997664
0
0
0
0
0
0
0
0
0
0
0.118704
0.219265
0.219265
0.219265
0.120359
0.120359
0.120359
0.126681
0.126681
0.126681
0
0.126681
0.126681
0.126681
0.126681
0
0.126681
0
0
0
0
0
0
0.126681
0.147392
0.128965
0.128965
0.128965
0.103387
0.103387
0.128135
0.128135
0.128135
0
0.101159
0.101159
0
0
0
0
0
0
0
0
0
0
0
0
0
0
0
0.104006
0.141186
0
0
0
0.141186
0.100645
0.101856
0
0
0.260378
0.260378
0.260378
0
0.0476371
0.0476371
0.0476611
0.0476611
0.0476371
0.100551
0.118704
0.118704
0.118704
0.118704
0.118704
0.0997664
0
0
0
0
0
0
0
0
0
0
0
0
0
0
0
0
0
0
0
0
0
0
0
0
0
0
0
0
0
0
0
0
0
0
0
0
0
0
0
0
0
0
0
0
0
0
0
0
0
0
0
0
0
0
0
0
0
0
0
0
0
0
0
0
0
0
0
0
0
0
0
0
0
0
0
0
0
0
0
0
0
0
0
0
0
0
0
0
0
0
0
0
0
0
0
0
0
0
0
0
0
0
0
0
0
0
0
0
0
0
0
0
0
0
0
0
0
0
0
0
0
0
0
0
0
0
0
0
0
0
0
0
0
0
0
0
0
0
0
0
0
0
0
0
0
0
0
0
0
0
0
0
0
0
0
0
0
0
0
0
0
0
0
0
0
0
0
0
0
0
0
0
0
0
0
0
0
0
0
0
0
0
0
0
0
0
0
0
0
0
0
0
0
0
0
0
0
0
0.166667
0.166667
0.166667
0
0
0
0
0
0
0
0.173136
0.1676
0.1676
0.1676
0
0
0.217597
0.167978
0.167978
0.167978
0
0
0
0
0
0
0
0
0
0
0
0
0
0.166852
0.166852
0.166852
0
0
0
0
0
0
0
0
0
0
0
0
0
0
0
0
0
0.175035
0.175035
0.175035
0.175035
0.168934
0.168934
0.168934
0.168934
0.174608
0.174608
0.174608
0.174608
0
0
0
0
0.174608
0.175035
0.175035
0.175035
0.175035
0.175035
0.175035
0.175035
0
0
0
0
0
0
0
0
0
0
0
0
0
0
0
0
0
0
0
0
0
0
0
0
0
0
0
0
0
0
0
0
0
0
0
0
0
0
0
0
0
0
0
0
0
0
0.184553
0.184553
0.184553
0
0.184553
0
0.184553
0.184553
0.184553
0.184553
0.184553
0.184553
0.174608
0.174608
0.174608
0.174608
0.174608
0.174608
0.211667
0.189797
0.19118
0.19118
0.19118
0.189797
0
0
0
0
0
0
0
0
0
0
0
0
0
0
0
0
0
0
0
0
0
0
0
0
0
0
0
0
0.167789
0.167789
0.167789
0
0
0.222718
0.1676
0.1676
0.1676
0
0
0
0
0
0
0
0
0
0
0
0
0
0
0
0.168934
0.168934
0.168934
0.168934
0.168934
0.168934
0.168934
0.168934
0.168934
0.168934
0.29361
0.294628
0.30657
0
0
0
0
0
0
0
0
0
0
0
0
0
0
0
0
0
0
0
0
0
0
0
0
0
0
0
0
0
0
0
0
0
0
0
0
0
0
0
0
0
0
0
0
0
0
0
0
0
0
0
0
0
0
0
0
0
0
0
0
0
0
0
0
0
0
0
0
0
0
0
0
0
0
0
0
0
0
0
0
0
0
0
0
0
0
0
0
0
0
0
0
0
0
0
0
0
0
0
0
0
0
0
0
0
0
0
0
0
0
0
0
0
0
0
0
0
0
0
0
0.168168
0.168168
0.168168
0
0
0
0
0
0.167978
0.167978
0.167978
0
0
0
0
0
0
0
0
0
0.163605
0.163605
0.163605
0.405554
0.405554
0.405554
0
0
0
0
0
0
0
0
0
0
0
0
0
0
0
0
0
0
0
0
0
0
0
0
0
0
0
0
0
0
0
0
0
0
0
0
0
0
0
0
0
0
0
0
0
0
0
0
0
0
0
0
0
0
0
0
0
0
0
0
0
0
0
0
0
0
0
0
0
0
0
0
0
0
0.197028
0
0
0
0
0
0
0
0
0
0
0
0
0
0
0
0
0
0
0
0
0
0
0
0
0
0
0
0
0
0
0
0
0
0
0
0
0
0
0
0
0
0
0
0
0
0
0
0
0
0
0
0
0
0
0
0
0
0
0
0
0
0
0
0
0
0
0
0
0
0
0
0
0
0
0
0
0
0
0
0
0
0
0
0
0
0
0
0
0
0
0
0
0
0
0
0
0
0
0
0
0
0
0
0
0
0
0
0
0
0
0
0
0
0
0
0
0
0
0
0
0.0986827
0.0986827
0
0
0
0
0
0
0
0
0
0
0
0
0
0
0
0
0
0
0
0
0
0.229227
0
0.234686
0.237356
0
0.242983
0.242983
0
0.242983
0
0
0
0
0
0
0
0
0
0
0
0
0
0
0
0
0
0
0.102971
0
0.109394
0
0
0
0
0
0
0
0
0
0
0
0
0
0
0
0
0
0
0
0
0
0
0
0
0
0
0
0
0
0
0
0.0997509
0.0997509
0.0997509
0.0997509
0.0997509
0.0997509
0.0997975
0.0997509
0.0997509
0.0997509
0.0997509
0
0
0.099813
0
0
0
0
0
0
0
0
0
0
0
0
0
0.104793
0
0
0
0
0
0
0
0
0
0
0
0
0
0
0
0
0
0
0
0
0
0
0
0
0
0
0
0
0
0
0
0
0
0
0
0
0
0
0
0
0
0
0
0
0
0
0
0
0
0
0
0
0
0
0
0
0
0
0
0
0
0
0
0
0
0
0
0
0
0
0
0
0
0
0
0
0
0
0
0
0
0
0.0981614
0.0981614
0
0.0981614
0.0981614
0.099658
0
0.0997199
0
0
0
0
0
0
0
0
0
0
0.143346
0
0
0
0
0
0
0
0
0
0
0
0
0
0
0
0
0
0
0
0
0
0
0
0
0
0
0
0
0
0
0
0
0
0
0
0
0
0
0
0
0
0
0
0
0
0
0
0
0
0
0
0
0
0
0
0
0
0
0
0
0
0
0
0
0
0
0
0
0
0
0
0
0
0
0
0
0
0
0
0
0
0
0
0
0
0
0
0
0
0
0
0
0
0
0
0
0
0
0
0
0
0
0
0
0.102463
0
0
0
0
0
0
0
0
0
0
0
0
0
0
0
0
0
0
0
0
0
0
0
0
0
0
0
0
0
0
0
0
0
0
0
0
0
0
0
0
0
0
0
0
0
0
0
0.0997664
0.0997664
0.0997664
0.0997664
0.0997664
0.0997664
0
0.0997664
0.0997664
0.0997664
0
0.0997664
0.0997664
0
0.0997664
0
0
0
0
0
0
0
0
0
0
0
0
0.0346688
0.0997664
0.0997664
0
0
0
0
0
0
0
0.0997664
0.0997664
0
0.0997664
0
0.0997664
0.0997664
0.0997664
0
0
0
0.0997664
0.102346
0
0
0
0.0997664
0.0997664
0
0.0997664
0.0997664
0
0.0997664
0.0997664
0.0997664
0.0997664
0.0997664
0.0997664
0.0997664
0.0997664
0.0997664
0
0
0
0
0
0
0
0
0
0
0
0
0
0
0
0
0
0
0
0
0
0
0
0.0997664
0
0
0
0
0
0
0
0
0
0.0997664
0.0997664
0
0.0997664
0.0997664
0
0.0997664
0.0997664
0.0997664
0.0997664
0.0997664
0.0997664
0.0997664
0.0997664
0.0997664
0
0
0
0
0
0
0
0
0.102346
0.0997664
0.0997664
0
0
0
0
0
0
0
0
0
0
0.0997664
0.0997664
0.099813
0.099813
0.099813
0.099813
0.099813
0.099813
0.099813
0.099813
0.099813
0.099813
0.099813
0.099813
0.099813
0.099813
0.099813
0.099813
0.099813
0.099813
0.099813
0.099813
0.099813
0.099813
0.099813
0
0.099813
0.099813
0.099813
0.099813
0.099813
0.099813
0.099813
0.099813
0.099813
0.099813
0.099813
0.099813
0.099813
0.099813
0.099813
0.099813
0.099813
0.099813
0.099813
0.099813
0.099813
0.099813
0.099813
0.099813
0.099813
0.099813
0.099813
0.099813
0.099813
0.099813
0.099813
0.099813
0.099813
0.099813
0.099813
0.099813
0.099813
0.099813
0.099813
0.099813
0.099813
0.099813
0.099813
0.099813
0.099813
0.099813
0.099813
0.099813
0.099813
0.0997664
0.0997664
0.0997664
0
0
0
0
0
0
0
0
0
0
0
0
0
0
0.0997664
0.0997664
0
0
0
0
0.118704
0.118704
0.118704
0.118704
0.0994576
0.0994576
0.0994576
0.0997509
0.099689
0
0
0
0.132518
0.132518
0
0
0
0
0
0
0
0
0
0
0.102514
0.102514
0.102514
0.102514
0.0979698
0.0979698
0
0.0979698
0.0979698
0.102245
0
0.0997354
0
0
0
0
0
0
0.180422
0.180422
0.180422
0
0.180422
0
0.183309
0
0.180894
0.0992583
0.0992583
0
0.0992583
0.0992583
0.0992583
0
0.0992583
0.0992583
0.127289
0.151348
0
0
0
0
0.135691
0.135691
0.101715
0.128898
0
0.0986978
0.0986978
0
0.0986978
0.0986978
0
0.0986978
0.0986978
0
0.101797
0.101797
0.0990536
0.162051
0
0
0
0
0
0
0.299392
0.300658
0
0.101323
0.0995808
0.0992583
0
0.0997664
0.0997664
0
0.0997664
0
0
0
0
0
0
0
0
0
0
0
0
0
0
0
0
0
0.102514
0
0
0
0
0
0
0
0
0
0
0
0
0
0
0.0997664
0.0997664
0
0
0
0.0997664
0.0997664
0.0997664
0
0.128432
0.143182
0
0.143592
0.143592
0.143592
0
0
0
0
0
0
0.102839
0.102839
0
0
0
0.102079
0
0
0
0
0.102514
0
0.0997664
0.244558
0
0
0
0
0
0
0
0.0997664
0.0997664
0.0997664
0.0997664
0
0
0
0
0
0
0
0
0
0
0
0
0.0997664
0
0.0997664
0.0997664
0.0997664
0
0
0
0
0
0
0
0
0
0
0
0
0
0
0
0
0
0
0
0
0
0.106885
0.106885
0
0
0
0
0.0997664
0.0997664
0.0997664
0.10432
0
0
0
0.102413
0
0
0
0
0
0.0997664
0.0997664
0.0997664
0.128631
0.102145
0.101303
0
0
0
0
0
0
0
0
0
0
0
0
0
0
0
0
0
0
0
0.103479
0
0.0997664
0.0997664
0.0997664
0
0.102279
0
0
0
0
0
0
0
0
0
0
0
0
0
0
0
0
0
0.0997664
0.0997664
0
0
0
0
0
0.0997664
0.0997664
0.0997664
0.0997664
0.0997664
0
0.146944
0.0976481
0
0.0978818
0.0978818
0.0978818
0.0978818
0.0978818
0.0981761
0.0981761
0
0
0
0
0
0
0
0
0.0978818
0.0978818
0.0978818
0
0.0978818
0.0978818
0
0
0
0
0
0
0
0
0
0
0
0
0
0
0
0
0
0
0
0
0
0
0
0
0
0
0
0
0
0
0
0
0
0
0
0
0
0
0
0
0
0
0
0
0
0
0
0
0
0
0
0
0
0
0
0.103387
0.103387
0.103387
0.103387
0.103387
0
0.103387
0.102145
0
0
0
0
0
0.102514
0
0
0.256495
0.256495
0.256495
0
0
0.0997664
0.0997664
0.0997664
0
0
0
0
0
0
0
0
0
0
0
0
0
0
0
0
0
0
0
0
0
0
0
0
0
0
0
0
0
0
0
0
0
0
0
0
0
0
0
0
0
0.102279
0
0
0.102514
0
0
0
0
0
0
0
0
0
0.0997664
0.0997664
0.0997664
0
0.102279
0
0
0
0
0
0
0
0
0
0
0
0
0
0
0
0
0
0
0
0.104793
0.104793
0.104793
0
0.104793
0.104793
0
0.104793
0
0.104793
0.104793
0.104793
0
0
0
0
0
0
0
0
0
0.0279508
0
0.0279727
0.0279727
0.0279727
0.0279727
0
0.028105
0.104793
0.104793
0.104793
0.104793
0.104793
0.104793
0.104793
0.104793
0.104793
0.104793
0.104793
0.104793
0.104793
0.104793
0.104793
0.104793
0.104793
0.104793
0.104793
0.104793
0.104793
0.104793
0.104793
0.104793
0.104793
0.104793
0.104793
0.104793
0.104793
0.104793
0.104793
0.104793
0.104793
0.104793
0.104793
0.104793
0.104793
0.104793
0.104793
0.104793
0.104793
0.104793
0.104793
0.104793
0.104793
0
0.104793
0
0.104793
0.104793
0.104793
0
0
0
0
0
0
0
0
0.104793
0.104793
0
0.104793
0.104793
0.104793
0.104793
0
0.104793
0
0
0
0
0
0
0
0
0
0
0
0
0
0
0
0
0
0
0
0
0
0
0
0
0
0.104793
0.104793
0
0.104793
0.104793
0.104793
0.104793
0.104793
0.104793
0.104793
0
0.174078
0.174078
0
0
0
0
0
0
0
0
0
0
0
0
0
0
0
0
0
0
0
0
0
0
0
0
0
0
0
0.201902
0.201902
0.203595
0.203595
0
0.204792
0
0
0
0
0
0
0
0
0
0
0
0
0
0
0
0
0
0
0
0
0
0
0
0
0
0
0
0
0
0
0
0
0
0
0
0
0
0
0
0
0
0
0
0
0
0
0
0.0997664
0.0997664
0.0997664
0
0.103993
0
0
0
0
0
0
0
0
0.0891593
0.0891593
0.0891593
0
0
0
0
0
0
0
0
0
0
0
0
0.0891593
0.0891593
0
0
0
0
0
0
0
0
0
0
0
0
0
0
0
0
0
0
0
0
0
0
0
0
0
0
0
0
0
0
0
0
0
0
0
0
0
0
0
0
0
0
0
0
0
0
0
0
0
0
0
0
0
0
0
0
0
0
0
0
0
0
0
0
0
0
0
0
0
0
0
0
0
0
0
0
0
0
0
0
0
0
0
0
0
0
0
0
0
0
0
0
0
0
0
0
0
0
0
0
0
0
0
0
0
0
0
0
0
0
0
0
0
0
0
0
0
0
0
0
0
0
0
0
0
0
0
0
0
0
0
0
0
0
0
0
0
0
0
0
0
0
0
0
0
0
0
0
0
0
0
0
0
0
0
0
0
0
0
0
0
0
0
0
0
0
0
0
0
0
0
0
0
0
0
0
0
0
0
0
0
0
0
0
0
0
0.0994422
0.0994422
0
0.0994422
0
0.0994422
0.0994422
0.102279
0
0
0
0
0
0
0
0
0.0986827
0
0
0
0
0
0
0
0
0
0
0
0
0
0
0
0
0
0.0950095
0.0950095
0
0
0.0950095
0.0950095
0
0.0950095
0.0950095
0.0950095
0.0950095
0.0950095
0.0950095
0.0950095
0.0950095
0.0950095
0.0950095
0
0.0950095
0.0950095
0
0.0950095
0.0957278
0.0950095
0.0950095
0.0950095
0.0950095
0.0950095
0
1
0.0950095
0
0
0
0.0950095
0
0.0950095
0.0950095
0.0950095
0
0.0950095
0
0
0.0950095
0.0957278
0.0957278
0.0957278
0.0957278
0.0957278
0.0957278
0.0957278
0.0957278
0
0
0
0
0
0
0.0950095
0.0950095
0.0950095
0.0950095
0.0950095
0
0
0
0.0950095
0.0950095
0.0950095
0.0950095
0.0950095
0.0950095
0.0950095
0.0950095
0.0950095
0.0950095
0
0
0.0950095
0
0
0
0
0
0
0
0
0
0
0
0
0
0
0
0
0
0
0
0
0
0
0
0
0
0.0957278
0.0957278
0
0.0957278
0.0957278
0.0957278
0.0957278
0.0957278
0.0957278
0.0957278
0.0957278
0
0
0
0
0
0
0
0
0
0
0
0
0
0.145693
0.154303
0.101996
0
0.10253
0.145693
0.145693
0.145693
0.145693
0.145693
0.145693
0.145693
0
0
0
0.145779
0.145779
0.147531
0.147531
0.147531
0.147531
0.145693
0
0
0
0
0
0
0
0
0
0
0
0
0
0
0
0
0
0
0
0
0
0
0
0
0
0
0
0
0
0
0
0
0
0
0
0.145693
0.145693
0
0
0
0
0
0
0.145693
0
0
0
0
0
0
0
0
0
0.145693
0.154303
0.101996
0.101996
0.101996
0.145693
0.145779
0.145779
0.145779
0.145779
0.15523
0
0.101996
0.101996
0.145779
0.145779
0
0
0
0.0957278
0
0.0957278
0.0957278
0
0
0
0
0.0957278
0
0
0
0
0
0
0
0
0
0
0
0
0
0
0
0
0
0
0
0
0
0.0957278
0.0957278
0.0957278
0.0957278
0.0957278
0.0957278
0.0957278
0.0957278
0.0957278
0.0957278
0.0957278
0.0957278
0.0957278
0.0957278
0.0957278
0.0957278
0
0
0
0
0
0
0
0
0
0
0
0
0
0
0
0
0
0
0
0
0
0
0
0
0
0
0
0
0
0
0
0
0
0
0
0
0
0
0
0
0
0
0
0
0
0
0
0
0
0
0
0
0
0
0
0
0
0
0
0
0
0
0
0
0
0
0
0
0
0
0
0
0
0
0
0
0
0
0
0
0
0
0
0
0
0
0
0
0
0
0
0
0.0950095
0.0950095
0.0950095
0.0950095
0.0950095
0
0.051031
0
0.0696733
0
0
0
0
0
0
0
0.0950095
0.0950095
0
0
0
0
0.0997509
0.0957278
0.0957278
0.0957278
0.0957278
0.0957278
0.0957278
0.0957278
0.0957278
0.0957278
0.0957278
0.0957278
0.0957278
0.0957278
0.0957278
0.0957278
0.0957278
0.0957278
0.0957278
0.0957278
0.0957278
0.0957278
0.0957278
0
0.0957278
0.0957278
0
0
0.0957278
0.0957278
0.0957278
0.0957278
0
0
0
0
0
0
0
0
0
0
0
0
0
0
0
0
0
0
0
0
0
0
0
0
0
0
0
0
0
0
0
0
0
0
0
0
0
0
0
0
0
0
0
0
0
0
0
0
0
0
0
0
0
0
0
0
0
0
0
0
0
0.117818
0.117818
0.117818
0.2
0.117818
0.117818
0.0419591
0.0419591
0
0.100728
0
0.123466
0.534522
0.534522
0.534522
0.353553
0.534522
0.534522
0.316228
0.316228
0
0.288675
0
0.288675
0
0.117718
0.117718
0.117718
0.117718
0.0419775
0.119428
0
0.145865
0.145865
0
0.145865
0
0
0
0
0
0
0
0
0
0
0
0
0
0
0
0
0
0
0
0
0
0
0
0
0
0
0
0
0
0
0
0
0
0
0
0
0
0
0
0
0
0
0
0
0
0
0
0
0
0
0
0
0
0
0
0
0
0
0
0
0
0
0
0
0
0
0
0
0
0
0
0
0
0
0
0.0957278
0.0957278
0.0957278
0.0957278
0.0957278
0.0957278
0
0
0.0957278
0.0957278
0
0
0
0
0
0
0
0.0957278
0.0957278
0.0957278
0
0.0957278
0
0
0
0
0
0.117851
0.534522
0
0
0
0.0923776
0
0
0
0
0
0.117751
0.117751
0.117751
0.117751
0.117751
0.117751
0.117751
0.117751
0.117751
0.117751
0.117751
0.117751
0.117751
0.117751
0.117918
0.419832
0.419832
0.419832
0.117751
0.0957278
0.0957278
0.0957278
0.0957278
0.0957278
0.0957278
0
0.123466
0.288675
0
0.145865
0.145865
0.145865
0.145865
0.145865
0
0.145865
0
0
0
0
0.145865
0.145865
0
0.145865
0
0
0
0
0.145865
0
0
0
0
0
0
0
0
0
0
0
0
0
0
0
0
0
0
0
0
0
0
0
0
0
0
0
0
0
0
0
0.123166
0.123166
0.123166
0.123166
0.123166
0
0
0
0
0.123166
0.123166
0
0
0
0
0.123166
0
0
0
0
0
0
0
0
0
0
0
0
0
0
0
0
0
0
0
0
0
0
0
0
0
0
0
0
0
0
0
0
0
0
0
0
0
0
0
0
0
0
0
0
0
0
0
0
0
0
0
0
0
0
0
0
0
0
0
0
0
0
0
0
0
0
0
0
0
0
0
0
0
0
0
0
0
0
0
0
0
0
0
0
0
0
0
0
0
0
0
0
0
0
0
0
0
0
0
0
0
0
0
0
0
0
0
0
0
0
0
0
0
0
0.117751
0.117751
0.117751
0.117751
0.117751
0.117751
0
0
0
0
0
0.117851
0.117851
0.117851
0.117851
0.47629
0.534522
0.534522
0.534522
0.534522
0.632456
0.0950095
0.0950095
0.0950095
0
0
0
0
0
0
0
0
0
0
0
0
0
0
0
0
0
0
0
0
0
0
0.0950095
0.0957278
0.0957278
0.0957278
0.0957278
0.0957278
0.0957278
0
0.145693
0
0
0.145693
0
0
0
0
0
0
0
0
0
0
0
0
0.0994422
0.0994422
0
0.0994422
0.0994422
0
0
0
0
0
0
0
0
0
0
0
0
0
0
0
0
0
0
0.104775
0
0
0
0
0
0
0
0.102514
0.102514
0.102514
0.102514
0.102514
0
0
0
0
0
0.1586
0.1586
0
0.158763
0.124407
0.124407
0
0.124407
0
0
0
0
0.0745356
0.0745356
0
0.0745356
0
0
0
0
0
0
0
0
0
0
0
0
0
0
0
0
0
0
0
0
0
0.128267
0
0.1283
0.047625
0
0.0476371
0
0
0
0
0
0
0
0
0
0
0
0
0
0
0
0
0
0
0
0.0991515
0.0991515
0.0991515
0.102497
0
0.0994729
0.0997354
0.0997354
0
0
0
0
0
0
0
0
0.137649
0
0
0
0
0
0
0
0
0
0
0
0
0
0.098117
0.098117
0.098117
0.098117
0.098117
0.0997664
0.0997664
0.16645
0.16645
0
0
0
0
0.205466
0.29988
0.206835
0.212598
0
0.287718
0
0
0
0
0
0
0.204792
0
0.208514
0.281439
0.219529
0
0
0
0
0
0
0
0
0
0
0
0
0
0
0
0
0
0
0
0
0
0
0
0
0
0
0
0
0.199205
0.199205
0.199205
0.199205
0
0
0
0
0
0
0
0
0.199522
0.3125
0
0.335578
0.183243
0.183243
0.183243
0.184017
0.184017
0.184017
0.184017
0.184017
0.184017
0.184017
0.184017
0.184017
0
0
0
0
0
0.190347
0.190347
0.190347
0
0
0
0
0
0
0
0.2032
0
0.2032
0
0
0.248759
0.248759
0
0
0
0.190623
0
0.190623
0
0.190623
0.190623
0
0
0
0.190623
0.190623
0.190623
0
0.190623
0.190623
0.190623
0.190623
0.190623
0.190623
0
0.190623
0
0
0
0.183436
0.183436
0.183436
0.183436
0.202031
0.202031
0.202031
0.202031
0.187936
0.199205
0
0.199205
0
0
0.199205
0.191018
0
0.191018
0
0.191018
0
0.191018
0.190347
0.191346
0
0
0
0
0
0.207251
0
0.207251
0
0.207251
0
0.207251
0
0.207251
0
0
0
0
0
0
0
0
0
0
0
0.244567
0
0.244567
0
0.244567
0
0.244567
0.244567
0.248759
0.248759
0
0
0
0.23094
0
0.222222
0
0.219694
0
0
0
0.204124
0.213201
0.205847
0.204465
0.202113
0.216612
0.209946
0
0
0
0
0
0
0
0
0
0
0
0
0
0
0
0
0.242091
0
0
0
0.18334
0.18334
0.18334
0.19803
0.19803
0.19803
0.19803
0.19803
0.190623
0.18334
0.18701
0.18334
0.18334
0.183533
0.183533
0.187215
0.198273
0.209061
0.183533
0.183533
0.187215
0.198517
0
0
0
0
0
0
0
0
0.190623
0.190623
0.190623
0.190623
0.190623
0.190623
0.190623
0.190623
0.190623
0.190623
0.190623
0.190623
0.190623
0.255822
0.255822
0.255822
0.255822
0.255822
0.255822
0.255822
0.255822
0.255822
0.255822
0.269582
0
0.527046
0.527046
0.255822
0.255822
0.271163
0.271163
0.279508
0.308901
0.308901
0.257172
0.257172
0.257172
0.332595
0.257172
0.281272
0.318788
0.318788
0.318788
0.324102
0.18701
0.18701
0.18701
0.18701
0.18701
0.222718
0.222718
0.187833
0.187833
0.187833
0.187833
0.187833
0.187833
0.187833
0.187833
0.18701
0
0
0.187833
0.187833
0.187833
0.187833
0.187833
0.187833
0.187833
0.187833
0.18701
0.25713
0.284627
0.284627
0
0.284627
0.290191
0.284627
0.284627
0.284627
0.284627
0
0
0
0
0
0
0
0
0
0
0
0
0
0
0
0
0
0
0
0
0
0
0
0
0
0
0
0.190623
0.207257
0.207257
0
0.207257
0.207257
0.207257
0.207257
0.187215
0.187215
0.18701
0.18701
0.187833
0.187833
0.187833
0.205466
0.187833
0.187833
0.187833
0.187833
0.205466
0.187833
0.18701
0.205466
0.205466
0.205466
0.205466
0
0
0
0
0
0
0
0
0
0
0
0
0
0
0
0
0
0.241209
0.241209
0.241209
0.241209
0.241209
0
0.241209
0
0
0.241209
0.241209
0.241209
0.247594
0.247594
0.252982
0.247594
0
0.247594
0.313304
0
0.313304
0
0
0.340503
0.291386
0.144338
0.144338
0.340503
0.340503
0.340503
0
0.340503
0.340503
0
0.340503
0.340503
0.347498
0.340503
0.340503
0
0.348155
0.348155
0.348155
0
0
0
0
0
0
0
0
0
0
0
0
0
0
0
0
0
0
0
0
0
0
0
0
0
0
0
0
0
0
0
0
0
0
0
0
0
0
0
0
0
0
0
0
0
0
0
0
0
0
0
0
0
0.247594
0.273588
0.273588
0.29988
0
0
0
0
0
0
0.29988
0
0
0.310087
0
0.376889
0.376889
0.154303
0.326599
0.338062
0
0.388075
0.388075
0.388075
0
0.388075
0.388075
0
0.388075
0.388075
0.388075
0.388075
0
0.388075
0.388075
0.390434
0.390434
0.390434
0
0
0.388075
0.388075
0
0.388075
0
0.388075
0.388075
0
0.388075
0.388075
0.388075
0.388075
0.388075
0
0
0
0
0
0
0
0
0
0
0
0
0
0
0
0
0
0
0
0
0
0
0
0
0
0
0
0
0
0
0
0
0
0.388075
0.388075
0.388075
0.388075
0.388075
0.388075
0.388075
0
0.388075
0.388075
0.244567
0.244567
0.244567
0
0.244567
0.244567
0.244567
0.244567
0.314756
0.314756
0
0.314756
0
0
0
0
0
0
0
0
0
0
0.307692
0.307692
0.307692
0.307692
0
0
0
0
0
0.307692
0.233126
0.233126
0.233126
0
0
0.233126
0.300965
0.300965
0.300965
0.300965
0.300965
0
0.300965
0.300965
0.300965
0
0
0
0
0
0.300965
0.307729
0.307729
0
0.307729
0.307729
0.307729
0.307729
0.307729
0.307729
0
0
0.307729
0
0
0
0
0.300965
0.300965
0.300965
0
0
0
0
0
0
0
0
0
0.307729
0
0
0
0
0
0
0
0
0
0.300965
0.300965
0
0.300965
0.244567
0.410997
0.410997
0.410997
0.410997
0.410997
0.410997
0.410997
0.410997
0
0.410997
0.410997
0.410997
0.410997
0.410997
0.410997
0.410997
0
0.410997
0
0.410997
0.410997
0.410997
0
0
0
0
0
0
0
0
0
0
0
0
0
0
0
0
0
0
0
0
0
0
0
0
0
0
0
0
0
0
0
0
0
0
0
0
0
0
0
0
0
0
0
0
0
0
0
0
0
0
0
0
0
0
0
0
0
0
0
0
0
0
0
0
0
0
0
0
0
0
0
0
0
0
0
0
0
0
0
0
0
0
0
0
0
0
0
0
0
0
0
0
0
0
0
0
0
0
0
0
0
0
0
0
0
0
0
0
0
0
0
0
0
0
0
0
0
0
0
0
0
0
0
0
0
0
0
0
0
0
0
0
0
0
0
0
0
0
0
0
0
0
0
0
0
0
0
0
0
0
0
0
0
0
0
0
0
0
0
0
0
0
0
0
0
0
0
0
0
0
0
0
0
0
0
0
0
0
0
0
0
0
0
0
0
0
0
0
0
0
0
0
0
0
0
0
0
0
0
0
0
0.187523
0.187523
0.187523
0.187626
0.284627
0.284627
0.284627
0
0
0.284627
0
0
0
0
0
0
0
0
0
0
0
0
0
0
0
0
0
0
0
0
0.18742
0.18742
0.18742
0.18742
0.18742
0.188248
0.207614
0.207614
0.207614
0.207614
0.207614
0.207614
0
0
0
0
0
0
0
0
0.207973
0
0.212047
0.212047
0.207614
0
0.212047
0
0.212047
0.212047
0
0.212047
0.212047
0
0
0.212047
0.212047
0.21243
0.212047
0
0.212047
0.212047
0.189525
0.189525
0.189525
0
0
0
0
0
0
0
0
0
0
0
0
0
0
0
0
0
0
0
0
0
0
0
0
0
0
0
0
0
0
0.198575
0.198575
0.198575
0.198575
0.198575
0.198575
0.198575
0.198575
0.198575
0.198575
0.410997
0
0
0.198575
0.198575
0.198575
0.198575
0
0.322749
0.322749
0.322749
0.322749
0
0
0
0.410997
0.410997
0.210912
0.210912
0
0
0.210912
0.210912
0.210912
0.332595
0.332595
0.332595
0.332595
0.210912
0.210912
0.210912
0.210912
0.255822
0.255822
0.255822
0.257172
0.257172
0.257172
0.257172
0
0
0
0.212814
0.212814
0.212814
0.521286
0.521286
0.212814
0.212814
0.221839
0.221839
0.221839
0.221839
0
0
0.212814
0.212814
0.221839
0.212814
0
0
0
0
0.212814
0.233635
0
0
0
0
0
0
0
0.213589
0.212814
0
0.212814
0.221839
0
0
0
0.212814
0.221839
0.265747
0
0.265747
0.223161
0
0.224055
0.255822
0
0
0.201262
0.227552
0
0
0
0
0
0
0
0.227552
0.246885
0.247121
0.246885
0.250736
0.286814
0
0.286814
0.286814
0.286814
0.286814
0.279713
0
0.281439
0.281788
0
0.279713
0
0.279713
0.227552
0
0
0
0
0
0
0
0
0
0
0
0
0
0
0
0
0
0
0
0
0
0
0
0
0
0
0
0
0
0
0
0
0
0
0
0
0
0
0
0
0
0
0
0
0
0
0
0
0
0
0
0
0
0
0
0
0
0
0
0
0
0
0
0
0
0
0
0
0
0
0
0
0
0
0
0
0
0
0
0
0
0
0
0
0
0
0
0
0
0
0
0
0
0
0
0
0
0
0
0
0
0
0
0
0
0
0
0
0
0.388075
0.388075
0
0
0
0
0
0
0
0
0
0
0
0
0
0
0
0
0
0
0
0
0
0
0
0
0
0
0
0
0
0
0
0
0
0
0
0
0
0
0
0
0
0
0
0
0
0
0
0
0
0
0
0
0
0
0
0
0
0
0
0
0
0
0
0
0
0
0
0
0
0
0
0
0
0
0
0
0
0
0
0
0
0
0
0
0
0
0
0
0
0
0
0
0
0
0
0
0
0
0
0
0
0
0
0
0
0
0
0
0
0
0
0
0
0
0
0
0
0
0
0
0
0
0
0
0
0
0
0
0
0
0
0
0
0
0
0
0
0
0
0
0
0
0
0
0
0
0
0
0
0
0
0
0
0
0
0
0
0
0
0
0
0
0
0
0
0
0.209061
0.209061
0.209061
0
0
0
0
0
0
0.248759
0.248759
0.248759
0.248759
0.358979
0.358979
0.358979
0.358979
0.331133
0.331133
0.331133
0.331133
0
0
0
0
0.294484
0.315735
0.315735
0.315735
0
0
0
0.319744
0.319744
0.319744
0
0
0
0.324978
0.324978
0.324978
0
0
0
0
0
0
0
0
0
0
0
0
0
0
0
0
0
0
0
0
0
0
0
0
0
0
0
0
0
0
0
0
0
0
0
0
0
0
0
0
0
0
0
0
0
0
0
0
0
0
0
0
0
0
0
0
0
0
0
0
0
0
0.292509
0.292509
0.292509
0
0
0
0
0
0
0
0
0
0
0
0
0
0
0
0
0
0.312825
0.312825
0.312825
0
0
0
0
0
0
0
0
0
0
0
0
0
0
0
0.219199
0.219199
0.219199
0.222394
0.222394
0.222394
0.223258
0.223258
0.223258
0.204465
0.204465
0.204465
0.206197
0.206197
0.206197
0.206548
0.206548
0.206548
0.206901
0.206901
0.206901
0.268161
0.268161
0.268161
0.235702
0.235702
0.235702
0.236113
0.236113
0.236113
0.236732
0.236732
0.236732
0.312825
0.312825
0.312825
0.25349
0.25349
0.25349
0.210912
0.210912
0.210912
0.210912
0.210912
0.210912
0
0
0
0
0
0
0.221839
0.221839
0
0.221839
0.224961
0.221839
0.225877
0.225877
0.225877
0.227273
0
0
0.187936
0.187936
0.187936
0.188667
0.286079
0.286079
0
0
0
0
0
0
0.188667
0.21243
0
0.213589
0.213589
0.213589
0.272772
0.272772
0.272772
0.272772
0.272772
0.272772
0.272772
0.223607
0.255822
0.255822
0.255822
0.255822
0.255822
0.255822
0.257172
0
0.257172
0.257172
0.257172
0.257172
0.321412
0.257172
0.257172
