0
0
0
0
0
0
0
0
0
0
0
0
0
0
0
0
0
0
0
0
0
0
0
0
0
0
0
0
0
0
0
0
0
0
0
0
0
0
0
0
0
0
0
0
0.137009
0.137009
0.137009
0.137715
0.137715
0.137715
0.137715
0.137715
0.137715
0.137715
0.137715
0.137715
0
0
0
0
0
0
0
0
0
0
0
0
0
0
0
0.1506
0
0.1506
0
0
0
0
0
0
0
0
0
0
0
0
0
0
0
0
0
0
0
0
0
0
0
0
0
0
0
0
0
0
0
0.137009
0.137009
0.137009
0.137009
0.149222
0.149222
0.149222
0.149222
0.14053
0
0
0
0
0
0
0.14339
0
0.14339
0
0.14339
0
0.14339
0
0.143524
0
0
0
0
0
0.154303
0
0.154303
0
0.154303
0
0.154303
0
0.154303
0
0
0
0
0
0
0
0
0.377964
0
0.377964
0
0
0
0
0
0
0
0
0
0
0
0
0
0.162807
0
0.160691
0
0.160128
0
0
0
0
0.155829
0
0.217279
0.0939295
0.159756
0.155315
0
0
0
0
0
0
0
0
0
0.431788
0
0
0
0
0
0
0.172657
0
0
0
0.137126
0.137126
0.137126
0.145865
0.145865
0.145865
0.145865
0.145865
0
0.137126
0.140153
0.137126
0.137126
0.137361
0.137361
0.140404
0.146148
0
0.137361
0.137361
0.140404
0.146433
0
0
0
0
0
0
0
0
0
0
0
0
0.18313
0.18313
0.18313
0.18313
0.18313
0.18313
0.18313
0.18313
0.18313
0.18313
0
0
0.5
0.18313
0.18313
0.18313
0.18313
0.505781
0
0
0
0
0
0
0
0
0
0.194091
0.194091
0
0
0.194091
0.194091
0.194091
0
0
0
0
0.194091
0.194091
0.194091
0.194091
0
0
0
0
0
0
0
0
0
0
0.195774
0.195774
0.195774
0
0
0.195774
0.195774
0.203739
0.203739
0.203739
0.203739
0
0
0.195774
0.195774
0.203739
0.195774
0
0
0
0
0.195774
0.214087
0
0
0
0
0
0
0
0.19646
0.195774
0
0.195774
0.203739
0
0
0
0.195774
0.203739
0.24189
0
0.24189
0.204902
0
0.205688
0
0.171728
0.171728
0.171728
0.171728
0.171728
0
0.171728
0
0
0.171728
0.171728
0.171728
0.178561
0.178561
0.18175
0.178561
0
0.178561
0
0
0
0
0
0
0
0
0
0
0
0
0
0
0
0
0
0
0
0
0
0
0
0
0
0
0
0
0
0
0
0
0
0
0
0
0
0
0
0
0
0
0
0
0
0
0
0
0
0
0
0
0
0
0
0
0
0
0
0
0
0
0
0
0
0
0
0
0
0
0
0
0
0
0
0
0
0
0.178561
0
0
0
0
0
0
0
0
0
0
0
0
0
0
0
0
0
0
0
0
0
0
0
0
0
0
0
0
0
0
0
0
0
0
0
0
0
0
0
0
0
0
0
0
0
0
0
0
0
0
0
0
0
0
0
0
0
0
0
0
0
0
0
0
0
0
0
0
0
0
0
0
0
0
0
0
0
0
0
0
0
0
0
0
0
0
0
0
0
0
0
0
0
0
0
0.140153
0.140153
0.140153
0.140153
0.140153
0
0
0.14091
0.14091
0.14091
0.14091
0.14091
0.14091
0.14091
0.14091
0.140153
0
0
0.14091
0.14091
0.14091
0.14091
0.14091
0.14091
0.14091
0.14091
0.140153
0.238736
0
0
0
0
0
0
0
0
0
0
0
0
0
0
0
0
0
0
0.781736
0.781736
0
0.781736
0.781736
0.781736
0.781736
0.781736
0.781736
0
0
0
0
0
0
0
0
0
0
0.19085
0.19085
0
0.19085
0.19085
0.19085
0.19085
0.140404
0.140404
0.140153
0.140153
0.14091
0.14091
0.14091
0.150756
0.14091
0.14091
0.14091
0.14091
0.150756
0.14091
0.140153
0.150756
0.150756
0.150756
0.150756
0
0
0
0
0
0
0
0
0
0
0
0
0
0
0
0
0
0.104724
0.103292
0.103292
0
0.103292
0.103292
0.103292
0.103292
0.103292
0.103292
0.109584
0.109584
0.109584
0.109584
0.109584
0.109584
0.109584
0.109584
0.109584
0.109644
0
0.109584
0
0.109584
0
0.109584
0
0.109584
0.109584
0.109584
0.113826
0.113826
0
0.113826
0
0.113826
0.113826
0.113826
0.113826
0.103493
0
0.103493
0
0.103493
0.103493
0.103543
0
0
0
0
0
0
0
0
0
0
0
0
0
0
0
0
0
0
0
0
0
0
0.342084
0.342084
0
0
0
0
0
0
0
0
0
0
0
0
0
0
0
0
0
0
0
0
0
0
0
0.312002
0.531085
0
0
0
0
0
0
0
0
0
0
0
0
0
0
0
0
0
0.103292
0.103292
0.103292
0.103292
0
0.103292
0
0.103292
0
0.103292
0.103292
0.103292
0.103292
0.103292
0.103292
0
0
0
0
0
0.103292
0
0.103292
0.103292
0.103292
0
0
0
0.103292
0
0.103292
0
0
0
0
0
0
0.103292
0.103292
0.103292
0.103292
0.103292
0.103292
0.103292
0
0
0
0
0
0.103292
0
0.103292
0.103292
0.103292
0
0
0
0
0
0
0
0
0
0
0
0
0
0
0
0
0
0
0
0
0
0
0
0
0
0
0
0
0
0
0
0
0
0
0
0
0
0
0
0.31063
0.31063
0.312002
0
0
0.31063
0.31063
0.31063
0.31063
0.31063
0.31063
0.31063
0.31063
0.31063
0
0
0
0
0
0
0
0
0
0
0
0
0.103342
0
0
0
0
0
0
0
0
0
0
0
0
0
0
0
0
0
0
0
0
0
0
0
0
0
0
0
0
0
0
0
0
0
0
0
0
0
0
0
0
0
0
0.180401
0.180401
0.180401
0
0.180401
0.233357
0.233357
0.233357
0.233357
0.256648
0.326797
0.325222
0.325222
0.325222
0
0
0
0
0
0
0
0
0
0
0
0.325222
0.325222
0
0.325222
0.349603
0
0.349603
0.511766
0
0
0
0
0
0
0
0
0
0.109346
0
0
0.137715
0.137715
0.137715
0.137715
0.137715
0.137715
0.137715
0.137715
0.137715
0.137715
0.17127
0.17127
0.17127
0.17127
0.17127
0.17127
0.17127
0.17127
0.17127
0.17127
0
0.147881
0
0.150137
0
0
0
0
0
0
0
0
0.219169
0
0.234521
0
0
0
0
0
0
0
0
0
0
0
0
0
0
0
0
0
0
0
0
0
0
0
0
0
0
0
0
0
0
0.781736
0.781736
0
0.781736
0.781736
0
0
0
0
0
0
0
0
0
0
0
0
0
0.8044
0.8044
0.8044
0
0
0
0
0
0
0
0
0
0
0
0
0
0
0
0
0
0
0
0
0
0
0.225668
0.225668
0
0.225668
0
0
0
0
0
0
0
0
0
0
0
0
0
0
0
0
0
0
0
0
0
0
0
0
0
0.663325
0
0.560612
0.560612
0.560612
0.560612
0.560612
0.560612
0.560612
0.560612
0.560612
0.560612
0.560612
0.560612
0
0
0
0
0
0
0
0
0
0
0
0
0
0
0
0
0
0
0
0
0
0
0
0
0
0
0
0
0
0
0.18313
0.18313
0
0.18313
0.150445
0.150445
0.235109
0.150445
0
0.150445
0
0
0
0
0
0
0
0
0
0
0.494413
0.494413
0.494413
0.494413
0.494413
0.494413
0.494413
0
0
0
0
0
0
0
0
0
0
0
0
0
0
0
0
0
0
0
0
0.595683
0.595683
0.595683
0.595683
0.595683
0.595683
0.373149
0.373149
0.373149
0.373149
0.373149
0.373149
0.373149
0.373149
0.373149
0
0
0
0
0
0
0
0
0
0
0
0
0
0
0
0
0
0
0
0
0
0
0.856349
0
0.856349
0
0.886405
0.856349
0
0.856349
0.856349
0.886405
0
0
0
0
0
0
0
0.435494
0.428174
0.74162
0
0.74162
0.74162
0.74162
0.74162
0
0
0
0
0
0
0
0
0
0
0
0
0
0
0
0
0
0
0
0
0
0
0
0
0
0
0
0
0
0
0
0
0
0
0
0
0
0
0
0
0
0
0
0
0
0
0
0
0
0
0
0
0
0
0
0
0
0
0
0
0
0
0
0
0
0
0
0
0
0
0
0
0
0
0
0
0
0
0
0
0
0
0
0
0
0
0
0
0
0
0
0
0
0
0
0
0
0
0
0
0
0
0
0
0
0
0
0
0
0
0
0
0
0
0
0
0
0
0
0
0
0
0
0
0
0
0
0
0
0
0
0
0
0
0
0
0
0
0
0
0
0
0
0
0
0
0
0
0
0
0
0
0
0
0
0
0
0
0
0
0
0
0
0
0
0
0
0
0
1
0
0
0
0
0
0
0
0.238736
0.238736
0.179869
0.179869
0
0
0
0
0
0
0
0
0
0
0
0
0
0
0
0
0
0
0
0
0
0
0
0
0
0
0
0
0
0
0
0
0
0
0
0
0
0
0
0
0
0
0
0
0
0
0
0
0
0
0
0
0
0
0
0
0
0
0
0
0
0
0
0
0
0
0
0
0
0
0
0
0
0
0
0
0
0
0
0
0
0
0
0
0
0
0
0
0
0.478714
0.478714
0.478714
0.478714
0.478714
0.478714
0
0
0
0
0
0
0
0
0
0
0
0
0
0
0
0
0
0
0
0
0
0
0
0
0
0
0
0
0
0
0
0
0
0
0
0
0
0
0
0
0
0
0
0
0
0
0
0
0
0
0
0
0
0
0
0
0
0
0
0
0
0
0
0.393611
0.388182
0
0
0
0
0
0
0
0
0
0
0
0
0
0
0
0
0
0
0.663325
0
0
0
0
0
0
0
0
0
0
0
0
0
0
0
0
0
0
0
0
0
0
0
0
0
0
0
0
0
0
0
0
0
0
0
0
0
0
0
0
0
0
0
0
0
0
0
0
0
0
0
0
0
0
0
0
0
0
0
0
0
0
0
0
0
0
0
0
0
0
0
0
0
0
0
0
0
0
0
0
0
0
0
0
0
0
0
0
0
0
0
0
0
0
0
0
0
0
0
0
0
0
0
0
0
0
0
0
0
0
0
0
0
0
0
0
0
0
0
0
0
0
0
0
0
0
0
0
0
0
0
0
0
0
0
0
0
0
0
0
0
0
0
0
0
0
0
0
0
0
0
0
0
0
0
0
0
0
0
0
0
0
0
0
0
0
0
0
0
0
0
0
0
0
0
0
0
0
0
0
0
0
0
0
0
0
0
0
0
0
0
0
0
0
0
0
0
0
0
0
0
0
0
0
0
0
0
0
0
0
0
0
0
0
0
0
0
0.203355
0.203739
0
0
0.210606
0
0
0
0
0
0
0
0
0
0
0
0
0
0
0
0
0
0
0
0
0
0
0
0
0
0
0
0
0
0
0
0
0
0
0
0
0
0
0
0
0
0
0
0
0
0
0
0
0
0
0
0
0
0
0
0
0
0
0
0
0
0
0
0
0
0
0
0
0
0
0
0
0
0
0
0
0
0
0
0
0
0
0
0
0
0
0
0
0
0
0
0
0
0
0
0
0
0
0
0
0
0
0
0
0
0
0
0
0
0
0
0
0
0
0
0
0
0
0
0
0
0
0
0
0
0
0
0
0
0
0
0
0
0
0
0
0
0
0
0
0
0
0
0
0
0
0
0
0
0
0
0
0
0
0
0
0
0
0
0
0
0
0
0
0
0
0
0
0
0
0
0
0
0
0
0
0
0
0
0
0
0
0
0
0
0
0
0
0
0
0
0
0
0
0
0
0
0
0
0
0
0
0
0.141165
0.141165
0.141165
0.141809
0.141809
0.120784
0.124296
0
0
0
0
0
0
0.12007
0.12007
0
0
0
0
0
0
0
0
0
0
0
0
0
0
0
0
0
0
0
0
0
0
0
0
0
0
0
0
0
0
0
0
0
0
0
0
0
0.117851
0.117851
0
0
0
0
0
0
0
0
0
0
0
0
0
0
0
0
0
0
0
0
0
0
0
0
0.263025
0.343918
0
0
0
0
0
0
0
0
0
0
0
0
0
0
0
0
0
0
0
0
0
0
0
0
0
0
0
0
0
0
0
0.194091
0.194091
0.194091
0.194091
0.194091
0.194091
0
0
0
0
0
0
0.203739
0.203739
0
0.203739
0.206484
0.203739
0.207289
0.207289
0.207289
0.208514
0.856349
0
0.105409
0
0
0
0
0
0
0
0
0
0
0
0
0
0
0
0
0
0
0
0
0
0
0
0
0
0
0
0
0
0
0
0
0
0
0
0
0
0
0
0
0
0
0
0
0
0
0
0
0
0
0
0
0
0
0
0
0
0
0
0
0
0
0
0
0
0
0
0
0
0
0
0
0
0
0
0
0
0
0
0
0
0
0
0
0
0
0
0
0
0
0
0
0
0
0
0
0
0
0
0
0
0
0
0
0
0
0
0
0
0
0
0
0
0
0
0
0
0
0.105409
0.105409
0
0.105409
0.105409
0.105409
0
0.105409
0.105409
0.124646
0
0.190535
0
0
0
0.137243
0.137243
0.107044
0.132771
0
0.105409
0.105409
0
0.105409
0.105409
0
0.105409
0.105409
0
0.13574
0.13574
0.147296
0.188372
0.191485
0.191485
0
0
0
0
0
0
0
0.106877
0.105409
0.105409
0.191805
0.105409
0.105409
0
0.105409
0.105409
0.105409
0
0.105409
0
0
0
0
0
0
0
0
0
0
0
0
0
0
0
0
0
0
0
0
0
0
0
0
0
0
0
0
0
0
0
0
0
0
0
0
0
0
0
0
0
0
0
0
0
0
0
0
0
0
0
0
0
0
0
0
0
0
0
0
0
0
0
0
0
0
0
0
0
0
0
0
0
0
0
0
0
0
0
0
0
0
0
0
0
0
0
0
0
0
0
0
0
0
0
0
0
0
0
0
0
0
0
0
0
0
0
0
0
0
0
0
0
0
0
0.109405
0
0
0
0.191485
0
0
0
0
0
0
0
0
0
0
0
0
0.198206
0.198206
0.198206
0.198206
0
0
0
0
0
0
0
0
0
0
0
0
0
0
0
0
0
0
0
0
0
0
0
0
0
0
0
0.105356
0.105356
0.105356
0.105356
0.105356
0.105356
0.105356
0.105356
0.105356
0.105356
0.105356
0.105356
0.105356
0.105356
0.105356
0.105356
0.105356
0.105356
0.105356
0.105356
0.105356
0.105356
0.105356
0.105356
0.105356
0.105356
0.105409
0.105409
0.105409
0.105409
0.105356
0.105409
0.105409
0.105409
0.105409
0.105409
0.105409
0.105409
0.105356
0.105409
0.105409
0.105409
0.105409
0.105409
0.105409
0.105409
0.105409
0.105409
0.105409
0
0
0
0
0
0
0
0
0
0
0
0
0
0
0
0
0
0
0
0
0
0
0
0
0
0
0
0
0
0
0
0
0
0.141293
0.141293
0.141293
0.141293
0.141293
0.141421
0.191167
0.191167
0.191167
0.191167
0.191167
0.191167
0
0
0
0
0
0
0
0
0.191485
0
0.195096
0.195096
0.191167
0
0.195096
0
0.195096
0.195096
0
0.195096
0.195096
0
0
0.195096
0.195096
0.195434
0.195096
0
0.195096
0.195096
0.328395
0.328395
0.328395
0.328395
0.328395
0.328395
0
0
0
0
0
0
0
0
0
0
0
0
0
0
0
0
0
0
0
0
0
0
0
0
0
0
0
0
0
0
0.338502
0
0
0
0
0
0
0
0
0
0
0
0
0
0
0
0
0
0
0
0
0
0
0
0
0
0
0
0
0
0
0
0
0
0
0
0
0
0
0
0
0
0
0
0
0
0
0
0
0
0
0
0
0
0
0
0
0
0
0
0
0
0
0
0
0
0
0
0
0
0
0
0
0
0
0
0
0
0
0
0
0
0
0
0
0
0
0
0
0
0
0
0
0
0
0
0
0
0
0
0
0
0
0
0
0
0
0
0
0
0
0
0
0
0
0
0
0
0
0
0
0
0
0
0
0
0
0
0
0
0
0
0
0
0
0
0
0
0
0
0
0
0
0
0
0
0
0
0
0
0
0
0
0
0
0
0
0
0
0
0
0
0
0
0
0.141293
0.141293
0.141293
0.141421
0
0
0
0
0
0
0
0
0
0
0
0
0.781736
0.781736
0.781736
0
0
0
0.781736
0
0
0
0
0
0
0
0
0
0
0
0
0
0
0
0
0
0
0
0
0
0
0
0
0
0
0
0
0
0
0
0
0
0
0
0
0
0
0
0
0
0
0
0
0
0
0
0
0
0
0
0
0
0
0
0
0
0
0
0
0
0
0
0
0
0
0
0
0
0
0
0
0
0
0
0
0
0
0
0
0
0
0
0
0
0
0
0
0
0
0
0
0
0
0
0
0
0
0
0
0
0
0
0
0
0
0
0
0
0
0
0
0
0
0
0
0
0
0
0
0
0
0
0
0
0
0
0
0
0
0
0
0
0
0
0
0
0
0
0
0
0
0
0
0
0
0
0
0
0
0
0
0
0
0
0
0
0
0
0
0
0
0
0
0
0
0
0
0
0
0
0
0
0
0
0
0
0
0
0
0
0
0
0
0
0
0
0
0
0.23108
0
0
0
0.421212
0.421212
0.421212
0
0
0
0.42465
0.42465
0.42465
0
0
0
0.435494
0.435494
0.435494
0
0
0
0
0
0
0
0
0
0
0
0
0
0
0
0
0
0
0
0
0
0
0
0
0
0
0
0
0
0
0
0
0
0
0
0
0
0
0
0
0
0
0
0
0
0
0
0
0
0
0
0
0
0
0
0
0
0
0
0.23108
0.23108
0.23108
0
0
0
0
0
0
0
0
0
0
0
0.417855
0.417855
0.417855
0
0
0
0
0
0
0
0
0
0
0
0
0
0
0
0
0
0
0
0
0
0.163796
0.163796
0.163796
0.164399
0.164399
0.164399
0.164399
0.164399
0.164399
0
0
0
0
0
0
0
0
0
0
0
0
0.201843
0.201843
0.201843
0.166457
0.166457
0.166457
0.166457
0.166457
0.166457
0.166667
0.166667
0.166667
0
0
0
0.182298
0.182298
0.182298
0
0
0.164399
0.189599
0
0
0
0
0
0
0
0.189599
0.194424
0.194424
0.194424
0.22672
0.104788
0
0.104788
0.104788
0.104788
0.104788
0.239983
0
0.239983
0.240613
0
0.239983
0
0.239983
0.189599
0
0
0
0
0
0
0
0
0
0
0
0
0
0
0
0
0
0
0
0
0
0
0
0
0
0
0
0
0
0
0
0
0
0
0
0
0
0
0
0
0
0
0
0
0
0
0
0
0
0
0
0
0
0
0
0
0
0
0
0
0
0
0
0
0
0
0
0
0
0
0
0
0
0
0
0
0
0
0
0
0
0
0
0
0
0
0
0
0
0
0
0
0
0
0
0
0
0
0
0
0
0
0
0
0
0
0
0
0
0
0
0
0
0
0
0
0
0
0
0
0.14053
0.14053
0.14053
0.141421
0
0
0
0
0.781736
0.781736
0
0
0.141421
0.195434
0
0.19646
0.19646
0.19646
0
0
0
0
0
0
0
0.205294
0
0
0
0
0
0
0
0
0
0
0
0
0
0
0
0
0
0
0
0
0
0
0
0
0
0
0
0
0
0
0
0
0
0.272625
0.272625
0.275431
0
0
0
0
0
0
0
0
0
0
0
0
0
0
0
0
0
0
0
0.275431
0.275431
0.275431
0.275431
0.275431
0.275431
0.275431
0.275431
0
0.275431
0.275431
0
0
0
0
0.388182
0
0
0
0
0
0
0
0
0
0
0
0.421212
0.421212
0.48901
0.48901
0
0.48901
0.421212
0.710705
0.710705
0.255551
0.255551
0
0.421212
0.322139
0
0
0
0.364047
0.364047
0
0
0
0
0
0
0
0
0
0
0
0
0
0
0
0
0
0
0
0
0
0
0
0
0
0
1
1
0
0
0
0
0
0
0
0
0
0
0.312002
0.312002
0.3148
0
0
0
0.276385
0.275431
0.275431
0.275431
0.275431
0.275431
0.276385
0.276385
0.297842
0.297842
0.302765
0.302765
0.302765
0.312002
0.312002
0.312002
0.312002
0.312002
0
0
0
0
0.312002
0.313392
0.313392
0.312002
0.275431
0.275431
0.459933
0.459933
0.459933
0.459933
0
0
0
0.46442
0.275431
0
0.275431
0.275431
0.275431
0.275431
0.275431
0.275431
0.276385
0.276385
0.276385
0.276385
0
0
0
0
0
0
0
0
0
0
0
0
0
0
0
0
0
0
0
0
0
0
0
0
0
0
0
0
0
0
0
0
0
0
0
0
0
0
0
0
0
0
0
0
0
0
0
0
0
0
0
0
0
0
0
0
0
0
0
0
0
0
0
0
0
0
0
0
0
0
0
0
0
0
0
0
0
0
0
0
0
0
0
0
0
0
0
0
0
0
0
0
0
0
0
0
0
0
0
0
0
0
0
0
0
0
0
0
0
0
0
0
0
0
0
0
0
0
0
0
0
0
0
0
0
0
0
0
0
0
0
0
0
0
0
0
0
0
0
0
0
0
0
0
0
0
0
0
0
0
0
0
0
0
0
0
0
0
0
0
0
0
0
0
0
0
0
0
0
0
0
0
0
0
0
0
0
0
0
0
0.105356
0.105356
0
0.124035
0.124035
0.124035
0.124035
0.124035
0.124035
0
0
0
0
0
0
0
0
0
0
0.124035
0.124035
0
0.124035
0
0
0
0
0
0
0
0
0
0
0
0
0
0
0
0
0
0
0
0
0
0
0
0
0
0
0
0.108698
0.158114
0.11174
0.194759
0
0.194759
0
0
0
0
0
0
0
0
0
0
0
0
0
0
0
0
0
0
0
0
0
0
0.107323
0.107323
0.107323
0.107323
0.107323
0.107323
0.107323
0.127752
0.132137
0.113759
0
0.113759
0.113759
0.113759
0
0.113759
0.113759
0.113759
0.116176
0.116176
0.113759
0.113759
0.113759
0.111361
0
0
0
0
0
0
0
0
0
0
0.107323
0.107323
0.107323
0.107323
0.107323
0.107323
0
0
0
0.105409
0.105409
0.105409
0.105409
0.105409
0
0
0
0
0
0
0.143123
0
0.211891
0
0
0
0.105463
0.105463
0.105463
0.105463
0.105463
0.105463
0.105463
0.105463
0.105463
0.105463
0.105463
0.105463
0.105463
0.105463
0.105463
0.105463
0.105463
0.105463
0.105463
0.105463
0.105463
0.105463
0.105463
0.105463
0.105463
0.105463
0.105463
0.105463
0.105409
0.105463
0.105463
0.105463
0.105463
0.105463
0.105463
0.105409
0.108815
0.105409
0.105409
0.106
0.105409
0.105409
0.105409
0.105409
0.105409
0.105409
0.105409
0.105409
0.105409
0.105409
0.105409
0.105409
0.105409
0.105409
0.105409
0.105409
0.105409
0.105409
0.105409
0.105409
0.105409
0.105409
0.105409
0.105409
0.105409
0.105409
0.105409
0.105409
0.105409
0.105409
0.105409
0.105409
0.105409
0.105409
0.105409
0.105409
0.105409
0.105409
0.106
0.105409
0.105409
0
0
0
0.104724
0.104724
0
0
0
0
0.211891
0.211891
0.211891
0.211891
0.211891
0.211891
0.211891
0
0
0
0
0
0
0
0
0
0
0
0
0
0
0
0
0
0
0
0
0
0
0
0
0
0
0
0
0
0
0
0
0
0
0
0
0
0
0
0
0
0
0
0
0
0
0
0
0
0
0
0
0
0
0
0
0
0
0
0
0
0
0
0
0
0
0
0
0
0
0
0
0
0
0
0
0
0
0
0
0
0
0
0
0
0
0
0
0
0
0
0.105409
0
0.105356
0
0
0
0
0
0
0
0
0
0
0
0
0
0
0
0
0
0
0
0
0
0
0
0
0
0
0
0
0
0.105303
0.105303
0.105303
0.105303
0.105303
0.105303
0.105303
0.105303
0.105303
0.105303
0.105303
0.105303
0.105303
0.105303
0.105303
0.105356
0.105356
0.105356
0.105356
0.105356
0.105303
0.105356
0.105356
0.105303
0.105356
0.105356
0.105356
0
0
0
0
0
0
0
0
0
0
0
0
0
0
0
0
0
0
0
0
0
0
0
0
0
0
0
0
0
0
0.105356
0.105356
0.105356
0.105356
0.105356
0.105409
0.105409
0
0
0
0
0
0
0.139162
0.139162
0
0
0
0
0.156001
0
0.157756
0.162416
0
0.124666
0.560612
0
0
0
0
0
0
0
0
0
0
0
0
0
0
0
0
0
0
0
0
0
0
0
0
0
0
0
0
0
0
0
0
0
0
0
0
0
0
0
0
0
0
0.105409
0
0
0
0
0
0
0.103292
0.103292
0.103292
0
0
0
0
0
0
0
0
0
0
0
0
0
0
0
0
0
0
0
0
0
0
0.103292
0.103543
0.103543
0
0.103543
0.103543
0.103543
0.103543
0.103543
0.103543
0.103543
0.103543
0
0
0
0
0
0
0
0
0
0
0
0
0
0
0
0
0
0
0
0
0
0
0
0
0
0
0
0
0
0
0
0
0
0
0
0
0
0
0
0
0
0
0
0
0
0
0
0
0
0
0
0
0
0
0
0
0
0
0
0
0
0
0
0
0
0
0
0
0
0
0
0
0
0
0
0
0
0
0
0
0
0
0
0
0
0
0
0
0
0
0
0
0
0
0
0
0
0
0
0
0
0
0
0
0
0
0
0
0
0
0
0
0
0
0
0
0
0
0
0
0
0
0
0
0
0
0
0
0
0.103292
0.103292
0.103292
0.103292
0.103292
0
0
0
0
0
0
0
0
0
0
0
0.103292
0.103292
0
0
0
0
0.105356
0
0
0
0
0
0.103543
0.103543
0.103543
0.103543
0.103543
0.103543
0.103543
0.103543
0.103543
0.103543
0.103543
0.103543
0.103543
0.103543
0.103543
0.103543
0.103543
0.103543
0.103543
0.103543
0.103543
0.103543
0
0.103543
0.103543
0
0
0.103543
0.103543
0.103543
0.103543
0
0
0
0
0
0
0
0
0
0
0
0
0
0
0
0
0
0
0
0
0
0
0
0
0
0
0
0
0
0
0
0
0
0
0
0
0
0
0
0
0
0
0
0
0
0
0
0
0
0
0
0
0
0
0
0
0
0
0
0
0
0.137953
0.137953
0.137953
0
0.138073
0.138073
0.173126
0.173126
0
0
0
0
0
0
0
0
0
0
0
0
0
0
0
0
0
0.137715
0.137715
0.137715
0.137715
0.172891
0
0
0
0
0
0
0
0
0
0
0
0
0
0
0
0
0
0
0
0
0
0
0
0
0
0
0
0
0
0
0
0
0
0
0
0
0
0
0
0
0
0
0
0
0
0
0
0
0
0
0
0
0
0
0
0
0
0
0
0
0
0
0
0
0
0
0
0
0
0
0
0
0
0
0
0
0
0
0
0
0
0.103543
0.103543
0.103543
0.103543
0.103543
0.103543
0
0
0
0
0
0
0
0
0
0
0
0
0
0
0
0
0
0
0
0
0
0
0
0
0
0
0
0
0
0
0
0
0
0
0
0
0
0
0
0
0
0
0
0
0
0
0
0
0
0
0
0
0
0
0
0
0
0
0
0
0
0
0
0
0
0
0
0
0
0
0
0.137715
0.137715
0.137715
0.137715
0.137715
0.137715
0
0
0
0
0
0.138073
0.138073
0.138073
0.138073
0
0
0
0
0
0
0
0
0
0.103543
0
0.103543
0.103543
0
0
0
0
0.103543
0
0
0
0
0
0
0
0
0
0
0
0
0
0
0
0
0
0
0
0
0
0.103543
0.103543
0.103543
0.103543
0.103543
0.103543
0.103543
0.103543
0.103543
0.103543
0.103543
0.103543
0.103543
0.103543
0.103543
0.103543
0
0
0
0
0
0
0
0
0
0
0
0
0
0
0
0
0
0
0
0
0
0
0
0
0
0
0
0
0
0
0
0
0
0
0
0
0
0
0
0
0
0
0
0
0
0
0
0
0
0
0
0
0
0
0
0
0
0
0
0
0
0
0
0
0
0
0
0
0
0
0
0
0
0
0
0
0
0
0
0
0
0
0
0
0
0
0
0
0
0
0
0
0.103543
0.103543
0.103543
0.103543
0.103543
0.103543
0
0
0.103543
0.103543
0
0
0
0
0
0
0
0.103543
0.103543
0.103543
0
0.103543
0
0
0
0
0
0.138073
0
0
0
0
0.111931
0
0
0
0
0
0.137715
0.137715
0.137715
0.137715
0.137715
0.137715
0.137715
0.137715
0.137715
0.137715
0.137715
0.137715
0.137715
0.137715
0.138313
0
0
0
0.137715
0
0
0
0
0
0
0
0
0
0
0
0
0
0
0
0
0
0
0
0
0
0
0
0
0
0
0
0
0
0
0
0
0
0
0
0
0
0
0
0
0
0
0
0
0
0
0
0
0
0
0
0
0
0
0
0
0
0
0
0
0
0
0
0
0
0
0
0
0
0
0
0
0
0
0
0
0
0
0
0
0
0
0
0
0
0
0
0
0
0
0
0
0
0
0
0
0
0
0
0
0
0
0
0
0
0
0
0
0
0.103543
0.103543
0.103543
0.103543
0.103543
0.103543
0
0
0
0
0
0
0
0
0
0
0
0
0
0
0
0
0
0
0
0
0
0
0
0
0
0
0
0
0
0.103292
0.103292
0
0
0.103292
0.103292
0
0.103292
0.103292
0.103292
0.103292
0.103292
0.103292
0.103292
0.103292
0.103292
0.103292
0
0.103292
0.103292
0
0.103292
0.103543
0.103292
0.103292
0.103292
0.103292
0.103292
0
0
0.103292
0
0
0
0.103292
0
0.103292
0.103292
0.103292
0
0.103292
0
0
0.103292
0.103543
0.103543
0.103543
0.103543
0.103543
0.103543
0.103543
0.103543
0
0
0
0
0
0
0.103292
0.103292
0.103292
0.103292
0.103292
0
0
0
0.103292
0.103292
0.103292
0.103292
0.103292
0.103292
0.103292
0.103292
0.103292
0.103292
0
0
0.103292
0
0
0
0
0
0
0
0
0
0
0
0
0
0
0
0
0
0
0
0
0
0
0
0
0
0
0
0
0
0
0
0
0
0
0
0
0
0
0
0
0
0
0
0
0
0
0
0
0
0
0.12979
0
0.129889
0.137715
0
0.137834
0
0
0
0
0
0
0
0
0
0
0
0
0
0
0
0
0
0
0
0.105409
0.105409
0.105409
0.105409
0.105409
0
0
0
0
0
0
0
0
0
0
0
0
0
0
0
0.109405
0.109405
0.109405
0.109405
0.105409
0.105409
0
0.105409
0.105409
0.108756
0
0.105409
0
0
0
0
0
0
0.205294
0.205294
0.205294
0.723747
0.205294
0
0.206484
0
0.205294
0.105409
0.105409
0.105409
0.105409
0
0
0
0
0
0
0
0
0
0
0
0
0.105409
0
0.105409
0.105409
0.105409
0.109405
0
0.105463
0.105409
0.105409
0
0
0
0
0
0
0
0
0
0
0
0
0
0
0
0
0
0
0
0
0
0
0.105409
0.105409
0
0.105409
0
0
0
0
0
0
0
0
0
0
0
0
0
0
0
0
0
0.109405
0
0
0
0
0
0
0
0
0
0
0
0
0
0
0.105409
0.105409
0
0.105409
0
0.105409
0.105409
0.105409
0
0
0.21146
0.105409
0.108815
0
0
0
0.18175
0.18175
0.181478
0.181478
0.181478
0.181478
0.181478
0
0
0
0.181478
0.181478
0.197502
0.197502
0.211891
0.197502
0
0
0
0
0
0
0.211891
0
0.181207
0.181207
0.181207
0.181207
0
0.181207
0.181207
0.181207
0
0.192127
0
0.19245
0
0.197153
0
0
0
0
0
0
0
0
0
0
0
0
0
0
0
0
0
0
0.209762
0
0
0
0
0.192127
0.18175
0
0
0.19245
0.181478
0
0
0
0.208928
0
0
0
0
0
0
0
0
0
0
0
0
0.105409
0.105409
0.105409
0.105409
0.105409
0.105409
0
0.105409
0.105409
0.105409
0
0.105409
0.105409
0
0.105409
0
0
0
0
0
0
0
0
0.211891
0.211891
0
0
0.163796
0.105409
0.105409
0
0
0
0
0
0
0
0.105409
0.105409
0.105409
0
0.107044
0
0
0
0
0
0
0
0
0.105409
0.105409
0.105409
0.105409
0.105409
0.105409
0.105463
0.105409
0.105409
0.105409
0.105409
0
0
0.105463
0
0
0
0
0
0
0
0
0
0
0
0
0
0.109405
0
0
0
0
0
0
0
0
0
0
0
0
0
0
0
0
0
0
0
0
0
0
0
0
0
0
0
0
0
0
0
0
0
0
0
0
0
0
0
0
0
0
0
0
0
0
0
0
0
0
0
0
0
0
0
0
0
0
0
0
0
0
0
0
0
0
0
0
0
0
0
0
0
0
0
0
0
0
0
0
0
0
0.105409
0.105409
0
0.105409
0.105409
0
0.105409
0.105409
0.105409
0.105409
0.105409
0.105409
0.105409
0.105409
0.105409
0
0
0
0
0
0
0
0
0.108815
0.105409
0.105409
0
0
0
0
0
0
0
0
0
0
0.105409
0.105409
0
0.105409
0.105409
0
0
0
0
0
0
0
0
0
0
0
0
0
0
0
0
0
0
0.109405
0
0
0
0
0
0
0
0.109405
0.109405
0.109405
0.109405
0.109405
0.105409
0.105409
0
0.105409
0
0.105409
0.105409
0.109405
0
0
0
0
0
0
0
0.33503
0.105409
0.105409
0
0.105409
0.105409
0
0.105409
0.105409
0.105409
0.105409
0.105409
0.105409
0.105409
0.105409
0.105409
0
0
0
0
0
0
0
0
0
0
0
0
0
0
0
0
0
0
0
0
0
0
0
0.105409
0
0
0
0
0
0
0
0
0
0.211891
0.211891
0.211891
0.211891
0.211891
0.211891
0.211891
0
0
0
0.211891
0.211891
0
0
0
0
0.211891
0.211891
0.211891
0.211891
0.211891
0
0.124035
0.124035
0.124035
0
0.105409
0.105409
0.105409
0
0
0
0
0
0
0
0
0
0
0
0
0
0
0
0
0
0
0
0
0
0.108815
0.108815
0
0
0
0
0.105409
0.105409
0.105409
0
0.105409
0.105409
0.105409
0.105409
0.105409
0.105409
0.105409
0.105409
0.105409
0.105409
0.105409
0.105409
0.105409
0.105409
0.105409
0.105409
0.105409
0.105409
0.105409
0.105409
0.105409
0.107267
0
0.107323
0.196116
0
0.196116
0.196116
0
0
0
0
0
0
0
0.198206
0
0
0
0
0
0
0
0
0
0
0
0
0
0
0
0
0
0.105409
0.105409
0.105409
0.105409
0.105409
0.105409
0.105409
0.105409
0.105409
0.105409
0.105409
0.105409
0.105409
0.105409
0.105409
0.105409
0.105409
0.105409
0.105409
0.105409
0.105409
0.105409
0.105409
0.105409
0.105409
0.105409
0.105409
0.105409
0.105409
0.105409
0.105409
0.105409
0.105409
0.105409
0.105409
0.105409
0.105409
0.105409
0
0
0.193429
0.193429
0.193429
0.190221
0.190221
0.190221
0.19085
0.406283
0.119601
0.23812
0.23812
0.23812
0.123091
0.123091
0.123091
0.121512
0.121512
0.121512
0.203355
0.121512
0.121512
0.121512
0.121512
0
0.121512
0.185405
0
0.185405
0.185405
0.185405
0.185405
0.121512
0.143524
0.125089
0.125089
0.125089
0.138675
0.138675
0.123862
0.123862
0.123862
0
0.134952
0.134952
0.193101
0.193101
0.193101
0.193429
0.303046
0.310177
0
0.190535
0.190221
0.190221
0.707107
0.190221
0.190221
0
0.190221
0.142857
0.183691
0.195096
0.195096
0.195774
0.183691
0.133631
0.135514
0.189909
0
0
0
0
0
0.137834
0.137834
0.137834
0.137834
0.137834
0.105409
0.119601
0.119601
0.119601
0.119601
0.119601
0.105409
0.211891
0.211891
0.211891
0.211891
0.211891
0
0
0.211891
0
0.211891
0.211891
0.211891
0.211891
0.211891
0.211891
0.211891
0
0
0
0
0
0
0
0
0
0
0
0
0
0
0
0.211891
0.211891
0.211891
0.211891
0.211891
0.211891
0.211891
0.211891
0.211891
0.211891
0.211891
0.211891
0.211891
0.211891
0.211891
0.198206
0.198206
0.357641
0.357641
0.198206
0.198206
0.198206
0
0
0
0
0
0.626783
0
0
0.21146
0.198206
0.198206
0.210183
0.336752
0.198206
0.198206
0.198206
0.198206
0.342084
0.342084
0.342084
0.342084
0.198206
0.198206
0.357641
0.357641
0.198206
0.198206
0
0
0
0
0
0.338502
0
0.338502
0.340279
0.340279
0
0.340279
0.340279
0
0.886405
0
0.886405
0.886405
0
0
0
0.886405
0
0
0
0
0
0
0
0
0.342084
0.342084
0.707107
0
0
0
0
0
0
0
0
0
0
0
0
0
0
0
0
0.198206
0.198206
0.198206
0.198206
0.198206
0.198206
0.198206
0.198206
0.198206
0.357641
0.198206
0
0.198206
0.198206
0.198206
0.198206
0.198206
0.198206
0.198206
0.198206
0.198206
0.198206
0.198206
0.198206
0.198206
0.198206
0.198206
0.198206
0.198206
0.198206
0.198206
0.198206
0.198206
0.198206
0.198206
0.198206
0.198206
0.198206
0.198206
0.198206
0.198206
0.198206
0.198206
0.198206
0.198206
0.198206
0.198206
0.208104
0
0
0.207695
0.210606
0.210606
0.210606
0.210606
0.210606
0
0.210606
0.210606
0.210606
0
0
0.210606
0
0
0
0
0
0
0
0
0
0
0
0
0
0
0
0
0
0
0
0
0
0
0
0
0
0
0
0
0
0
0
0
0
0.210606
0.210606
0.210606
0.210606
0.210606
0.210606
0.210606
0.210606
0.210606
0.210606
0.210606
0.210606
0.210606
0.210606
0.210606
0.210606
0.210606
0.210606
0.210606
0.210606
0.210606
0.210606
0.210606
0.210606
0.210606
0.210606
0.210606
0.210606
0.210606
0.210606
0.210606
0.210606
0.210606
0.210606
0.210606
0.210606
0.210606
0.210606
0.210606
0.210606
0.210606
0.210606
0.210606
0.210606
0.210606
0
0.210606
0
0.210606
0.210606
0.210606
0
0
0
0
0
0
0
0
0
0
0
0
0
0
0
0
0
0.210606
0.210606
0.210606
0
0
0
0
0
0
0
0
0
0
0
0
0.210606
0.210606
0
0
0
0
0.105409
0.105409
0.105463
0.105463
0.105463
0.105463
0.105463
0.105463
0.105463
0.105463
0.105463
0.105463
0.105463
0.105463
0.105463
0.105463
0.105463
0.105463
0.105463
0.105463
0.105463
0.105463
0.105463
0.105463
0.105463
0
0.105463
0.105463
0.105463
0.105463
0.105463
0.105463
0.105463
0.105463
0.105463
0.105463
0.105463
0.105463
0.105463
0.105463
0.105463
0.105463
0.105463
0.105463
0.105463
0.105463
0.105463
0.105463
0.105463
0.105463
0.105463
0.105463
0.105463
0.105463
0.105463
0.105463
0.105463
0.105463
0.105463
0.105463
0.105463
0.105463
0.105463
0.105463
0.105463
0.105463
0.105463
0.105463
0.105463
0.105463
0.105463
0.105463
0.105463
0.105463
0.105463
0.109405
0.109405
0.109405
0
0.109405
0.109405
0
0.109405
0
0.109405
0.109405
0.109405
0
0
0
0
0
0
0
0
0
0
0
0
0
0
0
0
0
0.109405
0.109405
0.109405
0.109405
0.109405
0.109405
0.109405
0.109405
0.109405
0.109405
0.109405
0.109405
0.109405
0.109405
0.109405
0.109405
0.109405
0.109405
0.109405
0.109405
0.109405
0.109405
0.109405
0.109405
0.109405
0.109405
0.109405
0.109405
0.109405
0.109405
0.109405
0.109405
0.109405
0.109405
0.109405
0.109405
0.109405
0.109405
0.109405
0.109405
0.109405
0.109405
0.109405
0.109405
0.109405
0
0.109405
0
0.109405
0.109405
0.109405
0
0
0
0
0
0
0
0
0.109405
0.109405
0
0.109405
0.109405
0.109405
0.109405
0.109405
0.109405
0.109405
0
0.217747
0.217747
0
0
0
0
0
0
0
0
0
0
0
0
0
0
0
0
0
0
0
0
0
0
0
0
0
0
0
0.353553
0.353553
0.353553
0.353553
0
0.373149
0
0
0
0
0
0
0
0.42465
0.42465
0
0
0
0
0.42465
0
0
0
0
0
0
0
0
0
0
0
0
0
0
0
0
0.42465
0
0
0
0
0.42465
0
0
0
0
0
0
0
0
0
0
0
0.109405
0.109405
0
0.109405
0.109405
0.109405
0.109405
0
0.109405
0
0
0
0
0
0
0
0
0
0
0
0
0
0
0
0
0
0
0
0
0
0
0
0
0
0.105409
0.105409
0.105409
0.105409
0.105409
0.105409
0.105409
0.105409
0.105409
0.105409
0.105409
0.105409
0.105409
0.105409
0.105409
0.105409
0.122586
0.122586
0.123518
0.0871523
0.126722
0
0.13904
0.121025
0.143908
0.124209
0
0
0
0
0
0
0
0
0
0
0
0
0
0
0.135063
0.135063
0.135063
0.135063
0
0
0
0
0
0.135063
0.135063
0.135063
0.105409
0.105409
0.105409
0.105409
0.105409
0
0.143524
0
0
0
0
0
0
0
0
0
0
0
0
0
0
0
0
0
0
0
0
0
0
0
0
0
0
0
0
0
0
0
0
0
0
0
0
0
0
0
0
0
0
0
0
0
0
0
0
0
0
0
0
0
0
0
0
0
0
0
0
0
0
0
0
0
0
0
0
0
0
0
0
0
0
0
0
0
0
0.138675
0.138675
0.138675
0.138675
0.138675
0
0.138675
0.108119
0
0
0
0
0
0.109405
0
0
0.239357
0.239357
0.239357
0
0
0.105463
0.105463
0.105463
0.105463
0.105463
0.107323
0
0.105463
0.105463
0
0.105463
0.105463
0.105463
0.105463
0.105463
0.105463
0.105463
0
0
0.105463
0.105463
0.105463
0
0
0.105463
0.105463
0.105463
0
0
0
0
0
0
0
0
0
0
0.105463
0.105463
0.105463
0.119678
0.119835
0.119835
0.203355
0.119835
0.119835
0.152338
0.119835
0.123176
0.105463
0.105463
0.121675
0.105463
0.121675
0.105623
0
0
0
0
0
0
0
0
0.182574
0.182574
0.182574
0.182574
0.182574
0.207289
0.21146
0
0.21146
0.207289
0
0
0.182574
0.182574
0
0.182574
0.182574
0.182574
0.182574
0.182574
0.182574
0.182574
0
0
0.182574
0.182574
0.182574
0
0
0.182574
0.182574
0.182574
0
0
0
0
0
0
0
0
0
0
0.207289
0.197153
0.197153
0.197153
0.198561
0
0
0
0.197153
0.197153
0.182574
0.182574
0.182574
0.197153
0.182574
0.197153
0.182574
0.182574
0.182574
0.182574
0.182574
0.193759
0.198206
0.198206
0.198206
0.198206
0.198206
0.198206
0.198206
0.198206
0.198206
0.198206
0.198206
0.198206
0.198206
0.198206
0
0.206085
0.595683
0.208104
0
0
0
0
0
0
0
0
0
0
0
0
0
0
0
0
0
0
0
0
0
0.206484
0.206484
0.206484
0.208104
0.208104
0.208104
0
0.207695
0.207695
0
0
0
0
0.206484
0
0
0
0
0
0
0
0
0
0
0.198206
0.198918
0
0
0
0
0
0
0.202218
0.21146
0
0
0
0
0
0
0
0
0
0.21146
0
0
0
0
0
0
0
0
0
0
0
0
0
0
0
0
0.552771
0.595683
0.595683
0
0
0
0.552771
0
0
0
0
0
0
0
0
0
0
0
0
0.207695
0
0.208104
0.198206
0.198206
0.198206
0.198206
0.198206
0.198206
0.198206
0.198206
0.198206
0.198206
0
0
0
0
0
0
0
0
0
0
0
0
0
0
0
0
0
0
0
0
0
0
0
0
0
0
0
0
0
0
0
0
0
0
0
0
0
0
0
0
0
0
0
0
0
0
0
0.189599
0.189599
0.189599
0
0
0
0
0
0
0.336752
0
0
0
0
0
0
0
0
0
0
0
0
0.186575
0
0
0
0
0
0.107323
0.107323
0.107323
0
0
0
0
0
0
0
0
0
0
0
0
0.107323
0.107323
0
0
0
0
0.105409
0.105409
0
0
0
0
0
0.105409
0.105409
0.105409
0.143929
0
0
0
0.10905
0.191805
0.191805
0
0
0
0
0
0
0
0
0
0
0
0
0
0
0
0
0
0
0
0
0
0
0
0
0
0
0.198206
0.198206
0.198206
0
0
0
0
0.105409
0.105409
0.105409
0
0.193101
0.198206
0
0.198206
0
0
0
0
0
0
0
0
0
0
0
0
0
0
0.193429
0.193429
0.193429
0
0.193429
0.193429
0.193429
0.193429
0.193429
0.193429
0
0.193429
0.193429
0.193429
0.193429
0.33503
0.197502
0
0.193429
0.193429
0.193429
0.193429
0.108581
0
0
0.109405
0.18175
0.211032
0.19085
0.19085
0.19085
0.195774
0.19085
0
0
0.105409
0.105409
0.105409
0.125089
0.108119
0.138313
0
0
0
0
0
0
0
0
0
0
0
0
0
0
0
0
0
0
0
0.13904
0
0.105409
0.105409
0.105409
0
0
0
0
0
0
0
0
0
0
0
0
0
0
0.105409
0.105409
0
0
0
0
0.105409
0.105409
0.105409
0
0.124122
0
0
0
0
0
0
0
0
0
0
0
0.137479
0.137479
0
0
0
0.10789
0
0
0
0
0.109405
0.17779
0.105409
0.131409
0.198206
0.198206
0.198206
0.198561
0.198206
0
0
0.105409
0.105409
0.105409
0
0.108581
0
0
0
0
0
0
0
0
0
0
0
0
0
0
0
0
0
0.119601
0.119601
0.119601
0.119601
0.105409
0.105409
0.105409
0.650444
0.108581
0.19085
0
0
0.663325
0
0
0
0
0
0
0
0
0
0
0
0
0
0.663325
0
0.210606
0.210606
0.210606
0.210606
0.210606
0.210606
0
0
0
0
0
0
0
0
0
0
0
0
0
0
0
0
0
0
0
0
0
0
0
0
0
0
0
0
0
0
0
0
0
0
0
0
0
0
0
0
0
0
0
0
0
0
0
0
0
0
0
0
0
0
0
0
0
0
0
0
0
0
0
0
0
0
0
0
0
0.210606
0.210606
0.210606
0
0
0
0
0
0
0
0
0
0
0
0
0
0
0
0
0
0
0
0
0
0
0.105409
0.105409
0
0
0
0
0
0
0
0
0
0
0
0
0
0
0
0
0
0
0
0
0
0
0
0
0
0
0
0
0
0
0
0.105303
0.105303
0.105303
0.19245
0.19245
0
0
0
0
0.195774
0
0.197853
0
0
0
0
0
0
0
0
0
0
0
0
0
0
0
0
0
0
0
0
