0
0
0
0
0
0
0
0
0
0
0.0786808
0.0788764
0.131458
0.131458
0.131458
0.131458
0.131458
0.131458
0.131458
0
0
0
0.131458
0.131458
0
0
0
0
0.131458
0.131458
0.131458
0.131458
0.131458
0
0.110566
0.110566
0.110566
0.110566
0
0.110566
0.110566
0.110566
0
0.113422
0
0.113813
0
0.126256
0
0
0
0
0
0
0
0
0
0
0
0
0
0
0
0
0
0
0.130707
0
0
0
0
0.113764
0.11102
0
0
0.113813
0.110974
0
0
0
0.130484
0
0
0
0
0
0
0
0
0
0
0
0
0.0788764
0
0
0
0
0
0
0.0788437
0.0788437
0.0788437
0.0788437
0.0788437
0.0788437
0.0788437
0.0788437
0.0788437
0.0788437
0.0788437
0.0788437
0.0788437
0.0788437
0.0788437
0.0788437
0.0788437
0.0788437
0.0788437
0.0788437
0.0788437
0.0788437
0.0788437
0.0788437
0.0788437
0.0788437
0.0788928
0.0788928
0.0788928
0.0788928
0.0788764
0.0788928
0.0788928
0.0788764
0.0788928
0.0788928
0.0788928
0.0788928
0.0788764
0.0788928
0.0788928
0.0788928
0.0788928
0.0788928
0.0788764
0.0788928
0.0788928
0.0788928
0.0788928
0
0
0
0
0.0788928
0.0788928
0
0.0788928
0.0788928
0.0788928
0
0.0788928
0
0
0
0
0
0
0
0
0
0
0.0606496
0
0
0
0
0
0
0
0
0
0
0
0
0
0
0
0
0
0
0
0
0
0
0
0
0
0
0
0
0
0
0
0
0
0
0
0
0
0
0
0
0
0
0
0
0
0
0
0
0
0
0
0
0
0
0
0
0
0
0
0
0
0
0
0
0
0
0
0
0
0
0
0
0
0
0
0
0
0
0
0
0
0
0
0
0
0
0
0
0
0
0
0
0
0
0
0
0
0
0
0
0
0
0
0
0.0807924
0
0
0
0.124547
0
0
0
0
0
0
0
0
0
0
0
0
0.126864
0.126864
0.126864
0.126864
0
0
0
0
0
0
0
0
0
0
0
0
0
0
0
0
0
0
0
0
0
0
0
0
0
0
0
0.0788928
0.0788928
0
0.0788928
0.0788928
0
0.0788928
0.0788928
0
0.0969458
0.0969458
0.110297
0
0.125855
0.125855
0
0
0
0
0.201347
0.201893
0
0.0798766
0.0788928
0.0788928
0.125196
0.0788928
0.0788928
0
0.0788928
0.0788928
0
0.0788928
0.0788928
0.0788928
0.0788928
0.0788928
0.0788928
0.0788928
0.0788928
0.0788928
0
0
0
0
0
0
0
0
0.0805823
0.0788928
0.0788928
0
0
0
0
0
0
0
0
0
0
0.0788928
0.0788928
0
0.0788928
0
0.0788928
0.0788928
0.0788928
0
0
0.131382
0.0788928
0.0805823
0
0
0
0
0
0
0
0
0
0
0
0
0
0
0
0
0
0
0
0
0
0
0
0
0
0
0
0
0
0
0
0
0
0
0
0
0
0
0
0
0
0
0
0
0
0
0
0
0
0
0
0
0
0
0
0
0
0
0
0
0
0
0
0
0
0
0
0
0
0
0
0
0
0
0
0
0
0
0
0
0
0
0
0
0
0
0
0
0
0
0
0
0
0
0
0
0
0
0
0
0
0
0
0
0
0
0
0
0
0.0788928
0.0788928
0
0.0788928
0.0788928
0
0
0
0
0
0
0
0
0
0
0
0
0
0
0
0
0
0
0.08081
0
0
0
0
0
0
0
0.0807924
0.0807924
0.0807924
0.0807924
0.0807924
0.0788928
0.0788928
0
0.0788928
0
0.0788928
0.0788928
0.0807924
0
0
0
0
0
0
0
0.123844
0.0788928
0.0788928
0
0.0788928
0.0788928
0.0805649
0
0.0788928
0
0
0
0
0
0
0.1979
0.1979
0.1979
0.6742
0.1979
0
0.2
0
0.1979
0.0788928
0.0788928
0
0.0788928
0.0788928
0
0.0788928
0.0788928
0.0788928
0.0788928
0.0788928
0.0788928
0.0788928
0.0788928
0.0788928
0
0
0
0
0
0
0
0
0
0
0
0
0
0
0
0
0
0
0
0
0
0
0
0.0788928
0
0
0
0
0
0
0
0
0
0.0776619
0.0776619
0.0776619
0.0776619
0.0776619
0.0776619
0.0776619
0.0776619
0.0776619
0.0776619
0.0776619
0.0776619
0.0776619
0.0776619
0.0776619
0.0777557
0.0777871
0.0777871
0.0777871
0.0788437
0.07774
0.0779129
0.0788437
0.0778814
0.0778499
0.0788274
0.0788437
0
0
0
0.11102
0.11102
0.110974
0.110974
0.110974
0.110974
0.110974
0
0
0
0.110974
0.110974
0.126796
0.126796
0.131458
0.126796
0
0
0
0
0
0
0.131382
0
0.0788928
0.0788928
0.0788928
0
0.0800983
0
0
0
0
0
0
0
0
0.0788928
0.0788928
0.0788928
0.0788928
0.0788928
0.0788928
0
0.0788928
0.0788928
0.0788928
0
0.0788928
0.0788928
0
0.0788928
0
0
0
0
0
0
0
0
0.131458
0.131458
0
0
0.106925
0.0788928
0.0788928
0
0
0
0
0
0
0
0.0788928
0.0788928
0
0.0788928
0
0
0
0
0
0
0
0
0
0
0
0
0
0
0
0
0
0.0807924
0
0
0
0
0
0
0
0
0
0
0
0
0
0
0.0788928
0.0788928
0.0788928
0.0807924
0
0.0789091
0.0788928
0.0788928
0
0
0
0
0
0
0
0
0.0583212
0
0
0
0
0
0
0
0
0
0
0
0
0
0.0807924
0
0
0
0.0788928
0.0788928
0
0.0788928
0.0788928
0.0788928
0
0.0788928
0.0788928
0.0926615
0.111433
0.125392
0
0
0
0.0980267
0.0980267
0.080047
0.0961361
0
0.0788764
0.0788764
0.0788764
0.0788764
0.0788764
0.0788764
0.0788928
0.0788764
0.0788764
0.0788764
0.0788764
0
0
0.0789091
0
0
0
0
0
0
0
0
0
0
0
0
0
0.08081
0
0
0
0
0
0
0
0
0
0
0
0
0
0
0
0
0
0
0
0
0
0
0
0
0
0
0
0
0
0
0
0
0
0
0
0
0
0
0
0
0
0
0
0
0
0
0
0
0
0
0
0
0
0
0
0
0
0
0
0
0
0
0
0
0
0
0
0
0
0
0
0
0
0
0
0
0
0
0
0
0
0
0
0
0
0
0
0.0567989
0.0567989
0
0.0568655
0.053049
0.053049
0
0.053049
0
0
0
0
0
0
0
0
0
0
0
0
0
0
0
0
0
0
0
0
0
0
0
0
0
0
0
0
0
0
0
0.0948304
0
0.0948588
0.0946603
0
0.0946886
0
0
0
0
0
0
0
0
0
0
0
0
0
0
0
0
0
0
0
0.0788928
0.0788928
0.0788928
0.0788928
0.0788928
0
0
0
0.0562419
0.0562419
0
0
0
0
0
0
0
0
0
0
0.0807924
0.0807924
0.0807924
0.0807924
0.0788928
0.0788928
0.0788928
0.0788928
0
0
0
0
0
0
0
0
0
0
0
0
0.0788928
0
0
0
0
0
0
0
0
0
0
0
0
0
0
0
0
0
0
0
0
0.206431
0.206431
0.206431
0.206431
0.206431
0.206431
0.206431
0.206431
0.206431
0.206431
0
0
0.305234
0
0
0
0
0
0
0
0
0
0
0
0
0
0
0
0
0.218218
0.218218
0
0
0.218218
0.218218
0.218218
0
0
0
0
0.218218
0.218218
0.218218
0.218218
0
0
0
0
0
0
0
0
0
0
0.220326
0.220326
0.220326
0
0
0.220326
0.220326
0.229014
0.229014
0.229014
0.229014
0.912871
0.912871
0.220326
0.220326
0.229014
0.220326
0
0
0.220326
0
0
0
0
0.220326
0
0.275939
0.275939
0.275939
0.275939
0
0
0
0
0.221043
0.220326
0
0.220326
0.229014
0.564933
0.564933
0.564933
0.220326
0.229014
0
0
0
0.230225
0.612372
0.231043
0
0.218218
0.218218
0.218218
0.218218
0.218218
0.218218
0
0
0
0
0
0
0.229014
0.229014
0
0.229014
0
0.229014
0.232705
0.232705
0.232705
0.233975
0
0
0.12272
0.12272
0.12272
0.123216
0.123216
0.123216
0.123216
0.123216
0.123216
0.123216
0.123216
0.123216
0
0
0
0
0
0
0
0
0
0
0
0
0
0
0
0.13676
0
0.13676
0
0
0
0
0
0
0
0
0
0
0
0
0
0
0
0
0
0
0
0
0
0
0
0
0
0
0
0
0
0
0
0.122905
0.122905
0.122905
0.122905
0.134922
0.134922
0.134922
0.134922
0.125789
0
0
0
0
0
0
0.127758
0
0.127758
0
0.127758
0
0.127758
0.205847
0.127967
0
0
0
0
0
0.138057
0
0.138057
0
0.138057
0
0.138057
0
0.138057
0
0
0
0
0
0
0
0
0.403786
0
0.403786
0.164845
0
0.164845
0
0.164845
0
0.164845
0.164845
0
0
0
0
0
0.154672
0
0.147442
0
0.145865
0
0
0
0
0.1418
0
0
0
0.143938
0.139754
0
0
0
0
0
0
0
0
0
0.450225
0
0
0
0
0
0
0
0
0
0
0.16054
0
0
0
0.122782
0.122782
0.122782
0.133314
0.133314
0.133314
0.133314
0.133314
0
0.122782
0.125196
0.122782
0.122782
0.122905
0.122905
0.125327
0.133472
0
0.122905
0.122905
0.125327
0.133631
0
0
0
0
0
0
0
0
0.123216
0.123216
0.123216
0.123216
0.123216
0.123216
0.123216
0.123216
0.123216
0.123216
0.177705
0.177705
0.177705
0.177705
0.177705
0.177705
0.177705
0.177705
0.177705
0.177705
0
0.13525
0
0.136505
0.33197
0
0.33197
0.33197
0
0
0
0
0
0
0
0
0
0
0
0
0
0
0
0
0
0
0
0.276642
0
0.187427
0.187427
0.187427
0.187427
0
0
0
0
0
0
0
0
0
0
0
0
0
0
0
0
0
0
0
0
0
0
0
0
0.187647
0.187647
0.187647
0
0
0
0
0
0
0.185909
0.185909
0.185909
0.185909
0.185909
0.185909
0
0
0
0.185909
0.185909
0
0
0
0
0
0
0
0
0
0
0
0.165145
0.165145
0
0.165145
1
1
0
1
1
1
1
1
1
1
1
0
0
0
0
1
1
1
0
1
0
0
0
0
0
0
0
0
0
0
0
0
0
0
0
0
0
0
0
0
0
0
0
0
0
0
0
0
0
0
0
0
0
0
0
0
0
0
0
0
0
0
0
0
0
0
0
0
0
0
0
0
0
0
0
0
0
0
0
0
0
0
0
0
0
0.206431
0.206431
0
0.206431
0.144038
0.144038
0
0.144038
0
0.144038
0
0
0
0
0
0
0
0
0
0
0
0
0
0
0
0
0
0
0
0
0
0
0
0
0
0
0
0
0
0
0
0
0
0
0
0
0
0
0
0
0
0
0
0
0
0
0
0
0
0
0
0
0
0
0
0
0
0
0
0
0
0
0
0
0
0
0
0
0
0
0
0
0
0
0
0
0
0
0
0
0
0
0
0
0
0
0
0
0
0
0
0
0
0
0
0
0
0
0
0
0
0
0
0
0
0
0
0
0
0
0
0
0
0
0
0
0
0
0
0
0
0
0
0
0
0
0
0
0
0
0
0
0
0
0
0
0
0
0
0
0
0
0
0
0
0
0
0
0
0
0
0
0
0
0
0
0
0
0
0
0
0
0
0
0
0
0
0
0
0
0
0
0
0
0
0
0
0
0
0
0
0
0.194871
0.210352
0.210352
0.210352
0.447214
0.447214
0.447214
0.212878
0.212878
0.212878
0.456435
0.456435
0.456435
0.216169
0.216169
0.216169
0.476731
0.476731
0.476731
0
0
0
0
0
0
0
0
0
0
0
0
0
0
0
0
0
0
0
0
0
0
0
0
0
0
0
0
0
0
0
0
0
0
0
0
0
0
0
0
0
0
0
0
0
0
0
0
0
0
0
0
0
0
0
0
0
0
0
0.193649
0.193649
0.193649
0
0
0
0
0
0
0
0
0
0
0
0.438529
0.438529
0.438529
0
0
0
0.209121
0.209121
0.209121
0
0
0
0
0
0
0
0
0
0
0
0
0
0
0
0.147122
0.147122
0.147122
0.149182
0.149182
0.149182
0.149738
0.149738
0.149738
0
0
0
0
0
0
0
0
0
0
0
0
0.178458
0.178458
0.178458
0.15772
0.15772
0.15772
0.157982
0.157982
0.157982
0.158378
0.158378
0.158378
0.209121
0.209121
0.209121
0.16871
0.16871
0.16871
0
0
0
0
0
0
0
0
0
0
0
0
0
0
0
0
0
0
0
0
0
0
0
0
0
0
0
0
0
0
0
0
0
0
0
0
0
0
0
0
0
0
0
0
0.0760579
0.0760579
0
0.0760579
0.0760579
0.0760579
0.0760579
0.0760579
0.0760579
0.0781823
0.0781823
0.0781823
0.0781823
0.0781823
0.0781823
0.0781823
0.0781823
0.0781823
0.0781982
0
0.0781823
0
0.0781823
0
0.0781823
0
0.0781823
0.0781823
0.0781823
0.0805823
0.0805823
0
0.0805823
0
0.0805823
0.0805823
0.0805823
0.0805823
0.076205
0
0.076205
0
0.076205
0.076205
0.0762197
0
0
0
0
0
0
0
0
0
0
0
0
0
0
0
0
0
0
0
0
0
0
0
0
0
0
0
0
0
0
0
0
0
0
0
0
0
0
0
0
0
0
0
0
0
0
0
0
0
0
0
0
0
0
0
0
0
0
0
0
0
0
0
0
0
0
0.0760579
0.0760579
0.0760579
0.0760579
0
0.0760579
0
0.0760579
0
0.0760579
0.0760579
0.0760579
0.0760579
0.0760579
0.0760579
0
0
0
0
0
0.0760579
0
0.0760579
0.0760579
0.0760579
0
0
0
0.0760579
0
0.0760579
0
0
0
0
0
0
0.0760579
0.0760579
0.0760579
0.0760579
0.0760579
0.0760579
0.0760579
0
0
0
0
0
0.0760579
0
0.0760579
0.0760579
0.0760579
0
0
0
0
0
0
0
0
0
0
0
0
0
0
0
0
0
0
0
0
0
0
0
0
0
0
0
0
0
0
0
0
0
0
0
0
0
0
0
0
0
0
0
0
0
0
0
0
0
0
0
0
0
0
0
0
0
0
0
0
0
0
0
0
0
0
0.0760726
0
0
0
0
0
0
0
0
0
0
0
0
0
0
0
0
0
0
0
0
0
0
0
0
0.149404
0.149404
0.149404
0.149404
0
0
0
0
0
0
0.15133
0.162794
0.162794
0.162794
0.162794
0.162794
0
0.150756
0.112509
0.112509
0.112509
0
0.112509
0.124482
0.124482
0.124482
0.124482
0.128037
0.139573
0.139482
0.139482
0.139482
0
0
0
0
0
0
0
0
0
0
0
0.139482
0.139482
0
0.139482
0
0
0
0
0
0
0
0
0
0
0
0
0
0
0
0
0
0
0
0
0
0
0
0
0
0
0
0
0
0.08081
0
0
0
0
0
0
0
0
0
0
0
0
0
0
0
0
0
0
0
0
0
0
0
0
0
0
0
0
0
0
0
0
0
0
0
0
0.11491
0.115062
0
0
0
0
0
0
0
0
0
0.1163
0
0
0
0
0
0
0
0
0
0
0
0
0
0
0
0
0
0
0
0
0
0
0
0
0
0
0
0
0
0
0
0
0
0
0
0
0
0
0
0
0
0
0
0
0
0
0
0
0
0
0
0
0
0
0
0
0
0
0
0
0
0
0
0
0
0
0
0
0
0
0
0
0
0
0
0
0
0
0
0
0
0
0
0
0
0
0
0
0
0
0
0
0
0
0
0
0
0
0
0
0
0
0
0
0
0
0
0
0
0
0
0
0
0
0
0
0
0
0
0
0
0
0
0
0
0
0
0
0
0
0
0
0
0
0
0
0
0
0
0
0
0
0
0
0
0
0
0
0
0
0
0
0
0
0
0
0
0
0
0
0
0
0
0
0
0
0
0
0
0
0
0
0
0
0
0
0
0
0
0
0
0
0
0
0
0
0
0
0
0
0
0
0
0
0
0
0
0
0
0
0
0
0
0
0
0
0.228615
0.229416
0.0959883
0.0959883
0.0959883
0.096225
0.096225
0.0884344
0.0896582
0.108508
0.118511
0.343672
0.343672
0.807573
0.807573
0.0882277
0.0882277
0
0
0
0
0
0
0
0
0
0
0
0
0
0
0
0
0
0
0
0
0
0
0
0
0
0
0
0
0
0
0
0
0
0
0
0
0
0.0861088
0.0861088
0
0
0
0
0
0
0
0
0
0
0
0
0
0
0
0
0
0
0
0
0
0
0
0
0.133472
0.144338
0.23614
0
0.23614
0.23614
0
0
0
0
0
0
0
0
0
0
0
0
0
0
0
0
0
0
0
0
0
0
0
0
0
0
0
0
0
0
0
0
0
0
0
0
0
0
0
0
0
0
0
0
0
0
0
0.759555
0.759555
0
0
0
0
0
0
0
0
0
0
0
0
0
0
0
0
0
0
0
0
0
0.343672
0.352089
0
0
0
0
0
0
0
0
0
0.343672
0.343672
0
0
0
0
0
0
0
0
0
0
0
0
0
0
0
0.807573
0.807573
0
0
0
0
0
0
0
0
0
0
0
0
0
0
0
0
0
0
0
0
0
0
0
0
0
0
0
0
0
0
0
0
0
0
0
0
0
0
0
0
0
0
0
0
0
0
0
0
0
0
0
0
0
0
0
0
0
0
0
0
0
0
0
0
0
0
0
0
0
0
0
0
0
0
0
0
0
0
0
0
0
0
0
0
0
0
0
0
0
0
0
0
0
0
0
0
0
0
0
0
0
0
0
0
0
0
0
0
0
0
0
0
0
0
0
0
0
0
0
0
0
0
0
0
0.420084
0.125789
0.125789
0.125789
0.126256
0.189208
0.189208
0
0
0
0
0
0
0.126256
0.0632582
0
0.0635706
0.0635706
0.0635706
0
0
0
0
0
0
0
0.0662484
0.125196
0.125196
0.125196
0.125196
0.125196
0
0
0.125722
0.125722
0.125722
0.125722
0.125722
0.125722
0.125722
0.125722
0.125196
0
0
0.125722
0.125722
0.125722
0.125722
0.125722
0.125722
0.125722
0.125722
0.125196
0.171331
0.188311
0.188311
0
0.188311
0.192688
0.188311
0.188311
0.188311
0.188311
0
0
0
0
0
0
0
0
0
0
0
0
0
0
0
0
0
0
0
0
0
0
0
0
0
0
0
0
0.061859
0.061859
0
0.061859
0.061859
0.061859
0.061859
0.125327
0.125327
0.125196
0.125196
0.125722
0.125722
0.125722
0.138233
0.125722
0.125722
0.125722
0.125722
0.138233
0.125722
0.125196
0.138233
0.138233
0.138233
0.138233
0
0
0
0
0
0
0
0
0
0
0
0
0
0
0
0
0
0
0
0
0
0
0
0
0
0
0
0
0
0
0
0
0
0
0
0
0
0
0
0
0
0
0
0
0
0
0
0
0
0
0
0
0
0.159991
0.159991
0.159991
0.159991
0.159991
0
0.159991
0
0
0.159991
0.159991
0.159991
0.163956
0.163956
0.167287
0.163956
0
0.163956
0.207614
0
0.207614
0.0981919
0.0981919
0.161341
0.18321
0
0
0.161341
0.161341
0.161341
0
0.161341
0.161341
0
0.161341
0.161341
0.164446
0.161341
0.161341
0
0.165919
0.165919
0.165919
0
0
0
0
0
0
0
0
0
0
0
0
0
0
0
0
0
0
0
0
0
0
0
0
0
0
0
0
0
0
0
0
0
0
0
0
0
0
0
0
0
0
0
0
0
0
0
0
0
0
0
0
0
0.163956
0
0
0
0
0
0
0
0
0
0
0
0
0
0
0
0
0
0
0
0
0
0
0
0
0
0
0
0
0
0
0
0
0
0
0
0
0
0
0
0
0
0
0
0
0
0
0
0
0
0
0
0
0
0
0
0
0
0
0
0
0
0
0
0
0
0
0
0
0
0
0
0
0
0
0
0
0
0
0
0
0
0
0
0
0
0
0
0
0
0
0
0
0
0
0
0.164845
0.164845
0.164845
0
0.164845
0.164845
0.164845
0.164845
0.210352
0.210352
0
0.210352
0
0
0
0
0
0
0
0
0
0
0.205847
0.205847
0.205847
0.205847
0
0
0
0
0
0.205847
0.247436
0.247436
0.247436
0
0
0.247436
0
0
0
0
0
0
0
0
0
0
0
0
0
0
0
0
0
0
0
0
0
0
0
0
0
0
0
0
0
0
0
0
0
0
0
0
0
0
0
0
0
0
0
0
0
0
0
0
0
0
0
0
0
0
0
0
0
0.164845
0
0
0
0
0
0
0
0
0
0
0
0
0
0
0
0
0
0
0
0
0
0
0.350643
0.350643
0.350643
0.350643
0.350643
0.350643
0
0
0
0
0
0
0
0
0
0
0
0
0
0
0
0
0
0
0
0
0
0
0
0
0
0
0
0
0
0
0.367607
0
0
0
0
0
0
0
0
0
0
0
0
0
0
0
0
0
0
0
0
0
0
0
0
0
0
0
0
0
0
0
0
0
0
0
0
0
0
0
0
0
0
0
0
0
0
0
0
0
0
0
0
0
0
0
0
0
0
0
0
0
0
0
0
0
0
0
0
0
0
0
0
0
0
0
0
0
0
0
0
0
0
0
0
0
0
0
0
0
0
0
0
0
0
0
0
0
0
0
0
0
0
0
0
0
0
0
0
0
0
0
0
0
0
0
0
0
0
0
0
0
0
0
0
0
0
0
0
0
0
0
0
0
0
0
0
0
0
0
0
0
0
0
0
0
0
0
0
0
0
0
0
0
0
0
0
0
0
0
0
0
0
0
0
0.125524
0.125524
0.125524
0.12559
0.188311
0.188311
0.188311
0
0
0.188311
0
0
0
0
0
0
0
0
0
0
0
0
0
0
0
0
0
0
0
0
0.125458
0.125458
0.125458
0.125458
0.125458
0.125988
0.215166
0.215166
0.215166
0.215166
0.215166
0.215166
0
0
0
0
0
0
0
0
0.215499
0
0.219265
0.219265
0.215166
0
0.219265
0
0.219265
0.219265
0
0.219265
0.219265
0
0
0.219265
0.219265
0.0947326
0.219265
0
0.219265
0.219265
0.20498
0.20498
0.0589802
0
0
0
0
0
0
0
0
0
0
0
0
0
0
0
0
0
0
0
0
0
0
0
0
0
0
0
0
0
0
0
0
0
0
0
0
0
0
0
0
0
0
0
0
0.23355
0.23355
0.24159
0
0
0
0
0
0
0
0
0
0
0
0
0
0
0
0
0
0
0
0.234834
0.234834
0.234834
0.234834
0.234834
0.234834
0.234834
0.234834
0
0.234834
0.234834
0
0
0
0
0
0
0
0
0
0
0
0
0
0
0
0
0
0
0
0
0
0
0
0
0
0
0
0
0
0.268543
0
0
0
0.287085
0.287085
0.0811374
0.0811374
0
0
0
0
0
0
0
0
0
0
0
0
0
0
0
0
0
0
0
0
0
0
0
0
0
0
0
0
0
0
0
0
0
0
0
0
0.0729648
0.0729648
0.0732842
0
0
0
0.235267
0.234834
0.234834
0.234834
0.234834
0.234834
0.235267
0.235267
0.070696
0.070696
0
0
0
0.0729648
0.0729648
0.0729648
0.0729648
0.0729648
0
0
0
0
0.0729648
0.073124
0.073124
0.0729648
0.234834
0.234834
0
0
0
0
0
0
0
0
0.24159
0
0.24159
0.24159
0.24159
0.24159
0.24159
0.24159
0.242061
0.242061
0.242061
0.242061
0
0
0
0
0
0
0
0
0
0
0
0
0
0
0
0
0
0
0
0
0
0
0
0
0
0
0
0
0
0
0
0
0
0
0
0
0
0
0
0
0
0
0
0
0
0
0
0
0
0
0
0
0
0
0
0
0
0
0
0
0
0
0
0
0
0
0
0
0
0
0
0
0
0
0
0
0
0.0786808
0.0786808
0
0
0
0
0.130781
0.130781
0.130781
0.130781
0.130781
0.130781
0.130781
0
0
0
0
0
0
0
0
0
0
0
0
0
0
0
0
0
0
0
0
0
0
0
0
0
0
0
0
0
0
0
0
0
0
0
0
0
0
0
0
0
0
0
0
0
0
0
0
0
0
0
0
0
0
0
0
0
0
0
0
0
0
0
0
0
0
0
0
0
0
0
0
0
0
0
0
0
0
0
0
0
0
0
0
0
0
0
0
0
0
0
0.0788928
0
0.080047
0.080047
0.080047
0.080047
0.080047
0.080047
0.080047
0.0941276
0
0.0844551
0
0.0844551
0.0844551
0.0844551
0.118456
0.0844551
0.0844551
0.0844551
0.0854982
0.0854982
0.0844551
0.0844551
0.0844551
0.0823666
0.221404
0
0.221404
0.275241
0
0
0
0
0
0
0.080047
0.080047
0.080047
0.080047
0.080047
0.080047
0
0
0
0.0788928
0.0788928
0.0788928
0.0788928
0.0788928
0.0970981
0.0970981
0
0
0
0
0.100538
0.138057
0.130781
0
0
0
0.0789091
0.0789091
0.0789091
0.0789091
0.0789091
0.0789091
0.0789091
0.0789091
0.0789091
0.0789091
0.0789091
0.0789091
0.0789091
0.0789091
0.0789091
0.0789091
0.0789091
0.0789091
0.0789091
0.0789091
0.0789091
0.0789091
0.0789091
0.0789091
0.0789091
0.0789091
0.0789091
0.0789091
0.0788928
0.0789091
0.0789091
0.0789091
0.0789091
0.0789091
0.0789091
0.0788928
0.0805823
0.0788928
0.0788928
0.0791064
0.0788928
0.0788928
0.0788928
0.0788928
0.0788928
0.0788928
0.0788928
0.0788928
0.0788928
0.0788928
0.0788928
0.0788928
0.0788928
0.0788928
0.0788928
0.0788928
0.0788928
0.0788928
0.0788928
0.0788928
0.0788928
0.0788928
0.0788928
0.0788928
0.0788928
0.0788928
0.0788928
0.0788928
0.0788928
0.0788928
0.0788928
0.0788928
0.0788928
0.0788928
0.0788928
0.0788928
0.0788928
0.0788928
0.0791064
0.0788928
0.0788928
0
0
0
0
0
0
0
0
0
0
0
0
0
0
0
0
0
0
0
0
0
0
0
0
0
0
0
0
0
0
0
0
0
0
0
0
0
0
0
0
0
0
0
0.120795
0.120795
0.120795
0
0
0
0
0
0
0
0.1418
0
0
0
0
0
0
0
0
0
0
0
0
0.119981
0
0
0
0
0
0.08081
0.08081
0.08081
0
0.08081
0.08081
0
0.08081
0
0.08081
0.08081
0.08081
0
0
0
0
0
0
0
0
0
0.157982
0
0.158114
0.158114
0.158114
0.158114
0
0.15891
0.08081
0.08081
0.08081
0.08081
0.08081
0.08081
0.08081
0.08081
0.08081
0.08081
0.08081
0.08081
0.08081
0.08081
0.08081
0.08081
0.08081
0.08081
0.08081
0.08081
0.08081
0.08081
0.08081
0.08081
0.08081
0.08081
0.08081
0.08081
0.08081
0.08081
0.08081
0.08081
0.08081
0.08081
0.08081
0.08081
0.08081
0.08081
0.08081
0.08081
0.08081
0.08081
0.08081
0.08081
0.08081
0
0.08081
0
0.08081
0.08081
0.08081
0
0
0
0
0
0
0
0
0.0790405
0.0790405
0.0790405
0.0790405
0.0790405
0.080047
0
0.0790405
0.0790405
0
0.0790405
0.0790405
0.0790405
0.0790405
0.0790405
0.0790405
0.0790405
0
0
0.0790405
0.0790405
0.0790405
0
0
0.0790405
0.0790405
0.0790405
0
0
0
0
0
0
0
0
0
0
0.0790405
0.0790405
0.0790405
0.0907343
0.0909341
0.0909341
0.12975
0.0909341
0.0909341
0.104675
0.0909341
0.0922924
0.0790405
0.0790405
0.0916442
0.0790405
0.0916442
0.0791559
0.0790076
0.0790076
0.0790076
0.0790076
0.0790076
0.0790076
0.0790076
0.0790076
0.0790076
0.0790076
0.0790076
0.0790076
0.0790076
0.0790076
0.0790076
0.0790076
0.0919277
0.0919277
0.0927146
0.154796
0.0937408
0
0.0985648
0.0913633
0.155417
0.0923711
0
0
0
0
0
0
0
0
0
0
0
0
0
0
0.0966435
0.0966435
0.0966435
0.0966435
0.0742261
0.104212
0.0822757
0.066715
0.107592
0.0966435
0.0966435
0.0966435
0.0788928
0.0788928
0.0788928
0
0.0788928
0.0788928
0.0788928
0.0788928
0.0788928
0.0788928
0.0788928
0.0788928
0.0788928
0.0788928
0.0788928
0.0788928
0.0788928
0.0788928
0.0788928
0.0788928
0.0788928
0.0788928
0.0788928
0.0788928
0.0788928
0.0799787
0
0.0799957
0.126592
0
0.126592
0.126592
0.1015
0
0.1015
0.1015
0.1015
0.1015
0.1015
0.126256
0
0
0
0
0
0
0
0
0
0
0
0
0
0
0
0
0
0.0788928
0.0788928
0.0788928
0.0788928
0.0788928
0.0788928
0.0788928
0.0788928
0.0788928
0.0788928
0.0788928
0.0788928
0.0788928
0.0788928
0.0788928
0.0788928
0.0788928
0.0788928
0.0788928
0.0788928
0.0788928
0.0788928
0.0788928
0.0788928
0.0788928
0.0788928
0.0788928
0.0788928
0.0788928
0.0788928
0.0788928
0.0788928
0.0788928
0.0788928
0.0788928
0.0788928
0.0788928
0.0788928
0
0
0.12559
0.12559
0.12559
0.123341
0.123341
0.123341
0.124162
0
0.0883423
0
0
0
0.089851
0.089851
0.089851
0.0915929
0.0915929
0.0915929
0.12975
0.0915929
0.0915929
0.0915929
0.0915929
0.333642
0.0915929
0.12487
0.295742
0.12487
0.12487
0.12487
0.12487
0.0915929
0.103732
0.0927146
0.0927146
0.0927146
0.0984692
0.0984692
0.0923186
0.0923186
0.0923186
0
0.0965834
0.0965834
0.124547
0.124547
0.124547
0.126189
0
0
0
0.123908
0.123466
0.123466
0
0.123466
0.123466
0
0.123466
0.0990471
0.0587213
0.126525
0.126525
0.12666
0.0587213
0.0961954
0.0974355
0.124935
0
0.109566
0.109566
0.109566
0
0.0946886
0.0946886
0.0947452
0.0947452
0.0946886
0.0790076
0.0883423
0.0883423
0.0883423
0.0883423
0.0883423
0.0788928
0.0788928
0.0788928
0.0789091
0.0789091
0.0789091
0.0789091
0.0789091
0.0789091
0.0789091
0.0789091
0.0789091
0.0789091
0.0789091
0.0789091
0.0789091
0.0789091
0.0789091
0.0789091
0.0789091
0.0789091
0.0789091
0.0789091
0.0789091
0.0789091
0.0789091
0
0.0789091
0.0789091
0.0789091
0.0789091
0.0789091
0.0789091
0.0789091
0.0789091
0.0789091
0.0789091
0.0789091
0.0789091
0.0789091
0.0789091
0.0789091
0.0789091
0.0789091
0.0789091
0.0789091
0.0789091
0.0789091
0.0789091
0.0789091
0.0789091
0.0789091
0.0789091
0.0789091
0.0789091
0.0789091
0.0789091
0.0789091
0.0789091
0.0789091
0.0789091
0.0789091
0.0789091
0.0789091
0.0789091
0.0789091
0.0789091
0.0789091
0.0789091
0.0789091
0.0789091
0.0789091
0.0789091
0.0789091
0.0789091
0.0789091
0.1163
0.1163
0.1163
0.1163
0.1163
0.1163
0
0
0
0
0
0
0
0
0
0
0
0
0
0
0
0
0
0
0
0
0
0
0
0
0
0
0
0
0
0
0
0
0
0
0
0
0
0
0
0
0
0
0
0
0
0
0
0
0
0
0
0
0
0
0
0
0
0
0
0
0
0
0
0
0
0
0
0
0
0.0788928
0.0788928
0.0788928
0
0.0805126
0
0
0
0
0
0
0
0
0
0
0
0
0
0
0
0
0
0.08081
0.08081
0
0.08081
0.08081
0.08081
0.08081
0
0.08081
0
0
0
0
0
0
0
0
0
0
0
0
0
0
0
0
0
0
0
0
0
0
0
0
0
0.08081
0.08081
0
0.08081
0.08081
0.08081
0.08081
0.08081
0.08081
0.08081
0
0.123529
0.123529
0
0
0
0
0
0
0
0
0
0
0
0
0
0
0
0
0
0
0
0
0
0
0
0
0
0
0
0.140028
0.140028
0.141233
0.141233
0
0.142086
0
0
0
0
0
0
0
0.143247
0.143247
0
0
0
0
0.146595
0
0
0
0
0
0
0
0
0
0
0
0
0
0
0
0
0.146595
0
0
0
0
0.146595
0
0
0
0
0
0
0
0
0
0
0
0.0788928
0.0788928
0.0788928
0.0788928
0.0788928
0
0.103658
0.06013
0
0.0602885
0.0602885
0.0602885
0.0602885
0.0602885
0.0604883
0.0604883
0
0
0
0
0
0
0
0
0.0602885
0.0602885
0.0602885
0
0.0602885
0.0602885
0
0
0
0
0
0
0
0
0
0
0
0
0
0
0
0
0
0
0
0
0
0
0
0
0
0
0
0
0
0
0
0
0
0
0
0
0
0
0
0
0
0
0
0
0
0
0
0
0
0
0
0
0
0
0
0.0984692
0.0984692
0.0984692
0.0984692
0.0984692
0
0.0984692
0.0803738
0
0
0
0
0
0.0807924
0
0
0
0
0
0
0
0.131458
0.131458
0.131458
0.131458
0.131458
0
0
0.131458
0
0.131458
0.131458
0.131458
0.131458
0.131458
0.131458
0.131458
0
0
0
0
0
0
0
0
0
0
0
0
0
0
0
0.131458
0.131458
0.131458
0.131458
0.131458
0.131458
0.131458
0.131458
0.131458
0.131458
0.131458
0.131458
0.131458
0.131458
0.131458
0.127137
0.127137
0.143247
0.143247
0.127137
0.127137
0.127137
0
0
0
0
0
0
0
0
0.131382
0.127137
0.127137
0.131156
0.141895
0.127137
0.127137
0.127137
0.127137
0.144237
0.144237
0.144237
0.144237
0.127137
0.127137
0.143247
0.143247
0.127137
0.127137
0
0
0
0
0
0.142182
0
0.142182
0.142374
0.142374
0
0.142374
0.142374
0
0
0
0
0
0
0
0
0
0
0
0
0
0
0
0
0
0
0
0
0
0
0
0
0.144237
0.144237
0
0
0
0
0
0
0
0
0
0
0
0
0
0
0
0
0
0.127137
0.127137
0.127137
0.127137
0.127137
0.127137
0.127137
0.127137
0.127137
0.143247
0.127137
0
0.127137
0.127137
0.127137
0.127205
0.127205
0.127205
0.127205
0.127205
0.127205
0.127205
0.127205
0.127205
0.127205
0.127205
0.127137
0.127137
0.127137
0.127137
0.127137
0.127137
0.127137
0.127137
0.127137
0.127137
0.127137
0.127137
0.127137
0.127137
0.127137
0.127137
0.127137
0.127137
0.127137
0.127137
0.127137
0.130781
0
0
0.130707
0.1163
0.1163
0.1163
0.1163
0.1163
0
0.1163
0.1163
0.1163
0
0
0.1163
0
0
0
0
0
0
0
0
0
0
0
0
0
0
0
0
0
0
0
0
0
0
0
0
0
0
0
0
0
0
0
0
0
0.1163
0.1163
0.1163
0.1163
0.1163
0.1163
0.1163
0.1163
0.1163
0.1163
0.1163
0.1163
0.1163
0.1163
0.1163
0.1163
0.1163
0.1163
0.1163
0.1163
0.1163
0.1163
0.1163
0.1163
0.1163
0.1163
0.1163
0.1163
0.1163
0.1163
0.1163
0.1163
0.1163
0.1163
0.1163
0.1163
0.1163
0.1163
0.1163
0.1163
0.1163
0.1163
0.1163
0.1163
0.1163
0
0.1163
0
0.1163
0.1163
0.1163
0
0
0
0
0
0
0
0
0
0
0
0
0
0
0
0
0
0.116353
0.116353
0.116353
0
0
0
0
0
0
0
0
0
0
0
0
0.116353
0.116353
0
0
0
0
0.1163
0.1163
0.1163
0
0
0
0
0
0
0
0
0
0
0
0
0
0
0
0
0
0
0
0
0
0
0.0883423
0.0883423
0.0883423
0.0883423
0.0788928
0.0788928
0
0
0
0
0
0.127137
0.127137
0.127137
0.127137
0.127137
0.127137
0.127137
0.127137
0.127137
0.127137
0
0
0
0
0
0
0
0
0
0
0
0
0
0
0
0
0
0
0
0
0
0
0
0
0
0
0
0
0
0
0
0
0
0
0
0
0
0
0
0
0
0
0
0
0.127137
0.127137
0.127137
0.127137
0.127137
0.127137
0.127137
0.127137
0.127137
0.127137
0.127137
0.127137
0.127137
0.127137
0
0.130336
0
0.130707
0
0
0
0
0
0
0
0
0
0
0
0
0
0
0
0
0
0
0
0
0
0.13041
0.13041
0.13041
0.130781
0.130781
0.130781
0
0.130707
0.130707
0
0
0
0
0.13041
0
0
0
0
0
0
0
0
0
0
0.127137
0.127412
0
0
0
0
0
0
0.128037
0.131306
0
0
0
0
0
0
0
0
0
0.131306
0
0
0
0
0
0
0
0
0
0
0
0
0
0
0
0
0
0
0
0
0
0
0
0
0
0
0
0
0
0
0
0
0
0
0
0.130707
0
0.130781
0.127137
0.127137
0.127137
0
0
0
0
0.0788928
0.0788928
0.0788928
0
0.0805126
0.125656
0
0
0
0
0
0
0
0
0
0
0
0
0
0
0
0
0
0
0.123781
0.123781
0.123781
0.123781
0.123781
0.130558
0.131382
0
0.131382
0.130558
0
0
0.123781
0.123781
0
0.123781
0.123781
0.123781
0.123781
0.123781
0.123781
0.123781
0
0
0.123781
0.123781
0.123781
0
0
0.123781
0.123781
0.123781
0
0
0
0
0
0
0
0
0
0
0.130558
0.126932
0.126932
0.126932
0.127274
0
0
0
0.126932
0.126932
0.123781
0.123781
0.123781
0.126932
0.123781
0.126932
0.123781
0.123781
0.123781
0.123781
0.123781
0.126189
0.0788928
0.0788928
0
0
0
0.0788928
0.0788928
0.0788928
0
0.0925292
0.0595085
0
0.0595468
0.0595468
0.0595468
0
0
0
0
0
0
0.0980267
0.0980267
0
0
0
0.0803047
0
0
0
0
0.0807924
0.109808
0.0788928
0
0.127137
0.127137
0.127137
0.127205
0.127137
0
0
0.0788928
0.0788928
0.0788928
0
0
0
0
0
0
0
0
0
0
0
0
0
0
0.0788928
0.0788928
0
0
0
0
0.0788928
0.0788928
0.0788928
0
0
0
0
0
0
0
0
0
0
0
0
0
0
0
0
0
0
0
0
0
0.0811107
0.0811107
0
0
0
0
0.0788928
0.0788928
0.0788928
0.0993726
0
0
0
0.0806872
0.12474
0.12474
0
0
0
0.0788928
0.0788928
0.0788928
0.0927146
0.0803738
0.09759
0
0
0
0
0
0
0
0
0
0
0
0
0
0
0
0
0
0
0
0.0985648
0
0.0788928
0.0788928
0.0788928
0
0.12487
0.127068
0
0.127068
0
0
0
0
0
0
0
0
0
0
0
0
0
0
0.126055
0.126055
0.126055
0
0.126055
0.126055
0.126055
0.126055
0.126055
0.126055
0
0.126055
0.126055
0.126055
0.126055
0
0.126864
0
0.126055
0.126055
0.126055
0.126055
0.0805126
0
0
0.0807924
0.110838
0.130781
0.125656
0.125656
0.125656
0.126728
0.125656
0
0
0
0
0
0
0
0
0
0
0
0
0
0
0
0
0
0
0
0
0
0
0
0
0
0
0
0
0
0
0
0
0
0.080047
0.080047
0.080047
0
0
0
0
0
0
0
0
0
0
0
0
0.080047
0.080047
0
0
0
0
0.0776619
0.0776619
0.0776619
0
0
0
0
0
0.0783421
0.160678
0.160678
0
0
0
0
0.194625
0
0.189434
0
0
0
0
0
0
0
0
0
0
0
0
0
0
0
0
0
0
0
0
0.0762197
0.0762197
0.0762197
0.0762197
0.0762197
0.0762197
0
0
0.0762197
0.0762197
0
0
0
0
0
0
0
0.0762197
0.0762197
0.0762197
0
0.0762197
0
0
0.097251
0
0
0
0.164696
0.0815953
0
0
0
0
0
0.0970981
0.0970981
0.0970981
0.0970981
0.0970981
0.0970981
0.0970981
0.0970981
0.0970981
0.0970981
0.0970981
0.0970981
0.0970981
0.0970981
0.0974972
0.152028
0.152028
0.152028
0.0970981
0.0760579
0.0760579
0.0760579
0.0760579
0.0760579
0
0
0
0
0
0
0
0
0
0
0
0.0760579
0.0760579
0
0
0
0
0.0788764
0.0970981
0.0970981
0.0970981
0.0970981
0.0970981
0.0970981
0
0
0
0
0
0.097251
0.097251
0.097251
0.097251
0
0
0
0
0
0
0
0
0
0
0
0
0
0
0
0
0
0
0
0
0
0
0
0
0
0
0
0
0
0
0
0
0.0762197
0.0762197
0.0762197
0.0762197
0.0762197
0.0762197
0
0.0607714
0.0741566
0
0.0607714
0
0
0
0
0
0
0
0
0
0
0
0
0.0762197
0.0762197
0
0.0762197
0.0762197
0.0762197
0.0762197
0.0762197
0.0762197
0.0762197
0.0762197
0
0
0
0
0
0
0
0
0
0
0
0
0
0.0607714
0
0.0622492
0
0.0622492
0.0607714
0.0607714
0.0607714
0.0607714
0.0607714
0.0607714
0.0607714
0
0
0
0.0608122
0.0608122
0.060894
0.060894
0.060894
0.060894
0.0607714
0.0741566
0
0.0743797
0
0.0743797
0.0741566
0.0741566
0.0741566
0.0741566
0.0741566
0.0741566
0.0741566
0
0
0
0.0741566
0.0741566
0.0756826
0.0756826
0.0756826
0.0756826
0.0741566
0
0
0
0
0
0
0
0
0
0
0
0
0
0.0607714
0.0607714
0
0
0
0
0
0
0.0607714
0.0741566
0.0741566
0
0
0
0
0
0
0.0741566
0.0607714
0
0.0622492
0.0622492
0.0622492
0.0607714
0.0608122
0.0608122
0.0608122
0.0608122
0
0
0.0622492
0.0622492
0.0608122
0.0608122
0
0
0
0
0
0
0
0
0
0
0
0
0
0
0
0
0
0
0
0
0
0
0
0
0
0
0
0
0
0
0
0
0
0
0
0
0
0
0
0
0
0
0
0
0
0
0
0
0
0
0
0
0
0
0
0
0
0
0
0
0
0
0
0
0
0
0
0
0
0
0
0
0
0
0
0
0
0
0
0
0
0
0
0.0762197
0.0762197
0.0762197
0.0762197
0.0762197
0.0762197
0
0.0620749
0
0
0.0608531
0.0608531
0.0608531
0.0608531
0.0608531
0
0.0608531
0
0
0
0
0.0608531
0.0608531
0
0.0608531
0
0
0
0
0.0608531
0.0741566
0.0741566
0.0741566
0.0741566
0.0741566
0.0741566
0
0.0741566
0
0
0
0
0.0741566
0.0741566
0
0.0741566
0
0
0
0
0.0741566
0
0
0
0
0
0
0
0
0
0
0.061816
0.061816
0.061816
0.061816
0.061816
0
0
0
0
0.061816
0.061816
0
0
0
0
0.061816
0
0
0
0
0
0
0
0
0
0
0
0
0
0
0
0
0
0
0
0
0
0
0
0
0
0.0760579
0.0760579
0.0760579
0
0
0
0
0
0
0
0
0
0
0
0
0
0
0
0
0
0
0
0
0
0
0
0
0
0
0
0
0
0
0.0760579
0
0
0
0.0762197
0
0.0762197
0.0762197
0
0
0
0
0.0762197
0
0
0
0
0
0
0
0
0
0
0
0
0
0
0
0
0
0
0
0
0
0.0762197
0.0762197
0.0762197
0.0762197
0.0762197
0.0762197
0.0762197
0.0762197
0.0762197
0.0762197
0.0762197
0.0762197
0.0762197
0.0762197
0.0762197
0.0762197
0
0
0
0
0
0
0
0
0
0
0
0
0
0
0
0
0
0
0
0
0
0
0
0
0
0
0
0
0
0
0
0
0
0
0
0
0
0
0
0
0
0
0
0
0
0
0
0
0
0
0
0
0
0
0
0
0
0
0
0
0
0
0
0
0
0
0
0
0
0
0
0
0
0
0
0
0
0
0
0
0
0
0
0
0
0
0
0
0
0
0
0
0.0762197
0.0762197
0.0762197
0.0762197
0.0762197
0.0762197
0.0762197
0.0762197
0.0762197
0.0762197
0.0762197
0.0762197
0.0762197
0.0762197
0.0762197
0.0762197
0.0762197
0.0762197
0.0762197
0.0762197
0.0762197
0.0762197
0
0.0762197
0.0762197
0
0
0.0762197
0.0762197
0.0762197
0.0762197
0
0
0
0
0
0
0
0
0
0
0
0
0
0
0
0
0
0
0
0
0
0
0
0
0
0
0
0
0
0
0
0
0
0
0
0
0
0
0
0
0
0
0
0
0
0
0
0
0
0
0
0
0
0
0
0
0
0
0
0
0
0.0972203
0.0972203
0.0972203
0
0.097251
0.097251
0.11958
0.11958
0
0.115062
0.102521
0.0620749
0
0
0
0
0
0
0
0
0
0
0
0
0
0.0970981
0.0970981
0.0970981
0.0970981
0.119523
0.11347
0.102193
0.0608531
0.0608531
0
0.0608531
0.164696
0.164696
0.164696
0
0
0
0.164696
0.164696
0
0
0
0
0
0.16887
0.0741566
0.0741566
0.0741566
0.404061
0.404061
0.404061
0
0
0
0
0
0
0
0
0
0
0
0
0
0
0
0
0
0
0
0
0
0
0
0
0
0
0
0
0
0
0
0
0
0
0
0
0
0
0
0
0
0
0
0
0
0
0
0
0
0
0
0
0
0
0
0
0
0
0
0
0
0
0
0
0
0
0
0.0760579
0.0760579
0
0
0.0760579
0.0760579
0
0.0760579
0.0760579
0.0760579
0.0760579
0.0760579
0.0760579
0.0760579
0.0760579
0.0760579
0.0760579
0
0.0760579
0.0760579
0
0.0760579
0.0762197
0.0760579
0.0760579
0.0760579
0.0760579
0.0760579
0
0
0.0760579
0
0
0
0.0760579
0
0.0760579
0.0760579
0.0760579
0
0.0760579
0
0
0.0760579
0.0762197
0.0762197
0.0762197
0.0762197
0.0762197
0.0762197
0.0762197
0.0762197
0
0
0
0
0
0
0.0760579
0.0760579
0.0760579
0.0760579
0.0760579
0
0
0
0.0760579
0.0760579
0.0760579
0.0760579
0.0760579
0.0760579
0.0760579
0.0760579
0.0760579
0.0760579
0
0
0.0760579
0
0
0
0
0
0
0
0
0
0
0
0
0
0
0
0
0
0
0
0
0
0
0
0
0
0
0
0
0
0
0
0
0
0
0.0767869
0.0767869
0
0.0831028
0.0831028
0.0831028
0.0831603
0.0831603
0.0831603
0
0
0
0
0
0
0
0
0
0
0.0831028
0.0831028
0
0.0831028
0.158378
0
0.162221
0.162507
0
0.166359
0.166359
0
0.166359
0
0
0
0
0
0
0
0
0
0
0
0
0
0
0
0
0
0
0.0804605
0
0.0826098
0.126055
0
0.126122
0
0
0
0
0
0
0
0
0
0
0
0
0
0
0
0
0
0
0
0
0.0767869
0
0.0831603
0.0831603
0.0831603
0
0.0788437
0.0788437
0.0788437
0.0788437
0.0788437
0.0788928
0.0788928
0
0
0
0
0
0
0.118902
0.118902
0
0
0
0
0.14012
0
0.140211
0.144438
0
0
0
0
0
0
0
0
0.144038
0
0.146281
0.188982
0.156301
0
0
0
0
0
0
0
0
0
0
0
0
0
0
0
0
0
0
0
0
0
0
0
0
0
0
0
0
