0.110432
0.110432
0.110432
0
0
0
0.103616
0.103616
0.103616
0.103616
0.103616
0.103616
0.103616
0.103616
0.103616
0.103616
0.103616
0.103616
0.103616
0.103616
0.103616
0.103616
0.103616
0.103616
0
0.103616
0
0.110432
0.110432
0.110432
0.110432
0.110432
0.110432
0
0
0
0
0
0
0
0
0
0
0.110432
0.110432
0
0.110432
0.196386
0
0.199148
0.203821
0
0.20566
0.20566
0
0.20566
0
0
0
0
0
0
0
0
0
0
0
0
0
0
0
0
0
0
0.105035
0
0.105201
0
0
0
0
0
0
0
0
0
0
0
0
0
0
0
0
0
0
0
0
0
0
0
0
0
0
0
0
0
0
0
0
0
0
0
0
0
0
0
0
0
0
0
0
0
0
0
0
0
0
0
0
0
0
0
0
0
0
0
0
0
0.103497
0.103497
0.103497
0.103497
0.103497
0
0
0
0
0
0
0
0
0
0
0
0.103497
0.103497
0
0
0
0
0.104419
0.103497
0.103497
0
0.103497
0.103497
0.103497
0.103497
0.103497
0.103497
0.108511
0.108511
0.108511
0.108511
0.108511
0.108511
0.108511
0.108511
0.108511
0.108556
0
0.108511
0
0.108511
0
0.108511
0
0.108511
0.108511
0.108511
0.109812
0.109812
0
0.109812
0
0.109812
0.109812
0.109812
0.109812
0.103497
0
0.103497
0
0.103497
0.103497
0.103497
0
0
0
0
0
0
0
0
0
0
0
0
0
0
0
0
0
0
0
0
0
0
0
0
0
0
0
0
0
0
0
0
0
0
0
0
0
0
0
0
0
0
0
0
0
0
0
0
0
0
0
0
0
0
0
0
0
0
0
0
0
0
0
0
0
0
0
0
0
0
0
0
0.103497
0.103497
0.103497
0.103497
0
0.103497
0
0.103497
0
0.103497
0.103497
0.103497
0.103497
0.103497
0.103497
0
0
0
0
0.103497
0
0.103497
0.103497
0.103497
0
0
0.103497
0
0.103497
0
0
0
0
0
0
0.103497
0.103497
0.103497
0.103497
0.103497
0.103497
0.103497
0
0
0
0
0.103497
0
0.103497
0.103497
0.103497
0
0
0
0
0
0
0
0
0
0
0
0
0
0
0
0
0
0
0
0
0
0
0
0
0
0
0
0
0
0
0
0
0
0
0
0
0
0
0
0
0
0
0
0
0
0
0
0
0
0
0
0
0
0
0
0
0
0
0
0
0
0
0
0
0
0
0.103497
0
0
0
0
0
0
0
0
0
0
0
0
0
0
0
0
0
0
0
0
0
0
0
0
0.187552
0.187552
0.187552
0.187552
0
0
0
0
0
0
0.19119
0.214953
0.214953
0.214953
0.214953
0.214953
0.661438
0
0
0
0
0
0
0
0
0
0
0
0
0
0
0
0
0
0
0
0
0
0
0
0
0
0
0
0
0
0
0
0
0
0
0
0
0
0
0
0
0
0
0
0
0
0
0
0
0
0
0
0
0
0
0
0
0
0
0
0.105577
0
0
0
0
0
0
0
0
0
0
0
0
0
0
0
0
0.104338
0
0
0
0
0
0.104338
0.104338
0
0
0
0
0
0
0
0
0
0
0
0
0
0
0
0
0
0
0
0
0
0
0
0
0
0
0
0
0
0
0
0
0
0
0
0
0
0
0
0
0
0
0
0
0
0
0
0
0
0
0
0
0
0
0
0
0
0
0
0
0
0
0
0
0
0
0
0
0
0
0
0
0
0
0
0
0
0
0
0
0
0
0
0
0
0
0
0
0
0
0
0
0
0
0
0
0
0
0
0
0
0
0.104419
0
0.162835
0.162835
0.162835
0.162835
0.162835
0.162835
0.162835
0.162835
0.162835
0.162835
0.170783
0.170783
0.170783
0.170783
0.170783
0.170783
0.170783
0.170783
0.170783
0.170783
0
0.17858
0
0.17858
0
0
0
0
0
0
0
0
0
0
0
0
0
0.173329
0.173329
0
0.173329
0
0
0
0
0
0
0
0
0.216386
0.216386
0.216386
0.216386
0
0
0
0
0
0
0
0
0
0
0
0
0
0
0
0
0
0
0
0
0
0
0
0
0.216748
0.216748
0.216748
0
0
0
0
0
0
0.215308
0.215308
0.215308
0.215308
0.215308
0.215308
0
0
0
0.215308
0.215308
0
0
0
0
0
0
0
0
0
0
0
0.19245
0.19245
0
0.19245
0
0
0
0
0
0
0
0
0
0
0
0
0
0
0
0
0
0
0
0
0
0
0
0
0
0
0
0
0
0
0
0
0
0
0
0
0
0
0
0
0
0
0
0
0
0
0
0
0
0
0
0
0
0
0
0
0
0
0
0
0
0
0
0
0
0
0
0
0
0
0
0
0
0
0
0
0
0
0
0
0
0
0
0
0
0
0
0
0
0
0.188025
0.188025
0
0.188025
0
0.188025
0
0
0
0
0
0
0
0
0
0
0
0
0
0
0
0
0
0
0
0
0
0
0
0
0
0
0
0
0
0
0
0
0
0
0
0
0
0
0
0
0
0
0
0
0
0
0
0
0
0
0
0
0
0
0
0
0
0
0
0
0
0
0
0
0
0
0
0
0
0
0
0
0
0
0
0
0
0
0
0
0
0
0
0.105118
0.105118
0.105118
0.105118
0.105118
0.105118
0.105118
0.122104
0
0.113645
0
0.113645
0.113645
0.113645
0
0.113645
0.113645
0.113645
0.113908
0.113908
0.113645
0.113645
0.113645
0.108694
0
0
0
0
0
0
0
0
0
0
0.105118
0.105118
0.105118
0.105118
0.105118
0.105118
0
0
0
0
0
0
0
0
0.104419
0.104419
0.104419
0.104419
0.104419
0.128565
0.128565
0
0
0
0
0.117734
0.171499
0
0
0
0
0.104419
0.104419
0.104419
0.104419
0.104419
0.104419
0.104419
0.104419
0.104419
0.104419
0.104419
0.104419
0.104419
0.104419
0.104419
0.104419
0.104419
0.104419
0.104419
0.104419
0.104419
0.104419
0.104419
0.104419
0.104419
0.104419
0.104419
0.104419
0.104419
0.104419
0.104419
0.104419
0.104419
0.104419
0.104419
0.104419
0.105535
0.104419
0.104419
0.104419
0.104419
0.104419
0.104419
0.104419
0.104419
0.104419
0.104419
0.104419
0.104419
0.104419
0.104419
0.104419
0.104419
0.104419
0.104419
0.104419
0.104419
0.104419
0.104419
0.104419
0.104419
0.104419
0.104419
0.104419
0.104419
0.104419
0.104419
0.104419
0.104419
0.104419
0.104419
0.104419
0.104419
0.104419
0.104419
0.104419
0.104419
0.104419
0.104419
0.104419
0.104419
0
0
0
0
0
0
0
0
0
0
0
0
0
0
0
0
0
0
0
0
0
0
0
0
0
0
0
0
0.103497
0.103497
0
0.103497
0.103497
0.103497
0.103497
0.103497
0.103497
0.103497
0.103497
0
0
0
0
0
0
0
0
0
0
0
0
0
0.190445
0
0.198867
0
0.198867
0.190445
0.190445
0.190445
0.190445
0.190445
0.190445
0.190445
0
0
0
0.190693
0.190693
0.190693
0.190693
0.190693
0.190693
0.190445
0.235702
0
0.236171
0
0.236171
0.235702
0.235702
0.235702
0.235702
0.235702
0.235702
0.235702
0
0
0
0.235702
0.235702
0
0
0
0
0.235702
0
0
0
0
0
0
0
0
0
0
0
0
0
0.190445
0.190445
0
0
0
0
0
0
0.190445
0.235702
0.235702
0
0
0
0
0
0
0.235702
0.190445
0
0.198587
0.198587
0.198587
0.190445
0.190693
0.190693
0.190693
0.190693
0
0
0.198587
0.198867
0.190693
0.190693
0.103497
0.103497
0.103497
0.103497
0.103497
0.103497
0
0.196929
0
0
0.190941
0.190941
0.190941
0.190941
0.190941
0
0.190941
0
0
0
0
0.190941
0.190941
0
0.190941
0
0
0
0
0.190941
0.235702
0.235702
0.235702
0.235702
0.235702
0.235702
0
0.235702
0
0
0
0
0.235702
0.235702
0
0.235702
0
0
0
0
0.235702
0
0
0
0
0
0
0
0
0
0
0.196929
0.196929
0.196929
0.196929
0.196929
0
0
0
0
0.196929
0.196929
0
0
0
0
0.196929
0
0
0
0.103497
0
0.103497
0.103497
0
0
0
0
0.103497
0
0
0
0
0
0
0
0
0
0
0
0
0
0
0
0
0
0
0
0
0
0.103497
0.103497
0.103497
0.103497
0.103497
0.103497
0.103497
0.103497
0.103497
0.103497
0.103497
0.103497
0.103497
0.103497
0.103497
0.103497
0
0
0
0
0
0
0
0
0
0
0
0
0
0
0
0
0
0
0
0
0
0
0
0
0
0
0
0
0
0
0
0
0
0
0
0
0
0
0
0
0
0
0
0
0
0
0
0
0
0
0
0
0
0
0
0
0
0
0
0
0
0
0
0
0
0
0
0
0
0
0
0
0
0
0
0
0
0
0
0
0
0
0
0
0
0
0
0
0
0
0
0
0.103497
0.103497
0.103497
0.103497
0.103497
0.103497
0.103497
0.103497
0.103497
0.103497
0.103497
0.103497
0.103497
0.103497
0.103497
0.103497
0.103497
0.103497
0.103497
0.103497
0.103497
0.103497
0
0.103497
0.103497
0
0
0.103497
0.103497
0.103497
0.103497
0
0
0
0
0
0
0
0
0
0
0
0
0
0
0
0
0
0
0
0
0
0
0
0
0
0
0
0
0
0
0
0
0
0
0
0
0
0
0
0
0
0
0
0
0
0
0
0
0
0
0
0
0
0
0
0
0
0
0
0
0
0.117968
0.117968
0.117968
0
0.118027
0.118027
0
0
0
0.133038
0
0.196929
0
0
0
0
0
0
0
0
0
0
0
0
0
0.118027
0.118027
0.118027
0.118027
0
0.130904
0
0.190941
0.190941
0
0.190941
0.220479
0.220479
0.220479
0
0
0
0.220479
0.220479
0
0
0
0
0
0.226871
0.235702
0.235702
0.235702
0
0
0
0
0
0
0
0
0
0
0
0
0
0
0
0
0
0
0
0
0
0
0
0
0
0
0
0
0
0
0
0
0
0
0
0
0
0
0
0
0
0
0
0
0
0
0
0
0
0
0
0
0
0
0
0
0
0
0.103497
0.103497
0.103497
0.103497
0.103497
0.103497
0
0
0.103497
0.103497
0
0
0
0
0
0
0
0.103497
0.103497
0.103497
0
0.103497
0
0
0.118027
0
0
0
0.220479
0.107388
0
0
0
0
0
0.118027
0.118027
0.118027
0.118027
0.118027
0.118027
0.118027
0.118027
0.118027
0.118027
0.118027
0.118027
0.118027
0.118027
0.118262
0.195047
0.195047
0.195047
0.118027
0
0
0
0
0
0
0
0
0
0
0
0
0.103497
0.103497
0
0
0.103497
0.103497
0
0.103497
0.103497
0.103497
0.103497
0.103497
0.103497
0.103497
0.103497
0.103497
0.103497
0
0.103497
0.103497
0
0.103497
0.103497
0.103497
0.103497
0.103497
0.103497
0.103497
0
0
0.103497
0
0
0.103497
0
0.103497
0.103497
0.103497
0
0.103497
0
0
0.103497
0.103497
0.103497
0.103497
0.103497
0.103497
0.103497
0.103497
0.103497
0
0
0
0
0
0
0.103497
0.103497
0.103497
0.103497
0.103497
0
0
0
0.103497
0.103497
0.103497
0.103497
0.103497
0.103497
0.103497
0.103497
0.103497
0.103497
0
0
0.103497
0.103497
0.103497
0.103497
0.103497
0.103497
0.103497
0
0.190445
0.235702
0
0.190445
0
0
0
0
0
0
0
0
0
0
0
0
0.118027
0.118027
0.118027
0.118027
0.118027
0.118027
0
0
0
0
0
0.118027
0.118027
0.118027
0.118027
0.358386
0
0
0
0
0
0.103497
0.103497
0.103497
0
0
0
0
0
0
0
0
0
0
0
0
0
0
0
0
0
0
0
0
0
0
0
0
0
0
0
0
0
0
0.103497
0.104257
0.104257
0.104257
0
0
0
0
0
0.104379
0.0469545
0.0469545
0
0
0
0.11687
0
0
0
0
0
0
0
0
0
0
0
0
0
0
0
0
0
0
0
0
0
0
0
0.104257
0.104257
0.104257
0.104257
0.104257
0.104257
0.104257
0.104257
0.104257
0.104257
0.104257
0.104257
0.104257
0.104257
0.104257
0.104257
0.104257
0.104257
0.104257
0.104298
0.104257
0.104298
0.104298
0.104298
0.104298
0.104298
0.104298
0
0
0
0.104379
0
0
0
0
0
0
0.165198
0.165198
0.165198
0.165198
0.165198
0.178174
0.178174
0.165521
0.165521
0.165521
0.165521
0.165521
0.165521
0.165521
0.165521
0.165198
0
0
0.165521
0.165521
0.165521
0.165521
0.165521
0.165521
0.165521
0.165521
0.165198
0.195047
0.217479
0.217479
0
0.217479
0.223209
0.217479
0.217479
0.217479
0.217479
0
0
0
0
0
0
0
0
0
0
0
0
0
0
0
0
0
0
0
0
0
0
0
0
0
0
0
0.17858
0
0
0
0
0
0
0
0.165198
0.165198
0.165198
0.165198
0.165521
0.165521
0.17858
0.165521
0.165521
0.165521
0.17858
0.165521
0.165198
0.17858
0.17858
0.17858
0.17858
0.162374
0.162374
0.162374
0.162835
0.162835
0.162835
0.162835
0.162835
0.162835
0.162835
0.162835
0.162835
0
0
0
0
0
0.17858
0.17858
0.17858
0
0
0
0
0
0
0
0.17858
0
0.17858
0
0
0.17858
0.17858
0
0
0
0.17858
0
0.17858
0
0.17858
0.17858
0
0
0
0.17858
0.17858
0.17858
0
0.17858
0.17858
0.17858
0.17858
0.17858
0.17858
0
0.17858
0
0
0
0.162681
0.162681
0.162681
0.162681
0.17858
0.17858
0.17858
0.17858
0.165359
0.177772
0
0.177772
0
0
0.177772
0.166173
0
0.166173
0
0.166173
0
0.166173
0.177772
0.166173
0.17858
0
0.17858
0
0.17858
0.17389
0
0.17389
0
0.17389
0
0.17389
0
0.17389
0
0
0
0
0
0
0
0
0
0
0
0.177772
0
0.177772
0
0.177772
0
0.177772
0.177772
0.17858
0.17858
0
0
0
0.177571
0
0.1699
0
0.1699
0
0
0
0.178174
0.173515
0.17858
0.17858
0.17858
0.17658
0.17389
0
0
0
0
0
0
0
0
0
0
0
0
0
0
0
0
0
0
0
0
0.176383
0
0
0
0.162527
0.162527
0.162527
0.175219
0.175219
0.175219
0.175219
0.175219
0.17858
0.162527
0.165198
0.162527
0.162527
0.162527
0.162527
0.165198
0.175219
0.17858
0.162527
0.162527
0.165198
0.175219
0
0
0
0
0
0
0
0
0.17858
0.17858
0.17858
0.17858
0.17858
0.17858
0.17858
0.17858
0.17858
0.17858
0.17858
0.17858
0.17858
0
0
0
0
0
0
0
0
0
0
0
0
0
0
0
0
0
0
0
0
0
0
0
0
0
0
0
0
0
0
0
0
0
0
0
0
0
0
0
0
0
0
0
0
0
0
0
0
0
0
0
0.471405
0.471405
0
0
0
0
0
0
0
0
0
0
0
0
0
0
0
0
0
0
0
0
0
0.292174
0.29767
0
0
0
0
0
0
0
0
0
0.292174
0.292174
0
0
0
0
0
0
0
0
0
0
0
0
0
0
0
0
0
0
0
0
0
0
0
0
0
0
0
0
0
0
0
0
0
0
0.334664
0
0.432049
0.432049
0
0
0.432049
0.432049
0
0
0
0
0
0
0.432049
0.432049
0
0
0.432049
0.432049
0
0
0
0
0
0
0.432049
0.432049
0
0
1
1
0
0
0
0
0
0
0
0
0
0
0
0
0
0
0
0
0
0
0
0
0
0
0
0
0
0
0
0
0
0
0
0
0
0
0
0
0
0
0
0
0
0
0
0
0
0
0
0
0
0
0
0
0
0
0
0
0
0
0
0
0
0
0
0
0
0
0
0
0
0
0
0
0
0
0
0
0
0.368676
0
0
0
0
0
0
0
0
0
0
0
0
0
0
0
0
0
0
0
0
0
0
0
0
0
0
0
0.246183
0.247256
0.11328
0.11328
0.11328
0.113488
0.113488
0.10673
0.107079
0.13346
0.147214
0.292174
0.292174
0
0
0.1066
0.1066
0
0
0
0
0
0
0
0
0
0
0
0
0
0
0
0
0
0
0
0
0
0
0
0
0
0
0
0
0
0
0
0
0
0
0
0
0
0.105284
0.105284
0
0
0
0
0
0
0
0
0
0
0
0
0
0
0
0
0
0
0
0
0
0
0
0
0
0
0
0
0
0
0
0
0
0
0
0
0
0
0
0
0
0
0
0
0
0
0
0
0
0
0
0
0
0
0
0
0
0.17858
0.17858
0
0
0
0
0
0
0
0
0
0
0
0
0
0
0.165683
0.165683
0.165683
0.165846
0.218218
0.218218
0.218218
0
0
0.218218
0
0
0
0
0
0
0
0
0
0
0
0
0
0
0
0
0
0
0
0
0.165683
0.165683
0.165683
0.165683
0.165683
0.165846
0
0
0
0
0
0
0
0
0
0
0
0
0
0
0
0
0
0
0
0
0
0
0
0
0
0
0
0
0
0
0
0
0
0
0
0
0
0
0
0
0
0
0
0
0
0
0
0
0
0
0
0
0
0
0
0
0
0
0
0
0
0
0
0
0
0
0
0
0
0
0
0
0
0
0
0
0
0
0
0
0
0
0
0
0
0
0
0
0
0
0
0
0
0
0
0.175605
0.175605
0.175605
0.175605
0.175605
0
0.175605
0
0
0.175605
0.175605
0.175605
0.177772
0.177772
0.178174
0.177772
0
0.177772
0.226042
0
0.226042
0
0
0.240523
0.279665
0
0
0.240523
0.240523
0.240523
0
0.240523
0.240523
0
0.240523
0.240523
0.241021
0.240523
0.240523
0
0.241523
0.241523
0.241523
0
0
0
0
0
0
0
0
0
0
0
0
0
0
0
0
0
0
0
0
0
0
0
0
0
0
0
0
0
0
0
0
0
0
0
0
0
0
0
0
0
0
0
0
0
0
0
0
0
0
0
0
0
0.177772
0
0
0
0
0
0
0
0
0
0
0
0
0
0
0
0
0
0
0
0
0
0
0
0
0
0
0
0
0
0
0
0
0
0
0
0
0
0
0
0
0
0
0
0
0
0
0
0
0
0
0
0
0
0
0
0
0
0
0
0
0
0
0
0
0
0
0
0
0
0
0
0
0
0
0
0
0
0
0
0
0
0
0
0
0
0
0
0
0
0
0
0
0
0
0
0.177772
0.177772
0.177772
0
0.177772
0.177772
0.177772
0.177772
0.22771
0.22771
0
0.22771
0
0
0
0
0
0
0
0
0
0
0.222027
0.222027
0.222027
0.222027
0
0
0
0
0
0.222027
0.26933
0.26933
0.26933
0
0
0.26933
0
0
0
0
0
0
0
0
0
0
0
0
0
0
0
0
0
0
0
0
0
0
0
0
0
0
0
0
0
0
0
0
0
0
0
0
0
0
0
0
0
0
0
0
0
0
0
0
0
0
0
0
0
0
0
0
0
0.177772
0
0
0
0
0
0
0
0
0
0
0
0
0
0
0
0
0
0
0
0
0
0
0
0
0
0
0
0
0
0
0
0
0
0
0
0
0
0
0
0
0
0
0
0
0
0
0
0
0
0
0
0
0
0
0
0
0
0
0
0
0
0
0
0
0
0
0
0
0
0
0
0
0
0
0
0
0
0
0
0
0
0
0
0
0
0
0
0
0
0
0
0
0
0
0
0
0
0
0
0
0
0
0
0
0
0
0
0
0
0
0
0
0
0
0
0
0
0
0
0
0
0
0
0
0
0
0
0
0
0
0
0
0
0
0
0
0
0
0
0
0
0
0
0
0
0
0
0
0
0
0
0
0
0
0
0
0
0
0
0
0
0
0
0
0
0
0
0
0
0
0
0
0
0
0
0
0
0
0
0
0
0
0
0
0
0
0
0
0
0
0
0
0
0
0
0
0
0
0
0
0
0
0
0
0
0
0
0.104379
0.104298
0.104298
0.104298
0.104298
0.104298
0.104298
0.104298
0.104298
0.104298
0.104298
0.104298
0.104298
0.104298
0.104298
0.104298
0.104298
0.104298
0.104298
0.104298
0.104298
0.104298
0.104298
0.104298
0.104298
0.104298
0.104298
0.104419
0.104419
0.104419
0.104419
0.104379
0.104419
0.104419
0.104379
0.104419
0.104419
0.104419
0.104419
0.104379
0.104419
0.104419
0.104419
0.104419
0.104419
0.104379
0.104419
0.104419
0.104419
0.104419
0
0
0
0
0.177772
0.177772
0.177772
0.177772
0
0
0
0
0
0
0
0
0.177972
0
0
0
0.177772
0.177772
0.177772
0
0
0
0
0
0
0
0
0
0
0
0
0
0
0
0
0
0
0
0
0
0
0
0
0
0
0.17858
0.17858
0.17858
0.17858
0.17858
0.17858
0.17858
0.17858
0.17858
0.17858
0.17858
0.17858
0.17858
0.17858
0.17858
0.17858
0.17858
0.17858
0.17858
0.17858
0.17858
0.17858
0.17858
0.17858
0.17858
0.17858
0.17858
0.17858
0.17858
0.17858
0.17858
0.17858
0.17858
0.17858
0.17858
0.17858
0.17858
0.17858
0.17858
0.17858
0.17858
0.17858
0.17858
0.17858
0.17858
0.17858
0.17858
0.17858
0.17858
0.17858
0.17858
0.17858
0.17858
0.17858
0.17858
0.17858
0.17858
0.17858
0.17858
0.17858
0.17858
0.17858
0.17858
0
0.17858
0.17858
0
0.17858
0.17858
0.17858
0.17858
0.17858
0
0.17858
0.17858
0
0.17858
0.17858
0.17858
0.17858
0.17858
0.17858
0.17858
0
0.17858
0.17858
0.17858
0
0.17858
0.17858
0.17858
0
0.17858
0.17858
0.17858
0.17858
0.17858
0.17858
0.17858
0.17858
0.17858
0.17858
0.17858
0.17858
0.17858
0.17858
0
0.17858
0.17858
0
0.17858
0.17858
0.17858
0.17858
0.17858
0
0.17858
0.17858
0
0.17858
0.17858
0
0.17858
0.17858
0
0.17858
0.17858
0.17858
0.17858
0.17858
0.17858
0.17858
0.17858
0.17858
0.17858
0.17858
0.17858
0.17858
0.17858
0.17858
0.17858
0.17858
0
0.17858
0.17858
0
0.17858
0.17858
0.17858
0.17858
0.17858
0
0.17858
0.17858
0
0.17858
0.17858
0.17858
0.17858
0.17858
0
0.17858
0.17858
0
0.17858
0.17858
0
0.17858
0.17858
0
0.17858
0.17858
0
0.17858
0.17858
0
0.17858
0.17858
0.17858
0.17858
0.17858
0.17858
0.17858
0.17858
0.17858
0.17858
0.17858
0.17858
0.17858
0.17858
0
0.17858
0.17858
0
0.17858
0.17858
0
0.17858
0.17858
0
0.17858
0.17858
0
0.17858
0.17858
0.17858
0.17858
0.17858
0.17858
0.17858
0.17858
0.17858
0.17858
0.17858
0.17858
0.17858
0.17858
0.17858
0.17858
0.17858
0.17858
0.17858
0.17858
0.17858
0.17858
0.17858
0.17858
0.17858
0.17858
0.17858
0.17858
0.17858
0.17858
0.17858
0.17858
0.17858
0.17858
0.17858
0.17858
0.17858
0.17858
0.17858
0
0
0
0
0
0
0
0
0
0
0
0
0
0
0
0
0
0
0
0
0
0
0
0
0
0
0
0
0
0
0
0
0
0
0
0
0
0
0
0
0
0
0
0
0
0
0
0
0
0
0
0
0
0
0
0
0
0
0
0
0
0
0
0
0
0
0
0
0
0
0
0
0
0
0
0
0
0
0
0
0
0
0
0
0
0
0
0
0
0
0
0
0
0
0
0
0
0
0
0
0
0
0
0
0
0
0
0
0
0
0
0
0
0
0
0
0
0
0
0
0
0
0
0
0
0
0
0
0
0
0
0
0
0
0
0
0
0
0
0
0
0
0
0
0
0
0
0
0
0
0
0
0
0
0
0
0
0
0
0.17858
0
0
0
0
0.228133
0
0
0
0
0.17858
0
0
0
0
0
0
0
0
0
0
0
0
0
0
0
0
0
0.17858
0
0
0
0.17858
0
0
0
0
0
0
0
0
0
0
0
0.186617
0.189466
0
0
0
0
0
0
0
0.189466
0.202326
0.202326
0.202326
0.196386
0.223209
0
0.223209
0.223209
0.223209
0.223209
0.212512
0
0.212512
0.212855
0
0.212512
0
0.212512
0.189466
0
0
0
0
0
0
0
0
0
0
0
0
0
0
0
0
0
0
0
0
0
0
0
0
0
0
0
0
0
0
0
0
0
0
0
0
0
0
0
0
0
0
0
0
0
0
0
0
0
0
0
0
0
0
0
0
0
0
0
0
0
0
0
0
0
0
0
0
0
0
0
0
0
0
0
0
0
0
0
0
0
0
0
0
0
0
0
0
0
0
0
0
0
0
0
0
0
0
0
0
0
0
0
0
0
0
0
0
0
0
0
0
0
0
0
0
0
0
0
0
0.165359
0.165359
0.165359
0.165521
0.217479
0.217479
0
0
0
0
0
0
0.165521
0
0
0
0
0
0
0
0
0
0
0
0
0
0.104419
0.104419
0
0.104419
0.104419
0.104419
0
0.104419
0.104419
0.1146
0.149308
0
0
0
0
0.120448
0.120448
0.105493
0.120261
0
0.104419
0.104419
0
0.104419
0.104419
0
0.104419
0.104419
0
0.119952
0.119952
0
0
0
0
0
0
0
0
0.221637
0.222418
0
0.105367
0.104419
0.104419
0
0.104419
0.104419
0
0.104419
0.104419
0.104419
0
0.104419
0
0
0
0
0
0
0
0
0
0
0.190445
0
0
0
0
0
0
0
0
0
0
0
0
0
0
0
0
0
0
0
0
0
0
0
0
0
0
0
0
0
0
0
0
0
0
0
0
0
0
0
0
0
0
0
0
0
0
0
0
0
0
0
0
0
0
0
0
0
0
0
0
0
0
0
0
0
0
0
0
0
0
0
0
0
0
0
0
0
0
0
0
0
0
0
0
0
0
0
0
0
0
0
0
0
0
0
0
0
0
0
0
0
0
0
0
0.105535
0
0
0
0
0
0
0
0
0
0
0
0
0
0
0
0
0
0
0
0
0
0
0
0
0
0
0
0
0
0
0
0
0
0
0
0
0
0
0
0
0
0
0
0
0
0
0
0.103616
0
0
0
0
0
0
0
0
0
0
0
0
0
0
0
0
0
0
0
0
0
0
0
0
0
0
0
0
0
0
0
0
0
0
0
0
0
0
0
0
0
0
0
0
0
0
0
0
0
0
0
0
0
0
0
0
0
0
0
0
0
0
0
0
0
0
0
0
0
0.104379
0.104379
0.104379
0.104379
0.104379
0.104379
0.104379
0.104379
0.104379
0.104379
0.104379
0
0
0.104419
0
0
0
0
0
0
0
0
0
0
0
0
0
0.105577
0
0
0
0
0
0
0
0
0
0
0
0
0
0
0
0
0
0
0
0
0
0
0
0
0
0
0
0
0
0
0
0
0
0
0
0
0
0
0
0
0
0
0
0
0
0
0
0
0
0
0
0
0
0
0
0
0
0
0
0
0
0
0
0
0
0
0
0
0
0
0
0
0
0
0
0
0
0
0
0
0
0
0
0
0
0
0
0
0
0
0
0
0
0
0
0
0
0
0
0
0
0
0
0
0
0
0
0
0
0
0
0
0
0
0
0
0
0
0
0
0
0
0
0
0
0
0
0
0
0
0
0
0
0
0
0
0
0
0
0
0
0
0
0
0
0
0
0
0
0
0
0
0
0
0
0
0
0
0
0
0
0
0
0
0
0.10446
0.10446
0.10446
0.10446
0.10446
0.10446
0.10446
0.10446
0.10446
0.10446
0.10446
0.10446
0.10446
0.10446
0.10446
0.10446
0.113592
0.113592
0.113802
0.203519
0.11547
0
0.120324
0.112867
0.205971
0.114493
0
0
0
0
0
0
0
0
0
0
0
0
0
0
0.119952
0.119952
0.119952
0.119952
0.176383
0
0
0.20535
0.325669
0.119952
0.119952
0.119952
0.104419
0.104419
0.104419
0
0.104419
0.104419
0.104419
0.104419
0.104419
0.104419
0.104419
0.104419
0.104419
0.104419
0.104419
0.104419
0.104419
0.104419
0.104419
0.104419
0.104419
0.104419
0.104419
0.104419
0.104419
0.104952
0
0.104993
0
0
0
0
0.1146
0
0.1146
0.1146
0.1146
0.1146
0.1146
0
0
0
0
0
0
0
0
0
0
0
0
0
0
0
0
0
0
0
0
0
0
0
0.104419
0.104419
0.104419
0.104419
0.104419
0.104419
0.104419
0.104419
0.104419
0.104419
0.104419
0.104419
0.104419
0.104419
0.104419
0.104419
0.104419
0.104419
0.104419
0.104419
0.104419
0.104419
0.104419
0.104419
0.104419
0.104419
0.104419
0.104419
0.104419
0.104419
0.104419
0.104419
0.104419
0.104419
0.104419
0.104419
0.104419
0.104419
0
0
0
0
0
0
0
0
0
0
0.109388
0
0
0
0.110192
0.110192
0.110192
0.113488
0.113488
0.113488
0
0.113488
0.113488
0.113488
0.113488
0
0.113488
0
0
0
0
0
0
0.113488
0.11756
0.113645
0.113645
0.113645
0.120324
0.120324
0.113592
0.113592
0.113592
0
0.119829
0.119829
0
0
0
0
0
0
0
0
0
0
0
0
0
0
0
0.121268
0.18323
0
0
0
0.18323
0.119829
0.120014
0
0
0
0
0
0
0.112815
0.112815
0.112918
0.112918
0.112815
0.10446
0.109388
0.109388
0.109388
0.109388
0.109388
0.104419
0.105577
0.105577
0
0.105577
0.105577
0.105577
0.105577
0
0.105577
0
0
0
0
0.372309
0.372309
0.372309
0
0
0
0
0
0
0
0.347404
0.347404
0.347404
0
0.347404
0.483046
0.483046
0.483046
0
0.483046
0
0
0
0
0
0
0
0
0.104419
0.104419
0
0.104419
0.104419
0.105535
0
0.104419
0
0
0
0
0
0
0
0
0
0
0
0
0
0
0
0.105577
0.105577
0.105577
0
0.105577
0.105577
0
0.105577
0
0.105577
0.105577
0.105577
0
0
0
0
0
0
0
0
0
0.196657
0
0.196929
0.196929
0.196929
0.196929
0
0.19803
0.105577
0.105577
0.105577
0.105577
0.105577
0.105577
0.105577
0.105577
0.105577
0.105577
0.105577
0.105577
0.105577
0.105577
0.105577
0.105577
0.105577
0.105577
0.105577
0.105577
0.105577
0.105577
0.105577
0.105577
0.105577
0.105577
0.105577
0.105577
0.105577
0.105577
0.105577
0.105577
0.105577
0.105577
0.105577
0.105577
0.105577
0.105577
0.105577
0.105577
0.105577
0.105577
0.105577
0.105577
0.105577
0
0.105577
0
0.105577
0.105577
0.105577
0
0
0
0
0
0
0
0
0.105577
0.105577
0
0.105577
0.105577
0.105577
0.105577
0.105577
0.105577
0.105577
0
0
0
0
0
0
0
0
0
0
0
0
0
0
0
0
0
0
0
0
0
0
0
0
0
0
0
0
0
0
0
0
0
0
0
0
0
0
0
0
0
0
0
0
0
0
0
0
0
0
0
0
0
0
0
0
0
0
0
0
0
0
0
0
0
0
0
0
0
0
0
0
0
0
0
0
0
0
0
0
0
0
0
0
0
0
0
0
0
0
0
0
0
0.104501
0.104501
0.104501
0.104501
0.104501
0.105118
0
0.104501
0.104501
0
0.104501
0.104501
0.104501
0.104501
0.104501
0.104501
0.104501
0
0
0.104501
0.104501
0.104501
0
0
0.104501
0.104501
0.104501
0
0
0
0
0
0
0
0
0
0
0.104501
0.104501
0.104501
0.112867
0.112867
0.112867
0
0.112867
0.112867
0.12606
0.112867
0.113697
0.104501
0.104501
0.113488
0.104501
0.113488
0.104705
0.104419
0.104419
0.104419
0.104419
0
0.104419
0.104419
0
0.104419
0.104419
0.104419
0.104419
0.104419
0.104419
0.104419
0.104419
0.104419
0.104419
0
0
0
0
0
0
0
0
0
0
0
0
0
0
0.105535
0.106385
0
0
0
0
0
0
0
0
0
0
0
0
0
0.104419
0
0
0
0
0
0
0
0
0
0.104419
0.104419
0
0.104419
0
0.104419
0.104419
0.104419
0
0
0
0.104419
0.104419
0
0
0
0
0
0
0
0
0
0
0
0
0
0.104419
0.104419
0
0.104419
0.104419
0.104419
0.104419
0.104419
0.104419
0.104419
0.104419
0.104419
0.104419
0.104419
0.104419
0.104419
0
0
0
0
0
0
0
0
0.105535
0.105535
0.104419
0.104419
0
0
0
0
0
0
0
0
0
0
0.104419
0.104419
0.104419
0.104419
0.104419
0.104419
0.104419
0.104419
0.104419
0.104419
0.104419
0.104419
0.104419
0.104419
0.104419
0.104419
0.104419
0.104419
0.104419
0.104419
0.104419
0.104419
0.104419
0.104419
0.104419
0
0.104419
0.104419
0.104419
0.104419
0.104419
0.104419
0.104419
0.104419
0.104419
0.104419
0.104419
0.104419
0.104419
0.104419
0.104419
0.104419
0.104419
0.104419
0.104419
0.104419
0.104419
0.104419
0.104419
0.104419
0.104419
0.104419
0.104419
0.104419
0.104419
0.104419
0.104419
0.104419
0.104419
0.104419
0.104419
0.104419
0.104419
0.104419
0.104419
0.104419
0.104419
0.104419
0.104419
0.104419
0.104419
0.104419
0.104419
0.104419
0.104419
0.109388
0.109388
0.109388
0.109388
0.104419
0.104419
0.104419
0
0.105661
0
0
0
0
0
0
0
0
0
0
0
0
0
0
0
0
0
0.104419
0.104419
0.104419
0.113645
0.105493
0.120324
0
0
0
0
0
0
0
0
0
0
0
0
0
0
0
0
0
0
0
0.120324
0
0.104419
0.104419
0.104419
0.104419
0.104419
0
0
0
0.177173
0.177173
0
0
0
0
0
0
0
0
0
0
0.105535
0.105535
0.105535
0.105535
0.104419
0.104419
0
0.104419
0
0
0
0
0
0
0
0
0
0
0
0
0
0
0
0
0
0.105535
0
0
0
0
0
0
0
0
0
0
0
0
0
0
0.104419
0.104419
0
0
0
0.104419
0.104419
0.104419
0
0.113592
0.185013
0.52915
0.185013
0.185013
0.185013
0
0
0
0
0
0
0.120137
0.120137
0
0
0
0.105493
0
0
0
0
0.105535
0
0.104419
0
0
0
0
0
0
0
0
0.104419
0.104419
0.104419
0.104419
0
0
0
0
0
0
0
0
0
0
0
0
0.104419
0
0.104419
0.104419
0.104419
0.104419
0
0
0
0
0
0
0
0
0
0
0
0
0
0
0.104419
0.104419
0
0
0
0
0.104419
0.104419
0.104419
0.104419
0.104419
0.104419
0
0.104419
0.104419
0.104419
0
0.104419
0.104419
0
0.104419
0
0
0
0
0
0
0
0
0
0
0
0
0
0.104419
0.104419
0
0
0
0
0
0
0
0.104419
0.104419
0.104419
0
0
0
0
0
0
0
0
0
0
0
0
0
0
0
0
0
0
0
0
0
0.105577
0.105577
0
0
0
0
0.104419
0.104419
0.104419
0.121395
0
0
0
0.105535
0
0
0
0
0
0.104419
0.104419
0
0
0
0
0
0.104419
0.104419
0.104419
0.104419
0.104419
0
0.11756
0.19245
0.432049
0.19245
0.19245
0.19245
0.19245
0.19245
0.192705
0.192705
0
0
0
0
0
0
0
0
0.19245
0.19245
0.19245
0
0.19245
0.19245
0
0
0
0
0
0
0
0
0
0
0
0
0
0
0
0
0
0
0
0
0
0
0
0
0
0
0
0
0
0
0
0
0
0
0
0
0
0
0
0
0
0
0
0
0
0
0
0
0
0
0
0
0
0
0
0
0
0
0
0.120324
0.120324
0.120324
0.120324
0.120324
0
0.120324
0.105493
0
0
0
0
0
0.105535
0
0
0
0
0
0
0
0.104419
0.104419
0.104419
0
0
0
0
0
0
0
0
0
0
0
0
0
0
0
0
0
0
0
0
0
0
0
0
0
0
0
0
0
0
0
0
0
0
0
0
0
0
0
0
0
0.105535
0
0
0.105535
0
0
0
0
0
0
0
0
0
0.104419
0.104419
0.104419
0
0.105661
0
0
0
0
0
0
0
0
0
0
0
0
0
0
0
0
0
0
0
0.105118
0.105118
0.105118
0.105118
0
0
0
0
0
0
0
0
0
0
0
0
0.105118
0.105118
0
0
0
0
0.104419
0.104419
0.104419
0
0.105535
0
0
0
0
0.468114
0
0
0
0
0
0
0
0
0
0
0
0.104419
0.104419
0
0.104419
0.104419
0
0
0
0
0
0
0
0
0
0
0
0
0
0
0
0
0
0
0.105577
0
0
0
0
0
0
0
0.105535
0.105535
0.105535
0.105535
0.105535
0.104419
0.104419
0
0.104419
0
0.104419
0.104419
0.105535
0
0
0
0
0
0
0
0
0
0
0
0
0
0.185013
0.185013
0
0.185013
0.168345
0.168345
0
0.168345
0
0
0
0
0
0
0
0
0
0
0
0
0
0
0
0
0
0
0
0
0
0
0
0
0
0
0
0
0
0
0
0
0
0
0
0
0.118559
0
0.118559
0.112815
0
0.112815
0
0
0
0
0
0
0
0
0
0
0
0
0
0
0
0
0
0
0
0.104419
0.104419
0.104419
0.105535
0
0.104419
0.104419
0.104419
0
0
0
0
0
0
0
0
0.188502
0
0
0
0
0
0
0
0
0
0
0
0
0
0.105535
0
0
0
0.104298
0.104298
0.104298
0.104298
0.104298
0.104419
0
0
0
0
0
0
0
0.154831
0.154831
0
0
0
0
0.174646
0
0.173702
0.179813
0
0
0
0
0
0
0
0
0.180021
0
0.181284
0.217479
0.195847
0
0
0
0
0
0
0
0
0
0
0
0
0
0
0
0
0
0
0
0
0
0
0
0
0
0
0
0
