0.0298807
0
0
0
0.0298807
0.0298807
0
0
0
0
0
0
0
0
0
0
0
0
0
0
0
0
0
0
0
0
0
0.0688428
0
0.0704179
0.071247
0
0.0728679
0.0728679
0
0.0728679
0
0
0
0
0
0
0
0
0
0
0
0
0
0
0
0
0
0
0.0312043
0
0.0331375
0
0
0
0
0
0
0
0
0
0
0
0
0
0
0
0
0
0
0
0
0
0
0
0
0
0
0
0
0
0
0
0.0301786
0.0286573
0.0286573
0.0286573
0.0286573
0.0286573
0.0286573
0.0286573
0.0286573
0.0286573
0.0286573
0.0286573
0.0286573
0.0286573
0.0286573
0.0286573
0.0294118
0.0292353
0.0292311
0.0293189
0.0297482
0.0293021
0.0293568
0.0297482
0.0293864
0.0293737
0.0297438
0.0297482
0
0
0
0.0302383
0.0302383
0.0302383
0.0388955
0.0310037
0
0
0
0
0
0
0
0
0
0
0
0
0
0
0
0
0
0
0
0
0
0
0.0299208
0.0299208
0
0.0299208
0.0299208
0
0.0299208
0.0299208
0
0
0
0
0
0
0
0
0
0
0
0.0904123
0.0907841
0
0.0307486
0.0301832
0.0300874
0
0.0297614
0.0297614
0
0.0297614
0.0297614
0.0302061
0
0.0302245
0
0
0
0
0
0
0
0
0
0
0
0
0
0
0
0
0
0
0
0
0
0
0
0
0
0
0
0
0
0
0
0
0
0
0
0
0
0
0
0
0
0
0
0
0
0
0
0
0
0
0
0
0
0
0
0
0
0
0
0
0
0
0
0
0
0
0
0
0
0
0
0
0
0
0
0
0
0
0
0
0
0
0
0
0
0
0
0
0
0
0
0
0
0
0
0
0
0
0
0
0
0
0
0
0
0
0
0
0
0
0
0
0
0
0
0.0311086
0
0
0
0
0
0
0
0
0
0
0
0
0
0
0
0
0
0
0
0
0
0
0
0
0
0
0
0
0
0
0
0
0
0
0
0
0
0
0
0
0
0
0
0
0
0
0
0.029757
0
0
0
0
0
0
0
0
0
0
0
0
0
0
0
0
0
0
0
0
0
0
0
0
0
0
0
0
0
0
0
0
0
0
0
0
0
0
0
0
0
0
0
0
0
0
0
0
0
0
0
0
0
0
0
0
0
0
0
0
0
0
0
0
0
0
0
0
0
0
0
0
0
0
0
0
0
0
0
0
0
0
0
0
0
0
0
0
0
0
0
0
0
0
0
0
0
0
0
0
0
0
0
0
0
0
0.0296174
0
0
0
0
0
0
0.0302383
0.0302383
0.0302383
0
0.0302383
0.0302383
0.0302383
0.0302383
0.0302383
0.0302383
0.0302383
0.0302383
0.0302383
0.0302383
0.0302383
0.0302383
0.0302383
0.0302383
0.0302383
0.0302383
0.0302383
0.0302383
0.0302383
0.0302383
0.0302383
0.0307826
0
0.0308167
0
0
0
0
0.0411345
0
0.0411345
0.0411345
0.0411345
0.0411345
0.0411345
0
0
0
0
0
0
0
0
0
0
0
0
0
0
0
0
0
0
0.0302383
0.0302383
0.0302383
0.0302383
0.0302383
0.0302383
0.0302383
0.0302383
0.0302383
0.0302383
0.0302383
0.0302383
0.0302383
0.0302383
0.0302383
0.0302383
0.0302383
0.0302383
0.0302383
0.0302383
0.0302383
0.0302383
0.0302383
0.0302383
0.0302383
0.0302383
0.0302383
0.0302383
0.0302383
0.0302383
0.0302383
0.0302383
0.0302383
0.0302383
0.0302383
0.0302383
0.0302383
0.0302383
0
0
0
0
0
0
0
0
0
0
0.0359365
0
0
0
0.036442
0.036442
0.036442
0.0383201
0.0383201
0.0383201
0
0.0383201
0.0383201
0.0383201
0.0383201
0
0.0383201
0
0
0
0
0
0
0.0383201
0.0445878
0.0389939
0.0389939
0.0389939
0
0
0.0387492
0.0387492
0.0387492
0
0
0
0
0
0
0
0
0
0
0
0
0
0
0
0
0
0
0
0
0
0
0
0
0
0
0
0
0
0
0
0
0.0384805
0.0384805
0.0384995
0.0384995
0.0384805
0.0304714
0.0359365
0.0359365
0.0359365
0.0359365
0.0359365
0.0302383
0.0302383
0.0302383
0.0302383
0.0302383
0.0302383
0.0387686
0.0387686
0
0
0
0
0.0426272
0.0571974
0
0
0
0
0.0302521
0.0302521
0.0302521
0.0302521
0.0302521
0.0302521
0.0302521
0.0302521
0.0302521
0.0302521
0.0302521
0.0302521
0.0302521
0.0302521
0.0302521
0.0302521
0.0302521
0.0302521
0.0302521
0.0302521
0.0302521
0.0302521
0.0302521
0.0302521
0.0302521
0.0302521
0.0302521
0.0302521
0.0302475
0.0302521
0.0302521
0.0302521
0.0302521
0.0302521
0.0302521
0.0302383
0.0316968
0.0302383
0.0302383
0.0303077
0.0302383
0.0302383
0.0302383
0.0302383
0.0302383
0.0302383
0.0302383
0.0302383
0.0302383
0.0302383
0.0302383
0.0302383
0.0302383
0.0302383
0.0302383
0.0302383
0.0302383
0.0302383
0.0302383
0.0302383
0.0302383
0.0302383
0.0302383
0.0302383
0.0302383
0.0302383
0.0302383
0.0302383
0.0302383
0.0302383
0.0302383
0.0302383
0.0302383
0.0302383
0.0302383
0.0302383
0.0302383
0.0302383
0.0303077
0.0302383
0.0302383
0
0
0
0.0301786
0.0301786
0
0
0
0
0
0
0
0
0
0
0
0
0
0
0
0
0
0
0
0
0
0
0
0
0
0
0
0
0
0
0
0
0
0
0
0
0
0
0
0
0
0
0
0
0
0
0
0
0
0
0
0
0
0
0
0
0
0
0
0
0
0
0
0
0
0
0
0
0
0
0
0
0
0
0
0
0
0
0
0
0
0
0
0
0
0
0
0
0
0
0
0
0
0
0
0
0
0
0
0
0
0
0.0302383
0
0.0297482
0.0297482
0.0297482
0.0297482
0.0297482
0.0297482
0.0297482
0.0297482
0.0297482
0.0297482
0.0297482
0.0297482
0.0297482
0.0297482
0.0297482
0.0297482
0.0297482
0.0297482
0.0297482
0.0297482
0.0297482
0.0297482
0.0297482
0.0297482
0.0297482
0.0297482
0.0302383
0.0302383
0.0297878
0.0302107
0.0302291
0.0302383
0.0302383
0.0302337
0.0302383
0.0302383
0.0302383
0.0302383
0.0302337
0.0302383
0.0302383
0.0302383
0.0302383
0.0302383
0.0302337
0.0302383
0.0302383
0.0302383
0.0302383
0
0
0
0
0.0302383
0.0302383
0
0
0
0.0300874
0.0300874
0
0.0300874
0.0300874
0.0300874
0
0.0300874
0.0300874
0.03849
0.0457389
0
0
0
0
0
0
0.0308754
0
0
0.0302383
0.0302383
0.0302383
0
0.0388173
0
0
0
0
0
0
0
0
0
0
0
0
0
0
0
0
0.0309839
0
0
0
0
0.0311236
0
0.0302383
0
0
0
0
0
0
0
0
0.0302383
0.0302383
0.0302383
0.0302383
0
0
0
0
0
0
0
0
0
0
0
0
0.0302383
0
0.0302383
0.0302383
0.0302383
0
0.0315702
0
0
0
0
0
0
0
0
0.0297044
0.0297044
0
0.0297044
0.0297044
0.0310336
0
0.0302291
0
0
0
0
0
0
0
0
0
0
0
0
0
0
0
0.0318089
0.0318089
0
0.0318089
0.0318089
0.0318089
0.0318089
0
0.0318089
0
0
0
0
0.119239
0.119239
0.119239
0
0
0
0
0
0
0
0.107006
0.107006
0.107006
0
0.107006
0
0
0
0
0
0
0.0318089
0.0318089
0.0318089
0
0.0318089
0.0318089
0
0.0318089
0
0.0318089
0.0318089
0.0318089
0
0
0
0
0
0
0
0
0
0.0670653
0
0.0671156
0.0671156
0.0671156
0.0671156
0
0.06742
0.0318089
0.0318089
0.0318089
0.0318089
0.0318089
0.0318089
0.0318089
0.0318089
0.0318089
0.0318089
0.0318089
0.0318089
0.0318089
0.0318089
0.0318089
0.0318089
0.0318089
0.0318089
0.0318089
0.0318089
0.0318089
0.0318089
0.0318089
0.0318089
0.0318089
0.0318089
0.0318089
0.0318089
0.0318089
0.0318089
0.0318089
0.0318089
0.0318089
0.0318089
0.0318089
0.0318089
0.0318089
0.0318089
0.0318089
0.0318089
0.0318089
0.0318089
0.0318089
0.0318089
0.0318089
0
0.0318089
0
0.0318089
0.0318089
0.0318089
0
0
0
0
0
0
0
0
0.0318089
0.0318089
0
0.0318089
0.0318089
0.0318089
0.0318089
0.0318089
0.0318089
0.0318089
0
0
0
0
0
0
0
0
0
0
0
0
0
0
0
0
0
0
0
0
0
0
0
0
0
0
0
0
0
0
0
0
0
0
0
0
0
0
0
0
0
0
0
0
0
0
0
0
0
0
0
0
0
0
0
0
0
0
0
0
0
0
0
0
0
0
0
0
0
0
0
0
0
0
0
0
0
0
0
0
0
0
0
0.0287361
0.0287361
0
0.0287361
0.0287361
0.0287361
0.0287361
0.0287361
0.0287361
0
0
0
0
0
0
0
0
0
0
0
0
0
0
0
0
0
0
0
0
0
0
0
0
0
0
0
0
0
0.028948
0
0.028948
0
0.028948
0.028948
0.0289521
0
0
0
0
0
0
0
0
0
0
0
0
0
0
0
0
0
0
0
0
0
0
0
0
0
0
0
0
0
0
0
0
0
0
0
0
0
0
0
0
0
0
0
0
0
0
0
0
0
0
0
0
0
0
0
0
0
0
0
0
0
0
0
0
0
0
0.0287361
0.0287361
0.0287361
0.0287361
0
0.0287361
0
0.0287361
0
0.0287361
0.0287361
0.0287361
0.0287361
0.0287361
0.0287361
0
0
0
0
0
0.0287361
0
0.0287361
0.0287361
0.0287361
0
0
0
0.0287361
0
0.0287361
0
0
0
0
0
0
0.0287361
0.0287361
0.0287361
0.0287361
0.0287361
0.0287361
0.0287361
0
0
0
0
0
0.0287361
0
0.0287361
0.0287361
0.0287361
0
0
0
0
0
0
0
0
0
0
0
0
0
0
0
0
0
0
0
0
0
0
0
0
0
0
0
0
0
0
0
0
0
0
0
0
0
0
0
0
0
0
0
0
0
0
0
0
0
0
0
0
0
0
0
0
0
0
0
0
0
0
0
0
0
0
0.028744
0
0
0
0
0
0
0
0
0
0
0
0
0
0
0
0
0
0
0
0
0
0
0
0
0.0637577
0.0637577
0.0637577
0.0637577
0
0
0
0
0
0
0.0645049
0
0
0
0
0
0
0.0642824
0.0482992
0.0482992
0.0482992
0
0.0482992
0.0543393
0.0543393
0.0543393
0.0543393
0.0558146
0
0
0
0
0
0
0
0
0
0
0
0
0
0
0
0
0
0
0
0
0
0
0
0
0
0
0
0
0
0
0
1
1
1
0
1
1
0
0.0318142
0
0
0.0302383
0.0302383
0.0302383
0
0
0
0
0
0
0
0
0
0
0
0
0
0
0.0302383
0.0302383
0
0
0
0
0.0302383
0.0302383
0
0.0302383
0
0.0302383
0.0302383
0.0302383
0
0
0
0.0302383
0.0310635
0
0
0
0.0302383
0.0302383
0.0302383
0.0302383
0.0302383
0
0.0444554
0
0
0
0
0
0
0
0
0
0
0
0
0
0
0
0
0
0
0
0
0
0
0
0
0
0
0
0
0
0
0
0
0
0
0
0
0
0
0
0
0
0
0
0
0
0
0
0
0
0
0
0
0
0
0
0
0
0
0
0
0
0
0
0
0
0
0
0
0
0
0
0
0
0
0
0
0
0
0
0
0
0
0
0
0
0.0310037
0
0
0
0
0
0.0311236
0
0
0
0
0
0
0
0.0359365
0.0359365
0.0359365
0.0359365
0.0302383
0.0302383
0.0302383
0
0
0
0
0
0
0
0
0
0
0
0
0
0
0
0
0
0
0
0
0
0.0324159
0.0324159
0
0
0
0
0.0302337
0.0302337
0.0302337
0.0302337
0.0302337
0.0302337
0.0302475
0.0302337
0.0302337
0.0302337
0.0302337
0
0
0.0302521
0
0
0
0
0
0
0
0
0
0
0
0
0
0.0318089
0
0
0
0
0
0
0
0
0
0
0
0
0
0
0.0308901
0.0308901
0.0308901
0
0
0
0
0
0
0
0
0
0
0
0
0.0308901
0.0308901
0
0
0
0
0
0
0
0
0
0
0
0
0.0302383
0.0302383
0
0
0
0
0
0.0304714
0.0304714
0.0304714
0.0304714
0.0304714
0.0304714
0.0304714
0.0304714
0.0304714
0.0304714
0.0304714
0.0304714
0.0304714
0.0304714
0.0304714
0.0304714
0.0385854
0.0385854
0.0383765
0.061199
0
0
0
0.0381339
0.062097
0
0
0
0
0
0
0
0
0
0
0
0
0
0
0
0
0
0
0
0
0
0
0
0
0
0
0
0.0302383
0.0302383
0.0302521
0.0302521
0.0302521
0.0302521
0.0302521
0.0302521
0.0302521
0.0302521
0.0302521
0.0302521
0.0302521
0.0302521
0.0302521
0.0302521
0.0302521
0.0302521
0.0302521
0.0302521
0.0302521
0.0302521
0.0302521
0.0302521
0.0302521
0
0.0302521
0.0302521
0.0302521
0.0302521
0.0302521
0.0302521
0.0302521
0.0302521
0.0302521
0.0302521
0.0302521
0.0302521
0.0302521
0.0302521
0.0302521
0.0302521
0.0302521
0.0302521
0.0302521
0.0302521
0.0302521
0.0302521
0.0302521
0.0302521
0.0302521
0.0302521
0.0302521
0.0302521
0.0302521
0.0302521
0.0302521
0.0302521
0.0302521
0.0302521
0.0302521
0.0302521
0.0302521
0.0302521
0.0302521
0.0302521
0.0302521
0.0302521
0.0302521
0.0302521
0.0302521
0.0302521
0.0302521
0.0302521
0.0302521
0.0302383
0.0302383
0.0302383
0
0
0
0
0
0
0
0
0
0
0
0
0
0
0
0
0
0
0
0
0
0
0
0
0
0
0
0
0
0
0
0
0
0
0
0
0
0
0
0
0
0.0310435
0
0
0.0311236
0
0
0
0
0
0
0
0
0
0.0302383
0.0302383
0.0302383
0
0.0310435
0
0
0
0
0
0
0
0
0
0
0
0
0
0
0
0
0
0
0
0
0
0
0
0
0
0
0
0
0
0
0
0
0
0
0
0
0
0
0
0
0
0
0
0
0
0
0
0
0
0
0
0
0
0
0
0
0
0
0
0
0
0
0
0
0
0
0
0
0
0
0
0
0
0
0
0
0
0
0
0
0
0
0
0
0
0.0308901
0.0308901
0.0308901
0.0308901
0.0308901
0.0308901
0.0308901
0
0
0.0333148
0
0.0333148
0.0333148
0.0333148
0
0.0333148
0.0333148
0.0333148
0.0340733
0.0340733
0.0333148
0.0333148
0.0333148
0.0319983
0
0
0
0
0
0
0
0
0
0
0.0308901
0.0308901
0.0308901
0.0308901
0.0308901
0.0308901
0
0
0
0.0305329
0.0305329
0.0305329
0.0305329
0.0305329
0.0308607
0
0.0305329
0.0305329
0
0.0305329
0.0305329
0.0305329
0.0305329
0.0305329
0.0305329
0.0305329
0
0
0.0305329
0.0305329
0.0305329
0
0
0.0305329
0.0305329
0.0305329
0
0
0
0
0
0
0
0
0
0
0.0305329
0.0305329
0.0305329
0.0375823
0.0379504
0.0379504
0
0.0379504
0.0379504
0.0438389
0.0379504
0.0380602
0.0305329
0.0305329
0.0384331
0.0305329
0.0384331
0.03059
0.0302383
0.0302383
0
0.0302383
0.0302383
0
0.0302383
0.0302383
0.0302383
0.0302383
0.0302383
0.0302383
0.0302383
0.0302383
0.0302383
0
0
0
0
0
0
0
0
0
0
0
0
0
0
0
0
0
0
0
0
0
0
0
0.0302383
0
0
0
0
0
0
0
0
0
0.0302383
0.0302383
0
0.0302383
0.0302383
0
0.0302383
0.0302383
0.0302383
0.0302383
0.0302383
0.0302383
0.0302383
0.0302383
0.0302383
0
0
0
0
0
0
0
0
0.0310635
0.0302383
0.0302383
0
0
0
0
0
0
0
0
0
0
0.0301466
0.0301466
0.0301466
0.0302337
0.0302153
0
0
0
0.0535544
0.0535544
0
0
0
0
0
0
0
0
0
0
0.0311236
0.0311236
0.0311236
0.0311236
0.0302383
0.0302383
0
0.0302383
0
0
0
0
0
0
0
0
0
0
0
0
0
0
0
0
0
0.0311236
0
0
0
0
0
0
0
0
0
0
0
0
0
0
0.0302383
0.0302383
0.0302383
0.0302383
0.0302383
0.0302383
0
0.0302383
0.0302383
0.0302383
0
0.0302383
0.0302383
0
0.0302383
0
0
0
0
0
0
0
0
0
0
0
0
0
0.0302383
0.0302383
0
0
0
0
0
0
0
0.0302383
0.0302383
0.0302383
0
0
0
0
0.0310935
0
0
0
0
0
0.0302383
0.0302383
0.0302383
0
0.0310435
0
0
0
0
0
0
0
0
0
0
0
0
0
0
0
0
0
0
0
0.0297482
0.0297482
0.0297482
0.0297482
0.0297482
0.0302383
0.0302383
0
0
0
0
0
0
0.0501886
0.0501886
0
0
0
0
0.0615846
0
0.061859
0.0639312
0
0
0
0
0
0
0
0
0.0616626
0
0.0627456
0.085023
0.0666667
0
0
0
0
0
0
0
0
0
0
0
0
0
0
0
0
0
0
0
0
0
0
0
0
0
0
0
0
0
0
0
0
0
0.0287361
0.0287361
0.0287361
0
0
0
0
0
0
0
0
0
0
0
0
0
0
0
0
0
0
0
0
0
0
0
0
0
0
0
0
0
0
0.0287361
0
0
0
0.0289521
0
0.0289521
0.0289521
0
0
0
0
0.0289521
0
0
0
0
0
0
0
0
0
0
0
0
0
0
0
0
0
0
0
0
0
0.0289521
0.0289521
0.0289521
0.0289521
0.0289521
0.0289521
0.0289521
0.0289521
0.0289521
0.0289521
0.0289521
0.0289521
0.0289521
0.0289521
0.0289521
0.0289521
0
0
0
0
0
0
0
0
0
0
0
0
0
0
0
0
0
0
0
0
0
0
0
0
0
0
0
0
0
0
0
0
0
0
0
0
0
0
0
0
0
0
0
0
0
0
0
0
0
0
0
0
0
0
0
0
0
0
0
0
0
0
0
0
0
0
0
0
0
0
0
0
0
0
0
0
0
0
0
0
0
0
0
0
0
0
0
0
0
0
0
0
0.0287361
0.0287361
0.0287361
0.0287361
0.0287361
0
0
0
0
0
0
0
0
0
0
0
0.0287361
0.0287361
0
0
0
0
0.0302291
0.0289521
0.0289521
0.0289521
0.0289521
0.0289521
0.0289521
0.0289521
0.0289521
0.0289521
0.0289521
0.0289521
0.0289521
0.0289521
0.0289521
0.0289521
0.0289521
0.0289521
0.0289521
0.0289521
0.0289521
0.0289521
0.0289521
0
0.0289521
0.0289521
0
0
0.0289521
0.0289521
0.0289521
0.0289521
0
0
0
0
0
0
0
0
0
0
0
0
0
0
0
0
0
0
0
0
0
0
0
0
0
0
0
0
0
0
0
0
0
0
0
0
0
0
0
0
0
0
0
0
0
0
0
0
0
0
0
0
0
0
0
0
0
0
0
0
0
0.0410075
0.0410075
0.0410075
0.219971
0.041019
0.041019
0.0514799
0.0514799
0
0
0
0
0
0
0
0
0
0
0
0
0
0
0
0
0
0.0409616
0.0409616
0.0409616
0.0409616
0.0514571
0
0
0
0
0
0
0
0
0
0
0
0
0
0
0
0
0
0
0
0
0
0
0
0
0
0
0
0
0
0
0
0
0
0
0
0
0
0
0
0
0
0
0
0
0
0
0
0
0
0
0
0
0
0
0
0
0
0
0
0
0
0
0
0
0
0
0
0
0
0
0
0
0
0
0
0
0
0
0
0
0
0.0289521
0.0289521
0.0289521
0.0289521
0.0289521
0.0289521
0
0
0.0289521
0.0289521
0
0
0
0
0
0
0
0.0289521
0.0289521
0.0289521
0
0.0289521
0
0
0.041019
0
0
0
0
0.032053
0
0
0
0
0
0.0409616
0.0409616
0.0409616
0.0409616
0.0409616
0.0409616
0.0409616
0.0409616
0.0409616
0.0409616
0.0409616
0.0409616
0.0409616
0.0409616
0.0411113
0.064775
0.064775
0.064775
0.0409616
0.0289521
0.0289521
0.0289521
0.0289521
0.0289521
0.0289521
0
0
0
0
0
0
0
0
0
0
0
0
0
0
0
0
0
0
0
0
0
0
0
0
0
0
0
0
0
0
0
0
0
0
0
0
0
0
0
0
0
0
0
0
0
0
0
0
0
0
0
0
0
0
0
0
0
0
0
0
0
0
0
0
0
0
0
0
0
0
0
0
0
0
0
0
0
0
0
0
0
0
0
0
0
0
0
0
0
0
0
0
0
0
0
0
0
0
0
0
0
0
0
0
0
0
0
0
0
0
0
0
0
0
0
0
0
0
0
0
0
0
0
0
0
0
0
0
0
0
0
0
0
0
0
0
0
0
0
0
0
0
0
0
0
0
0
0
0
0
0
0
0
0
0
0
0
0
0
0
0
0
0
0
0
0
0
0
0
0
0
0
0
0
0
0
0
0
0
0
0
0
0.0289521
0.0289521
0
0.0289521
0.0289521
0.0289521
0.0289521
0.0289521
0.0289521
0.0289521
0.0289521
0
0
0
0
0
0
0
0
0
0
0
0
0
0
0
0
0
0
0
0
0
0
0
0
0
0
0
0
0
0
0
0
0
0
0
0
0
0
0
0
0
0
0
0
0
0
0
0
0
0
0
0
0
0
0
0
0
0
0
0
0
0
0
0
0
0
0
0
0
0
0
0
0
0
0
0
0
0
0
0
0
0
0
0
0
0
0
0
0
0
0
0
0
0
0
0
0
0
0
0
0
0
0
0
0
0
0
0
0
0
0
0
0
0
0
0
0.0287361
0.0287361
0
0
0.0287361
0.0287361
0
0.0287361
0.0287361
0.0287361
0.0287361
0.0287361
0.0287361
0.0287361
0.0287361
0.0287361
0.0287361
0
0.0287361
0.0287361
0
0.0287361
0.0289521
0.0287361
0.0287361
0.0287361
0.0287361
0.0287361
0
0
0.0287361
0
0
0
0.0287361
0
0.0287361
0.0287361
0.0287361
0
0.0287361
0
0
0.0287361
0.0289521
0.0289521
0.0289521
0.0289521
0.0289521
0.0289521
0.0289521
0.0289521
0
0
0
0
0
0
0.0287361
0.0287361
0.0287361
0.0287361
0.0287361
0
0
0
0.0287361
0.0287361
0.0287361
0.0287361
0.0287361
0.0287361
0.0287361
0.0287361
0.0287361
0.0287361
0
0
0.0287361
0.0409616
0.0409616
0.0409616
0.0409616
0.0409616
0.0409616
0
0
0
0
0
0.041019
0.041019
0.041019
0.041019
0.160128
0
0
0
0
0
0
0
0
0
0
0
0
0
0
0
0
0
0
0
0
0
0
0
0
0
0
0
0
0
0
0.0289521
0.0289521
0.0289521
0.0289521
0.0289521
0.0289521
0
0
0
0
0
0
0
0
0
0
0
0
0
0
0
0
0
0
0
0
0
0
0
0
0
0
0
0.0780869
0.0780869
0
0
0
0
0
0
0
0
0.408248
0.408248
0
0
0
0
0
0
0
0
0
0
0
0
0
0
0
0
0
0
0
0
0
0
0
0
0
0
0
0
0
0
0
0
0
0
0
0.122169
0
0
0
0
0
0
0
0
0
1
1
1
1
0
0
0
0
0
0
0
0
0
0
0
0
0
0
0
0
0
0
0
0
0
0
0
0
0
0
0
0
0
0
0
0
0
0
0
0
0
0
0
0
0
0
0
0
0
0
0
0
0
0
0
0
0
0
0
0
0
0.377964
0
0.377964
0.377964
0
0
0
0
0
0
0
0
0
0
0
0
0
0
0
0
0
0
0
0
0
0
0
0
0
0
0
0
0
0
0
0
0
0
0
0
0
0
0
0
0
0
0
0
0
0
0
0
0
0
0
0
0
0
0
0
0
0
0
0
0
0
0
0
0
0
0
0
0
0
0
0
0
0
0
0
0
0
0
0
0
0
0
0
0
0
0
0
0
0
0
0
0
0
0
0
0
0
0
0
0
0
0
0.0608205
0.0608205
0.0608205
0.0608205
0
0
0
0
0
0
0
0
0
0
0
0
0
0.100335
0.100673
0.0390633
0.0390633
0.0390633
0.039143
0.039143
0.0363057
0.0367359
0.0463905
0.051031
0
0
0
0
0.0362341
0.0362341
0
0
0
0
0
0
0
0
0
0
0
0
0
0
0
0
0
0
0
0
0
0
0
0
0
0
0
0
0
0
0
0
0
0
0
0
0
0.0354812
0.0354812
0.235702
0
0
0
0
0
0
0
0
0
0
0
0
0
0
0
0
0
0
0
0
0
0
0
0.0584539
0
0.105215
0
0.105215
0.105215
0
0
0
0
0
0
0
0
0
0
0
0
0
0
0
0
0
0
0
0
0
0
0.115214
0
0
0
0
0
0
0
0
0
0
0
0
0
0
0
0
0
0
0
0
0
0
0
0
0
0
0
0
0
0
0
0
0.0286573
0.0286573
0.0286573
0
0
0
0
0
0.0300828
0
0
0
0
0
0
0
0
0
0
0
0
0
0
0
0
0
0
0
0
0
0
0
0
0
0
0
0
0
0
0
0
0
0
0
0
0
0.030142
0.030142
0
0.030142
0.030142
0
0
0
0
0
0
0
0
0
0
0
0
0
0
0
0
0
0
0.0318035
0
0
0
0
0
0
0
0.0311236
0.0311236
0.0311236
0.0311236
0.0311236
0.030142
0.030142
0
0.030142
0
0.030142
0.030142
0.0310535
0
0
0
0
0
0
0
0
0
0
0
0
0
0
0
0
0
0.0503367
0.0503367
0
0.0503367
0
0
0
0
0
0
0
0
0
0
0
0
0
0
0
0
0
0
0
0
0
0
0
0
0
0
0
0
0
0
0
0
0.038471
0
0.0384805
0
0
0
0
0
0
0
0
0
0
0
0
0
0
0
0
0
0
0
0.0300557
0.0300557
0.0300557
0.0311186
0
0.0301511
0.0302291
0.0302245
0
0
0
0
0
0
0
0
0
0
0
0
0
0
0
0
0
0
0
0
0
0
0.0311236
0
0
0
