0
0
0
0
0
0
0
0
0.0620323
0.0620323
0.0620323
0
0
0
0.0561684
0.0561684
0
0.0619987
0.0619987
0.0619987
0.0620323
0.0620323
0.0620323
0
0
0
0
0
0
0
0
0
0
0.0619987
0.0619987
0
0.0619987
0
0
0
0
0
0
0
0
0
0
0
0
0
0
0
0
0
0
0
0
0
0
0
0
0
0
0
0.0586399
0
0.0622686
0.10328
0
0.103331
0
0
0
0
0
0
0.503953
0
0.503953
0.503953
0.503953
0.503953
0.503953
0
0.503953
0.516398
0
0
0
0
0
0
0
0
0
0
0
0
0
0
0
0
0
0
0
0
0
0
0
0
0
0
0
0
0
0
0
0
0
0
0
0
0
0
0
0
0
0
0
0
0
0
0
0
0
0
0
0
0
0
0
0
0
0
0
0
0
0
0
0
0
0
0
0
0
0
0
0
0
0
0
0
0
0
0
0
0
0
0
0
0
0
0
0
0
0
0
0
0
0
0
0
0
0
0
0
0
0
0
0
0
0
0
0
0
0
0
0
0
0
0
0
0
0
0
0
0
0
0
0
0
0
0.102869
0.102869
0.102869
0.10328
0.10328
0.10328
0.10328
0.10328
0.10328
0.10328
0.10328
0.10328
0
0
0
0
0
0.172372
0.172372
0.172372
0
0.0865485
0
0
0
0
0
0.114473
0
0.114473
0
0
0
0
0
0
0
0.172613
0
0.172613
0
0.172613
0.172613
0
0
0
0.172613
0.172613
0.172613
0
0.172613
0.172613
0.172613
0.172613
0.172613
0.172613
0
0.172613
0
0
0
0.103022
0.103022
0.103022
0.103022
0.112956
0.112956
0.112956
0.112956
0.105409
0.18006
0
0.18006
0
0
0.18006
0.107038
0
0.107038
0
0.107038
0
0.107038
0.170716
0.107211
0
0
0
0
0
0.115542
0
0.115542
0
0.115542
0
0.115542
0
0.115542
0
0
0
0
0
0
0
0
0
0
0
0
0
0
0
0
0
0
0
0
0
0
0
0
0
0
0
0
0
0
0
0
0.18431
0.118626
0.185795
0.181724
0.181724
0.120386
0.116941
0
0
0
0
0
0
0
0
0
0
0
0
0
0
0
0
0
0
0
0
0
0
0
0
0.10292
0.10292
0.10292
0.111629
0.111629
0.111629
0.111629
0.111629
0.172613
0.10292
0.104919
0.10292
0.10292
0.103022
0.103022
0.105027
0.11176
0.188562
0.103022
0.103022
0.105027
0.111891
0
0.0865485
0
0
0
0
0
0
0.172613
0.172613
0.172613
0.172613
0.172613
0.172613
0.172613
0.172613
0.172613
0.172613
0.172613
0.172613
0.172613
0
0
0
0
0
0
0
0
0
0
0
0
0
0
0
0
0
0
0
0
0
0
0
0
0
0
0
0
0
0
0
0.104919
0.104919
0.104919
0.104919
0.104919
0.20025
0.20025
0.105354
0.105354
0.105354
0.105354
0.105354
0.105354
0.105354
0.105354
0.104919
0
0
0.105354
0.105354
0.105354
0.105354
0.105354
0.105354
0.105354
0.105354
0.104919
0.0362977
0
0
0
0
0
0
0
0
0
0
0
0
0
0
0
0
0
0
0.0751646
0.0751646
0
0.0751646
0.0751646
0.0751646
0.0751646
0.0751646
0.0751646
0
0
0
0
0
0
0
0
0
0.172613
0
0
0
0
0
0
0
0.105027
0.105027
0.104919
0.104919
0.105354
0.105354
0.105354
0.115687
0.105354
0.105354
0.105354
0.105354
0.115687
0.105354
0.104919
0.115687
0.115687
0.115687
0.115687
0
0
0
0
0
0
0
0
0
0
0
0
0
0
0
0
0
0
0
0
0
0
0
0
0
0
0
0
0
0
0
0
0
0
0
0
0
0
0
0
0
0
0
0
0
0
0
0
0
0
0
0
0
0
0
0
0
0
0
0
0
0
0
0
0
0
0
0
0
0
0
0
0
0
0
0
0
0
0
0
0
0
0
0
0
0
0
0
0
0
0
0
0
0
0
0
0
0
0
0
0
0
0
0
0
0
0
0
0
0
0
0
0
0
0
0
0
0
0
0
0
0
0
0
0
0
0
0
0
0
0
0
0
0
0
0
0
0
0
0
0
0
0
0
0
0
0
0
0
0
0
0
0
0
0
0
0
0
0
0
0
0
0
0
0
0
0
0
0
0
0
0
0
0
0
0
0
0
0
0
0
0
0
0
0
0
0
0
0
0
0
0
0
0
0
0
0
0
0
0
0
0
0
0
0
0
0
0
0
0
0
0
0
0
0
0
0
0
0
0
0
0
0
0
0
0
0
0
0
0
0
0
0
0
0
0
0
0
0
0
0
0
0
0
0
0.0559372
0.0565544
0.0565544
0
0.0565544
0.0565544
0.0565544
0
0.0565544
0.0565544
0.072257
0
0.101323
0
0
0
0.0770657
0.0770657
0.0580259
0.0733236
0
0.0562433
0.0562433
0
0.0562433
0.0562433
0
0.0562433
0.0562433
0
0.0771087
0.0771087
0.0897235
0
0.102615
0.102615
0
0
0
0
0
0
0
0.0577892
0.0567333
0.0565544
0.102413
0.0559454
0.0559454
0
0.0559454
0.0559454
0.0567762
0
0.0568105
0
0
0
0
0
0
0
0
0
0
0
0
0.114332
0
0.114332
0.114332
0.134231
0.134231
0.134231
0
0
0.19245
0.19245
0
0.226455
0.226455
0
0.226455
0.226455
0
0
0
0
0
0
0
0
0
0
0
0
0
0
0
0
0
0
0
0
0
0
0
0
0
0
0
0
0
0
0
0
0
0
0
0
0
0
0
0
0
0
0
0
0
0
0
0
0
0
0
0
0
0
0
0
0
0
0
0
0
0
0
0
0
0
0
0
0
0
0
0
0
0
0
0
0
0
0
0
0
0
0
0
0
0
0.0584612
0
0.13378
0.13378
0.100361
0.134231
0.134345
0
0
0
0
0
0
0
0
0
0
0.103695
0.103695
0.103695
0.103695
0
0
0
0
0
0
0
0
0
0
0
0
0
0
0
0
0
0
0
0
0
0
0
0
0
0
0
0.0567248
0.0540812
0.0540812
0
0.0540812
0.0540812
0.0540812
0.0540812
0.0540812
0.0540812
0.0568449
0.0568449
0.0568449
0.0568449
0.0568449
0.0568449
0.0568449
0.0568449
0.0568449
0.0568535
0
0.0568449
0
0.0568449
0
0.0568449
0
0.0568449
0.0568449
0.0568449
0.0603057
0.0603057
0
0.0603057
0
0.0603057
0.0603057
0.0603057
0.0603057
0.0544709
0
0.0544709
0
0.0544709
0.0544709
0.0544785
0
0
0
0
0
0
0
0
0
0
0
0
0
0
0
0
0
0
0
0
0
0
0
0
0
0
0
0
0
0
0
0
0
0
0
0
0
0
0
0
0
0
0
0
0
0
0
0
0
0
0
0
0
0
0
0
0
0
0
0
0
0
0
0
0
0
0.0540812
0.0540812
0.0540812
0.0540812
0
0.0540812
0
0.0540812
0
0.0540812
0.0540812
0.0540812
0.0540812
0.0540812
0.0540812
0
0
0
0
0
0.0540812
0
0.0540812
0.0540812
0.0540812
0
0
0
0.0540812
0
0.0540812
0
0
0
0
0
0
0.0540812
0.0540812
0.0540812
0.0540812
0.0540812
0.0540812
0.0540812
0
0
0
0
0
0.0540812
0
0.0540812
0.0540812
0.0540812
0
0
0
0
0
0
0
0
0
0
0
0
0
0
0
0
0
0
0
0
0
0
0
0
0
0
0
0
0
0
0
0
0
0
0
0
0
0
0
0
0
0
0
0
0
0
0
0
0
0
0
0
0
0
0
0
0
0
0
0
0
0
0
0
0
0
0.0540886
0
0
0
0
0
0
0
0
0
0
0
0
0
0
0
0
0
0
0
0
0
0
0
0
0
0
0
0
0
0
0
0
0
0
0
0
0
0
0
0
0
0
0.0905126
0.0905126
0.0905126
0
0.0905126
0.101666
0.101666
0.101666
0.101666
0.104381
0.114403
0.114332
0.114332
0.114332
0
0
0
0
0
0
0
0
0
0
0
0.114332
0.114332
0
0.114332
0
0
0
0
0
0
0
0
0
0
0
0
0
0
0
0
0
0
0
0
0
0
0
0
0
0
0
0
0
0.0597781
0
0
0.0559208
0.0559208
0.0559208
0.0559208
0.0559208
0.0559208
0.0559208
0.0559208
0.0559208
0.0559208
0.0559208
0.0559208
0.0559208
0.0559208
0.0559208
0.0559208
0.0559208
0.0559208
0.0559208
0.0559208
0.0559208
0.0559208
0.0559208
0.0559208
0.0559208
0.0559208
0.0568363
0.0568363
0.0559947
0.0567847
0.0568191
0.0568363
0.0568363
0.0568277
0.0568363
0.0568363
0.0568363
0.0568363
0.0568277
0.0568363
0.0568363
0.0568363
0.0568363
0.0568363
0.0568277
0.0568363
0.0568363
0.0568363
0.0568363
0.142374
0
0
0
0
0
0
0
0
0
0
0
0
0
0
0
0
0
0
0
0
0
0
0
0
0
0
0
0
0
0
0
0
0
0
0
0
0
0
0
0
0
0
0
0
0
0
0
0
0.192785
0.192785
0.199131
0
0
0
0
0
0
0
0
0
0
0
0
0
0
0
0
0
0
0
0.193801
0.193801
0.193801
0.193801
0.193801
0.193801
0.193801
0.193801
0
0.193801
0.193801
0
0
0
0
0
0
0
0
0
0
0
0
0
0
0
0
0
0
0
0
0
0
0
0
0
0
0
0
0
0.220193
0
0
0
0.234484
0.234484
0.232104
0.232104
0
0
0
0
0
0
0
0
0
0
0
0
0
0
0
0
0
0
0
0
0
0
0
0
0
0
0
0
0
0
0
0
0
0
0
0
0.209946
0.209946
0.210819
0.285351
0.285351
0
0.194143
0.193801
0.193801
0.193801
0.193801
0.193801
0.194143
0.194143
0.203727
0.203727
0.20739
0.20739
0.20739
0.209946
0.209946
0.209946
0.209946
0.209946
0
0
0
0
0.209946
0.210381
0.210381
0.209946
0.193801
0.193801
0
0
0
0
0
0
0
0
0.199131
0
0.199131
0.199131
0.199131
0.199131
0.199131
0.199131
0.199502
0.199502
0.199502
0.199502
0
0
0
0
0
0
0
0
0
0
0
0
0
0
0
0
0
0
0
0
0
0
0
0
0
0
0
0
0
0.10328
0.10328
0.10328
0.10328
0.10328
0.10328
0.10328
0.10328
0.10328
0.10328
0.147996
0.147996
0.147996
0.147996
0.147996
0.147996
0.147996
0.147996
0.147996
0.147996
0
0.113228
0
0.114262
0
0
0
0
0
0
0
0
0
0
0
0
0
0.20739
0.198762
0
0.198762
0
0
0
0
0
0
0
0
0
0
0
0
0
0
0
0
0
0
0
0
0
0
0
0
0.0739221
0.0739221
0
0.0739221
0.0739221
0
0
0
0
0
0
0
0
0
0
0
0
0
0.074227
0.074227
0.074227
0
0
0
0
0
0
0
0
0
0
0
0
0
0
0
0
0
0
0
0
0
0
0.0349749
0.0349749
0
0.0349749
0
0
0
0
0
0
0
0
0
0
0
0
0
0
0
0
0
0
0
0
0
0
0
0
0
0
0
0
0
0
0
0
0
0
0
0
0
0
0
0
0
0
0
0
0
0
0
0
0
0
0
0
0
0
0
0
0
0
0
0
0
0
0
0
0
0
0
0
0
0
0
0
0
0
0
0
0
0
0
0
0
0
0
0
0
0
0
0
0
0
0
0
0
0
0
0
0
0
0
0
0
0
0
0
0
0
0
0
0
0
0
0
0
0
0
0
0
0
0
0
0
0
0
0
0
0
0
0
0
0
0
0
0
0
0
0
0
0
0
0
0
0
0
0
0
0
0
0
0
0
0
0
0
0
0
0
0
0
0
0
0
0
0
0
0
0
0
0
0
0
0
0
0
0
0
0
0
0
0
0
0
0
0
0
0
0
0
0
0
0
0
0
0
0
0
0
0
0
0
0
0
0
0
0
0
0
0
0
0
0
0
0
0
0
0
0
0
0
0
0
0
0
0
0
0
0
0
0
0
0
0
0
0
0
0
0
0
0
0
0
0
0
0
0
0
0
0
0
0
0
0
0
0
0
0
0
0
0
0
0
0
0
0
0
0
0
0
0
0
0
0
0
0
0
0
0
0
0
0
0
0.0922286
0.0922286
0
0
0
0
0
0.129914
0
0
0
0
0
0
0
0
0.0645497
0.0739221
0.0566139
0.0566139
0.0598684
0
0.0598684
0.0598684
0
0.061199
0.320256
0.320256
0.35218
0
0.338667
0.338667
0
0.377124
0
0
0
0
0.0778499
0
0.0778499
0
0.0778499
0.0778499
0
0.0778499
0.0778499
0.272166
0
0
0
0
0
0
0
0
0
0
0
0
0
0
0
0
0
0
0
0
0
0
0
0
0
0
0
0
0
0
0
0
0
0
0
0
0
0
0
0
0
0
0
0
0
0
0
0
0
0
0
0
0
0
0
0
0
0
0
0
0
0
0
0
0
0
0
0.0864272
0.0865181
0
0
0
0
0
0
0
0
0
0.087256
0
0
0
0
0
0
0
0
0
0
0
0
0
0
0
0
0
0
0
0
0
0
0
0
0
0
0
0
0
0
0
0
0
0
0
0
0
0
0
0
0
0
0
0
0
0
0
0
0
0
0
0
0
0
0
0
0
0
0
0
0
0
0
0
0
0
0
0
0
0
0
0
0
0
0
0
0
0
0
0
0
0
0
0
0
0
0
0
0
0
0
0
0
0
0
0
0
0
0
0
0
0
0
0
0
0
0
0
0
0
0
0
0
0
0
0
0
0
0
0
0
0
0
0
0
0
0
0
0
0
0
0
0
0
0
0
0
0
0
0
0
0
0
0
0
0
0
0
0
0
0
0
0
0
0
0
0
0
0
0
0
0
0
0
0
0
0
0
0
0
0
0
0
0
0
0
0
0
0
0
0
0
0
0
0
0
0
0
0
0
0
0
0
0
0
0
0
0
0
0
0
0
0
0
0
0
0
0
0.0733051
0.0733051
0.0733051
0.0734533
0.0734533
0.0681747
0.0689758
0
0
0
0
0
0
0.0680414
0.0680414
0
0
0
0
0
0
0
0
0
0
0
0
0
0
0
0
0
0
0
0
0
0
0
0
0
0
0
0
0
0
0
0
0
0
0
0
0
0.0666389
0.0666389
0
0
0
0
0
0
0
0
0
0
0
0
0
0
0
0
0
0
0
0
0
0
0
0
0.109048
0.117698
0
0
0
0
0
0
0
0
0
0
0
0
0
0
0
0
0
0
0
0
0
0
0
0
0
0
0
0
0
0
0
0.105409
0.105409
0.105409
0.105796
0
0
0
0
0.0751646
0.0751646
0
0
0.105796
0
0
0
0
0
0
0
0
0
0
0
0
0
0
0
0
0
0
0
0
0
0
0
0
0
0
0
0
0
0.10519
0.10519
0.10519
0.105245
0
0
0
0
0
0
0
0
0
0
0
0
0.0745356
0.0745356
0.0745356
0
0
0
0.0745356
0
0
0
0
0
0
0
0.105136
0.105136
0.105136
0.105136
0.105136
0.105574
0
0
0
0
0
0
0
0
0
0
0
0
0
0
0
0
0
0
0
0
0
0
0
0
0
0
0
0
0
0
0
0
0
0
0
0
0.17002
0.17002
0.171184
0
0
0
0
0
0
0
0
0
0
0
0
0
0
0
0
0
0
0
0
0
0
0
0
0
0
0.18006
0.18006
0.18006
0.18006
0
0
0
0
0
0
0
0
0.180334
0
0
0
0
0
0.0860663
0
0.0870388
0.0870388
0.0870388
0.0870388
0.0870388
0.19803
0
0
0
0
0
0
0
0
0
0
0
0
0
0
0.0870388
0.0870388
0.0870388
0
0.0880451
0.0885615
0
0.0880451
0.170251
0.170251
0
0
0
0
0
0
0
0
0
0
0
0
0
0
0
0
0.210819
0.258199
0.258199
0.258199
0.258199
0.272166
0.272166
0
0
0
0
0
0
0.170251
0
0
0
0
0
0
0
0
0
0
0
0
0
0
0
0
0
0
0
0
0
0
0
0
0
0
0
0
0
0
0
0
0
0
0
0
0
0
0
0
0
0
0
0.0870388
0.0870388
0.0870388
0.0870388
0.0870388
0.142134
0
0
0
0
0
0
0
0
0
0
0
0
0
0
0
0
0
0
0
0
0
0
0
0
0
0
0
0
0
0
0
0
0
0
0.182574
0.182574
0.182574
0
0
0
0
0.264906
0.264906
0.264906
0.188562
0.188562
0.188562
0
0
0
0
0
0
0
0
0
0
0
0
0
0
0
0
0
0
0
0
0
0
0
0
0
0
0
0
0
0
0
0
0
0
0
0
0
0
0
0
0
0
0
0
0
0
0
0
0
0
0
0
0
0
0
0
0
0
0
0
0
0
0
0
0
0
0
0
0
0
0
0
0
0
0
0
0
0
0
0
0
0
0
0
0
0
0
0
0
0
0
0
0
0
0
0
0
0
0
0
0
0
0
0
0
0
0
0
0
0
0
0
0
0
0
0
0
0
0
0
0
0
0
0
0
0
0
0
0
0
0
0
0
0
0
0
0
0
0.123004
0.123004
0.123004
0.124696
0.124696
0.124696
0.125153
0.125153
0.125153
0.184604
0.184604
0.184604
0.186097
0.186097
0.186097
0.1864
0.1864
0.1864
0.186704
0.186704
0.186704
0
0
0
0
0
0
0
0
0
0
0
0
0
0
0
0
0
0
0
0
0
0
0
0
0
0
0
0
0
0
0
0
0
0
0
0
0
0
0
0
0
0
0
0
0
0
0.0556765
0
0
0
0
0
0
0.0566564
0.0566564
0
0.0566564
0.0566564
0
0
0
0
0
0
0
0
0
0
0
0
0
0
0
0
0
0
0.0597581
0
0
0
0
0
0
0
0.0584893
0.0584893
0.0584893
0.0584893
0.0584893
0.0566564
0.0566564
0
0.0566564
0
0.0566564
0.0566564
0.0583584
0
0
0
0
0
0
0
0.0967302
0.055839
0.055839
0
0.055839
0.055839
0.0583212
0
0.0568191
0
0
0
0
0
0
0
0
0
0
0
0
0
0
0
0.0538821
0.0538821
0.0538821
0.0538821
0.0538821
0.0538821
0.0538821
0.0538821
0.0538821
0.0538821
0.0538821
0.0538821
0.0538821
0.0538821
0.0538821
0.0552922
0.0549624
0.0549546
0.0551187
0.0559208
0.0550873
0.0551895
0.0559208
0.0552447
0.055221
0.0559126
0.0559208
0
0
0
0.0823736
0.0823736
0.0823474
0.0823474
0.0823474
0.0823474
0.0823474
0
0
0
0.0823474
0.0823474
0.103487
0.103487
0.10756
0.103487
0
0
0
0
0
0
0.107154
0
0.0821128
0.0821128
0.0821128
0.0821128
0
0.0821128
0.0821128
0.0821128
0
0.0843837
0
0.0846099
0
0.103074
0
0
0
0
0
0
0
0
0
0
0
0
0
0
0
0
0
0
0.106981
0
0
0
0
0.0845815
0.0829829
0
0
0.0846099
0.0823474
0
0
0
0.106468
0
0
0
0
0
0
0
0
0
0
0
0
0.224544
0.224544
0.224544
0.224544
0.224544
0.224544
0.224544
0.224544
0.224544
0.224544
0
0
0
0
0
0
0
0
0
0
0
0
0
0
0
0
0
0
0
0
0
0
0
0
0
0
0
0
0
0
0
0
0
0
0
0
0
0
0
0
0
0
0
0
0
0
0
0
0
0
0
0
0
0
0
0
0
0
0
0
0.215666
0.215666
0
0
0
0.228416
0
0.246183
0.215666
0
0.215666
0
0
0
0
0
0
0
0
0
0
0
0
0
0
0
0
0
0
0
1
0
0
0
0
0
0.0568363
0.0568363
0
0.0568363
0.0568363
0
0.0568363
0.0568363
0.0568363
0.0568363
0.0568363
0.0568363
0.0568363
0.0568363
0.0568363
0
0
0
0
0
0
0
0
0
0
0
0
0
0
0
0
0
0
0
0
0
0
0
0.0568363
0
0
0
0
0
0
0
0
0
0.0568363
0.0568363
0
0.0568363
0
0.0568363
0.0568363
0.0568363
0
0
0.107269
0.0568363
0.0583771
0
0
0
0.0568363
0.0568363
0
0.0568363
0.0568363
0
0.0568363
0.0568363
0.0568363
0.0568363
0.0568363
0.0568363
0.0568363
0.0568363
0.0568363
0
0
0
0
0
0
0
0
0.0583771
0.0568363
0.0568363
0
0
0
0
0
0
0
0
0
0
0.056665
0.056665
0.056665
0.0568277
0.0567933
0
0
0
0
0
0
0
0
0
0
0
0
0
0
0
0.0584893
0.0584893
0.0584893
0.0584893
0.0568277
0.0568277
0.0568277
0.0568277
0.0568277
0.0568277
0.0568535
0.0568277
0.0568277
0.0568277
0.0568277
0
0
0.0568621
0
0
0
0
0
0
0
0
0
0
0
0
0
0.0597681
0
0
0
0
0
0
0
0
0
0
0
0
0
0
0
0
0
0
0
0
0
0
0
0
0
0
0
0
0
0
0
0
0
0
0
0
0
0
0
0
0
0
0
0
0
0
0
0
0
0
0
0
0
0
0
0
0
0
0
0
0
0
0
0
0
0
0
0
0
0
0
0
0
0
0
0
0
0
0
0
0
0
0.0564951
0.0564951
0.0564951
0.0584799
0
0.0566735
0.0568191
0.0568105
0
0
0
0
0
0
0
0
0
0
0
0
0
0
0
0
0
0
0
0
0
0
0.0584893
0
0
0
0.0568363
0.0568363
0.0568363
0.0568363
0
0
0
0
0
0
0
0
0
0
0
0
0.0568363
0
0.0568363
0.0568363
0.0568363
0.0568363
0.0568363
0.0568363
0
0.0568363
0.0568363
0.0568363
0
0.0568363
0.0568363
0
0.0568363
0
0
0
0
0
0
0
0
0.107327
0.107327
0
0
0.0792584
0.0568363
0.0568363
0
0
0
0
0
0
0
0.0568363
0.0568363
0.0568363
0
0.0593228
0
0
0
0
0
0
0
0
0
0
0.246183
0
0.246183
0
0
0
0
0
0
0
0
0
0
0
0
0
0
0
0
0
0
0
0
0
0
0
0
0
0
0
0
0
0
0
0
0
0
0
0
0
0
0
0
0
0.0729386
0.275589
0.0729568
0.072204
0
0.0722217
0
0
0
0
0
0
0
0
0
0
0
0
0
0
0
0
0
0
0
0.10756
0.10756
0.10756
0.10756
0.10756
0.10756
0.10756
0
0
0
0.10756
0.10756
0
0
0
0
0.10756
0.10756
0.10756
0.10756
0.10756
0
0.0568363
0.0568363
0
0.0568363
0
0
0
0
0
0
0
0
0
0
0
0
0
0
0
0
0
0.0584893
0
0
0
0
0
0
0
0
0
0
0
0
0
0
0.0580534
0.0580534
0.0580534
0.0580534
0.0580534
0.0580534
0.0580534
0.0715084
0.0175927
0.0156614
0
0.0156614
0.0156614
0.0156614
0
0.0156614
0.0156614
0.0156614
0.0160159
0.0160159
0.0156614
0.0156614
0.0156614
0.0601215
0
0
0
0
0
0
0
0
0
0
0.0580534
0.0580534
0.0580534
0.0580534
0.0580534
0.0580534
0
0
0
0.0568363
0.0568363
0.0568363
0.0568363
0.0568363
0
0
0
0
0
0
0.0799201
0
0.107038
0
0
0
0.0568621
0.0568621
0.0568621
0.0568621
0.0568621
0.0568621
0.0568621
0.0568621
0.0568621
0.0568621
0.0568621
0.0568621
0.0568621
0.0568621
0.0568621
0.0568621
0.0568621
0.0568621
0.0568621
0.0568621
0.0568621
0.0568621
0.0568621
0.0568621
0.0568621
0.0568621
0.0568621
0.0568621
0.0568535
0.0568621
0.0568621
0.0568621
0.0568621
0.0568621
0.0568621
0.0568363
0.059559
0.0568363
0.0568363
0.0569658
0.0568363
0.0568363
0.0568363
0.0568363
0.0568363
0.0568363
0.0568363
0.0568363
0.0568363
0.0568363
0.0568363
0.0568363
0.0568363
0.0568363
0.0568363
0.0568363
0.0568363
0.0568363
0.0568363
0.0568363
0.0568363
0.0568363
0.0568363
0.0568363
0.0568363
0.0568363
0.0568363
0.0568363
0.0568363
0.0568363
0.0568363
0.0568363
0.0568363
0.0568363
0.0568363
0.0568363
0.0568363
0.0568363
0.0569658
0.0568363
0.0568363
0
0
0
0.0567248
0.0567248
0
0
0
0
0.107038
0.107038
0.107038
0.107038
0.107038
0.107038
0.107038
0
0
0
0
0.133556
0.133556
0.133556
0.133556
0.133556
0
0.13378
0
0.133892
0.133892
0.133892
0.133892
0
0.133892
0
0.134005
0.0508329
0.0508329
0.0508329
0.0508329
0.0508329
0
0
0
0
0
0
0
0
0
0
0
0
0
0
0
0
0
0
0
0
0
0
0
0
0
0
0
0
0
0
0
0
0
0
0
0
0
0
0
0
0
0
0
0
0
0
0
0
0
0
0
0
0
0
0
0
0
0
0
0
0
0
0
0
0
0
0.0568363
0
0
0
0
0
0
0
0
0
0
0
0
0
0
0
0
0
0
0
0
0
0
0
0
0
0
0.153112
0.153112
0.153112
0.153112
0.15328
0.15328
0.0748481
0.0748481
0.0748481
0.0748481
0
0
0
0
0.039841
0.273115
0.140807
0
0
0
0
0
0
0
0
0
0
0
0
0
0
0
0
0.0989693
0.0989693
0.0989693
0
0
0
0
0
0
0
0.115615
0
0
0
0
0
0
0
0
0
0
0
0
0.0984732
0
0
0
0
0
0.087256
0.087256
0.087256
0
0
0
0
0
0
0
0
0
0
0
0
0
0
0
0
0
0
0
0
0
0
0.10756
0.10756
0.10756
0.10756
0.10756
0.129505
0
0.10756
0
0.10756
0.10756
0.10756
0.10756
0.10756
0.10756
0.10756
0
0
0
0
0
0
0
0
0
0
0
0
0
0
0
0.10756
0.10756
0.10756
0.10756
0.10756
0.10756
0.10756
0.10756
0.10756
0.10756
0.10756
0.10756
0.10756
0.10756
0.10756
0.104116
0.104116
0.117091
0.117091
0.104116
0.104116
0.104116
0
0
0
0
0
0
0
0
0.107501
0.104116
0.104116
0.107327
0.115687
0.104116
0.104116
0.104116
0.104116
0.117622
0.117622
0.117622
0.117622
0.104116
0.104116
0.117091
0.117091
0.104116
0.104116
0
0
0
0
0
0.116199
0
0.116199
0.11642
0.11642
0
0.11642
0.11642
0
0
0
0
0
0
0
0
0
0
0
0
0
0
0
0
0
0
0
0
0
0
0
0
0.117622
0.117622
0
0
0
0
0
0
0
0
0
0
0
0
0
0
0
0
0
0.104116
0.104116
0.104116
0.104116
0.104116
0.104116
0.104116
0.104116
0.104116
0.117091
0.104116
0
0.104116
0.104116
0.104116
0.104169
0.104169
0.104169
0.104169
0.104169
0.104169
0.104169
0.104169
0.104169
0.104169
0.104169
0.104116
0.104116
0.104116
0.104116
0.104116
0.104116
0.104116
0.104116
0.104116
0.104116
0.104116
0.104116
0.104116
0.104116
0.104116
0.104116
0.104116
0.104116
0.104116
0.104116
0.104116
0.107038
0
0
0.106981
0.087256
0.087256
0.087256
0.087256
0.087256
0
0.087256
0.087256
0.087256
0
0
0.087256
0
0
0
0
0
0
0
0
0
0
0
0
0
0
0
0
0
0
0
0
0
0
0
0
0
0
0
0
0
0
0
0
0
0.087256
0.087256
0.087256
0.087256
0.087256
0.087256
0.087256
0.087256
0.087256
0.087256
0.087256
0.087256
0.087256
0.087256
0.087256
0.087256
0.087256
0.087256
0.087256
0.087256
0.087256
0.087256
0.087256
0.087256
0.087256
0.087256
0.087256
0.087256
0.087256
0.087256
0.087256
0.087256
0.087256
0.087256
0.087256
0.087256
0.087256
0.087256
0.087256
0.087256
0.087256
0.087256
0.087256
0.087256
0.087256
0
0.087256
0
0.087256
0.087256
0.087256
0
0
0
0
0
0
0
0
0
0
0
0
0
0
0
0
0
0.0872872
0.0872872
0.0872872
0
0
0
0
0
0
0
0
0
0
0
0
0.0872872
0.0872872
0
0
0
0
0.0568363
0.0568363
0.0568621
0.0568621
0.0568621
0.0568621
0.0568621
0.0568621
0.0568621
0.0568621
0.0568621
0.0568621
0.0568621
0.0568621
0.0568621
0.0568621
0.0568621
0.0568621
0.0568621
0.0568621
0.0568621
0.0568621
0.0568621
0.0568621
0.0568621
0
0.0568621
0.0568621
0.0568621
0.0568621
0.0568621
0.0568621
0.0568621
0.0568621
0.0568621
0.0568621
0.0568621
0.0568621
0.0568621
0.0568621
0.0568621
0.0568621
0.0568621
0.0568621
0.0568621
0.0568621
0.0568621
0.0568621
0.0568621
0.0568621
0.0568621
0.0568621
0.0568621
0.0568621
0.0568621
0.0568621
0.0568621
0.0568621
0.0568621
0.0568621
0.0568621
0.0568621
0.0568621
0.0568621
0.0568621
0.0568621
0.0568621
0.0568621
0.0568621
0.0568621
0.0568621
0.0568621
0.0568621
0.0568621
0.0568621
0.0597681
0.0597681
0.0597681
0
0.0597681
0.0597681
0
0.0597681
0
0.0597681
0.0597681
0.0597681
0
0
0
0
0
0
0
0
0
0
0
0
0
0
0
0
0
0.0597681
0.0597681
0.0597681
0.0597681
0.0597681
0.0597681
0.0597681
0.0597681
0.0597681
0.0597681
0.0597681
0.0597681
0.0597681
0.0597681
0.0597681
0.0597681
0.0597681
0.0597681
0.0597681
0.0597681
0.0597681
0.0597681
0.0597681
0.0597681
0.0597681
0.0597681
0.0597681
0.0597681
0.0597681
0.0597681
0.0597681
0.0597681
0.0597681
0.0597681
0.0597681
0.0597681
0.0597681
0.0597681
0.0597681
0.0597681
0.0597681
0.0597681
0.0597681
0.0597681
0.0597681
0
0.0597681
0
0.0597681
0.0597681
0.0597681
0
0
0
0
0
0
0
0
0.0573864
0.0573864
0.0573864
0.0573864
0.0573864
0.0579984
0
0.0573864
0.0573864
0
0.0573864
0.0573864
0.0573864
0.0573864
0.0573864
0.0573864
0.0573864
0
0
0.0573864
0.0573864
0.0573864
0
0
0.0573864
0.0573864
0.0573864
0
0
0
0
0
0
0
0
0
0
0.0573864
0.0573864
0.0573864
0.070551
0.0712358
0.0712358
0.106018
0.0712358
0.0712358
0.0821648
0.0712358
0.07144
0.0573864
0.0573864
0.0721512
0.0573864
0.0721512
0.057493
0.0572716
0.0572716
0.0572716
0.0572716
0.0572716
0.0572716
0.0572716
0.0572716
0.0572716
0.0572716
0.0572716
0.0572716
0.0572716
0.0572716
0.0572716
0.0572716
0.0724345
0.0724345
0.0720282
0
0.0736585
0.408248
0.0783862
0.0715771
0
0.0728297
0
0
0
0
0
0
0
0
0
0
0
0
0
0
0.07698
0.07698
0.07698
0.07698
0
0
0
0
0
0.07698
0.07698
0.07698
0.0568363
0.0568363
0.0568363
0
0.0568363
0.0568363
0.0568363
0.0568363
0.0568363
0.0568363
0.0568363
0.0568363
0.0568363
0.0568363
0.0568363
0.0568363
0.0568363
0.0568363
0.0568363
0.0568363
0.0568363
0.0568363
0.0568363
0.0568363
0.0568363
0.0578527
0
0.0579163
0.101963
0
0.101963
0.101963
0.0771517
0
0.0771517
0.0771517
0.0771517
0.0771517
0.0771517
0.102767
0
0
0
0
0
0
0
0
0
0
0
0
0
0
0
0
0
0.0568363
0.0568363
0.0568363
0.0568363
0.0568363
0.0568363
0.0568363
0.0568363
0.0568363
0.0568363
0.0568363
0.0568363
0.0568363
0.0568363
0.0568363
0.0568363
0.0568363
0.0568363
0.0568363
0.0568363
0.0568363
0.0568363
0.0568363
0.0568363
0.0568363
0.0568363
0.0568363
0.0568363
0.0568363
0.0568363
0.0568363
0.0568363
0.0568363
0.0568363
0.0568363
0.0568363
0.0568363
0.0568363
0
0
0.10292
0.10292
0.10292
0.101177
0.101177
0.101177
0.101814
0
0.0674871
0
0
0
0.0684286
0.0684286
0.0684286
0.0719408
0.0719408
0.0719408
0.106018
0.0719408
0.0719408
0.0719408
0.0719408
0
0.0719408
0.101863
0
0.101863
0.101863
0.101863
0.101863
0.0719408
0.0835786
0.0731945
0.0731945
0.0731945
0.0783185
0.0783185
0.0727393
0.0727393
0.0727393
0
0.0766402
0.0766402
0.102112
0.102112
0.102112
0.103383
0
0
0
0.101616
0.101274
0.101274
0
0.101274
0.101274
0
0.101274
0.0789568
0
0.103435
0.103435
0.103539
0
0.0762631
0.0771948
0.102362
0.236318
0.285351
0.285351
0.285351
0
0.0722217
0.0722217
0.072257
0.072257
0.0722217
0.0572716
0.0674871
0.0674871
0.0674871
0.0674871
0.0674871
0.0568363
0.104116
0.104116
0.104116
0.104116
0.104116
0.104116
0.104116
0.104116
0.104116
0.104116
0.104116
0.104116
0.104116
0.104116
0
0.106695
0
0.106981
0
0
0
0
0
0
0
0
0
0
0
0
0
0
0
0
0
0
0
0
0
0.106752
0.106752
0.106752
0.107038
0.107038
0.107038
0
0.106981
0.106981
0
0
0
0
0.106752
0
0
0
0
0
0
0
0
0
0
0.104116
0.104328
0
0
0
0
0
0
0.10481
0.107443
0
0
0
0
0
0
0
0
0
0.107443
0
0
0
0
0
0
0
0
0
0
0
0
0
0
0
0
0
0
0
0
0
0
0
0
0
0
0
0
0
0
0
0
0
0
0
0.106981
0
0.107038
0.104116
0.104116
0.104116
0.104116
0.104116
0.104116
0.104116
0.104116
0.104116
0.104116
0
0
0
0
0
0
0
0
0
0
0
0
0
0
0
0
0
0
0
0
0
0
0
0
0
0
0
0
0
0
0
0
0
0
0
0
0
0
0
0
0
0
0
0
0.0958514
0.0958514
0.0958514
0.0958514
0.0958514
0.106525
0.107501
0
0.107501
0.106525
0
0
0.0958514
0.0958514
0
0.0958514
0.0958514
0.0958514
0.0958514
0.0958514
0.0958514
0.0958514
0
0
0.0958514
0.0958514
0.0958514
0
0
0.0958514
0.0958514
0.0958514
0
0
0
0
0
0
0
0
0
0
0.106525
0.103643
0.103643
0.103643
0.103905
0
0
0
0.103643
0.103643
0.0958514
0.0958514
0.0958514
0.103957
0.0958514
0.103957
0.0958514
0.0958514
0.0958514
0.0958514
0.0958514
0.102514
0.0568363
0.0568363
0.0568363
0
0
0
0
0
0
0
0
0
0
0
0
0
0
0.0568363
0.0568363
0
0
0
0
0.0597681
0.0597681
0
0.0597681
0.0597681
0.0597681
0.0597681
0
0.0597681
0
0
0
0
0
0
0
0
0
0
0
0
0
0
0
0
0
0
0
0
0
0
0
0
0
0.0597681
0.0597681
0
0.0597681
0.0597681
0.0597681
0.0597681
0.0597681
0.0597681
0.0597681
0
0.0991059
0.0991059
0
0
0
0
0
0
0
0
0
0
0
0
0
0
0
0
0
0
0
0
0
0
0
0
0
0
0
0.114473
0.114473
0.115398
0.115398
0
0.116052
0
0
0
0
0
0
0
0.116941
0.117242
0
0
0
0
0.119737
0
0
0
0
0
0
0
0
0
0
0
0
0
0
0
0
0.115906
0
0
0
0
0.115906
0
0
0
0
0
0
0
0
0
0
0
0.0568363
0.0568363
0
0
0
0
0
0.0568363
0.0568363
0.0568363
0.0568363
0.0568363
0
0.0833333
0.0278747
0
0.0279399
0.0279399
0.0279399
0.0279399
0.0279399
0.0280221
0.0280221
0
0
0
0
0
0
0
0
0.0279399
0.0279399
0.0279399
0.19803
0.0279399
0.0279399
0
0
0
0
0
0
0
0
0
0
0
0
0
0
0
0
0
0
0
0
0
0
0
0
0
0
0
0
0.712697
0
0.712697
0.712697
0.712697
0.712697
0.210819
0.210819
0
0
0
0
0
0
0
0
0
0
0
0
0
0
0
0
0
0
0
0.0783185
0.0783185
0.0783185
0.0783185
0.0783185
0
0.0783185
0.0582655
0
0
0
0
0
0.0584893
0.189194
0.188562
0
0
0
0
0
0.0568363
0.0568363
0.0568363
0
0.102362
0.104063
0
0.104063
0
0
0
0
0
0
0
0
0
0
0
0
0
0
0.10328
0.10328
0.10328
0
0.10328
0.10328
0.10328
0.10328
0.10328
0.10328
0
0.10328
0.10328
0.10328
0.10328
0
0.103905
0
0.10328
0.10328
0.10328
0.10328
0.0583398
0
0
0.0584893
0.082269
0.107038
0.102971
0.102971
0.102971
0.1038
0.102971
0
0
0.0674871
0.0674871
0.0674871
0.0674871
0.0568363
0.0568363
0.0568363
0
0
0
0
0
0
0
0
0
0
0
0
0
0
0
0
0
0
0
0
0
0.0609004
0.0609004
0
0
0
0
0.0568363
0.0568363
0.0568363
0.0730114
0.0582655
0.0767883
0.216771
0
0
0
0
0
0
0
0
0.257396
0.257396
0.257396
0.265782
0.265782
0.265782
0
0
0.408248
0
0.0783862
0
0.0580534
0.0580534
0.0580534
0
0
0
0
0
0
0
0
0
0
0
0
0.0580534
0.0580534
0
0
0
0
0.087256
0.087256
0.087256
0.087256
0.087256
0.087256
0
0
0
0
0
0
0
0
0
0
0
0
0
0
0
0
0
0
0
0
0
0
0
0
0
0
0
0
0
0
0
0
0.103852
0.104063
0
0
0
0
0.104222
0
0
0
0
0
0
0
0
0
0
0
0
0
0
0
0
0
0
0
0
0
0
0
0
0
0
0
0
0
0
0.0568363
0.0568363
0
0
0
0
0
0
0
0
0
0
0
0.0568363
0.0568363
0.0568363
0
0.0728659
0
0
0
0
0
0
0
0
0
0
0
0.077872
0.077872
0
0
0
0.0582284
0
0
0
0
0.0584893
0.0809445
0.0568363
0
0.104116
0.104116
0.104116
0.104169
0.104116
0
0
0
0
0
0
0
0
0
0
0
0
0
0
0
0
0
0
0
0
0
0
0
0
0
0.0568363
0.0568363
0.0568363
0.0791885
0
0
0
0.0584331
0.101814
0.101863
0
0
0
0.0568363
0.0568363
0.0568363
0
0.0583398
0
0
0
0
0
0
0
0
0
0
0
0
0
0
0
0
0
0.0568363
0.0568363
0.0568363
0
0.0583398
0.102971
0
0
0
0
0
0
0
0
0
0
0
0
0
0
0
0
0
0
0.104116
0.104116
0.104116
0
0
0
0
0.098117
0.098117
0.098117
0.098117
0.098117
0.098117
0.1283
0
0.098117
0.098117
0
0.098117
0.098117
0.098117
0.098117
0.098117
0.098117
0.098117
0
0
0.098117
0.098117
0.098117
0.098117
0.098117
0.098117
0.105574
0.105574
0.098117
0.098117
0.098117
0
0
0
0
0.105519
0
0
0
0
0
0.098117
0.098117
0.098117
0
0
0
0.098117
0.098117
0.098117
0.098117
0
0.098117
0.098117
0.098117
0.098117
0.098117
0.098117
0.098117
0.098117
0.098117
0.0973729
0.0973729
0
0
0
0
0
0
0
0
0
0
0
0
0
0
0
0
0
0.0973729
0
0
0.0973729
0
0
0
0
0
0.0973729
0.0973729
0
0.0973729
0
0
0
0
0
0
0
0
0
0
0
0
0
0
0
0
0.3698
0.3698
0.157135
0.157135
0
0
0.309994
0.309994
0
0
0
0
0
0
0
0
0
0
0
0
0
0
0
0
0
0
0
0.315735
0.360668
0.362887
0.362887
0
0.323381
0
0
0
0
0
0
0
0
0
0
0
0
0
0
0.606478
0.640513
0
0.712697
0.712697
0.210819
0
0
0
0
0
0
0
0
0
0
0.433013
0.204124
0
0.433013
0.204124
0
0
0
0
0
0
0
0
0
0
0
0
0.288675
0.288675
0.288675
0.288675
0
0
0
0
0
0
0
0
0
0
0
0
0
0
0
0
0
0
0
0
0
0
0
0
0
0
0
0
0
0
0
0
0
0
0
0
0
0
0
0
0
0
0
0
0
0
0
0
0
0
0
0
0
0
0
0
0
0
0
0
0
0
0
0
0
0
0
0
0
0
0
0
0
0
0
0
0
0
0
0
0
0
0
0
0
0
0
0
0
0
0
0
0
0
0
0
0
0
0
0
0
0
0
0
0
0
0
0
0
0
0.0544785
0.0544785
0.0544785
0.0544785
0.0544785
0.0544785
0
0
0
0
0
0
0
0
0
0
0
0
0
0
0
0
0
0
0
0
0
0
0
0
0
0
0
0
0
0
0
0
0
0
0
0
0
0
0
0
0
0
0
0
0
0
0
0
0
0
0
0
0
0
0
0
0
0
0
0
0
0
0
0
0
0
0
0
0
0
0
0
0
0
0
0
0
0
0
0
0
0
0
0
0
0
0
0
0
0
0
0
0
0
0
0
0
0
0
0
0
0
0
0
0
0
0
0
0
0
0
0
0
0
0
0
0
0
0
0
0
0
0.0544785
0.0544785
0
0.0544785
0.0544785
0.0544785
0.0544785
0.0544785
0.0544785
0.0544785
0.0544785
0
0
0
0
0
0
0
0
0
0
0
0
0
0
0
0
0
0
0
0
0
0
0
0
0
0
0
0
0
0
0
0
0
0
0
0
0
0
0
0
0
0
0
0
0
0
0
0
0
0
0
0
0
0
0
0
0
0
0
0
0
0
0
0
0
0
0
0
0
0
0
0
0
0
0
0
0
0
0
0
0
0
0
0
0
0
0
0
0
0
0
0
0
0
0
0
0
0
0
0
0
0
0
0
0.0540812
0.0540812
0.0540812
0
0
0
0
0
0
0
0
0
0
0
0
0
0
0
0
0
0
0
0
0
0
0
0
0
0
0
0
0
0
0.0540812
0.0544785
0.0544785
0.0544785
0.0544785
0.0544785
0.0544785
0
0
0.0544785
0.0544785
0
0
0
0
0
0
0
0.0544785
0.0544785
0.0544785
0
0.0544785
0
0
0.0769373
0
0
0
0
0.0602236
0
0
0
0
0
0.0768308
0.0768308
0.0768308
0.0768308
0.0768308
0.0768308
0.0768308
0.0768308
0.0768308
0.0768308
0.0768308
0.0768308
0.0768308
0.0768308
0.0771087
0
0
0
0.0768308
0
0
0.0540812
0.0540812
0.0540812
0.0540812
0.0540812
0
0
0
0
0
0
0
0
0
0
0
0.0540812
0.0540812
0
0
0
0
0.0568277
0
0
0
0
0
0.0768308
0.0768308
0.0768308
0.0768308
0.0768308
0.0768308
0
0
0
0
0
0.0769373
0.0769373
0.0769373
0.0769373
0
0
0
0
0
0
0
0
0
0.0544785
0
0.0544785
0.0544785
0
0
0
0
0.0544785
0
0
0
0
0
0
0
0
0
0
0
0
0
0
0
0
0
0
0
0
0
0.0544785
0.0544785
0.0544785
0.0544785
0.0544785
0.0544785
0.0544785
0.0544785
0.0544785
0.0544785
0.0544785
0.0544785
0.0544785
0.0544785
0.0544785
0.0544785
0
0
0
0
0
0
0
0
0
0
0
0
0
0
0
0
0
0
0
0
0
0
0
0
0
0
0
0
0
0
0
0
0
0
0
0
0
0
0
0
0
0
0
0
0
0
0
0
0
0
0
0
0
0
0
0
0
0
0
0
0
0
0
0
0
0
0
0
0
0
0
0
0
0
0
0
0
0
0
0
0
0
0
0
0
0
0
0
0
0
0
0
0.0544785
0.0544785
0.0544785
0.0544785
0.0544785
0.0544785
0.0544785
0.0544785
0.0544785
0.0544785
0.0544785
0.0544785
0.0544785
0.0544785
0.0544785
0.0544785
0.0544785
0.0544785
0.0544785
0.0544785
0.0544785
0.0544785
0
0.0544785
0.0544785
0
0
0.0544785
0.0544785
0.0544785
0.0544785
0
0
0
0
0
0
0
0
0
0
0
0
0
0
0
0
0
0
0
0
0
0
0
0
0
0
0
0
0
0
0
0
0
0
0
0
0
0
0
0
0
0
0
0
0
0
0
0
0
0
0
0
0
0
0
0
0
0
0
0
0
0.076916
0.076916
0.076916
0
0.0769373
0.0769373
0.0962668
0.0962668
0
0.0916097
0.148301
0
0
0
0
0
0
0
0
0
0
0
0
0
0
0.0768308
0.0768308
0.0768308
0.0768308
0.096225
0.0904778
0.147844
0
0
0
0
0
0
0
0
0
0
0
0
0
0
0
0
0
0
0
0
0
0
0
0
0
0
0
0
0
0
0
0
0
0
0
0
0
0
0
0
0
0
0
0
0
0
0
0
0
0
0
0
0
0
0
0
0
0
0
0
0
0
0
0
0
0
0
0
0
0
0
0
0
0
0
0
0
0
0
0.0544785
0.0544785
0.0544785
0.0544785
0.0544785
0.0544785
0
0
0
0
0
0
0
0
0
0
0
0
0
0
0
0
0
0
0
0
0
0
0
0
0
0
0
0
0
0.0540812
0.0540812
0
0
0.0540812
0.0540812
0
0.0540812
0.0540812
0.0540812
0.0540812
0.0540812
0.0540812
0.0540812
0.0540812
0.0540812
0.0540812
0
0.0540812
0.0540812
0
0.0540812
0.0544785
0.0540812
0.0540812
0.0540812
0.0540812
0.0540812
0
0
0.0540812
0
0
0
0.0540812
0
0.0540812
0.0540812
0.0540812
0
0.0540812
0
0
0.0540812
0.0544785
0.0544785
0.0544785
0.0544785
0.0544785
0.0544785
0.0544785
0.0544785
0
0
0
0
0
0
0.0540812
0.0540812
0.0540812
0.0540812
0.0540812
0
0
0
0.0540812
0.0540812
0.0540812
0.0540812
0.0540812
0.0540812
0.0540812
0.0540812
0.0540812
0.0540812
0
0
0.0540812
0.0561684
0
0.0559208
0.0559208
0.0559208
0.0559208
0.0559208
0.0568363
0.0568363
0
0
0
0
0
0.0662266
0.0940071
0.0940071
0
0
0
0
0
0
0.11547
0.119656
0
0
0
0
0
0
0
0
0
0
0
0
0
0
0
0
0
0
0
0
0
0
0
0
0
0
0
0
0
0
0
0
0
0
0
0
0
0
0
0
0
0.0538821
0.0538821
0.0538821
0
0
0
0
0
0.0565459
0
0
0
0
0
0
0
0
0
0
0
0
0
0
0
0
0
0
0
0
0
0
0
0
0
0
0
0
0
