0
0
0
0
0
0
0.0207928
0.0207928
0
0.0225819
0.0225819
0.0225819
0.0225992
0.0225992
0.0225992
0
0
0
0
0
0
0
0
0
0
0.0225819
0.0225819
0
0.0225819
0
0
0
0
0
0
0
0
0
0
0
0
0
0
0
0
0
0
0
0
0
0
0
0
0
0
0
0.0215666
0
0.0230205
0.0319601
0
0.0319765
0
0
0
0
0
0
0
0
0
0
0
0
0
0
0
0
0
0
0
0
0.120386
0.120386
0.120386
0.120386
0.120386
0.120386
0.120386
0.120386
0.120386
0.120386
0
0
0
0
0
0
0
0
0
0
0
0
0
0
0
0
0
0
0
0
0
0
0
0
0
0
0
0
0
0
0
0
0
0
0
0
0
0
0
0
0
0
0
0
0
0
0
0
0
0
0
0
0
0
0
0
0
0
0
0
0.112509
0.112509
0
0
0
0.124035
0
0.138675
0.112509
0
0.112509
0
0
0
0
0
0
0
0
0
0
0
0
0
0
0
0
0
0
0
1
0
0
0
0
0
0.0210585
0.0210585
0.0210585
0.0210585
0.0210585
0.0210585
0.0210585
0.0210585
0.0210585
0.0210585
0.0210585
0.0210585
0.0210585
0.0210585
0.0210585
0.0210585
0.0210585
0.0210585
0.0210585
0.0210585
0.0210585
0.0210585
0.0210585
0.0210585
0.0210585
0.0210585
0.0210725
0.0210725
0.0210725
0.0210725
0.0210678
0.0210725
0.0210725
0.0210678
0.0210725
0.0210725
0.0210725
0.0210725
0.0210678
0.0210725
0.0210725
0.0210725
0.0210725
0.0210725
0.0210678
0.0210725
0.0210725
0.0210725
0.0210725
0.0909091
0
0
0
0.0203912
0.0203912
0.0203912
0.0203912
0.0203912
0.0203912
0.0203912
0.0203912
0.0203912
0.0203912
0.0203912
0.0203912
0.0203912
0.0203912
0.0203912
0.0210212
0.0209015
0.0209015
0.0209015
0.0210585
0.0208969
0.0209152
0.0210585
0.0209519
0.0209519
0.0210585
0.0210585
0
0
0
0.0200845
0.0200845
0.0200845
0.0200845
0.0200845
0.0200845
0
0
0
0
0
0
0
0
0
0
0
0
0
0
0
0
0
0.0200845
0.0200845
0
0.0200845
0.0200845
0.0200845
0.0200845
0.0200845
0.0200845
0.0200845
0.0200845
0
0
0
0
0
0
0
0
0
0
0
0
0
0
0
0
0
0
0
0
0
0
0
0
0
0
0
0
0
0
0
0
0
0
0
0
0
0
0
0
0
0
0
0
0
0
0
0
0
0
0
0
0
0
0
0
0
0
0
0
0
0
0
0
0
0
0
0
0
0
0
0
0
0
0
0
0
0
0
0
0
0
0
0
0
0
0
0
0
0
0
0
0
0
0
0
0
0
0
0
0
0
0
0
0
0
0
0
0
0
0
0
0
0
0
0
0
0
0
0
0
0
0
0
0
0
0
0
0
0
0
0
0
0.0200845
0
0.0200845
0.0200845
0
0
0
0
0.0200845
0
0
0
0
0
0
0
0
0
0
0
0
0
0
0
0
0
0
0
0
0
0.0200845
0.0200845
0.0200845
0.0200845
0.0200845
0.0200845
0.0200845
0.0200845
0.0200845
0.0200845
0.0200845
0.0200845
0.0200845
0.0200845
0.0200845
0.0200845
0
0
0
0
0
0
0
0
0
0
0
0
0
0
0
0
0
0
0
0
0
0
0
0
0
0
0
0
0
0
0
0
0
0
0
0
0
0
0
0
0
0
0
0
0
0
0
0
0
0
0
0
0
0
0
0
0
0
0
0
0
0
0
0
0
0
0
0
0
0
0
0
0
0
0
0
0
0
0
0
0
0
0
0
0
0
0
0
0
0
0
0
0.0200643
0.0200643
0
0.0200643
0.0200643
0.0200643
0.0200643
0.0200643
0.0200643
0.0213249
0.0213249
0.0213249
0.0213249
0.0213249
0.0213249
0.0213249
0.0213249
0.0213249
0.0213298
0
0.0213249
0
0.0213249
0
0.0213249
0
0.0213249
0.0213249
0.0213249
0.0223105
0.0223105
0
0.0223105
0
0.0223105
0.0223105
0.0223105
0.0223105
0.0200805
0
0.0200805
0
0.0200805
0.0200805
0.0200845
0
0
0
0
0
0
0
0
0
0
0
0
0
0
0
0
0
0
0
0
0
0
0
0
0
0
0
0
0
0
0
0
0
0
0
0
0
0
0
0
0
0
0
0
0
0
0
0
0
0
0
0
0
0
0
0
0
0
0
0
0
0
0
0
0
0
0.0200643
0.0200643
0.0200643
0.0200643
0
0.0200643
0
0.0200643
0
0.0200643
0.0200643
0.0200643
0.0200643
0.0200643
0.0200643
0
0
0
0
0
0.0200643
0
0.0200643
0.0200643
0.0200643
0
0
0
0.0200643
0
0.0200643
0
0
0
0
0
0
0.0200643
0.0200643
0.0200643
0.0200643
0.0200643
0.0200643
0.0200643
0
0
0
0
0
0.0200643
0
0.0200643
0.0200643
0.0200643
0
0
0
0
0
0
0
0
0
0
0
0
0
0
0
0
0
0
0
0
0
0
0
0
0
0
0
0
0
0
0
0
0
0
0
0
0
0
0
0
0
0
0
0
0
0
0
0
0
0
0
0
0
0
0
0
0
0
0
0
0
0
0
0
0
0
0.0200683
0
0
0
0
0
0
0
0
0
0
0
0
0
0
0
0
0
0
0
0
0
0
0
0
0
0
0
0
0
0
0
0
0
0
0
0
0
0
0
0
0
0
0
0
0
0
0
0
0
0
0
0
0
0
0
0
0
0
0
0
0
0
0
0
0
0
0
0
0
0
0
0
0
0
0
0
0
0
0
0
0
0
0
0
0
0
0
0
0
0
0
0
0
0.0200643
0.0200643
0.0200643
0.0200643
0.0200643
0
0
0
0
0
0
0
0
0
0
0
0.0200643
0.0200643
0
0
0
0
0.0210725
0.0200845
0.0200845
0.0200845
0.0200845
0.0200845
0.0200845
0.0200845
0.0200845
0.0200845
0.0200845
0.0200845
0.0200845
0.0200845
0.0200845
0.0200845
0.0200845
0.0200845
0.0200845
0.0200845
0.0200845
0.0200845
0.0200845
0
0.0200845
0.0200845
0
0
0.0200845
0.0200845
0.0200845
0.0200845
0
0
0
0
0
0
0
0
0
0
0
0
0
0
0
0
0
0
0
0
0
0
0
0
0
0
0
0
0
0
0
0
0
0
0
0
0
0
0
0
0
0
0
0
0
0
0
0
0
0
0
0
0
0
0
0
0
0
0
0
0
0
0
0
0
0
0
0
0
0
0
0
0
0
0
0
0
0
0
0
0
0
0
0
0
0
0
0
0
0
0
0
0
0
0
0
0
0
0
0
0
0
0
0
0
0
0
0
0
0
0
0
0
0
0
0
0
0
0
0
0
0
0
0
0
0
0
0
0
0
0
0
0
0
0
0
0
0
0
0
0
0
0
0
0
0
0
0
0
0
0
0
0
0
0
0
0
0
0
0
0
0
0
0
0
0
0
0
0
0
0
0
0.0200845
0.0200845
0.0200845
0.0200845
0.0200845
0.0200845
0
0
0.0200845
0.0200845
0
0
0
0
0
0
0
0.0200845
0.0200845
0.0200845
0
0.0200845
0
0
0
0
0
0
0
0
0
0
0
0
0
0
0
0
0
0
0
0
0
0
0
0
0
0
0
0
0
0
0
0
0
0
0
0.0200845
0.0200845
0.0200845
0.0200845
0.0200845
0.0200845
0
0
0
0
0
0
0
0
0
0
0
0
0
0
0
0
0
0
0
0
0
0
0
0
0
0
0
0
0
0
0
0
0
0
0
0
0
0
0
0
0
0
0
0
0
0
0
0
0
0
0
0
0
0
0
0
0
0
0
0
0
0
0
0
0
0
0
0
0
0
0
0
0
0
0
0
0
0
0
0
0
0
0
0
0
0
0
0
0
0
0
0
0
0
0
0
0
0
0
0
0
0
0
0
0
0
0
0
0
0
0
0
0
0
0
0
0
0
0
0
0
0
0
0
0
0
0
0
0
0
0
0
0
0
0
0
0
0
0
0
0
0
0
0
0
0
0
0
0
0
0
0
0
0
0
0
0
0
0
0
0
0
0
0
0
0
0
0
0
0
0
0
0
0
0
0
0
0
0
0.0210631
0
0
0
0
0
0
0
0
0
0
0
0
0
0
0
0
0
0
0
0
0
0
0
0
0
0
0
0
0
0
0
0
0
0
0
0
0
0
0
0
0
0
0
0.0210725
0.0210725
0.0210725
0.0210725
0.0210725
0
0
0
0
0
0
0
0
0
0
0
0
0.0210772
0.0210772
0.0210772
0.0210772
0.0210772
0.0210772
0.0210772
0.0210772
0.0210772
0.0210772
0.0210772
0.0210772
0.0210772
0.0210772
0.0210772
0.0210772
0.0210772
0.0210772
0.0210772
0.0210772
0.0210772
0.0210772
0.0210772
0.0210772
0.0210772
0.0210772
0.0210772
0.0210772
0.0210725
0.0210772
0.0210772
0.0210772
0.0210772
0.0210772
0.0210772
0.0210725
0.0213443
0.0210725
0.0210725
0
0.0210725
0.0210725
0.0210725
0.0210725
0.0210725
0.0210725
0.0210725
0.0210725
0.0210725
0.0210725
0.0210725
0.0210725
0.0210725
0.0210725
0.0210725
0.0210725
0.0210725
0.0210725
0.0210725
0.0210725
0.0210725
0.0210725
0.0210725
0.0210725
0.0210725
0.0210725
0.0210725
0.0210725
0.0210725
0.0210725
0.0210725
0.0210725
0.0210725
0.0210725
0.0210725
0.0210725
0.0210725
0.0210725
0
0.0210725
0.0210725
0
0
0
0.0210631
0.0210631
0
0
0
0
0
0
0
0
0
0
0
0
0
0
0
0
0
0
0
0
0
0
0
0
0
0
0
0
0
0
0
0
0
0
0
0
0
0
0
0
0
0
0
0
0
0
0
0
0
0
0
0
0
0
0
0
0
0
0
0
0
0
0
0
0
0
0
0
0
0
0
0
0
0
0
0
0
0
0
0
0
0
0
0
0
0
0
0
0
0
0
0
0
0
0
0
0
0
0
0
0
0
0.0210725
0
0
0
0
0
0
0
0
0
0
0
0
0
0.0200643
0.0200643
0
0
0.0200643
0.0200643
0
0.0200643
0.0200643
0.0200643
0.0200643
0.0200643
0.0200643
0.0200643
0.0200643
0.0200643
0.0200643
0
0.0200643
0.0200643
0
0.0200643
0.0200845
0.0200643
0.0200643
0.0200643
0.0200643
0.0200643
0
0
0.0200643
0
0
0
0.0200643
0
0.0200643
0.0200643
0.0200643
0
0.0200643
0
0
0.0200643
0.0200845
0.0200845
0.0200845
0.0200845
0.0200845
0.0200845
0.0200845
0.0200845
0
0
0
0
0
0
0.0200643
0.0200643
0.0200643
0.0200643
0.0200643
0
0
0
0.0200643
0.0200643
0.0200643
0.0200643
0.0200643
0.0200643
0.0200643
0.0200643
0.0200643
0.0200643
0
0
0.0200643
0
0
0
0
0
0
0
0
0
0
0
0
0
0
0
0
0
0
0
0
0
0
0
0
0
0
0
0
0.0200643
0.0200643
0.0200643
0
0
0
0
0
0
0
0
0
0
0
0
0
0
0
0
0
0
0
0
0
0
0
0
0
0
0
0
0
0
0.0200643
0.0210678
0
0
0
0
0
0
0.0210678
0.0210678
0.0210678
0.0210678
0.0210678
0.0210678
0.0210725
0.0210678
0.0210678
0.0210678
0.0210678
0
0
0.0210772
0
0
0
0
0
0
0
0
0
0
0
0
0
0
0
0
0
0
0
0
0
0
0
0
0
0
0
0
0.0210678
0
0
0
0
0
0
0
0
0
0
0
0
0
0
0
0
0
0
0
0
0
0
0
0
0
0
0
0
0
0
0
0
0
0
0
0
0
0
0
0
0
0
0
0
0
0
0
0
0
0
0
0
0
0
0
0
0
0
0
0
0
0
0
0
0
0
0
0
0
0
0
0
0
0
0
0
0
0
0
0
0
0
0
0
0
0
0
0
0
0
0
0
0
0
0
0
0
0
0
0
0
0
0
0
0
0
0
0
0
0
0
0
0
0
0
0
0
0
0.179605
0
0
0
0
0
0
0
0
0
0
0
0
0
0
0
0
0
0
0
0
0
0
0
0
0
0
0
0
0
0
0
0
0
0
0
0
0
0
0
0
0
0
0
0
0
0
0
0
0
0
0
0
0
0
0
0
0
0
0
0
0
0
0
0
0
0
0
0
0
0
0
0
0
0
0
0
0
0
0
0
0
0
0
0
0
0
0
0
0
0
0
0
0
0
0
0
0
0
0
0
0
0
0
0
0
0
0
0
0
0
0
0
0
0
0
0
0
0
0
0
0
0
0
0
0
0
0
0
0
0
0
0
0
0
0
0
0
0
0
0
0
0
0
0
0
0
0.0266029
0.0266029
0.0266029
0
0
0.0245737
0
0
0
0
0
0
0
0.0245072
0.0245072
0
0
0
0
0
0
0
0
0
0
0
0
0
0
0
0
0
0
0
0
0
0
0
0
0
0
0
0
0
0
0
0
0
0
0
0
0
0.0240772
0.0240772
0
0
0
0
0
0
0
0
0
0
0
0
0
0
0
0
0
0
0
0
0
0
0
0
0
0
0
0
0
0
0
0
0
0
0
0
0
0
0
0
0
0
0
0
0
0
0
0
0
0
0
0
0
0
0
0
0
0
0
0
0
0
0
0
0
0
0
0
0
0
0
0
0
0
0
0
0
0
0
0
0
0
0
0
0
0
0
0
0
0
0
0
0
0
0
0
0
0
0
0
0
0
0
0
0
0
0
0
0
0
0
0
0
0
0
0
0
0
0
0
0
0
0
0
0
0
0
0
0
0
0
0
0
0
0
0
0
0
0
0
0
0
0
0
0
0
0
0
0
0
0
0
0
0
0
0
0
0
0
0
0
0
0
0
0
0
0
0
0
0
0
0
0
0
0
0
0
0
0
0
0
0
0
0
0
0
0
0
0
0
0
0
0
0
0
0
0
0
0
0
0
0
0
0
0
0
0
0
0
0
0
0
0
0
0
0
0
0
0
0
0
0
0
0
0
0
0
0
0
0
0
0
0
0
0
0
0
0
0.0210725
0.0210725
0
0.0210725
0.0210725
0.0210725
0
0.0210725
0
0
0
0
0
0
0
0
0
0
0
0
0
0
0
0
0
0
0
0
0
0
0
0
0
0
0
0
0
0
0
0
0
0
0
0
0
0
0
0
0
0
0
0
0
0
0
0
0
0
0
0
0
0
0
0
0
0
0
0
0
0
0
0
0
0
0
0
0
0
0
0
0
0
0
0
0
0
0
0
0
0
0
0
0
0
0
0
0
0
0
0
0
0
0
0
0
0
0
0
0
0
0
0
0
0
0
0
0
0
0
0
0
0
0
0
0
0
0
0.0320092
0
0
0
0
0
0
0
0
0
0
0
0
0.0321911
0.0321911
0.0321911
0.0321911
0
0
0
0
0
0
0
0
0
0
0
0
0
0
0
0
0
0
0
0
0
0
0
0
0
0
0
0
0
0
0
0
0
0
0
0
0
0
0
0
0
0
0
0
0
0
0
0
0
0
0
0
0
0
0
0
0
0
0
0
0
0.0210725
0.0210725
0
0.0210725
0.0210725
0.0213395
0
0.0210725
0
0
0
0
0
0
0
0
0
0
0
0
0
0
0
0.0210725
0.0210725
0.0210772
0.0210772
0.0210772
0.0210772
0.0210772
0.0210772
0.0210772
0.0210772
0.0210772
0.0210772
0.0210772
0.0210772
0.0210772
0.0210772
0.0210772
0.0210772
0.0210772
0.0210772
0.0210772
0.0210772
0.0210772
0.0210772
0.0210772
0
0.0210772
0.0210772
0.0210772
0.0210772
0.0210772
0.0210772
0.0210772
0.0210772
0.0210772
0.0210772
0.0210772
0.0210772
0.0210772
0.0210772
0.0210772
0.0210772
0.0210772
0.0210772
0.0210772
0.0210772
0.0210772
0.0210772
0.0210772
0.0210772
0.0210772
0.0210772
0.0210772
0.0210772
0.0210772
0.0210772
0.0210772
0.0210772
0.0210772
0.0210772
0.0210772
0.0210772
0.0210772
0.0210772
0.0210772
0.0210772
0.0210772
0.0210772
0.0210772
0.0210772
0.0210772
0.0210772
0.0210772
0.0210772
0.0210772
0.0321911
0.0321911
0.0321911
0.0321911
0.0321911
0.0321911
0.0321911
0.0321911
0.0321911
0.0321911
0
0
0
0
0
0
0
0
0
0
0
0
0
0
0
0
0
0
0
0
0
0
0
0
0
0
0
0
0
0
0
0
0
0
0
0
0
0
0
0
0
0
0
0
0.0321911
0.0321911
0.0321911
0.0321911
0.0321911
0.0321911
0.0321911
0.0321911
0.0321911
0.0321911
0.0321911
0.0321911
0.0321911
0.0321911
0
0
0
0
0
0
0
0
0
0
0
0
0
0
0
0
0
0
0
0
0
0
0
0
0
0
0
0
0
0
0
0
0
0
0
0
0
0
0
0
0
0
0
0
0
0
0
0
0
0.0321911
0
0
0
0
0
0
0
0
0
0
0
0
0
0
0
0
0
0
0
0
0
0
0
0
0
0
0
0
0
0
0
0
0
0
0
0
0
0
0
0
0
0
0
0
0
0
0
0
0
0
0
0
0
0
0
0
0
0.0321911
0.0321911
0
0
0.0321911
0.0321911
0.0321911
0
0
0
0
0
0.0733236
0
0
0
0.0321911
0.0321911
0
0.0358517
0.0321911
0.0321911
0.0321911
0.0321911
0
0
0
0
0.0321911
0.0321911
0
0
0.0321911
0.0321911
0
0
0
0
0
0
0
0
0
0
0
0
0
0
0
0
0
0
0
0
0
0
0.229416
0
0.229416
0
0
0
0
0
0
0
0
0
0
0
0
0
0
0
0
0
0
0
0
0
0
0
0
0.0321911
0.0321911
0.0321911
0.0321911
0.0321911
0.0321911
0.0321911
0.0321911
0.0321911
0
0.0321911
0
0.0321911
0.0321911
0.0321911
0.0322078
0.0322078
0.0322078
0.0322078
0.0322078
0.0322078
0.0322078
0.0322078
0.0322078
0.0322078
0.0322078
0.0321911
0.0321911
0.0321911
0.0321911
0.0321911
0.0321911
0.0321911
0.0321911
0.0321911
0.0321911
0.0321911
0.0321911
0.0321911
0.0321911
0.0321911
0.0321911
0.0321911
0.0321911
0.0321911
0.0321911
0.0321911
0
0
0
0
0.0321911
0.0321911
0.0321911
0
0
0
0
0.0210725
0.0210725
0
0.0210725
0
0.0210725
0.0210725
0
0
0
0
0
0
0
0
0
0.0210725
0.0210725
0.0210725
0
0.0213443
0
0
0
0
0
0
0
0
0
0
0
0
0
0
0
0
0
0.0210725
0.0210725
0
0.0210725
0.0210725
0
0.0210725
0.0210725
0
0.026669
0.026669
0.0291482
0
0.0318788
0.0318788
0
0
0
0
0
0
0
0.0212959
0.0210725
0.0210725
0.0320256
0.0210725
0.0210725
0.0210725
0
0.0210725
0.0210725
0.0210725
0.0210725
0.0210725
0.0210725
0.0210725
0.0210725
0.0210725
0.0210725
0.0210725
0.0210725
0.0210725
0.0210725
0.0210725
0.0210725
0.0210725
0.0210725
0.0210725
0.0210725
0.0210725
0
0
0
0.031895
0
0.031895
0.031895
0.0285598
0
0.0285598
0.0285598
0.0285598
0.0285598
0.0285598
0.0320915
0
0
0
0
0
0
0
0
0
0
0
0
0
0
0
0
0
0.0210725
0.0210725
0.0210725
0.0210725
0.0210725
0.0210725
0.0210725
0.0210725
0.0210725
0.0210725
0.0210725
0.0210725
0.0210725
0.0210725
0.0210725
0.0210725
0.0210725
0.0210725
0.0210725
0.0210725
0.0210725
0.0210725
0.0210725
0.0210725
0.0210725
0.0210725
0.0210725
0.0210725
0.0210725
0.0210725
0.0210725
0.0210725
0.0210725
0.0210725
0.0210725
0.0210725
0.0210725
0.0210725
0
0
0.0321246
0.0321246
0.0321246
0.0319438
0.0319438
0.0319438
0.0320421
0
0.0243613
0
0
0
0.0247385
0.0247385
0.0247385
0.0251896
0.0251896
0.0251896
0
0.0251896
0.0251896
0.0251896
0.0251896
0
0.0251896
0
0
0
0
0
0
0.0251896
0.0278639
0.0254741
0.0254741
0.0254741
0
0
0.0253592
0.0253592
0.0253592
0
0.0265935
0.0265935
0.0321081
0.0321081
0.0321081
0.0321578
0
0
0
0.0319765
0.0319438
0.0319438
0
0.0319438
0.0319438
0
0.0319438
0.0273383
0
0.0320421
0.0320421
0.032075
0
0.0264814
0
0.0317181
0
0
0
0
0
0.0260113
0.0260113
0.026029
0.026029
0.0260113
0.0210959
0.0243613
0.0243613
0.0243613
0.0243613
0.0243613
0.0210725
0.0210725
0.0210725
0.0210725
0.0210725
0.0210725
0
0.0278639
0
0
0
0
0
0
0
0
0
0
0
0
0
0
0
0
0
0
0
0
0
0
0
0
0
0
0
0
0
0
0
0
0
0
0
0
0
0
0
0
0
0
0
0
0
0
0
0
0
0
0
0
0
0
0
0
0
0
0
0
0
0
0
0
0
0
0
0
0
0
0
0
0
0
0
0
0
0
0
0
0
0
0
0
0
0.0213056
0
0
0
0
0
0
0
0
0
0
0
0
0
0.0210725
0.0210725
0.0210725
0.0210725
0
0
0
0
0
0
0
0
0
0
0
0
0.0210725
0
0.0210725
0.0210725
0.0210725
0
0
0
0
0
0
0
0
0
0
0.0210725
0.0210725
0.0210725
0.0254741
0.0213056
0
0
0
0
0
0
0
0
0
0
0
0
0
0
0
0
0
0
0
0
0
0
0.0309938
0.0309938
0.0309938
0.0309938
0.0309938
0
0
0
0
0
0
0
0.0309938
0.0309938
0
0.0309938
0.0309938
0.0309938
0.0309938
0.0309938
0.0309938
0.0309938
0
0
0.0309938
0.0309938
0.0309938
0
0
0.0309938
0.0309938
0.0309938
0
0
0
0
0
0
0
0
0
0
0
0.0321412
0.0321412
0.0321412
0.0322245
0
0
0
0.0321412
0.0321412
0.0309938
0.0309938
0.0309938
0.0321412
0.0309938
0.0321412
0.0309938
0.0309938
0.0309938
0.0309938
0.0309938
0.0319275
0.0210959
0.0210959
0.0210959
0.0210959
0.0210959
0.0210959
0.0210959
0.0210959
0.0210959
0.0210959
0.0210959
0.0210959
0.0210959
0.0210959
0.0210959
0.0210959
0.0252377
0.0252377
0.0254411
0
0.0257343
0
0
0.0251976
0
0.0254989
0
0
0
0
0
0
0
0
0
0
0
0
0
0
0.0266029
0.0266029
0.0266029
0.0266029
0
0
0
0
0
0.0266029
0.0266029
0.0266029
0.0210725
0.0210725
0.0210725
0.0210725
0.0210725
0
0
0
0
0
0
0
0
0
0
0
0
0
0
0
0
0
0
0
0.0210725
0.0210725
0
0.0210725
0.0210725
0.0210725
0
0.0210725
0.0210725
0.0256495
0
0.0318142
0
0
0
0
0
0.0213152
0
0
0.0210725
0.0210725
0
0.0210725
0
0
0
0
0
0
0
0
0
0
0
0
0
0
0
0
0
0
0
0
0
0
0
0
0
0
0
0
0
0
0
0
0.0210725
0.0210725
0
0.0210725
0
0.0210725
0.0210725
0.0210725
0
0
0
0.0210725
0.0213443
0
0
0
0.0210725
0.0210725
0
0
0
0.0210725
0.0210725
0.0210725
0
0.0254246
0
0
0
0
0
0
0
0
0
0
0
0
0
0
0
0
0.0213056
0
0
0
0
0
0.0289642
0.0210725
0
0.0321911
0.0321911
0.0321911
0.0322078
0.0321911
0
0
0.0210725
0.0210725
0.0210725
0
0
0
0
0
0
0
0
0
0
0
0
0
0
0.0210725
0.0210725
0
0
0
0
0.0210725
0.0210725
0.0210725
0.0210725
0.0210725
0.0210725
0
0.0210725
0.0210725
0.0210725
0
0.0210725
0.0210725
0
0.0210725
0
0
0
0
0
0
0
0
0
0
0
0
0
0.0210725
0.0210725
0
0
0
0
0
0
0
0.0210725
0.0210725
0
0.0210725
0.0210725
0
0.0210725
0.0210725
0.0210725
0.0210725
0.0210725
0.0210725
0.0210725
0.0210725
0.0210725
0
0
0
0
0
0
0
0
0
0
0
0
0
0
0
0
0
0
0
0
0
0
0
0.0210725
0
0
0
0
0
0
0
0
0
0.0210725
0.0210725
0
0.0210725
0.0210725
0
0.0210725
0.0210725
0.0210725
0.0210725
0.0210725
0.0210725
0.0210725
0.0210725
0.0210725
0
0
0
0
0
0
0
0
0.0213443
0.0210725
0.0210725
0
0
0
0
0
0
0
0
0
0
0.0210725
0.0210725
0.0210725
0
0
0
0
0
0
0
0
0
0
0
0
0
0
0
0
0
0
0
0
0
0.0213833
0.0213833
0
0
0
0
0.0210725
0.0210725
0.0210725
0.0274204
0
0
0
0
0.0319928
0.0319928
0
0
0
0.0210725
0.0210725
0
0
0
0
0
0.0210725
0.0210725
0.0210725
0
0.0321246
0.0321911
0
0.0321911
0
0
0
0
0
0
0
0
0
0
0
0
0
0
0.0321412
0.0321412
0.0321412
0
0.0321412
0.0321412
0.0321412
0.0321412
0.0321412
0.0321412
0
0.0321412
0.0321412
0.0321412
0.0321412
0
0.0321412
0
0.0321412
0.0321412
0.0321412
0.0321412
0.0213443
0
0
0
0.0294372
0
0.0320256
0.0320256
0.0320256
0.0320915
0.0320256
0
0
0.0210725
0.0210725
0.0210725
0
0.0213443
0.0320256
0
0
0
0
0
0
0
0
0
0
0
0
0
0
0
0
0
0
0.0294372
0.0294372
0.0294245
0.0294245
0.0294245
0.0294245
0.0294245
0
0
0
0.0294245
0.0294245
0.0321578
0.0321578
0
0.0321578
0
0
0
0
0
0
0
0
0.0293991
0.0293991
0.0293991
0.0293991
0
0.0293991
0.0293991
0.0293991
0
0
0
0
0
0.0321412
0
0
0
0
0
0
0
0
0
0
0
0
0
0
0
0
0
0
0
0
0
0
0
0
0.0294372
0
0
0
0.0294245
0
0
0
0
0
0
0
0
0
0
0
0
0
0
0
0
0.0243613
0.0243613
0.0243613
0.0243613
0.0211053
0.0211053
0.0211053
0.0211053
0.0211053
0
0
0.0211053
0.0211053
0
0.0211053
0.0211053
0.0211053
0.0211053
0.0211053
0.0211053
0.0211053
0
0
0.0211053
0.0211053
0.0211053
0
0
0.0211053
0.0211053
0.0211053
0
0
0
0
0
0
0
0
0
0
0.0211053
0.0211053
0.0211053
0.0249844
0.0250785
0.0250785
0
0.0250785
0.0250785
0.0285133
0.0250785
0.025351
0.0211053
0.0211053
0.0252056
0.0211053
0.0252056
0.0211194
0
0
0
0.0314503
0.0314503
0.0314503
0
0
0
0
0
0
0
0.0358517
0
0
0
0
0
0
0
0
0
0
0
0
0.0312653
0
0
0
0
0
0
0
0
0
0
0
0
0
0.0210585
0.0210585
0.0210585
0.0210585
0.0210585
0.0210725
0.0210725
0
0
0
0
0
0
0
0
0
0
0
0
0
0
0
0
0
0
0
0
0
0
0
0
0
0
0
0
0
0
0
0
0
0
0
0
0
0
0
0
0
0
0
0
0
0
0
0
0
0
0
0
0
0
0
0
0
0.0225992
0.0225992
0.0225992
0
0
0
0
0
0
0
0
0
0.0207928
0
0.0203912
0.0203912
0.0203912
0
0
0
0
0
0.0210678
0
0
0
0
0
0
0
0
0
0
0
0
0
0
0
0
0
0
0
0
0
0
0
0
0
0
0
0
0
0.0210725
0.0210725
0.0210725
0
0
0.0210772
0.0210725
0.0210725
0
0
0
0
0
0
0
0
0
0
0
0
0
0
0
0
0
0
0
0
0
0
0
0
0
0
0.0210725
0.0210725
0
0.0210725
0.0210725
0
0
0
0
0
0
0
0
0
0
0
0
0
0
0
0
0
0
0
0
0
0
0
0
0
0
0
0
0
0
0
0
0
0
0
0
0
0
0
0
0
0
0
0
0
0
0
0
0
0
0
0
0
0
0
0
0
0
0
0
0
0
0
0
0
0
0
0
0
0
0
0
0
0.0262251
0
0.0262342
0.0260025
0.229416
0.0260113
0
0
0
0
0
0
0
0
0
0
0
0
0
0
0
0
0
0
0
