0.0469001
0.0469001
0.0469001
0
0
0
0
0
0
0
0
0
0
0
0
0
0
0
0
0
0
0
0
0
0
0
0
0
0
0
0
0
0.0469001
0.0469001
0.0469001
0.0469001
0.0469001
0.0469001
0.0469001
0.0469001
0.0469001
0.0469001
0.0469001
0.0469001
0.0469001
0.0469001
0.0469001
0.0481404
0.0478502
0.0478433
0.0479877
0.0486792
0.0479601
0.04805
0.0486792
0.0480986
0.0480778
0.048672
0.0486792
0
0
0
0.0493865
0.0484644
0
0
0
0
0
0
0
0
0
0
0
0
0.0489043
0.0489043
0
0
0
0
0
0
0
0
0
0
0
0
0
0
0
0
0
0
0
0
0
0
0
0
0
0
0
0
0
0
0
0
0
0
0
0
0
0
0
0
0
0
0
0
0
0
0
0
0
0
0
0
0
0
0
0
0
0
0
0
0
0
0
0
0
0
0
0
0
0
0.267261
0.267261
0
0
0
0
0
0
0
0
0
0
0
0
0
0
0
0.0493865
0.0493865
0
0
0
0
0
0
0
0
0
0
0
0
0
0
0
0
0
0
0
0
0
0
0
0
0
0
0
0
0
0
0
0
0
0
0
0
0
0
0
0
0
0
0
0
0
0
0
0
0
0
0
0
0
0
0
0
0
0
0
0
0
0
0
0
0
0
0
0
0
0
0
0
0
0
0
0
0
0
0
0
0
0
0
0
0
0
0
0
0
0
0
0
0
0
0
0
0
0
0
0
0
0
0.0494846
0
0.047036
0.047036
0
0.047036
0.047036
0.047036
0.047036
0.047036
0.047036
0.0494317
0.0494317
0.0494317
0.0494317
0.0494317
0.0494317
0.0494317
0.0494317
0.0494317
0.0494393
0
0.0494317
0
0.0494317
0
0.0494317
0
0.0494317
0.0494317
0.0494317
0.0524683
0.0524683
0
0.0524683
0
0.0524683
0.0524683
0.0524683
0.0524683
0.0473846
0
0.0473846
0
0.0473846
0.0473846
0.0473912
0
0
0
0
0
0
0
0
0
0
0
0
0
0
0
0
0
0
0
0
0
0
0
0
0
0
0
0
0
0
0
0
0
0
0
0
0
0
0
0
0
0
0
0
0
0
0
0
0
0
0
0
0
0
0
0
0
0
0
0
0
0
0
0
0
0
0.047036
0.047036
0.047036
0.047036
0
0.047036
0
0.047036
0
0.047036
0.047036
0.047036
0.047036
0.047036
0.047036
0
0
0
0
0
0.047036
0
0.047036
0.047036
0.047036
0
0
0
0.047036
0
0.047036
0
0
0
0
0
0
0.047036
0.047036
0.047036
0.047036
0.047036
0.047036
0.047036
0
0
0
0
0
0.047036
0
0.047036
0.047036
0.047036
0
0
0
0
0
0
0
0
0
0
0
0
0
0
0
0
0
0
0
0
0
0
0
0
0
0
0
0
0
0
0
0
0
0
0
0
0
0
0
0
0.282843
0.282843
0.285714
0
0
0.282843
0.282843
0.282843
0.282843
0.282843
0.282843
0.282843
0.282843
0.282843
0
0
0
0
0
0
0
0
0
0
0
0
0.0470491
0
0.353553
0
0.353553
0.353553
0
0.365148
0.365148
0.377964
1
0
0.408248
0
0.408248
0.408248
0
0.426401
0.426401
0.447214
1
0
0
0
0
0
0
0
0
0
0
0
0
0
0
0
0
0
0
0
0
0
0
0
0
0
0
0
0
0
0
0
0
0
0
0
0
0
0
0
0
0
0
0
0
0
0
0
0
0
0
0
0
0
0
0
0
0
0
0
0
0
0
0
0
0
0
0
0
0
0
0
0
0
0.0486937
0
0
0
0
0
0
0
0
0
0
0
0
0
0
0
0
0
0
0
0
0
0
0
0
0
0
0
0
0
0
0
0
0
0
0
0
0
0
0
0
0
0
0
0
0
0
0
0
0
0
0
0
0
0
0
0
0
0
0
0
0
0
0
0
0
0
0
0
0.0494771
0.0494771
0.0494771
0.0494771
0.0494771
0.0494771
0.0494998
0.0494771
0.0494771
0.0494771
0.0494771
0
0
0.0495074
0
0
0
0
0
0
0
0
0
0
0
0
0
0
0
0
0
0
0
0
0
0
0
0
0
0
0
0
0
0
0
0
0
0
0
0
0
0
0
0
0
0
0
0
0
0
0
0
0
0
0
0
0
0
0
0
0
0
0
0
0
0
0
0
0
0
0
0
0
0
0
0
0
0
0
0
0
0
0
0
0
0
0
0
0
0
0
0
0
0
0
0
0
0
0
0
0
0
0
0
0
0
0
0
0
0
0
0
0
0
0
0
0
0
0
0
0
0
0
0
0
0
0
0
0
0
0
0
0
0
0
0
0
0
0.0486792
0.0486792
0.0486792
0.0486792
0.0486792
0.0494846
0.0494846
0
0
0
0
0
0
0
0
0
0
0
0
0
0
0
0
0
0
0
0
0
0
0
0
0
0
0
0
0
0
0
0
0
0
0
0
0
0
0
0
0
0
0
0
0
0
0
0
0
0
0
0
0
0
0
0
0
0.0486792
0.0486792
0.0486792
0.0486792
0.0486792
0.0486792
0.0486792
0.0486792
0.0486792
0.0486792
0.0486792
0.0486792
0.0486792
0.0486792
0.0486792
0.0486792
0.0486792
0.0486792
0.0486792
0.0486792
0.0486792
0.0486792
0.0486792
0.0486792
0.0486792
0.0486792
0.0494846
0.0494846
0.0487443
0.0494393
0.0494695
0.0494846
0.0494846
0.0494771
0.0494846
0.0494846
0.0494846
0.0494846
0.0494771
0.0494846
0.0494846
0.0494846
0.0494846
0.0494846
0.0494771
0.0494846
0.0494846
0.0494846
0.0494846
0
0
0
0
0
0
0
0
0.0473912
0.0473912
0.0473912
0.0473912
0.0473912
0.0473912
0.0473912
0.0473912
0.0473912
0.0473912
0.0473912
0.0473912
0.0473912
0.0473912
0.0473912
0.0473912
0.0473912
0.0473912
0.0473912
0.0473912
0.0473912
0.0473912
0
0.0473912
0.0473912
0
0
0.0473912
0.0473912
0.0473912
0.0473912
0
0
0
0
0
0
0
0
0
0
0
0
0
0
0
0
0
0
0
0
0
0
0
0
0
0
0
0
0
0
0
0
0
0
0
0
0
0
0
0
0
0
0
0
0
0
0
0
0
0.525226
0.525226
0.525226
0
0.525226
0.525226
0
0
0
0.57735
0
0.603023
0.067059
0.067059
0.067059
0
0.0670778
0.0670778
0
0
0
0.080032
0
0.0981761
0
0
0
0
0
0
0
0
0
0
0
0
0
0.0670213
0.0670213
0.0670213
0.0670213
0
0.0790878
0
0.0966172
0.0966172
0
0.0966172
0
0
0
0
0
0
0
0
0
0
0
0
0
0
0
0
0
0
0
0
0
0
0
0
0
0
0
0
0
0
0
0
0
0
0
0
0
0
0
0
0
0
0
0
0
0
0
0
0
0
0
0
0
0
0
0
0
0
0
0
0
0
0
0
0
0
0
0
0
0
0
0
0
0
0
0
0
0.047036
0.047036
0.047036
0.047036
0.047036
0
0
0
0
0
0
0
0
0
0
0
0.047036
0.047036
0
0
0
0
0.0494695
0.0505399
0.0505399
0.0505399
0.0505399
0.0505399
0.0505399
0.0505399
0.0622724
0
0
0
0
0
0
0
0
0
0
0
0
0
0
0
0
0
0
0
0
0
0
0
0
0
0
0.0505399
0.0505399
0.0505399
0.0505399
0.0505399
0.0505399
0
0
0
0.0494846
0.0494846
0.0494846
0.0494846
0.0494846
0
0
0
0
0
0
0
0
0
0
0
0
0.0495074
0.0495074
0.0495074
0.0495074
0.0495074
0.0495074
0.0495074
0.0495074
0.0495074
0.0495074
0.0495074
0.0495074
0.0495074
0.0495074
0.0495074
0.0495074
0.0495074
0.0495074
0.0495074
0.0495074
0.0495074
0.0495074
0.0495074
0.0495074
0.0495074
0.0495074
0.0495074
0.0495074
0.0494998
0.0495074
0.0495074
0.0495074
0.0495074
0.0495074
0.0495074
0.0494846
0
0.0494846
0.0494846
0.0495834
0.0494846
0.0494846
0.0494846
0.0494846
0.0494846
0.0494846
0.0494846
0.0494846
0.0494846
0.0494846
0.0494846
0.0494846
0.0494846
0.0494846
0.0494846
0.0494846
0.0494846
0.0494846
0.0494846
0.0494846
0.0494846
0.0494846
0.0494846
0.0494846
0.0494846
0.0494846
0.0494846
0.0494846
0.0494846
0.0494846
0.0494846
0.0494846
0.0494846
0.0494846
0.0494846
0.0494846
0.0494846
0.0494846
0.0495834
0.0494846
0.0494846
0
0
0
0
0
0
0
0
0
0
0
0
0
0
0
0.047036
0.047036
0
0
0.047036
0.047036
0
0.047036
0.047036
0.047036
0.047036
0.047036
0.047036
0.047036
0.047036
0.047036
0.047036
0
0.047036
0.047036
0
0.047036
0.0473912
0.047036
0.047036
0.047036
0.047036
0.047036
0
0
0.047036
0
0
0
0.047036
0
0.047036
0.047036
0.047036
0
0.047036
0
0
0.047036
0.0473912
0.0473912
0.0473912
0.0473912
0.0473912
0.0473912
0.0473912
0.0473912
0
0
0
0
0
0
0.047036
0.047036
0.047036
0.047036
0.047036
0
0
0
0.047036
0.047036
0.047036
0.047036
0.047036
0.047036
0.047036
0.047036
0.047036
0.047036
0
0
0.047036
0.0473912
0.0473912
0
0.0473912
0.0473912
0.0473912
0.0473912
0.0473912
0.0473912
0.0473912
0.0473912
0
0
0
0
0
0
0
0
0
0
0
0
0
0.0965047
0
0.101404
0
0.101404
0.0965047
0.0965047
0.0965047
0.0965047
0.0965047
0.0965047
0.0965047
0
0
0
0.0965609
0.0965609
0.09759
0.09759
0.09759
0.09759
0.0965047
0
0
0
0
0
0
0
0
0
0
0
0
0
0
0
0
0
0
0
0
0
0
0
0
0
0
0
0
0
0
0
0
0
0
0
0.0965047
0.0965047
0
0
0
0
0
0
0.0965047
0
0
0
0
0
0
0
0
0
0.0965047
0
0.101404
0.101404
0.101404
0.0965047
0.0965609
0.0965609
0.0965609
0.0965609
0
0
0.101404
0.101404
0.0965609
0.0965609
0.0473912
0.0473912
0.0473912
0.0473912
0.0473912
0.0473912
0.603023
0.0981761
0
0
0.0966172
0.0966172
0.0966172
0.0966172
0.0966172
0
0.0966172
0
0
0
0
0.0966172
0.0966172
0
0.0966172
0
0
0
0
0.0966172
0
0
0
0
0
0
0
0
0
0
0
0
0
0
0
0
0
0
0
0
0
0
0
0
0
0
0
0
0
0
0
0.0979404
0.0979404
0.0979404
0.0979404
0.0979404
0
0
0
0
0.0979404
0.0979404
0
0
0
0
0.0979404
0.0670213
0.0670213
0.0670213
0.0670213
0.0670213
0.0670213
0.525226
0.525226
0.525226
0.525226
0
0.0670778
0.0670778
0.0670778
0.0670778
0
0
0
0
0
0
0.0473912
0.0473912
0.0473912
0.0473912
0.0473912
0.0473912
0
0
0.0473912
0.0473912
0
0
0
0
0
0
0
0.0473912
0.0473912
0.0473912
0
0.0473912
0
0
0
0
0.525226
0.0670778
0
0
0
0
0
0
0
0
0
0
0.0670213
0.0670213
0.0670213
0.0670213
0.0670213
0.0670213
0.0670213
0.0670213
0.0670213
0.0670213
0.0670213
0.0670213
0.0670213
0.0670213
0.0672483
0
0
0
0.0670213
0
0
0
0
0
0
0
0
0
0
0
0
0
0
0
0
0
0
0
0
0
0
0
0
0
0
0
0
0
0.0473912
0
0.0473912
0.0473912
0
0
0
0
0.0473912
0
0
0
0
0
0
0
0
0
0
0
0
0
0
0
0
0
0
0
0
0
0.0473912
0.0473912
0.0473912
0.0473912
0.0473912
0.0473912
0.0473912
0.0473912
0.0473912
0.0473912
0.0473912
0.0473912
0.0473912
0.0473912
0.0473912
0.0473912
0
0
0
0
0
0
0
0
0
0
0
0
0
0
0
0
0
0
0
0
0
0
0
0
0
0
0
0
0
0
0
0
0
0
0
0
0
0
0
0
0
0
0
0
0
0
0
0
0
0
0
0
0
0
0
0
0
0
0
0
0
0
0
0
0
0
0
0
0
0
0
0
0
0
0
0
0
0
0
0
0
0
0
0
0
0
0
0
0
0
0
0
0
0
0
0
0
0
0
0
0
0
0
0
0
0
0
0
0
0
0
0
0
0
0
0
0
0
0
0
0
0
0
0
0
0
0
0
0
0
0
0
0
0
0
0
0
0
0
0
0
0
0
0
0
0
0
0
0
0
0
0
0
0
0
0
0
0
0
0
0
0
0
0
0
0
0
0
0
0
0
0
0
0
0
0.047036
0.047036
0.047036
0.365148
0.365148
0.426401
0.426401
0.5547
0
0.57735
0.57735
0.57735
0.57735
0.57735
0.57735
0.57735
0.57735
0.57735
0.57735
0.57735
0.57735
0.57735
0
0.617213
0.617213
0.57735
0.047036
0
0
0
0
0
0
0
0
0
0
0
0
0
0
0
0
0
0
0
0
0
0
0
0
0
0.0473912
0.0473912
0.0473912
0.0473912
0.0473912
0.0473912
0
0.0965047
0
0.57735
0.0965047
0
0
0
0
0
0
0
0
0
0
0
0
0.0494846
0.0494846
0
0
0
0
0
0.0494846
0.0494846
0.0494846
0.0494846
0.0494846
0
0
0.0971286
0
0.0973585
0.0973585
0.0973585
0.0973585
0.0973585
0.0976481
0.0976481
0
0
0
0
0
0
0
0
0.0973585
0.0973585
0.0973585
0
0.0973585
0.0973585
0
0
0
0
0
0
0
0
0
0
0
0
0
0
0
0
0
0
0
0
0
0
0
0
0
0
0
0
0
0
0
0
0
0
0
0
0
0
0
0
0
0
0
0
0
0
0
0
0
0
0
0
0
0
0
0.0682988
0.0682988
0.0682988
0.0682988
0.0682988
0
0.0682988
0
0
0
0
0
0
0
0
0
0
0
0
0
0
0.0494846
0.0494846
0.0494846
0.0494846
0
0
0
0
0
0
0
0
0
0
0
0
0.0494846
0
0.0487009
0.0487009
0
0.0487009
0.0487009
0.0494317
0
0.0494619
0
0
0
0
0
0
0
0
0
0
0.0949693
0
0
0
0
0
0
0
0
0
0
0
0
0
0
0
0
0
0
0
0
0
0
0
0
0
0
0
0
0
0
0
0
0
0
0
0
0
0
0
0
0
0
0
0
0
0
0
0
0
0
0
0
0
0
0
0
0
0
0
0
0
0
0
0
0
0
0
0
0
0
0
0
0
0
0
0
0
0
0
0
0
0
0
0
0
0
0
0
0
0
0
0
0
0
0
0
0
0
0
0
0
0
0
0
0
0
0
0
0
0
0
0
0
0
0
0
0
0
0
0
0
0
0
0
0
0
0
0
0
0
0
0
0
0
0
0
0
0
0
0
0
0
0
0
0
0
0
0
0
0
0
0
0.0494846
0.0494846
0.0494846
0
0
0
0
0
0
0
0
0
0
0.0486073
0.0486073
0
0.0486073
0.0486073
0
0
0.0494695
0
0
0
0
0
0
0
0
0
0
0
0
0
0
0
0.0494846
0.0494846
0.0494846
0
0.0494846
0.0494846
0.0494846
0.0494846
0.0494846
0.0494846
0.0494846
0.0494846
0.0494846
0.0494846
0.0494846
0.0494846
0.0494846
0.0494846
0.0494846
0.0494846
0.0494846
0.0494846
0.0494846
0.0494846
0.0494846
0.0503633
0
0.0504193
0
0
0
0
0
0
0
0
0
0
0
0
0
0
0
0
0
0
0
0
0
0
0
0
0
0
0
0
0
0.0494846
0.0494846
0.0494846
0.0494846
0.0494846
0.0494846
0.0494846
0.0494846
0.0494846
0.0494846
0.0494846
0.0494846
0.0494846
0.0494846
0.0494846
0.0494846
0.0494846
0.0494846
0.0494846
0.0494846
0.0494846
0.0494846
0.0494846
0.0494846
0.0494846
0.0494846
0.0494846
0.0494846
0.0494846
0.0494846
0.0494846
0.0494846
0.0494846
0.0494846
0.0494846
0.0494846
0.0494846
0.0494846
0
0
0
0
0
0
0
0
0
0
0.0587981
0
0
0
0.0596285
0.0596285
0.0596285
0.0626993
0.0626993
0.0626993
0
0.0626993
0.0626993
0.0626993
0.0626993
0
0.0626993
0
0
0
0
0
0
0.0626993
0
0.0638063
0.0638063
0.0638063
0.0682988
0.0682988
0.0634043
0.0634043
0.0634043
0
0.0668526
0.0668526
0
0
0
0
0
0
0
0
0
0
0
0
0
0
0
0.0688837
0.0930484
0
0
0
0.0930484
0.066519
0.0673054
0
0
0
0
0
0
0
0
0
0
0
0.0498677
0.0587981
0.0587981
0.0587981
0.0587981
0.0587981
0.0494846
0
0
0
0
0
0
0
0
0.0494846
0.0494846
0
0
0
0.0492366
0.0492366
0
0.0492366
0.0492366
0.0492366
0
0.0492366
0.0492366
0.0629785
0.0748481
0
0
0
0
0.0671913
0.0671913
0
0.0638877
0
0.0489629
0.0489629
0
0.0489629
0.0489629
0
0.0489629
0.0489629
0
0.0672673
0.0672673
0
0
0
0
0
0
0
0
0
0
0
0.0503234
0.049394
0.0492366
0
0.0494846
0.0494846
0.0494846
0
0
0
0
0
0
0
0
0
0
0
0
0
0
0
0
0
0
0
0
0
0
0
0
0
0
0
0
0
0
0
0
0
0
0
0
0
0
0
0
0
0
0
0
0
0
0
0
0
0
0
0
0
0
0.0494846
0.0494846
0.0494846
0.0690889
0
0
0
0
0
0
0
0
0
0.0494846
0.0494846
0.0494846
0
0
0
0
0
0
0
0
0
0
0
0
0
0
0.0494846
0.0494846
0
0
0
0
0.0494846
0.0494846
0
0.0494846
0
0.0494846
0.0494846
0.0494846
0
0
0
0.0494846
0
0
0
0
0
0
0
0
0
0
0
0
0
0
0
0
0
0
0
0
0
0
0
0
0
0
0
0
0
0
0
0
0
0
0
0
0
0
0
0
0
0
0
0
0
0
0
0
0
0
0
0
0
0
0
0
0
0
0
0
0
0
0
0
0
0
0
0
0
0
0
0
0
0
0
0
0
0
0
0
0
0
0
0
0
0
0
0
0
0
0
0
0.0499688
0.0499688
0.0499688
0.0499688
0.0499688
0.0504915
0
0.0499688
0.0499688
0
0.0499688
0.0499688
0.0499688
0.0499688
0.0499688
0.0499688
0.0499688
0
0
0.0499688
0.0499688
0.0499688
0
0
0.0499688
0.0499688
0.0499688
0
0
0
0
0
0
0
0
0
0
0.0499688
0.0499688
0.0499688
0.0615021
0.062107
0.062107
0
0.062107
0.062107
0
0.062107
0.0622875
0.0499688
0.0499688
0.062885
0.0499688
0.062885
0.0500626
0.0498677
0.0498677
0.0498677
0.0498677
0.0498677
0.0498677
0.0498677
0.0498677
0.0498677
0.0498677
0.0498677
0.0498677
0.0498677
0.0498677
0.0498677
0.0498677
0.0631352
0.0631352
0.0628074
0
0.0642327
0
0.0683586
0.0624086
0
0.0635001
0
0
0
0
0
0
0
0
0
0
0
0
0
0
0.0671534
0.0671534
0.0671534
0.0671534
0.0891313
0
0
0.110096
0
0.0671534
0.0671534
0.0671534
0.0494846
0.0494846
0
0.0494846
0.0494846
0
0.0494846
0.0494846
0.0494846
0.0494846
0.0494846
0.0494846
0.0494846
0.0494846
0.0494846
0
0
0
0
0
0
0
0
0
0
0
0
0
0
0
0
0
0
0
0
0
0
0
0.0494846
0
0
0
0
0
0
0
0
0
0.0494846
0.0494846
0
0.0494846
0.0494846
0
0.0494846
0.0494846
0.0494846
0.0494846
0.0494846
0.0494846
0.0494846
0.0494846
0.0494846
0
0
0
0
0
0
0
0
0
0.0494846
0.0494846
0
0
0
0
0
0
0
0
0
0
0.0494846
0.0494846
0.0495074
0.0495074
0.0495074
0.0495074
0.0495074
0.0495074
0.0495074
0.0495074
0.0495074
0.0495074
0.0495074
0.0495074
0.0495074
0.0495074
0.0495074
0.0495074
0.0495074
0.0495074
0.0495074
0.0495074
0.0495074
0.0495074
0.0495074
0
0.0495074
0.0495074
0.0495074
0.0495074
0.0495074
0.0495074
0.0495074
0.0495074
0.0495074
0.0495074
0.0495074
0.0495074
0.0495074
0.0495074
0.0495074
0.0495074
0.0495074
0.0495074
0.0495074
0.0495074
0.0495074
0.0495074
0.0495074
0.0495074
0.0495074
0.0495074
0.0495074
0.0495074
0.0495074
0.0495074
0.0495074
0.0495074
0.0495074
0.0495074
0.0495074
0.0495074
0.0495074
0.0495074
0.0495074
0.0495074
0.0495074
0.0495074
0.0495074
0.0495074
0.0495074
0.0495074
0.0495074
0.0495074
0.0495074
0.0493339
0.0493339
0.0493339
0.0494771
0.0494468
0
0
0
0.0877058
0.0877058
0
0
0
0
0
0
0
0
0
0
0
0
0
0
0.0494846
0.0494846
0
0.0494846
0
0
0
0
0
0
0
0
0
0
0
0
0
0
0
0
0
0
0
0
0
0
0
0
0
0
0
0
0
0
0
0
0.0494846
0.0494846
0.0494846
0
0.0635161
0.0947559
0
0.0950229
0.0950229
0.0950229
0
0
0
0
0
0
0.067904
0.067904
0
0
0
0
0
0
0
0
0
0
0.0494846
0
0
0
0
0
0
0
0
0.0494846
0.0494846
0.0494846
0.0494846
0.0494846
0.0494846
0
0.0494846
0.0494846
0.0494846
0
0.0494846
0.0494846
0
0.0494846
0
0
0
0
0
0
0
0
0
0
0
0
0
0.0494846
0.0494846
0
0
0
0
0
0
0
0.0494846
0.0494846
0.0494846
0
0
0
0
0
0
0
0
0
0
0
0
0
0
0
0
0
0
0
0
0
0
0
0
0
0
0
0.0494846
0.0494846
0.0494846
0.0636446
0
0.0669462
0
0
0
0
0
0
0
0
0
0
0
0
0
0
0
0
0
0
0
0.0683586
0
0.0494846
0.0494846
0.0494846
0
0
0
0
0
0
0
0
0
0
0
0
0
0
0
0
0
0
0
0.0494846
0.0494846
0.0494846
0
0
0
0
0
0
0
0
0
0
0
0
0
0
0
0
0
0
0
0
0
0.0587981
0.0587981
0.0587981
0.0587981
0
0
0
0
0
0
0
0
0
0
0
0
0
0
0
0
0
0
0
0
0
0
0
0
0
0
0
0
0
0
0
0
0
0
0
0
0
0
0
0
0
0
0
0
0
0
0
0
0
0
0
0
0
0
0
0
0
0
0
0
0
0
0
0
0
0
0
0
0
0
0
0
0
0
0
0
0
0
0
0
0
0
0
0
0
0
0
0
0
0
0
0
0
0.0505399
0.0505399
0.0505399
0
0
0
0
0
0
0
0
0
0
0
0
0.0505399
0.0505399
0
0
0
0
0
0
0
0
0
0
0
0
0
0
0
0
0
0
0
0
0
0
0
0
0
0
0
0
0
0
0
0
0
0
0
0
0
0
0.0489043
0
0.0493264
0.0493264
0
0.0493264
0.0493264
0
0
0
0
0
0
0
0
0
0
0
0
0
0
0
0
0
0
0
0
0
0
0
0
0
0
0
0
0
0
0
0.0493264
0.0493264
0
0.0493264
0
0.0493264
0.0493264
0
0
0
0
0
0
0
0
0
0
0
0
0
0
0.0897574
0.0897574
0
0.0898479
0.0824086
0.0824086
0
0.0824086
0
0
0
0
0
0
0
0
0
0
0
0
0
0
0
0
0
0
0
0
0
0
0
0
0
0
0
0
0
0.0635802
0
0.0635963
0
0
0
0
0
0
0
0
0
0
0
0
0
0
0
0
0
0
0
0
0
0
0.0491845
0.0491845
0.0491845
0
0
0.0493414
0.0494695
0.0494619
0
0
0
0
0
0
0
0
0.0911448
0
0
0
0
0
0
0
0
0
0
0
0
0
0
0
0
0
