0.0574916
0.0574916
0.0574916
0.0574916
0.0574916
0.0574916
0.0574916
0.0574916
0.0574916
0.0574916
0.0574916
0.0574916
0.0574916
0.0574916
0.0574916
0.0574916
0.0574916
0.0574916
0.0574916
0.0574916
0.0574916
0.0574916
0.0574916
0.0574916
0.0574916
0.0574916
0.0584569
0.0584569
0.0575695
0.0584025
0.0584388
0.0584569
0.0584569
0.0584478
0.0584569
0.0584569
0.0584569
0.0584569
0.0584478
0.0584569
0.0584569
0.0584569
0.0584569
0.0584569
0.0584478
0.0584569
0.0584569
0.0584569
0.0584569
0
0
0
0
0.0584569
0.0584569
0.0584569
0.0753584
0.0598489
0.0791019
0
0
0
0
0
0
0
0
0
0
0
0
0
0
0
0
0
0
0
0.0807972
0
0.0578315
0.0578315
0
0.0578315
0.0578315
0
0.0578315
0.0578315
0
0.0794872
0.0794872
0
0
0
0
0
0
0
0
0.175045
0.175781
0
0.0593676
0.0583483
0.0581596
0
0.0575176
0.0575176
0
0.0575176
0.0575176
0.0583935
0
0.0584297
0
0
0
0
0
0
0
0
0
0
0.111803
0
0
0
0
0
0
0
0
0
0
0
0
0
0
0
0
0
0
0
0
0
0
0
0
0
0
0
0
0
0
0
0
0
0
0
0
0
0
0
0
0
0
0
0
0
0
0
0
0
0
0
0
0
0
0
0
0
0
0
0
0
0
0
0
0
0
0
0
0
0
0
0
0
0
0
0
0
0
0
0
0
0
0
0
0
0
0
0
0
0
0
0
0
0
0
0
0
0
0
0
0
0
0
0
0.0600349
0
0
0
0
0
0
0
0
0
0
0
0
0
0
0
0
0
0
0
0
0
0
0
0
0
0
0
0
0
0
0
0
0
0
0
0
0
0
0
0
0
0
0
0
0
0
0
0.0575089
0
0
0
0
0
0
0
0
0
0
0
0
0
0
0
0
0
0
0
0
0
0
0
0
0
0
0
0
0
0
0
0
0
0
0
0
0
0
0
0
0
0
0
0
0
0
0
0
0
0
0
0
0
0
0
0
0
0
0
0
0
0
0
0
0
0
0
0
0
0
0
0
0
0
0
0
0
0
0
0
0
0
0
0
0
0
0
0
0
0
0
0
0
0
0
0
0
0
0
0
0
0
0
0
0
0
0.0572343
0
0
0
0
0
0
0.0584569
0.0584569
0.0584569
0
0.0584569
0.0584569
0.0584569
0.0584569
0.0584569
0.0584569
0.0584569
0.0584569
0.0584569
0.0584569
0.0584569
0.0584569
0.0584569
0.0584569
0.0584569
0.0584569
0.0584569
0.0584569
0.0584569
0.0584569
0.0584569
0.0594916
0
0.0595587
0
0
0
0
0.079396
0
0.079396
0.079396
0.079396
0.079396
0.079396
0
0
0
0
0
0
0
0
0
0
0
0
0
0
0
0
0
0
0.0584569
0.0584569
0.0584569
0.0584569
0.0584569
0.0584569
0.0584569
0.0584569
0.0584569
0.0584569
0.0584569
0.0584569
0.0584569
0.0584569
0.0584569
0.0584569
0.0584569
0.0584569
0.0584569
0.0584569
0.0584569
0.0584569
0.0584569
0.0584569
0.0584569
0.0584569
0.0584569
0.0584569
0.0584569
0.0584569
0.0584569
0.0584569
0.0584569
0.0584569
0.0584569
0.0584569
0.0584569
0.0584569
0
0
0
0
0
0
0
0
0
0
0.0695353
0
0
0
0.0705027
0.0705027
0.0705027
0.0742177
0.0742177
0.0742177
0
0.0742177
0.0742177
0.0742177
0.0742177
0
0.0742177
0
0
0
0
0
0
0.0742177
0.0863576
0.0755537
0.0755537
0.0755537
0.0807254
0.0807254
0.0750683
0.0750683
0.0750683
0
0.0789896
0.0789896
0
0
0
0
0
0
0
0
0
0
0
0
0
0
0
0.0812079
0.110127
0
0
0
0.110127
0.0785895
0.0795329
0
0
0
0
0
0
0.0744042
0.0744042
0.0744417
0.0744417
0.0744042
0.0589163
0.0695353
0.0695353
0.0695353
0.0695353
0.0695353
0.0584569
0.0584569
0.0584569
0.0584569
0.0584569
0.0584569
0.0745733
0.0745733
0
0
0
0
0.0825552
0.111111
0
0
0
0
0.0584842
0.0584842
0.0584842
0.0584842
0.0584842
0.0584842
0.0584842
0.0584842
0.0584842
0.0584842
0.0584842
0.0584842
0.0584842
0.0584842
0.0584842
0.0584842
0.0584842
0.0584842
0.0584842
0.0584842
0.0584842
0.0584842
0.0584842
0.0584842
0.0584842
0.0584842
0.0584842
0.0584842
0.0584751
0.0584842
0.0584842
0.0584842
0.0584842
0.0584842
0.0584842
0.0584569
0.0612094
0.0584569
0.0584569
0.0585753
0.0584569
0.0584569
0.0584569
0.0584569
0.0584569
0.0584569
0.0584569
0.0584569
0.0584569
0.0584569
0.0584569
0.0584569
0.0584569
0.0584569
0.0584569
0.0584569
0.0584569
0.0584569
0.0584569
0.0584569
0.0584569
0.0584569
0.0584569
0.0584569
0.0584569
0.0584569
0.0584569
0.0584569
0.0584569
0.0584569
0.0584569
0.0584569
0.0584569
0.0584569
0.0584569
0.0584569
0.0584569
0.0584569
0.0585753
0.0584569
0.0584569
0
0
0
0.0583392
0.0583392
0
0
0
0
0
0
0
0
0
0
0
0
0
0
0
0
0
0
0
0
0
0
0
0
0
0
0
0
0
0
0
0
0
0
0
0
0
0
0
0
0
0
0
0
0
0
0
0
0
0
0
0
0
0
0
0
0
0
0
0
0
0
0
0
0
0
0
0
0
0
0
0
0
0
0
0
0
0
0
0
0
0
0
0
0
0
0
0
0
0
0
0
0
0
0
0
0
0
0
0
0
0
0.0584569
0
0.0583392
0.0584569
0.0584569
0.0584842
0.0584842
0.0584842
0.0584842
0.0584842
0.0584842
0.0584842
0.0584842
0.0584842
0.0584842
0.0584842
0.0584842
0.0584842
0.0584842
0.0584842
0.0584842
0.0584842
0.0584842
0.0584842
0.0584842
0.0584842
0.0584842
0.0584842
0
0.0584842
0.0584842
0.0584842
0.0584842
0.0584842
0.0584842
0.0584842
0.0584842
0.0584842
0.0584842
0.0584842
0.0584842
0.0584842
0.0584842
0.0584842
0.0584842
0.0584842
0.0584842
0.0584842
0.0584842
0.0584842
0.0584842
0.0584842
0.0584842
0.0584842
0.0584842
0.0584842
0.0584842
0.0584842
0.0584842
0.0584842
0.0584842
0.0584842
0.0584842
0.0584842
0.0584842
0.0584842
0.0584842
0.0584842
0.0584842
0.0584842
0.0584842
0.0584842
0.0584842
0.0584842
0.0584842
0.0584842
0.0584842
0.0584842
0.0584569
0.0584569
0.0584569
0
0.059927
0
0
0
0
0
0
0
0
0
0
0
0
0
0
0
0
0
0.0584569
0.0584569
0
0
0
0
0
0.0584569
0.0584569
0.0584569
0.0584569
0.0584569
0
0.0860953
0.114298
0
0.114571
0.114571
0.114571
0.114571
0.114571
0.114914
0.114914
0
0
0
0
0
0
0
0
0.114571
0.114571
0.114571
0
0.114571
0.114571
0
0
0
0
0
0
0
0
0
0
0
0
0
0
0
0
0
0
0
0
0
0
0
0
0
0
0
0
0
0
0
0
0
0
0
0
0
0
0
0
0
0
0
0
0
0
0
0
0
0
0
0
0
0
0
0.0807254
0.0807254
0.0807254
0.0807254
0.0807254
0
0.0807254
0.0598489
0
0
0
0
0
0.0600645
0
0
0
0
0
0
0
0.0584569
0.0584569
0.0584569
0.0584569
0
0
0
0
0
0
0
0
0
0
0
0
0.0584569
0
0.0584569
0.0584569
0.0584569
0
0.0609299
0
0
0
0
0
0
0
0
0.0574055
0.0574055
0
0.0574055
0.0574055
0.0599075
0
0.0584388
0
0
0
0
0
0
0
0
0
0
0
0
0
0
0
0.0584569
0.0584569
0.0584569
0
0.059927
0
0
0
0
0
0
0
0
0
0
0
0
0
0
0
0
0
0
0
0.0613979
0.0613979
0
0.0613979
0.0613979
0.0613979
0.0613979
0
0.0613979
0
0
0
0
0
0
0
0
0
0
0
0
0
0
0
0
0
0
0
0
0
0
0
0
0
0.0613979
0.0613979
0.0613979
0
0.0613979
0.0613979
0
0.0613979
0
0.0613979
0.0613979
0.0613979
0
0
0
0
0
0
0
0
0
0.0436322
0
0.0436663
0.0436663
0.0436663
0.0436663
0
0.0438721
0.0613979
0.0613979
0.0613979
0.0613979
0.0613979
0.0613979
0.0613979
0.0613979
0.0613979
0.0613979
0.0613979
0.0613979
0.0613979
0.0613979
0.0613979
0.0613979
0.0613979
0.0613979
0.0613979
0.0613979
0.0613979
0.0613979
0.0613979
0.0613979
0.0613979
0.0613979
0.0613979
0.0613979
0.0613979
0.0613979
0.0613979
0.0613979
0.0613979
0.0613979
0.0613979
0.0613979
0.0613979
0.0613979
0.0613979
0.0613979
0.0613979
0.0613979
0.0613979
0.0613979
0.0613979
0
0.0613979
0
0.0613979
0.0613979
0.0613979
0
0
0
0
0
0
0
0
0.0613979
0.0613979
0
0.0613979
0.0613979
0.0613979
0.0613979
0.0613979
0.0613979
0.0613979
0
0
0
0
0
0
0
0
0
0
0
0
0
0
0
0
0
0
0
0
0
0
0
0
0
0
0
0
0
0
0
0
0
0
0
0
0
0
0
0
0
0
0
0
0
0
0
0
0
0
0
0
0
0
0
0
0
0
0
0
0
0
0
0
0
0
0
0
0
0
0
0
0
0
0
0
0
0
0
0
0
0
0
0.0556337
0.0556337
0
0.0556337
0.0556337
0.0556337
0.0556337
0.0556337
0.0556337
0
0
0
0
0
0
0
0
0
0
0
0
0
0
0
0
0
0
0
0
0
0
0
0
0
0
0
0
0
0.0560532
0
0.0560532
0
0.0560532
0.0560532
0.0560612
0
0
0
0
0
0
0
0
0
0
0
0
0
0
0
0
0
0
0
0
0
0
0
0
0
0
0
0
0
0
0
0
0
0
0
0
0
0
0
0
0
0
0
0
0
0
0
0
0
0
0
0
0
0
0
0
0
0
0
0
0
0
0
0
0
0
0.0556337
0.0556337
0.0556337
0.0556337
0
0.0556337
0
0.0556337
0
0.0556337
0.0556337
0.0556337
0.0556337
0.0556337
0.0556337
0
0
0
0
0
0.0556337
0
0.0556337
0.0556337
0.0556337
0
0
0
0.0556337
0
0.0556337
0
0
0
0
0
0
0.0556337
0.0556337
0.0556337
0.0556337
0.0556337
0.0556337
0.0556337
0
0
0
0
0
0.0556337
0
0.0556337
0.0556337
0.0556337
0
0
0
0
0
0
0
0
0
0
0
0
0
0
0
0
0
0
0
0
0
0
0
0
0
0
0
0
0
0
0
0
0
0
0
0
0
0
0
0
0
0
0
0
0
0
0
0
0
0
0
0
0
0
0
0
0
0
0
0
0
0
0
0
0
0.0556493
0
0
0
0
0
0
0
0
0
0
0
0
0
0
0
0
0
0
0
0
0
0
0
0
0.123261
0.123261
0.123261
0.123261
0.172657
0.230521
0.230521
0.230521
0
0.123862
0
0
0
0
0
0
0
0
0
0
0
0
0
0
0
0
0
0
0
0
0
0
0
0
0
0
0
0
0
0
0
0
0
0
0
0
0
0
0
0
0
0
0.0613874
0
0
0.0553617
0.0553617
0.0553617
0.0553617
0.0553617
0.0553617
0.0553617
0.0553617
0.0553617
0.0553617
0.0553617
0.0553617
0.0553617
0.0553617
0.0553617
0.0568462
0.0564987
0.0564905
0.0566634
0.0574916
0.0566304
0.056738
0.0574916
0.0567962
0.0567712
0.057483
0.0574916
0
0
0
0.0584569
0.0584569
0.0584569
0
0
0
0
0
0
0
0
0
0
0
0
0
0
0.0584569
0.0584569
0
0
0
0
0.0584569
0.0584569
0
0.0584569
0
0.0584569
0.0584569
0.0584569
0
0
0
0.0584569
0.0599662
0
0
0
0.0589163
0.0589163
0.0589163
0.0589163
0.0589163
0.0589163
0.0589163
0.0589163
0.0589163
0.0589163
0.0589163
0.0589163
0.0589163
0.0589163
0.0589163
0.0589163
0.0747435
0.0747435
0.0743294
0.121512
0.0760486
0
0.0807972
0.0738854
0.123432
0.0752032
0
0
0
0
0
0
0
0
0
0
0
0
0
0
0.079396
0.079396
0.079396
0.079396
0.110554
0
0
0.138073
0.281312
0.079396
0.079396
0.079396
0.0590375
0.0590375
0.0590375
0.0590375
0.0590375
0.0596454
0
0.0590375
0.0590375
0
0.0590375
0.0590375
0.0590375
0.0590375
0.0590375
0.0590375
0.0590375
0
0
0.0590375
0.0590375
0.0590375
0
0
0.0590375
0.0590375
0.0590375
0
0
0
0
0
0
0
0
0
0
0.0590375
0.0590375
0.0590375
0.0727918
0.0735215
0.0735215
0
0.0735215
0.0735215
0.0848189
0.0735215
0.0737392
0.0590375
0.0590375
0.0744417
0.0590375
0.0744417
0.05915
0.0584478
0.0584478
0.0584478
0.0584478
0.0584478
0.0584478
0.0584751
0.0584478
0.0584478
0.0584478
0.0584478
0
0
0.0584842
0
0
0
0
0
0
0
0
0
0
0
0
0
0.0613979
0
0
0
0
0
0
0
0
0
0
0
0
0
0
0
0
0
0
0
0
0
0
0
0
0
0
0
0
0
0
0
0
0
0
0
0
0
0
0
0
0
0
0
0
0
0
0
0
0
0
0
0
0
0
0
0
0
0
0
0
0
0
0
0
0
0
0
0
0
0
0
0
0
0
0
0
0
0
0
0
0
0
0.0582762
0.0582762
0.0582762
0.0584478
0.0584116
0
0
0
0.103392
0.103392
0
0
0
0
0
0
0
0
0
0
0.0600645
0.0600645
0.0600645
0.0600645
0.0581596
0.0581596
0
0.0581596
0.0581596
0.0581596
0
0.0581596
0.0581596
0.0745544
0.0886089
0
0
0
0
0.0794643
0.0794643
0.0595972
0.0754949
0
0.0584569
0.0584569
0
0.0584569
0
0
0
0
0
0
0
0
0
0
0
0
0
0
0
0
0
0.0600645
0
0
0
0
0
0
0
0
0
0
0
0
0
0
0.0584569
0.0584569
0
0
0
0.0584569
0.0584569
0.0584569
0
0.0752419
0.111677
0
0.111994
0.111994
0.111994
0
0
0
0
0
0
0.0802984
0.0802984
0
0
0
0.05981
0
0
0
0
0.0600645
0
0.0584569
0
0
0
0
0
0
0
0
0.0584569
0.0584569
0.0584569
0.0584569
0.0584569
0.0584569
0
0.0584569
0.0584569
0.0584569
0
0.0584569
0.0584569
0
0.0584569
0
0
0
0
0
0
0
0
0
0
0
0
0
0.0584569
0.0584569
0
0
0
0
0
0
0
0.0584569
0.0584569
0
0.0584569
0.0584569
0
0.0584569
0.0584569
0.0584569
0.0584569
0.0584569
0.0584569
0.0584569
0.0584569
0.0584569
0
0
0
0
0
0
0
0
0
0
0
0
0
0
0
0
0
0
0
0
0
0
0
0.0584569
0
0
0
0
0
0
0
0
0
0.0584569
0.0584569
0
0.0584569
0.0584569
0
0.0584569
0.0584569
0.0584569
0.0584569
0.0584569
0.0584569
0.0584569
0.0584569
0.0584569
0
0
0
0
0
0
0
0
0.0599662
0.0584569
0.0584569
0
0
0
0
0
0
0
0
0
0
0.0584569
0.0584569
0.0584569
0
0
0
0
0
0
0
0
0
0
0
0
0
0
0
0
0
0
0
0
0
0.0626224
0.0626224
0
0
0
0
0.0584569
0.0584569
0.0584569
0.0814524
0
0
0
0.0600055
0
0
0
0
0
0.0584569
0.0584569
0.0584569
0
0
0
0
0
0
0
0
0
0
0
0
0
0
0
0
0
0
0
0
0
0
0
0
0
0
0
0
0
0
0
0
0
0
0
0
0
0
0
0
0
0.059927
0
0
0.0600645
0
0
0
0
0
0
0
0
0
0.0695353
0.0695353
0.0695353
0.0695353
0
0
0
0
0
0
0
0
0.0597033
0.0597033
0.0597033
0
0
0
0
0
0
0
0
0
0
0
0
0.0597033
0.0597033
0
0
0
0
0.0597033
0.0597033
0.0597033
0.0597033
0.0597033
0.0597033
0.0597033
0.074162
0
0.0643187
0
0.0643187
0.0643187
0.0643187
0.0301002
0.0643187
0.0643187
0.0643187
0.0658081
0.0658081
0.0643187
0.0643187
0.0643187
0.0617374
0
0
0
0
0
0
0
0
0
0
0.0597033
0.0597033
0.0597033
0.0597033
0.0597033
0.0597033
0
0
0
0
0
0.117851
0.133199
0
0
0
0
0
0
0
0.133199
0.144474
0.144612
0.144474
0.146719
0.167729
0
0.167729
0.167729
0.167729
0.167729
0.163597
0
0.164601
0.164804
0
0.163597
0
0.163597
0.133199
0
0
0
0
0
0
0
0
0
0
0
0
0
0
0
0
0
0
0
0
0
0
0
0
0
0
0
0
0
0
0
0
0
0
0
0
0
0
0
0
0
0
0
0
0
0
0
0
0
0
0
0
0
0
0
0
0
0
0
0
0
0
0
0
0
0
0
0
0
0
0
0
0
0
0
0
0
0
0
0
0
0
0
0
0
0
0
0
0
0
0
0
0
0
0
0
0
0
0
0
0
0
0
0
0
0
0
0
0
0
0
0
0
0
0
0
0
0
0
0
0
0
0
0
0
0
0
0
0
0
0
0
0
0
0
0
0
0
0
0
0
0
0
0
0
0
0
0
0
0.109764
0.109764
0.109764
0.109764
0.109764
0.110248
0
0
0
0
0
0
0
0
0
0
0
0
0
0
0
0
0
0
0
0
0
0
0
0
0
0
0
0
0
0
0
0
0
0
0
0
0.107323
0.107323
0.107323
0.107776
0.107776
0.107776
0.107776
0.107776
0.107776
0.107776
0.107776
0.107776
0
0
0
0
0
0
0
0
0
0
0
0
0
0
0
0.118983
0
0.118983
0
0
0
0
0
0
0
0
0
0
0
0
0
0
0
0
0
0
0
0
0
0
0
0
0
0
0
0
0
0
0
0.107436
0.107436
0.107436
0.107436
0.1183
0.1183
0.1183
0.1183
0.110066
0
0
0
0
0
0
0.111867
0
0.111867
0
0.111867
0
0.111867
0
0.112058
0
0
0
0
0
0.121349
0
0.121349
0
0.121349
0
0.121349
0
0.121349
0
0
0
0
0
0
0
0
0
0
0
0.143123
0
0.143123
0
0.143123
0
0.143123
0.143123
0
0
0
0
0
0.135176
0
0.130089
0
0.128613
0
0
0
0
0.124823
0
0
0
0.126814
0.122922
0
0
0
0
0
0
0
0
0
0
0
0
0
0
0
0
0.141679
0
0
0
0.10738
0.10738
0.10738
0.115963
0.115963
0.115963
0.115963
0.115963
0
0.10738
0.109525
0.10738
0.10738
0.107492
0.107492
0.109644
0.116105
0
0.107492
0.107492
0.109644
0.116248
0
0
0
0
0
0
0
0
0
0
0
0
0
0
0
0
0
0
0
0
0
0
0
0
0
0
0
0
0
0
0
0
0
0
0
0
0
0
0
0
0
0
0
0
0
0
0
0
0
0
0
0
0.109525
0.109525
0.109525
0.109525
0.109525
0
0
0.110006
0.110006
0.110006
0.110006
0.110006
0.110006
0.110006
0.110006
0.109525
0
0
0.110006
0.110006
0.110006
0.110006
0.110006
0.110006
0.110006
0.110006
0.109525
0.150445
0.166457
0.166457
0
0.166457
0.169693
0.166457
0.166457
0.166457
0.166457
0
0
0
0
0
0
0
0
0
0
0
0
0
0
0
0
0
0
0
0
0
0
0
0
0
0
0
0
0
0
0
0
0
0
0
0.109644
0.109644
0.109525
0.109525
0.110006
0.110006
0.110006
0.120307
0.110006
0.110006
0.110006
0.110006
0.120307
0.110006
0.109525
0.120307
0.120307
0.120307
0.120307
0
0
0
0
0
0
0
0
0
0
0
0
0
0
0
0
0
0.141165
0.141165
0.141165
0.141165
0.141165
0
0.141165
0
0
0.141165
0.141165
0.141165
0.144887
0.144887
0.148028
0.144887
0
0.144887
0.18313
0
0.18313
0
0
0.198918
0.22672
0
0
0.198918
0.198918
0.198918
0
0.198918
0.198918
0
0.198918
0.198918
0.202974
0.198918
0.198918
0
0.203355
0.203355
0.203355
0
0
0
0
0
0
0
0
0
0
0
0
0
0
0
0
0
0
0
0
0
0
0
0
0
0
0
0
0
0
0
0
0
0
0
0
0
0
0
0
0
0
0
0
0
0
0
0
0
0
0
0
0
0.144887
0
0
0
0
0
0
0
0
0
0
0
0
0
0
0
0
0
0
0
0
0
0
0
0
0
0
0
0
0
0
0
0
0
0
0
0
0
0
0
0
0
0
0
0
0
0
0
0
0
0
0
0
0
0
0
0
0
0
0
0
0
0
0
0
0
0
0
0
0
0
0
0
0
0
0
0
0
0
0
0
0
0
0
0
0
0
0
0
0
0
0
0
0
0
0
0.143123
0.143123
0.143123
0
0.143123
0.143123
0.143123
0.143123
0.183973
0.183973
0
0.183973
0
0
0
0
0
0
0
0
0
0
0.179869
0.179869
0.179869
0.179869
0
0
0
0
0
0.179869
0.217747
0.217747
0.217747
0
0
0.217747
0
0
0
0
0
0
0
0
0
0
0
0
0
0
0
0
0
0
0
0
0
0
0
0
0
0
0
0
0
0
0
0
0
0
0
0
0
0
0
0
0
0
0
0
0
0
0
0
0
0
0
0
0
0
0
0
0
0.143123
0
0
0
0
0
0
0
0
0
0
0
0
0
0
0
0
0
0
0
0
0
0
0
0
0
0
0
0
0
0
0
0
0
0
0
0
0
0
0
0
0
0
0
0
0
0
0
0
0
0
0
0
0
0
0
0
0
0
0
0
0
0
0
0
0
0
0
0
0
0
0
0
0
0
0
0
0
0
0
0
0
0
0
0
0
0
0
0
0
0
0
0
0
0
0
0
0
0
0
0
0
0
0
0
0
0
0
0
0
0
0
0
0
0
0
0
0
0
0
0
0
0
0
0
0
0
0
0
0
0
0
0
0
0
0
0
0
0
0
0
0
0
0
0
0
0
0
0
0
0
0
0
0
0
0
0
0
0
0
0
0
0
0
0
0
0
0
0
0
0
0
0
0
0
0
0
0
0
0
0
0
0
0
0
0
0
0
0
0
0
0
0
0
0
0
0
0
0
0
0
0
0
0
0
0
0
0
0
0
0
0
0
0
0
0
0
0
0
0
0
0
0
0
0.109824
0.109824
0.109824
0.109885
0.166457
0.166457
0.166457
0
0
0.166457
0
0
0
0
0
0
0
0
0
0
0
0
0
0
0
0
0
0
0
0
0.110066
0.110066
0.110066
0.110493
0.167302
0.167302
0
0
0
0
0
0
0.110493
0
0
0
0
0
0
0
0
0
0
0
0
0
0
0
0
0
0
0
0
0
0
0
0
0
0
0
0
0
0.107776
0.107776
0.107776
0.107776
0.107776
0.107776
0.107776
0.107776
0.107776
0.107776
0
0
0
0
0
0
0
0
0
0
0
0.117629
0
0.118754
0
0
0
0
0
0
0
0
0
0
0
0
0
0
0
0
0
0
0
0
0
0
0
0
0
0.165624
0.165624
0.165624
0.165624
0
0
0
0
0
0
0
0
0
0
0
0
0
0
0
0
0
0
0
0
0
0
0
0
0.165831
0.165831
0.165831
0
0
0
0
0
0
0.164399
0.164399
0.164399
0.164399
0.164399
0.164399
0
0
0
0.164399
0.164399
0
0
0
0
0
0
0
0
0
0
0
0.145026
0.145026
0
0.145026
0
0
0
0
0
0
0
0
0
0
0
0
0
0
0
0
0
0
0
0
0
0
0
0
0
0
0
0
0
0
0
0
0
0
0
0
0
0
0
0
0
0
0
0
0
0
0
0
0
0
0
0
0
0
0
0
0
0
0
0
0
0
0
0
0
0
0
0
0
0
0
0
0
0.127
0.127
0
0.127
0
0.127
0
0
0
0
0
0
0
0
0.3849
0.3849
0
0
0
0
0
0
0
0
0
0
0.368514
0.368514
0
0
0
0
0
0
0
0
0
0
0.142428
0.143023
0
0
0
0
0
0
0
0
0
0
0
0
0
0
0
0
0
0
0
0
0
0
0
0
0
0
0
0
0
0
0
0
0
0
0
0
0
0
0
0
0
0
0
0
0
0
0
0
0
0
0
0
0
0
0
0
0
0
0
0
0
0
0
0
0
0
0
0
0
0
0
0
0
0
0
0
0
0
0
0
0
0
0
0
0
0
0
0
0
0
0
0
0
0
0
0
0
0
0
0
0
0
0
0
0
0
0
0
0
0
0
0
0
0
0
0
0
0
0
0
0
0
0
0
0
0
0
0
0
0
0
0
0
0
0
0
0
0
0
0
0
0
0
0
0
0
0
0
0
0
0
0
0
0
0
0
0
0
0
0
0
0
0
0
0
0
0
0
0
0
0
0
0
0
0
0
0
0
0
0
0
0
0
0
0
0
0
0.235702
0.235702
0.0790682
0.0790682
0.0790682
0.0790682
0
0
0
0
0
0
0
0
0
0
0
0
0
0.200731
0.201471
0.0755341
0.0755341
0.0755341
0.0756716
0.0756716
0.070265
0.0710343
0.090034
0.0992806
0
0
0
0
0.0701235
0.0701235
0
0
0
0
0
0
0
0
0
0
0
0
0
0
0
0
0
0
0
0
0
0
0
0
0
0
0
0
0
0
0
0
0
0
0
0
0
0.0686508
0.0686508
0
0
0
0
0
0
0
0
0
0
0
0
0
0
0
0
0
0
0
0
0
0
0
0
0
0
0
0
0
0
0
0
0
0
0
0
0
0
0
0
0
0
0
0
0
0
0
0
0
0
0
0
0.224117
0
0
0
0
0
0
0
0
0
0
0
0
0
0
0
0
0
0
0
0
0
0
0
0
0
0
0
0
0
0
0
0
0
0
0
0
0
0
0
0
0
0
0
0
0
0
0
0
0
0
0
0
0
0
0
0
0
0
0
0
0
0
0
0
0
0
0
0
0
0
0
0
0
0
0
0
0
0
0
0
0
0
0
0
0
0
0
0
0
0
0
0
0
0
0
0
0
0
0
0
0
0
0
0
0
0
0
0
0
0
0
0
0
0
0
0
0
0
0
0
0
0
0
0
0
0
0
0
0
0
0
0
0
0
0
0
0
0
0
0
0
0
0
0
0
0
0
0
0
0
0
0
0
0
0
0
0
0
0
0
0
0
0
0
0
0
0
0
0
0
0
0
0
0
0
0
0
0
0
0
0
0
0
0
0
0
0.172191
0.184542
0.184542
0.184542
0
0
0
0.186871
0.186871
0.186871
0
0
0
0.189909
0.189909
0.189909
0
0
0
0
0
0
0
0
0
0
0
0
0
0
0
0
0
0
0
0
0
0
0
0
0
0
0
0
0
0
0
0
0
0
0
0
0
0
0
0
0
0
0
0
0
0
0
0
0
0
0
0
0
0
0
0
0
0
0
0
0
0
0.171042
0.171042
0.171042
0
0
0
0
0
0
0
0
0
0
0
0
0
0
0
0
0
0.182851
0.182851
0.182851
0
0
0
0
0
0
0
0
0
0
0
0
0
0
0
0.128324
0.128324
0.128324
0.130189
0.130189
0.130189
0.130693
0.130693
0.130693
0
0
0
0
0
0
0
0
0
0
0
0
0.156871
0.156871
0.156871
0.137953
0.137953
0.137953
0.138193
0.138193
0.138193
0.138554
0.138554
0.138554
0.182851
0.182851
0.182851
0.148324
0.148324
0.148324
0
0
0
0
0
0.106054
0.106054
0
0.106163
0.097087
0.097087
0
0.097087
0
0
0
0
0
0
0
0
0
0
0
0
0
0
0
0
0
0
0
0
0
0
0
0
0
0
0
0
0
0.075126
0
0.0751453
0.0743855
0
0.0744042
0
0
0
0
0
0
0
0
0
0
0
0
0
0
0
0
0
0
0
0.0582672
0.0582672
0
0.0582672
0.0582672
0
0
0
0
0
0
0
0
0
0
0
0
0
0
0
0
0
0
0.0613874
0
0
0
0
0
0
0
0.0600645
0.0600645
0.0600645
0.0600645
0.0600645
0.0582672
0.0582672
0
0.0582672
0
0.0582672
0.0582672
0.059927
0
0
0
0
0
0
0
0
0.0580971
0.0580971
0.0580971
0.0600546
0
0.0582852
0.0584388
0.0584388
0
0
0
0
0
0
0
0
0.10738
0
0
0
0
0
0
0
0
0
0
0
0
0
0
0
0
0
0
0
0
0.0578227
0.0578227
0
0
0
0
0
0
0
0
0
0
0
0
0
0
0
0
0
0
0
0
0
0.134176
0
0.137361
0.138918
0
0.142199
0.142199
0
0.142199
0
0
0
0
0
0
0
0
0
0
0
0
0
0
0
0
0
0
0.0603322
0
0.0640901
0
0
0
0
0
0
0
0
0
0
0
0
0
0
0
0
0
0
0
0
0
0
0
0
0
0.0578227
0
0.0574916
0.0574916
0.0574916
0.0574916
0.0574916
0.0584569
0.0584569
0.0975056
0.0975056
0
0
0
0
0.120307
0
0.121106
0.124471
0
0
0
0
0
0
0
0
0.119913
0
0.122087
0.164601
0.128517
0
0
0
0
0
0
0
0
0
0
0
0
0
0
0
0
0
0
0
0
0
0
0
0
0
0
0
0
0
0
0
0
0
0
0
0
0.0556337
0.0556337
0.0556337
0
0
0
0
0
0
0
0
0
0
0
0
0
0
0
0
0
0
0
0
0
0
0.0556337
0
0
0
0.0560612
0
0.0560612
0.0560612
0
0
0
0
0.0560612
0
0
0
0
0
0
0
0
0
0
0
0
0
0
0
0
0
0
0
0
0
0.0560612
0.0560612
0.0560612
0.0560612
0.0560612
0.0560612
0.0560612
0.0560612
0.0560612
0.0560612
0.0560612
0.0560612
0.0560612
0.0560612
0.0560612
0.0560612
0
0
0
0
0
0
0
0
0
0
0
0
0
0
0
0
0
0
0
0
0
0
0
0
0
0
0
0
0
0
0
0
0
0
0
0
0
0
0
0
0
0
0
0
0
0
0
0
0
0
0
0
0
0
0
0
0
0
0
0
0
0
0
0
0
0
0
0
0
0
0
0
0
0
0
0
0
0
0
0
0
0
0
0
0
0
0
0
0
0
0
0
0.0560612
0.0560612
0.0560612
0.0560612
0.0560612
0.0560612
0.0560612
0.0560612
0.0560612
0.0560612
0.0560612
0.0560612
0.0560612
0.0560612
0.0560612
0.0560612
0.0560612
0.0560612
0.0560612
0.0560612
0.0560612
0.0560612
0
0.0560612
0.0560612
0
0
0.0560612
0.0560612
0.0560612
0.0560612
0
0
0
0
0
0
0
0
0
0
0
0
0
0
0
0
0
0
0
0
0
0
0
0
0
0
0
0
0
0
0
0
0
0
0
0
0
0
0
0
0
0
0
0
0
0
0
0
0
0
0
0
0
0
0
0
0
0
0
0
0
0.0788556
0.0788556
0.0788556
0
0.0788779
0.0788779
0
0
0
0.0943763
0
0.11561
0
0
0
0
0
0
0
0
0
0
0
0
0
0.078811
0.078811
0.078811
0.078811
0
0.0932505
0
0.113759
0.113759
0
0.113759
0
0
0
0
0
0
0
0
0
0
0
0
0
0
0
0
0
0
0
0
0
0
0
0
0
0
0
0
0
0
0
0
0
0
0
0
0
0
0
0
0
0
0
0
0
0
0
0
0
0
0
0
0
0
0
0
0
0
0
0
0
0
0
0
0
0
0
0
0
0
0
0
0
0
0
0.0560612
0.0560612
0.0560612
0.0560612
0.0560612
0.0560612
0
0
0.0560612
0.0560612
0
0
0
0
0
0
0
0.0560612
0.0560612
0.0560612
0
0.0560612
0
0
0
0
0
0.0788779
0
0
0.225668
0
0.0618554
0
0
0
0
0
0.078811
0.078811
0.078811
0.078811
0.078811
0.078811
0.078811
0.078811
0.078811
0.078811
0.078811
0.078811
0.078811
0.078811
0.0789225
0.27735
0.27735
0.27735
0.078811
0.0560612
0.0560612
0.0560612
0.0560612
0.0560612
0.0560612
0
0.11561
0
0
0.113759
0.113759
0.113759
0.113759
0.113759
0
0.113759
0
0
0
0
0.113759
0.113759
0
0.113759
0
0
0
0
0.113759
0
0
0
0
0
0
0
0
0
0
0
0
0
0
0
0
0
0
0
0
0
0
0
0
0
0
0
0
0
0
0
0.11533
0.11533
0.11533
0.11533
0.11533
0
0
0
0
0.11533
0.11533
0
0
0
0
0.11533
0.0556337
0.0556337
0.0556337
0.0556337
0.0556337
0
0
0
0
0
0
0
0
0
0
0
0.0556337
0.0556337
0
0
0
0
0.0584388
0
0
0
0
0
0
0
0
0
0
0
0
0
0
0
0
0
0
0
0
0
0
0
0
0
0
0
0
0
0
0
0
0
0
0
0
0
0
0
0
0
0
0
0
0
0
0
0
0
0
0
0
0
0
0
0
0
0
0
0
0
0
0
0
0
0
0
0
0
0
0
0
0
0
0
0
0
0
0
0
0
0
0
0
0
0
0
0
0
0
0
0
0
0
0
0
0
0
0
0
0
0
0
0
0
0
0
0
0
0.0560612
0.0560612
0
0.0560612
0.0560612
0.0560612
0.0560612
0.0560612
0.0560612
0.0560612
0.0560612
0
0
0
0
0
0
0
0
0
0
0
0
0
0.113626
0
0.119368
1
0
0.113626
0.113626
0.113626
0.113626
0.113626
0.113626
0.113626
0
0
0
0.113692
0.113692
0.115052
0.115052
0.115052
0.115052
0.113626
0
0
0
0
0
0
0
0
0
0
0
0
0
0
0
0
0
0
0
0
0
0
0
0
0
0
0
0
0
0
0
0
0
0
0
0.113626
0.113626
0
0
0
0
0
0
0.113626
0
0
0
0
0
0
0
0
0
0.113626
0
0.119368
0.119368
0.119368
0.113626
0.113692
0.113692
0.113692
0.113692
0
0
0.119368
0.119368
0.113692
0.113692
0
0
0
0
0
0
0
0
0
0
0
0
0
0
0
0
0
0
0
0
0
0
0
0
0
0.078811
0.078811
0.078811
0.078811
0.078811
0.078811
0
0
0
0
0
0.0788779
0.0788779
0.0788779
0.0788779
0.32063
0
0
0
0
0
0.0560612
0.0560612
0.0560612
0.0560612
0.0560612
0.0560612
0
0.113626
0
0
0.113626
0
0
0
0
0
0
0
0
0
0
0
0
0
0
0
0
0
0
0
0
0
0
0
0
0.0556337
0.0556337
0
0
0.0556337
0.0556337
0
0.0556337
0.0556337
0.0556337
0.0556337
0.0556337
0.0556337
0.0556337
0.0556337
0.0556337
0.0556337
0
0.0556337
0.0556337
0
0.0556337
0.0560612
0.0556337
0.0556337
0.0556337
0.0556337
0.0556337
0
0
0.0556337
0
0
0
0.0556337
0
0.0556337
0.0556337
0.0556337
0
0.0556337
0
0
0.0556337
0.0560612
0.0560612
0.0560612
0.0560612
0.0560612
0.0560612
0.0560612
0.0560612
0
0
0
0
0
0
0.0556337
0.0556337
0.0556337
0.0556337
0.0556337
0
0
0
0.0556337
0.0556337
0.0556337
0.0556337
0.0556337
0.0556337
0.0556337
0.0556337
0.0556337
0.0556337
0
0
0.0556337
0
0
0
0
0
0
0
0
0
0
0
0
0
0
0
0
0
0
0
0
0
0
0
0
0
0
0
0
0.0553617
0.0553617
0.0553617
0
0
0
0
0
0
0
0
0
0
0
0
0
0
0
0
0
0
0
0
0
0
0
0
0
0
0
0
0
0
0
0
0
0
0
0
0
