0.0531494
0.0531494
0.0531494
0.107958
0.107958
0
0
0
0.153937
0.136845
0.171499
0.131991
0
0.131306
0.141139
0.15891
0.160956
0
0
0
0
0
0
0
0
0
0
0
0
0
0
0
0.0531494
0.0531494
0.0531494
0.0531494
0.0531494
0.0531494
0.0531494
0.0531494
0.0531494
0.0531494
0.0531494
0.0531494
0.0531494
0.0531494
0.0531494
0.0554189
0.0549816
0.0549816
0.0549816
0.0560772
0.054965
0.0550149
0.0560772
0.0551653
0.0551485
0.0560772
0.0560772
0
0
0
0.056042
0.0560772
0
0
0
0
0
0
0
0
0
0
0
0
0.0550149
0.0550149
0
0.0602366
0.0602366
0.0602366
0.0602366
0.0602366
0.0602366
0
0
0
0
0
0
0
0
0
0
0.0602366
0.0602366
0
0.0602366
0
0
0
0
0
0
0
0
0
0
0
0
0
0
0
0
0
0
0
0
0
0
0
0
0
0
0
0.0570544
0.0774287
0.0624026
0
0
0
0.0950014
0.103919
0
0
0
0
0
0
0
0
0
0
0
0
0
0
0
0
0
0
0
0
0
0
0
0
0
0
0
0
0
0
0
0.056042
0.056042
0
0
0
0
0
0
0
0
0
0
0
0
0
0
0
0
0
0
0
0
0
0
0
0
0
0
0
0
0
0
0
0
0
0
0
0
0
0
0
0
0
0
0
0
0
0
0
0
0.10143
0.10143
0.10143
0.220326
0.220326
0.220326
0.220326
0.220326
0.222497
0.222497
0.10143
0
0
0
0
0
0
0
0
0
0
0
0
0
0
0
0
0
0
0
0
0
0
0
0
0
0
0
0
0
0
0
0
0
0
0
0
0
0
0
0
0
0
0
0.0560772
0
0.0525009
0.0525009
0
0.0525009
0.0525009
0.0525009
0.0525009
0.0525009
0.0525009
0.0570173
0.0570173
0.0570173
0.0570173
0.0570173
0.0570173
0.0570173
0.0570173
0.0570173
0.0570359
0
0.0570173
0
0.0570173
0
0.0570173
0
0.0570173
0.0570173
0.0570173
0.0590899
0.0590899
0
0.0590899
0
0.0590899
0.0590899
0.0590899
0.0590899
0.0525009
0
0.0525009
0
0.0525009
0.0525009
0.0525153
0
0
0
0
0
0
0
0.322749
0.319438
0
0.319438
0
0.319438
0.319438
0.319438
0
0.319438
0.319438
0.319438
0
0
0.319438
0.29361
0.29361
0
0
0
0
0
0
0
0
0
0
0
0
0
0
0
0
0
0
0
0
0
0
0
0.269191
0
0.269191
0.269191
0.269191
0.269191
0
0
0
0.269191
0.269191
0.269191
0
0
0
0
0
0
0
0.0525009
0.0525009
0.0525009
0.0525009
0
0.0525009
0
0.0525009
0
0.0525009
0.0525009
0.0525009
0.0525009
0.0525009
0.0525009
0
0
0
0
0
0.0525009
0
0.0525009
0.0525009
0.0525009
0
0
0
0.0525009
0
0.0525009
0
0
0
0
0
0
0.0525009
0.0525009
0.0525009
0.0525009
0.0525009
0.0525009
0.0525009
0
0
0
0
0
0.0525009
0
0.0525009
0.0525009
0.0525009
0
0
0
0
0
0
0
0
0
0
0
0
0
0
0
0
0
0
0
0
0
0
0
0
0
0
0
0
0
0
0
0
0
0
0
0
0
0
0
0
0.269191
0.269191
0.269191
0
0
0.269191
0.269191
0.269191
0.269191
0.269191
0.269191
0.269191
0.269191
0.269191
0
0
0
0
0
0
0
0
0
0
0
0
0.0525153
0
0
0
0
0
0
0
0
0
0
0
0
0
0
0
0
0
0
0
0
0
0
0
0
0
0
0
0
0
0
0
0
0
0
0
0
0
0
0
0
0
0
0
0
0
0
0
0
0
0
0
0
0
0
0
0
0
0
0
0
0
0
0
0
0
0
0
0
0
0
0
0
0
0
0
0
0
0
0
0
0
0
0
0
0
0
0
0
0
0
0
0
0
0.0560772
0.0560772
0.0560772
0.0560772
0.0560772
0.0560772
0.0560772
0.0560772
0.0560772
0.0560772
0.0560772
0
0
0.0560772
0
0
0
0
0
0
0
0
0
0
0
0
0
0.0567779
0
0
0
0
0
0
0
0
0
0
0
0
0
0
0.0560772
0
0
0
0
0
0
0
0
0
0
0
0
0
0
0
0
0
0
0
0
0
0
0
0
0
0
0
0
0
0
0
0
0
0
0
0
0
0
0
0
0
0
0
0
0
0
0
0
0
0
0
0
0
0
0
0
0
0
0
0
0
0
0
0
0
0
0
0
0
0
0
0
0
0
0
0
0
0
0
0
0
0
0
0
0
0
0
0
0
0
0
0
0
0
0
0
0
0
0
0
0
0
0
0
0
0
0
0
0
0
0
0
0
0
0
0
0
0
0
0
0
0
0
0
0
0
0
0
0
0
0
0
0
0
0
0
0
0
0
0
0
0
0
0
0
0
0
0
0
0
0
0
0
0
0
0
0
0
0
0
0
0
0
0
0
0
0
0
0
0
0
0
0
0
0
0
0.116248
0.13041
0
0
0
0
0
0
0
0.13041
0.139754
0.139754
0.139754
0
0
0
0
0
0
0
0
0
0
0
0
0
0
0
0.13041
0
0
0
0
0
0
0
0
0
0
0
0
0
0
0
0
0
0
0
0
0
0
0
0
0
0
0
0
0
0
0
0
0
0
0
0
0
0
0
0
0
0
0
0
0
0
0
0
0
0
0
0
0
0
0
0
0
0
0
0
0
0
0
0
0
0
0
0
0
0
0
0
0
0
0
0
0
0
0
0
0
0
0
0
0
0
0
0
0
0
0
0
0
0
0
0
0
0
0
0
0
0
0
0
0
0
0
0
0
0
0
0
0
0
0
0
0
0
0
0
0.0560772
0.0560772
0.0560772
0.0560772
0.0560772
0.0560772
0.0560772
0
0
0
0
0
0
0
0
0
0
0
0
0
0
0
0
0
0
0
0
0
0
0
0
0
0
0
0
0
0
0
0
0
0
0
0
0
0
0
0
0
0
0
0
0
0
0
0
0
0
0
0
0
0
0
0
0
0.0560772
0.0560772
0.0560772
0.0560772
0.0560772
0.0560772
0.0560772
0.0560772
0.0560772
0.0560772
0.0560772
0.0560772
0.0560772
0.0560772
0.0560772
0.0560772
0.0560772
0.0560772
0.0560772
0.0560772
0.0560772
0.0560772
0.0560772
0.0560772
0.0560772
0.0560772
0.0560772
0.0560772
0.0560772
0.0560772
0.0560772
0.0560772
0.0560772
0.0560772
0.0560772
0.0560772
0.0560772
0.0560772
0.0560772
0.0560772
0.0560772
0.0560772
0.0560772
0.0560772
0.0560772
0.0560772
0.0560772
0.0560772
0.0560772
0
0
0
0
0
0
0
0
0
0
0
0
0
0
0
0
0
0
0
0
0
0
0
0
0
0
0
0
0
0
0
0
0
0
0
0
0
0
0
0
0
0
0
0
0
0
0
0
0
0
0
0
0
0
0
0
0
0
0
0
0
0
0
0
0
0
0
0.316228
0.316228
0.102275
0.102275
0.102275
0.102275
0.102275
0.102275
0
0
0
0
0
0
0
0
0
0
0
0
0
0
0
0.0950014
0.100707
0.0950014
0.122169
0.1001
0
0
0
0
0
0
0
0
0
0
0
0
0
0
0
0
0
0
0
0
0
0
0
0
0
0
0
0
0
0
0
0
0
0
0
0
0
0
0
0
0
0
0
0
0
0
0
0
0
0
0
0
0
0
0
0
0
0
0
0
0
0
0
0
0
0
0
0
0
0
0
0
0
0
0
0
0
0
0.0950014
0.0950014
0
0
0
0
0
0
0
0
0
0
0
0
0
0
0
0
0
0
0
0
0
0
0
0
0
0
0
0
0
0
0
0
0
0
0
0
0.10249
0.10249
0.10249
0
0
0
0
0
0
0
0
0
0
0
0
0
0
0.109109
0
0
0
0
0
0
0
0
0
0
0
0.10249
0.10249
0
0.790569
0
0
0
0
0
0
0
0
0
0
0
0
0
0
0
0
0
0
0
0
0
0
0
0
0
0
0
0
0
0
0
0
0
0
0
0
0
0.0602366
0.0602366
0.0602366
0
0.0525153
0.0525153
0.0525153
0.0525153
0.0525153
0.0525153
0.0525153
0.0525153
0.0525153
0.0525153
0.0525153
0.0525153
0.0525153
0.0525153
0.0525153
0.0525153
0.0525153
0.0525153
0.0525153
0.0525153
0.0525153
0.0525153
0
0.0525153
0.0525153
0
0
0.0525153
0.0525153
0.0525153
0.0525153
0
0
0
0
0
0
0
0
0
0
0
0
0
0
0
0
0
0
0
0
0
0
0
0
0
0
0
0
0
0
0
0
0
0
0
0
0
0
0
0
0
0
0
0
0
0
0
0
0
0
0
0
0
0
0
0
0
0
0
0
0
0
0
0
0
0
0
0
0
0
0
0
0
0
0
0
0
0
0
0
0
0
0
0
0
0
0
0
0
0
0
0
0
0
0
0
0
0
0
0
0
0
0
0
0
0
0
0
0
0
0
0
0
0
0
0
0
0
0
0
0
0
0
0
0
0
0
0
0
0
0
0
0
0
0
0
0
0
0
0
0
0
0
0
0
0
0
0
0
0
0
0
0
0
0
0
0
0
0
0
0
0
0
0
0
0
0
0
0
0
0
0
0
0
0.0525009
0.0525009
0.0525009
0.0525009
0.0525009
0
0.259938
0
0.597614
1
0
0
0
0
0
0
0.0525009
0.0525009
0
0
0
0
0.0560772
0.0565053
0.0565053
0.0565053
0.0565053
0.0565053
0.0565053
0.0565053
0
0.0683267
0.0587626
0
0.0587626
0.0587626
0.0587626
0.0837414
0.0587626
0.0587626
0.0587626
0.0589051
0.0589051
0.0587626
0.0587626
0.0587626
0.0575435
0
0
0
0
0
0
0
0
0
0
0.0565053
0.0565053
0.0565053
0.0565053
0.0565053
0.0565053
0
0
0
0.0560772
0.0560772
0.0560772
0.0560772
0.0560772
0.0727778
0.0727778
0
0
0
0
0
0
0
0
0
0
0.0560772
0.0560772
0.0560772
0.0560772
0.0560772
0.0560772
0.0560772
0.0560772
0.0560772
0.0560772
0.0560772
0.0560772
0.0560772
0.0560772
0.0560772
0.0560772
0.0560772
0.0560772
0.0560772
0.0560772
0.0560772
0.0560772
0.0560772
0.0560772
0.0560772
0.0560772
0.0560772
0.0560772
0.0560772
0.0560772
0.0560772
0.0560772
0.0560772
0.0560772
0.0560772
0.0560772
0.0565414
0.0560772
0.0560772
0.0562366
0.0560772
0.0560772
0.0560772
0.0560772
0.0560772
0.0560772
0.0560772
0.0560772
0.0560772
0.0560772
0.0560772
0.0560772
0.0560772
0.0560772
0.0560772
0.0560772
0.0560772
0.0560772
0.0560772
0.0560772
0.0560772
0.0560772
0.0560772
0.0560772
0.0560772
0.0560772
0.0560772
0.0560772
0.0560772
0.0560772
0.0560772
0.0560772
0.0560772
0.0560772
0.0560772
0.0560772
0.0560772
0.0560772
0.0562366
0.0560772
0.0560772
0
0
0
0
0
0
0
0
0
0
0
0
0
0
0
0.0525009
0.0525009
0
0
0.0525009
0.0525009
0
0.0525009
0.0525009
0.0525009
0.0525009
0.0525009
0.0525009
0.0525009
0.0525009
0.0525009
0.0525009
0
0.0525009
0.0525009
0
0.0525009
0.0525153
0.0525009
0.0525009
0.0525009
0.0525009
0.0525009
0
0
0.0525009
0
0
0
0.0525009
0
0.0525009
0.0525009
0.0525009
0
0.0525009
0
0
0.0525009
0.0525153
0.0525153
0.0525153
0.0525153
0.0525153
0.0525153
0.0525153
0.0525153
0
0
0
0
0
0
0.0525009
0.0525009
0.0525009
0.0525009
0.0525009
0
0
0
0.0525009
0.0525009
0.0525009
0.0525009
0.0525009
0.0525009
0.0525009
0.0525009
0.0525009
0.0525009
0
0
0.0525009
0.0525153
0.0525153
0
0.0525153
0.0525153
0.0525153
0.0525153
0.0525153
0.0525153
0.0525153
0.0525153
0
0
0
0
0
0
0
0
0
0
0
0
0
0
0
0
0
0
0
0
0
0
0
0
0
0
0
0
0
0
0
0
0
0
0
0
0
0
0
0
0
0
0
0
0
0
0
0
0
0
0
0
0
0
0
0
0
0
0
0
0
0
0
0
0
0
0
0
0
0
0
0
0
0
0
0
0
0
0
0
0
0
0
0
0
0
0
0
0
0
0
0
0
0
0
0
0
0
0
0
0
0
0
0
0.0525153
0.0525153
0.0525153
0.0525153
0.0525153
0.0525153
0
0
0
0
0
0
0
0
0
0
0
0
0
0
0
0
0
0
0
0
0
0
0
0
0
0
0
0
0
0
0
0
0
0
0
0
0
0
0
0
0
0
0
0
0
0
0
0
0
0
0
0
0
0
0
0
0
0
0
0
0
0
0
0
0
0
0
0
0
0
0
0
0
0
0
0
0
0
0
0
0
0
0
0
0
0
0
0
0
0
0
0
0.0525153
0.0525153
0.0525153
0.0525153
0.0525153
0.0525153
0
0
0.0525153
0.0525153
0
0
0
0
0
0
0
0.0525153
0.0525153
0.0525153
0
0.0525153
0
0
0
0
0
0
0
0
0
0
0
0
0
0
0
0
0
0
0
0
0
0
0
0
0
0
0
0
0
0
0
0
0
0
0
0
0
0
0
0
0
0
0
0
0
0
0
0
0
0
0
0
0
0
0
0
0
0
0
0
0
0
0
0
0.0525153
0
0.0525153
0.0525153
0
0
0
0
0.0525153
0
0
0
0
0
0
0
0
0
0
0
0
0
0
0
0
0
0
0
0
0
0.0525153
0.0525153
0.0525153
0.0525153
0.0525153
0.0525153
0.0525153
0.0525153
0.0525153
0.0525153
0.0525153
0.0525153
0.0525153
0.0525153
0.0525153
0.0525153
0
0
0
0
0
0
0
0
0
0
0
0
0
0
0
0
0
0
0
0
0
0
0
0
0
0
0
0
0
0
0
0
0
0
0
0
0
0
0
0
0
0
0
0
0
0
0
0
0
0
0
0
0
0
0
0
0
0
0
0
0
0
0
0
0
0
0
0
0
0
0
0
0
0
0
0
0
0
0
0
0
0
0
0
0
0
0
0
0
0
0
0
0
0
0
0
0
0
0
0
0
0
0
0
0
0
0
0
0
0
0
0
0
0
0
0
0
0
0
0
0
0
0
0
0
0
0
0
0
0
0
0
0
0
0
0
0
0
0
0
0
0
0
0
0
0
0
0
0
0
0
0
0
0
0
0
0
0
0
0
0
0
0
0
0
0
0
0
0
0
0
0
0
0
0
0.0525009
0.0525009
0.0525009
0
0
0
0
0
0
0
0
0
0
0
0
0
0
0
0
0
0
0
0
0
0
0.0525009
0
0
0
0
0
0
0
0
0
0
0
0
0
0
0
0
0
0
0
0
0
0
0
0
0
0.0525153
0.0525153
0.0525153
0.0525153
0.0525153
0.0525153
0
0
0
0
0
0
0
0
0
0
0
0
0
0
0
0
0
0.108979
0.108979
0
0
0
0
0
0
0.389249
0.389249
0
0
0
0
0
0
0
0
0
0
0
0
0
0
0
0
0
0
0
0
0
0
0
0
0
0
0
0
0
0
0
0
0
0
0
0
0
0
0
0
0.108979
0
0
0
0
0
0
0
0
0
0
0
0
0
0
0
0
0
0
0
0
0
0
0
0
0
0.211289
0.211289
0.209427
0
0
0
0
0
0
0
0
0
0
0
0
0
0
0
0
0
0
0
0
0
0
0
0
0
0
0
0
0
0
0
0
0
0
0
0
0
0
0
0
0
0
0
0
0
0
0
0
0
0
0
0
0
0
0
0
0
0
0
0
0
0
0
0
0
0
0
0
0
0
0
0
0
0
0
0
0
0
0
0
0
0
0
0
0
0
0
0
0
0
0
0
0
0
0
0
0
0
0
0
0
0
0
0
0
0
0
0
0
0
0
0
0
0
0
0
0
0
0
0
0
0
0
0
0
0
0
0
0
0
0
0
0
0
0
0
0
0
0
0
0
0
0
0
0
0
0
0
0
0
0
0
0
0
0
0
0
0
0
0
0
0
0
0
0
0
0
0
0
0
0
0
0
0
0
0
0
0
0
0
0
0
0
0
0
0
0
0
0
0
0
0
0
0
0
0
0.0828742
0.0828742
0.0828742
0.0828742
0.0828742
0.0828742
0.0828742
0.0828742
0.0828742
0.0828742
0.0828742
0.0828742
0.0828742
0.0828742
0.0967641
0.0967641
0.0967641
0.0967641
0.0967641
0
0
0
0
0
0
0
0
0
0
0
0
0
0
0
0
0
0
0
0
0
0
0
0
0
0
0
0
0
0
0
0
0
0
0
0
0
0
0
0
0
0
0
0
0
0
0
0
0
0
0
0
0
0
0
0
0
0
0
0
0
0
0
0
0
0
0
0
0
0
0
0
0
0
0
0
0
0
0
0
0
0
0
0
0
0
0
0
0
0
0
0
0
0
0
0
0
0
0
0
0
0
0
0
0
0
0
0
0
0
0
0
0
0
0
0
0
0
0
0
0
0
0
0
0
0
0
0
0
0
0
0
0
0
0
0
0
0
0
0.0950014
0.122169
0
0
0
0
0
0
0.136083
0.136083
0
0
0
0
0
0
0
0
0
0
0
0
0
0
0
0
0
0
0
0
0
0
0
0
0
0
0
0
0
0
0
0
0
0
0
0
0
0.0919018
0.0948304
0
0
0
0
0
0
0
0
0.102923
0.102923
0
0
0
0
0
0
0.102923
0
0
0
0
0
0
0
0
0
0
0
0
0
0
0
0
0
0
0
0
0
0
0
0
0
0
0
0
0
0
0
0
0
0
0
0
0
0
0
0
0
0
0
0
0
0
0
0
0.0560772
0.0560772
0
0
0
0
0
0.0560772
0.0560772
0.0560772
0.0560772
0.0560772
0
0
0
0
0
0
0
0
0
0
0
0
0
0
0
0
0
0
0
0
0
0
0
0
0
0
0
0
0
0
0
0
0
0
0
0
0
0
0
0
0
0
0
0
0
0
0
0
0
0
0
0
0
0
0
0
0
0
0
0
0
0
0
0
0
0
0
0
0
0
0
0
0
0
0
0
0
0
0
0
0
0
0
0
0
0
0
0.0564692
0
0
0
0
0
0.0567048
0
0
0
0
0
0
0
0.0560772
0.0560772
0.0560772
0.0560772
0
0
0
0
0
0
0
0
0
0
0
0
0.0560772
0
0.0560772
0.0560772
0
0.0560772
0.0560772
0.0560772
0
0.0560772
0
0
0
0
0
0
0
0
0
0
0
0
0
0
0
0
0
0
0
0
0
0
0
0
0
0
0
0
0
0
0
0
0
0
0
0
0
0
0
0
0
0
0
0
0
0
0
0
0
0
0
0
0
0
0
0
0
0
0
0
0
0
0
0
0
0
0
0
0
0
0
0
0
0
0
0
0
0
0
0
0
0
0
0
0
0
0
0
0
0
0
0
0
0
0
0
0
0
0
0
0
0
0
0
0
0
0
0
0
0
0
0
0
0
0
0.0567048
0
0
0
0
0
0
0
0
0
0
0
0
0
0
0
0
0
0
0
0
0
0
0
0
0
0
0
0
0
0
0
0
0
0
0
0
0
0
0
0
0
0
0
0
0
0
0
0.0560772
0.0560772
0.0560772
0.225877
0.0565776
0
0
0
0
0
0
0
0
0.0560772
0.0560772
0
0.0560772
0.0560772
0.0565414
0
0.0560772
0
0
0
0
0
0.161374
0
0
0
0
0
0
0
0
0
0.0560772
0.0560772
0.0560772
0
0.0560772
0.0560772
0.0560772
0.0560772
0.0560772
0.0560772
0.0560772
0.0560772
0.0560772
0.0560772
0.0560772
0.0560772
0.0560772
0.0560772
0.0560772
0.0560772
0.0560772
0.0560772
0.0560772
0.0560772
0.0560772
0.0564873
0
0.0565053
0
0
0
0
0
0
0
0
0
0
0
0
0
0
0
0
0
0
0
0
0
0
0
0
0
0
0
0
0
0.0560772
0.0560772
0.0560772
0.0560772
0.0560772
0.0560772
0.0560772
0.0560772
0.0560772
0.0560772
0.0560772
0.0560772
0.0560772
0.0560772
0.0560772
0.0560772
0.0560772
0.0560772
0.0560772
0.0560772
0.0560772
0.0560772
0.0560772
0.0560772
0.0560772
0.0560772
0.0560772
0.0560772
0.0560772
0.0560772
0.0560772
0.0560772
0.0560772
0.0560772
0.0560772
0.0560772
0.0560772
0.0560772
0
0
0
0
0
0
0
0
0
0
0
0
0
0
0
0
0
0
0
0
0
0
0
0
0
0
0
0
0
0
0
0
0
0
0
0
0
0
0
0
0
0
0
0
0
0
0
0
0
0
0
0
0
0
0
0
0
0
0
0
0
0
0
0
0
0
0
0
0
0
0
0
0
0
0
0
0
0
0
0
0.0561479
0
0
0
0
0
0.0560772
0
0
0
0
0
0
0
0
0.0560772
0.0560772
0
0
0
0.0560772
0.0560772
0
0.0560772
0.0560772
0.0560772
0
0.0560772
0.0560772
0
0
0
0
0
0
0
0
0.0564692
0
0
0.0560772
0.0560772
0
0.0560772
0.0560772
0
0.0560772
0.0560772
0
0
0
0
0
0
0
0
0
0
0
0
0
0
0.0564512
0.0560772
0.0560772
0
0.0560772
0.0560772
0.0560772
0
0
0
0
0
0
0
0
0
0
0
0
0
0
0
0
0
0
0
0
0
0
0
0
0
0
0
0
0
0
0
0
0
0
0
0
0
0
0
0
0
0.0565414
0
0
0.0567048
0
0
0
0
0
0
0
0
0
0.0560772
0.0560772
0.0560772
0
0
0
0
0.0566684
0
0
0
0
0
0.0560772
0.0560772
0.0560772
0
0
0
0
0
0
0
0
0
0
0
0
0
0
0.0560772
0.0560772
0
0
0
0
0.0560772
0.0560772
0
0.0560772
0
0.0560772
0.0560772
0.0560772
0
0
0
0.0560772
0.0565414
0
0
0
0.0567779
0.0567779
0.0567779
0
0.0567779
0.0567779
0
0.0567779
0
0.0567779
0.0567779
0.0567779
0
0
0
0
0
0
0
0
0
0
0
0
0
0
0
0
0
0.0567779
0.0567779
0.0567779
0.0567779
0.0567779
0.0567779
0.0567779
0.0567779
0.0567779
0.0567779
0.0567779
0.0567779
0.0567779
0.0567779
0.0567779
0.0567779
0.0567779
0.0567779
0.0567779
0.0567779
0.0567779
0.0567779
0.0567779
0.0567779
0.0567779
0.0567779
0.0567779
0.0567779
0.0567779
0.0567779
0.0567779
0.0567779
0.0567779
0.0567779
0.0567779
0.0567779
0.0567779
0.0567779
0.0567779
0.0567779
0.0567779
0.0567779
0.0567779
0.0567779
0.0567779
0
0.0567779
0
0.0567779
0.0567779
0.0567779
0
0
0
0
0
0
0
0
0.0561479
0.0561479
0.0561479
0.0561479
0.0561479
0.0565053
0
0.0561479
0.0561479
0
0.0561479
0.0561479
0.0561479
0.0561479
0.0561479
0.0561479
0.0561479
0
0
0.0561479
0.0561479
0.0561479
0
0
0.0561479
0.0561479
0.0561479
0
0
0
0
0
0
0
0
0
0
0.0561479
0.0561479
0.0561479
0
0
0
0
0
0
0
0
0
0.0561479
0.0561479
0
0.0561479
0
0.0561479
0.0561479
0.0561479
0.0561479
0.0561479
0.0561479
0.0561479
0.0561479
0.0561479
0.0561479
0.0561479
0.0561479
0.0561479
0.0561479
0.0561479
0.0561479
0.0561479
0
0
0
0
0
0
0
0
0
0
0
0
0
0
0
0
0
0
0
0
0
0
0
0
0
0
0
0
0
0
0
0
0
0
0
0
0.0560772
0.0560772
0
0.0560772
0.0560772
0
0.0560772
0.0560772
0.0560772
0.0560772
0.0560772
0.0560772
0.0560772
0.0560772
0.0560772
0
0
0
0
0
0
0
0
0
0
0
0
0
0
0
0
0
0
0
0
0
0
0
0.0560772
0
0
0
0
0
0
0
0
0
0.0560772
0.0560772
0
0.0560772
0.0560772
0
0.0560772
0.0560772
0.0560772
0.0560772
0.0560772
0.0560772
0.0560772
0.0560772
0.0560772
0
0
0
0
0
0
0
0
0.0565414
0.0560772
0.0560772
0
0
0
0
0
0
0
0
0
0
0.0560772
0.0560772
0.0560772
0.0560772
0.0560772
0.0560772
0.0560772
0.0560772
0.0560772
0.0560772
0.0560772
0.0560772
0.0560772
0.0560772
0.0560772
0.0560772
0.0560772
0.0560772
0.0560772
0.0560772
0.0560772
0.0560772
0.0560772
0.0560772
0.0560772
0
0.0560772
0.0560772
0.0560772
0.0560772
0.0560772
0.0560772
0.0560772
0.0560772
0.0560772
0.0560772
0.0560772
0.0560772
0.0560772
0.0560772
0.0560772
0.0560772
0.0560772
0.0560772
0.0560772
0.0560772
0.0560772
0.0560772
0.0560772
0.0560772
0.0560772
0.0560772
0.0560772
0.0560772
0.0560772
0.0560772
0.0560772
0.0560772
0.0560772
0.0560772
0.0560772
0.0560772
0.0560772
0.0560772
0.0560772
0.0560772
0.0560772
0.0560772
0.0560772
0.0560772
0.0560772
0.0560772
0.0560772
0.0560772
0.0560772
0
0
0
0
0
0
0
0
0
0
0
0
0
0
0
0
0
0
0
0
0
0
0
0
0
0
0
0
0
0
0
0
0
0
0
0
0
0
0
0
0
0
0
0
0
0
0
0
0
0
0
0
0
0
0
0
0
0
0
0
0
0
0
0
0
0
0
0
0
0
0
0
0
0
0
0
0
0
0
0
0
0
0
0
0
0
0
0
0
0
0
0
0
0.0560772
0.0560772
0.0560772
0.0560772
0.0560772
0
0
0
0.0974047
0.0974047
0
0
0.161374
0.161374
0
0
0
0
0
0
0.0567048
0.0567048
0.0567048
0.0567048
0.0560772
0.0560772
0
0.0560772
0
0
0
0
0
0
0
0
0
0
0
0
0
0
0
0
0
0.0567048
0
0
0
0
0
0
0
0
0
0
0
0
0
0
0.0560772
0.0560772
0.0560772
0
0
0
0
0
0
0
0
0
0
0
0
0
0
0
0
0
0
0.0564692
0
0
0
0
0.0567048
0
0.0560772
0
0
0
0
0
0
0
0
0.0560772
0.0560772
0.0560772
0.0560772
0.0560772
0.0560772
0
0.0560772
0.0560772
0.0560772
0
0.0560772
0.0560772
0
0.0560772
0
0
0
0
0
0
0
0
0
0
0
0
0
0.0560772
0.0560772
0
0
0
0
0
0
0
0.0560772
0.0560772
0.0560772
0
0
0
0
0
0
0
0
0
0
0
0
0
0
0
0
0
0
0
0
0
0.0566684
0.0566684
0
0
0
0
0.0560772
0.0560772
0.0560772
0
0.0564692
0
0
0
0
0
0
0
0
0
0
0
0
0
0
0
0
0
0
0
0
0
0
0.0560772
0.0560772
0.0560772
0
0.0565414
0
0
0
0
0
0
0
0
0
0
0
0
0
0
0
0
0
0.0560772
0.0560772
0.0560772
0
0.0565414
0
0
0
0
0
0
0
0
0
0
0
0
0
0
0
0
0
0
0
0
0
0
0
0.0567779
0.0567779
0
0.0567779
0.0567779
0.0567779
0.0567779
0.0567779
0.0567779
0.0567779
0
0
0
0
0
0
0
0
0
0
0
0
0
0
0
0
0
0
0
0
0
0
0
0
0
0
0
0
0
0
0
0
0
0
0
0
0
0
0
0
0
0
0
0
0
0
0
0
0
0
0
0
0
0
0
0
0
0
0
0
0
0
0
0
0
0
0
0
0
0
0
0
0
0
0
0
0
0
0
0
0
0
0
0.0565053
0.0565053
0.0565053
0
0
0
0
0
0
0
0
0
0
0
0
0.0565053
0.0565053
0
0
0
0
0.0567779
0.0567779
0
0.0567779
0.0567779
0.0567779
0.0567779
0.241121
0.0567779
0
0
0
0
0.147764
0.147764
0.147764
0
0
0
0.173553
0.173553
0
0
0.135333
0.135333
0.135333
0
0.135333
0.19245
0.19245
0.19245
0
0.19245
0
0.0550149
0
0.0560772
0.0560772
0
0.0560772
0.0560772
0
0
0
0
0
0
0
0
0
0
0
0
0
0
0
0
0
0
0.0567779
0
0
0
0
0
0
0
0.0567048
0.0567048
0.0567048
0.0567048
0.0567048
0.0560772
0.0560772
0
0.0560772
0
0.0560772
0.0560772
0.0567048
0
0
0
0
0
0
0
0
0
0
0
0
0
0.102169
0.102169
0
0.102383
0.0883883
0.0883883
0
0.0883883
0.156174
0.156174
0
0.156174
0.24544
0.24544
0
0.24544
0
0
0
0
0
0
0
0
0
0
0
0
0
0
0
0
0.138943
0.14058
0
0
0
0
0
0
0
0
0
0
0
0
0
0
0
0
0
0
0
0
0
0
0
0
0
0
0
0
0.0560772
0.0560772
0.0560772
0.0567048
0
0.0560772
0.0560772
0.0560772
0
0
0
0
0
0
0
0
0.103807
0
0.177332
0
0
0
0
0
0
0
0
0
0
0
