0.0569226
0.0569226
0.0569226
0
0
0
0
0
0
0
0
0
0
0
0
0
0
0
0
0
0
0
0
0
0
0
0
0
0
0
0
0
0.0569226
0.0569226
0.0569226
0.0569226
0.0569226
0.0569226
0.0569226
0.0569226
0.0569226
0.0569226
0.0569226
0.0569226
0.0569226
0.0569226
0.0569226
0.0569919
0.057015
0.057015
0.057015
0.0577711
0.0569803
0.0571079
0.0577711
0.0570846
0.0570614
0.0577591
0.0577711
0
0
0
0.057651
0.0577953
0
0
0
0
0
0
0
0
0
0
0
0
0.0562655
0.0562655
0
0
0
0
0
0
0
0
0
0
0
0
0
0
0
0
0
0
0
0
0
0.116642
0
0.119523
0.119737
0
0.122628
0.122628
0
0.122628
0
0
0
0
0
0
0
0
0
0
0
0
0
0
0
0
0
0
0.058964
0.0891313
0.0605228
0
0
0
0
0
0
0
0
0
0
0
0
0
0
0
0
0
0
0
0
0
0
0
0
0
0
0
0
0
0
0
0
0
0
0
0
0.057651
0.057651
0
0
0
0
0
0
0
0
0
0
0
0
0
0
0
0
0
0
0
0
0
0
0
0
0
0
0
0
0
0
0
0
0
0
0
0
0
0
0
0
0
0
0
0
0
0
0
0
0
0
0
0
0
0
0
0
0
0
0
0
0
0
0
0
0
0
0
0
0
0
0
0
0
0
0
0
0
0
0
0
0
0
0
0
0
0
0
0
0
0
0
0
0
0
0
0
0
0
0
0
0
0
0.0578073
0
0.0557495
0.0557495
0
0.0557495
0.0557495
0.0557495
0.0557495
0.0557495
0.0557495
0.0572598
0.0572598
0.0572598
0.0572598
0.0572598
0.0572598
0.0572598
0.0572598
0.0572598
0.0572716
0
0.0572598
0
0.0572598
0
0.0572598
0
0.0572598
0.0572598
0.0572598
0
0
0
0
0
0
0
0
0
0.0558581
0
0.0558581
0
0.0558581
0.0558581
0.055869
0
0
0
0
0
0
0
0
0
0
0
0
0
0
0
0
0
0
0
0
0
0
0
0
0
0
0
0
0
0
0
0
0
0
0
0
0
0
0
0
0
0
0
0
0
0
0
0
0
0
0
0
0
0
0
0
0
0
0
0.816497
0
0
0
0
0
0
0.0557495
0.0557495
0.0557495
0.0557495
0
0.0557495
0
0.0557495
0
0.0557495
0.0557495
0.0557495
0.0557495
0.0557495
0.0557495
0
0
0
0
0
0.0557495
0
0.0557495
0.0557495
0.0557495
0
0
0
0.0557495
0
0.0557495
0
0
0
0
0
0
0.0557495
0.0557495
0.0557495
0.0557495
0.0557495
0.0557495
0.0557495
0
0
0
0
0
0.0557495
0
0.0557495
0.0557495
0.0557495
0
0
0
0
0
0
0
0
0
0
0
0
0
0
0
0
0
0
0
0
0
0
0
0
0
0
0
0
0
0
0
0
0
0
0
0
0
0
0
0
0
0
0
0
0
0
0
0
0
0
0
0
0
0
0
0
0
0
0
0
0
0
0
0
0
0
0.0557603
0
0
0
0
0
0
0
0
0
0
0
0
0
0
0
0
0
0
0
0
0
0
0
0
0.110096
0.110096
0.110096
0.110096
0
0
0
0
0
0
0.111542
0
0
0
0
0
0
0.110855
0
0
0
0
0
0
0
0
0
0
0
0
0
0
0
0
0
0
0
0
0
0
0
0
0
0
0
0
0
0
0
0
0
0
0
0
0
0
0
0
0
0
0
0
0
0
0
0
0.059196
0
0
0.0577953
0
0
0
0
0
0
0
0
0
0
0
0
0
0
0
0
0
0
0
0
0
0
0
0
0
0
0
0
0
0
0
0
0
0
0
0
0
0
0
0
0
0
0
0
0
0
0
0
0
0
0
0
0
0
0
0
0
0
0
0
0
0
0
0
0
0
0
0
0.0577953
0.0577953
0.0577953
0.0577953
0.0577953
0.0577953
0.0578073
0.0577953
0.0577953
0.0577953
0.0577953
0
0
0.0578194
0
0
0
0
0
0
0
0
0
0
0
0
0
0.059196
0
0
0
0
0
0
0
0
0
0
0
0
0
0
0
0
0
0
0
0
0
0
0
0
0
0
0
0
0
0
0
0
0
0
0
0
0
0
0
0
0
0
0
0
0
0
0
0
0
0
0
0
0
0
0
0
0
0
0
0
0
0
0
0
0
0
0
0
0
0
0
0
0
0
0
0
0
0
0
0
0
0
0
0
0
0
0
0
0
0
0
0
0
0
0
0
0
0
0
0
0
0
0
0
0
0
0
0
0
0
0
0
0
0
0
0
0
0
0
0
0
0
0
0
0
0
0
0
0
0
0
0
0
0
0
0
0.0900755
0.0900755
0.0900755
0.0904431
0.0904431
0.0904431
0.0904431
0.0904431
0.0904431
0.0904431
0.0904431
0.0904431
0
0
0
0
0
0
0
0
0
0
0
0
0
0
0
0
0
0
0
0
0
0
0
0
0
0
0
0
0
0
0
0
0
0
0
0
0
0
0
0
0
0
0
0
0
0
0
0
0
0.0902128
0.0902128
0.0902128
0.0902128
0.0991363
0.0991363
0.0991363
0.0991363
0.0923514
0
0
0
0
0
0
0.093813
0
0.093813
0
0.093813
0
0.093813
0
0.0939682
0
0
0
0
0
0.101469
0
0.101469
0
0.101469
0
0.101469
0
0.101469
0
0
0
0
0
0
0
0
0
0
0
0
0
0
0
0
0
0
0
0
0
0
0
0
0
0
0.108465
0
0.107288
0
0
0
0
0.104257
0
0
0
0.105851
0.102733
0
0
0
0
0
0
0
0
0
0
0
0
0
0
0
0
0
0
0
0.894427
0
0
0.730297
0.730297
0.0901212
0.0901212
0.0901212
0
0
0
0
0
0
0.0901212
0.0919115
0.0901212
0.0901212
0.0902128
0.0902128
0.0920087
0
0
0.0902128
0.0902128
0.0920087
0
0
0
0
0
0
0
0
0
0
0
0
0
0
0
0
0
0
0
0
0
0
0
0
0
0
0
0
0
0
0
0
0
0
0
0
0
0
0
0
0
0
0
0
0
0
0
0
0
0
0
0
0
0.0919115
0.0919115
0.0919115
0.0919115
0.0919115
0
0
0.0923022
0.0923022
0.0923022
0.0923022
0.0923022
0.0923022
0.0923022
0.0923022
0.0919115
0
0
0.0923022
0.0923022
0.0923022
0.0923022
0.0923022
0.0923022
0.0923022
0.0923022
0.0919115
0.126365
0.139178
0.139178
0
0.139178
0.142494
0.139178
0.139178
0.139178
0.139178
0
0
0
0
0
0
0
0
0
0
0
0
0
0
0
0
0
0
0
0
0
0
0
0
0
0
0
0
0.15861
0.15861
0
0.15861
0.15861
0.15861
0.15861
0.0920087
0.0920087
0.0919115
0.0919115
0.0923022
0.0923022
0.0923022
0
0.0923022
0.0923022
0.0923022
0.0923022
0
0.0923022
0.0919115
0
0
0
0
0.894427
0.894427
0.894427
0.894427
0.894427
0.894427
0.894427
0.894427
0.894427
0.894427
1
1
0
0
0
0
1
0.942809
0.942809
0.942809
0.942809
0.942809
0.942809
0
0
0
0
0
0
0
0
0
0
0
0
0
0
0
0
0
0
0
0
0
0
0
0
0
0
0
0
0
0
0
0
0
0
0
0
0
0
0
0
0
0
0
0
0
0
0
0
0
0
0
0
0
0
0
0
0
0
0
0
0
0
0
0
0
0
0
0
0
0
0
0
0
0
0
0
0
0
0
0
0
0
0
0
0
0
0
0
0
0
0
0
0
0
0
0
0
0
0
0
0
0
0
0
0
0
0
0
0
0
0
0
0
0
0
0
0
0
0
0
0
0
0
0
0
0
0
0
0
0
0
0
0
0
0
0
0
0
0
0
0
0
0
0
0
0
0
0
0
0
0
0
0
0
0
0
0
0
0
0
0
0
0
0
0
0
0
0
0
0
0
0
0
0
0
0
0
0
0
0
0
0
0
0
0
0
0
0
0
0
0
0
0
0
0
0
0
0
0
0
0
0
0
0
0
0
0
0
0
0
0
0
0
0
0
0
0
0
0
0
0
0
0
0
0
0
0
0
0
0
0
0
0
0
0
0
0
0
0
0
0
0
0
0
0
0
0
0
0
0
0
0
0
0
0
0
0
0
0
0
0
0
0
0
0
0
0
0
0
0
0
0
0
0
0
0
0
0
0
0
0
0
0
0
0
0
0
0
0
0
0
0
0
0
0
0
0
0
0
0
0
0
0
0
0
0
0
0
0
0
0
0
0
0
0
0
0
0
0
0
0
0
0
0
0
0
0
0
0
0
0
0
0
0
0
0
0
0
0
0
0
0
0
0
0
0
0
0
0
0
0
0
0
0
0
0
0
0
0
0
0
0
0
0
0
0
0
0
0
0
0
0
0
0
0
0
0
0
0
0
0
0
0
0
0
0
0
0
0
0
0
0
0
0
0
0
0
0
0
0
0
0
0
0
0
0
0
0
0
0
0
0
0
0
0
0
0
0
0
0
0
0
0
0
0
0
0
0
0
0
0
0
0
0
0
0
0
0
0
0
0
0
0
0
0
0
0
0
0
0
0
0
0
0
0
0
0
0
0
0
0
0
0
0
0
0
0
0
0
0
0
0
0
0
0
0
0
0
0
0
0
0
0
0
0
0
0
0
0
0
0
0
0
0
0
0
0
0
0
0
0
0
0
0
0
0
0
0
0
0
0
0
0
0
0
0
0
0
0
0
0
0
0
0
0
0
0
0
0
0
0
0
0
0
0
0
0
0.0921551
0.0921551
0.0921551
0.0922041
0.139178
0.139178
0.139178
0
0
0.139178
0
0
0
0
0
0
0
0
0
0
0
0
0
0
0
0
0
0
0
0
0.0921063
0.0921063
0.0921063
0.0921063
0.0921063
0.0924995
0.15886
0.15886
0.15886
0.15886
0.15886
0.15886
0
0
0
0
0
0
0
0
0.159111
0
0.161955
0.161955
0.15886
0
0.161955
0
0.161955
0.161955
0
0.161955
0.161955
0
0
0.161955
0.161955
0.162221
0.161955
0
0.161955
0.161955
0
0
0
0
0
0
0
0
0
0
0
0
0
0
0
0
0
0
0
0
0
0
0
0
0
0
0
0
0
0
0
0
0
0.152277
0.152277
0.152277
0.152277
0.152277
0.152277
0.152277
0.152277
0.152277
0.152277
0
0
0
0.852803
0.852803
0.852803
0
0
0
0
0
0
0
0
0
0
0
0
0
0.161165
0.161165
0
0
0.161165
0.161165
0.161165
0
0
0
0
0.161165
0.161165
0.161165
0.161165
0
0
0
0
0
0
0
0
0
0
0
0
0
0
0
0
0
0
0
0
0
0
0
0
0
0
0
0
0
0
0
0
0
0
0
0
0
0
0
0
0
0
0
0
0
0
0
0
0
0
0
0
0
0
0
0
0
0
0
0
0
0.0577711
0.0577711
0.0577711
0.0577711
0.0577711
0.0577711
0.0577711
0.0577711
0.0577711
0.0577711
0.0577711
0.0577711
0.0577711
0.0577711
0.0577711
0.0577711
0.0577711
0.0577711
0.0577711
0.0577711
0.0577711
0.0577711
0.0577711
0.0577711
0.0577711
0.0577711
0.0578073
0.0578073
0.0578073
0.0578073
0.0577953
0.0578073
0.0578073
0.0577953
0.0578073
0.0578073
0.0578073
0.0578073
0.0577953
0.0578073
0.0578073
0.0578073
0.0578073
0.0578073
0.0577953
0.0578073
0.0578073
0.0578073
0.0578073
0
0
0
0
0
0
0
0
0
0
0
0
0
0
0
0
0
0
0
0
0
0
0
0
0
0
0
0
0
0
0
0
0
0
0
0
0
0
0
0
0
0
0
0
0
0
0
0
0
0.172774
0.172774
0
0
0
0
0
0
0
0
0
0
0
0
0
0
0
0
0
0
0.730297
0.730297
0.173749
0.173749
0.173749
0.173749
0.173749
0.173749
0.173749
0.173749
0
0.173749
0.173749
0
0
0
0
0.26968
0
0
0
0
0
0
0
0
0
0
0
0.284268
0.284268
0.31046
0.31046
0
0.31046
0.284268
0
0
0.294884
0.294884
0
0.284268
0.199502
0
0
0
0.213809
0.213809
0.208514
0.208514
0
0
0
0
0.303239
0.303239
0
0
0
0
0.359211
0.359211
0
0
0
0
0
0
0
0
0
0
0
0
0
0
0
0
0
0
0
0
0
0
0
0
0.187317
0.187317
0.188144
0
0
0
0.174078
0.173749
0.173749
0.173749
0.173749
0.173749
0.174078
0.174078
0.181444
0.181444
0.184115
0.184115
0.184115
0.187317
0.187317
0.187317
0.187317
0.187317
0
0
0
0
0.187317
0.187729
0.187729
0.187317
0.173749
0.173749
0.299813
0.299813
0.299813
0.299813
0
0
0
0.301511
0
0
0
0
0
0
0
0
0
0
0
0
0
0
0
0
0
0
0
0
0
0
0
0
0
0
0
0
0
0
0
0
0
0
0
0
0
0
0
0
0
0.0904431
0.0904431
0.0904431
0.0904431
0.0904431
0.0904431
0.0904431
0.0904431
0.0904431
0.0904431
0
0
0
0
0
0
0
0
0
0
0
0
0
0
0
0
0
0
0
0
0
0
0
0
0
0
0
0
0
0
0
0
0
0
0
0
0
0
0
0.138509
0.138509
0.138509
0.138509
0
0
0
0
0
0
0
0
0
0
0
0
0
0
0
0
0
0
0
0
0
0
0
0
0.138675
0.138675
0.138675
0
0
0
0
0
0
0.137361
0.137361
0.137361
0.137361
0.137361
0.137361
0
0
0
0.137361
0.137361
0
0
0
0
0
0
0
0
0
0
0
0.121716
0.121716
0
0.121716
0
0
0
0
0
0
0
0
0
0
0
0
0
0
0
0
0
0
0
0
0
0
0
0
0
0
0
0
0
0
0
0
0
0
0
0
0
0
0
0
0
0
0
0
0
0
0
0.260378
0.260378
0.260378
0.260378
0.260378
0.267261
0
0
0
0
0
0
0
0
0
0
0
0
0.648886
0
0
0
0
0
0
0
0
0
0
0
0
0
0
0
0
0
0
0
0.152277
0.152277
0
0.152277
0.105925
0.105925
0
0.105925
0
0.105925
0
0
0
0
0
0
0
0
0
0
0
0
0
0
0
0.161165
0.161165
0.161165
0.161165
0.161165
0.161165
0
0
0
0
0
0
0
0
0
0
0
0
0
0
0
0
0
0
0.0578073
0.0578073
0
0.0578073
0.0578073
0.0578073
0
0.0578073
0.0578073
0.067904
0.0817178
0
0
0
0
0
0
0.0586588
0
0
0.0578073
0.0578073
0
0.0578073
0.0578073
0
0.0578073
0.0578073
0
0
0
0
0
0
0
0
0
0
0
0
0
0
0.0585331
0.0578073
0.0578073
0
0.0578073
0.0578073
0
0.0578073
0.0578073
0.0578073
0
0.0578073
0
0
0
0
0
0
0
0
0
0
0
0
0
0
0
0
0
0
0
0
0
0
0
0
0
0
0
0
0
0
0
0
0
0
0
0
0
0
0
0
0
0
0
0
0
0
0
0
0
0
0
0
0
0
0
0
0
0
0
0
0
0
0
0
0
0
0
0
0
0
0
0
0
0
0
0
0
0
0
0
0
0
0
0
0
0
0
0
0
0
0
0
0
0
0
0
0
0
0
0
0
0
0
0
0
0
0
0
0
0
0
0
0
0
0
0.059183
0
0
0
0
0
0
0
0
0
0
0
0
0
0
0
0
0
0
0
0
0
0
0
0
0
0
0
0
0
0
0
0
0
0
0
0
0
0
0
0
0
0
0
0
0
0
0
0
0
0.10563
0.114426
0
0
0
0
0
0
0
0.114426
0.124274
0.124394
0.124274
0.12356
0.140372
0
0.140372
0.140372
0.140372
0.140372
0.137199
0
0.137686
0.137849
0
0.137199
0
0.137199
0.114426
0
0
0
0
0
0
0
0
0
0
0
0
0
0
0
0
0
0
0
0
0
0
0
0
0
0
0
0
0
0
0
0
0
0
0
0
0
0
0
0
0
0
0
0
0
0
0
0
0
0
0
0
0
0
0
0
0
0
0
0
0
0
0
0
0
0
0
0
0
0
0
0
0
0
0
0
0
0
0
0
0
0
0
0
0
0
0
0
0
0
0
0
0
0
0
0
0
0
0
0
0
0
0
0
0
0
0
0
0
0
0
0.280056
0.280056
0.280056
0
0.280056
0
0.312348
0
0.322329
0.0923514
0.0923514
0.0923514
0.092698
0.139857
0.139857
0
0
0
0
0
0
0.092698
0.162221
0
0.163028
0.163028
0.163028
0
0
0
0
0
0
0
0.169944
0
0
0
0
0
0
0
0
0
0
0
0
0
0
0
0
0
0
0
0
0
0
0
0
0
0
0.685994
0.685994
0
0
0
0
0
0
0
0
0
0
0
0
0
0
0
0
0
0
0
0
0
0
0
0
0
0
0
0
0
0
0
0
0
0
0
0
0
0
0
0
0
0
0
0
0
0
0
0
0
0
0
0
0
0
0
0
0
0
0
0
0
0
0
0
0
0
0
0
0
0
0
0
0
0
0
0
0
0
0
0
0
0
0
0
0
0
0
0
0
0
0
0
0
0
0
0
0
0
0
0
0
0
0
0
0
0
0
0
0
0
0
0
0
0
0
0
0
0
0
0
0
0
0
0
0
0
0
0
0
0
0
0
0
0
0
0
0
0
0
0
0
0
0
0
0
0
0
0
0
0
0
0
0
0
0
0
0
0
0
0
0
0
0
0
0
0
0
0
0
0
0
0
0
0
0
0
0
0
0
0
0
0
0
0
0
0
0
0
0
0
0
0
0
0
0
0
0
0
0
0
0
0
0
0
0
0
0
0
0
0
0
0
0
0
0
0
0
0
0
0
0
0
0
0
0.170561
0.171184
0.0704033
0.0704033
0.0704033
0.0705565
0.0705565
0.0648204
0.0656886
0.0796503
0.0870801
0
0
0
0
0.0646677
0.0646677
0
0
0
0
0
0
0
0
0
0
0
0
0
0
0
0
0
0
0
0
0
0
0
0
0
0
0
0
0
0
0
0
0
0
0
0
0
0.0631037
0.0631037
0
0
0
0
0
0
0
0
0
0
0
0
0
0
0
0
0
0
0
0
0
0
0
0
0
0
0
0
0
0
0
0
0
0
0
0
0
0
0
0
0
0
0
0
0
0
0
0
0
0
0
0
0
0
0
0
0
0.0577711
0.0577711
0.0577711
0.0577711
0.0577711
0.0578073
0.0578073
0
0
0
0
0
0
0.0872456
0.0872456
0
0
0
0
0.103005
0
0.103074
0.106224
0
0
0
0
0
0
0
0
0.105925
0
0.107598
0
0
0
0
0
0
0
0
0
0
0
0
0
0
0
0
0
0
0
0
0
0
0
0
0
0
0
0
0
0
0
0
0
0
0
0
0
0
0
0
0
0
0
0
0
0
0
0
0
0
0
0
0
0
0
0
0
0
0.0586336
0.0586336
0.0586336
0.0586336
0.0586336
0.0586336
0.0586336
0
0.0716574
0.0618836
0
0.0618836
0.0618836
0.0618836
0
0.0618836
0.0618836
0.0618836
0.0626531
0.0626531
0.0618836
0.0618836
0.0618836
0.0603434
0
0
0
0
0
0
0
0
0
0
0.0586336
0.0586336
0.0586336
0.0586336
0.0586336
0.0586336
0
0
0
0.0578073
0.0578073
0.0578073
0.0578073
0.0578073
0.0712697
0.0712697
0
0
0
0
0.073721
0.1016
0
0
0
0
0.0578194
0.0578194
0.0578194
0.0578194
0.0578194
0.0578194
0.0578194
0.0578194
0.0578194
0.0578194
0.0578194
0.0578194
0.0578194
0.0578194
0.0578194
0.0578194
0.0578194
0.0578194
0.0578194
0.0578194
0.0578194
0.0578194
0.0578194
0.0578194
0.0578194
0.0578194
0.0578194
0.0578194
0.0578073
0.0578194
0.0578194
0.0578194
0.0578194
0.0578194
0.0578194
0.0578073
0.0590539
0.0578073
0.0578073
0.0579406
0.0578073
0.0578073
0.0578073
0.0578073
0.0578073
0.0578073
0.0578073
0.0578073
0.0578073
0.0578073
0.0578073
0.0578073
0.0578073
0.0578073
0.0578073
0.0578073
0.0578073
0.0578073
0.0578073
0.0578073
0.0578073
0.0578073
0.0578073
0.0578073
0.0578073
0.0578073
0.0578073
0.0578073
0.0578073
0.0578073
0.0578073
0.0578073
0.0578073
0.0578073
0.0578073
0.0578073
0.0578073
0.0578073
0.0579406
0.0578073
0.0578073
0
0
0
0
0
0
0
0.055869
0.055869
0.055869
0.055869
0.055869
0.055869
0.055869
0.055869
0.055869
0.055869
0.055869
0.055869
0.055869
0.055869
0.055869
0.055869
0.055869
0.055869
0.055869
0.055869
0.055869
0.055869
0
0.055869
0.055869
0
0
0.055869
0.055869
0.055869
0.055869
0
0
0
0
0
0
0
0
0
0
0
0
0
0
0
0
0
0
0
0
0
0
0
0
0
0
0
0
0
0
0
0
0
0
0
0
0
0
0
0
0
0
0
0
0
0
0
0
0
0
0
0
0
0
0
0
0
0
0
0
0
0.0712697
0.0712697
0.0712697
0
0.0712923
0.0712923
0
0
0
0.0844025
0.13159
0
0
0
0
0
0
0
0
0
0
0
0
0
0
0.0711793
0.0711793
0.0711793
0.0711793
0
0.083225
0.131165
0
0
0
0
0
0
0
0
0
0
0
0
0
0
0
0
0
0
0
0
0
0
0
0
0
0
0
0
0
0
0
0
0
0
0
0
0
0
0
0
0
0
0
0
0
0
0
0
0
0
0
0
0
0
0
0
0
0
0
0
0
0
0
0
0
0
0
0
0
0
0
0
0
0
0
0
0
0
0
0
0
0.0557495
0.0557495
0.0557495
0.0557495
0.0557495
0
0
0
0
0
0
0
0
0
0
0
0.0557495
0.0557495
0
0
0
0
0.0577953
0
0
0
0
0
0
0
0
0
0
0
0
0.0557495
0.0557495
0
0
0.0557495
0.0557495
0
0.0557495
0.0557495
0.0557495
0.0557495
0.0557495
0.0557495
0.0557495
0.0557495
0.0557495
0.0557495
0
0.0557495
0.0557495
0
0.0557495
0.055869
0.0557495
0.0557495
0.0557495
0.0557495
0.0557495
0
0
0.0557495
0
0
0
0.0557495
0
0.0557495
0.0557495
0.0557495
0
0.0557495
0
0
0.0557495
0.055869
0.055869
0.055869
0.055869
0.055869
0.055869
0.055869
0.055869
0
0
0
0
0
0
0.0557495
0.0557495
0.0557495
0.0557495
0.0557495
0
0
0
0.0557495
0.0557495
0.0557495
0.0557495
0.0557495
0.0557495
0.0557495
0.0557495
0.0557495
0.0557495
0
0
0.0557495
0.055869
0.055869
0
0.055869
0.055869
0.055869
0.055869
0.055869
0.055869
0.055869
0.055869
0
0
0
0
0
0
0
0
0
0
0
0
0
0
0
0
0
0
0
0
0
0
0
0
0
0
0
0
0
0
0
0
0
0
0
0
0
0
0
0
0
0
0
0
0
0
0
0
0
0
0
0
0
0
0
0
0
0
0
0
0
0
0
0
0
0
0
0
0
0
0
0
0
0
0
0
0
0
0
0
0
0
0
0
0
0
0
0
0
0
0
0
0
0
0
0
0
0
0
0
0
0
0
0
0.055869
0.055869
0.055869
0.055869
0.055869
0.055869
0
0
0
0
0
0
0
0
0
0
0
0
0
0
0
0
0
0
0
0
0
0
0
0
0
0
0
0
0
0
0
0
0
0
0
0
0
0
0
0
0
0
0
0
0
0
0
0
0
0
0
0
0
0
0
0
0
0
0
0
0
0
0
0
0
0
0
0
0
0
0
0.0711793
0.0711793
0.0711793
0.0711793
0.0711793
0.0711793
0
0
0
0
0
0.0712923
0.0712923
0.0712923
0.0712923
0
0
0
0
0
0
0.055869
0.055869
0.055869
0.055869
0.055869
0.055869
0
0
0.055869
0.055869
0
0
0
0
0
0
0
0.055869
0.055869
0.055869
0
0.055869
0
0
0
0
0
0.0712923
0
0
0
0
0.0597748
0
0
0
0
0
0.0711793
0.0711793
0.0711793
0.0711793
0.0711793
0.0711793
0.0711793
0.0711793
0.0711793
0.0711793
0.0711793
0.0711793
0.0711793
0.0711793
0
0
0
0
0.0711793
0
0
0
0
0
0
0
0
0
0
0
0
0
0
0
0
0
0
0
0
0
0
0
0
0
0
0
0
0
0.055869
0
0.055869
0.055869
0
0
0
0
0.055869
0
0
0
0
0
0
0
0
0
0
0
0
0
0
0
0
0
0
0
0
0
0.055869
0.055869
0.055869
0.055869
0.055869
0.055869
0.055869
0.055869
0.055869
0.055869
0.055869
0.055869
0.055869
0.055869
0.055869
0.055869
0
0
0
0
0
0
0
0
0
0
0
0
0
0
0
0
0
0
0
0
0
0
0
0
0
0
0
0
0
0
0
0
0
0
0
0
0
0
0
0
0
0
0
0
0
0
0
0
0
0
0
0
0
0
0
0
0
0
0
0
0
0
0
0
0
0
0
0
0
0
0
0
0
0
0
0
0
0
0
0
0
0
0
0
0
0
0
0
0
0
0
0
0
0
0
0
0
0
0
0
0
0
0
0
0
0
0
0
0
0
0
0
0
0
0
0
0
0
0
0
0
0
0
0
0
0
0
0
0
0
0
0
0
0
0
0
0
0
0
0
0
0
0
0
0
0
0
0
0
0
0
0
0
0
0
0
0
0
0
0
0
0
0
0
0
0
0
0
0
0
0
0
0
0
0
0.0557495
0.0557495
0.0557495
0
0
0
0
0
0
0
0
0
0
0
0
0
0
0
0
0
0
0
0
0
0
0
0
0
0
0
0
0
0
0.0557495
0
0
0
0
0
0
0
0
0
0
0
0
0
0
0
0
0
0
0
0
0
0
0
0
0
0.055869
0.055869
0.055869
0.055869
0.055869
0.055869
0
0
0
0
0
0
0
0
0
0
0
0
0
0
0
0
0
0.0578073
0.0578073
0
0
0
0
0
0.0578073
0.0578073
0.0578073
0.0578073
0.0578073
0
0.0760286
0
0
0
0
0
0
0
0
0
0
0
0
0
0
0
0
0
0
0
0
0
0
0
0
0
0
0
0
0
0
0
0
0
0
0
0
0
0
0
0
0
0
0
0
0
0
0
0
0
0
0
0
0
0
0
0
0
0
0
0
0
0
0
0
0
0
0
0
0
0
0
0
0
0
0
0
0
0
0
0
0
0
0
0
0
0.0589
0
0
0
0
0
0.059183
0
0
0
0
0
0
0
0.0578073
0.0578073
0.0578073
0.0578073
0
0
0
0
0
0
0
0
0
0
0
0
0.0578073
0
0.0578073
0.0578073
0.0578073
0
0.0586715
0
0
0
0
0
0
0
0
0.0578073
0.0578073
0
0.0578073
0.0578073
0.059041
0
0.0578073
0
0
0
0
0
0
0
0
0
0
0
0
0
0
0
0.0578073
0.0578073
0.0578073
0
0.0578073
0.0578073
0.0578073
0.0578073
0.0578073
0.0578073
0.0578073
0.0578073
0.0578073
0.0578073
0.0578073
0.0578073
0.0578073
0.0578073
0.0578073
0.0578073
0.0578073
0.0578073
0.0578073
0.0578073
0.0578073
0.0585833
0
0.0585959
0
0
0
0
0.0744839
0
0.0744839
0.0744839
0.0744839
0.0744839
0.0744839
0
0
0
0
0
0
0
0
0
0
0
0
0
0
0
0
0
0
0.0578073
0.0578073
0.0578073
0.0578073
0.0578073
0.0578073
0.0578073
0.0578073
0.0578073
0.0578073
0.0578073
0.0578073
0.0578073
0.0578073
0.0578073
0.0578073
0.0578073
0.0578073
0.0578073
0.0578073
0.0578073
0.0578073
0.0578073
0.0578073
0.0578073
0.0578073
0.0578073
0.0578073
0.0578073
0.0578073
0.0578073
0.0578073
0.0578073
0.0578073
0.0578073
0.0578073
0.0578073
0.0578073
0
0
0
0
0
0
0
0
0
0
0.0647524
0
0
0
0.0658665
0.0658665
0.0658665
0.0671156
0.0671156
0.0671156
0
0.0671156
0.0671156
0.0671156
0.0671156
0
0.0671156
0
0
0
0
0
0
0.0671156
0.0760836
0.0679432
0.0679432
0.0679432
0
0
0.067651
0.067651
0.067651
0
0
0
0
0
0
0
0
0
0
0
0
0
0
0
0
0
0
0
0
0
0
0
0
0
0
0
0
0
0
0
0
0.0694419
0.0694419
0.0694838
0.0694838
0.0694419
0.057892
0.0647524
0.0647524
0.0647524
0.0647524
0.0647524
0.0578073
0
0
0
0
0
0
0
0
0.0578073
0.0578073
0
0
0
0.0578073
0.0578073
0.0578073
0
0
0
0
0
0
0
0
0
0
0
0
0
0
0
0
0
0
0
0
0
0
0
0
0
0
0
0
0
0
0
0
0
0
0
0
0
0
0
0
0
0.0590024
0
0
0.059183
0
0
0
0
0
0
0
0
0
0.0578073
0.0578073
0.0578073
0
0
0
0
0.0591054
0
0
0
0
0
0.0578073
0.0578073
0.0578073
0
0
0
0
0
0
0
0
0
0
0
0
0
0
0.0578073
0.0578073
0
0
0
0
0.0578073
0.0578073
0
0.0578073
0
0.0578073
0.0578073
0.0578073
0
0
0
0.0578073
0.0590539
0
0
0
0.059196
0.059196
0.059196
0
0.059196
0.059196
0
0.059196
0
0.059196
0.059196
0.059196
0
0
0
0
0
0
0
0
0
0.116543
0
0.116642
0.116642
0.116642
0.116642
0
0.117242
0.059196
0.059196
0.059196
0.059196
0.059196
0.059196
0.059196
0.059196
0.059196
0.059196
0.059196
0.059196
0.059196
0.059196
0.059196
0.059196
0.059196
0.059196
0.059196
0.059196
0.059196
0.059196
0.059196
0.059196
0.059196
0.059196
0.059196
0.059196
0.059196
0.059196
0.059196
0.059196
0.059196
0.059196
0.059196
0.059196
0.059196
0.059196
0.059196
0.059196
0.059196
0.059196
0.059196
0.059196
0.059196
0
0.059196
0
0.059196
0.059196
0.059196
0
0
0
0
0
0
0
0
0.0579163
0.0579163
0.0579163
0.0579163
0.0579163
0.0586336
0
0.0579163
0.0579163
0
0.0579163
0.0579163
0.0579163
0.0579163
0.0579163
0.0579163
0.0579163
0
0
0.0579163
0.0579163
0.0579163
0
0
0.0579163
0.0579163
0.0579163
0
0
0
0
0
0
0
0
0
0
0.0579163
0.0579163
0.0579163
0.066519
0.0666667
0.0666667
0
0.0666667
0.0666667
0
0.0666667
0.0676704
0.0579163
0.0579163
0.0671534
0.0579163
0.0671534
0.0580015
0.057892
0.057892
0.057892
0.057892
0.057892
0.057892
0.057892
0.057892
0.057892
0.057892
0.057892
0.057892
0.057892
0.057892
0.057892
0.057892
0.0673626
0.0673626
0.0679824
0
0.0687208
0
0
0.0669837
0
0.0677091
0
0
0
0
0
0
0
0
0
0
0
0
0
0
0
0
0
0
0
0
0
0
0
0
0
0
0.0578073
0.0578073
0
0.0578073
0.0578073
0
0.0578073
0.0578073
0.0578073
0.0578073
0.0578073
0.0578073
0.0578073
0.0578073
0.0578073
0
0
0
0
0
0
0
0
0
0
0
0
0
0
0
0
0
0
0
0
0
0
0
0.0578073
0
0
0
0
0
0
0
0
0
0.0578073
0.0578073
0
0.0578073
0.0578073
0
0.0578073
0.0578073
0.0578073
0.0578073
0.0578073
0.0578073
0.0578073
0.0578073
0.0578073
0
0
0
0
0
0
0
0
0.0590539
0.0578073
0.0578073
0
0
0
0
0
0
0
0
0
0
0.0578073
0.0578073
0.0578194
0.0578194
0.0578194
0.0578194
0.0578194
0.0578194
0.0578194
0.0578194
0.0578194
0.0578194
0.0578194
0.0578194
0.0578194
0.0578194
0.0578194
0.0578194
0.0578194
0.0578194
0.0578194
0.0578194
0.0578194
0.0578194
0.0578194
0
0.0578194
0.0578194
0.0578194
0.0578194
0.0578194
0.0578194
0.0578194
0.0578194
0.0578194
0.0578194
0.0578194
0.0578194
0.0578194
0.0578194
0.0578194
0.0578194
0.0578194
0.0578194
0.0578194
0.0578194
0.0578194
0.0578194
0.0578194
0.0578194
0.0578194
0.0578194
0.0578194
0.0578194
0.0578194
0.0578194
0.0578194
0.0578194
0.0578194
0.0578194
0.0578194
0.0578194
0.0578194
0.0578194
0.0578194
0.0578194
0.0578194
0.0578194
0.0578194
0.0578194
0.0578194
0.0578194
0.0578194
0.0578194
0.0578194
0.0578073
0.0578073
0.0578073
0.0578073
0.0578073
0
0
0
0
0
0
0
0
0
0
0
0
0
0
0
0.059183
0.059183
0.059183
0.059183
0.0578073
0.0578073
0
0.0578073
0
0
0
0
0
0
0
0
0
0
0
0
0
0
0
0
0
0.059183
0
0
0
0
0
0
0
0
0
0
0
0
0
0
0.0578073
0.0578073
0.0578073
0
0.0678064
0
0
0
0
0
0
0
0
0
0
0
0
0
0
0
0
0.058849
0
0
0
0
0.059183
0
0.0578073
0
0
0
0
0
0
0
0
0.0578073
0.0578073
0.0578073
0.0578073
0.0578073
0.0578073
0
0.0578073
0.0578073
0.0578073
0
0.0578073
0.0578073
0
0.0578073
0
0
0
0
0
0
0
0
0
0
0
0
0
0.0578073
0.0578073
0
0
0
0
0
0
0
0.0578073
0.0578073
0.0578073
0
0
0
0
0
0
0
0
0
0
0
0
0
0
0
0
0
0
0
0
0
0.0594438
0.0594438
0
0
0
0
0.0578073
0.0578073
0.0578073
0.0679432
0.0589
0
0
0
0
0
0
0
0
0
0
0
0
0
0
0
0
0
0
0
0
0
0
0.0578073
0.0578073
0.0578073
0
0.0590024
0
0
0
0
0
0
0
0
0
0
0
0
0
0
0
0
0
0.0578073
0.0578073
0.0578073
0
0.0590024
0
0
0
0
0
0
0
0
0
0
0
0
0
0
0
0
0
0
0
0.0647524
0.0647524
0.0647524
0.0647524
0.059196
0.059196
0
0.059196
0.059196
0.059196
0.059196
0.059196
0.059196
0.059196
0
0
0
0
0
0
0
0
0
0
0
0
0
0
0
0
0
0
0
0
0
0
0
0
0
0
0
0
0
0
0
0
0
0
0
0
0
0
0
0
0
0
0
0
0
0
0
0
0
0
0
0
0
0
0
0
0
0
0
0
0
0
0
0
0
0
0
0
0
0
0
0
0
0
0
0
0
0
0
0
0
0
0
0.0586336
0.0586336
0.0586336
0
0
0
0
0
0
0
0
0
0
0
0
0.0586336
0.0586336
0
0
0
0
0.059196
0.059196
0
0.059196
0.059196
0.059196
0.059196
0
0.059196
0
0
0
0
0
0
0
0
0
0
0
0
0
0
0
0
0
0
0
0
0
0
0
0
0
0.0562655
0
0.0578073
0.0578073
0
0.0578073
0.0578073
0
0
0
0
0
0
0
0
0
0
0
0
0
0
0
0
0
0
0.059196
0
0
0
0
0
0
0
0.059183
0.059183
0.059183
0.059183
0.059183
0.0578073
0.0578073
0
0.0578073
0
0.0578073
0.0578073
0.059183
0
0
0
0
0
0
0
0
0
0
0
0
0
0
0
0
0
0
0
0
0
0
0
0
0
0
0
0
0
0
0
0
0
0
0
0
0
0
0
0
0
0
0
0
0
0
0
0
0
0
0
0
0
0.069421
0
0.0694419
0
0
0
0
0
0
0
0
0
0
0
0
0
0
0
0
0
0
0
0.0578073
0.0578073
0.0578073
0.059183
0
0.0578194
0.0578073
0.0578073
0
0
0
0
0
0
0
0
0
0
0
0
0
0
0
0
0
0
0
0
0
0
0.059183
0
0
0
