1
1
1
0
0
0
0
0
0
1
1
1
1
0
0
0
0
0
0
0.707107
0.707107
0.707107
0.707107
0.707107
0.707107
0.707107
0.707107
0
0
0
0
0.707107
0
0
0
0.707107
0.707107
0.707107
0
0
1
1
0
0
0
0
0
0
0
0
0.894427
0.894427
0.894427
0.894427
0.894427
0.894427
0.894427
0.57735
0.57735
0.57735
0.57735
0.57735
0.57735
0.57735
0.57735
0.57735
0.894427
0.894427
0.894427
0.894427
1
1
1
1
1
0.894427
0.894427
0.894427
1
1
1
0.894427
0.894427
0.894427
0.894427
0.894427
1
1
1
1
1
1
0
1
1
0
0
0
0
0
0
0
0
0
0
0
0
0
0
0
0
0
0
0
0
0
0
0
0.894427
0.894427
0
0.894427
0.894427
0
0
0.57735
0.894427
0.894427
0
0.894427
0.57735
0.57735
0.57735
0.894427
0.894427
0.894427
0.894427
0.894427
0.894427
1
1
0.57735
0.57735
0.57735
0.57735
0.57735
1
1
1
1
1
0.894427
0
0.894427
0.894427
0.894427
0
0.894427
0.894427
0.894427
0.894427
0.894427
0.894427
0.894427
0.894427
0.894427
0.894427
0.894427
0.894427
0.894427
0.894427
1
1
0
0
0
0
0
0
0
0
1
1
1
1
0
0
0
0
1
1
1
1
1
0.57735
0.57735
0.57735
0.57735
0.57735
1
1
0.57735
1
1
1
1
1
1
1
1
1
1
1
1
1
0
0
1
1
0
0
0
0
0
0
0
0
0
0
0
0
0
0
0
0
0
0
0
0
0
0
0
0
0
0
0
0
0
0
0
0
