0
0
0
0
0
0
0
0
0
0
0
0
0
0
0
0
0
0
0
0
0
0
0
0
0
0
0
0
0
0
0
0
0
0
0
0
0
0
0
0.108465
0.108465
0.108465
0
0
0
0
0.103142
0.103142
0.103142
0.103142
0.103142
0.103142
0.103142
0.103142
0.103142
0.103142
0.103142
0.103142
0.103142
0.103142
0
0
0
0
0.1066
0.1066
0.1066
0.1066
0.1066
0.1066
0.1066
0.1066
0.1066
0.1066
0.1066
0.1066
0.1066
0.1066
0.1066
0.1066
0.108465
0.108465
0.108465
0.108465
0.108465
0.108465
0.109109
0
0
0.109109
0.109109
0.109109
0
0.109109
0.109109
0
0
0
0
0
0
0
0
0
0
0
0
0
0.109109
0.1066
0.1066
0.1066
0.109109
0.109109
0.109109
0
0
0.1066
0
0
0
0
0
0
0
0
0.108465
0
0
0
0
0
0
0
0
0
0
0
0
0
0
0
0
0
0
0
0
0
0
0
0
0
0
0
0
0
0
0
0
0
0
0
0
0
0
0
0.223607
0.223607
0
0
0
0.235702
0.235702
0
0
0
0
0
0
0
0
0
0
0
0
0
0
0
0
0
0.196116
0.196116
0.196116
0.196116
0.196116
0.196116
0.196116
0.196116
0.196116
0.196116
0.196116
0.196116
0
0
0
0
0
0
0
0
0
0
0
0
0
0
0
0
0
0
0
0
0
0
0
0
0
0
0
0
0
0.0985329
0.0985329
0.0985329
0.0985329
0.0985329
0.0985329
0.0985329
0
0.103142
0
0.0985329
0.0985329
0.0985329
0.106
0.102598
0.102598
0.102598
0.102598
0.102598
0.102598
0
0
0
0
0
0
0
0
0
0
0
0
0
0
0
0
0
0
0
0
0
0
0
0
0
0
0
0
0
0
0
0
0
0
0
0
0
0
0
0
0
0
0
0
0
0
0
0
0
0
0
0
0.108465
0.108465
0
0
0
0
0
0
0
0
0
0
0
0
0
0
0
0
0
0
0
0
0
0.108465
0.108465
0.108465
0.108465
0.108465
0.108465
0.108465
1
0
0
1
0
0
1
0.108465
0.108465
0
0
0
0.109109
0.108465
0.108465
0.108465
0.108465
0.108465
0.111111
0.111111
0.111111
0.111111
0.111111
0.111111
0.108465
0
0
0.109764
0.109764
0.109764
0.130189
0.130189
0.109764
0
0
0.109764
0.109764
0.109764
0.109764
0.316228
0.316228
0.316228
0.316228
0.109764
0.122169
0.132453
0.109764
1
1
0.109764
0.109764
0.109764
0.109764
0.109764
0.123091
0.130189
0.258199
0
0
0.109764
0.109764
0.117041
0.117041
0.117041
0.117041
0.109764
0.109764
0
0
0.108465
0
0
0
0
0
0
0.108465
0.108465
0.108465
0.108465
0
0
0
0
0
0
0
0
0
0
0
0
0.109109
0.109109
0.109109
0.109109
0
0
0
0
0
0.108465
0.108465
0.108465
0
0
0
0
0.108465
0
0.108465
0
0
0
0
0
0
0
0.108465
0.108465
0.108465
0.108465
0.108465
0.108465
0.108465
0.108465
0.108465
0
0.108465
0.108465
0
0
0
0.108465
0.108465
0
0
0
0
0
0
0
0
