0.0883883
0.0883883
0.0883883
0.0883883
0.0883883
0.0883883
0.0883883
0.0883883
0.0883883
0
0
0
0.447214
0
0
0
0
0
0
0
0
0
0
0
0
0
0
0
0
0
0
0
0
0
0
0
0
0
0
0
0
0
0
0
0
0
0
0
0
0
0
0
0
0
0
0
0
0
0
0
0
0
0
0
0
0
0
0
0
0
0
0
0
0
0
0
0.0883883
0
0
0
0
0
0
0.0887357
0.0887357
0.0887357
0.0887357
0
0
0
0
0
0
0
0
0
0
0
0
0.0916698
0.0916698
0.0916698
0.0916698
0
0
0
0
0
0.0898027
0.0898027
0.0898027
0
0
0
0.57735
0.0898027
0
0.0898027
0.57735
0
0.57735
0
0
0
0
0
0
0.0898027
0.0898027
0
0
0.57735
0.57735
0.57735
0.57735
0
0
0.57735
0.57735
1
1
0
0
0
0
0
0
0
0
0
0
0
0.0898027
0.0898027
0.0898027
0.0898027
0.0898027
0.0898027
0.0898027
0.57735
0
0
0.57735
1
1
0
0.0905357
0.0912871
0
0
0
0.0909091
0.0912871
0.0912871
0.0912871
0.0912871
0.0912871
0.0928477
0.0928477
0.0928477
0.0928477
0.0928477
0.0928477
0.0912871
0.105409
0.105409
0
0
0
0
0
0
0
0
0
0
0
0
0
0
0
0
0
0
0
0
0
0
0
0
0
0
0
0
0
0
0
0
0
0
0
0
0
0
0
0
0
