0
0
0
0
0
0
0
0
0
0
0
0
0
0
0
0
0
0
0
0
0
0
0
0
0
0
0
0
0
0
0
0
0
0
0
0
0
0
0
0
0
0
0
0
0
0
0
0
0
0
0
0
0
0
0
0
0
0
0
0
0
0
0
0
0
0
0
0
0
0
0
0
0
0
0
0
0
0
0
0
0
0
0
0
0
0
0
0
0
0
0
0
0
0
0
0
0
0
0
0
0
0
0
0
0
0
0
0
0
0
0
0
0
0
0
0
0
0
0
0
0
0
0.242536
0.242536
0.242536
0.242536
0
0.242536
0.242536
0
0.242536
0.242536
0.242536
0.242536
0.242536
0.242536
0.242536
0
0
0
0
0
0
0.242536
0
0.258199
0
0.258199
0.258199
0.258199
0.258199
0.258199
0.258199
0.258199
0
0
0
0
0
0
0
0
0
0
0
0
0
0
0
0
0
0
0
0
0
0
0
0
0
0
0
0
0
0
0
0
0
0
0
0
0
0
0.242536
0.242536
0
0
0
0
0
0
0
0
0
0
0
0
0
0
0
0
0
0
0
0
0
0
0
0
0
0
0.242536
0
0.242536
0.242536
0
0.242536
0.242536
0
0.242536
0.25
0
0.242536
0.242536
0.242536
0.242536
0.242536
0
0.242536
0.242536
0.242536
0.242536
0
0
0
0
0
0
0
0
0
0
0
0
0
0
0
0
0
0
0
0
0
0
0
0
0
0
0.25
0
0.25
0
0
0
0
0
0
0
0
0
0
0
0
0
0
0
0
0
0.242536
0.242536
0.242536
0.27735
0
0
0
0.242536
0.242536
0
0
0
0
0
0
0
0
0
0
0
0
0
0
0
0
0
0
0
0
0
0
0
0
0
0
0
0
0
0
0
0
0
0
0
0
0
0.242536
0
0.242536
0
0.242536
0
0.27735
0.27735
0.27735
0.27735
0.27735
0.27735
0.27735
0.27735
0.27735
0.288675
0.288675
0.27735
0.27735
0.27735
0.27735
0.288675
0.288675
0.27735
0.27735
0.242536
0.242536
0.242536
0
0.242536
0.242536
0.242536
0.242536
0.242536
0.242536
0.242536
0.242536
0.25
0.25
0
0.25
0.242536
0.242536
0.242536
0.242536
0.242536
0.25
0.242536
0.242536
0.242536
0.242536
0.242536
0
0
0.242536
0
0
0
0
0
0
0
0
0
0.242536
0.25
0.27735
0
0
0
0
0
0
0
0
0
0
0
0
0
0
0
0
0
0
0
0
0
0
0
0
0
0
0
0
0
0
0
0
0
0
0
0
0
0
0
0
0
0
0
0
0.242536
0.242536
0.242536
0.242536
0.242536
0.242536
0.242536
0.25
0.25
0.25
0
0
0
0
0
0
0
0
0.144338
0.144338
0.144338
0.144338
0.267261
0
0.171499
0.171499
0.171499
0.171499
0.171499
0.171499
0.171499
0.171499
0.144338
0.144338
0.149071
0
0.149071
0.149071
0.149071
0.149071
0.149071
0.149071
0.149071
0.149071
0.156174
0.156174
0.156174
0.156174
0.156174
0.156174
0
0
0
0
0
0
0.57735
0.57735
0.57735
0.57735
0.57735
0.57735
0.57735
0.57735
0.57735
0.57735
0
0
0
0
0
0
0
0
0
0
0
0
0
0
0
0.144338
0.144338
0.144338
0.144338
0.144338
0.144338
0.144338
0.144338
0.144338
0.144338
0
0
0
0
0
1
1
1
1
1
0
0
0
0
0
0.150756
0.150756
0.144338
0
0
0
0.27735
0
0
0
0
0
0
0
0.288675
0.288675
0.288675
0.288675
0.288675
0.144338
0
0.144338
0.288675
0.288675
0.258199
0.27735
0.27735
0.27735
0.27735
0.707107
0.27735
0.27735
0.27735
0.27735
0.27735
0.27735
0.27735
0.27735
0.27735
0.27735
0.27735
0.27735
0.258199
0.258199
0.258199
0.258199
0.258199
0.258199
0.258199
0.258199
0.258199
0.258199
0.258199
0.258199
0.258199
0.258199
0.258199
0.258199
0.258199
0.258199
0.258199
0.258199
0.258199
0.258199
0.258199
0.258199
0.258199
0.258199
0.258199
0.258199
0.258199
0.258199
0.288675
0.288675
0.288675
0
0
0.288675
0.288675
0.288675
0.316228
