0
0
0
0
0
0
0
0
0
0
0
0
0
0
0
0
0
0
0
0
0
0
0
0
0
0
0
0
0
0
0
0
0
0
0
0
0
0
0
0
0
0
0
0
0
0
0
0
0
0
0
0
0
0
0
0
0
0
0
0
0
0
0
0
0
0
0
0
0
0
0
0
0
0
0
0
0
0
0
0
0
0
0
0
0
0
0
0
0
0
0
0
0
0
0
0
0
0
0
0
0
0
0
0
0
0
0
0
0
0
0
0
0
0
0
0
0
0
0
0
0
0
0
0
0
0
0
0
0
0
0
0
0
0
0
0
0
0
0
0
0
0
0
0
0
0
0
0
0
0
0
0
0
0
0
0
0
0.603023
0.603023
0.603023
0.603023
0
0
0
0
0
0
0
0
0
0
0
0
0
0
0.609994
0.609994
0.609994
0.609994
0
0
0
0
0
0.707107
0
0
0
0
0
0
0.609994
0.609994
0.609994
0.609994
0.609994
0.609994
0.609994
0.609994
0.609994
0.609994
0.609994
0.609994
0.609994
0.609994
0.609994
0.609994
0.609994
0.609994
0.609994
0.609994
0.609994
0.609994
0.609994
0.609994
0.609994
0.609994
0.609994
0.609994
0.609994
0.609994
0.609994
0.609994
0.609994
0.609994
0.609994
0.617213
0.617213
0.617213
0.617213
0.617213
0.617213
0.617213
0.617213
0.617213
0
0.617213
0.617213
0.617213
0.617213
0.617213
0.617213
0.617213
0.617213
0.617213
0.617213
0.617213
0.617213
0.617213
0.617213
0.617213
0.617213
0
0.617213
0.617213
0.617213
0.617213
0.617213
0.617213
0.617213
0.617213
0.617213
0.617213
0.617213
0.617213
0.617213
0.617213
0.617213
0.617213
0.617213
0.617213
0.617213
0.617213
0.617213
0.617213
0.617213
0.617213
0.617213
0.617213
0.617213
0.617213
0.617213
0.617213
0.617213
0.617213
0.617213
0.617213
0.617213
0.617213
0.617213
0.617213
0.617213
0.617213
0.617213
0.617213
0.872872
0.872872
1
0.872872
0.872872
0.872872
0.617213
0.617213
0.617213
0.617213
0.617213
0.617213
0.617213
0.617213
0.617213
0.894427
0.894427
0.894427
0.894427
0.894427
0.894427
0.894427
0.617213
0.718421
0.617213
0
0.617213
0
0.617213
0
0.617213
0.617213
0.617213
0.617213
0.617213
0
0.617213
0.617213
0.617213
0.617213
0.640513
0.617213
0.617213
0.617213
0.617213
0.617213
0.617213
0.617213
0.617213
0.617213
0.617213
0.624695
0.624695
0.894427
0.894427
0.942809
0.942809
0.942809
0.942809
0.942809
0.942809
0.942809
0.942809
0.942809
0.942809
0.942809
0.942809
0.942809
0.894427
0.894427
0.894427
0.894427
0.894427
0.894427
0.894427
0.894427
0.894427
0.894427
0.894427
0
0.894427
0.894427
0
0.894427
0.894427
0
0.894427
0.894427
0.894427
0.894427
0.894427
0.894427
0.894427
0.894427
0.894427
0.894427
0.894427
0.894427
0.894427
0.894427
0.894427
0.894427
0.942809
0.942809
0.942809
0.942809
0.942809
0.942809
0.942809
0.942809
0.942809
0.942809
0.942809
0.942809
0.942809
0.942809
0.942809
0.516398
1
1
0.942809
0
0.894427
0.894427
0.894427
0.894427
0.894427
0.894427
0.894427
0.894427
0.894427
0.894427
0.894427
0.894427
0.894427
0.894427
0.894427
0.894427
0.894427
0.894427
0.894427
0.894427
0.894427
0.894427
0.894427
0.894427
0.894427
0.894427
0.894427
0.894427
0.894427
0.894427
0.894427
0.894427
0.894427
0.894427
0.894427
0.894427
0.894427
0.894427
0.894427
0
0.894427
0
0.894427
0.894427
0.894427
0.894427
0.894427
0.894427
0.894427
0.894427
0.894427
0.894427
0.609994
0.609994
0.609994
0.609994
0.609994
0.609994
0.609994
0.609994
0.609994
0.609994
0.609994
0.609994
0.609994
0.609994
0.609994
0.609994
0
0.609994
0.609994
0.609994
0.609994
0
0
0.609994
0.609994
0.609994
0.609994
0.609994
0.609994
0.609994
0.609994
0.609994
0.609994
0.624695
0.624695
0.624695
0.624695
0.624695
0.624695
0.648886
0.648886
0.617213
0.617213
0.617213
0.617213
0.617213
0.617213
0.617213
0.617213
0.617213
0.603023
0.603023
0.603023
0.603023
0.603023
0.603023
0.603023
0
0
0.603023
0.603023
0
0
0
0.603023
0.603023
0
0.603023
0
0.603023
0.603023
0.603023
0.603023
0
0.603023
0.603023
0.603023
0.603023
0.603023
0.603023
0.603023
0
0.603023
0.603023
0
0.603023
0.603023
0.603023
0.603023
0.603023
0.603023
0.603023
0.603023
0.603023
0.707107
0.707107
0.707107
0.707107
0.707107
0
0
0
0
0
0
0
0
0
0
0
0
0
0
0
0
0
0
0
0
0
0
0
0
0
0
0.603023
0
0.603023
0.603023
0.603023
0.603023
0.603023
0.603023
0.603023
0.603023
0.603023
0.603023
0.603023
0.603023
0.603023
0.603023
0
0
0
0
0
0
0
0
0
0
