0.387298
0.387298
0.387298
0.387298
0.387298
0.387298
0.387298
0.387298
0.387298
0.387298
0.387298
0.387298
0.387298
0.387298
0.387298
0.387298
0.387298
0.387298
0.387298
0.387298
0
0
0
0
0.387298
0.387298
0.387298
0.387298
0
0
0
0
0.387298
0.387298
0.387298
0.387298
0.387298
0.387298
0
0.387298
0.387298
0.387298
0.387298
0.387298
0.387298
0.387298
0.387298
0.387298
0.387298
0.39736
0.39736
0.408248
0.408248
0.420084
0
0
0
0
0.408248
0
0
0
0.408248
0.408248
0.408248
0.408248
0
0
0
0.387298
0.387298
0.387298
0.387298
0.387298
0.408248
0.387298
0.387298
0.387298
0.408248
0.408248
0.408248
0.39736
0.39736
0.387298
0.39736
0.447214
0
0.447214
0.547723
0.447214
0.447214
0.447214
0.39736
0
0
0
0
0
0
0
0
0
0
0
0
0
0.387298
0.39736
0.39736
0.136505
0.136505
0.136505
0.136505
0.136505
0.136505
0.136505
0.136505
0.136505
0.136505
0.136505
0
0
0
0
0
0
0
0
0.420084
0.420084
0.39736
0.39736
0
0
0
0
0
0
0
0
0
0.136505
0.136505
0
0
0.136505
0.136505
0.144338
0.144338
0.140028
0
0.144338
0
0.144338
0.144338
0.144338
0.144338
0
0
0.144338
0.144338
0.144841
0.144338
0.144338
0.147979
0.147979
0.147979
0.147979
0.147979
0.39736
0.39736
0.147979
0.147979
0.147979
0.147979
0.39736
0.420084
0.39736
0.147979
0.420084
0.420084
0.420084
0.420084
0.420084
0.420084
0.420084
0.420084
0.420084
0.420084
0.420084
0
0
0.420084
0
0
0.447214
0.480384
0.480384
0.480384
0.480384
0
0
0
0
0
0
0.147979
0.147979
0.147979
0.39736
0.39736
0.39736
0.147979
0.147979
0
0
0.147979
0.142374
0.142374
0.142374
0
0.143839
0.147979
0.420084
0.327327
0.327327
0
0
0.311086
0.311086
0.311086
0.311086
0.333333
0.333333
0.333333
0.333333
0.333333
0.333333
0.333333
0.333333
0.333333
0.333333
0.333333
0.333333
0.333333
0
0.333333
0.240192
0.240192
0.240192
0.240192
0.240192
0.240192
0.240192
0.240192
0.240192
0.240192
0.240192
0
0
0
0
0
0
0
0
0
0
0
0
0.214834
0.214834
0.223607
0.227429
0.227429
0.227429
0.227429
0.227429
0.227429
0.227429
0.227429
0.227429
0.227429
0.227429
0.227429
0.227429
0.227429
0.227429
0.227429
0
0
0.227429
0.227429
0.227429
0.227429
0.227429
0.227429
0.227429
0.229416
0.229416
0.229416
0.258199
0.258199
0
0
0.229416
0.229416
0.229416
0.229416
0.229416
0.229416
0.229416
0.229416
0.229416
0.229416
0.229416
0.229416
0.229416
0.229416
0.229416
0.229416
0.229416
0
0
0
0.240192
0.240192
0.240192
0.240192
0.244949
0.244949
0.244949
0.270501
0.244949
0.244949
0.244949
0.244949
0.244949
0.244949
0.244949
0.244949
0
0.244949
0
0
0
0
0
0.214834
0.214834
0
0.214834
0.214834
0.176777
0.176777
0.176777
0.176777
0
0
0
0
0.176777
0.176777
0.176777
0.176777
0.176777
0.176777
0.176777
0.176777
0
0
0
0
0
0
0
0
1
0
1
1
0.169842
0.171499
0.171499
0
0.171499
0
0.172345
0.173205
1
0
0
0
0
0
0
0
0
0
0
0
0
0
0
0
0
0
0
0
0
0
0
0
0
0
0
0
0
0
0.173205
0.173205
0
0
0
0.178647
0
0.179605
0
0.178647
0
0.165145
0.165145
0.165145
0
0
0
0
0
0
0
0
0
0
0
0
0
0
0
0
0
0
0
0
0
0
0
0
0
0
0
0.160128
0.160128
0.160128
0.160128
0.160128
0.160128
0.160128
0.160128
0.160128
0.160128
0.160128
0.160128
0.160128
0.160128
0.160128
0
0
0
0
0
0
0
0
0
0
0
0
0
0
0
0.169842
0.169842
0.169842
0.169842
0.169842
0.169842
0.169842
0.169842
0.172345
0.172345
0.172345
0.172345
0
0
0
0
0
0
0
0
0
0
0.169842
0.169842
0.169842
0.169842
0.169842
0.169842
0.136931
0.160128
0.160128
0.160128
0.160128
0.160128
0.160128
0.141895
0.141895
0.141895
0.141895
0.141895
0
0
0.141895
0.141895
0.141895
0
0
0.136931
0.169842
0.169842
0.169842
0.169842
0.169842
0.169842
0.169842
0.169842
0.169842
0.169842
0.169842
0.169842
0.169842
0.169842
0.169842
0.169842
0.141895
0.141895
0.141895
0.141895
0.141895
0.141895
0.141895
0.141895
0.141895
0.141895
0.420084
0.420084
0.420084
0.420084
0.147979
0.147979
0.153695
0.15133
0
0.141895
0.141895
0.141895
0.146911
0.14535
0.14535
0.14535
0.14535
0.14535
0.14535
0.14535
0.14535
0.14535
0
0
0
0
0
0
0
0
0
0.169842
0.169842
0.169842
0.169842
0
0
0
0
0
0
0
0
0
0
0
0
0
0
0
0
0
0
0
0
0
0
0
0
0
0
0
0
0
0
0
0
0
0
0
0
0
0
0
0
0
0.160817
0.160817
0.160817
0.160817
0.172345
0.172345
0
0
0
0
0
0
0.172345
0.172345
0.172345
0.169842
0.169842
0.169842
0.169842
0
0
0
0
0
0
0
0
0
0
0
0
0
0
0
0
0
0
0
0
0
0.311086
0.311086
0.311086
0.311086
0.311086
0.333333
0.333333
0.333333
0.333333
0.333333
0
0
0
0
0
0
0
0
0
0
0.333333
0.311086
0.333333
0.333333
0.333333
0.333333
0.333333
0.333333
0.333333
0.333333
0.333333
0.333333
0.333333
0.333333
0.333333
0.333333
0.353553
0.353553
0
0
0
0.353553
0.353553
0.353553
0.353553
0.353553
0.353553
0.353553
0.353553
0.353553
0.353553
0.353553
0.353553
0.353553
0.353553
0.353553
0.353553
0.353553
0.353553
0.353553
0.353553
0.353553
0.353553
0.353553
0.353553
0.353553
0.353553
0.353553
0.353553
0.353553
0.353553
0.353553
0.353553
0.353553
0.333333
0.333333
0.353553
0.353553
0.353553
0.353553
0.353553
0.353553
0.353553
0.353553
0.353553
0.353553
0.353553
0.353553
0.353553
0.353553
0.353553
0
0
0
0
0
0
0
0
0
0
0
0
0
0
0
0
0
0
0
0
0.142374
0.142374
0.142374
0.142374
0.142374
0.142374
0.142374
0.142374
0.142374
0
0.144338
0.146385
0
0
0.144338
0.144338
0.144841
0.144841
0
0
0
0
0.144841
0
0
0
0
0
0
0
0.143839
0.144338
0.144338
0
0.144338
0.142374
0.142374
0.142374
0.142374
0
0.142374
0.142374
0
0
0
0
0
0
0
0
0
0
0
0
0
0
0
0
0.144338
0.144338
0.144338
0
0
0.144338
0
0
0
0
0
0
0
0.140028
0.140028
0.140028
0.140028
0
0.141421
0.141895
0
0.141895
0.141895
0.144338
0
0.144338
0.144338
0
0
0
0
0
0
0
0
0
0
0
0
0
0
0
0
0
0
0
0
0
0
0
0
0
0
0
0
0
0
0
0
0
0
0
0
0
0
0
0
0
0
0
0
0
0
0
0
0
0
0
0
0
0
0
0
0
0
0
0
0
0
0
0
0
0
0
0
0
0
0
0
0
0
0
0
0
0
0
0
0
0
0
0
0
0
0
0
0
0
0
0
0
0
0
0
0
0
0
0
0
0
0
0
0
0
0
0
0.301511
0
0.301511
0
0
0
0
0
0
0
0
0
0
0
0
0
0
0
0
0
0
0
0
0
0
0
0
0.136083
0.136083
0.136083
0.136083
0.136083
0.136083
0.136083
0.136083
0.136083
0.136083
0.136083
0.136083
0
0
0
0
0
0.150756
0
0
0
0
0
0
0
0
0
0
0
0
0
0
0
0
0
0
0
0
0
0
0
0
0
0
0
0
0
0
0
0
0
0
0
0
0
0
0
0
0
0
0
0
0
0
0
0
0
0
0
0
0
0
0
0
0
0
0
0
0
0
0
0
0
0
0
0
0
0
0
0
0
0
0
0
0
0
0
0
0
0
0
0
0
0
0
0
0
0
0
0
0
0
0
0
0
0
0
0
0
0
0
0
0
0
0
0
0
0
0
0
0
0
0
0
0
0
0
0
0
0
0
0
0
0
0
0
0
0
0
0
0
0
0
0
0
0
0
0
0
0
0
0
0
0
0
0
0
0
0
0
0
0
0
0
0
0
0
0
0
0
0
0
0
0
0
0
0
0
0
0
0
0
0
0
0
0
0
0
0
0
0
0
0
0
0
0
0
0
0
0
0
0
0
0
0.154919
0
0
0
0
0
0
0
0
0
0
0
0
0
0
0
0
0
0
0
0
0
0
0.188982
0.188982
0
0
0
0
0.188982
0.188982
0.154919
0.154919
0.154919
0.154919
0.154919
0.154919
0.154919
0.154919
0.154919
0.154919
0.154919
0.154919
0.154919
0.167444
0
0.154919
0
0
0.154919
0
0
0
0
0
0
0
0
0
0
0
0
0
0
0
0
0
0
0
0
0
0
0
0
0
0
0
0
0
0
0
0
0
0
0
0
0
0
0
0
0
0
0
0
0
0
0
0
0
0
0
0
0
0
0
0
0
0
0
0
0
0
0
0
0
0
0
0
0
0
0
0
0
0
0
0
0
0
0
0
0
0
0
0.167444
0
0.167444
0.167444
0
0
0
0
0.167444
0
0
0
0.167444
0.167444
0
0
0
0
0
0
0
0
0.167444
0
0
0
0
0
0
0
0
0
0
0
0
0
0
0
0
0
0
0
0
0
0
0
0
0
0
0
0.167444
0.167444
0.167444
0.167444
0.167444
0.167444
0.167444
0.167444
0.167444
0.167444
0.167444
0.167444
0.167444
0.167444
0.167444
0.167444
0.167444
0.167444
0.167444
0.167444
0.167444
0.167444
0.167444
0.167444
0.167444
0.167444
0.167444
0.167444
0.167444
0.167444
0.167444
0.167444
0
0
0
0
0
0
0
0.167444
0.167444
0.167444
0.167444
0.167444
0.167444
0.167444
0.167444
0.167444
0.167444
0.167444
0.167444
0.167444
0.167444
0.167444
0.167444
0.167444
0.167444
0.167444
0.167444
0.167444
0.167444
0.167444
0.167444
0.167444
0.167444
0
0
0
0
0
0
0
0
0
0
0
0
0
0
0
0
0
0
0
0
0
0
0
0
0
0
0
0
0
0
0.166667
0.166667
0
0.166667
0
0.166667
0
0
0
0
0
0
0
0
0
0
0
0
0.167444
0
0
0
0
0
0.167444
0
0
0
0
0
0.167444
0
0
0
0
0
0
0
0
0
0
0
0
0.167444
0
0
0
0
0
0.167444
0
0
0
0
0
0.167444
0.167444
0.167444
0.167444
0.167444
0
0
0
0
0.167444
0.167444
0
0.167444
0.167444
0.167444
0.167444
0.167444
0.167444
0.167444
0.167444
0.167444
0.167444
0.167444
0.167444
0.167444
0.167444
0.167444
0.167444
0.167444
0.167444
0
0
0
0
0
0
0
0
0
0
0
0
0
0
0
0
0
0
0
0
0
0
0
0
0
0
0
0
0
0
0
0
0
0
0
0
0
0
0
0
0
0
0
0
0
0
0
0
0
0
0
0
0
0
0
0
0
0
0
0
0
0
0
0
0
0
0
0
0
0
0
0
0
0
0
0
0
0
0
0
0
0
0
0
0
0
0
0
0
0
0
0
0
0
0
0
0
0
0
0
0
0
0
0
0
0
0
0
0
0
0
0
0
0
0
0
0
0
0
0
0
0
0
0
0
0
0
0
0
0
0
0
0
0
0
0
0
0
0
0
0
0
0
0
0
0
0
0
0
0
0
0
0
0
0
0
0
0
0
0
0
0
0
0
0
0
0
0
0
0
0
0
0
0
0
0
0
0
0
0
0
0
0
0
0
0
0
0
0
0
0
0
0
0
0
0
0
0
0
0
0
0
0
0
0
0
0
0
0
0
0
0
0
0
0
0
0
0
0
0
0
0
0
0
0
0
0
0
0
0
0
0
0
0
0
0
0
0
0
0
0
0
0
0
0
0
0
0
0
0
0
0
0
0
0
0
0
0
0
0
0
0
0
0
0
0
0
0
0
0
0
0
0
0
0
0
0
0
0
0
0
0
0
0
0
0
0
0
0
0
0
0
0
0
0
0
0
0
0
0
0
0
0
0
0
0
0
0
0
0
0
0
0
0
0
0
0
0
0
0
0
0
0
0
0
0
0
0
0
0
0
0
0
0
0
0
0
0
0
0
0
0
0
0
0
0
0
0
0
0
0
0
0
0
0
0
0
0
0
0
0
0
0
0
0
0
0
0
0
0
0
0
0
0
0
0
0
0
0
0
0
0
0
0
0
0
0
0
0
0
0
0
0
0
0
0
0
0
0
0
0
0
0
0
0
0
0
0
0
0
0
0
0
0
0
0
0
0
0
0
0
0
0
0
0
0
0
0
0
0
0
0
0
0
0
0
0
0
0
0
0
0
0
0
0
0
0
0
0
0
0
0
0
0
0
0
0
0
0
0
0
0
0
0
0
0
0
0
0
0
0
0
0
0
0
0
0
0
0
0
0
0
0
0
0
0
0
0
0
0
0
0
0
0
0
0
0
0
0
0
0
0
0
0
0
0
0
0
0
0
0
0
0
0
0
0
0
0
0
0
0
0
0
0
0
0
0
0
0
0
0
0
0
0
0
0
0
0
0
0
0
0
0
0
0
0
0
0
0
0
0
0
0
0
0
0
0
0
0
0
0
0
0
0
0
0
0
0
0
0
0
0
0
0
0
0
0
0
0
0
0
0
0
0
0
0
0
0
0
0
0
0
0
0
0
0
0
0
0
0
0
0
0
0
0
0
0
0
0
0
0
0
0
0
0
0
0
0
0
0
0
0
0
0
0
0
0
0
0
0
0
0
0
0
0
0
0
0
0
0
0
0
0
0
0
0
0
0
0
0
0
0
0
0
0
0
0
0.147442
0
0.136083
0.142374
0
0.142374
0
0
0
0
0
0
0
0
0
0
0
0
0
0
0
0
0
0
0
0
0
0
0
0
0
0
0
0
0
0
0
0
0
0
0
0
0
0
0
0
0
0
0
0
0
0
0
0
0
0
0
0
0
0
0
0
0
0
0
0
0
0
0
0
0
0
0
0
0
0
0
0
0
0
0
0
0
0
0
0
0
0
0
0
0
0
0
0
0
0
0
0
0
0
0
0
0
0
0
0
0
0.202721
0
0.202721
0
0.202721
0.202721
0
0.202721
0
0.223607
0.387298
0
0.387298
0.387298
0.39736
0.654654
0.654654
0
0.654654
0
0
0
0
0
0
0
0
0
0
0
0
0
0
0
0
0
0
0
0
0
0
0
0
0.168232
0.169031
0
0
0
0
0
0
0
0
0.202721
0
0
0
0
0
0
0
0
0
0
0
0.141895
0.156813
0.141895
0.143346
0
0
0
0
0
0
0
0
0
0
0
0
0
0
0
0
0
0
0
0
0
0
0
0
0
0
0
0
0
0
0
0
0
0
0
0
0
0
0
0
0
0
0
0
0
0
0
0
0.154919
0.154919
0.154919
0.154919
0.154919
0.154919
0.154919
0.154919
0.154919
0.167444
0.136083
0.136083
0.136083
0.136083
0.136083
0.136083
0.136083
0.136083
0.136083
0.136083
0.136083
0
0
0
0
0
0
0.143839
0
0.143839
0.136083
0.136083
0.136083
0
0
0
0
0
0
0
0
0
0
0
0
0
0
0
0
0
0
0
0
0
0
0
0
0
0
0
0
0
0.147442
0.147442
0.147442
0.321634
0.147442
0
0.147442
0.147442
0
0
0
0
0
0
0
0
0
0
0
0
0
0
0
0
0
0
0
0
0
0
0
0
0
0
0
0
0
0
0
0
0
0
0
0
0
0
0
0
0
0
0
0
0
0
0
0
0
0.167444
0.167444
0.167444
0.154919
0.154919
0.154919
0.154919
0.154919
0.154919
0.154919
0.154919
0
0
0
0
0
0
0
0
0
0
0
0
0
0
0
0
0
0
0
0
0
0
0
0
0
0
0
0
0
0
0
0
0
0
0
0
0
0.420084
0.420084
0
0.420084
0.420084
0.420084
0
0
0
0
0
0
0
0
0
0
0
0
0
0.433013
0.433013
0.433013
0.433013
0.433013
0.433013
0.433013
0.433013
0
0.433013
0.433013
0
0.433013
0.5
0.5
0
0
0
0
0
0
0
0.433013
0.433013
0.433013
0.433013
0.433013
0.433013
0.433013
0.433013
0.433013
0.433013
0.433013
0
0
0
0
0
0
0
0.433013
0
0.433013
0
0.433013
0.433013
0.433013
0.433013
0.433013
0.433013
0
0
0
0
0.433013
0.433013
0
0
0
0.433013
0.433013
0.447214
0
0
0
0
0
0
0
0
0
0
0
0
0
0
0
0
0
0
0
0
0
0
0
0
0
0
0
0
0
0.433013
0.433013
0.433013
0.433013
0.433013
0.433013
0.433013
0.433013
0.433013
0.433013
0
0
0.408248
0.408248
0
0
0
0
0.408248
0.408248
0
0
0.387298
0.387298
0.387298
0.387298
0.387298
0.387298
0
0
0.39736
0.39736
0.420084
0.39736
0.39736
0.39736
0.39736
0.39736
0.39736
0.39736
0.39736
0.39736
0.39736
0.39736
0.39736
0.39736
0.39736
0.39736
0.420084
0
0
0
0
0
0.420084
0.420084
0
0
0.39736
0.39736
0
0
0.39736
0
0
0
0
0
0
0
0
0
0
0
0
0
0
0
0
0
0
0
0
0
0
0
0
0
0
0
0
0
0
0
0
0
0
0
0
0
0
0
0
0
0
0
0
0
0
0
0
0
0
0
0
0
0
0
0
0
0
0
0
0
0
0
0
0
0
0
0.39736
0
0.39736
0.420084
0.420084
0.420084
0
0
0
0
0
0
0.387298
0.387298
0.387298
0.387298
0.387298
0.387298
