0.935414
0.935414
0.447214
0.447214
0
0
0
0
0.447214
0.447214
0.447214
0.447214
0.447214
0.447214
0.447214
0
0
0
0
0
0
0
0
0
0
0
0
0
0
0
0
0
0
0
0
0
0
0
0
0
0
0
0
0
0.935414
0.447214
0.447214
0.447214
0.540062
0
0
0.447214
0.447214
0.491304
0
0
0
0
0
0.733799
0.733799
0.733799
0.733799
0
0
0.733799
0.733799
0.733799
0.733799
0
0
0
1
1
0
0
0
0.763763
0.763763
0.763763
0
0
0.763763
0.763763
0.763763
0.763763
0
0
0
0
0
0.733799
0.733799
0.733799
0.733799
0.733799
0.733799
0.733799
0.733799
0.733799
0.733799
0.733799
0.733799
0.733799
0
0
0
0
0
0
0
0
0
0
0
0
0
0.733799
0.733799
0.733799
0.733799
0
0
0
0
0
0.733799
0
0.447214
0
0.447214
0.447214
0.447214
0
0.447214
0.447214
0.447214
0
0.447214
0.447214
