0
0
0
0
0
0
0
0
0
0
0
0
0
0
0
0
0
0
0
0
0
0
0
0
0
0
0
0
0
0
0
0
0
0
0
0
0
0
0
0
0
0
0
0
0
0
0.433013
0.433013
0.433013
0.433013
0.433013
0.433013
0
0
0
0.433013
0.433013
0
0.433013
0.433013
0
0.433013
0.433013
0.433013
0.433013
0
0
0
0
0
0
0
0
0
0
0
0
0
0
0
0
0.5
0.46291
0.612372
0.612372
0.612372
0
0.707107
0.612372
0.612372
0.612372
0.612372
0
0
0.654654
0.654654
0.654654
0
0
1
1
1
0
0
0
0
0
0
0
0
0
0
0
0
0
0
0
0.612372
0.612372
0.612372
0.612372
0.612372
0.612372
0.612372
0.612372
0.612372
0.612372
0.612372
0.654654
0.612372
0
0
0.433013
0.433013
0.433013
0.433013
0.433013
0
0
0
0
0
0
0
0
0
0
0
0
0
0
0.612372
0.612372
0.612372
0
0.774597
0.774597
0.774597
0.774597
0
0
0.866025
0.866025
0.866025
0
0
1
1
1
0
1
0
0
0
1
1
1
0
0
1
1
1
1
0.433013
0
0.433013
0.433013
