0.426401
0
0
0
0
0
0
0
0
0.353553
0.365148
0.294884
0.294884
0
0.294884
0
0.308607
0
0.316228
0.316228
0.316228
0.316228
0
0
0
0
0
0
0
0.816497
0
1
1
0
0
0
0
0
0
0
0
0
0
0
0
0
0
0
0
0
0
0
0
0
1
0
0
0
0
0
0
0
0
0
0
0
0
0.426401
0
0
0.426401
0
0
0
0
0
0
0
0
0
0
0
0
0
0
0
0
0
0
0
0
0
0
0
0
0
0
0
0
0
0
0
0
0
0
0
0
0
0
0
0
0
0
0
0
0.471405
0.471405
0
0
0.471405
0.471405
0
0.471405
0.471405
0.471405
0.471405
0.471405
0.471405
0
0
0
0
0
0
0
0
0
0.447214
0.447214
0.447214
0.447214
0
0
0
0
0
0.365148
0.365148
0
0
0
0
0
0
0
0
0
0
0
0
0
0
0
0
0
0
0
0
0
0
0
0
0
0
0
0
0
0
0
0
0
0
0
0
0
0
0
0
