0.223607
0.223607
0
0
0
0
0
0
0
0
0
0
0
0
0
0
0
0
0.223607
0.223607
0
0
0
0
0
0
0
0
0
0
0
0
0
0
0
0
0
1
1
1
1
1
0
0
0
0
0
0
0
0
0
0
0
0
0
0
0
1
1
1
1
0
0
1
1
1
1
0
0
0
1
1
1
1
1
0
0
0
1
0
0
0
0
0
0
0
0
1
1
1
0
0
1
1
0.223607
0.223607
0.223607
0.223607
0.223607
0.223607
0
0
0
0.223607
0.223607
0
0.223607
0
0.223607
0.223607
0.353553
0
0
0
0
0
0
0
0
0
0
0
0
0
0
0
0
0
0
0
0
0
1
1
0
0
0
0
0
0
0
0
0
0
0
0
0
0
0
0
0
0
0
0
0
0
0
0
0
0
0
0
0
0
0
0
0
0
0
0
0
0
0
0
0
0
0
0
0
0
0
0
0
0
0.27735
0.27735
0.27735
0
0.27735
0.27735
0.27735
0.27735
0.27735
0.27735
0.27735
0.27735
0
0.27735
0
0.27735
0.447214
0.27735
0
0.27735
0.27735
0.27735
0.27735
0.27735
0.27735
0.27735
0.27735
1
0.27735
0.27735
0
0
0
0
0
0
0
0
0
0
0
1
1
1
0
0
0
0
0
0
0.353553
0.353553
0.353553
0.353553
