0
0
0
0
0
0
0
0
0
0
0
0
0
0
0
0
0
0
0
0
0
0
0
0
0
0
0
0
0
0
0
0
0
0
0
0
0
0
0
0
0
0
0
0
0
0
0
0
0
0
0
0
0
0
0
0
0
0
0
0
0
0
0
0
0
0
0
0
0
0
0
0
0
0
0
0
0
0
0
0
0
0
0
0
0
0
0
0
0
0
0
0
0
0
0
0
0
0
0
0
0
0
0
0
0
0
0
0
0
0
0
0
0
0
0
0
0
0
0
0
0
0
0
0
0
0
0
0
0
0
0
0
0
0
0
0
0
0
0
0
0
0
0
0
0
0
0
0
0
0
0
0
0
0
0
0
0
0
0
0
0
0
0
0
0
0
0
0
0
0
0
0
0
0
0
0
0
0
0
0
0
0
0
0
0
0
0
0
0
0
0
0
0
0
0
0
0
0
0
0.549442
0.549442
0.549442
0.549442
0.549442
0.549442
0.549442
0.549442
0.549442
0.549442
0.549442
0.549442
0.549442
0.549442
0.549442
0.549442
0.549442
0.549442
0.549442
0.560112
0.560112
0.560112
0.560112
0.560112
0.560112
0.560112
0.560112
0.560112
0.560112
0.560112
0.560112
0.560112
0.560112
0.560112
0.560112
0.560112
0.560112
0.560112
0.560112
0.560112
0.560112
0.565685
0.565685
0.565685
0.565685
0.565685
0.565685
0.565685
0.565685
0.565685
0
0.565685
0.565685
0.565685
0.565685
0.565685
0.565685
0.565685
0.565685
0.565685
0.565685
0.565685
0.565685
0.565685
0.565685
0.565685
0.565685
0
0.565685
0.565685
0.565685
0.565685
0.565685
0.565685
0.565685
0.565685
0.565685
0.565685
0.565685
0.565685
0.565685
0.565685
0.565685
0.565685
0.565685
0.565685
0.565685
0.565685
0.565685
0.565685
0.565685
0.565685
0.565685
0.565685
0.565685
0.565685
0.565685
0.565685
0.565685
0.565685
0.565685
0.565685
0.565685
0.565685
0.565685
0.565685
0.565685
0.565685
0.565685
0.565685
0.565685
0.784465
0.784465
1
0.784465
0.784465
0.784465
0.565685
0.565685
0.565685
0.565685
0.565685
0.565685
0.565685
0.565685
0.565685
0.816497
0.816497
0.816497
0.816497
0.816497
0.816497
0.816497
0.565685
0.571429
0.648886
0
0
0.565685
0
0.565685
0
0.565685
0
0.565685
0.565685
0.565685
0.565685
0.565685
0
0.565685
0.565685
0.565685
0.565685
0.58346
0.565685
0.565685
0.565685
0.565685
0.565685
0.565685
0.565685
0.565685
0.565685
0.565685
0.571429
0.571429
0.8
0.8
0.834058
0.834058
0.834058
0.834058
0.834058
0.834058
0.834058
0.834058
0.834058
0.834058
0.834058
0.834058
0.834058
0.8
0.8
0.8
0.8
0.8
0.8
0.8
0.8
0.8
0.8
0.8
0
0.8
0.8
0
0.8
0.8
0
0.8
0.8
0.8
0.8
0.8
0.8
0.8
0.8
0.8
0.8
0.8
0.8
0.8
0.8
0.8
0.8
0.872872
0.872872
0.872872
0.872872
0.872872
0.872872
0.872872
0.872872
0.872872
0.872872
0.872872
0.872872
0.872872
0.872872
0.872872
0.471405
0.942809
0.942809
0.872872
0
0.8
0.8
0.8
0.8
0.8
0.8
0.8
0.8
0.8
0.8
0.8
0.8
0.8
0.8
0.8
0.8
0.8
0.8
0.834058
0.834058
0.834058
0.834058
0.8
0.8
0.8
0.8
0.8
0.8
0.8
0.8
0.8
0.8
0.8
0.8
0.8
0.8
0.8
0.8
0.8
0
0.8
0
0.8
0.8
0.8
0.8
0.8
0.8
0.8
0.8
0.8
0.8
0.560112
0.560112
0.560112
0.560112
0.560112
0.560112
0.560112
0.560112
0.560112
0.560112
0.560112
0.560112
0.560112
0.560112
0.560112
0.560112
0
0.560112
0.560112
0.560112
0.560112
0
0
0.560112
0.560112
0.560112
0.560112
0.560112
0.560112
0.560112
0.560112
0.560112
0.560112
0.571429
0.571429
0.571429
0.571429
0.571429
0.571429
0.589768
0.589768
0.565685
0.565685
0.565685
0.565685
0.565685
0.565685
0.565685
0.565685
0.565685
0.544331
0.544331
0.544331
0.544331
0.544331
0.544331
0.544331
0
0
0.544331
0.544331
0
0
0
0.544331
0.544331
0
0.5547
0
0.5547
0.5547
0.5547
0.5547
0
0.5547
0.5547
0.5547
0.5547
0.5547
0.5547
0.5547
0
0.5547
0.5547
0
0.5547
0.5547
0.5547
0.5547
0.5547
0.5547
0.5547
0.5547
0.5547
0.696311
0.696311
0
0
0
0
0
0
0
0
0
0
0
0
0
0
0
0
0
0
0
0
0
0.5547
0
0.5547
0.5547
0.5547
0.5547
0.5547
0.5547
0.5547
0.5547
0.5547
0.5547
0.5547
0.5547
0.5547
0.5547
0
0
0
0
0
0
0.5547
0.5547
0.5547
0.5547
0
0
0
0
0
0.632456
0
0
0.544331
0.544331
0.544331
0.544331
0
0
0
0
0
0
0
0
0
0
0
0
0
0
