0
0
0
0
0
0
0
0
0
0
0
0
0
0
0
0
0
0
0
0
0
0
0
0
0
0
0
0
0
0.707107
0.707107
0.707107
0.707107
1
1
1
1
0
0
0
0
0.707107
0
0
0
0.707107
0.707107
0.707107
0
0
1
1
0
0
0
0
0
0
0
0
0.707107
0.707107
0.707107
0
0
0
0
0
0
0.707107
0.707107
0
0
0
0
0.27735
0.27735
0.27735
0.27735
0.27735
0.27735
0
0
0.27735
0.377964
0.27735
0.27735
0.377964
0.27735
0
0.27735
0.27735
0
0
0.353553
0.707107
0.707107
0
0.707107
0.707107
0
0.5
0
0.5
0
0.57735
0.707107
0
0.707107
0.707107
0.707107
0
0.707107
0.707107
0.707107
0
0.707107
0.707107
0
0.707107
0
0.125
0.125
0.218218
0
0.25
0.25
0.25
0.25
0.25
0
1
1
0
1
0
1
0
0
0.125
0.125
0
0
0
0.25
0.25
0
0
0
0
0
0
0
0
0
0
0
0
0
0
0
0
0
0
0
0
0
0
0
0
0
0
0
0
0
0
0
0
0
0
0
0
0
0
0
0
0
0.353553
0.353553
0
0.353553
0
0
0
0
0
0.162221
0.162221
0.162221
0
0.162221
0.162221
0.162221
0.162221
0.162221
0.162221
0.162221
0.162221
0
0.242536
0
0.242536
0.353553
0.242536
0
0.242536
0.242536
0.242536
0.242536
0.242536
0.242536
0.242536
0.242536
0.707107
0.242536
0.242536
0
0
0
0
0
0
0
0
0
0
0
0
0
0
0
0
0
0
0
0
0
0
0
0
0
0
0
0
0
0
0
0
0
0
0
0
0
0
0
0
0
0
0
0
0
0
0
0
0
0
0
0
0
0
0
0
0
0
0
0
0
0
0
0
0
0
0
0
0
0
0
0
0
0
0
0
0
0
0
0
0
0
0
0
0
0
0
0
0
0
0
0
0
0
0
0
0
0
0
0
0
0
0
0
0
0
0
0
0
0
0
0
0
0
0
0
0
0
0
0
0
0
0
0
0
0
0
0
0
0
0
0
0
0
0
0
0
0
0
0
0
0
0
0
0
0
0
0
0
0
0
0
0
0
0
0
0
0
0
0
0
0
0
0
0
0
0
0
0
0
0
0
0
0
0
0
0
0
0
0
0
0
0
0
0
0
0
0
0
0
0
0
0
0
0
0
0
0
0
0
0
0
0
0
0
0
0
0
0
0
0
0
0
0
0
0
0
0
0.235702
0.235702
0
0.235702
0
0.235702
0
0.242536
0.242536
0.242536
0.242536
0.242536
0.242536
0.242536
0.242536
0.242536
0.242536
1
0
0
0
0
0
