0
0
0
0
0
0
0
0
0
0
0
0
0
0
0
0
0
0
0
0
0
0
0
0
0
0
0
0
0
0
0
0
0
0
0
0
0
0
0
0
0
0
0
0
0
0
0
0
0
0
0
0
0
0
0
0
0
0
0
0
0
0
0
0
0
0
0
0
0
0
0
0
0.342997
0.348155
0
0
0
0
0
0
0
0
0
0
0
0
0
0
0
0
0
0
0
0.353553
0.353553
0.353553
0.353553
0.353553
0.353553
0.353553
1
0.371391
0.377964
0.371391
0.371391
0.371391
0.371391
0.371391
0.3849
0.3849
0.3849
0.3849
0.3849
0.3849
0.371391
0.485071
0.485071
0
0
0
0
0
0
0
0
0
0
0
0
0
0
0
0
0
0
0
0
0
0
0
0
0
0
0
0
0
0
0
0
0
0
0
0
0
0
0
0
0
0.316228
0.316228
0.316228
0
0.333333
0.333333
0.333333
0.333333
0.333333
0.333333
0.333333
0.333333
0.333333
0.333333
0
0
0
0
0
0
0.377964
0.377964
0.377964
0.377964
0.353553
0.353553
0
0
1
0
0
0
0
0
0
0
0
0
0
0
0
0
0
0
0
0
0
0
0
0
0.353553
0
0.353553
0
0
0
0
0
0
0
