0
0
0
0
0
0
0
0
0
0
0
0
0
0
0
0
0
0
0
0
0
0
0
0
0
0
0
0
0
0
0
0
0
0
0
0
0
0
0
0
0
0
0
0
0
0
0
0
0
0
0
0
0
0
0
0
0
0
0
0
0
0
0
0
0
0
0
0
0
0
0
0
0
0
0
0
0
0
0
0
0
0
0
0
0
0
0.32323
0.32323
0
0
0
0.32323
0.32323
0.32323
0.32323
0.32323
0.32323
0.32323
0.32323
0.32323
0.32323
0.32323
0.32323
0.32323
0.32323
0
0
0
0
0
0
0
0.32323
0.32323
0.32323
0.32323
0.32323
0.32323
0.32323
0.32323
0.32323
0
0.32323
0.518875
0.518875
0.518875
0
0
0.27735
0.27735
0.288675
0
0.293972
0.293972
0.293972
0.293972
0.293972
0.293972
0.293972
0.288675
0.5
0.394405
0
0.41833
0
0.429198
0
0.467707
0.467707
0.467707
0.467707
0.467707
0.467707
0.467707
0.467707
0
0.467707
0.394405
1
0.467707
0
0.509175
0
0.518875
0
0.518875
0.518875
0.518875
0.467707
