0.447214
0.447214
0.353553
0.353553
0.353553
0
0
0
0
0
0
0
0
0
0
0
0
0
0
0
0
0
0
0
0
0
0
0
0.377964
0.377964
0
0.377964
0.377964
0.377964
0.447214
0.377964
0
0
0.377964
0.377964
0.408248
0
0
0.5
0.5
0
0
0
0
0
0.408248
0.408248
0.408248
0.447214
0.408248
0
0.408248
0
0.408248
0.408248
0.408248
0.447214
0.408248
0
0.408248
0
0
0
1
0.447214
0.447214
0
0.5
0.707107
1
0
0
0.408248
0
0.447214
0.57735
0.447214
0.447214
0.447214
0.447214
0.447214
0.447214
0.447214
0.447214
0
0
0.447214
0
0.447214
0.5
0
0
0
0
0
0
0
0
0
0.57735
0
0
0.408248
0.408248
0
0.447214
0
0
0
0
0
0
0
0
0
0
0
0
0
0
0
0
0
0
0
0
