0
0
0
0
0
0
0
0
0
0
0
0
0
0
0
0
0
0
0
0
0
0
0
0
0
0
0
0
0
0
0
0
0
0
0
0
0
0
0
0
0
0
0
0
0
0
0
0
0
0
0.187317
0.187317
0.187317
0.187317
0.187317
0.187317
0.187317
0.187317
0.187317
0
0
0
0
0
0
0
0
0
0
0
0
0
0.201008
0
0
0
0.3849
0
0
0.187317
0.187317
0
0
0.187317
0.187317
0.201008
0.201008
0.201008
0
0.201008
0.202031
0.190693
0
0.19803
0
0.19803
0
0.2
0.201008
0.201008
0
0
0.201008
0.201008
0.201008
0.201008
0.201008
0.21693
0.20739
0
0
0
0
0
0.210819
0.210819
0.210819
0
0
0
0
0.201008
0.201008
0.201008
0.201008
0.201008
0.201008
0.201008
0.201008
0.201008
0.201008
0.201008
0.201008
0.201008
0.201008
0
0
0
0
0.20739
0.20739
0.20739
0.20739
0.20739
0.20739
0.20739
0.20739
0.20739
0.20739
0.20739
0.20739
0.20739
0.20739
0.20739
0.20739
0.210819
0
0
0
0
0
0
0
0.210819
0.210819
0.210819
0.210819
0.210819
0.210819
0.212
0
0
0.212
0.212
0.212
0
0.212
0.212
0
0.20739
0.20739
0.20739
0.20739
0.20739
0
0
0
0
0
0
0
0.212
0.20739
0.20739
0.20739
0.212
0.212
0.212
0.20739
0.20739
0.20739
0.20739
0.20739
0.20739
0.222222
0
0.222222
0.222222
0.222222
0.210819
0
0
0
0
0
0
0
0
0
0
0
0
0
0
0
0
0
0
0
0
0
0
0
0
0
0
0
0
0
0.187317
0.187317
0.187317
0.187317
0.187317
0.201008
0.201008
0
0
0
0
0
0
0
0.201008
0.3849
0.20739
0.20739
0
0.20739
0.20739
0.20739
0.20739
0.20739
0.20739
0.20739
0.20739
0.20739
0.20739
0.212
0.212
0
0
0
0
0
0.20739
0.20739
0
0
0
0
0.212
0.20739
0.20739
0.20739
0.20739
0
0
0.20739
0.20739
0.20739
0.212
0.20739
0.20739
0.20739
0.20739
0.20739
0
0.20739
0.20739
0
0
0
0
0
0
0.140028
0.140028
0.140028
0.140028
0.140028
0.140028
0.140028
0.144338
0.152499
0.152499
0.152499
0.152499
0.152499
0.152499
0.152499
0.152499
0.152499
0.152499
0.152499
0
0
0
0
0.288675
0.152499
0.152499
0.152499
0.152499
0
0
0.152499
0.152499
0.152499
0.152499
0.152499
0.152499
0.152499
0.166667
0.166667
0.166667
0.185695
0.166667
0.166667
0.152499
0.152499
0.152499
0.166667
0.152499
0.152499
0.152499
0.152499
0.152499
1
0.152499
0.152499
0.152499
0.152499
0.152499
0.152499
0.152499
0.152499
0.152499
0
0
0.152499
0.152499
0
0.152499
0.152499
0.152499
0.152499
0.152499
0.152499
0.133631
0.133631
0.133631
0.133631
0.133631
0.133631
0.133631
0.133631
0.133631
0.133631
0
0
0
0
0
0
0
0
0
0
0.707107
0
0.707107
0.707107
0.127
0.132453
0
0.132453
0
0.133631
0.13484
0.707107
0
0
0
0
0
0
0
0
0
0
0
0
0
0
0
0
0
0
0
0
0
0
0
0
0
0
0
0
0
0.13484
0.13484
0
0
0
0.141421
0.57735
0.141421
0
0.141421
0
0.125988
0.125988
0.125988
0
0
0.27735
0.27735
0.27735
0.27735
0.27735
0.187317
0.187317
0.187317
0.187317
0
0
0
0
0
0
0
0
0
0
0
0
0
0
0
0
0
0
0
0
0
0
0
0
0
0
0
0
0
0
0
0
0
0
0
0
0.187317
0.187317
0.187317
0.187317
0.187317
0.187317
0.187317
0.187317
0.187317
0.187317
0.187317
0.187317
0.4
0.4
0.4
0.4
0.4
0.4
0.4
0.4
0.4
0.4
0.4
0.4
0
0
0
0
0
0
0
0
0
0
0
0
0
0
0
0
0
0
0
0
0
0
0
0
0
0
0
0
0
0.197066
0.197066
0.197066
0.197066
0.197066
0.197066
0.197066
0.205196
0.205196
0
0.197066
0.197066
0.197066
0.206284
0.203069
0.203069
0.203069
0.203069
0.203069
0.203069
0
0
0
0
0
0
0
0
0
0
0
0
0
0
0
0
0
0
0
0
0
0
0
0
0
0
0
0
0
0
0
0
0
0
0
0
0
0
0
0
0
0
0
0
0
0
0.4
0.4
0.4
0
0
0
0
0.408248
0.408248
0.408248
0
0
0
0
0
0
0
0
0
0
0
0
0
0.27735
0.27735
0
0
0
0
0
0
0
0
0
0
0
0
0
0
0
0
0
0
0
0
0.133631
0.133631
0.133631
0.133631
0.133631
0.133631
0.133631
0.133631
0.133631
0.133631
0.133631
0
0
0
0
0
0
0
0
0
0
0
0
0.125988
0.125988
0.129099
0.133631
0.133631
0.133631
0.133631
0.133631
0.141421
0.133631
0.133631
0.133631
0
0
0
0
0.288675
0.133631
0.133631
0.133631
0.133631
0.133631
0
0
0.133631
0.133631
0.133631
0.133631
0.133631
0.133631
0.133631
0.133631
0.13484
0.13484
0.13484
0.142857
0.142857
0
0
0.13484
0.13484
0.13484
0.13484
0.13484
0.13484
0.13484
0.13484
0.13484
0.13484
0.13484
0.13484
0.13484
0.13484
0.13484
0.13484
0.13484
0.141421
0.141421
0.162221
0.162221
1
0.162221
0.162221
0.141421
0
0
0
0.141421
0.141421
0.141421
0.141421
0.141421
0.141421
0
0
0.158114
0.158114
0.179605
0.158114
0
0.158114
0.158114
0.158114
0.158114
0.158114
0.158114
0.158114
0.158114
0.162221
0.162221
0.162221
0
0.125988
0.125988
0
0.125988
0.125988
0.196116
0.196116
0
0
0.185695
0.185695
0.185695
0.185695
0.2
0.2
0.2
0.2
0.2
0.2
0.2
0.2
0.2
0.2
0.2
0.2
0.2
0
0.2
0.185695
0.185695
0.185695
0.185695
0.185695
0
0
0
0
0
0
0
0
0
0
0
0
0
0
0
0
0.185695
0
0
0
0
0
0
0
0
0
0
0
0
0
0
0
0
0
0
0
0
0
0
0
0
0
0
0
0
0
0
0
0
0
0
0
0
0
0
0
0
0
0
0
0
0
0
0
0
0
0
0
0
0
0
0
0
0
0
0
0
0
0
0
0
0
0
0
0
0
0
0
0
0
0
0
0
0
0
0
0
0
0
0
0
0
0
0
0
0
0
0
0
0
0
0
0
0
0
0
0
0.210819
0.210819
0
0
0
0
0
0
0
0
0
0
0
0
0
0
0
0
0
0
0
0
0
0
0
0
0
0
0.210819
0.210819
0.210819
0.210819
0.210819
0.210819
0.210819
0
0
0
0
0
0
0
0.210819
0.210819
0
0
0
0.212
0.210819
0.210819
0.210819
0.210819
0.210819
0.214423
0.214423
0.214423
0.214423
0.214423
0.214423
0.210819
0
0
0.213201
0.213201
0.213201
0.248069
0.248069
0.213201
0
0
0.213201
0.213201
0.213201
0.213201
0
0
0
0
0.213201
0.240772
0.248069
0.213201
0
0
0.213201
0.213201
0.213201
0.213201
0.213201
0
0.248069
0.5
0.258199
0.258199
0.213201
0.213201
0.23094
0.23094
0.23094
0.23094
0.213201
0.213201
0
0
0.210819
0
0
0
0
0
0
0.210819
0.210819
0.210819
0.210819
0
0
0
0
0
0
0
0
0
0
0
0
0.212
0.212
0.212
0.212
0
0
0
0
0
0.210819
0.210819
0.210819
0
0
0
0
0.210819
0
0.210819
0
0
0
0
0
0
0
0.210819
0.210819
0.210819
0.210819
0.210819
0.210819
0.210819
0.210819
0.210819
0
0.210819
0.210819
0
0
0
0.210819
0.210819
0
0
0
0
0
0
0
0
