0
0
0.0992583
0
0
0
0
0.816497
0.707107
0.707107
0.707107
0
0
0
0
0
0.707107
0.707107
0
0.707107
0.707107
0
0.707107
0
0.707107
0.816497
0.816497
1
0.816497
0.816497
0
1
0.447214
0.324443
0
0.324443
0
0.324443
0
0.342997
0
0.353553
0.353553
0.353553
0.353553
0.353553
0.353553
0
0
0
0
0
0
0
0
0
0
0
0
0
0
0
0
0
0
0
0
0
0
0
0
0
0
0
0
0
0
0
0
0
0
0
0
0
0
0
0
0
0
0
0
0
0
0
0
0
0
0
0
0
0
0
0
0
0
0
0
0
0
0
0
0
0
0
0
0
0
0
0
0
0
0
0
0
0
0
0
0
0
0
0
0
0
0
0
0
0
0
0
0
0
0
0
0
0
0
0
0
0
0
0
0
0
0
0
0
0
0
0
0
0
0
0
0
0
0
0
0
0
0
0
0
0
0
0
0
0
0
0
0
0
0
0
0
0
0
0
0
0
0
0
0
0
0
0
0
0
0
0
0
0
0
0
0
0
0
0
0
0
0
0
0
0
0
0
0
0
0
0
0
0
0
0
0
0
0
0
