0.233197
0.233197
0
0
0.230429
0.230429
0.230429
0.230429
0.230429
0.230429
0.230429
0.230429
0.230429
0.230429
0.230429
0.230429
0.230429
0.230429
0.230429
0.230429
0.230429
0.230429
0.679366
0.679366
0
0
0.230429
0.233197
0.233197
0.230429
0.230429
0.230429
0.230429
0.230429
0.230429
0.230429
0.230429
0.233197
0.233197
0.203186
0.203186
0.203186
0
0
0
0
0
0
0
0
0
0
0
0
0
0
0
0
0.410152
0.410152
0.410152
0
0.594089
0.594089
0.594089
0.594089
0.594089
0.594089
0.594089
0.594089
0.594089
0.594089
0.594089
0
0
0
0
0
0
0
0
0
0
0
0
0.203186
0.203186
0.233197
0.233197
0
0
0
0
0.75
0.75
0.646997
0.646997
0.646997
0.646997
0.646997
0.646997
0.646997
0.646997
0.646997
0.646997
0.646997
0.646997
0.646997
0.646997
0.646997
0.646997
0.646997
0.646997
0
0
0
0
0
0
0
0
0
0
0
0
0
0
0
0
0
0
0
0
0
0
0
0.234619
0.234619
0.234619
0
0
0
0
0
0
0
0
0
0
0
0
0
0
0
0
0
0
0
0
0
0
0
0
0
0
0.774597
0.774597
0
0
0
0
0
0
0
0
0
0
0
0
0
0
0
0
0
0
0
0
0
0
0
0
0
0
0
0
0
0
0
0
0
0
0
0
0
0
0.234619
0.234619
0.234619
0.234619
0
0
0
0
0
0
0
0
0
0
0
0
0
0
0
0
0
0
0
0
0
0
0
0
0
0
0
0
0
0
0
0
0
0
0
0
0
0
0
0
0
0
0
0
0
0
0
0
0
0
0
0
0
0
0
0
0
0
0
0
0
0
0
0
0
0
0
0
0
0
0
0
0
0
0
0
0
0
0
0
0
0
0
0
0
0
0
0
0
0
0
0
0
0
0
0
0
0
0
0
0
0
0
0
0
0
0
0
0
0
0
0
0.774597
0.774597
0
0
0
0
0
0
0
0
0.75
0.75
0.75
0.75
0.75
0
0
0
0
0
0
0
0
0
0
0
0
0
0
0
0
0
0
0
0
0
0
0
0
0
0
0
0
0
0
0
0
0
0
0
0
0
0
0
0
0.254916
0.254916
0
0
0.254916
0.254916
0.254916
0
0
0
0
0
0
0
0
0
0
0
0
0
0
0
0
0
0
0
0
0
0
0
0
0
0
0
0
0
0
0
0
0
0
0
0
0
0
0
0
0
0
0
0
0.866025
0.866025
0.866025
0
0
0
0
0
0
0
0
0
0
0.272166
0.272166
0.272166
0.272166
0.215666
0.215666
0
0.215666
0.215666
0.215666
0.215666
0.215666
0.215666
0
0
0
0
0
0
0
0
0
0
0
0
0
0
0
0
0
0
0
0
0
0
0
0
0
0.471405
0.162221
0.162221
0.162221
0.162221
0.162221
0.162221
0
0.162221
0
0.162221
0.162221
0.162221
0.162221
0.162221
0.162221
0.162221
0.162221
0.162221
0.162221
0
0
0
0
0
0
0
0
0
0
0
0
0
0
0
0
0
0
0
0
0
0
0
0
0
1
0
0
0
0
0
0
0
0
0
0
0
0
0
0
1
1
1
1
1
0
1
1
1
1
1
1
0
0
0
0.333333
0.333333
0.333333
0.333333
0.333333
0.333333
0
0.333333
0.333333
0.333333
0.333333
0.333333
0.333333
0
0
0
0
0
0
0
0
0
0
0
0
0
0
0
0
0
0
0
0
0
0
0
0
0
0
0
0
0
0
0
0
0
1
1
0.25
0.25
0.25
0
0.178017
0.178017
0.178017
0.178017
0.178017
0.178017
0.178017
0.178017
0.178017
0.178017
0.178017
0.178017
0.178017
0
0
0
0
0
0.218507
0
0
0
0
0
0
0
0
0
0
0
0
0
0
0
0
0
0
0
0
0
0
0
0
0
0
0
0
0
0
0
0
0
0
0
0
0
0
0
0
0
0
0
0
0
0
0
0
0
0
0
0
0
0
0
0
0
0
0
0
0
0
0
0
0
0
0
0
0
0
0
0
0
0
0
0
0
0
0
0
0
0
0
0
0
0
0
0
0
0
0
0
0
0
0
0
0
0
0
0
0
0
0
0
0
0
0
0
0
0
0
0
0
0
0
0
0
0
0
0
0
0
0
0
0
0
0
0
0
0
0
0
0
0
0
0
0
0
0
0
0
0
0
0
0
0
0
0
0
0
0
0
0
0
0
0
0
0
0
0
0
0
0
0
0
0
0
0
0
0
0
0
0
0
0
0
0
0
0
0
0
0
0
0
0
0
0
0
0
0
0
0
0
0
0
0
0
0
0
0
0
0
0
0
0
0
0
0.192897
0.18334
0.0966736
0.0966736
0
0
0
0
0.1
0
0
0
0
0
0.1
0
0
0
0
0
0.1
0.1
0.1
0.1
0.240772
0.240772
0
0
0
0
0.241649
0.241649
0.188144
0.188144
0.188144
0.188144
0.188144
0.188144
0.188144
0.188144
0.188144
0.188144
0.188144
0.188144
0.188144
0.138675
0.192897
0.188144
0
0
0.188144
0
0
0
0
0
0
0
0
0
0
0
0
0
0
0
0
0
0
0
0
0
0
0
0
0
0
0
0
0
0
0
0
0
0
0
0
0
0
0
0
0
0
0
0
0
0
0
0
0
0
0
0
0
0
0
0
0
0
0
0
0
0
0
0
0
0
0
0
0
0
0
0
0
0
0
0
0
0
0
0
0
0
0.259161
0.248708
0
0.248708
0.248708
0
0
0
0
0.248708
0
0
0
0.249136
0.249136
0
0
0
0
0
0
0
0
0.249136
0.289346
0
0
0
0
0
0
0
0
0
0
0
0
0
0
0
0
0
0
0
0
0
0
0
0
0
0
0
0
0.25
0.25
0.25
0.25
0.25
0.111456
0.111456
0.111456
0.111456
0.111456
0.111456
0.111456
0.111456
0.111456
0.111456
0.111456
0.111456
0.111456
0.111456
0.111456
0.111456
0.111456
0.111456
0.111456
0.111456
0.111456
0.111456
0.111456
0.111456
0.111456
0.111456
0.111456
0.111456
0.111456
0.260623
0.260623
0.260623
0.260623
0.260623
0.260623
0.260623
0.25
0.25
0.25
0.25
0.25
0.25
0.25
0.25
0.25
0.25
0.25
0.25
0.25
0.25
0.25
0.25
0.25
0.25
0.25
0.25
0.25
0.25
0.25
0.111456
0.111456
0.25
0
0
0
0
0
0
0
0
0
0
0
0
0
0
0
0
0
0
0
0
0
0
0
0
0
0
0
0.136717
0.136717
0
0.136717
0
0.136717
0
0
0
0
0
0
0
0
0
0
0
0
0.137361
0
0
0
0
0
0.138013
0
0
0
0
0
0.138013
0
0
0
0
0
0
0
0
0
0
0
0
0.138013
0
0
0
0
0
0.138013
0
0
0
0
0
0.138013
0.138013
0.138013
0.138013
0.138013
0
0
0
0
0.138013
0.138013
0
0.138013
0.138013
0.138013
0.138013
0.138013
0.138013
0.138013
0.138013
0.138013
0.138013
0.138013
0.138013
0.138013
0.138013
0.138013
0.138013
0.138013
0.138013
0
0
0
0
0
0
0
0
0
0
0
0
0
0
0
0
0
0
0
0
0
0
0
0
0
0
0
0
0
0
0
0
0
0
0
0.538816
0.538816
0.538816
0.538816
0.538816
0.538816
0.538816
0.538816
0.538816
0.538816
0.538816
0.538816
0.538816
0.538816
0.557086
0.557086
0.557086
0.557086
0.557086
0.557086
0.557086
0.557086
0.557086
0.557086
0.557086
0.557086
0.557086
0.557086
0.557086
0.557086
0.557086
0.557086
0.557086
0.557086
0.557086
0.557086
0.557086
0.557086
0.557086
0.557086
0.557086
0.557086
0.557086
0.561951
0.561951
0.561951
0.561951
0.561951
0.557086
0.557086
0.561951
0.561951
0.561951
0.561951
0.561951
0.561951
0
0
0
0
0
0
0
0
0
0
0
0
0
0
0
0
0
0
0
0
0
0
0
0
0
0
0
0
0
0
0
0
0
0
0
0
0
0
0
0
0
0
0
0
0
0
0
0
0
0
0
0
0
0
0
0
0
0
0
0
0
0
0
0
0
0
0
0
0
0
0
0
0
0
0
0
0
0
0
0
0
0
0
0
0
0
0
0
0
0
0
0
0
0
0
0
0
0
0
0
0
0
0
0
0
0
0
0
0
0
0
0
0
0
0
0
0
0
0
0
0
0
0
0
0
0
0
0
0
0
0
0
0
0
0
0
0
0
0
0
0
0
0
0
0
0
0
0
0
0
0
0
0
0
0
0
0
0
0
0
0
0
0
0
0
0
0
0
0
0
0
0
0
0
0
0
0
0
0
0
0.561951
0.561951
0.561951
0.561951
0.561951
0
0
0.561951
0
0
0
0
0.561951
0
0.561951
0
0
0
0
0
0
0.388514
0.388514
0.388514
0.388514
0.561951
0
0.561951
0.572078
0
0.3849
0
0
0.566947
0.566947
0.566947
0
0.566947
0
0.566947
0.566947
0
0
0
0
0
0
0.388514
0.388514
0.388514
0.388514
0.566947
0.572078
0
0.392232
0
0
0
0
0
0
0
0
0
0
0
0
0
0
0
0
0
0
0
0
0
0
0
0
0
0
0
0
0
0
0
0
0
0
0
0
0
0
0
0
0
0
0
0
0
0
0
0
0
0
0
0
0
0
0
0
0
0
0
0
0
0
0
0
0
0
0
0
0
0
0
0
0
0
0
0
0
0
0
0
0
0
0
0
0
0
0
0
0
0
0
0
0
0
0
0
0
0
0
0
0
0
0
0
0
0
0
0
0
0
0
0
0
0
0
0
0
0
0
0
0
0
0
0
0
0
0
0
0
0
0
0
0
0
0
0
0
0
0
0
0
0
0
0
0
0
0
0
0
0
0
0
0
0
0
0
0
0
0
0
0
0
0
0
0
0
0
0
0
0
0
0
0
0
0
0
0
0
0
0
0
0
0
0
0
0
0
0
0
0
0
0
0
0
0
0
0
0
0
0
0
0
0
0
0
0
0
0
0
0
0
0
0
0
0
0
0
0
0
0
0
0
0
0
0
0
0
0
0
0
0
0
0
0
0
0
0
0
0
0
0
0
0
0
0
0
0
0
0
0
0
0
0
0
0
0
0
0
0
0
0
0
0
0
0
0
0
0
0
0
0
0
0
0
0
0
0
0
0
0
0
0
0
0
0
0
0
0
0
0
0
0
0
0
0
0
0
0
0
0
0
0
0
0
0
0
0
0
0
0
0
0
0
0
0
0
0
0
0
0
0
0
0
0
0
0
0
0
0
0
0
0
0
0
0
0
0
0
0
0
0
0
0
0
0
0
0
0
0
0
0
0
0
0
0
0
0
0
0
0
0
0
0
0
0
0
0
0
0
0
0
0
0
0
0
0
0
0
0
0
0
0
0
0
0
0
0
0
0
0
0
0
0
0
0
0
0
0
0
0
0
0
0
0
0
0
0
0
0
0
0
0
0
0
0
0
0
0
0
0
0
0
0
0
0
0
0
0
0
0
0
0
0
0
0
0
0
0
0
0
0
0
0
0
0
0
0
0
0
0
0
0
0
0
0
0
0
0
0
0
0
0
0
0
0
0
0
0
0
0
0
0
0
0
0
0
0
0
0
0
0
0
0
0
0
0
0
0
0
0
0
0
0
0
0
0
0
0
0
0
0
0
0
0
0
0
0
0
0
0
0
0
0
0
0
0
0
0
0
0
0
0
0
0
0
0
0
0
0
0
0
0
0
0
0
0
0
0
0
0
0
0
0
0
0
0
0
0
0
0
0
0
0
0
0
0
0
0
0
0
0
0
0
0
0
0
0
0
0
0
0
0
0
0
0
0
0
0
0
0
0
0
0
0.188144
0.188144
0.188144
0.188144
0.381385
0.381385
0.381385
0.381385
0.381385
0.381385
0.381385
0.381385
0.381385
0.381385
0.381385
0.381385
0.381385
0.381385
0.381385
0
0
0.381385
0.381385
0.381385
0.381385
0.381385
0.381385
0.381385
0
0.244137
0.244137
0.244137
0.244137
0.244137
0.188144
0.188144
0.188144
0.188144
0.25
0.188144
0.188144
0.188144
0.188144
0
0
0
0
0.109435
0.109435
0
0
0
0
0
0
0
0
0
0
0
0
0
0
0
0
0
0
0
0
0
0
0
0
0
0
0
0
0
0
0
0
0
0
0
0
0
0
0
0
0
0
0
0
0
0
0
0
0
0
0
0
0
0
0
0
0
0
0
0.149906
0.149906
0.149906
0.149906
0
0
0
0
0
0
0
0
0
0
0
0
0
0
0
0
0
0
0
0
0
0
0
0
0
0
0
0
0
0
0
0
0
0
0
0
0
0
0
0
0
0
0
0
0
0
0
0
0
0
0
0
0
0
0
0
0
0
0
0
0
0
0
0
0
0
0
0
0
0
0
0
0
0
0
0
0
0
0
0
0
0
0
0
0
0
0
0
0
0
0
0
0
0
0
0
0
0
0
0
0
0
0
0
0
0
0
0
0
0
0
0
0
0
0
0
0
0
0
0
0
0
0
0
0
0
0
0
0
0
0
0
0
0
0
0
0
0
0
0
0
0
0
0
0
0
0
0
0
0
0
0
0
0
0
0
0
0
0
0
0
0
0
0
0
0
0
0
0
0
0
0
0
0
