0
0
0
0
0
0
0
0
0
0
0
0
0
0
0
0
0
0
0
0
0
0
0
0
0
0
0
0
0
0
0
0
0
0
0
0
0
0
0
0
0
0.235702
0
0
0
0
0
0
0
0
0
0
0
0
0.0883883
0.0883883
0.0883883
0.0883883
0.0883883
0.0883883
0.0883883
0.0883883
0.0883883
0
0
0
0
0
0
0
0
0
0
0
0
0
0
0
0
0
0
0
0
0
0
0
0
0
0
0
0
0
0
0
0
0
0
0
0
0
0
0
0
0
0
0
0
0
0
0
0
0
0
0
0
0
0
0
0
0
0
0
0
0
0.0883883
0
0
0
0
0
0
0.0887357
0.0887357
0.0887357
0.0887357
0
0
0
0
0
0
0
0
0
0
0
0
0.0912871
0.0912871
0.0912871
0.0912871
0
0
0
0
0
0.0898027
0.0898027
0.0898027
0
0
0
0.707107
0.0898027
1
0.0898027
0.707107
0
0.707107
0
0
0
0
0
0
0.0898027
0.0898027
0
0
0.707107
0.707107
0.707107
0.707107
0
0
0.707107
0.707107
0
0
0.707107
0
0.707107
0.707107
0
0
0.707107
0
1
0.0898027
0.0898027
0.0898027
0.0898027
0.0898027
0.0898027
0.0898027
0.57735
0
0
0.57735
0
0
0.707107
0
0
0
0
0
0
0.0909091
0.0909091
0.0909091
0.0909091
0.0909091
0.09245
0.09245
0.09245
0.09245
0.09245
0.09245
0.0909091
0
0
0.0920575
0.0920575
0.0920575
0.104828
0.104828
0.0920575
0
0
0.09245
0.09245
0.09245
0.09245
0
0
0
0
0.09245
0.102062
0
0.09245
0.288675
0.288675
0
0
0.0920575
0.0920575
0.0920575
0.0995037
0.104828
0.160128
0
0
0.0920575
0.0920575
0.0985329
0.0985329
0.0985329
0.0985329
0.0920575
0.0920575
0
0
0
0
0
0
0
0
0
0
0
0
0
0
0
0
0
0
0
0
0
0
0
0
0
0
0
0
0
0
0
0.235702
0
0
