0
0
0
0
0
0
0
0
0
0
0
0
0
0
0
0
0
0
0
0
0
0
0
0
0
0
0
0
0
0
0
0
0
0
0
0
0
0
0
0
0
0
0
0
0
0
0
0
0
0
0
0
0
0
0
0
0
0
0
0
0
0
0.57735
0
0
0
0
0
0
0.57735
0.57735
0
0.57735
0
0.57735
1
0
0
0
0
0
0
0
0
0
0
0
0
0
0
0
0
0
0
0
0
0
0
0
0
0
0
0
0
0
0
0
0
0
0
0
0
0
0
0
0
0
0
0
0
0
0
0
0
0
0
0
0
0
0
0
0
0
0
0
0
0
0
0
0
0
0
0
0
0
0
0
0
0
0
0
0
0
0
0
0
0
0
0
0
0
0
0
0
0
0
0
0
0
0
0
0
0
0
0
0
0
0
0
0
0
0
0
0
0
0
0
0
0
0
0
0
0
0
0
0
0
0
0
0
0
0
0
0
0
0
0
0
0
0
0
0
0
0
0
0
0
0
0
0
0
0
0
0
0
0
0
0
0
0
0
0
0
0
0
0
0
0
0
0
0
0
0
0
0
0
0
0
0
0
0
0
0
0
0
0
0
0
0
0
0
0
0
0
0
0
0
0
0
0
0
0
0
0
0
0
0
0
0
0
0
0
0
0
0
0
0.235702
0.235702
0
0
0
0.235702
0.235702
0.235702
0.235702
0.235702
0.235702
0.235702
0.235702
0.235702
0.235702
0.235702
0.235702
0.235702
0.235702
0
0
0
0
0
0
0
0.235702
0.235702
0.235702
0.235702
0.235702
0.235702
0.235702
0.235702
0.235702
0
0.235702
0.213201
0.213201
0
0
0
0.288675
0.288675
0.288675
0.288675
0.333333
0
0.353553
0.353553
0.353553
0.333333
0.447214
0
0.447214
0
0.5
0.57735
0.57735
0.57735
0.57735
0.57735
0.288675
0
0.288675
0.288675
0.333333
0.288675
0
0.288675
0.288675
0.333333
0.213201
0.213201
0.5
0
0.57735
0.57735
0.57735
0.57735
0.57735
0
0
0
0
0
0
0
0
0
0.57735
0
0
0
0
0
0.235702
0.235702
0.235702
0
0.235702
0.235702
0.235702
0.235702
0.235702
0.235702
0.235702
0.235702
0
0
0
0
0
0
0
0
0
0
0
0
0
0
0
0
0
0
0
0
0
0
0
0
0
0
0
0
0
0
0
0
0
0
0.267261
0
0
0.267261
0
0.267261
0
0.267261
0.267261
0.267261
0
0.267261
0
0.267261
0.267261
0.267261
0.267261
0.267261
0.267261
0.267261
0.267261
0.267261
0.267261
