0.361158
0.361158
0
0
0
0
0
0
0
0
0
0
0
0
0
0
0
0
0
0
0
0
0
0
0
0
0
0
0
0
0
0
0
0
0
0
0
0.361158
0.361158
0
0.361158
0.361158
0.361158
0.361158
0
0
0
0
0
0
0
0
0
1
1
1
1
0
1
0
1
0
1
1
1
1
0
0
1
1
1
0
1
1
1
0
0
0.866025
0
0
0.361158
0.361158
0.361158
0
0
0
0
0
0
0
0
0
0
0
0
0
0
0
0
0
0
0
0
0
0
0.361158
0.361158
0.361158
0.361158
0.361158
0.361158
0.361158
0.361158
0.361158
0.361158
0.361158
0.361158
0.361158
0.361158
0.361158
0.361158
0.361158
0.361158
0.361158
0.361158
0
0
0
0
0
0
0
0
0
0
0
0
0
0
0
0
0
0
0
0
0
0
0
0
0
0
0
0
0
0
0
0
0
0
0
0
0
0
0
0
0
0
0
0
0
0
0
0
0
0
0
0
0
0
0
0
0
0
0
0
0
0
0
0
0
0
0
0
0
0
