0.0361787
0.0361787
0.0361787
0
0.0357143
0.0357143
0.0357143
0.0357143
0
0
0
0
0
0
0
0
0
0
0
0.0372678
0.0372678
0.0372678
0.0372678
0
0
0.0372678
0
0
0
0
0
0
0
0
0
0
0
0.0357143
0.0357143
0.0357143
0
0
0
0
0
0
0
0
0
0
0
0
0
0
0
0
0
0.0447214
0.0447214
0.0447214
0
0
0
0
0
0
0
0
0
0
0.0492665
0.0492665
0.0492665
0.0629941
0.0629941
0
0
0
0
0
0
0
0
0
0
0
0
0
0
0
0
0
0
0
0
0
0
0
0.5
0.5
0.5
0
0
0
0
0
0
0
0
0
0
0
0
0
0
0
0
0
0
0
0
0
0
0
0
0
0
0
0
0.0842152
0.0842152
0.0813788
0.0813788
0.0813788
0.0813788
0.0813788
0.0813788
0
0
0
0
0
0
0
0
0
0
0
0.0854358
0
0.0854358
0
0.0887357
0
0
0
0
0
0
0
0
0
0
0
0
0
0
0
0
0
0
0.0887357
0.0887357
0.0854358
0.0854358
0.105409
0.0854358
0.0854358
0
0
0
0.0887357
0.0887357
0.0854358
0.0854358
0.0854358
0.0854358
0.0854358
0
0
0
0
0
0
0
0
0
0
0
0
0
0
0
0
0
0
0
0
0
0
0
0
0
0
0
0
0
0
0
0
0
0
0
0
0
0.707107
0.707107
0.707107
0.707107
0.707107
0.707107
0.707107
0
0
0
0
0
0
0
0
0
0
0
0
0
0
0
0
0
0
0
0
0
0
0
0
0
0
0
0
0
0
0
0
0
0
0
0
0
0
0
0
0.145479
0.145479
0.145479
0.145479
0.145479
0
0
0
0.149071
0
0.149071
0.149071
0.149071
0.169031
0
0
0
0
0
0.223607
0.223607
0.235702
0.235702
0
0
0.149487
0
0.149487
0.149487
0.25
0
0.149487
0.149487
0.149487
0.149487
0
0
0
0
0
0
0
0
0
0
0
0
0
0
0
0
0
0.353553
0.353553
0.353553
0.353553
0.353553
1
1
1
0.5
1
1
1
0.866025
1
1
0
0
0
0
0
0
0
0
0
0
0
0
0
0
0
0
0
0
0
0
0
0
0
0
0
0
0
0
0
0
0
0
0
0
0
0
0
0
0
0
0
0
0
0
0
0
0
0
0
0
0
0
0
