0
0
0
0
0
0.229416
0.229416
0.229416
0.40161
0
0
0
0
0
0
0
0
0
0
0
0
0
0
0
0
0
0.206725
0.206725
0.206725
0
0.206725
0
0.206725
0
0.206725
0.206725
0.206725
0.206725
0.206725
0.206725
0.206725
0.206725
0.206725
0.206725
0.206725
0.206725
0.206725
0.408248
0
0
0
0
0
0.430331
0
0
0
0
0
1
0
0
0
0
0
0
0
0
0
0
0
0
0
0
0
0
0
0
0
0
0
0
0
0
0
0
0
0
0
0
0
0
0
0
0
0
0
0
0
0
0
0
0
0
0
0
0
0
0
0
0
0
0
0
0
0
0
0
0
0
0
0
0
0
0
0
0
0
0
0
0
0
0
0
0
0
0
0
0
0
0
0
0
0
0
0
0
0
0
0
0
0
0
0
0
0
0
0
0
0
0
0
0
0
0
0
0
0
0
0.173553
0.173553
0.173553
0.173553
0.173553
0.173553
0.173553
0.173553
0.173553
0.173553
0.173553
0.173553
0
0
0
0
0
0
0
0
0
0
0
0
0
0
0
0
0
0
0
0
0
0
0
0
0
0
0
0
0
0
0
0
0
0
0
0
0
0
0
0
0
0
0
0
0
0
0
0
0
0
0
0
0
0
0
0
0
0
0
0
0
0
0
0
0
0
0
0
0
0
0
0
0
0
0.152145
0.152145
0.152145
0.152145
0
0.152145
0.152145
0.152145
0.152145
0.152145
0.152145
0.152145
0
0
0
0
0
0
0
0
0
0
0
0
0
0
0
0
0
0
0
0
0
0
0
0
0
0
0
0
0
0
0
0
0
0
0
0
0
0
0
0
0
0
0
0
0
0
0
0
0
0
0
0
0
0
0
0
0
0
0
0
0
0
0
0
0
0
0
0
0
0
0
0
0
0
0
0
0
0
0
0
0
0
0
0
0
0
0
0
0
0
0
0
0
0
0
0
0
0
0
0
0
0
0
0
0
0
0
0
0
0
0
0
0
0
0
0
0
0
0
0
0
0
0
0
0
0
0
0
0
0.206725
0.206725
0.206725
0.206725
0.206725
0.206725
0
0
0
0
0
0
0
0
0
0
0
0
0
0
0
0
0
0.140859
0.140859
0.140859
0.140859
0.140859
0.140859
0.140859
0.140859
0.140859
0.140859
0.140859
0.140859
0.140859
0.140859
0.140859
0.140859
0.140859
0.140859
0
0
0
0
0
0
0
0
0
0
0
0
0
0
0
0
0
0
0
0
0
0
0
0
0
0
0
0
0
0
0
0
0
0
0
0
0
0
0
0
0
0
0
0
0
0
0
0
0
0
0
0
0
0
0
0
0
0
0
0
0.150756
0.150756
0.150756
0.150756
0.150756
0
0
0
0
0
0
0
0
0
0
0
0
0
0
0
