0.493197
0.493197
0.493197
0.493197
0.493197
0.196116
0.102062
0.102062
0.102062
0.102062
0.102062
0.102062
0.102062
0.102062
0.102062
0.102062
0
0.196116
0
0.158114
0.196116
0
0.447214
0
0.447214
0
0.447214
0.447214
0
0.447214
0.447214
0
0.447214
0.447214
0.447214
0
0.0928477
0.0928477
0.507093
0
0.507093
0
0.507093
0.507093
0.129099
0.507093
0.507093
0.507093
0.507093
0.507093
0.507093
0.507093
0.507093
0.5
0.5
0.5
0.5
0.5
0.5
0
0
0.5
0.5
0.5
0.5
0.5
0.353553
0.353553
0.353553
0.5
0.5
0.5
0.5
0.5
0
0.707107
0.707107
0
0.707107
0.707107
0.707107
0.707107
0.5
0
0
0
0
0
0
0
0
0
0
0
0
0
0
0
0
0
0
0
0
0
0
0
0
0
0
0
0
0
0
0
0
0
0
0
0
0
0
0
0
0
1
1
0.507093
0.507093
0.507093
0.507093
0.53033
0.371391
0.223607
0.223607
0
0
0
0
0
0
0
0
0
0
0
0
0
0
0
0.507093
0.507093
0.507093
0.5
0.371391
0.371391
0.371391
0.371391
0.371391
0
0
0
0
0
0.507093
0
0.507093
0.507093
0.507093
0.53033
0.53033
0.456435
0.485071
0.485071
0.507093
0
0
0
0
0
0
0
0.283473
0.283473
0.707107
0.283473
0
0
0.507093
0.507093
0.223607
0.223607
0.223607
0.507093
0.507093
0.507093
0
0
0
0
0
0
0
0
0
0
0
0
0.5
0.5
0.707107
0.707107
0.707107
0.5
0.5
0
0
0
0
0
0
0
0
0
0
0
0
0
0
0
0
0
0
0
0
0
0
0
0
0
0
0
0
0
0
0
0
