0
0
0.117851
0
0
0
0
0
0
0
0
0
0
0
0
0
0
0
0
0
0
0
0
0
0
0
0
0
0
0
0
0
0
0
0
0
0
0
0
0
0
0
0
0
0
0
0
0
0
0
0
0
0
0
0
0
0
0
0
0
0
0
0
0
0
0
0
0
0
0
0
0
0
0
0
0.118678
0
0.118678
0.118678
0.118678
0.118678
0.118678
0.25
0.25
0.25
0.25
0.25
0.25
0.118678
0.120386
0.120386
0.120386
0.120386
0.120386
0.120386
0
0
0
0
0
0
0
0
0
0
0
0
0
0
0
0
0
0
0
0
0
0
0
0
0
0
0
0
0
0
0
0
0
0
0
0
0
0
0
0
0
0
0
0.118678
0.118678
0
0.118678
0.118678
0.118678
0.25
0.25
0.25
0.25
0.25
0.25
0.25
0.118678
0.120386
0.120386
0.120386
0.120386
0.120386
0.120386
0.120386
0
0
0
0
0
0
0
0
0
0
0
0
0
0
0
0
0
0
0
0
0
0
0
0
0
0
0
0
0
0
0
0
0
0
0
0
0
0.118678
0
0
0
0
0
0
0
0
0
0
0
0
0
0
0
0
0
0
0
0
0
0
0
0
0
0
0
0
0
0
0
0
0
0
0
0
0
0
0
0
0
0
0
0
0
0
0
0
0
0
0
0
0
0
0
0
0
0
0
0.0963366
0.0963366
0.213201
0.3849
0.3849
0
0.13393
0
0.13393
0
0.13393
1
0.123091
0.123091
0.123091
0.123091
1
1
1
1
1
0.123091
0.123091
0.123091
0.123091
1
1
1
0.123091
0.0929479
0.0929479
0.0929479
0.0929479
0.0929479
0.0929479
0.0929479
0.0929479
0.0929479
0.0929479
0.136083
0.136083
0.136083
0.136083
0.135769
0
0.135769
0
0
0
0.135769
0.135769
0.135769
0
0
0
0.100504
0
0
0
0
0.131306
0
0.131306
0
0.131306
0
0.131306
0.131306
0.131306
0.27735
0.426401
0
0.147442
0.147442
0.147442
0.147442
1
1
1
1
1
0.147442
0
0
0
0
0
0.121268
0.121268
0.121268
0.121268
0.235702
0.235702
0.242536
0.242536
0.377964
0.121268
0.121268
0.121268
0.121268
0.121268
0.235702
0.235702
0.242536
0.121268
0
0
0.11341
0
0
0
0.125
0
0.126745
0.126745
0
0
0
0
0
0
0
0
0
0
0
0
0
0
0
0
0
0
0
0
0
0
0
0
0
0
0
0
0
0
0
0
0
0
0
0
0
0
0
0
0
0
0
0
0
0
0
0
0
0
0
0
0
0
0
0
0
0
0
0
0
0
0
0
0
0
0
0
0
0
0
0
0
0
0
0
0
0
0
0
0
0
0
0
0
0
0
0
0
0
0
0
0
0
0
0
0
0
0
0
0
0
0
0
0
0
0
0
0
0
0
0
0
0
0
0
0
0
0
0
0
0
0
0
0
0
0
0
0
0
0
0
0
0
0
0
0
0
0
0
0
0
0
0
0
0
0
0
0
0
0
0
0
0
0
0
0
0
0
0
0
0
0
0
0
0
0
0
0
0
0
0
0
0
0
0
0
0
0
0
0
0
0
0
0
0
0
0
0
0
0
0
0
0
0
0
0
0
0
0
0
0
0
0
0
0
0
0
0
0
0
0
0
0
0
0
0
0
0
0
0
0
0
0
0
0
0
0
0
0
0
0
0
0
0
0
0
0
0
0
0
0
0
0
0
0
0
0
0
0
0
0
0
0
0
0
0
0
0
0
0
0
0
0
0
0
0
0
0
0
0
0
0
0
0
0
0
0
0
0
0
0
0
0
0
0
0
0
0
0
0
0
0
0
0
0
0
0
0
0
0
0
0
0
0
