0.129641
0.129641
0
0
0.125988
0.125988
0.125988
0.125988
0
0.125988
0.125988
0.125988
0.125988
0.125988
0.125988
0
0
0
0
0
0
0
0
0
0
0
0
0
0
0
0
0
0
0
0
0
0
0
0
0
0
0
0
0
0
0
0
0
0
0
0
0
0
0
0.129641
0.129641
0.129641
0.129641
0.129641
0
0
0.129641
0
0
0
0
0
0
0
0
0
0
0.127515
0.127515
0.127515
0.127515
0.127515
0.127515
0
0
0.131306
0
0
0
0
0
0
0
0
0
0
0
0
0
0
0
0
0
0
0
0
0
0
0
0
0
0
0
0
0
0
0
0
0
0
0
0
0
0
0
0
0
0
0
0
0
0
0
0
0
0
0
0
0
0
0
0
0
0
0
0
0
0
0
0
0
0
0
0
0
0
0
0
0
0
0
0
0
1
0.707107
0
0.707107
0.707107
0.707107
0
0
0
0
0
0
0
0.816497
1
0
0.816497
0
0.707107
0.707107
0.324443
0.5
0
0
0
0
0
0
0
0
0
0
0
0
0
0
0
0
0
0
0
0
0
0
0
0
0
0
0
0
0
0
0
0
0
0
0
0
0
0
0
0
0
0
0
0
0
0
0
0
0
0
0
0
0
0
0
0
0
0
0
0.131876
0.131876
0
0.131876
0.131876
0.131876
0
0
0.139347
0
0
0
0
0
0
0
0
0
0
0.154303
0.154303
0.154303
0.154303
0
0.154303
0
0.426401
0.154303
0
0.154303
0
0
0
0
0
0
0
0
0
0
0
0
0
0
0
