0
0
0.267261
0.267261
0.25
0.25
0.25
0.25
0
0.25
0.25
0.25
0.25
0.25
0.25
0
0
0
0
0
0
0
0
0
0
0
0
0
0
0
0
0
0
0
0
0
0
0
0
0
0
0
0
0
0
0
0
0
0
0
0
0
0
0
0.267261
0.267261
0.267261
0.267261
0.267261
0
0
0.267261
0
0
0
0
0
0
0
0
0
0
0
0
0
0
0
0
0
0
0
0
0
0
0
0
0
0
0
0
0
0
0
0
0
0
0
0
0
0
0
0
0
0
0
0
0
0
0
0
0
0
0.267261
0.25
0
0
0
0
0
0
0
0
0
0
0
0
0
0
0
0
0
0
0
0
0
0
0
0
0
0
0
0
0
0
0
0
0
0
0
0.301511
0.301511
0
0.301511
0.301511
0.301511
0
0
0
0
0
0
0
0
0.301511
0
0
0.301511
0.301511
0.301511
0
0
0
0
0
0
0.301511
0.301511
0.301511
0.301511
0.301511
0.301511
0.301511
0
0
0
0
0
0
0
0
0
0
0.301511
0.301511
0.301511
0.301511
0
0
0
0.301511
0
0
0
0
0
0
0
0
0
0
0.534522
0.534522
0.534522
0.534522
0
0
0
0
0
0
0
0
0
0
0
0
0
0
0
0
0
0
0
0
0
0.342997
0.342997
0.342997
0.342997
0.447214
0
0
0
0
0
0.426401
0.426401
0.426401
0
0
0
0
0
0
0
0
0
0
0
0
0.471405
0.426401
0.426401
0.426401
0.426401
0.426401
0.426401
0.426401
0.426401
0.426401
0.426401
0.426401
0.426401
0.426401
0.426401
0
0
0
0
0
0
0
0
0
0.447214
0.447214
0.447214
0.447214
0
0
0
0.447214
0
0
0
0
0
0
0.426401
0.426401
0.377964
0.377964
0.377964
0.377964
0.377964
0.377964
0
0
0
0
0
0
0
0
0
0
0
0
0
0
0
0
0
0
0
0
0
0
0
0
0
0
0
0
0
0
0
0
0
0
0
0
0
0
0
0
0
0
0
0
0
0
0
0
0
0
0
0
0
0
0
0
0.426401
0.534522
0
0
0
0
0
0.426401
0.426401
0.426401
0.426401
0.377964
0.377964
0.377964
0
0
0
0
0
0
0
0
0
0
0
0
0
0
0
0
0
0
0
0
0
0
0
0
0
0
0
0
0
0
0
0
0
0
0
0
0
0
0
0
0
0
0
0
0
0
0
0
0
0
0
0
0.426401
0
0
0
0
0
0
0
0
0
0
0
0.267261
0.267261
0
0.267261
0.267261
0.267261
0.282843
0.282843
0.267261
0
0
0
0
0
0
0
0
0
0
0
0
0
0
0
0
0
0
0
0
0
0
0.377964
0.377964
0.377964
0.377964
0
0.377964
0
0
0
0
0
0
0.426401
0.426401
0.426401
0
0.426401
0.426401
0
0.426401
0.426401
0
0.426401
0.426401
0
0
0
0
0
0
0
0
0
0
0
0
0
0
0
0
0
0
0
0
0
0
0
0
0
0
0
0
0.447214
0
0
0
0.426401
0.426401
0.426401
0
0
0
0
0
0
0.447214
0
0
0
0
0
0
0
0
0
0
0
0
0
0
0
0
0
0
0
0.426401
0.426401
0.426401
0.5
0
0.426401
0.426401
0.408248
0.408248
0.27735
0.27735
0.25
0.25
0.25
0.25
0.25
0.25
0.25
0.25
0
0
0
0
0
0
0
0
0
0
0.262613
0
0
0
0
0
0
0
0
0
0
0
0
0
0
0
0
0.267261
0
0
0
0
0.267261
0
0
0
0
0
0
0
0
0
0
0
0
0
0.471405
0
0.471405
0.471405
0
0
0
0
0
0
0
0.267261
0
0.267261
0
0
0
0
0
0
0
0
0.267261
0.267261
0.267261
0.267261
0.267261
0.267261
0.267261
0.267261
0.267261
0
0
0
0
0
0
0
0
0
0
0
0
0.267261
0.267261
0
0.267261
0.267261
0.267261
0.267261
0.308607
0.308607
0.308607
0.308607
0.308607
0.294884
0.294884
0.294884
0.294884
0.294884
0
0
0
0
0
0
0
0
0
0
0
0
0
0
0
0
0
0
0
0
0
0
0
0
0
0
0
0
0
0
0
0
0
0
0
0
0
0
0
0.267261
0.267261
0.267261
0.267261
0
0
0.267261
0
0.267261
0
0
0
0
0
0
0
0
0
0
0
0
0
0
0
0
0
0
0
0
0
0
0
0
0
0
0
0
0
0
0
0
0
0
0
0
0.816497
0
0.816497
1
0
0
0
0
0
0
0
0
0
0
0
1
0
1
0
1
0
1
1
1
1
1
0
1
1
1
1
1
0
1
0
0
0
1
0
0
0
0
0
0
0
0
0
0
0
0
0
0
0
0
0
0
0
0
0
0
0
0
0
0
0
0
0
0
0
0
0
0
0
0
0
0
0
0.392232
0
0
0
0
0
0
0
0
0
0
0
0
0
0
0
0
0
0
0
0
0
0
0
0
0
0
0
0
0
0
0
0
0
0
0
0
0
0
0
0
0
0
0
0
0
0
0
0
0
0
0
0
0
0
0
0
0
0
0
0
0
0
0
0
0
0
0
0
0
0
0
0
0
0
0
0
0
0
0
0
0
0
0
0
0
0
0
0
0
0
0
0
0
0
0
0
0
0
0
0
0
0
0
0
0
0
0
0
0
0
