0
0
0.816497
0.816497
0.816497
0.816497
0
0
0.816497
0.816497
0.816497
0.816497
0.816497
0.816497
0.816497
0.816497
0
0
0.816497
0
0
0
0
0
0
0
0
0
0
0
0
0
0
0
0
0
1
1
0.816497
0
0
0
0
0.41833
0.41833
0
0
0
0
0
0
0
0
0
0
0
0
0
0
0
0
0
0
0
0
0
0
0.467707
0
0.467707
0
0
0
0
0
0
0
0
0
0
0
0
0
0
0
0
0
0
0
0
0
0
0
0
0
0
0
0
0
0
0
0
0
0
0
0
0
0
0
0
0
0
0
0
0
0
0
0
0
0
0
0
0
0
0
0.381881
0.381881
0
0
0
0
0
0
0
0
0
0
0.233854
0
0.233854
0.467707
0
0
0
0
0
0
0.467707
0
0
0
0
0
0
0
0
0
0
0
0
0
0
0
0.330719
0.330719
0
0
0
0
0
0
0
0
0
0
0
0
0
0
0
0
0
0
0
0
0
0
0
0.816497
0.816497
0
0
0
0
0
0
0
0.816497
0.816497
0.816497
0.816497
0
0
0
0
0
0
0
0
0
0
0
0
0
0
0
0
0
0
0.330719
0.330719
0.330719
0
0
0
0
0
0
0
0
0.816497
0.816497
0.816497
0
0
0
0
0
0
0
0
0
0
0
0
0
0
0
0
0
0
0
0.816497
0.816497
0
0
0
0
0
0
0
0
0
0
0
0
0
0
0
0
0
0
0
0
0
0
0.816497
0
0.816497
0.816497
0.816497
0
0.816497
0
0
0
0
0
0
0
0
0
0
0
0
0
0
0
