0
0
0
0
0
0
0
0
0
0
0
0
0
0
0
0
0
0
0
0
0
0.0297702
0.0297614
0.0297614
0.0297614
0.0297614
0.0297614
0.0297614
0.0297614
0.0297614
0.0297702
0.0297702
0
0
0
0.112747
0.112747
0.0326977
0.0326977
0
0
0
0
0
0
0
0
0
0
0
0
0
0
0.125988
0.125988
0
0
0
0
0
0
0
0
0
0
0
0
0
0
0
0
0
0
0.0308264
0.0308264
0
0.0308264
0
0.0326918
0.0313574
0.0306426
0
0.0361551
0
0.0390038
0
0
0.0313522
0
0
0
0
0.038643
0
0.0300421
0.03505
0.0300421
0
0.0298098
0.0298187
0.0298187
0.0348437
0.0348437
0.0348437
0.0300376
0.0303775
0
0
0
0.0300466
0.0303869
0
0
0
0
0
0
0
0
0
0
0
0
0
0
0
0
0
0
0
0
0
0
0
0
0
0
0
0
0
0
0
0
0
0
0
0
0
0
0
0
0
0
0
0
0
0
0
0
0
0
0
0
0
0
0
0
0
0
0
0
0
0
0
0
0.235702
0.264135
0
0
0
0
0
0
0
0
0
0
0
0
0
0
0
0
0
0.037311
0.037311
0.037311
0.037311
0.037311
0.037311
0
0
0
0
0
0
0
0
0
0
0
0.0298142
0.037199
0
0.0373283
0
0
0
0.038051
0.0354441
0.0453298
0.0381524
0.0342661
0.0343334
0.0391931
0.0358211
0.0358211
0.0364179
0.0364179
0
0
0
0
0.0348932
0
0.0348932
0.0348932
0.0348932
0
0
0
0.0312551
0.0312704
0.0312653
0.033053
0.0312094
0.0378777
0.0364179
0
0
0.0352235
0.0370201
0.0364179
0
0
0
0.0329929
0
0
0
0.0331862
0
0
0
0
0
0
0
0
0.0354441
0
0
0
0
0
0
0
0
0.0331862
0
0
0
0
0
0
0
0.0364743
0.0364986
0
0.0373197
0.0373197
0
0
0
0
0
0
0
0
0.132842
0.134433
0
0.0354441
0.0354441
0
0
0.0721688
0.0721688
0
0
0
0
0
0
0
0
0
0
0
0
0
0.0300421
0
0
0.0298187
0.0298187
0
0
0.0354441
0.0354961
0
0
0
0
0
0
0
0
0
0
0
0
0
0
0
0
0
0
0
0
0
0
0
0
0
0
0
0
0
0
0
0
0
0
0
0
0
0
0
0
0
0
0
0
0
0
0
0
0
0
0
0
0
0
0
0
0
0
0
0
0
0
0
0
0
0
0
0.0298142
0.0298142
0.0298142
0.0298142
0.0298142
0.0340273
0.0340273
0.0340273
0.0340273
0
0
0
0.0373631
0.0373457
0.035983
0.035983
0.035983
0
0
0
0.0215166
0.0215166
0.0215166
0.0215166
0.0215166
0.0235811
0.0235811
0.0235811
0.0235811
0.0235811
0.0235811
0.0235811
0.0235811
0.0235811
0.0235811
0.0235811
0.0235811
0.0235811
0.0235811
0.0235811
0.0235811
0.0235811
0.0235811
0.0235811
0.0235811
0.0235811
0.0235811
0.0235811
0.0235811
0.0235811
0
0
0
0
0
0
0
0
0
0
0
0
0
0
0
0
0
0
0
0
0
0
0
0
0
0
0
0
0
0
0
0
0
0
0
0
0
0
0
0
0
0
0.0338062
0.0338062
0.0338062
0.0338062
0.0338062
0.0369695
0.0369695
0.0369695
0
0
0
0
0
0
0
0
0
0
0
0
0
0
0
0
0
0
0
0
0
0
0
0
0
0
0
0
0
0
0
0
0
0
0
0
0
0
0
0
0
0
0
0
0
0
0
0
0
0
0
0
0
0
0
0.0317447
0
0
0.0216017
0.0341063
0
0.0215649
0.0572911
0.0572911
0.0235441
0.02159
0.021746
0.0216523
0
0
0
0
0
0
0
0
0
0
0
0
0
0
0
0
0
0
0
0
0
0
0
0
0
0.0461757
0.0461757
0.0461757
0.0461757
0.0461757
0.0461757
0.050358
0.0461757
0.0215866
0.0215866
0.0215866
0.0215866
0.0215866
0.02159
0.02159
0.0216523
0.0216523
0.0216523
0
0
0
0
0
0
0
0
0
0
0
0
0
0
0
0
0
0
0
0
0
0
0
0
0
0
0
0
0
0
0
0
0
0
0
0
0
0
0
0
0
0
0
0
0
0
0
0
0
0
0
0
0
0
0
0
0
0
0
0
0
0
0
0
0
0
0
0
0
0
0
0
0
0
0
0
0
0.0215967
0.0215967
0.0216693
0.0215967
0.0217101
0.0217101
0.0217101
0.0215783
0.0215783
0.0217118
0.0215783
0.0215783
0.0215783
0.0216879
0.0217118
0.0216879
0.0216879
0.0217118
0.0216879
0.0215984
0
0.0215984
0.0215984
0.0216169
0.0216693
0.0223793
0.022305
0.022305
0.0233805
0.0231994
0
0
0
0
0.0216693
0
0
0.0216693
0.0216693
0.0216693
0.0216693
0.0216001
0.0216001
0.0216001
0.0216001
0.0216001
0.0216001
0.0216693
0.0216001
0
0
0
0
0
0
0
0
0
0
0
0
0
0
0
0
0
0
0
0
0
0
0
0
0
0
0
0
0
0
0
0
0
0
0
0
0
0
0
0
0
0
0
0
0
0
0
0
0
0
0
0
0
0
0
0
0
0
0
0
0
0
0
0
0
0
0
0
0
0
0
0
0
0
0
0
0
0
0.0216896
0.0216896
0
0
0.0216811
0.0216811
0.0216811
0.021671
0.021671
0.0216659
0.0340273
0.0340273
0
0.0336718
0.0336718
0.0217101
0.0217084
0
0
0
0
0
0
0
0
0.0217084
0.0217084
0.0217084
0.0217084
0.0217084
0.0217101
0.0217101
0
0
0
0
0
0
0
0.0217084
0.0283638
0.0217084
0
0.0217084
0.0217101
0.0217101
0.0217101
0.0217084
0.0217084
0.0228257
0.0295613
0.0358671
0.0305804
0
0
0.0217717
0
0
0
0
0
0
0.0227901
0.0259733
0.0218949
0.0218949
0.0219107
0.0218949
0.0288155
0.0288155
0.0288155
0
0
0
0
0
0
0
0
0
0
0
0
0
0
0
0
0
0
0
0
0
0
0
0
0
0
0
0
0
0
0
0
0
0
0
0
0
0
0
0
0
0
0
0
0
0
0
0
0
0
0
0
0
0
0
0
0
0
0.02723
0.0272908
0.0272908
0.0286613
0.0288355
0.0288355
0
0.0288395
0
0
0
0.031301
0.0323198
0
0.034226
0.032064
0
0
0
0
0
0
0
0
0
0
0
0
0
0
0
0
0
0
0
0
0
0
0
0
0
0
0
0
0
0
0
0
0
0
0
0
0
0
0
0
0
0
0
0
0
0
0
0
0
0
0
0
0
0
0
0
0
0
0
0
0
0
0
0
0
0
0
0
0
0
0
0
0
0
0
0
0
0
0
0
0
0
0
0
0
0
0
0
0
0.025599
0.0224582
0.0224582
0.0217101
0.0216253
0.0297526
0.0297526
0.0224582
0.0224582
0.0379686
0.0224582
0.0224582
0.0386526
0.0216744
0.0216744
0.0311337
0
0
0
0
0
0
0
0
0
0
0
0
0
0
0
0
0
0
0
0
0
0
0
0.0281013
0
0.0228675
0
0.0223421
0
0
0
0
0.0256382
0
0
0
0
0
0
0
0.0247815
0
0
0.0219159
0
0.0260437
0.0228854
0.0280093
0
0
0
0
0
0
0.0221349
0
0
0
0
0
0.0217118
0.0280717
0.0250995
0
0.0300692
0.0216388
0
0.0238796
0.0389545
0
0
0
0
0.0299074
0
0.0222186
0
0
0
0.0348437
0.0348437
0.0348437
0.0348437
0.0348437
0.0348437
0.0348437
0.0348437
0.0348437
0.0348437
0.0348437
0.0348437
0.0348437
0.0348437
0
0
0
0
0
0
0
0
0
0
0
0
0
0
0
0
0
0
0
0
0
0
0
0
0
0
0
0
0
0
0
0
0
0
0
0
0
0
0
0
0
0
0
0
0
0
0
0
0
0
0
0
0
0
0
0
0
0
0
0
0
0
0
0
0
0
0
0
0
0
0
0
0
0
0
0
0
0
0
0
0
0
0
0
0
0
0
0
0
0
0
0
0
0
0
0
0
0
0
0
0
0
0
0
0
0
0
0
0
0
0
0
0
0
0
0
0
0
0
0
0
0
0
0
0
0
0
0
0
0
0
0
0
0
0
0
0
0
0
0
0
0
0
0
0
0
0
0
0
0
0
0
0
0
0
0
0
0
0
0
0
0
0
0
0
0
0
0
0
0
0
0
0
0
0
0
0
0
0
0
0
0
0
0
0
0
0
0
0
0
0
0
0
0
0
0
0
0
0
0
0
0
0
0
0
0
0
0
0
0
0
0
0
0
0
0
0
0
0
0.0224582
0.0224582
0.0224582
0.0224582
0
0
0
0
0
0
0
0
0.0359986
0.0407119
0.0360219
0.039123
0.0361787
0.0361472
0.0361472
0
0
0
0
0
0
0
0
0
0
0
0
0
0
0
0
0
0
0
0.0215265
0
0
0
0
0
0
0
0.0237512
0.0237512
0.0237512
0
0.0538382
0.0538382
0
0
0
0
0.0542859
0.0542859
0.0542859
0
0
0
0
0.0363536
0
0
0.0237468
0
0
0
0
0
0.0224582
0.0224582
0.0224582
0.0240586
0.0224582
0.0224582
0
0.0224582
0.0224582
0.0224582
0.0224582
0.0224582
0
0
0
0
0.0362897
0.0224582
0
0.0224582
0
0
0
0.0224582
0.0224582
0
0
0
0
0
0.0224582
0.0224582
0.0224582
0.0224582
0.0224582
0.0224582
0.0215249
0.0224582
0.0361787
0
0
0
0.0224582
0.0224582
0.0224582
0.0224582
0
0
0
0
0
0
0
0
0
0
0
0
0
0
0
0.0224582
0.0224582
0
0.0224582
0.0224582
0
0.0224582
0.0224582
0.0330469
0.0802357
0.090167
0.0361866
0.03625
0
0.0224582
0.0224582
0
0
0
0.0373024
0.037337
0
0.0224582
0.0224582
0.0224582
0.0224582
0.0224582
0.0396734
0.0224582
0
0.0383671
0.0239319
0
0
0
0
0
0
0
0
0.037199
0.0381895
0
0.0224582
0
0.0224582
0
0.0346827
0.0224582
0
0
0
0
0
0
0
0
0
0
0.0362659
0.0363937
0.0677804
0.0359675
0
0.0224582
0.0359443
0.0359443
0.0359443
0.0359986
0
0
0
0
0
0
0
0
0
0
0
0
0
0
0
0
0
0
0
0
0
0
0
0
0
0
0
0
0
0
0
0
0
0
0
0
0
0
0
0
0
0
0
0
0
0
0
0
0
0
0
0
0
0
0
0
0
0
0
0
0
0
0
0
0
0
0
0
0
0
0
0
0
0
0
0
0
0
0
0
0
0
0
0
0
0
0
0
0
0
0
0
0
0
0
0
0
0
0
0
0
0
0
0
0
0.0339227
0.0224582
0
0
0
0.0224582
0.0377605
0.0224582
0.0355335
0.0224582
0
0.0224582
0.0360297
0.0360297
0.0360297
0
0.0361393
0.0224582
0
0.0224582
0
0
0
0
0
0.0339227
0.0339227
0
0.0339227
0.0339227
0.0339227
0.0339227
0.0339227
0.0339227
0.0339227
0.0339227
0
0
0
0
0.0339227
0
0.0224582
0
0
0
0.0224582
0.0224582
0.0224582
0.0224582
0.0224582
0.0224582
0.0224582
0.0224582
0.0224582
0.0224582
0.0224582
0.0224582
0.0224582
0.0224582
0.132842
0.132842
0.132842
0.132842
0.132842
0.132842
0.132842
0.132842
0.132842
0.132842
0.132842
0.0397151
0.0224582
0.0224582
0
0.0224582
0
0.136931
0
0.136931
0.136931
0
0.136931
0.0368688
0.0368688
0.0368688
0
0.034401
0
0
0
0
0
0
0
0
0
0
0
0
0
0
0.0374941
0.0405999
0.0224582
0.0364179
0.0364582
0.0364582
0
0
0
0
0
0
0.0224582
0.0224582
0.0224582
0
0.0224582
0.0224582
0.0224582
0.0224582
0.0224582
0.0224582
0.0224582
0.0224582
0.0224582
0
0.0224582
0
0.0224582
0.0224582
0.0224582
0.0224582
0.0224582
0.0224582
0
0.0224582
0.0224582
0.0224582
0.0224582
0.0224582
0.132842
0
0
0
0.0224582
0
0.0224582
0.0367359
0.0367359
0
0
0.0367359
0
0
0
0
0
0
0
0
0
0.0364905
0.0364905
0.0364905
0.0365881
0
0.0364743
0
0
0.0364743
0.0364743
0
0
0
0
0
0
0
0
0
0
0
0
0.0224582
0.136931
0.132842
0.132842
0
0.132842
0.0374503
0.0374766
0.0374766
0.0374766
0
0.0374854
0
0
0
0.0374503
0
0
0
0
0
0
0
0
0
0
0
0
0
0
0
0
0
0
0
0
0
0
0
0
0
0
0
0
0
0
0
0
0
0
0
0
0
0
0
0
0
0
0
0
0
0
0
0
0
0
0
0
0
0
0
0
0
0
0
0
0
0
0
0
0
0
0
0
0
0
0.0224582
0.0224582
0.0224582
0.0224582
0.0224582
0
0
0
0
0
0
0
0
0
0
0
0
0
0
0
0
0
0
0.0355709
0.0355709
0.0365148
0.0356009
0.0360531
0.0360531
0
0.0370201
0.133631
0
0.133631
0.037199
0
0.037199
0.0380785
0.0398515
0
0
0
0
0
0
0
0
0
0
0
0
0
0
0
0
0
0
0
0
0
0
0
0
0
0
0
0
0
0
0
0
0
0
0
0
0
0
0
0
0.0365963
0.0372937
0.0369863
0.0404446
0.0404446
0
0.0404446
0
0.0404446
0.0404446
0.0370625
0
0.0224582
0.0224582
0.0224582
0.0224582
0.0224582
0.0344214
0.0389545
0.0398515
0.0398515
0.0398515
0.0398515
0.0398515
0.0224582
0.0224582
0.0224582
0.0224582
0
0
0
0
0
0
0
0
0
0
0
0
0.0224582
0.0367939
0.0339227
0.0339227
0.0339227
0.0339227
0.0339227
0.0339227
0.0339227
0.0339227
0.0339227
0.0339227
0.0339227
0.0339227
0
0
0
0
0.0339227
0
0.0339227
0.0339227
0.0339227
0.0339227
0
0
0
0
0
0
0
0
0
0
0
0
0
0
0
0
0
0
0
0
0
0
0
0
0
0
0
0
0
0.0395182
0.0224582
0.0224582
0.0224582
0.0224582
0.0224582
0.0224582
0.0224582
0.0224582
0.0224582
0.0224582
0.0224582
0.0224582
0.0224582
0.0355559
0.0360297
0.0357143
0.0357143
0.0357219
0.0357219
0.0764719
0.0358441
0
0
0
0
0.0358441
0.0398832
0.0398832
0.0398832
0.0398832
0.0398832
0
0
0
0.0398832
0.0356462
0.0237468
0.110208
0.0364179
0.0364179
0.0372678
0.0367773
0
0
0
0
0
0
0
0.03667
0.03667
0
0.03667
0.0361079
0.0361079
0
0.036163
0
0
0
0
0
0
0
0.0237468
0
0.0237468
0.0237468
0.0237468
0
0.0237468
0.0237468
0
0
0
0
0
0
0
0
0.0372076
0.0372076
0.0372161
0.0372333
0.037996
0.037996
0
0.037996
0.037996
0.037996
0.037996
0
0
0
0
0
0
0
0
0
0
0
0
0
0
0
0
0
0.151911
0
0.261116
0.261116
0.261116
0.261116
0.261116
0.261116
0.261116
0.261116
0.261116
0.261116
0.261116
0.301511
1
0.301511
0.301511
0.301511
0.301511
0.301511
0
0
0.301511
0.261116
0.261116
0.261116
0
0.0224582
0.0224582
0
0.0237669
0.0224582
0.0224582
0.0224582
0.0224582
0.0224582
0.0224582
0.0235354
0.0235354
0
0.0224582
0.0224582
0.0666173
0.0224582
0.0368605
0.0224582
0
0.0224582
0.0224582
0.0224582
0.247436
0.247436
0
0
0
0.0224582
0.160817
0
0
0
0.0224582
0
0.0224582
0.0224582
0.0224582
0.0224582
0
0.0224582
0.0224582
0.0224582
0.0224582
0.0224582
0.0224582
0.0224582
0.0224582
0.0672673
0.0224582
0.0339227
0.0339227
0.0339227
0.0339227
0.0339227
0.0345788
0.0345788
0.0339227
0
0
0
0
0
0
0
0
0
0
0
0
0
0
0
0
0
0
0
0
0
0
0
0
0
0
0
0
0
0
0
0
0
0
0
0
0
0
0
0
0
0
0
0
0
0
0
0
0
0
0
0
0
0
0
0
0
0
0
0
0
0
0
0
0
0
0
0
0
0
0
0
0
0
0
0
0
0
0
0
0
0
0
0
0
0
0
0
0
0
0
0
0
0
0
0
0.0224582
0.0224582
0.0224582
0.0224582
0.0370965
0
0
0
0
0
0
0
0
0
0
0
0
0
0
0
0
0
0
0
0
0
0
0
0
0
0
0
0.112509
0.112509
0.112509
0
0.11547
0.11547
0.11547
0
0
0
0
0
0.0974355
0.0974355
0.0974355
0.0974355
0.0974355
0.0374591
0.0374591
0.0374591
0.0374591
0.0374591
0
0
0
0
0
0
0
0
0
0
0
0
0
0
0.0357371
0.0357371
0
0.0357523
0.0357523
0
0
0
0
0
0
0
0
0
0
0
0
0
0
0
0
0
0
0
0
0
0
0
0
0
0
0
0
0
0
0
0
0
0
0
0
0
0
0
0
0
0
0.0348367
0
0
0
0
0
0
0
0
0
0
0
0
0
0
0
0
0.123091
0.123091
0.123091
0.123091
0.123091
0.123091
0.123091
0.123091
0.123091
0.123091
0.123091
0.123091
0.123091
0
0
0
0
0
0
0
0
0
0
0
0
0
0
0
0
0
0
0
0
0
0
0
0
0
0
0
0
0
0
0
0
0
0
0
0
0
0
0
0
0
0
0
0
0
0
0
0
0
0
0
0
0.0350572
0.0350572
0.0350572
0.0350572
0.0350572
0.0350572
0.0350572
0.0350572
0.0350572
0
0
0
0.0350572
0
0
0
0
0
0
0
0
0
0
0
0
0
0
0
0
0
0
0
0
0
0
0
0
0
0
0
0
0
0
0
0
0
0
0
0
0
0
0
0
0
0
0
0
0
0
0
0
0
0
0
0
0
0
0
0.0224582
0.0224582
0.0224582
0.0224582
0.0224582
0.0224582
0.0224582
0.0398515
0.0397674
0
0
0
0.0224582
0.0360922
0
0.0339227
0.0339227
0.0371647
0.0378777
0.0378777
0.0364824
0.0364824
0.036163
0
0
0
0
0.0224582
0.0224582
0.0224582
0.0224582
0.0224582
0.0224582
0.0224582
0.0224582
0.0224582
0.0224582
0.0224582
0.0224582
0.0224582
0.0224582
0.0224582
0.0224582
0.0224582
0.0224582
0.0224582
0.0224582
0.0224582
0.0224582
0.0224582
0.0224582
0.0224582
0.0224582
0.0224582
0.0224582
0.0224582
0.0224582
0.0224582
0.0224582
0.0224582
0.0224582
0.0224582
0.0224582
0.0224582
0.0224582
0.0224582
0.0224582
0.0224582
0.0224582
0.0224582
0.0224582
0.0224582
0.0224582
0.0224582
0.0224582
0.0224582
0.0224582
0.0224582
0.0224582
0.0224582
0.0224582
0.0224582
0.0224582
0.0224582
0
0
0.0224582
0.0224582
0.0224582
0.0224582
0.0224582
0.0224582
0.0224582
0.0224582
0.0224582
0.0224582
0.0224582
0.0224582
0.0224582
0.0224582
0.0224582
0.0224582
0.0224582
0.0224582
0.0224582
0
0
0
0.0339097
0.0373631
0.0224582
0.0224582
0.0224582
0.0224582
0.0224582
0.0224582
0.0224582
0.0224582
0.0224582
0.0224582
0.0224582
0.0224582
0.0224582
0.0224582
0.0224582
0.0224582
0.0224582
0.0224582
0.0224582
0.0224582
0.0224582
0.0224582
0.0224582
0.0224582
0.0224582
0.0224582
0.0224582
0.0224582
0.0224582
0.0224582
0.0224582
0.0224582
0.0224582
0.0224582
0.0224582
0.0224582
0.0224582
0.0224582
0.0224582
0.0224582
0.0224582
0.0224582
0.0224582
0.0224582
0.0224582
0.0224582
0.0224582
0.0224582
0.0224582
0.0224582
0.0224582
0.0224582
0.0224582
0.0224582
0.0224582
0.0224582
0.0224582
0.0224582
0.0224582
0.0224582
0.0224582
0.0224582
0.0224582
0.0224582
0.0224582
0.0224582
0.0224582
0.0224582
0.0224582
0.0224582
0.0224582
0.0224582
0.0224582
0.0224582
0.0224582
0.0224582
0.0224582
0.0224582
0.0224582
0.0224582
0.0224582
0.0224582
0.0224582
0.0224582
0.0224582
0.0224582
0.0224582
0.0224582
0.0224582
0.0224582
0.0224582
0.0224582
0.0224582
0.0224582
0.0224582
0.0224582
0.0224582
0.0224582
0.0224582
0.0224582
0.0224582
0.0224582
0.0224582
0.0224582
0.0224582
0.0224582
0.0224582
0.0224582
0.0224582
0.0224582
0.0224582
0.0224582
0.0224582
0.0224582
0.0224582
0.0224582
0.0224582
0.0224582
0.0224582
0.0224582
0.0224582
0.0224582
0.0224582
0.0224582
0.0224582
0.0224582
0.0224582
0.0224582
0.0224582
0.0224582
0.0224582
0.0224582
0.0224582
0.0224582
0.0224582
0.0224582
0.0224582
0.0224582
0.0224582
0.0224582
0.0224582
0.0224582
0.0224582
0.0224582
0.0224582
0.0224582
0.0224582
0.0224582
0.0224582
0.0224582
0.0224582
0.0224582
0.0224582
0.0224582
0.0224582
0.0224582
0.0224582
0.0224582
0.0224582
0.0224582
0.0224582
0.0224582
0.0224582
0.0224582
0.0224582
0.0224582
0
0
0.0224582
0.0224582
0.0224582
0.0224582
0.0224582
0.0224582
0.0224582
0.0224582
0.0224582
0.0224582
0.0224582
0.0224582
0.0224582
0.0224582
0.0224582
0.0224582
0.0224582
0.0224582
0.0224582
0
0.0648204
0
0
0
0.0224582
0
0
0
0
0
0
0
0
0
0
0
0
0
0
0
0
0
0
0
0
0
0
0
0
0
0
0
0
0
0
0
0
0
0
0
0
0
0
0
0
0
0
0
0
0
0
0
0
0
0
0
0
0
0
0
0
0.0362103
0
0.0362103
0.0362103
0
0
0
0
0
0
0
0.0336273
0.0336273
0
0.0336273
0.0224582
0.0224582
0.0224582
0.0360844
0.0360844
0
0
0
0.0360844
0
0
0
0.0339227
0
0
0.0339227
0.0339227
0.0339227
0.0339227
0.0339227
0
0
0
0
0.0339227
0.0224582
0.0224582
0.0396734
0.0373024
0
0.0373631
0.0237289
0
0.0224582
0.0224582
0.0224582
0.0224582
0.0339097
0.0339097
0.0339097
0.0339097
0
0.0224582
0.0224582
0
0
0
0.0224582
0.0224582
0
0
0
0
0
0
0
0.0224582
0.0224582
0.0224582
0.0224582
0.0224582
0.0224582
0.0224582
0.0224582
0.0224582
0.0224582
0.0224582
0.0224582
0.0224582
0
0
0
0.0224582
0.0224582
0
0
0
0
0
0
0.066519
0.066519
0.066519
0
0
0
0
0
0
0
0
0
0.0365963
0.132842
0
0
0
0
0
0.035983
0
0
0
0.035983
0
0
0
0
0
0
0
0.035983
0
0.0381524
0
0
0
0
0.0396111
0
0.0394362
0
0
0
0
0
0
0
0
0.0360844
0.0360844
0
0.0360844
0.037311
0.037311
0
0
0
0
0
0.037311
0.0372937
0
0
0
0
0
0
0
0
0
0
0
0
0
0
0
0
0
0
0
0
0
0
0
0
0
0
0
0
0
0
0
0
0
0
0
0
0
0
0
0
0
0
0
0
0
0
0
0
0
0.0354441
0.0354441
0
0
0.0354441
0.0343604
0.0343604
0.0224582
0.0224582
0
0
0
0
0
0
0
0
0
0
0
0.0224582
0.0224582
0
0
0.0400107
0
0.0224582
0.0224582
0.0339227
0
0
0
0
0
0
0
0
0
0
0
0
0
0
0
0
0
0.0224582
0.0224582
0.0224582
0
0.03526
0
0.113715
0
0
0
0
0
0
0.0406446
0
0
0
0
0
0
0
0
0.0404888
0
0
0
0
0
0
0.0339227
0
0.0224582
0.0224582
0
0
0
0
0
0
0
0
0
0
0.0224582
0.0224582
0
0
0
0.0224582
0.0224582
0.0224582
0.0224582
0.0224582
0.0224582
0.0224582
0.0224582
0.0224582
0
0.0224582
0.0224582
0.0224582
0.0224582
0
0.0224582
0.0224582
0.0224582
0.0224582
0
0.0224582
0.0224582
0.0224582
0.0224582
0.0408589
0.0408589
0.0408589
0.0408589
0
0
0
0
0.0224582
0.0224582
0.0224582
0.0224582
0.0224582
0.0224582
0.0224582
0.0224582
0.0224582
0.0224582
0.0224582
0
0
0
0
0
0
0
0
0
0
0.0224582
0.0224582
0
0
0
0
0.0224582
0.0224582
0
0
0
0
0
0
0
0.0224582
0.0224582
0
0.0224582
0
0
0
0
0
0
0
0
0.0224582
0.0224582
0.0224582
0.0224582
0
0
0
0
0
0.0393546
0
0
0
0
0
0
0
0
0
0
0
0
0
0
0
0
0
0.0339227
0.0224582
0.0224582
0.0224582
0.0224582
0.0224582
0.0224582
0.0224582
0.0404557
0
0.0404557
0.0404557
0
0.0405331
0.0405331
0.0405331
0.0407909
0.0407909
0.0407909
0.0407909
0
0.0408135
0.0408135
0.0408135
0.0408135
0.0408135
0.0409044
0.0409044
0
0.0408135
0.0408589
0.0408135
0
0.0408135
0
0
0.0408135
0.0405554
0
0.0405554
0.0371135
0.0371135
0.0371135
0.0384805
0.0384805
0.0384805
0.0384805
0
0
0
0.0385186
0.0385186
0.0385186
0.0371476
0.0370455
0
0.0370455
0.0370455
0
0.0371135
0.0380785
0.0380785
0.0380785
0.0380785
0
0.0380785
0.0380785
0.0380785
0.0384331
0.0384331
0.0384331
0.0384331
0.0384331
0.0380785
0
0
0
0
0
0.0339227
0.0339227
0.0339227
0.0339227
0.0339227
0.0339227
0
0
0
0
0
0
0
0
0.0395182
0.0395182
0.0395182
0.0395182
0.0396111
0.0396111
0
0.0395182
0.132842
0.132842
0.0224582
0.0224582
0.0224582
0.0224582
0.0224582
0.0224582
0.0224582
0.0224582
0.0237647
0.0237647
0
0.0237647
0.0224582
0.0224582
0
0
0.0387008
0
0
0
0
0
0
0.0224582
0.0224582
0.0359986
0.0224582
0.0224582
0.0224582
0.0240262
0.0224582
0.0224582
0.0224582
0
0
0.0224582
0.0224582
0.0224582
0.0224582
0.0224582
0
0.0224582
0.0224582
0.0224582
0
0
0
0
0
0
0
0
0
0.0339227
0
0
0
0
0
0
0.0224582
0.0224582
0
0
0
0
0
0
0
0
0
0
0
0
0.0224582
0.0224582
0
0
0
0.0224582
0.0224582
0
0
0
0
0
0.0373805
0
0
0
0
0
0
0
0
0.0224582
0.0224582
0
0
0
0.0224582
0.0224582
0.0224582
0.0224582
0.0400107
0
0
0
0
0.0215249
0.123091
0
0
0
0
0
0
0
0
0
0.0224582
0.0224582
0.0224582
0.0224582
0.0224582
0.0224582
0.0224582
0.0224582
0.0224582
0.0224582
0.0224582
0.0224582
0.0352673
0.0352673
0.0352673
0.0352673
0
0
0.0224582
0.0224582
0.0224582
0.0224582
0.0352673
0.0352673
0.0352673
0
0
0
0.03526
0.03526
0.0352673
0.0352673
0
0
0
0
0.0224582
0.0224582
0
0
0
0
0
0
0
0
0
0.0224582
0.0224582
0.0224582
0.0224582
0.0224582
0.0224582
0.0224582
0.0224582
0.0224582
0.0224582
0.0224582
0.0224582
0.0224582
0
0
0
0
0.0224582
0.037054
0.0224582
0.0224582
0.0224582
0.0224582
0
0.0224582
0.0224582
0.0392434
0.0392434
0.0392434
0.0392434
0.0392434
0.0224582
0
0.0224582
0
0
0
0
0
0.0224582
0.0224582
0.0224582
0.0224582
0.0224582
0
0
0.0224582
0.0239548
0.0224582
0.0403239
0.0403239
0
0.0403348
0
0
0.0224582
0.0224582
0.0224582
0.0224582
0.0224582
0.0224582
0.0224582
0.0224582
0
0.0224582
0.0224582
0
0.0224582
0
0
0
0.0224582
0.0224582
0
0.0224582
0.0224582
0.0368022
0.0368022
0
0.0224582
0.0224582
0.0224582
0.0224582
0.0224582
0.0224582
0
0
0
0
0
0
0.0216001
0.0216001
0.0216001
0.0231994
0
0
0.0217118
0.0215783
0.0215783
0.0215783
0.0215783
0.0216523
0.021654
0.021595
0.021595
0
0.021595
0.021595
0.0340997
0.0340997
0
0.0340997
0.0340997
0.0217374
0
0
0
0
0
0
0
0
0.0317447
0.0317447
0.0317447
0
0
0
0
0
0
0
0
0
0
0
0
0
0.0217101
0
0
0
0
0
0
0
0
0
0
0
0
0
0
0
0
0
0
0
0
0
0
0
0
0
0
0
0
0
0
0
0
0
0
0
0
0
0.0216489
0.0216489
0.0216489
0.0229759
0.0217477
0.0397779
0.0397779
0.0397779
0.0397779
0
0
0
0
0
0
0
0
0
0
0
0
0
0
0
0
0
0
0
0
0
0
0
0
0
0
0
0
0
0
0
0
0
0
0
0
0
0
0
0
0
0
0
0
0
0
0
0
0
0
0
0.0296783
0.0296783
0
0
0
0
0
0
0
0
0
0
0
0
0
0
0
0
0
0
0
0
0
0
0
0
0
0
0
0
0
0
0
0
0
0
0
0
0
0
0
0
0
0
0
0
0
0
0
0
0
0
0
0
0
0
0
0
0
0
0
0
0
0
0
0
0
0
0
0
0
0
0
0
0
0
0
0
0
0
0
0
0
0
0
0
0
0
0
0
0
0
0
0
0
0
0
0
0
0
0
0
0
0
0
0
0
0
0
0
0
0
0
0
0
0
0
0
0
0
0
0
0
0
0
0
0
0
0
0
0
0
0
0
0
0
0
0
0
0
0
0
0
0.0318304
0
0
0
0
0
0
0
0
0
0
0
0
0
0
0
0
0
0
0
0
0
0
0.0216693
0.0216693
0.0216693
0
0.0216693
0
0
0
0
0
0
0
0
0
0
0
0
0
0.0215066
0.0215066
0
0
0
0
0
0
0
0
0
0
0
0
0
0
0
0
0
0
0
0
0
0
0
0
0
0
0
0
0
0
0
0
0
0
0
0
0
0
0
0
0
0
0
0
0
0
0
0
0
0
0
0
0
0
0
0
0
0
0
0
0
0
0
0
0
0
0
0
0
0
0
0
0
0
0
0
0
0
0
0
0
0
0
0
0
0
0
0
0
0
0
0
0
0
0
0
0
0
0
0
0
0
0
0
0
0
0
0
0
0
0
0
0
0
0
0
0
0
0
0
0
0
0
0
0
0
0
0
0
0
0
0
0
0
0
0
0
0
0
0
0
0
0
0
0
0
0
0
0
0
0
0
0.0215066
0
0
0.0215066
0.0215066
0.0215066
0.0215066
0.0215066
0
0
0.0215066
0.0215066
0.0305804
0.0305804
0.0305804
0.0305804
0.0305804
0.0305804
0.0305804
0.0305804
0
0.0305804
0.0305804
0
0.0305804
0.0305804
0
0.0305804
0.0298187
0.0298187
0.0298187
0.0298187
0.0298187
0.0298187
0.0298187
0.0300376
0
0.0300376
0.0300376
0.0300376
0.0300376
0
0.0298187
0.0298187
0.0298187
0.0298187
0.0298187
0.0298187
0.0298187
0
0.0298187
0.0298408
0.0298187
0.0300466
0.0300466
0
0
0
0
0
0.0300466
0.0300466
0
0
0
0
0
0
0.0341394
0
0
0
0
0
0.0341394
0
0
0.037311
0
0
0
0
0
0
0
0
0
0
0
0.037311
0.235702
0.235702
0
0
0
0
0
0.037311
0.037311
0.037311
0
0
0
0
0
0
0
0
0
0
0
0
0
0
0
0
0
0
0
0
0
0
0
0
0
0
0
0
0
0
0
0
0
0
0
0
0
0
0
0
0
0
0
0
0
0
0
0.0358211
0.0358211
0.0358211
0.0358211
0
0
0
0
0
0
0
0
0
0
0
0.0364179
0.0364179
0.0364179
0.0364179
0
0
0
0
0
0
0
0
0
0
0
0
0
0
0
0
0
0
0
0
0
0
0
0
0
0.112747
0.112747
0.112747
0.112747
0
0
0
0
0
0
0
0
0
0
0
0
0
0
0
0
0
0
0
0
0
0
0
0
0
0
0
0
0
0
0.0326977
0.0326977
0.0326977
0.0326977
0
0
0
0
0
0
0
0
0
0
0
0
0
0
0
0
0
0
0
0
0
0
0
0
0
0
0
0
0.125988
0.125988
0.125988
0.125988
0
0
0
0
0
0
0
0
0
0
0
0
0
0
0
0
0
0
0
0
0
0
0
0
0
0
0
0
0
0
0
0
0
0
0
0
0
0
0
0
0
0
0
0
0
0
0.0354441
0.0314399
0
0.0216693
0.0216693
0.0216693
0.0216693
0.0216693
0.0216693
0.0216913
0.0216913
0.0216913
0.0216913
0
0
0
0.0217391
0.0217391
0
0
0
0.0216913
0.0216913
0.0216913
0
0
0.0216913
0
0.0217118
0.0216913
0.0216913
0.0216304
0.0216304
0.0216304
0.0216304
0.0216304
0.0216304
0
0.0216304
0.0216304
0
0
0
0
0
0
0
0
0
0
0
0
0
0
0
0
0
0.0216744
0
0
0.0216321
0.0216321
0
0.0216321
0.0216321
0
0
0.0216591
0.0321025
0.0217391
0.0217391
0
0
0
0
0
0
0
0
0
0
0
0
0
0
0
0
0
0
0
0
0
0
0
0
0
0
0
0
0
0
0
0
0
0
0
0
0
0
0
0
0
0
0
0
0
0
0
0
0
0
0
0
0
0
0
0
0.0216321
0
0
0
0
0
0.0216321
0.0216321
0.0215066
0.0215066
0.0215066
0.0215066
0
0
0
0.0355784
0.0355784
0.0355784
0.0355784
0.0355784
0.0355784
0.0355784
0.0355784
0.0355784
0.0355784
0.0355784
0.0355784
0.0355784
0.0355784
0.0355784
0.0355784
0.0355784
0.0467099
0.0467099
0
0
0.0215265
0.0215265
0.0215265
0.0215265
0.0215265
0.0215265
0.0215265
0.0215265
0.0215265
0.0215265
0.0215265
0.0215265
0.0215265
0.0215265
0.0215265
0.0215265
0.0215265
0.0215265
0.0215265
0.0215265
0.0215265
0.0215265
0.0215265
0.0215265
0.0215265
0.0215265
0.0215265
0.0215265
0.0215265
0.0215265
0.0215265
0
0
0.0355784
0.0355784
0.0355784
0.0355784
0.0355784
0.0355784
0.0365963
0.0355784
0.0355784
0.0363616
0.0363616
0.0363616
0.0363616
0.0363616
0.0363616
0.0363616
0.0363616
0.0363616
0.0363616
0.0355784
0.0355784
0.0355784
0.0355784
0.0355784
0.0365963
0.0355784
0.0355784
0.0355784
0.0356537
0.0356537
0
0
0
0.0356537
0.0355784
0
0
0
0.0355784
0.0355784
0.0359056
0.0359056
0.0359056
0
0.0355784
0.0355784
0.0355784
0.0356386
0.0356386
0.0359056
0
0.0359056
0.0359056
0
0
0
0
0
0
0
0
0.0583874
0.0583874
0.0365067
0.0365067
0.109764
0.109764
0
0
0
0
0
0.0366044
0.0366044
0.0366044
0
0
0
0.0444994
0.0444994
0.0444994
0
0
0
0
0
0
0.0631614
0.0631614
0.0631614
0
0
0
0
0
0
0
0
0
0
0
0
0
0
0
0
0
0
0
0
0
0
0
0
0
0
0
0
0
0
0
0
0
0
0
0
0
0
0
0
0
0
0
0
0
0
0
0
0
0
0
0
0
0
0
0
0
0
0
0
0
0
0
0
0
0.0367773
0.0367773
0.0367773
0
0
0
0
0
0
0
0
0
0
0
0
0
0
0.0359056
0.0359056
0.0356537
0.0356537
0
0
0.0617802
0.061859
0
0
0
0.0617802
0.0688428
0.107006
0.107006
0
0
0.0355784
0.0355784
0.0358057
0.0355784
0.0355784
0.0358057
0.0358057
0
0.0358057
0
0
0
0.0358057
0.0358057
0.0367773
0.0367773
0.0367773
0.0367773
0.0368521
0.0368521
0.0368521
0.0368521
0.0375293
0.0375293
0
0.0368521
0.0368521
0
0
0
0
0
0
0.0368521
0.0368521
0.0368521
0.0373718
0.0373718
0.0374415
0.0374415
0.0374415
0
0
0
0
0
0
0
0
0
0
0
0
0
0
0
0
0
0
0.0368521
0.0375293
0.0375293
0.0375293
0.0379413
0.0379413
0.0379413
0.0379413
0.0379686
0.0368521
0.107006
0
0
0.118401
0.118401
0.118401
0
0.118401
0.118401
0.118401
0.118401
0
0.118401
0.118401
0.120972
0
0.118401
0.118401
0.118401
0.119239
0.119239
0.145865
0.119239
0
0.037311
0.037311
0.037311
0
0.0373457
0.0379686
0
0.0379869
0.0379869
0.0379869
0.0379869
0.0379869
0.0379869
0
0
0
0
0.0379869
0.0379869
0.0379869
0.0380326
0
0
0
0
0
0
0
0
0
0.0379869
0.0380235
0
0
0
0
0
0
0
0
0
0
0
0
0
0
0
0
0
0
0
0.0379686
0.0379686
0.0379686
0.0379686
0.0379869
0.0379777
0
0.037996
0.037996
0
0.037996
0.037996
0
0
0
0
0
0
0
0
0.0356386
0.0356386
0.0357447
0.0359597
0.0359597
0
0
0
0
0
0
0.0359597
0.0359597
0.0366044
0.0368521
0.0368271
0.0368271
0.0368271
0.0368271
0
0
0.0368271
0.0368271
0.0368271
0.0368271
0.0368271
0
0
0
0
0
0
0
0
0.0368271
0
0
0
0
0
0
0
0
0
0
0
0
0
0
0
0
0
0.0444994
0.0444994
0.0444994
0.0444994
0.0444994
0.047036
0.047036
0.047036
0.047036
0.047036
0.047123
0.047036
0.047036
0
0.0574485
0.0444994
0.0444994
0
0
0
0
0
0
0
0
0
0
0
0
0
0
0
0
0
0
0
0
0
0
0
0
0.0359056
0.0359056
0.0359056
0.0368188
0.0368188
0
0.0368188
0
0
0
0
0
0
0
0
0
0
0
0.0368188
0.0368188
0.136931
0
0
0
0.136931
0
0.136931
0
0
0
0
0
0
0
0.0359056
0
0
0
0
0
0
0
0
0
0
0
0
0
0
0
0
0
0
0
0
0
0
0
0
0
0
0
0
0
0
0
0
0
0
0
0
0
0
0
0.0631614
0.0631614
0
0.0631614
0.0631614
0.0631614
0.0631614
0.0631614
0
0.0631614
0.0631614
0
0
0.0643268
0.0631614
0.0631614
0
0
0
0
0
0
0
0
0
0
0
0
0
0
0
0
0
0
0
0.0363857
0.0364018
0
0
0
0
0
0
0
0.0358825
0.0358825
0.193649
0.0358825
0.0365311
0.0365311
0.0360922
0.0360922
0.0357523
0.0357523
0.0357523
0.038643
0.0396422
0.0396422
0.0396422
0.038643
0
0
0.0357523
0.0754493
0.0357523
0
0
0
0
0.0358211
0.0259821
0.0240077
0.0259821
0.0259821
0.0259821
0.0259821
0.0259821
0.0259821
0.0344214
0
0.0259821
0.0259821
0.0259821
0.0240077
0.0240077
0.0240077
0.0240077
0.0240077
0.0240077
0.0240077
0.0339227
0.0339227
0.0339227
0.0339227
0.0339227
0.0339227
0.0339227
0.0240077
0
0
0.0296652
0
0
0
0
0
0.0339162
0.0339162
0
0.0242417
0.0242417
0.0242417
0.0242417
0.0242417
0.0242417
0.0394259
0.0394259
0.0394259
0.0394259
0.0342661
0
0.0248734
0.0248734
0.025068
0.0274101
0.030429
0.0285443
0
0
0
0.0245194
0.0245194
0.0351364
0.0245219
0
0.0245219
0.0296957
0
0
0
0
0
0.0243902
0.0246582
0.0339227
0
0.0214719
0.0214719
0.0214719
0.0214719
0.0215315
0.0216574
0.0216574
0.0216574
0.0216574
0.0216574
0.0216574
0.0216574
0.0216574
0.0250759
0.0216574
0.0216574
0.0216574
0.0216574
0.0216574
0.0216574
0
0
0
0
0
0
0
0
0.0216591
0.0216591
0.0216591
0.0216591
0.0216591
0.0216591
0.0216591
0
0
0.0216591
0
0
0.0260172
0
0.0260172
0.0260172
0.0260172
0.0260172
0.0260172
0.0260172
0.0260172
0.0260172
0.0260172
0.0260172
0.0260231
0.0260231
0
0
0.0260231
0
0
0
0
0
0
0
0
0.0346064
0.0346064
0.0346064
0.0346064
0.0346064
0.0346064
0.0346064
0.0346064
0
0
0
0
0
0
0
0
0
0
0
0
0
0
0
0
0
0
0
0
0
0
0
0
0
0
0
0
0
0
0
0
0.0328443
0.0258027
0
0
0.0331801
0.0216591
0.0216591
0.0216591
0.0265591
0.0265591
0.0265653
0
0
0
0.0216591
0.0216591
0.0216896
0.0216896
0.0216591
0.0216591
0.0216625
0.0237983
0.0237983
0.0216625
0.0216744
0.0216744
0.0216744
0.0216744
0.0216625
0.0216625
0.0216625
0.0237983
0.0237983
0.0237983
0.0237983
0.0237983
0.0252404
0.0237983
0.0237983
0.0237983
0.0280717
0.0237983
0.0237983
0.0237983
0.0237983
0.0237983
0.0237983
0.0237983
0.0512092
0
0.0585206
0
0.0686803
0.0216591
0.0216591
0.0216591
0.0216591
0.0250759
0.0216591
0.0328148
0.0328148
0.0328148
0.0328148
0.034517
0.0328148
0.0216591
0.0250759
0.0216591
0.0243927
0.0216591
0.0216591
0.0216591
0.0243927
0.0243927
0.0250575
0.0246183
0.0246183
0.0246183
0.0246183
0.0246183
0.0246183
0
0
0
0
0
0
0.0258199
0
0.026389
0.0247008
0.0246983
0
0
0
0
0.0216896
0.0216896
0.0339227
0
0
0.0214735
0.0214735
0.0214735
0.0214735
0.0214735
0.0214735
0.0214917
0.0214785
0.0215265
0.0214735
0
0.0215265
0.0215265
0
0
0
0
0
0.0217391
0.0217391
0
0
0.0217374
0.0217374
0.0217374
0.0217374
0.0217374
0.0217374
0.0217374
0.0217391
0.0217374
0.0217391
0.0217391
0.0217391
0.0217391
0.0217477
0.0230103
0
0
0.0217769
0.0217769
0.0217769
0.0217769
0.0217769
0
0
0
0
0
0
0.0217391
0.0217391
0
0
0
0
0
0
0
0
0
0
0
0
0
0
0
0
0
0
0
0
0
0
0
0
0
0
0
0
0
0
0
0
0
0
0
0
0
0
0
0
0
0
0
0
0.0230266
0.0230266
0.0230266
0
0
0.0322861
0
0.0322861
0
0
0
0
0
0
0
0.0216761
0.0216761
0.0215066
0.0215066
0.0215066
0.0215066
0.0215066
0.0215066
0.0215066
0.0215066
0.0215066
0.0215066
0.0215066
0.0215066
0.0215066
0.0215066
0.0215066
0.0215066
0.0215066
0.0215066
0.0215066
0.0215066
0.0215066
0.0215066
0.0215066
0.0215066
0.0215066
0
0
0
0.0215066
0.0215066
0.0215066
0.0215066
0.0215066
0.0215066
0.0215066
0.0215066
0.0215066
0.0215315
0.0215315
0.0215315
0.0215349
0.0215349
0.0215315
0.0215315
0.0215349
0.0217016
0
0
0
0.0215315
0.0236845
0
0
0
0
0.0215315
0
0.0215315
0
0.0215315
0.0215315
0.0215315
0.0215315
0.0215315
0.0315859
0.0215315
0.0215315
0
0
0.0231002
0.0231002
0.0231043
0.0231043
0.0231002
0.0231002
0
0
0.0230388
0.0230388
0.0230388
0.0230388
0.0230388
0.0230388
0
0
0
0
0
0.0230571
0.0230388
0.0230388
0.0230388
0.0230388
0.0230388
0
0
0.0230388
0.0230388
0.0230388
0.0230899
0.0230899
0.0230388
0.0230388
0
0.0230388
0
0.0230388
0
0.0230388
0.0230388
0
0.0230388
0.0230388
0
0
0
0.0230388
0.0230388
0.0230388
0.0230388
0.0230388
0.0230388
0.0230388
0.0230388
0.0230388
0.0230388
0.0230388
0.0230388
0.0230899
0.0230899
0.0230899
0
0.0230899
0.0230388
0.0230388
0.0230388
0.0230388
0
0.0230388
0.0230388
0
0
0
0
0
0
0
0
0
0
0
0
0
0
0
0
0
0
0
0
0
0
0
0
0
0
0
0
0
0
0
0
0
0
0
0
0
0
0
0
0
0
0
0
0
0
0
0
0
0
0
0
0
0
0
0
0
0
0
0
0
0
0
0
0
0
0
0
0
0
0
0
0
0
0
0
0
0
0
0
0
0
0
0
0
0
0
0
0
0
0
0
0
0
0
0
0
0
0
0
0
0
0
0
0
0
0
0
0
0
0
0
0
0
0
0
0
0
0
0
0
0
0
0
0
0
0
0
0
0
0
0
0
0
0
0
0
0
0
0
0
0
0
0
0
0
0
0
0
0
0
0
0
0
0.0225151
0.0231579
0
0
0
0
0
0
0
0
0
0.0240818
0
0
0
0
0
0
0
0
0
0
0
0
0
0
0
0
0
0
0.0217477
0.0217477
0
0
0
0
0
0
0
0
0
0
0
0
0
0
0
0
0
0
0
0
0
0
0
0
0
0
0
0
0
0
0
0
0
0
0
0
0
0
0.0224601
0.0224601
0.0224601
0
0
0
0
0
0
0
0
0
0
0
0
0
0
0
0
0
0
0
0
0
0
0
0
0
0
0
0
0
0
0
0
0.0339097
0.0339097
0.0339097
0
0
0
0
0
0
0
0
0
0
0
0
0
0
0
0
0
0
0
0
0
0
0
0
0
0
0
0
0
0
0
0
0
0
0
0
0
0
0
0
0
0
0
0
0
0
0
0
0
0
0
0
0
0
0
0
0
0
0
0
0
0
0
0
0
0
0
0
0
0
0
0
0
0
0
0
0
0
0
0
0
0
0
0
0
0
0
0
0
0
0
0
0
0
0
0
0
0
0
0
0
0
0
0
0
0
0
0
0
0
0
0
0
0
0
0
0
0
0
0
0
0
0
0
0
0
0
0
0
0
0
0
0
0
0
0
0
0
0
0
0
0
0
0
0
0
0
0
0
0
0
0
0
0
0
0
0
0.0216913
0
0
0
0
0
0
0
0
0
0
0
0
0
0
0
0
0
0
0
0
0
0
0
0
0
0
0
0
0
0
0
0
0
0
0
0
0
0
0
0
0
0
0
0
0
0.0217118
0.0217118
0.0217118
0
0
0
0
0
0
0
0.0215066
0.0215066
0
0
0
0
0
0
0.0216744
0.0216744
0.0216744
0.0216659
0
0
0
0
0.0216913
0.0216913
0.0216913
0
0
0.0230961
0.0230961
0
0
0
0.0216913
0.0216913
0
0.0215282
0.044051
0.044051
0.044051
0.044051
0
0.044051
0.0452833
0
0.0452833
0.044051
0
0
0
0
0
0
0
0.0218896
0
0.0216845
0
0
0
0
0
0
0
0
0
0
0
0
0
0
0
0
0
0
0
0
0
0
0
0
0
0
0
0
0
0
0
0
0
0.0358979
0
0
0
0
0
0
0
0
0
0
0
0
0
0
0
0
0
0
0
0
0
0
0
0
0
0
0
0
0
0
0
0
0
0
0
0
0
0
0
0
0
0
0
0
0
0
0
0
0
0
0
0
0
0
0
0
0
0
0
0
0
0
0
0
0
0
0
0
0
0
0
0
0
0
0
0
0
0
0
0
0
0
0
0
0
0
0
0
0
0
0
0
0
0
0
0
0
0
0
0
0
0
0
0
0
0
0
0
0
0
0
0
0
0
0
0
0
0.0230123
0.0230123
0.0230123
0.0230123
0.0230123
0.0230123
0.0230123
0
0
0
0
0
0
0
0
0.0230306
0.0230306
0
0
0.0230266
0.0230266
0.0230266
0
0
0
0
0
0
0
0
0
0
0
0
0
0
0
0
0
0
0
0
0
0
0
0
0
0
0
0
0
0
0
0
0
0
0
0
0
0
0
0
0
0
0.0230245
0
0
0
0
0
0
0
0
0
0
0
0
0
0
0
0
0
0
0
0
0
0
0
0
0
0
0
0
0
0
0
0
0
0
0
0
0.0407119
0.0407119
0.0407119
0.0407119
0.0407119
0.0407119
0.0407119
0.0407119
0.0407119
0.0407119
0.0472104
0.0472104
0
0
0
0.0472104
0
0.041019
0
0
0
0
0
0.0452988
0
0
0
0.0440225
0
0
0
0
0
0
0
0
0
0
0
0
0
0
0
0
0
0
0
0
0
0
0
0
0
0.0317287
0.0317287
0.0317287
0.0317287
0.0317287
0.0317287
0
0
0
0
0.0321246
0.0321246
0
0
0
0
0
0
0
0.0321246
0.0295527
0.0295527
0.0295527
0.0295527
0.0295527
0
0
0
0
0
0.0300421
0.0300421
0.0300421
0.0300421
0.0300421
0.0300421
0
0
0
0
0
0
0
0
0
0
0.0298541
0.0296521
0.0300421
0
0
0.0329213
0.0329213
0.0296521
0.0296521
0.0296521
0.0296521
0.0296521
0
0
0
0
0
0
0
0
0
0
0
0
0
0
0
0
0
0
0.0296521
0
0
0
0
0
0
0
0
0
0.0303822
0.0303822
0.0303822
0.0303822
0.0307826
0
0.030895
0.0303822
0
0
0.0323198
0
0.0323198
0.0323198
0.0323198
0.0323198
0.0323198
0.0317287
0
0.0317287
0.0317287
0.0317287
0.0317287
0.0317287
0
0
0
0
0
0
0
0
0
0
0
0
0
0
0
0
0
0
0
0
0
0
0
0
0
0
0
0
0
0
0
0
0
0
0.0295527
0.0295527
0
0.0317287
0.0295441
0.0295441
0.0317287
0.0317287
0.0317287
0
0
0.0300331
0.0300331
0
0.0300331
0
0
0
0
0
0
0
0
0
0
0
0
0
0
0
0
0
0
0
0
0
0
0
0
0
0
0
0
0
0
0
0
0.0215282
0.0215282
0.0215282
0.0215282
0.0215282
0.0215282
0.0215282
0.0215282
0.0215282
0.0215282
0.0215282
0.0215282
0.0215282
0.0215282
0.0215282
0.0215282
0.0215282
0.0215282
0.0215282
0.0215282
0.0215282
0.0215282
0.0215282
0.0215282
0.0215282
0.0215282
0.0215282
0.0215282
0.0215282
0.0215282
0.0215282
0.0215282
0.0215282
0.0215282
0.0215282
0.0215282
0.0215282
0.0215282
0.0215282
0.0215282
0.0215282
0.0215282
0.0215282
0.0215282
0.0215282
0.0215282
0.0215282
0.0215282
0.0215282
0.0215282
0.0215282
0.0215282
0.0215282
0.0215282
0.0215282
0.0215282
0.0215282
0.0215282
0.0215282
0.0215282
0.0215282
0.0215282
0.0215282
0.0215282
0.0215282
0.0215282
0.0215282
0.0215282
0.0215282
0.0215282
0.0215282
0.0215282
0.0215282
0.0215282
0.0215282
0.0215282
0.0215282
0.0215282
0.0215282
0.0215282
0.0215282
0.0215282
0.0215282
0.0215282
0.0215282
0.0215282
0.0215282
0.0215282
0.0215282
0.0215282
0.0215282
0.0215282
0.0215282
0.0215282
0.0215282
0.0215282
0.0215282
0.0215282
0.0215282
0.0215282
0.0215282
0.0215282
0.0215282
0.0215282
0.0215282
0.0215282
0.0215282
0.0215282
0.0215282
0.0215282
0.0215282
0.0215282
0.0215282
0.0215282
0.0215282
0.0215282
0.0215282
0.0215282
0.0215282
0.0215282
0.0215282
0.0215282
0.0215282
0.0215282
0.0215282
0.0215282
0.0215282
0.0215282
0.0215282
0.0215282
0.0215282
0.0215282
0.0215282
0.0215282
0.0215282
0.0215282
0.0215282
0.0215282
0.0215282
0.0215282
0.0215282
0.0215282
0.0215282
0.0215282
0.0215282
0
0
0
0
0
0
0
0
0
0
0
0
0
0
0
0
0
0
0
0
0
0
0
0
0
0
0
0
0
0
0
0
0
0
0
0
0
0
0
0
0
0
0
0
0
0
0
0
0
0
0
0
0
0
0
0
0
0
0
0
0
0
0
0
0
0
0
0
0
0
0
0
0
0
0
0
0
0
0
0
0
0
0
0
0
0
0.0215315
0
0.0215799
0.0215799
0.0215315
0
0
0
0
0.0215766
0.0215766
0
0
0
0
0
0
0
0
0
0
0
0
0
0
0
0
0
0
0
0
0
0
0
0
0
0
0
0
0
0
0
0
0
0
0
0
0
0
0
0
0
0
0
0
0
0
0
0
0
0
0
0
0
0
0
0
0
0
0
0
0
0
0
0
0
0
0
0
0.0215349
0
0
0
0
0
0
0
0
0
0
0
0.0229617
0.0229617
0.0216744
0
0
0
0
0
0
0
0
0
0
0
0
0
0
0
0
0
0
0
0
0
0
0
0
0.0229195
0.0229195
0.0229195
0.0215315
0
0
0
0
0
0
0
0
0
0
0
0
0
0
0
0
0
0
0
0
0
0
0
0
0
0
0
0
0
0
0
0
0
0
0
0
0
0
0
0
0
0
0
0
0
0
0
0
0
0
0
0
0
0
0
0
0
0
0
0
0
0
0
0
0
0
0
0
0
0
0
0
0
0
0
0
0
0
0
0
0
0
0
0
0
0
0
0
0
0
0
0
0
0
0
0
0
0
0
0
0
0
0
0
0
0
0
0
0
0
0
0
0
0
0
0
0
0
0
0
0
0
0
0
0
0
0
0
0
0
0
0
0
0
0
0
0
0
0
0
0
0
0
0
0
0
0
0
0
0
0
0
0
0
0
0
0
0
0
0
0
0
0
0
0
0
0
0
0
0
0
0
0
0
0
0
0
0
0
0
0
0
0
0
0
0
0
0
0
0
0
0
0
0
0
0
0
0
0
0
0
0
0
0
0
0
0
0
0
0
0
0
0
0
0
0
0
0
0
0
0
0
0
0
0
0
0
0
0.0215282
0.0215282
0.0215282
0
0
0.0215265
0.0215265
0.0215265
0.0215265
0
0
0.0215282
0.0215282
0.0215282
0.0215282
0.0215282
0
0.0215265
0.0215265
0.0215265
0.0215265
0.0215265
0
0
0
0
0
0
0
0
0
0
0
0
0
0
0
0
0
0
0
0
0
0
0
0
0
0
0
0
0
0
0
0
0
0
0
0
0
0
0
0
0
0
0
0
0
0
0
0
0
0
0
0
0
0
0
0
0
0.021595
0.021595
0.021595
0.021595
0.021595
0.021595
0.021595
0.021595
0.021595
0.021595
0
0
0
0
0
0
0
0
0
0
0
0
0
0
0
0
0
0
0
0
0
0
0
0
0
0
0
0
0
0
0
0
0
0
0.0371818
0.0372333
0
0
0
0
0
0
0
0
0
0
0
0
0
0
0
0
0
0
0
0
0
0
0
0
0
0
0
0
0
0
0
0
0
0
0
0
0
0
0
0
0
0
0
0
0
0
0
0
0
0
0
0
0
0
0
0
0
0
0
0
0
0
0
0
0
0
0
0
0
0
0
0
0
0
0
0
0
0
0
0
0
0
0
0
0
0
0
0
0
0
0
0
0
0
0
0
0
0
0
0
0
0
0
0
0
0
0
0
0
0
0
0
0
0
0
0
0
0
0
0
0
0
0
0
0
0
0
0
0
0
0
0
0
0
0
0
0
0
0
0
0
0
0
0
0
0
0
0
0
0
0
0
0
0
0
0
0
0
0
0
0
0
0
0
0
0
0
0
0
0
0
0
0
0
0
0
0
0
0
0
0
0
0
0
0
0
0
0
0
0
0
0
0
0
0
0
0
0
0
0
0
0
0
0
0
0
0
0
0
0
0
0
0
0
0
0
0
0
0
0
0
0
0
0
0
0
0
0
0
0
0
0
0
0
0
0
0
0
0
0
0
0
0
0
0
0
0
0
0
0
0
0
0
0
0
0
0
0
0
0
0
0
0
0
0
0
0
0
0
0
0
0
0
0
0
0
0
0
0
0
0
0
0
0
0
0
0
0
0
0
0
0
0
0
0
0
0
0
0
0
0
0
0
0
0
0
0
0
0
0
0
0
0
0
0
0
0
0
0
0
0
0
0
0
0
0
0
0
0
0
0
0
0
0
0
0.0243156
0
0
0
0
0
0
0
0
0
0
0
0
0
0
0
0
0
0
0
0
0
0
0
0
0
0.023987
0
0.023987
0
0
0
0
0
0
0
0
0
0
0
0
0
0
0
0
0
0
0
0.0237401
0.0235289
0.0235289
0.0235289
0.0248836
0.0265124
0
0
0
0
0
0
0
0
0
0
0
0
0
0
0
0
0
0
0
0
0
0
0
0
0
0
0
0
0
0
0
0
0
0
0
0
0
0
0
0
0
0
0
0
0
0
0
0
0
0
0
0
0
0.0257998
0.0282166
0.0237624
0
0
0
0
0
0
0
0
0
0
0
0
0
0
0
0
0
0
0
0
0
0
0.0240447
0.0721062
0.0240563
0.0986928
0.0986928
0
0.10224
0.102418
0
0
0
0
0
0
0
0
0
0
0
0.10224
0
0
0
0
0
0
0
0
0
0
0
0
0
0
0
0
0
0
0
0
0
0
0
0
0
0
0
0
0
0
0
0
0
0
0
0
0
0
0
0
0
0
0
0
0
0
0
0
0
0
0
0
0
0
0
0
0
0
0
0
0
0
0
0
0
0
0
0
0
0
0
0
0
0
0
0
0
0
0
0
0
0
0
0
0
0
0
0
0
0
0
0
0
0
0
0
0
0
0
0
0
0
0
0
0
0
0
0
0
0
0
0
0
0
0
0
0
0
0
0
0
0
0
0
0
0
0
0
0
0
0
0
0
0
0
0
0
0
0
0
0
0
0
0
0
0
0
0
0
0
0
0
0
0
0
0
0
0
0
0
0
0
0
0
0
0
0
0
0
0
0
0
0
0
0
0
0
0
0
0
0
0
0
0
0
0
0
0
0
0
0
0
0
0
0
0
0
0
0
0
0
0
0
0.0237983
0.0237983
0.0237983
0.028142
0.028142
0.0313112
0
0
0.0237983
0.0337869
0.0337869
0.0337869
0.0337869
0.0337869
0
0
0
0
0
0.0216591
0.0225208
0.0216591
0
0
0
0
0
0
0
0
0
0
0
0
0
0
0
0
0
0
0
0
0
0
0
0
0
0
0
0
0
0
0
0
0
0
0
0
0
0
0
0.0243204
0.0243204
0.0243252
0.0243252
0
0.0243951
0
0.0243951
0.0348578
0.0243975
0
0.0243975
0.0277421
0.0250182
0.0282166
0.0292353
0
0.028626
0.0336336
0.0336336
0.0336336
0.0357447
0.0349571
0.0538382
0.0354589
0.036523
0
0
0
0
0
0
0
0
0
0
0
0.0343604
0
0.0350356
0
0.0351003
0.0372161
0.0357523
0.0336718
0.0349499
0.034293
0.0986928
0.0986928
0.102778
0.102778
0.103142
0
0.034293
0
0
0
0
0
0
0
0
0
0
0
0
0
0
0
0
0
0
0
0
0
0
0
0
0
0
0
0
0
0
0
0
0
0
0
0
0
0
0
0
0
0.0215066
0.0215066
0.0215066
0.0215066
0.0215066
0
0
0
0
0
0
0
0
0
0
0
0
0
0
0
0
0
0
0
0
0
0
0
0
0
0
0
0
0
0
0
0
0
0
0
0
0
0
0
0
0
0
0
0
0
0
0
0
0
0
0
0
0
0
0
0
0
0
0
0
0
0
0
0
0
0
0
0
0
0
0
0
0
0
0
0
0
0
0
0
0
0
0
0
0
0
0
0
0
0
0
0
0
0
0
0
0
0
0
0
0
0
0
0
0
0
0
0
0
0
0
0
0
0
0
0
0
0
0
0
0
0
0
0
0
0
0
0
0
0
0
0
0
0
0
0
0
0
0
0
0
0
0
0
0
0
0
0
0
0
0
0
0
0
0
0
0
0
0
0
0
0
0
0
0
0
0
0
0
0
0
0
0
0
0
0
0
0
0
0
0
0
0
0
0
0
0
0
0
0
0
0
0
0
0
0
0
0
0
0
0
0
0
0
0
0
0
0
0
0
0
0
0
0
0
0
0
0
0
0
0
0
0
0
0
0
0
0
0
0
0
0
0
0
0
0
0
0
0
0
0
0
0
0
0
0
0
0
0
0
0
0
0
0
0
0
0
0
0
0
0
0
0
0
0
0
0
0
0
0
0
0
0
0
0
0
0
0
0
0
0
0
0
0
0
0
0
0
0
0
0
0
0
0
0
0
0
0
0
0
0
0
0
0
0
0
0
0
0
0
0
0
0
0
0
0
0
0
0
0
0
0
0
0
0
0
0
0
0
0
0
0
0
0
0
0
0
0
0
0
0
0
0
0
0
0
0
0
0
0
0
0
0
0
0
0
0
0
0
0
0
0
0
0
0
0
0
0
0
0
0
0
0
0
0
0
0
0
0
0
0
0
0
0
0
0
0
0
0
0
0
0
0
0
0
0
0
0
0
0
0
0
0
0
0
0
0
0
0
0
0
0
0
0
0
0
0
0
0
0
0
0
0
0
0
0
0
0
0
0
0
0
0
0
0
0
0
0
0
0
0
0
0
0
0
0
0
0
0
0
0
0
0
0
0
0
0
0
0
0
0.0338255
0.0338255
0
0
0
0
0
0
0
0
0
0
0
0
0
0
0
0
0
0
0
0
0
0
0
0
0
0
0
0
0
0
0
0
0
0
0
0
0
0
0
0
0
0
0
0
0
0
0
0
0
0
0
0.0238479
0.0238546
0
0
0
0
0
0
0
0
0
0
0
0
0
0
0
0
0
0
0
0
0
0
0
0
0
0
0.0215265
0
0
0
0
0
0
0
0
0
0
0
0
0
0
0
0
0
0
0
0
0.0328857
0.0328857
0.0317287
0.0317287
0.0317287
0.0317287
0.0322805
0.0328857
0
0.0322805
0.0322805
0.0322805
0
0
0
0
0
0
0
0
0
0
0
0
0
0.0215265
0
0
0
0
0
0
0
0
0
0
0
0
0
0
0
0
0
0
0
0
0
0
0
0
0
0
0
0
0
0
0
0
0
0
0
0
0
0
0.0216913
0
0
0.0215116
0
0.0215116
0.0215116
0.0215116
0.0215116
0
0
0
0
0
0
0
0
0
0
0
0
0
0
0
0
0
0
0
0
0
0
0
0
0
0
0
0
0
0
0
0
0
0
0
0
0
0
0
0
0
0
0
0
0
0
0
0
0
0
0
0
0
0
0
0
0
0
0
0
0
0
0
0
0.0215265
0.0215265
0.0215265
0.0215265
0.0215265
0.0215265
0.0215265
0.0215265
0.0215265
0.0215265
0.0215265
0.0215265
0.0215265
0
0
0
0
0
0
0
0
0
0
0
0
0
0
0
0
0
0
0
0
0
0
0
0
0
0
0
0
0
0
0
0
0
0
0
0
0
0
0
0
0
0
0
0
0
0
0
0
0
0
0
0
0
0
0
0
0
0
0
0
0
0
0
0
0
0
0
0.0215282
0.0215282
0.0215282
0.0215282
0.0215282
0.0215282
0.0215282
0.0215282
0.0215282
0.0215282
0.0215282
0.0215315
0.0215315
0
0.0215315
0.0215315
0.0215282
0.0215282
0.0215282
0.0215282
0.0215282
0.0215282
0.0215315
0.0215315
0.0215282
0.0407682
0.0407682
0.0407682
0
0
0
0.0408589
0.0418854
0
0
0
0
0
0
0
0
0
0
0.0215315
0.0215699
0.0236096
0.0304714
0
0.0304714
0.0311387
0
0
0
0
0
0
0
0
0.0215282
0.0215282
0.0215615
0.0315807
0.0315807
0.0296521
0.0296521
0.0296521
0.0296521
0.0296521
0.0296521
0
0
0
0
0
0
0.0300421
0.0296521
0
0
0.0317287
0.0317287
0.0320147
0.0320147
0.0320147
0.0300421
0.0300421
0.0300421
0.0300421
0.0300421
0.0321523
0.0300421
0
0
0
0
0.0305614
0
0
0
0
0
0
0
0
0
0
0
0
0
0
0
0
0
0
0
0
0
0
0
0
0
0
0
0
0
0
0
0
0
0
0
0
0
0
0
0
0
0
0.0214884
0.0214884
0.0214884
0.0214884
0.0214884
0.0214884
0.0214884
0.0214884
0.0214884
0
0
0
0
0
0
0
0
0
0
0
0
0
0
0
0
0
0
0
0
0
0
0
0
0
0
0
0
0
0
0
0
0
0
0
0
0
0
0
0
0
0
0
0
0
0
0
0
0
0
0
0
0
0
0
0
0
0
0
0
0
0
0
0
0
0
0
0
0
0
0
0
0
0
0
0
0
0
0
0
0
0
0
0
0
0
0
0
0
0
0
0
0
0
0
0
0
0
0
0
0.033742
0
0
0
0
0
0
0
0
0
0
0
0
0
0
0
0
0
0
0
0
0
0
0
0
0
0
0
0.0214884
0.0214884
0.0214884
0
0
0
0
0
0
0
0
0
0
0
0
0
0
0
0
0
0
0
0
0
0
0
0
0
0
0
0
0.0339292
0.0339292
0
0.0359597
0
0
0
0
0
0
0
0
0
0
0
0
0
0
0
0
0
0
0
0
0
0
0
0
0
0
0
0
0
0
0
0
0
0
0
0.0215265
0
0
0
0
0
0.021654
0.021654
0.021654
0.021654
0
0
0
0
0.0215199
0.0215199
0
0
0
0
0
0
0
0
0
0
0
0
0
0
0
0
0
0
0
0
0
0
0
0
0
0
0
0
0
0
0
0
0
0
0
0
0
0
0
0
0
0
0
0
0
0
0
0
0
0
0
0
0
0
0
0
0
0
0
0
0
0
0
0
0
0
0
0
0
0
0
0
0
0
0
0
0
0
0
0
0
0
0
0
0
0
0
0
0
0
0
0
0
0
0
0.0215265
0.0215265
0.0215265
0.0215265
0.0215265
0.0215265
0.0215265
0.0215265
0.0215265
0
0
0
0
0
0
0
0
0
0
0
0
0
0
0
0
0
0
0
0
0
0
0
0
0
0
0
0
0
0
0
0
0
0
0
0
0
0
0
0
0
0
0
0
0
0
0
0
0
0
0
0
0
0
0
0
0
0
0
0
0
0
0
0
0
0.0215349
0.0215349
0.0215349
0.0215349
0.0215349
0.0215349
0.0215349
0
0
0
0
0
0
0
0
0
0
0
0
0
0
0
0
0
0
0
0
0
0
0
0
0
0
0
0
0.0215349
0.0215349
0.0215349
0.0215349
0.0215349
0.0215349
0
0
0
0
0
0
0
0
0.0215349
0.0215349
0.0215349
0
0
0
0
0
0
0
0
0
0
0
0
0
0
0
0
0
0
0
0
0
0
0
0
0
0
0
0
0
0
0
0
0
0
0
0
0
0
0
0
0
0
0
0
0
0
0
0
0
0
0
0
0
0
0
0
0
0
0
0
0
0
0
0
0
0
0
0
0
0
0
0
0
0
0
0
0
0
0.0317287
0.0317287
0.0317287
0.0317287
0.0317287
0.0317287
0
0
0
0
0
0
0
0
0
0
0
0
0.0215249
0
0
0
0
0
0
0
0
0
0
0
0
0
0
0
0
0
0.0215265
0.0215265
0.0215265
0.0215265
0.0215265
0
0
0
0
0
0
0
0
0
0
0
0
0
0
0
0
0
0
0
0
0
0
0
0
0
0
0
0
0
0
0
0
0
0
0
0
0
0
0
0
0
0
0
0
0
0
0
0
0
0
0
0
0
0
0
0
0
0
0
0
0
0
0
0
0
0
0
0
0
0
0
0
0
0
0
0
0
0
0
0
0
0
0
0
0
0
0
0
0
0
0
0
0
0
0
0
0
0
0
0
0
0
0
0
0
0
0
0
0
0
0
0
0
0
0
0
0
0
0
0
0
0
0
0
0
0
0
0
0
0
0
0
0
0
0
0
0
0
0
0
0
0
0
0
0
0
0
0
0
0
0
0
0
0
0
0
0
0
0
0
0
0
0
0
0
0
0
0.033742
0.033742
0.033742
0.033742
0.033742
0.033742
0.033742
0
0
0
0
0
0
0
0
0
0
0
0
0
0
0
0
0
0
0
0
0
0
0
0
0
0
0
0
0
0
0
0
0
0
0
0
0
0
0
0
0
0
0
0
0
0
0
0
0
0
0
0
0
0
0
0
0
0
0
0
0
0
0
0
0
0
0
0
0
0
0
0
0
0
0
0
0
0
0
0
0
0
0
0
0
0
0
0
0
0
0
0
0
0
0
0
0
0
0
0
0.0317287
0.0317287
0.0317287
0.0317287
0.0317287
0.0317287
0.0317287
0.0317287
0.0317287
0.0317287
0.0317287
0.0317287
0.0317287
0.0317287
0.0317287
0.0317287
0.0317287
0.0317287
0.0317287
0.0317287
0
0
0
0
0
0
0.0317287
0.0317287
0
0.0317287
0.0317287
0.0317287
0.0317287
0.0317287
0.0317287
0.0317287
0.0317287
0
0.0317287
0.0317287
0.0317287
0.0317287
0.0317287
0.0317287
0.0317287
0.0317287
0.0317287
0.0331194
0.0331315
0.0331315
0.0358594
0
0
0.0317287
0.0317287
0
0
0
0
0.0331315
0.0320092
0
0
0
0.031734
0.0317287
0
0
0
0
0
0
0
0
0
0
0
0
0
0
0.0317287
0.0317287
0.0331315
0.0331315
0.033053
0.033053
0
0
0
0
0
0
0
0
0
0
0.0595491
0.0595491
0
0
0
0.0373197
0.0373197
0
0
0
0
0
0
0
0
0
0
0
0
0
0
0
0
0
0
0
0
0
0
0
0
0
0
0
0
0
0
0
0
0
0
0
0
0
0
0
0
0
0
0
0
0
0
0
0
0
0
0
0
0
0
0
0
0
0
0
0
0
0
0.0317287
0.0317287
0
0.0317287
0.0317287
0.0366782
0.0317287
0.031734
0.0331679
0.0317287
0.0317447
0
0.0317714
0
0.0317287
0.0331315
0.0331315
0.0331315
0.0331315
0.0331315
0.033053
0.033053
0.033053
0
0
0
0
0
0
0
0
0
0
0
0
0
0
0
0
0
0
0
0
0
0
0
0
0
0
0
0
0
0
0
0
0
0
0
0
0
0
0
0
0
0
0
0
0
0
0
0
0
0
0.0595491
0.0595491
0.059797
0.059797
0.0598327
0
0
0
0
0
0
0.0595491
0.0610847
0.0595491
0.0596196
0
0.0595491
0.0373197
0.0373197
0.0373197
0.031766
0
0.0316122
0.0316122
0.031734
0.0316386
0
0
0
0
0
0
0
0
0
0
0
0
0
0
0
0
0
0
0
0
0
0
0
0
0
0
0.0316439
0.0316439
0.0381802
0.0316439
0.0322413
0.0317394
0.0316492
0
0
0
0
0
0.0316492
0.0317287
0.0317287
0.0317287
0.0317287
0.0318465
0
0
0
0
0
0
0
0
0
0
0
0
0
0
0
0
0.0321689
0
0
0
0
0
0
0
0
0
0
0
0
0
0
0.0318465
0.0328089
0
0.031868
0.0321302
0.032969
0.0361236
0
0
0
0
0
0
0
0
0
0
0
0
0
0
0
0
0
0
0
0
0
0
0.033742
0.033742
0
0
0
0
0
0
0
0
0.0215315
0.0215315
0.0215315
0.0215315
0.0215315
0.0215315
0.0452988
0.0452988
0
0.0499169
0.0499169
0.0452988
0
0
0
0
0
0.0216727
0
0.0225132
0.0231579
0
0
0
0.0224885
0.0224885
0.0456119
0.0459315
0.0456119
0.0224885
0.0215265
0.0215265
0.0215265
0.0215265
0.0215265
0.0215265
0
0
0
0
0
0
0.0215265
0.0215265
0.0215265
0.0215265
0.0215265
0.0215265
0.0215265
0.0215265
0
0
0
0.041019
0.0215682
0
0
0
0
0
0.0215315
0
0
0
0
0
0
0
0
0
0
0
0
0
0
0
0
0
0
0
0
0
0
0
0
0
0
0
0
0
0
0
0
0
0
0
0
0
0
0
0
0
0
0
0
0
0
0
0
0
0
0
0
0
0
0
0
0
0
0
0
0
0
0
0
0
0
0
0
0
0
0
0
0
0
0
0
0
0
0
0
0
0
0
0
0
0
0
0
0
0
0
0
0
0
0
0
0
0
0
0
0
0
0
0
0
0
0.0339097
0.0339097
0.0339097
0.0339097
0.0339097
0.0445141
0.0445141
0.0445141
0.0445141
0.0349286
0.0349286
0.0365718
0.0360453
0.0339097
0.0343267
0.0353259
0.036442
0
0.0365718
0
0.0343267
0.0242417
0.0242417
0.0242417
0.0242417
0.0242417
0.0242417
0.0242417
0.0242417
0.0242417
0.0242417
0.0242417
0.0242417
0.0242417
0
0
0
0
0
0
0.0305566
0
0.0380235
0
0
0
0
0
0.0342728
0.0342728
0.0342728
0.0357752
0
0
0
0
0
0.0339422
0.0360687
0
0.058722
0.058722
0.058722
0.0339227
0.0339227
0.0339227
0.0341461
0
0
0
0
0
0
0
0
0
0
0
0
0
0
0
0
0
0
0
0
0
0
0
0
0.0323029
0.0323029
0.0323029
0.0323029
0.0323029
0.0323029
0
0.0323029
0.0323029
0
0
0
0
0.0323029
0.0323029
0.0323029
0.0323029
0.0323029
0.0323029
0
0.0323029
0.0323029
0.0323029
0.0323029
0.0323536
0.0323536
0.0323536
0.0327093
0.0323536
0.0323029
0.0323029
0.0323029
0.0329095
0.0323029
0
0
0
0
0
0
0
0
0
0
0
0
0
0
0
0
0
0
0
0
0
0
0
0
0
0
0
0
0
0
0
0
0
0
0
0
0
0
0
0
0
0
0
0
0
0
0
0
0
0
0
0
0
0
0
0.0339227
0.0339227
0.0339227
0.0339227
0.0339227
0.0339227
0.0339227
0
0.0339227
0.0339227
0.0339227
0
0
0
0
0
0
0
0
0
0.0339227
0.0339227
0.0339227
0.0339227
0.0339227
0.0339227
0.0339227
0.0339227
0.0339227
0.0339227
0.0339227
0.0339227
0.0339227
0
0
0
0.0339227
0.0339227
0.0339227
0.0339227
0.0339227
0.0339227
0.0339227
0.0339227
0
0.0339227
0.0339227
0.0339227
0.0339227
0.0339227
0.0339227
0.0339227
0.0339227
0.0339227
0.0339227
0.0339227
0.0339227
0.0339227
0
0
0
0
0
0
0
0
0
0.0216321
0.0216321
0.0216321
0
0
0
0
0
0
0.0216321
0
0
0
0
0
0
0
0
0
0
0
0
0
0
0
0
0
0
0
0
0
0
0
0
0
0
0
0
0
0
0
0
0
0
0.0216321
0.0216321
0.0216321
0.0216321
0.0335641
0.0335641
0.0335641
0.0335641
0.0335641
0.0335641
0.0335641
0
0
0
0
0
0
0
0
0
0
0
0
0
0
0
0
0
0
0
0
0
0
0
0
0
0
0
0
0
0
0
0
0
0
0
0.0342796
0
0.0343132
0.0335641
0.0215066
0.0215066
0.0215066
0.0215066
0.0215066
0.021505
0.021505
0.021505
0.021505
0.021505
0.0215066
0.0215066
0.0215066
0.0215066
0
0
0
0
0
0
0
0
0
0
0
0
0
0
0
0
0
0
0
0
0
0
0
0
0
0
0
0
0
0
0
0
0.0215265
0.0215265
0
0
0
0
0
0
0
0
0
0
0
0
0
0
0
0
0
0
0
0
0
0
0
0
0
0
0
0
0
0
0
0
0
0
0
0
0
0
0
0
0
0
0
0
0
0
0
0
0
0
0
0
0
0
0
0
0
0
0
0
0
0
0
0
0
0
0
0
0
0
0
0
0
0
0
0
0.0215282
0.0215282
0.0215282
0.0215282
0.0215282
0.0215282
0.0215649
0.0215282
0
0
0
0
0
0
0
0
0
0
0
0
0
0
0
0
0
0
0
0
0
0
0
0
0
0
0.0215265
0.0215265
0.0215265
0.0215265
0.0215265
0.0215265
0
0
0
0
0
0
0
0
0
0
0
0
0
0
0
0
0
0
0
0
0
0
0
0
0
0
0
0
0
0
0
0
0
0
0
0
0
0
0
0
0
0
0
0
0
0
0
0
0
0
0
0
0
0
0
0
0
0
0
0
0.0215265
0
0.0215265
0.0215265
0.0215265
0.0215265
0.0215265
0.0215265
0
0.0215265
0
0.0215265
0
0
0
0
0
0
0
0
0
0
0
0
0
0
0
0
0
0
0
0
0
0
0
0
0
0
0
0
0
0
0
0
0
0
0
0.0215265
0.0215265
0.0215265
0.0215265
0.0215265
0.0215265
0.0215265
0
0
0
0
0
0
0
0
0
0
0
0
0
0
0
0
0
0
0
0
0
0
0
0
0
0
0
0
0
0
0
0
0
0
0
0
0
0
0
0
0
0
0
0
0
0
0
0
0
0
0
0
0
0
0
0
0
0
0
0
0
0
0
0
0.0215182
0.0215182
0.0215182
0.0215182
0.0215182
0.0215182
0.0215182
0.0215182
0.0215182
0
0
0
0
0
0
0
0
0
0
0
0
0
0
0
0
0
0
0
0
0
0
0
0
0
0
0
0
0
0
0
0
0
0
0
0
0
0
0
0
0
0
0
0
0
0
0
0
0
0
0
0
0
0
0
0
0
0
0
0
0
0
0
0
0
0
0
0
0
0
0
0
0
0
0
0
0
0
0
0
0
0
0
0
0
0
0
0
0
0
0
0
0
0
0
0
0
0
0
0
0
0
0
0
0
0
0
0
0
0
0
0
0
0
0
0
0
0
0
0
0
0
0
0
0
0
0
0
0
0
0
0
0
0
0
0
0
0
0
0
0
0
0
0
0
0
0
0
0
0
0
0
0
0
0
0
0
0
0
0
0
0
0
0
0
0
0
0
0
0
0
0
0
0
0
0
0
0
0
0
0
0
0
0
0
0
0
0
0
0
0
0
0
0
0
0
0
0
0
0
0
0
0
0
0
0
0
0
0
0
0
0
0
0
0
0
0
0
0
0
0
0
0
0
0
0
0
0
0
0
0
0
0
0
0
0
0.0343604
0.0343604
0.0343604
0
0
0
0
0
0
0.0343604
0.0343604
0.0343604
0.0343604
0.0343604
0.0343604
0.0343604
0.0343604
0.0343604
0.0343604
0.0343604
0.0343604
0.0343604
0.0343604
0.0343604
0.0343604
0.0343604
0.0343604
0.0343604
0.0343604
0.0343604
0.0215265
0.0215265
0.0215265
0.0215265
0.0215265
0.0215265
0.0215265
0.0215265
0.0215265
0.0215265
0.0215265
0.0343604
0.034435
0.0343604
0.0343604
0.0343604
0.0406222
0.0406222
0.0406222
0
0
0
0.0406446
0.0406446
0.0406446
0.0406446
0.0406446
0.0406446
0.040893
0.040893
0.040893
0.040893
0.040893
0
0
0.040893
0
0.0406446
0
0.0406446
0.0406222
0.0343604
0.0385472
0.0385472
0.0343604
0.0343604
0.0354441
0.0354441
0.0354441
0
0
0
0
0
0
0.0354441
0.0364743
0.0364743
0
0
0
0
0.0373197
0
0.0354441
0.132842
0.132842
0
0
0
0
0.0343604
0.0381062
0.0381062
0.0381062
0.0381062
0.0381062
0.0381062
0.0343604
0.0343604
0
0.0343604
0
0
0.0343604
0
0
0
0
0
0.0343604
0
0
0
0.0343604
0.0343604
0.0406222
0.0343604
0.0343604
0.0343604
0.0343604
0.0343604
0.0343604
0.0373979
0.0373979
0.0373979
0.0373979
0.0373979
0.0373979
0.0381524
0
0
0
0
0
0.0373979
0.0373979
0.0408703
0.0373979
0.0343604
0.0344214
0
0
0.0343604
0
0
0.0343604
0.0343604
0.0373979
0.0398621
0.0374678
0.0374678
0.0373979
0.0403786
0.0374415
0.0374415
0.0343604
0.0354441
0.0354441
0.0343604
0.0373979
0.0373979
0.039133
0
0
0.0374941
0.0401502
0
0
0.0376711
0
0
0
0
0.0373979
0.0343604
0.0345238
0.0422703
0.0422703
0.0343604
0.0379504
0.0343604
0
0.0343604
0.0366044
0.0351364
0.132842
0.132842
0.133631
0.132842
0.0352673
0.0352673
0.0343604
0.0364743
0.0343604
0.132842
0.0343604
0.0343604
0.0344146
0
0.0344146
0.0366044
0.0366044
0.0366044
0.0398515
0.0398515
0.0398515
0.0398515
0.0398515
0.0398515
0
0.0398515
0.0367029
0.0367029
0.0367525
0.0367029
0
0
0
0
0.0376533
0.0365718
0.0365718
0
0
0
0
0.0369863
0
0
0
0
0
0
0
0
0
0
0
0
0
0.0344214
0.0344214
0.0344214
0.0344214
0.034435
0.0346757
0.0345857
0.0633724
0.0633724
0.0346688
0.0346688
0.0344214
0
0
0
0
0
0
0
0
0
0.0215282
0
0
0
0.0215282
0.0215282
0.0215282
0.0215282
0.0215282
0.0215282
0
0
0
0.0215282
0.0215349
0.0215349
0.0215349
0.0215282
0
0
0
0
0
0.0215066
0.0215066
0.0215066
0.0215066
0
0
0
0.0215282
0.0215282
0.0215282
0.0215282
0.041019
0.0305234
0.0215883
0.0235965
0.0235965
0.0236096
0.0235965
0.0305234
0
0
0
0
0
0
0
0.0317287
0
0
0
0
0
0
0
0
0
0
0
0
0
0
0
0
0
0
0.035511
0.035511
0.035511
0.035511
0.036523
0.036523
0.035511
0.035511
0.035511
0.035511
0
0
0
0
0
0.035511
0.0355709
0
0.0355709
0.0357219
0.0356688
0.0356688
0.035684
0.0356688
0.0356688
0
0.0356688
0
0.0364098
0.0364098
0.0428091
0.0365636
0.0365636
0.0365392
0.0366126
0.0366126
0.0367112
0.0366126
0.0379686
0.0379686
0.0379686
0.0379686
0.0379869
0.0379686
0.0379686
0.0379686
0.035511
0.0360609
0.0360766
0.0367112
0.0371904
0.0371904
0.0371904
0
0
0.0372851
0.0377336
0.0360766
0
0
0.0339227
0.0339227
0.0339097
0.0339097
0.0339097
0.0339097
0.0339097
0.0339097
0.0339097
0.0339097
0.0339097
0.0339097
0.0215265
0.0215265
0.0215265
0.0215265
0.0215265
0.0215265
0.0215265
0.0215265
0.0339227
0.0339227
0.0339227
0.0339227
0.0339227
0.0339227
0.0339227
0.0339227
0.0339227
0.0344214
0.0344214
0.0344214
0.0344214
0.0339227
0.0339227
0.0339227
0.0375293
0.0375293
0.0375293
0.0375293
0.0375293
0.0545816
0.0375293
0.0339227
0.0339227
0.0339227
0
0
0
0
0
0
0
0
0
0
0
0
0
0
0
0
0
0
0
0
0
0
0
0
0.0339097
0.0339097
0.0339097
0.0339097
0.0339097
0.0339097
0.0339097
0.0339097
0.0339097
0.0339097
0.0339097
0.0339097
0.0339097
0.0339097
0.0339097
0.0339097
0.0339097
0.0339097
0.0339097
0.0339097
0.0339097
0.0339097
0.0339097
0.0339097
0.0339097
0.0339097
0.0339097
0.0339097
0.0342527
0.0343469
0
0.0344214
0.0339227
0.0339227
0.0339227
0.0339227
0.0339227
0.0339227
0.0339227
0.0339227
0.0339227
0.0339227
0.0341129
0.0341129
0.0339227
0.0341129
0.0341129
0.0339227
0.0339227
0.0339227
0.0339227
0.0339227
0.0339227
0.0339227
0.0339879
0.0339879
0.0339227
0.0339227
0.0339227
0.0339227
0.0339227
0.0339227
0.0362897
0.0339227
0.0339227
0.0339227
0.0339227
0.0339227
0
0
0
0.0344214
0.0375293
0.0344214
0.035983
0.0356537
0.0356537
0.036442
0
0
0.0420703
0.0420703
0.0357067
0.0382733
0.0339227
0
0
0
0
0.0339227
0.0339227
0
0
0
0
0.0354441
0.0354441
0.0558146
0.0558146
0
0
0
0
0.064957
0.064957
0
0
0
0.0653255
0.0339227
0.064957
0.064957
0.064957
0
0
0
0
0
0
0
0
0
0
0
0.064957
0.064957
0.064957
0.064957
0.064957
0
0
0.064957
0.0704761
0.064957
0.064957
0.064957
0.064957
0.100504
0.100504
0.100504
0.100504
0.100504
0.100504
0.100504
0.105215
0.105215
0.105215
0
0.100504
0
0
0.100504
0.064957
0.03526
0.03526
0.03526
0.0378506
0.038471
0
0
0
0.03526
0.0340865
0.0340865
0.0340865
0
0
0
0
0.0420703
0.0420703
0.0420703
0
0
0
0
0
0.0421699
0.0421699
0.0420703
0.0344214
0.0344214
0.0344214
0.0344214
0.0344214
0.0344214
0.0344214
0.0362897
0.0344214
0.0420703
0.0420703
0.0420703
0
0.0420703
0.0420703
0.0369358
0.0378145
0
0
0
0.0343469
0.0343469
0
0
0
0
0
0
0
0.0343469
0.0343469
0.0343469
0.0343469
0.0343469
0.0343469
0.0343469
0
0
0
0
0
0.0343469
0.0343604
0.0343604
0.0343604
0.0343604
0.0343604
0.0343604
0.0370794
0.0370794
0.0372678
0.0370794
0.0370965
0.0343604
0.0343604
0.037996
0.0343604
0.0343604
0.0343604
0.0381246
0.0381246
0.0343943
0
0
0
0.0343604
0.0343943
0.0343604
0.0343469
0.037996
0.037996
0.0406334
0
0
0
0
0
0
0
0
0
0
0
0
0
0
0
0
0
0
0
0
0
0
0
0
0
0
0
0
0
0
0.0343807
0.0343807
0.0343672
0.0343672
0.0343807
0.0365392
0.0343672
0.0343672
0.0343536
0.0343536
0.0343536
0.0343536
0.0343536
0
0
0
0.0343536
0.0343536
0.0343536
0.0343536
0.0393039
0.0393039
0.0393039
0.0343604
0.0348861
0.0343604
0.0343604
0
0
0
0
0.0343536
0.0343536
0.0350715
0.0364824
0.0364824
0.0364824
0.0364824
0.0364824
0.0364824
0.0398726
0.0364824
0.0364824
0
0.0343536
0.0348155
0.0348155
0
0.0353333
0.0343536
0
0
0
0
0.0343536
0
0
0
0
0
0
0
0
0.0347245
0.038471
0.0349073
0.0369863
0.0465242
0.0780076
0
0
0
0.0910346
0
0.0974355
0.235702
0.235702
0.321634
0.34641
0
0
0
0
0
0
0.047228
0
0
0
0
0
0
0
0
0
0
0
0
0
0
0
0
0
0
0
0
0
0
0
0
0
0
0
0
0
0
0
0
0
0
0
0
0
0
0
0
0
0
0
0
0
0
0
0
0
0
0
0
0
0
0
0.0360687
0.0360687
0.0360687
0.0360687
0.0360687
0.0360687
0.0360687
0
0.0360687
0
0
0
0
0
0
0
0
0
0.0360687
0
0
0
0.0362897
0.0362897
0.0367856
0.0367856
0.0377247
0.0377247
0.0377695
0.0367856
0.0367856
0
0
0
0
0
0
0
0.0362897
0.0362897
0
0.0362897
0.0362897
0.0376355
0.0362897
0
0
0
0
0
0
0
0
0
0
0
0.0370625
0.0365473
0.0365473
0.0366864
0.0366864
0
0.0339227
0
0
0
0
0
0
0
0
0
0
0
0
0
0
0
0.0339227
0.0339227
0.0339227
0.0339227
0.0339227
0.0339227
0.0339227
0.0445141
0.0446322
0.0339227
0.0362977
0.0362977
0.0362977
0.0353553
0.0353627
0
0
0
0
0
0
0
0
0
0
0
0.0344214
0.0344214
0.0344214
0.0344214
0.0344214
0.0344214
0.0344214
0.0344214
0
0
0
0
0.0344214
0.0344214
0.0344214
0.0344214
0.0344214
0.0344214
0.0344214
0.0344214
0.0344214
0.0344214
0.0363137
0.0363137
0
0.0344214
0.0344214
0.0344214
0.0344214
0.0344214
0.0344214
0.0344214
0.0344214
0.0344214
0.0344214
0.0374941
0.0374941
0.0374941
0
0.0374941
0.0344214
0.0339097
0.0339097
0.0339097
0.0339097
0.0339097
0.0339097
0.0339097
0.0339097
0.0215265
0.0215265
0.0215265
0.0215265
0.0215265
0.0215265
0.0215265
0.0215265
0
0.0356537
0.0356537
0
0
0
0
0
0
0
0
0
0
0
0
0
0
0
0
0
0
0
0
0
0
0
0.0368271
0
0
0
0
0.0368271
0
0
0
0
0
0
0
0
0
0
0
0
0
0
0
0
0
0
0
0
0
0
0.037337
0
0
0
0
0
0
0
0
0
0.0374328
0.0446174
0.0875936
0
0.0875936
0.0875936
0
0.082015
0
0
0
0
0
0
0
0
0
0
0
0
0
0
0
0.0396422
0.0396422
0.0396422
0
0.0396422
0.0393039
0.0393039
0.0393039
0
0
0
0
0.0393039
0.0393039
0.0395697
0.039663
0.039663
0.039663
0.039663
0.039663
0
0
0.039663
0.039663
0.039663
0
0
0.0393039
0.0368188
0.0368188
0
0
0
0
0
0.0368188
0
0
0
0
0
0
0
0
0
0
0
0
0
0
0
0
0.0681466
0.0681466
0
0
0.0681466
0.0681466
0.0666667
0.0666667
0.0666667
0
0.0749532
0.0749532
0
0
0
0
0
0
0
0.0749532
0
0
0
0.0681466
0
0
0
0
0
0
0
0
0
0
0
0
0
0
0
0
0
0
0
0
0
0
0
0
0
0
0
0
0.0652791
0.0655122
0.0652791
0.0215066
0.0215066
0.0215066
0
0
0
0
0
0
0
0
0
0
0
0
0
0
0
0
0
0
0
0
0
0
0
0
0
0
0
0
0
0
0
0
0
0
0
0.0215282
0.0215282
0.0215282
0.0215282
0.0215282
0.0215282
0.0336273
0.0336273
0.0336273
0.0336273
0.0336273
0.0336273
0.0336273
0.0336273
0.0336273
0
0
0
0
0
0
0
0
0
0
0
0
0
0
0
0
0
0
0
0
0
0
0
0
0
0
0
0
0
0
0
0
0
0
0
0
0
0
0
0
0
0
0
0
0
0
0
0
0
0
0
0
0
0
0
0
0
0
0
0
0
0.0337356
0.0337356
0.0337356
0.0337356
0.0337356
0.0337356
0.0337356
0
0
0
0
0
0
0
0
0
0
0
0
0
0
0
0
0
0
0
0
0
0
0
0
0
0
0
0
0
0
0
0
0
0
0
0
0
0
0
0
0
0
0
0
0
0
0
0
0
0
0
0
0
0
0
0
0
0
0
0
0
0
0
0
0
0
0
0
0
0
0
0
0
0
0
0
0
0
0
0
0
0
0
0
0
0
0
0
0
0
0
0
0
0
0
0
0
0
0
0
0
0
0
0
0
0
0
0
0
0
0
0
0
0
0
0
0
0
0
0
0
0
0
0
0
0
0
0
0
0
0
0
0
0
0
0
0
0
0
0
0
0
0
0
0
0
0
0
0
0
0
0
0
0
0
0
0
0
0
0
0.0215066
0
0.0345995
0.0345995
0.0345995
0.0345995
0
0
0
0
0
0
0
0.0345995
0.0345995
0.0345995
0.0345995
0
0.0345995
0
0
0
0
0
0
0
0
0
0
0
0
0
0
0
0
0
0
0
0
0
0
0
0
0
0
0
0
0
0
0
0
0
0
0
0
0
0
0
0
0
0
0
0
0
0
0
0
0
0
0
0
0.0214785
0.0214785
0
0
0
0
0
0
0
0
0
0
0
0
0
0
0
0
0
0
0
0
0
0
0
0
0
0
0
0.0339227
0
0
0
0
0
0
0
0
0
0
0
0
0
0
0
0
0
0
0
0
0
0
0
0
0
0
0
0
0
0.0214884
0
0
0
0
0
0
0
0
0
0
0
0
0
0
0
0
0
0
0
0
0
0
0
0
0.0215349
0
0
0
0
0
0
0
0
0
0
0
0
0
0
0
0
0
0
0
0
0
0
0
0
0
0
0
0
0
0
0
0
0
0
0
0
0
0
0
0
0
0
0
0
0
0
0
0
0
0
0
0
0
0
0
0
0
0
0
0
0
0
0
0
0
0
0
0
0
0
0
0
0
0
0
0
0
0
0
0
0
0
0
0
0
0
0
0
0
0
0
0
0
0
0
0
0
0
0.0215265
0
0
0
0
0
0
0
0
0
0
0
0
0
0
0
0
0
0
0
0
0
0
0
0
0
0
0
0
0
0
0
0
0
0
0
0
0
0
0
0
0
0
0
0
0
0
0
0
0
0
0
0
0
0
0
0
0
0
0
0
0
0
0
0
0
0
0
0
0
0
0
0
0
0
0
0
0
0
0
0
0
0
0
0
0
0
0
0
0
0
0
0
0
0
0
0
0
0
0
0
0
0
0
0
0
0
0
0
0
0
0
0
0
0
0
0
0
0
0
0
0
0
0
0
0
0
0
0
0
0
0
0
0
0
0
0
0
0
0
0
0
0
0
0
0
0
0
0
0
0
0
0
0
0
0
0
0
0
0
0
0
0
0
0
0
0
0
0
0
0
0
0
0
0
0
0
0
0
0
0
0
0
0
0
0
0
0
0
0
0
0
0
0
0
0
0
0
0
0
0
0
0
0
0
0
0
0
0
0
0
0
0
0
0
0
0
0
0
0
0
0
0
0
0
0
0
0
0
0
0
0
0
0
0
0
0
0
0
0
0
0
0
0
0
0
0
0
0
0
0
0
0
0
0
0
0
0
0
0
0
0
0
0
0
0
0
0.0338837
0
0
0
0
0
0
0
0.0328739
0.033742
0.033742
0.033742
0.0339097
0
0
0
0
0
0
0
0
0.0335641
0.0335641
0.0335641
0.0335641
0.0335641
0.0335641
0.0335641
0.0335641
0.0335641
0.0335641
0.0335641
0.0335641
0.0335641
0.0335641
0.0335641
0.0338707
0
0.0335641
0
0
0
0
0
0.0361393
0.0361393
0
0
0
0.0361393
0
0.0635001
0
0.0339162
0
0
0
0
0.0342796
0
0.0335641
0.0335641
0
0
0
0.0335641
0
0
0
0
0
0
0
0
0
0
0
0
0
0
0
0
0
0
0
0
0
0
0.0338643
0.0338643
0.0338967
0.0338643
0.0338643
0.0338643
0.0338643
0
0.0338707
0.0339227
0
0
0
0
0
0
0
0
0
0
0
0
0
0
0
0
0
0
0
0
0
0
0
0
0
0
0
0
0
0
0
0
0
0
0
0
0.0338772
0
0
0
0
0
0
0
0
0
0
0
0
0
0
0
0
0
0
0
0
0
0
0
0
0
0.0749532
0.0749532
0.0749532
0.0749532
0.0749532
0
0
0
0
0
0
0
0
0
0
0
0
0
0
0.0215066
0.0215066
0.0215066
0
0
0
0
0
0
0
0
0
0
0
0
0
0
0
0
0
0
0
0
0
0
0
0
0
0
0
0
0
0
0
0
0
0
0
0
0
0.0339227
0.0339227
0.0339227
0.0339227
0.0339227
0
0.0339227
0.0339227
0.0339227
0.0344214
0.0344214
0.0339227
0.0339227
0.0339227
0.0344214
0.0633724
0.0344214
0.0344214
0
0
0
0
0
0
0
0
0
0
0
0
0
0
0
0
0
0.0339162
0.0339162
0
0.0339162
0.021595
0
0.0341129
0.0341129
0.0341129
0.0341129
0.0341129
0.0341129
0.0341129
0.0341129
0.0341129
0
0
0
0
0
0
0
0
0
0
0
0
0
0
0
0
0
0
0
0
0
0
0
0
0
0
0
0
0
0
0
0
0
0
0
0
0
0
0
0.0217118
0.0217118
0.0217118
0.0217118
0.0413803
0.0217118
0.0217118
0
0
0.0237983
0.0237983
0.0217118
0.0413803
0.0413803
0.0413803
0.0636285
0.0636285
0.0413803
0
0
0
0
0
0
0
0.0237983
0.0237983
0
0
0
0.0237983
0.0636285
0.0636285
0
0.0636285
0.0237983
0.0237983
0.0237983
0.0237983
0.0291029
0.0291029
0.0291029
0.038208
0.0291029
0.0392031
0.0291029
0.0237983
0.0217118
0.0217118
0.0217118
0.0217118
0.0217118
0.0217118
0
0
0
0.0217118
0
0.0217118
0
0.0217118
0.0217118
0.0217118
0
0
0
0
0
0
0
0
0
0
0
0
0
0
0
0
0
0
0
0
0
0
0
0
0
0
0
0
0
0
0
0
0
0
0
0
0
0.0215282
0.0215282
0.0215282
0.0215282
0.0215282
0
0
0
0
0.0215282
0.0215282
0.0215282
0.0215282
0.0215282
0.0215282
0.0215282
0
0.0337356
0
0
0
0.0337356
0
0
0
0.0337356
0
0
0
0.0336273
0
0
0
0
0
0
0
0
0
0
0
0
0
0
0
0
0
0
0.0337356
0
0
0
0
0
0
0
0
0
0
0
0
0
0
0
0
0
0
0
0
0
0
0
0
0
0
0
0
0
0
0
0
0
0
0
0
0
0
0
0
0
0
0
0
0
0
0
0
0
0
0
0
0
0.0337356
0
0
0
0
0
0
0
0
0
0
0
0
0.0336273
0
0
0
0
0
0
0
0
0
0
0
0
0
0
0
0
0
0
0
0
0
0
0
0
0
0
0
0
0
0
0
0
0
0
0
0
0
0
0
0
0
0
0
0
0
0
0
0
0
0
0
0
0
0
0
0
0
0
0
0
0
0
0
0
0
0
0
0.0346133
0.0346133
0.0346133
0.0346133
0
0
0
0
0
0
0
0
0
0
0
0
0
0
0
0
0
0
0
0
0
0
0
0
0
0
0
0
0
0
0
0
0
0
0
0
0
0
0
0
0
0
0
0
0
0
0
0
0
0
0
0
0
0
0
0
0
0
0
0
0
0
0
0
0
0
0
0
0
0
0
0
0
0
0
0
0
0
0
0
0
0
0
0
0
0
0
0
0
0
0
0
0
0
0
0
0
0
0
0
0
0
0
0
0
0
0
0
0
0
0
0
0
0
0
0
0
0
0
0
0
0
0
0
0
0
0
0
0
0
0
0
0
0
0
0
0
0
0
0
0
0
0
0
0
0
0
0
0
0
0
0
0
0
0
0
0
0
0
0
0
0
0
0
0
0
0
0
0
0
0
0
0
0
0
0
0
0
0
0
0
0
0
0
0
0
0
0
0
0
0
0
0
0
0
0
0
0
0
0
0
0
0
0
0
0
0
0
0
0
0
0
0.0215315
0.0215315
0.0215315
0.0215315
0.0215315
0.0215315
0.0407909
0.0407909
0.0454233
0.0454233
0.0454233
0.0454233
0.0454233
0.0688973
0.0454233
0.0455961
0.0454233
0
0
0
0.0454233
0.0807573
0
0
0
0
0
0
0.0454233
0.0408589
0.0215315
0
0
0
0
0
0
0
0
0
0
0
0
0
0
0
0
0
0
0
0
0
0
0
0
0
0
0
0
0
0
0
0
0
0
0
0
0
0
0
0
0
0
0.0215265
0
0
0
0
0
0
0
0
0
0
0
0
0
0
0
0
0
0
0
0
0
0
0
0
0
0
0
0
0
0
0
0
0
0
0
0
0
0
0
0
0
0
0
0
0
0
0
0
0
0
0
0
0
0
0
0
0
0
0
0
0
0
0
0
0
0
0
0
0
0
0
0
0
0
0
0
0
0
0
0
0
0
0
0
0
0
0
0
0
0
0
0.0215349
0
0.0215349
0
0
0
0
0
0
0
0
0
0
0
0.0215066
0.0215066
0
0
0
0
0
0
0
0
0
0
0
0
0
0
0
0.021654
0
0
0
0
0
0
0
0
0
0
0
0
0
0
0
0
0
0
0
0
0
0
0
0
0
0
0
0
0
0
0
0
0
0
0
0
0
0
0
0
0
0
0
0
0
0
0
0
0
0
0
0
0
0
0
0
0
0
0
0
0.0215265
0
0
0
0
0
0
0
0
0
0
0
0
0
0
0
0
0
0
0
0
0
0
0
0
0
0
0
0
0
0
0
0
0
0
0
0
0
0
0
0
0
0
0
0
0
0
0
0
0
0
0
0
0
0
0
0
0
0
0
0
0
0
0
0
0
0
0
0
0
0
0
0
0
0
0
0
0
0
0
0
0
0
0
0
0
0
0
0
0
0
0
0
0
0
0
0
0
0
0
0
0
0
0
0
0
0
0
0
0
0
0
0
0
0
0
0
0
0
0
0
0
0
0
0
0
0
0
0
0
0
0
0
0
0
0
0
0
0
0
0
0
0
0
0
0
0
0
0
0
0
0
0
0
0
0
0
0.0346133
0.0346133
0.0346133
0.0346133
0.0346133
0.0346133
0.0346133
0.0346203
0.0346203
0.0346133
0.0346133
0.0346133
0.0346133
0.0346133
0.0346133
0.0346133
0.0346133
0.0346133
0.0346133
0.0346133
0.0346133
0.0346133
0.0346133
0
0
0.0346133
0.0346133
0.0346133
0.0346133
0.021595
0
0.021595
0
0.021595
0
0
0
0
0.0452988
0.0452988
0.0452988
0.0452988
0
0
0
0
0
0
0
0
0.0215265
0.0215265
0.0215265
0.0215265
0.0215265
0.0215265
0.0215265
0.0215265
0.0215265
0.0215265
0.0215265
0.0215265
0.0215265
0
0
0
0
0
0
0
0
0
0
0
0
0
0
0
0
0
0
0
0
0
0
0
0
0
0
0
0
0
0
0
0
0
0
0
0
0
0
0
0
0
0
0
0
0
0
0
0
0
0
0
0
0
0
0
0
0
0
0
0
0
0
0
0
0
0
0
0
0
0
0
0
0
0
0
0
0
0
0
0
0
0
0
0
0
0
0
0
0
0
0
0
0
0
0
0
0
0
0
0
0
0
0
0
0
0
0
0
0
0
0
0
0
0
0
0
0
0
0
0
0
0
0
0
0
0
0
0
0
0
0
0
0
0
0
0
0
0
0
0
0
0
0
0
0
0
0
0
0
0
0
0
0
0
0
0
0
0
0
0
0
0
0
0
0
0
0
0
0
0
0
0
0
0
0
0
0
0
0
0
0
0
0
0
0
0
0
0
0
0
0
0
0
0
0
0
0
0
0
0
0
0.0215282
0.0215282
0.0215282
0.0215282
0.0215282
0.0215282
0.0215282
0.0215282
0.0215282
0.0215282
0.0215282
0
0
0
0
0
0
0
0
0
0
0
0
0
0
0
0
0
0
0
0
0.0215265
0
0
0
0
0
0
0
0
0
0
0
0
0
0
0
0
0
0
0
0
0
0
0
0
0
0
0
0
0
0
0
0
0.0215315
0.0452988
0
0
0
0.0452988
0
0.0452988
0.0452988
0.0452988
0.045533
0.045533
0
0.045533
0
0
0
0.0452988
0.0452988
0.0452988
0.522233
0.0452988
0
0.0452988
0
0.0452988
0.0452988
0.0452988
0
0.0452988
0
0.0452988
0
0.0452988
0
0
0
0
0
0
0
0
0
0
0
0
0
0
0
0
0
0
0
0
0
0
0
0
0
0
0
0
0
0
0
0
0
0
0
0
0
0
0
0
0
0
0
0
0
0
0
0
0
0
0.0339227
0.0339227
0.0339227
0.0339227
0.0339227
0.0339227
0.0339227
0.0339227
0.0339227
0
0
0
0
0
0.0339227
0.0339227
0.0339227
0.0339227
0.0339227
0.0339227
0
0.0339227
0.0339227
0.0339227
0.0339227
0.0339227
0.0339227
0.0339227
0.0339227
0.0339227
0.0339227
0.0339227
0.0339227
0.0339227
0
0
0
0
0
0
0
0
0
0
0
0
0
0
0
0
0
0
0
0
0
0
0
0
0
0
0
0
0
0
0
0.0339227
0.0339227
0.0339227
0.0339227
0.0356537
0.0356537
0.0341593
0.0341593
0.0357067
0.0357067
0
0
0
0
0
0
0.064957
0.064957
0
0
0
0
0
0
0
0
0
0
0
0
0
0
0
0
0
0
0
0
0
0
0
0
0
0
0
0
0
0
0.0348649
0.0348649
0.0382639
0
0
0.0622573
0.0622573
0.0420455
0.0420455
0
0.0339227
0.0339227
0.0339227
0.0383859
0.0383859
0.0396526
0.0383859
0.0339227
0.0622573
0.0622573
0.0622573
0.0635001
0.0635001
0.0635001
0.0635001
0.0635001
0.0622573
0
0
0
0
0
0.0356537
0.0356537
0.0356537
0.0356537
0.0356537
0.0356537
0.0356537
0.0356537
0.0347035
0.0347035
0.0431532
0.0431532
0.0431532
0.0431532
0
0.0431532
0.0431532
0
0
0
0.0362818
0.0362818
0.0362818
0.0362818
0.0362818
0.0347035
0.0362818
0.0362818
0.0362818
0.0362818
0
0.0362818
0
0.0365718
0
0
0
0
0
0
0
0.0365718
0.0382639
0.0382639
0.0382639
0.0382639
0.0360687
0.0360687
0.0360687
0.0360687
0.0360687
0.036769
0
0.0363857
0.0341593
0.0341593
0.0341593
0.0341593
0.0444262
0.0444262
0.0444262
0.0343604
0.0343604
0.0344623
0.0344623
0.0344623
0.0344623
0.0344896
0.0344896
0
0.0343604
0.0343604
0
0
0
0.064957
0.064957
0.064957
0.100504
0.064957
0.064957
0
0.064957
0.064957
0
0.0701862
0.0701862
0.133235
0.133235
0.133235
0.133235
0.133235
0.133235
0
0.133235
0.133235
0.150756
0.150756
0.150756
0.150756
0.167444
0.150756
0.133235
0
0.133235
0.0701862
0
0
0
0
0
0
0
0
0
0
0
0
0
0
0
0
0
0
0
0
0
0
0
0
0
0
0
0
0
0
0
0
0
0
0
0
0
0
0
0
0
0
0
0
0
0
0
0
0
0
0
0
0
0
0
0
0
0
0
0
0
0
0
0
0
0
0
0
0
0
0
0
0
0
0
0
0
0
0
0
0
0
0
0
0
0
0
0
0
0
0
0
0
0
0
0
0
0
0
0
0
0
0
0
0
0
0
0
0
0
0
0
0
0
0
0
0
0
0
0
0
0
0
0
0
0
0
0
0
0
0
0
0
0
0
0
0
0
0
0
0
0
0
0
0
0
0
0
0
0
0
0
0
0
0
0
0
0
0
0
0
0
0
0
0
0
0
0
0
0
0
0
0
0
0
0.0341328
0.0341328
0.0341328
0
0
0
0
0
0
0
0.0357067
0.0357067
0.0357067
0.0357067
0.0357067
0.0518244
0
0.0519408
0.0519408
0
0.0519408
0.0356688
0.0356688
0.0356688
0.0356688
0
0.0356688
0.0357067
0.0357067
0.0357067
0.0357067
0.0357067
0.0357067
0.0362579
0.0362579
0.0362579
0.0362579
0.0362579
0.0366454
0.0357067
0.0363536
0.0363536
0.0366536
0.0357067
0
0
0
0.0357067
0
0.0358594
0
0.0358594
0
0
0
0
0
0
0
0
0
0
0
0
0
0
0
0
0
0
0
0
0
0
0
0
0
0
0
0
0
0
0
0
0
0
0
0
0
0
0
0
0
0.0343875
0.0343875
0
0.0343943
0.0347314
0.0339227
0
0
0
0
0
0
0
0
0
0
0
0
0
0
0
0
0
0
0
0
0
0
0
0
0
0
0
0
0
0
0
0.0215265
0
0
0
0
0
0
0.0217101
0.0217101
0
0
0.0260643
0
0.0234877
0.0237223
0
0
0
0
0
0
0
0
0
0
0
0.0227941
0.0228257
0
0
0
0
0
0
0
0
0
0.0237983
0
0.0260879
0
0
0
0.0592003
0.0218062
0
0.0324785
0.0413567
0
0.0435057
0.0217101
0
0
0
0
0.0256186
0.0256186
0.0256186
0.0256186
0
0
0
0
0.0217101
0.0217101
0.0217101
0.0217101
0.0217101
0.0217101
0.0217101
0.0217101
0.0217101
0.0217101
0.0217101
0.0217101
0.0217101
0.0217101
0
0
0.0230961
0.0230961
0
0
0
0.0217101
0.0217101
0.0217101
0.0217101
0.0217101
0.0217101
0.0217101
0.0217101
0.0217101
0.0217101
0.0300195
0.0300195
0
0.0300195
0
0.0300195
0.0217101
0.0217101
0.0217101
0.0217101
0
0
0.0217101
0
0
0
0
0.0217101
0
0
0
0
0
0
0
0
0
0
0
0
0
0
0
0.0300376
0
0
0.0300376
0
0
0
0
0.0217101
0.0217101
0.0300376
0.0300376
0.0300376
0.0300376
0.0217101
0.0217101
0.0217101
0.0217101
0.0301147
0.0217101
0.0217101
0.0258832
0.0258832
0.0258832
0
0.0258832
0.0258832
0
0
0
0
0
0
0
0
0
0
0.0217101
0.0217101
0.0217101
0.0217101
0.0217101
0.0217101
0.0217101
0.0300376
0.0300376
0.0300376
0.0300376
0.0300376
0.0300376
0.0300376
0.0300376
0.0300376
0.0217101
0
0.0217101
0.0217101
0.0217101
0.0217101
0.0325933
0.0217101
0.0219036
0
0
0
0
0
0
0
0
0
0
0
0
0
0
0
0
0
0
0
0
0
0
0
0
0
0
0
0
0
0
0
0
0
0
0
0
0
0
0
0
0
0
0
0
0
0
0.0261414
0
0
0
0
0
0
0
0
0
0
0
0
0
0
0
0
0
0
0
0
0
0
0
0
0
0
0
0
0
0
0
0.0234877
0
0.0228257
0
0
0
0
0
0
0.0217101
0
0.0237045
0
0
0.0217959
0.0324785
0.0217101
0
0
0
0
0.0300376
0.0300376
0.0300376
0.0300376
0.0300376
0.0300376
0.0300376
0.0300376
0.0300376
0.0300376
0.0300376
0.0300376
0.0300376
0.0300376
0.0300376
0.0300376
0.0300376
0.0300376
0.0300376
0.0300376
0.0300376
0
0.0300376
0.0355709
0.0300376
0.0300376
0.0300376
0.0300466
0.0300466
0.0300466
0.0300466
0.0300466
0.0300466
0.0300466
0.0300376
0.0300376
0.0358057
0
0
0
0
0.0342193
0.0342193
0
0
0
0.0380235
0.0400963
0.0387686
0
0
0
0
0
0
0
0
0
0
0
0
0.0339422
0.0339422
0.0339422
0.0339422
0
0
0
0
0.0340404
0.0340404
0.0340404
0
0
0
0
0
0.0340404
0.0340667
0.0340404
0.0340404
0.0340404
0.0340404
0.0340404
0
0
0
0
0
0
0
0
0
0
0
0.0300466
0.0300466
0.0300466
0
0.0300376
0.0300376
0.0300376
0.0300376
0
0
0
0.0300376
0.0300376
0.0300376
0.0300376
0.0300376
0.0300376
0.0300376
0.0300376
0.0300376
0.0300376
0.0300376
0.0356537
0.0356537
0.0300466
0.0300511
0.0300466
0.0339422
0.0342661
0.0339748
0.0300376
0.0300376
0
0
0
0
0
0
0
0.0300376
0.0300376
0.0300376
0.0300376
0.0300376
0.0300376
0.0300376
0
0
0
0
0.0300376
0.0300376
0.0300376
0.0355709
0
0
0.0355709
0.0355709
0.0355709
0.0300376
0.0300376
0.0355709
0.0355709
0
0
0
0
0
0.0300376
0.0300376
0.0300376
0.0300376
0
0
0
0
0
0.0301969
0
0
0
0
0.0301969
0.0301969
0.0301969
0.0301969
0
0
0
0
0
0
0
0.0301969
0
0.0301969
0.0356537
0.0356537
0.0356537
0.0300376
0.0300376
0.0300376
0.0300376
0.0300376
0.0300376
0.0300376
0.0300376
0.0300376
0.0300376
0.0300376
0.0300376
0.0300376
0.0300376
0.0300376
0.0300376
0.0300376
0.0300376
0.0300376
0.0300376
0.0300376
0.0300376
0.0300376
0
0.0216913
0.0216913
0
0
0.0216913
0.0216913
0.021693
0
0
0.0216913
0.0216913
0
0.0216913
0.0216913
0.0216913
0.0216913
0.0216913
0.0216913
0.0216913
0.0216913
0.0216913
0.0216913
0.0216913
0.0216913
0.0216913
0.0216913
0.0216913
0.0216913
0.0216913
0.0216913
0.0216913
0.0216913
0.0216913
0.0216913
0.0216913
0.0216913
0.0216913
0.0217101
0.0217101
0
0
0.0216913
0.0216913
0.0217101
0.0217101
0.0216913
0.0216913
0.0216913
0.0216913
0.0216913
0.0216913
0.0216913
0.0216913
0.0216913
0.0216913
0.0216913
0.0216913
0.0216913
0.0216913
0.0216913
0.0216913
0.0216913
0.0216913
0.0216913
0.0216913
0.0216913
0.0216913
0.0216913
0.0216913
0.0216913
0.0216913
0.0216913
0.0216913
0.0216913
0.0216913
0.0216913
0.0216913
0.0216913
0.0216913
0.0216913
0.0216913
0.0216913
0.0216913
0.0216913
0.0216913
0.0216913
0.0216913
0.0216913
0.0216913
0.0216913
0.0216913
0.0216913
0.0216913
0.0216913
0.0216913
0.0216913
0.0216913
0.0216913
0.0216913
0.0216913
0.0216913
0.0216913
0.0216913
0.0216913
0.0216913
0.0216913
0.0216913
0.0216913
0.0216913
0.0216913
0.0216913
0.0216913
0.0216913
0.0217101
0.0234877
0.0234877
0.0303495
0.0303495
0.0234877
0.0258314
0.0258832
0
0
0
0
0
0.0258314
0.0258314
0
0
0
0
0
0
0
0
0.0260643
0.0260643
0.0260643
0
0.0260643
0.0217101
0.0217101
0.0217272
0.0217272
0.0217101
0.0217101
0.0217101
0.0217101
0
0
0
0
0
0.0217101
0
0.0217101
0.0217101
0.0217272
0.0217272
0.0237223
0
0
0
0
0
0
0
0
0
0
0
0
0
0
0
0
0
0
0
0
0
0
0
0
0
0.0228257
0.0228257
0.0228257
0
0
0
0
0
0
0
0
0
0
0
0
0
0
0
0.0237983
0.0237983
0.0237983
0.028421
0.028421
0
0
0.028421
0.028421
0.028421
0.0237983
0.0237983
0.0237983
0.028421
0.028421
0.028421
0.028421
0.0237983
0.0237983
0.0237983
0.0237983
0.0258113
0.028421
0.0237983
0.0237983
0.0237983
0.0291029
0.0291029
0.0291029
0
0.0291029
0.0237983
0.0237983
0.0237983
0
0
0.0237983
0.0237983
0.0237983
0
0
0
0
0
0
0.0251816
0.0251816
0.0251816
0.0251816
0.0251816
0
0
0
0
0
0
0
0
0
0
0
0
0
0
0
0
0
0
0.0218062
0.0217976
0.0258832
0.0218062
0
0.0218062
0.0218062
0
0.0324785
0.0413567
0
0.0413567
0.0413567
0.0635856
0
0
0
0
0
0
0.0635856
0.0635856
0.0635856
0.0635856
0
0
0
0
0.0645497
0
0
0
0
0.0635856
0.0635856
0.0635856
0.0413567
0
0
0
0.0592003
0.0592003
0.0592003
0.0260879
0.0260879
0.0260879
0.0260879
0.0260879
0.0260879
0
0
0
0
0
0
0
0
0
0
0
0.0435057
0.0435057
0.0445288
0.0435057
0
0
0
0
0
0
0
0
0
0
0
0
0
0
0
0
0
0
0
0
0
0
0
0
0
0
0
0
0
0
0
0
0
0
0
0
0
0
0
0
0
0
0
0
0
0
0
0
0
0
0
0
0
0
0
0
0
0
0
0
0
0
0
0
0.02584
0.02584
0
0.0256186
0
0.0256186
0.0256186
0.0256186
0.0256186
0.0256186
0.0256186
0.0256186
0.0278639
0.0278639
0.0256186
0
0
0
0
0
0
0
0
0
0
0
0
0
0
0
0
0
0
0
0.0300376
0.0300376
0.0300376
0.0300376
0.0300376
0.0300376
0.0300376
0.0300376
0.0300376
0.0300376
0.0300376
0.0300376
0.0300376
0.0300376
0.0300376
0.0300376
0.0300376
0.0300376
0.0300376
0.0300376
0.0300376
0.0340207
0
0
0
0.0300376
0.0300376
0.0300376
0.0300376
0.0300376
0
0
0
0
0
0.0303775
0.264135
0.0300376
0.0300466
0.0300466
0.0300466
0.0300466
0.0300466
0.0300466
0.0300466
0
0.0300466
0.0300466
0
0
0
0
0
0
0
0
0
0
0
0
0
0
0.13403
0
0.13403
0.13403
0.0326977
0
0
0
0.0326977
0.0326977
0
0
0
0
0
0
0
0
0.125988
0
0
0
0.125988
0.125988
0
0
0
0
0
0
0
0
0
0
0
0
0
0
0
0
0
0
0
0
0
0
0
0
0
0
0
0
0
0
0
0
0
0
0
0
0
0
0
0
0
0
0
0
0
0
0
0
0
0
0
0
0
0
0
0
0
0
0
0
0
0
0
0
0
0
0
0
0
0
0
0
0
0
0
0
0
0
0
0
0
0
0
0
0
0
0
0
0
0
0
0
0
0
0
0
0
0
0
0
0
0
0
0
0
0
0
0
0
0
0
0
0
0
0
0
0
0
0
0
0
0
0
0
0
0
0
0
0
0
0
0
0
0
0
0
0
0
0
0
0
0
0
0
0
0
0.037311
0.037311
0.037311
0.037311
0.037311
0.037311
0.0373197
0.0373197
0
0
0.0373197
0.0373197
0.0373197
0.0373197
0.037311
0.037311
0.037311
0
0.037311
0
0.037311
0.037311
0
0
0
0
0
0
0
0
0
0.037311
0
0.037311
0
0
0
0.037311
0
0
0.037311
0.037311
0
0
0
0
0
0
0.0378325
0.0378325
0
0
0
0
0
0
0
0
0
0
0
0
0
0
0
0
0
0
0
0
0
0
0
0
0
0
0
0
0
0
0.040313
0
0
0
0
0
0
0
0.0408475
0.0408475
0
0
0
0
0
0
0
0
0
0
0
0
0
0
0
0
0
0
0
0
0
0
0.0350787
0.0350787
0.0350787
0.0350787
0
0.0350787
0.0350787
0.0350787
0.0350787
0
0
0
0.0350787
0.0350787
0.0350787
0
0
0.0364179
0
0
0.0364179
0
0
0
0
0
0
0.0369023
0.0369023
0
0
0.0361158
0
0
0
0.0356537
0.0356537
0
0.0300376
0
0.0300376
0.0300376
0
0
0
0
0.0356688
0
0.0356688
0.0356688
0.0359597
0.0361158
0.0361158
0.0949158
0.0949158
0.0949158
0
0.0300376
0
0
0
0
0
0
0.0300376
0
0
0
0
0
0
0
0
0
0
0
0
0
0
0
0
0
0
0
0
0
0
0
0
0
0
0
0
0
0
0
0
0
0
0
0
0
0
0.0349215
0.0349215
0
0.0373197
0.0373197
0.0373197
0.0373197
0.0373197
0.0373197
0.0373197
0.0373197
0.0373197
0.0345101
0.0345101
0
0.0349215
0.0345101
0.107624
0.0345101
0.0345101
0.0345101
0.0345101
0.0345101
0
0
0
0
0
0
0
0
0
0
0
0
0
0
0
0
0
0
0
0
0.0340273
0
0
0
0
0
0
0
0
0
0
0
0
0
0
0
0
0
0
0
0
0
0
0
0
0
0
0
0
0
0
0
0
0
0
0
0
0
0
0
0
0
0
0
0
0
0
0
0
0
0
0
0
0
0
0
0
0
0
0
0
0
0
0
0
0
0
0
0
0
0
0
0
0
0
0
0
0
0
0
0
0
0
0
0
0
0
0
0
0
0
0
0
0
0
0
0.0349215
0.035122
0.035122
0.035122
0.035122
0.035122
0
0.035122
0.035122
0.115728
0.0373197
0.0373197
0.0373197
0.0373197
0.0373197
0
0
0
0
0.0373197
0.0373197
0.0373197
0.0373197
0
0.0373631
0.0387686
0.0387686
0.0387686
0.0373197
0
0.0373197
0.0373197
0
0
0
0
0
0
0
0
0
0
0.0346896
0.0346896
0.0346896
0
0
0
0
0
0
0.0347524
0
0
0
0
0
0
0
0
0
0
0
0
0
0.0344964
0
0
0
0
0
0.0345444
0.0380326
0.0346064
0.0346064
0.0346064
0
0
0.0346064
0
0
0.0346064
0.0345033
0.0384142
0.0345788
0
0
0.0345788
0
0
0.0345788
0
0
0.0345788
0.0345788
0.0345788
0
0
0.0345857
0
0.0345857
0
0
0.0342193
0
0.0342193
0.0342193
0.0342193
0.0342193
0
0
0
0
0.0342193
0.0342193
0
0
0
0
0
0
0
0
0
0.0342193
0
0
0
0
0
0
0
0
0
0
0
0
0
0
0
0
0
0
0
0
0
0
0
0
0
0
0
0
0
0
0
0
0
0
0
0
0
0
0
0
0
0
0
0
0
0
0
0
0
0
0
0
0
0
0
0
0
0
0
0
0
0
0
0
0
0
0
0
0
0
0
0
0
0
0
0
0
0
0
0
0
0
0
0
0
0
0
0
0
0
0
0
0
0
0
0
0
0
0
0
0
0
0
0
0
0
0
0
0
0
0
0
0
0
0
0
0
0
0
0
0
0
0
0
0
0
0
0
0
0
0
0
0
0
0
0
0
0
0
0
0
0
0
0
0
0
0
0
0
0
0
0
0
0
0
0
0
0
0
0
0
0
0
0
0
0
0
0
0
0
0
0
0
0
0
0
0
0
0
0.0369695
0.0379231
0
0.0341063
0.0341063
0.0341063
0.0300376
0.0300376
0.0300376
0
0
0
0.0305566
0.0302337
0.0302337
0.0302337
0.0356085
0.0356085
0
0
0.0300376
0.0300376
0
0
0.0300376
0.0300376
0.0300376
0.0300376
0.0300376
0.0300376
0.0300376
0.0377605
0.0377605
0.0377605
0.0300376
0.0300376
0
0.0300376
0.0300376
0.0350787
0.0350787
0.0350787
0.0350787
0.0350787
0.0352819
0.0352819
0.0350787
0.0350787
0
0
0
0
0
0.0300376
0.0300376
0.0300376
0.0300376
0.0300376
0.0300376
0
0
0
0
0
0.0300376
0
0
0
0
0
0
0
0
0
0
0
0
0
0.0215265
0.0215265
0.0215265
0
0
0
0
0
0
0
0
0
0
0
0
0
0
0
0.0215265
0.0215265
0.0215265
0
0
0
0
0
0
0
0
0
0
0
0
0
0
0
0
0
0
0
0
0
0
0
0
0
0
0
0
0
0
0
0
0
0
0
0
0
0
0
0
0
0
0
0
0
0
0
0
0
0
0
0
0
0
0
0
0
0
0
0
0
0
0
0
0
0
0
0
0
0
0
0
0
0
0
0
0
0
0
0
0
0
0
0
0
0
0
0
0.0240077
0.0339227
0
0
0
0
0
0
0
0
0
0
0
0
0
0
0
0
0
0
0
0
0
0
0
0
0
0
0
0
0
0
0
0
0
0
0
0
0
0
0
0
0
0
0
0
0
0
0
0
0
0
0
0
0
0
0
0
0
0
0
0
0
0
0
0
0
0
0
0
0
0
0
0
0
0
0
0
0
0
0
0
0
0
0
0
0
0
0
0
0
0
0
0
0.0339227
0
0
0
0
0
0
0
0
0
0
0
0
0
0
0
0
0
0
0
0.023237
0.023237
0.023237
0.023237
0.023237
0
0
0
0
0
0
0
0
0
0
0
0
0.0307148
0.0307148
0
0
0.0215265
0.0215265
0.0215265
0.0215265
0.0215265
0.0215265
0.0215265
0.0215265
0.0215265
0.0215265
0.0215265
0.0215265
0.0215265
0.0215265
0.0215265
0.0215265
0.0215265
0.0215265
0.0215265
0.0215265
0.0215265
0.0215265
0.0215265
0.0215265
0.0215265
0.0215265
0.0215265
0.0215265
0.0215265
0.0215265
0.0215265
0.0215265
0.0215265
0.0215265
0.0215265
0.0215265
0.0215265
0.0215265
0.0215265
0.0215265
0.0215315
0
0
0
0
0
0
0
0
0
0
0
0.0217016
0.0217016
0.0217016
0.0217016
0
0
0
0
0
0
0
0
0
0
0
0
0
0.0545816
0.0545816
0.0545816
0.0545816
0
0
0
0
0
0.0545816
0
0
0
0
0
0
0
0
0
0.0215265
0.0215265
0.0215265
0.0215265
0.0215265
0.0215265
0.0215265
0.0215265
0.0215265
0.0215265
0.0215265
0.0215265
0.0215265
0.0215265
0.0215265
0.0215265
0.0215265
0.0215265
0.0215265
0.0215265
0.0215265
0.0215265
0.0215265
0.0215265
0
0
0
0
0.0215265
0
0
0
0
0
0
0
0.0215282
0
