0
0
0
0
0
0
0
0
0
0
0.162585
0.162585
0.162585
0.162585
0.162585
0.162585
0.162585
0
0
0
0
0
0
0
0
0
0
0
0
0
0
0
0
0
0
0
0
0
0
0
0
0
0
0
0
0
0
0
0
0
0
0
0
0
0
0
0
0
0
0
0
0
0
0
0
0
0
0
0
0
0
0
0
0
0
0
0
0
0
0
0.176547
0.1766
0
0
0
0
0
0
0
0
0
0
0
0
0
0
0
0
0
0
0
0
0
0
0
0
0
0
0
0
0
0
0
0
0
0
0
0
0
0
0
0
0
0
0
0
0
0
0
0
0
0
0
0
0
0
0
0
0
0
0
0
0
0
0
0
0
0
0
0
0
0
0
0
0
0
0
0
0
0
0
0
0
0
0
0
0
0
0
0
0
0
0
0
0
0
0
0
0
0
0
0
0
0
0
0
0
0
0
0
0
0
0
0
0
0
0
0
0
0
0
0
0
0
0
0
0
0
0
0
0
0
0
0
0
0
0
0
0
0
0
0
0
0
0
0
0
0
0
0
0
0
0
0
0
0
0
0
0
0
0
0
0
0
0
0
0
0
0
0
0
0
0
0
0
0
0
0
0
0
0
0
0
0
0
0
0
0
0
0
0
0
0
0
0
0
0
0
0
0
0
0
0
0
0
0
0
0
0
0
0
0
0
0
0
0
0
0
0
0
0
0
0
0
0
0
0
0
0
0
0
0
0
0
0
0
0
0
0
0
0
0
0
0
0
0
0
0
0
0
0
0
0
0
0
0
0
0
0
0
0
0
0.162461
0.162461
0.162461
0.162461
0.162461
0.106914
0.106914
0.106914
0.106914
0.106914
0.106914
0.106914
0.106914
0.106914
0.106914
0.166667
0.166667
0.166667
0.166667
0.166667
0.166667
0.166667
0.166667
0.166667
0.166667
0.166667
0.166667
0.166667
0.166667
0.166667
0
0
0
0
0
0
0
0
0
0
0
0
0
0
0
0
0
0
0
0
0
0
0
0
0
0
0
0
0
0
0
0
0
0
0
0
0
0
0
0
0
0
0.2578
0.2578
0.2578
0.2578
0.2578
0.155443
0.155443
0.155443
0
0
0
0
0
0
0
0
0
0
0
0
0
0
0
0
0
0
0
0
0
0
0
0
0
0
0
0
0
0
0
0
0
0
0
0
0
0
0
0
0
0
0
0
0
0
0
0
0
0
0
0
0
0
0
0
0
0
0
0
0
0
0
0
0
0
0
0
0
0
0
0
0
0
0
0
0
0
0
0
0
0
0
0
0
0
0.0486378
0
0.144277
0.163054
0.265537
0
0.162985
0
0
0.176883
0.163054
0.164403
0.16357
0
0
0
0
0
0
0
0
0
0
0
0
0
0
0
0
0
0
0
0
0
0
0
0
0
0.163027
0.163027
0.163027
0.163027
0.163027
0.163027
0.163027
0.163654
0.163654
0.163654
0
0
0
0
0
0
0
0
0
0
0
0
0
0
0
0
0
0
0
0
0
0
0
0
0
0
0
0
0
0
0
0
0
0
0
0
0
0
0
0
0
0
0
0
0
0
0
0
0
0
0
0
0
0
0
0
0
0
0
0
0
0
0
0
0
0
0
0
0
0
0
0
0.163249
0.163249
0.16371
0.163249
0.16402
0.16402
0.16402
0.162902
0.162902
0.164034
0.162902
0.162902
0.162902
0.163992
0.164034
0.163992
0.163992
0.164034
0.163992
0.163249
0.163249
0.163249
0.163992
0.169446
0.168903
0.168903
0.178281
0.105134
0
0
0
0
0.163823
0.163823
0.163823
0.163823
0.163068
0.163068
0.163068
0.163068
0.163068
0.163068
0
0
0
0
0
0
0
0
0
0.16402
0.164006
0
0
0
0
0
0
0
0
0
0
0
0
0
0
0
0
0
0
0
0
0
0
0
0
0
0
0
0
0
0
0
0
0
0
0
0
0
0
0
0
0
0
0
0
0
0
0
0
0
0
0
0
0
0
0
0
0
0
0
0
0
0
0
0
0
0
0
0
0
0
0
0
0
0
0
0
0
0
0
0
0
0
0
0
0
0
0
0
0
0
0
0
0
0
0
0
0
0
0
0
0
0
0
0
0
0
0
0.164006
0.164006
0.164006
0.164006
0.164006
0.16402
0.16402
0
0
0
0
0
0.164006
0
0.164006
0
0.164006
0.16402
0.16402
0.16402
0.164006
0.164006
0.169883
0.222471
0.162813
0.228829
0
0.164474
0
0
0
0
0
0
0.0741086
0.0793451
0.165465
0.165465
0.165567
0.165465
0.128719
0.128719
0.128719
0
0
0
0
0
0
0
0
0
0
0
0
0
0
0
0
0
0
0
0
0
0
0
0
0
0
0
0
0
0
0
0
0
0
0
0
0
0
0
0
0
0
0
0
0
0
0
0
0
0
0
0
0
0
0
0
0
0
0
0
0
0
0
0
0
0
0
0
0
0
0
0
0
0
0
0
0
0
0
0
0
0
0
0
0
0
0
0
0
0
0
0
0
0
0
0
0
0
0
0
0
0
0
0
0
0
0
0
0
0
0
0
0
0
0
0
0
0
0
0
0
0
0
0
0
0
0
0
0
0
0
0
0
0
0
0
0
0
0
0
0
0
0
0
0
0
0
0
0
0
0
0
0
0
0
0
0
0
0
0
0
0
0
0
0
0
0
0
0
0
0
0
0
0
0
0
0
0
0
0
0
0
0
0
0
0
0
0
0
0
0
0
0
0
0
0
0
0
0.210837
0.211258
0.131538
0.133124
0.133124
0
0.133145
0.0600538
0
0.060849
0.247683
0.154254
0.159143
0.253367
0
0
0
0
0
0
0
0
0
0
0
0
0
0
0
0
0
0
0
0
0
0
0
0
0
0
0
0
0
0
0
0
0
0
0
0
0
0
0
0
0
0
0
0
0
0
0
0
0
0
0
0
0
0
0
0
0
0
0
0
0
0
0
0
0.197003
0.170088
0.170088
0.16402
0.163318
0.16402
0.16402
0.170088
0.170088
0.16838
0.170088
0.170088
0
0.163668
0.163668
0.2346
0
0
0
0
0
0
0
0
0
0
0
0
0
0
0
0
0
0
0
0
0
0
0
0.162434
0.162434
0.162434
0.162434
0
0
0
0.162434
0.162434
0.162434
0.162434
0
0
0
0.16216
0.16216
0.16216
0.16216
0.162598
0.249452
0.249452
0.239281
0.239281
0.239281
0.239281
0.244769
0.249452
0
0.244769
0.244769
0.244769
0.239281
0.239281
0.239281
0.239281
0.239281
0.239281
0
0
0
0
0.242456
0.242456
0
0
0
0
0
0
0
0.242456
0.225491
0.225491
0.225491
0.225491
0.225491
0
0
0
0
0
0.226339
0.226339
0.226339
0.226339
0.226339
0.226339
0
0
0
0
0
0
0
0
0
0
0.227423
0.226339
0.226339
0
0
0.247585
0.247585
0.226339
0.226339
0.226339
0.226339
0.226339
0
0
0
0
0
0
0
0
0
0
0
0
0
0
0
0
0
0
0.226339
0
0
0
0
0
0
0
0
0
0.228446
0.228446
0.228446
0.228446
0.23172
0
0.232601
0.228446
0
0
0.245098
0
0.245098
0.245098
0.245098
0.245098
0.245098
0.239281
0
0.239281
0.239281
0.239281
0.239281
0.239281
0
0
0
0
0
0
0
0
0
0
0
0
0
0
0
0
0
0
0
0
0
0
0
0
0
0
0
0
0
0
0
0
0
0
0.225491
0.225491
0
0.239281
0.225454
0.225454
0.239281
0.239281
0.239281
0
0
0.226302
0.226302
0
0.226302
0
0
0
0
0
0
0
0
0
0
0
0
0
0
0
0
0
0
0
0
0
0
0
0
0
0
0
0
0
0
0
0
0.258295
0.258295
0.258295
0.258295
0.258295
0.258295
0.258295
0.258295
0.258295
0.258295
0.258295
0.258295
0.258295
0.258295
0.258295
0.273293
0.273293
0
0.258295
0.258295
0.258295
0.258295
0.258295
0.258295
0.258295
0.258295
0.258295
0.258295
0.280351
0.280351
0.280351
0
0.280351
0.258295
0.254837
0.254837
0.254837
0.254837
0.254837
0.254837
0.254837
0.254837
0.256333
0.256333
0.254837
0.256333
0.256333
0.254837
0.254837
0.254837
0.254837
0.254837
0.254837
0.255368
0.254837
0.254837
0.254837
0.254837
0.254837
0.254837
0.273228
0.254837
0.254837
0.254837
0.254837
0.170499
0.170499
0.258295
0.283215
0.258295
0
0.216057
0.216057
0.0792155
0
0
0.125868
0.125868
0.160743
0.174089
0.254837
0.254837
0.365636
0.365636
0
0
0.265537
0.266199
0.0837532
0.0837532
0.418121
0.418121
0
0
0
0
0
0.254837
0
0
0
0
0
0
0
0
0
0
0
0
0
0
0
0
0
0
0
0
0
0
0
0
0
0
0
0
0
0
0
0
0
0
0
0
0
0
0
0
0
0
0
0.264762
0.264762
0.264762
0.286318
0.290462
0
0
0
0.264762
0.25601
0.25601
0.25601
0
0
0
0
0.125868
0.125868
0.125868
0
0
0
0
0
0.126189
0.126189
0.125868
0.258295
0.258295
0.258295
0.258295
0.258295
0.258295
0.258295
0.273228
0.258295
0.125868
0.125868
0.125868
0
0
0
0.125868
0.125868
0
0
0
0
0
0.257691
0.257691
0
0
0
0
0
0
0
0.257691
0.257691
0.257691
0.257691
0.257691
0.257691
0.257691
0
0
0
0
0
0.257691
0.2578
0.2578
0
0
0
0
0
0
0.2578
0.2578
0.2578
0
0
0
0
0
0
0
0.2578
0.258075
0.2578
0.257691
0
0
0
0
0
0
0
0
0
0
0
0
0
0
0
0
0
0
0
0
0
0
0
0
0
0
0
0
0
0
0
0
0
0
0
0.257746
0.257746
0.257636
0.257636
0.257746
0.163859
0.257636
0.257636
0.257636
0.257636
0.257636
0.257636
0.257636
0
0
0
0.257636
0.294464
0.294464
0.294464
0.257691
0.261841
0.257691
0.257691
0.257691
0.257691
0.264999
0.264999
0
0.281272
0.257691
0
0
0
0
0.257691
0.262998
0.262998
0.0776338
0.0776338
0.0776338
0
0.257636
0
0
0
0
0.257636
0
0
0
0
0
0
0.260586
0.290462
0
0
0
0
0
0
0
0
0
0
0
0
0
0
0
0
0
0
0
0
0
0.170499
0.170499
0
0
0
0
0
0
0
0
0
0.170499
0.170499
0
0
0
0
0
0
0.170499
0.170499
0
0.170499
0.170499
0
0
0
0
0.170499
0
0
0
0
0
0
0
0
0
0
0
0
0
0
0
0
0.161824
0.161824
0.161824
0.161824
0.161824
0.161824
0
0
0
0
0
0
0.161824
0.161824
0
0.161824
0
0
0
0.162851
0.162851
0.169538
0.162851
0
0.162851
0.164925
0.164925
0.169755
0.169755
0.169972
0.164925
0.164925
0
0
0
0
0
0
0
0.162851
0.163898
0.163898
0.164369
0.164369
0
0.254837
0
0
0
0
0
0
0
0
0
0
0
0
0
0
0
0.254837
0.170088
0.170088
0.170088
0.170088
0.170088
0.162585
0.170088
0.270274
0
0
0
0.170088
0.170088
0.170088
0.170088
0
0
0
0
0
0
0
0
0
0
0
0
0
0
0
0.170088
0.170088
0
0.268646
0.166338
0
0.276416
0
0
0
0
0.287985
0.178244
0.165446
0.290619
0
0.170088
0
0.170088
0
0.154746
0.170088
0
0
0
0
0
0
0
0
0
0
0.164369
0.164686
0
0.267967
0
0.170088
0.267905
0.267905
0.267905
0
0
0
0
0
0
0
0
0
0
0
0
0
0
0
0
0
0
0
0
0
0.342997
0.422577
0.352454
0.343401
0.343401
0
0
0
0
0
0
0
0
0
0
0
0
0
0
0
0
0
0
0.375293
0
0.375293
0.486217
0.486217
0.486217
0.486217
0
0
0.486217
0.486217
0
0
0
0
0
0
0.375293
0
0
0
0
0
0
0
0
0
0
0
0
0
0
0
0
0
0
0
0
0
0
0
0
0
0
0
0.254837
0
0
0
0.170088
0.169192
0.170088
0.170088
0.170088
0
0.170088
0.16224
0.16224
0.16224
0.210352
0.162928
0.170088
0
0.170088
0
0
0
0
0
0.254837
0.254837
0
0.254837
0.254837
0.254837
0.254837
0.254837
0.254837
0.254837
0.254837
0
0
0
0
0.254837
0
0
0
0
0
0
0
0
0
0
0
0
0
0
0
0
0
0
0
0
0
0
0
0
0
0
0
0
0
0.170088
0.170088
0.170088
0.170088
0.170088
0.170088
0.170088
0.170088
0.170088
0.294219
0.294219
0.294219
0.294219
0.294219
0.294219
0.294219
0.294219
0.294219
0.261154
0.163353
0.261669
0.261669
0.0698498
0.0951734
0.261784
0
0
0
0.261784
0.177506
0
0.164726
0.164726
0
0
0
0
0.16708
0
0
0
0
0
0
0
0
0
0
0
0
0
0
0.162469
0.162469
0.164094
0
0
0
0
0
0
0
0
0
0
0
0.177506
0
0.177506
0.177506
0.177506
0
0.177506
0.177506
0
0
0
0
0
0
0
0
0
0
0
0.171074
0.171074
0
0.171074
0.171074
0.171119
0.171074
0
0
0
0
0
0
0
0
0
0
0
0
0
0
0
0
0
0
0.170896
0.174892
0
0
0
0
0
0
0
0
0
0
0
0
0
0
0
0
0
0
0
0
0
0
0
0
0
0.170088
0.170088
0.170088
0.170088
0.170088
0.170088
0.170088
0
0.170088
0.170088
0
0.170088
0.166053
0.170088
0
0.170088
0.170088
0.170088
0
0
0
0
0
0.170088
0
0
0
0
0.170088
0.170088
0
0.170088
0
0.170088
0.170088
0.170088
0
0.170088
0.170088
0.170088
0.170088
0.254837
0.254837
0.254837
0.254837
0.254837
0.259182
0.259182
0.254837
0.170088
0.170088
0.170088
0.170088
0
0
0.270085
0.192371
0.270274
0.294874
0.270274
0.270972
0.270972
0
0
0
0
0
0
0
0
0
0
0
0
0
0
0
0
0
0
0
0.162585
0
0
0
0
0
0
0
0.170088
0.170088
0.170088
0
0
0
0
0
0
0
0
0
0
0
0
0.177506
0
0
0
0
0
0.170088
0.170088
0.170088
0.178553
0.170088
0.170088
0
0.170088
0.170088
0.170088
0.170088
0.170088
0
0
0
0
0.170088
0.170088
0
0.170088
0.170088
0.170088
0
0.170088
0
0.170088
0.170088
0.170088
0.170088
0.170088
0.170088
0.170088
0.170088
0.170088
0.170088
0.170088
0.170088
0.170088
0.170088
0
0
0
0
0
0
0
0
0
0
0.170088
0.170088
0
0.170088
0.181489
0
0
0
0
0
0
0.148741
0.148741
0.148741
0
0.25813
0.156098
0.156098
0.156098
0
0
0
0
0.156098
0.156098
0.156098
0.156098
0.156098
0.160458
0
0.208013
0
0.170088
0.170088
0.170088
0.170088
0.170088
0.170088
0
0.170088
0.170088
0
0.170088
0
0.170088
0.170088
0.170088
0.170088
0.170088
0.170088
0.170088
0
0
0
0
0.170088
0.170088
0.170088
0.165486
0.165486
0
0
0.165486
0
0
0
0
0
0
0
0
0
0.164646
0.164646
0.164646
0.165165
0.163236
0
0
0.163236
0.163236
0
0
0
0
0
0
0
0
0
0
0
0
0.170088
0
0
0
0
0
0.168042
0
0
0
0
0
0
0
0
0
0
0
0
0
0
0
0
0
0
0
0.170088
0.170088
0.170088
0.170088
0
0.170088
0
0
0
0
0
0
0
0
0
0
0
0
0
0
0
0
0
0
0
0
0
0
0
0
0
0
0
0
0
0
0
0
0
0
0
0
0
0
0
0
0
0
0
0
0.170088
0.170088
0.170088
0
0.170088
0
0
0
0
0
0
0
0
0
0
0
0
0
0
0
0
0
0
0
0.170088
0.163469
0.170088
0.170088
0
0.170088
0.170088
0.170088
0
0
0
0
0
0
0
0
0.172062
0.178017
0.165005
0.176924
0.165085
0.165085
0.165085
0.165085
0.165085
0.168042
0.16855
0
0.168042
0.165085
0.173021
0.176336
0.173021
0.173021
0.17722
0.175466
0.173021
0.173021
0
0
0
0
0
0.165085
0.165085
0.165085
0.17722
0
0.17722
0.17722
0.170088
0.170088
0.167246
0
0
0
0
0
0
0
0.167915
0
0.170088
0.170088
0.170088
0.170088
0.170088
0.258295
0.177319
0.178017
0.178017
0.170088
0.170088
0.170088
0.170088
0.170088
0.170088
0.254731
0.254731
0.254731
0.170088
0.163314
0.16343
0.163314
0.163314
0.170088
0
0.170088
0.181012
0.254837
0.254837
0.254837
0.254837
0.254837
0.254837
0.254837
0.254837
0.254837
0.254837
0.254837
0
0
0
0
0.254837
0
0.254837
0.254837
0.254837
0.254837
0
0
0
0
0
0
0
0
0
0
0
0
0
0
0
0
0
0
0
0
0
0
0
0
0
0
0.170088
0
0
0
0
0
0
0
0
0
0
0
0
0
0
0
0
0
0
0
0
0
0
0
0
0
0
0
0
0
0
0
0
0
0
0
0
0
0
0
0
0
0
0
0
0
0
0
0
0.170088
0.170088
0.170088
0.170088
0.170088
0.176091
0
0.176091
0.178081
0
0.170088
0
0.170088
0.170088
0.170088
0.170088
0.163584
0.163584
0.163584
0.163584
0.163584
0.163584
0.163584
0.163584
0.193063
0.163584
0.163584
0.163584
0.163584
0.163584
0
0
0
0
0
0
0
0
0.163598
0.163598
0.163598
0.163598
0.163598
0.163598
0
0
0.163598
0
0
0
0
0
0
0
0
0
0
0
0
0
0
0
0
0
0
0
0
0
0
0
0
0
0
0.259182
0.259182
0.259182
0.259182
0.259182
0.259182
0.259182
0
0
0
0
0
0
0
0
0
0
0
0
0
0
0
0
0
0
0
0
0
0
0
0
0
0
0
0
0
0
0.14222
0.202404
0
0
0.253941
0.163598
0.163598
0.163598
0
0
0
0.163598
0.163598
0.163879
0.163598
0.163598
0.163626
0.182292
0.182292
0.163626
0.163724
0.163724
0.163724
0.163724
0.163626
0.163626
0.163626
0.182292
0.182292
0.182292
0.182292
0.182292
0.192422
0.182292
0.182292
0.182292
0
0.182292
0.182292
0.182292
0.182292
0.182292
0.182292
0.182292
0.240316
0
0.269931
0.432293
0.215967
0.163598
0.163598
0.163598
0.163598
0.19446
0.163598
0.24817
0.24817
0.24817
0.24817
0.258461
0.24817
0.163598
0.193063
0.163598
0.185803
0.163598
0.163598
0.163598
0.185803
0.185803
0.190623
0.187488
0.187488
0.187488
0.187488
0.187488
0.187488
0
0
0
0
0
0
0
0
0
0.101139
0.101118
0
0
0
0
0.163879
0.163879
0
0
0
0
0.162434
0.162434
0.162434
0.162434
0.162434
0
0
0
0
0
0
0
0
0
0
0
0
0
0
0
0
0
0
0
0
0
0
0
0
0
0
0
0
0
0
0
0
0
0
0
0
0
0
0
0
0
0
0
0
0
0
0
0
0
0
0
0
0
0
0
0
0
0
0
0
0
0
0
0
0
0
0
0
0
0
0
0
0
0
0
0
0
0
0
0
0
0
0
0
0
0
0
0
0
0
0
0
0
0
0
0
0
0
0
0
0
0
0
0
0
0
0
0
0
0
0
0
0
0
0
0
0
0
0
0
0
0
0
0
0
0
0
0
0
0
0
0
0
0
0
0
0
0
0
0
0
0
0
0
0
0
0
0
0
0
0
0
0
0
0
0
0
0
0
0
0
0
0
0
0
0
0
0
0
0
0
0
0
0
0
0
0
0
0
0
0
0
0
0
0
0
0
0
0
0
0
0
0
0
0
0
0
0
0
0
0
0
0
0
0
0
0
0
0
0
0
0
0
0
0
0
0
0
0
0
0
0
0
0
0
0
0
0
0
0
0
0
0
0
0
0
0
0
0
0
0
0
0
0
0
0
0
0
0
0
0
0
0
0
0
0
0
0
0
0
0
0
0
0
0
0
0
0
0
0
0
0
0
0
0
0
0
0
0
0
0
0
0
0
0
0
0
0
0
0
0
0
0
0
0
0
0
0
0
0
0
0
0
0
0
0
0
0
0
0
0
0
0
0
0
0
0
0
0
0
0
0
0
0
0
0
0
0
0
0
0
0
0
0
0
0
0
0
0
0
0
0
0
0
0
0
0
0
0
0
0
0
0
0
0
0
0
0
0
0
0
0
0
0
0
0
0
0
0
0
0
0
0
0
0
0
0
0
0
0
0
0
0
0
0
0
0
0
0
0
0
0
0
0
0
0
0
0
0
0
0
0
0
0
0.162174
0.162174
0.162174
0.162174
0.162174
0.162174
0.16231
0.162215
0.162585
0.162174
0
0.162585
0.162585
0
0
0
0.199879
0.182857
0.199879
0.199879
0.199879
0.199879
0.199879
0.199879
0.258295
0
0.199879
0.199879
0.199879
0.182857
0.182857
0.182857
0.182857
0.182857
0.182857
0.182857
0.254837
0.254837
0.254837
0.254837
0.254837
0.254837
0.254837
0.182857
0
0.193023
0.226043
0.185251
0
0
0
0
0.254837
0.254837
0
0.184987
0.184987
0.184987
0.184987
0.184987
0.184987
0
0
0
0
0.154418
0
0.188831
0.188831
0.190512
0.210568
0.235014
0.157624
0
0
0
0.187131
0.187131
0.263406
0.187152
0
0.187152
0.228944
0
0.186463
0.186484
0.254837
0
0
0
0
0
0
0.164275
0.164275
0.164275
0.164275
0
0
0
0
0.164289
0.164289
0.164289
0.164289
0.164289
0.164289
0.164289
0.164275
0
0.164573
0
0
0
0
0
0
0
0
0
0
0
0
0
0
0
0
0
0
0
0
0
0
0
0
0
0
0
0
0
0
0
0
0
0
0
0
0
0
0
0
0
0
0
0
0.10453
0.10453
0.10453
0.254204
0
0
0
0
0
0
0
0
0
0
0
0
0
0.104469
0.104469
0.104469
0.104469
0.104469
0.104469
0.104469
0
0
0
0
0
0
0
0
0.104551
0.104551
0
0
0.10453
0.10453
0.10453
0
0
0
0
0
0
0
0
0
0
0
0
0
0
0
0
0
0
0
0
0
0
0
0
0
0
0
0
0
0
0
0
0
0
0
0
0
0
0.10453
0
0
0
0
0
0
0
0
0
0
0
0
0
0
0
0
0
0
0
0
0
0
0
0
0
0
0
0
0
0
0
0
0
0
0
0
0.125235
0.125235
0.125235
0.125235
0.125235
0.125235
0.125235
0.125235
0.125235
0.139158
0.139158
0
0
0
0.139158
0
0.126068
0
0
0
0
0.353553
0.133774
0
0
0
0
0
0
0
0
0
0
0
0
0
0
0
0
0
0
0
0
0
0
0
0
0
0.16343
0.16343
0.162434
0.162434
0.162434
0.162434
0.162434
0.162434
0.162434
0.162434
0.162434
0.162434
0.162434
0.162434
0.162434
0.162434
0.162434
0.162434
0.162434
0.162434
0.162434
0.162434
0
0
0
0.162434
0.162434
0.162434
0.162434
0.162434
0.162434
0.162434
0.162434
0.162434
0.162598
0.162598
0.162598
0.162626
0.162626
0.162598
0.162598
0.162626
0.163626
0
0
0
0.162598
0.176583
0
0
0
0
0.162598
0
0.162598
0.162598
0.162598
0.162598
0.24034
0.162598
0.162598
0
0
0.104662
0.104662
0.104683
0.104683
0.104662
0.104662
0
0
0.104571
0.104571
0.104571
0.104571
0.104571
0.104571
0
0
0
0
0
0.104652
0.104571
0.104571
0.104571
0.104571
0.104571
0
0.104571
0.104571
0.104571
0.104795
0.104795
0.104571
0.104571
0
0.104571
0
0.104571
0.104571
0.104571
0
0.104571
0.104571
0
0
0
0.104571
0.104571
0.104571
0.104571
0.104571
0.104571
0.104571
0.104571
0.104571
0.104571
0.104571
0.104571
0.104795
0.104795
0.104795
0
0.104795
0.104571
0.104571
0.104571
0.104571
0
0.104571
0.104571
0
0
0
0
0
0
0
0
0
0
0
0
0
0
0
0
0
0
0
0
0
0
0
0
0
0
0
0
0
0
0
0
0
0
0
0
0
0
0
0
0
0
0
0
0
0
0
0
0
0
0
0
0
0
0
0
0
0
0
0
0
0
0
0
0
0
0
0
0
0
0
0
0
0
0
0
0
0
0
0
0
0
0
0
0
0
0
0
0
0
0
0
0
0
0
0
0
0
0
0
0
0
0
0
0
0
0
0
0
0
0
0
0
0
0
0
0
0
0
0
0
0
0
0
0
0
0
0
0
0
0
0
0
0
0
0
0
0
0
0
0.163992
0.163992
0
0.163992
0.163992
0.163992
0
0.163992
0
0
0
0.171072
0.140692
0
0
0
0
0
0
0
0
0
0.183645
0
0
0
0
0
0
0
0
0
0
0
0
0
0
0
0
0
0
0
0
0
0
0
0
0
0
0
0
0
0
0
0
0
0
0
0.209243
0.170088
0.170088
0.170088
0
0
0
0
0
0
0
0
0.254731
0.254731
0.254731
0
0
0
0
0
0
0
0
0
0
0
0
0
0
0
0
0
0
0
0
0
0
0
0
0
0
0
0
0
0
0
0
0
0
0
0
0
0
0
0
0
0
0
0
0
0
0
0
0
0
0
0
0
0
0
0
0
0
0
0
0
0
0
0
0
0
0
0
0
0
0
0
0
0
0
0
0
0
0
0.0806347
0
0.0806347
0
0
0.189117
0.189117
0.189117
0.190762
0.189117
0.189117
0.163865
0
0
0
0
0
0
0
0
0
0
0
0
0
0
0
0
0
0
0
0
0
0
0
0
0
0
0
0
0
0
0
0
0
0
0
0
0
0
0
0
0
0
0
0
0.164034
0.164034
0.164034
0.164034
0.164034
0
0
0
0
0
0
0
0.162434
0.162434
0
0
0
0
0
0
0.163738
0.163738
0.163738
0.163668
0
0
0
0
0.163865
0.163865
0.163865
0
0
0.172074
0.172074
0
0
0
0.163865
0.163865
0
0.162598
0.129663
0.129663
0.129663
0.129663
0
0.129663
0.133726
0.129663
0
0
0
0
0
0
0
0.164616
0.518476
0.163823
0
0
0
0
0
0
0
0
0
0
0
0
0
0
0
0
0
0
0
0
0
0
0
0
0
0
0
0
0
0
0
0.182601
0
0
0
0
0
0
0
0
0
0
0
0
0
0
0
0
0
0
0
0
0
0
0
0
0
0
0
0
0
0
0
0
0
0
0
0
0
0
0
0
0
0
0.162585
0
0
0
0
0
0
0
0
0
0
0
0
0
0
0
0
0
0
0.162585
0.162585
0.162585
0.162585
0.162585
0.162585
0.162585
0
0
0
0
0
0
0
0
0
0
0
0
0
0
0
0
0
0
0
0
0
0
0
0
0
0
0
0
0
0
0
0
0
0
0
0
0
0
0
0
0
0
0
0
0
0
0
0
0
0
0
0
0
0
0.26488
0.26488
0.26488
0.26488
0
0
0
0.282563
0.282418
0.272319
0
0
0
0
0
0
0
0
0
0.47036
0
0
0
0
0
0
0
0
0
0.404226
0
0
0
0
0
0
0
0
0
0
0
0
0
0
0
0
0
0
0
0
0
0
0
0
0
0
0
0
0
0
0
0
0
0
0
0
0
0
0
0
0
0
0
0
0
0
0
0
0
0
0
0
0
0
0
0
0
0
0
0
0
0
0
0
0
0
0
0
0
0
0
0
0
0
0
0
0
0
0
0
0
0
0
0
0
0
0
0
0
0
0
0
0
0
0
0
0
0
0
0
0
0
0
0
0
0
0
0
0
0
0
0
0
0
0
0
0
0
0
0
0
0
0
0
0
0
0
0
0
0
0
0
0
0
0
0
0
0
0
0
0
0
0
0
0
0
0
0
0
0
0
0
0
0
0
0
0
0
0
0
0
0
0
0
0
0
0
0
0
0
0
0
0
0
0
0
0
0
0
0
0
0
0
0
0
0
0
0
0
0
0
0
0
0
0
0
0
0
0
0
0
0
0
0
0
0
0
0
0
0
0
0
0
0
0
0
0
0
0
0
0
0
0
0
0
0
0
0
0
0
0
0
0
0
0
0
0
0
0
0
0
0
0
0
0
0
0
0
0
0
0
0
0
0
0
0
0
0.162598
0.162598
0.162598
0.162598
0.162598
0.162598
0.162598
0.162598
0.162598
0.162598
0.162598
0.162598
0.162598
0.162598
0.162598
0.162598
0.162598
0.162598
0.162598
0.162598
0.162598
0.162598
0.162598
0.162598
0.162598
0.162598
0.162598
0.162598
0.162598
0.162598
0.162598
0.162598
0.162598
0.162598
0.162598
0.162598
0.162598
0.162598
0.162598
0.162598
0.162598
0.162598
0.162598
0.162598
0.162598
0.162598
0.162598
0.162598
0.162598
0.162598
0.162598
0.162598
0.162598
0.162598
0.162598
0.162598
0.162598
0.162598
0.162598
0.162598
0.162598
0.162598
0.162598
0.162598
0.162598
0.162598
0.162598
0.162598
0.162598
0.162598
0.162598
0.162598
0.162598
0.162598
0.162598
0.162598
0.162598
0.162598
0.162598
0.162598
0.162598
0.162598
0.162598
0.162598
0.162598
0.162598
0.162598
0.162598
0.162598
0.162598
0.162598
0.162598
0.162598
0.162598
0.162598
0.162598
0.162598
0.162598
0.162598
0.162598
0.162598
0.162598
0.162598
0.162598
0.162598
0.162598
0.162598
0.162598
0.162598
0.162598
0.162598
0.162598
0.162598
0.162598
0.162598
0.162598
0.162598
0.162598
0.162598
0.162598
0.162598
0.162598
0.162598
0.162598
0.162598
0.162598
0.162598
0.162598
0.162598
0.162598
0.162598
0.162598
0.162598
0.162598
0.162598
0.162598
0.162598
0.162598
0.162598
0.162598
0.162598
0
0
0
0
0
0
0
0
0
0
0
0
0
0
0
0
0
0
0
0
0
0
0
0
0
0
0
0
0
0
0
0
0
0
0.162598
0
0.16286
0.16286
0.162598
0
0
0
0
0.16286
0.16286
0
0
0
0
0
0
0
0
0
0
0
0
0
0
0
0
0
0
0
0
0
0
0
0
0
0
0
0
0.162626
0
0
0
0
0
0
0
0
0
0
0
0.173913
0.173913
0.163738
0
0
0
0
0
0
0
0
0
0
0
0
0
0
0
0
0.170753
0.170753
0.170753
0.163851
0
0
0
0
0
0
0
0
0
0
0
0
0
0
0
0
0
0
0
0
0
0
0.259238
0.259238
0.259238
0.259238
0.259238
0.259238
0.259238
0.259238
0.259294
0.259294
0.259238
0.259238
0.259238
0.259238
0.259238
0.259238
0.259238
0.259238
0.259238
0.259238
0.259238
0.259238
0.259238
0.262881
0.259238
0.259238
0.259238
0.259238
0.259238
0.259238
0
0
0.259238
0.259238
0.259238
0.259238
0.264999
0.264999
0.264999
0.264999
0.163005
0.163005
0.264999
0.264999
0.264999
0.264999
0.264999
0.265477
0
0.265477
0.266319
0.266259
0.266259
0.26638
0.266259
0.266259
0
0.266259
0.159313
0.273555
0.273555
0.200733
0.273883
0.273883
0.163741
0.164054
0.164054
0.0792952
0.164054
0.170985
0.170985
0.170985
0.170985
0.17103
0.170985
0.170985
0.170985
0.264999
0.269707
0.269833
0.165647
0.166257
0.166257
0.166257
0
0
0.28014
0.216982
0.269833
0.265357
0.265357
0.265357
0.265357
0.265357
0.265357
0.265357
0.265357
0.265357
0.265357
0.265357
0.265357
0.265357
0.265357
0.265357
0.265357
0.265357
0.138515
0.138515
0.252252
0.252252
0.162585
0.162585
0.162585
0.162585
0.162585
0.162585
0.162585
0.162585
0.162585
0.162585
0.162585
0.162585
0.162585
0.162585
0.162585
0.162585
0.162585
0.162585
0.162585
0.162585
0.162585
0.162585
0.162585
0.162585
0.162585
0.162585
0.162585
0.162585
0.162585
0.162585
0
0
0.265357
0.265357
0.265357
0.265357
0.265357
0.265357
0.163236
0.265357
0.265357
0.267292
0.267292
0.267292
0.267292
0.267292
0.267292
0.267292
0.267292
0.267292
0.267292
0.265357
0.265357
0.265357
0.265357
0.265357
0.163236
0.265357
0.265357
0.265357
0.265957
0.265957
0
0
0
0.265957
0.265357
0
0
0
0.265357
0.265357
0.267598
0.267598
0.267598
0.267598
0.267598
0
0.265357
0.265357
0.265357
0.265837
0.265837
0.267598
0
0.267598
0.267598
0
0
0.427179
0.427179
0
0
0
0
0
0
0.40032
0.40032
0.0872506
0.0872506
0.272319
0.272448
0
0
0
0
0
0.163937
0.163937
0.163937
0
0
0
0.132037
0.132037
0.132037
0
0
0
0.173657
0.173657
0.173657
0.288675
0.288675
0.288675
0
0
0
0
0
0
0
0
0
0
0
0
0
0
0
0
0
0
0
0
0
0
0
0
0
0
0
0
0
0
0
0
0
0
0
0
0
0
0
0
0
0
0
0
0
0
0
0
0
0
0
0
0
0
0
0
0
0
0
0
0
0
0
0
0
0
0
0
0
0.22696
0.22696
0.22696
0
0
0
0
0
0
0
0
0
0
0
0
0
0
0
0
0.267598
0.267598
0.265957
0.265957
0.344214
0.344214
0
0
0
0
0
0
0
0
0
0
0
0.265357
0.265357
0.266865
0.265357
0.265357
0.266865
0.266865
0
0.266865
0.123466
0
0.123466
0.266865
0.266865
0.22696
0.22696
0.22696
0.22696
0.0802702
0.0802702
0.0802702
0.0802702
0.101388
0.101388
0
0.0802702
0.230144
0.230144
0
0
0
0
0
0
0
0
0
0
0
0
0
0
0
0
0
0
0
0
0
0
0
0
0
0
0.419591
0.419591
0.419591
0.422577
0.545545
0
0
0
0
0
0
0
0
0
0
0
0
0
0
0
0
0
0
0
0
0
0
0
0
0
0
0
0
0
0
0
0
0
0
0
0
0
0
0
0
0
0
0
0
0
0
0
0
0
0
0
0
0
0
0
0
0
0
0
0
0
0
0
0
0
0
0
0
0
0
0
0
0
0
0
0
0
0
0
0
0
0
0
0
0
0
0
0
0
0
0
0
0
0
0.230144
0.230144
0.265837
0.265837
0.266561
0.160891
0.160891
0.409769
0.409769
0.409769
0.518786
0.518786
0.520031
0.160891
0.160891
0.163937
0.080023
0.16589
0.16589
0.16589
0.16589
0
0
0.16589
0.16589
0.16589
0.16589
0.16589
0.165931
0.165931
0
0
0
0
0
0.16589
0
0
0
0
0
0
0
0
0
0
0
0
0
0.132037
0.132037
0.132037
0.132037
0.132037
0.139591
0.139591
0.139591
0.139591
0.139591
0.139864
0.139591
0
0.143978
0.20016
0
0.132037
0.132037
0
0
0
0
0
0
0
0
0
0
0
0
0
0
0
0
0
0
0
0
0
0
0
0
0.267598
0.267598
0.267598
0.16585
0.16585
0
0.16585
0
0
0
0
0
0
0
0
0
0
0
0.16585
0.16585
0
0
0
0
0
0
0
0
0
0
0
0
0
0
0.267598
0.173657
0.173657
0.173657
0
0
0
0.174078
0.181728
0.181728
0.181728
0.181728
0.209427
0.209427
0.209427
0.181728
0
0.181728
0.181728
0.181728
0
0.174078
0.156098
0.156098
0.156098
0.156098
0.156098
0.156098
0.156098
0
0
0
0
0
0.156098
0.156098
0.156098
0.156098
0
0.156098
0.288675
0.288675
0
0.288675
0.288675
0.288675
0.288675
0.288675
0
0.288675
0.288675
0
0
0.295084
0.288675
0.288675
0
0
0
0
0
0
0
0
0
0
0
0
0
0
0
0
0
0
0
0
0
0
0
0
0
0
0
0
0
0
0
0
0.267782
0.267782
0.141762
0.267782
0
0
0
0
0
0
0.163702
0.163702
0.269394
0.269394
0.266743
0.266743
0.266743
0.177121
0.177867
0.177867
0.177867
0.177121
0
0
0.266743
0.300481
0.266743
0
0
0
0
0.267292
0.259126
0.259126
0.259126
0.259126
0.259126
0.259126
0.259126
0.259126
0.515491
0.259126
0
0
0
0
0.16343
0.16343
0.16343
0.16343
0.16343
0.16343
0.16343
0.16343
0.16343
0
0
0
0
0
0
0
0
0
0
0
0
0
0
0
0
0
0
0
0
0
0
0
0
0
0
0
0
0
0
0
0
0
0
0
0
0
0
0
0
0
0
0
0
0
0
0
0
0
0
0
0
0
0
0
0
0
0
0
0
0
0
0
0
0
0
0
0
0
0
0
0
0
0
0
0
0
0
0
0
0
0
0
0
0
0
0
0
0
0
0
0
0
0
0
0
0
0
0
0
0
0
0
0
0
0
0
0
0
0
0
0
0
0
0
0
0
0
0
0
0
0
0
0
0
0
0
0
0
0
0
0
0
0
0
0
0
0
0
0
0
0
0
0
0
0
0
0
0
0
0
0
0
0
0
0
0
0
0
0
0
0
0
0
0
0
0
0
0
0
0
0
0
0
0
0
0
0
0
0
0
0
0
0
0
0
0
0
0
0
0
0
0
0
0
0
0
0
0
0
0
0
0
0
0
0
0
0
0
0
0
0
0
0
0
0
0
0
0
0
0
0
0
0
0
0
0
0
0
0
0
0
0
0
0
0
0
0
0
0
0
0
0
0
0
0
0
0
0
0
0
0
0
0
0
0
0
0
0
0
0
0
0
0
0
0
0
0
0
0
0
0
0
0
0
0
0
0
0
0
0
0
0
0
0
0
0
0
0
0
0
0
0
0
0
0
0
0
0
0
0
0
0
0
0
0
0
0
0
0
0
0
0
0
0
0
0
0
0
0
0
0
0
0
0
0
0
0
0
0
0
0
0
0
0
0
0
0
0
0
0
0
0
0
0
0
0
0
0
0
0
0.127986
0
0
0
0.087841
0
0
0
0
0
0
0
0
0
0
0
0
0
0
0
0
0.194625
0
0
0
0
0
0
0
0
0
0
0
0
0
0
0.182799
0
0.182799
0
0
0
0
0
0
0
0
0
0
0.255488
0.287718
0
0
0
0
0
0
0
0.180441
0.181656
0.180441
0.180441
0.189655
0.206534
0
0
0
0
0
0
0
0
0
0
0
0
0
0
0
0
0
0
0
0
0
0
0
0
0
0
0
0
0
0
0
0
0
0
0
0
0
0
0
0
0
0
0
0
0
0
0
0
0
0
0
0
0
0
0
0
0
0
0.195623
0.215549
0.182002
0
0
0
0
0
0
0
0
0
0
0
0
0
0
0
0
0
0
0
0
0
0
0
0.197224
0.219197
0
0.198014
0
0
0
0
0
0
0
0
0
0
0
0
0
0
0
0
0
0
0
0
0
0
0
0
0
0
0
0
0
0
0
0
0
0
0
0
0
0
0
0
0
0
0
0
0
0
0
0
0
0
0
0
0
0
0
0
0
0
0
0
0
0
0
0
0
0
0
0
0
0
0
0
0
0
0
0
0
0
0
0
0
0
0
0
0
0
0
0
0
0
0
0
0
0
0
0
0
0
0
0
0
0
0
0
0
0
0
0
0
0
0
0
0
0
0
0
0
0
0
0
0
0
0
0
0
0
0
0
0
0
0
0
0
0
0
0
0
0
0
0
0
0
0
0
0
0
0
0
0
0
0
0
0
0
0
0
0
0
0
0
0
0
0
0
0
0
0
0
0
0
0
0
0
0
0
0
0
0
0
0
0
0
0
0
0
0
0
0
0
0
0
0
0
0
0
0
0
0
0
0
0
0
0
0
0
0
0
0
0
0
0
0
0
0
0
0
0
0
0
0
0
0
0
0
0
0
0.184987
0.184987
0.184987
0.186318
0.186318
0.184987
0.189416
0.184987
0.182292
0.182292
0.182292
0
0
0
0
0
0.182292
0.255102
0.255102
0.255102
0.255102
0.255102
0
0
0
0
0
0
0
0
0
0
0
0
0
0
0
0
0
0
0
0
0
0
0
0
0
0
0
0
0
0
0
0
0
0
0
0
0
0
0
0
0
0
0
0
0
0
0
0
0
0
0
0
0
0
0
0
0
0
0
0
0
0
0
0
0
0
0
0
0
0
0
0
0
0
0
0
0
0
0
0
0
0
0
0
0
0
0
0
0
0
0
0
0
0
0
0
0
0
0
0
0
0
0
0.162585
0.162585
0.162585
0
0
0
0
0
0
0
0
0
0
0
0
0
0
0
0
0
0
0
0
0
0
0
0
0
0
0
0
0
0
0
0
0
0
0
0
0
0
0
0
0
0
0
0
0
0
0
0
0
0
0
0
0
0
0
0
0
0
0
0
0
0
0
0
0
0
0
0
0
0
0
0.163556
0.163556
0.163556
0.163556
0
0
0
0
0.16253
0.16253
0
0
0
0
0
0
0
0
0
0
0
0
0
0
0
0
0
0
0
0
0
0
0
0
0
0
0
0
0
0
0
0
0
0
0
0
0
0
0
0
0
0
0
0
0
0
0
0
0
0
0
0
0
0
0
0
0
0
0
0
0
0
0
0
0
0
0
0.254837
0.254837
0.254837
0.254837
0.254837
0.254837
0.0790569
0.0790569
0
0
0
0.254837
0.162698
0.162698
0.162698
0.158928
0.158964
0
0
0
0
0
0
0
0
0
0
0
0.0606696
0.0606696
0
0
0
0
0
0
0
0
0.0606696
0.239281
0.159801
0.239281
0.239281
0.239281
0.239281
0.239281
0.239281
0.239281
0.239281
0.239281
0.239281
0.239281
0.239281
0.239281
0.239281
0.239281
0.239281
0.239281
0.239281
0.239281
0.239281
0
0
0
0
0
0
0.239281
0.239281
0
0.239281
0.239281
0.239281
0.239281
0.239281
0.239281
0.239281
0.239281
0.159719
0.239281
0.239281
0.239281
0.239281
0.239281
0.239281
0.239281
0.239281
0.239281
0.2578
0
0
0.270591
0
0
0.239281
0.239281
0
0.295656
0
0
0
0.241594
0
0
0
0.239369
0.239281
0.313728
0.313728
0
0
0
0
0
0
0
0
0
0
0
0
0.239281
0.239281
0
0
0.149197
0.149197
0
0
0
0
0
0
0
0
0
0
0.276266
0.276266
0
0
0
0.111887
0.111887
0.313728
0.313728
0.313728
0.313728
0.360844
0
0.313728
0.313728
0
0
0
0
0
0
0
0
0
0
0
0
0
0
0
0
0
0
0
0
0
0
0
0
0
0
0
0
0
0
0
0
0
0
0
0
0
0
0
0
0
0
0
0
0
0
0
0
0
0
0
0
0
0.239281
0.239281
0
0.239281
0.239281
0.275542
0.239281
0.239369
0.253471
0.239281
0.239413
0
0.239633
0
0.239281
0
0
0
0
0
0.149197
0.149197
0.149197
0
0
0
0
0
0
0
0
0
0
0
0
0
0
0
0
0
0
0
0
0
0
0
0
0
0
0
0
0
0
0
0
0
0
0
0
0
0
0
0
0
0
0
0
0
0
0
0.276266
0.276266
0
0
0
0
0
0
0
0
0
0.276266
0.284491
0.276266
0.276642
0
0.276266
0.111887
0.111887
0.111887
0.239544
0
0.238887
0.238887
0.239721
0.239106
0.365636
0
0
0
0
0
0
0
0
0
0
0
0
0
0
0
0
0
0
0
0
0
0
0
0
0
0.23915
0.23915
0.171926
0.23915
0.243143
0.239721
0.238931
0
0
0
0
0
0.238931
0.239281
0.239281
0.239281
0.239281
0.240296
0
0
0
0
0
0
0
0
0
0
0
0
0
0
0
0
0.241775
0
0
0
0
0
0
0
0
0
0
0
0
0
0
0.240296
0.148348
0
0.240474
0.242501
0.149108
0.216219
0
0
0
0
0
0
0
0
0
0
0
0
0
0
0
0
0
0
0
0.159801
0
0
0
0
0
0
0
0
0
0.239281
0.239281
0.239281
0.239281
0.239281
0.239281
0
0
0
0
0
0
0
0
0.343401
0.343401
0.343401
0.343401
0.343401
0.343401
0.343401
0.343401
0.343401
0.343401
0.343401
0.343401
0.343401
0.343401
0.343401
0.343401
0.343401
0.343401
0.343401
0.343401
0.343401
0.343401
0.343401
0.343401
0.343401
0
0.343401
0.343401
0.343401
0.343401
0.343401
0.343401
0
0
0
0
0
0
0.343401
0
0
0.343401
0
0
0
0
0
0
0
0
0
0
0
0
0
0
0
0
0
0
0
0
0
0
0
0
0
0
0
0
0
0
0
0
0
0.348367
0.348367
0
0
0.46225
0.548821
0.548821
0.548821
0
0.548821
0
0
0
0
0.343401
0
0
0
0
0
0
0
0
0
0
0
0
0
0
0
0
0
0
0
0
0
0
0
0
0
0
0
0
0
0
0
0
0
0
0
0
0
0.348367
0.349215
0.349215
0
0.359908
0
0.349215
0
0
0
0
0
0.348367
0
0
0
0
0
0
0
0
0
0
0
0
0
0
0
0
0
0
0
0
0
0
0
0
0
0
0
0
0
0
0
0
0
0
0
0
0
0
0
0
0
0
0
0
0
0
0
0
0
0
0
0
0
0
0
0
0
0
0
0
0
0
0
0
0
0
0
0
0
0
0
0
0
0
0
0
0
0
0
0
0
0
0
0
0
0
0
0
0
0
0
0
0
0
0
0
0
0
0
0
0
0
0
0
0
0
0
0
0
0
0
0
0
0
0
0
0
0
0
0
0
0
0
0
0
0
0
0
0
0
0
0
0
0
0
0
0
0
0
0
0
0
0
0
0
0
0
0
0
0
0
0
0
0
0
0
0
0
0
0
0
0
0
0
0
0
0
0
0
0
0
0
0
0
0
0
0
0
0
0.182857
0.254837
0.184987
0.184987
0.184987
0.184987
0.184987
0.184987
0.184987
0.184987
0.184987
0.184987
0.184987
0.184987
0
0.23236
0
0.468807
0
0.224733
0
0
0
0.284901
0.284901
0.284901
0.319569
0
0
0
0
0
0.255049
0.271996
0
0.357371
0.357371
0.357371
0.254837
0.254837
0.254837
0.256765
1
0
1
0
0
0
0
0
0
0
0
0
0.253315
0.253315
0.253315
0.253315
0.253315
0.253315
0.253315
0.223161
0.223161
0
0
0
0
0
0
0
0
0
0
0
0
0
0
0
0
0
0
0
0
0
0.230879
0
0
0
0
0
0
0
0
0
0
0
0
0
0
0
0
0
0
0
0
0
0
0
0
0
0
0
0
0
0
0
0.440225
0
0
0
0
0
0
0
0
0
0
0
0
0
0
0
0
0
0
0
0
0
0
0
0
0
0
0
0
0
0
0
0
0
0
0
0
0
0
0
0
0
0
0
0
0
0
0
0
0
0
0
0
0
0
0
0
0
0
0
0
0
0
0
0
0
0
0
0
0
0
0
0
0
0
0
0
0
0
0
0
0
0
0
0
0
0
0
0
0
0
0
0
0
0
0
0
0
0
0
0
0
0
0
0
0.252435
0.252435
0.252435
0.252435
0.252435
0.252435
0.252435
0.252435
0.252435
0.566139
0.566139
0.566139
0.566139
0.566139
0
0.419591
0
0
0
0
0
0
0
0
0
0
0
0
0
0
0
0
0
0
0
0
0
0
0
0
0
0
0
0
0
0
0
0
0
0
0
0
0
0
0
0
0
0
0
0
0
0
0
0
0
0
0
0
0
0
0
0
0
0
0
0
0
0
0
0
0
0
0
0
0
0
0
0
0.47036
0
0
0
0
0
0
0
0
0
0
0
0
0
0
0
0
0
0
0
0
0
0
0
0
0
0
0
0.170088
0.170088
0.170088
0.170088
0.170088
0.170088
0.170088
0.170088
0.170088
0.170088
0.170088
0.170088
0.170088
0.170088
0.170088
0.170088
0.170088
0.170088
0.170088
0.170088
0.170088
0.170088
0.170088
0.170088
0.170088
0.170088
0.170088
0.170088
0.170088
0.170088
0.170088
0.170088
0.170088
0.170088
0.170088
0.170088
0.170088
0.170088
0.170088
0.170088
0.170088
0.170088
0.170088
0.170088
0.170088
0.170088
0.170088
0.170088
0.170088
0.170088
0.170088
0.170088
0.170088
0.170088
0.170088
0.170088
0
0
0.170088
0.170088
0.170088
0.170088
0.170088
0.170088
0.170088
0.170088
0.170088
0.170088
0.170088
0.170088
0.170088
0.170088
0.170088
0.170088
0.170088
0.170088
0
0
0
0.254731
0.169149
0.170088
0.170088
0.170088
0.170088
0.170088
0.170088
0.170088
0.170088
0.170088
0.170088
0.170088
0.170088
0.170088
0.170088
0.170088
0.170088
0.170088
0.170088
0.170088
0.170088
0.170088
0.170088
0.170088
0.170088
0.170088
0.170088
0.170088
0.170088
0.170088
0.170088
0.170088
0.170088
0.170088
0.170088
0.170088
0.170088
0.170088
0.170088
0.170088
0.170088
0.170088
0.170088
0.170088
0.170088
0.170088
0.170088
0.170088
0.170088
0.170088
0.170088
0.170088
0.170088
0.170088
0.170088
0.170088
0.170088
0.170088
0.170088
0.170088
0.170088
0.170088
0.170088
0.170088
0.170088
0.170088
0.170088
0.170088
0.170088
0.170088
0.170088
0.170088
0.170088
0.170088
0.170088
0.170088
0.170088
0.170088
0.170088
0.170088
0.170088
0.170088
0.170088
0.170088
0.170088
0.170088
0.170088
0.170088
0.170088
0.170088
0.170088
0.170088
0.170088
0.170088
0.170088
0.170088
0.170088
0.170088
0.170088
0.170088
0.170088
0.170088
0.170088
0.170088
0.170088
0.170088
0.170088
0.170088
0.170088
0.170088
0.170088
0.170088
0.170088
0.170088
0.170088
0.170088
0.170088
0.170088
0.170088
0.170088
0.170088
0.170088
0.170088
0.170088
0.170088
0.170088
0.170088
0.170088
0.170088
0.170088
0.170088
0.170088
0.170088
0.170088
0.170088
0.170088
0.170088
0.170088
0.170088
0.170088
0.170088
0.170088
0.170088
0.170088
0.170088
0.170088
0.170088
0.170088
0.170088
0.170088
0.170088
0.170088
0.170088
0.170088
0.170088
0.170088
0.170088
0.170088
0.170088
0.170088
0.170088
0.170088
0.170088
0.170088
0.170088
0
0
0.170088
0.170088
0.170088
0.170088
0.170088
0.170088
0.170088
0.170088
0.170088
0.170088
0.170088
0.170088
0.170088
0.170088
0.170088
0.170088
0.170088
0.170088
0.170088
0
0
0
0
0
0.170088
0
0
0
0
0
0
0
0
0
0
0
0
0
0
0
0
0
0
0
0
0
0
0
0
0
0
0
0
0
0
0
0.163586
0
0.163586
0.163586
0
0
0
0
0
0
0
0.253003
0
0.253003
0.170088
0.170088
0.170088
0.273098
0.273098
0
0
0
0.273098
0
0
0
0.254837
0
0
0.254837
0.254837
0.254837
0.254837
0.254837
0
0
0
0
0.254837
0.170088
0.170088
0.179182
0.169149
0.177399
0.0897448
0.170088
0.170088
0.170088
0.170088
0.254731
0.254731
0.254731
0.254731
0
0.170088
0.170088
0
0
0
0.170088
0
0
0
0
0
0
0
0.170088
0.170088
0.170088
0.170088
0.170088
0.170088
0.170088
0.170088
0.170088
0.170088
0.170088
0.170088
0.170088
0
0
0
0.170088
0
0
0
0
0
0
0
0
0
0.163741
0
0
0
0
0
0
0.272319
0
0
0
0.272319
0
0
0
0
0
0
0
0.272319
0
0.172608
0.5
0.5
0
0.518476
0.178978
0
0.177967
0
0
0
0
0
0
0
0
0.273098
0.273098
0
0.273098
0.169278
0.169278
0
0
0
0
0
0.169278
0.28249
0
0
0
0
0
0
0
0
0
0
0
0
0
0
0
0
0
0
0
0
0
0
0
0
0
0
0
0
0
0
0
0
0
0
0
0
0
0
0
0
0
0
0
0
0
0
0
0
0
0.266743
0.266743
0.266743
0.2578
0.2578
0.2578
0.251922
0.251922
0.251922
0.251922
0.251922
0.251922
0.251922
0
0
0
0
0
0
0.209611
0.209611
0.209611
0.209611
0.209611
0.209611
0.209611
0.209611
0.209611
0.211857
0.211857
0.211857
0.211857
0.445435
0.445435
0.445435
0.521286
0.445435
0
0
0
0
0
0
0
0.211857
0.213007
0.211857
0.209611
0.154483
0.431934
0.154647
0.251922
0
0
0
0
0
0
0
0
0
0
0
0
0
0
0
0
0
0
0
0
0
0
0
0
0
0
0
0
0
0
0
0
0
0
0
0
0
0
0
0
0
0
0
0
0
0
0
0
0
0
0
0.249353
0.253419
0.253419
0.253419
0.254731
0.163082
0.163082
0
0
0
0
0
0
0
0
0
0
0
0.162434
0
0.163626
0.163626
0.163626
0.163626
0
0
0
0
0
0
0
0
0
0
0
0
0
0.162598
0.162598
0.162598
0.162598
0.162598
0.162598
0.133774
0.133774
0
0.148348
0.148348
0.133774
0
0
0
0
0
0.163696
0.0849412
0.171072
0.140692
0
0
0
0.170865
0.170865
0.0673955
0.0683714
0.0673955
0.170865
0
0
0
0
0
0
0
0
0
0
0
0
0
0
0
0
0
0
0
0
0
0
0
0
0
0
0
0
0
0
0
0
0
0
0
0
0
0
0
0.162434
0.162434
0.162434
0.162434
0.162434
0.16242
0.16242
0.16242
0.16242
0.16242
0.16242
0.162434
0.162434
0.162434
0.162434
0
0
0
0
0
0
0
0
0
0.162585
0
0.162585
0.162585
0.162585
0.162585
0.162585
0.162585
0
0.162585
0
0.162585
0
0
0
0
0
0
0.254731
0.254731
0.254731
0.254731
0.254731
0
0
0
0
0.157174
0.157174
0.0792553
0.16433
0.254731
0.154812
0.158857
0.164172
0
0.164488
0
0.158857
0
0.154812
0.254731
0.254731
0.162598
0.162598
0.162598
0.162598
0.163992
0.162598
0.162598
0.162598
0
0
0.162585
0.162585
0.162585
0.162585
0
0
0.162598
0.162598
0.16286
0.185143
0.185143
0.162598
0.162598
0.162598
0.162598
0.126068
0.171119
0.174539
0.176372
0.176372
0.176407
0.176389
0
0
0.162598
0.162598
0.162598
0.162598
0.162598
0.162598
0.162598
0.162598
0.162598
0.162598
0.162598
0.162598
0.162598
0.162598
0.162598
0.162598
0.162598
0.162598
0.162598
0.162598
0.125235
0.125235
0.125235
0
0.125392
0.128374
0.148145
0.148145
0.148145
0.181422
0.185256
0.181475
0
0.181475
0
0.185256
0.162598
0.174539
0.176407
0
0
0
0
0
0
0
0
0
0
0
0
0
0
0
0
0
0
0
0.162598
0.162598
0.162598
0.162598
0.162585
0.162585
0.162585
0.162585
0.162585
0.162585
0.147943
0.147943
0.147943
0.147943
0
0
0.162585
0.162585
0.162585
0.162585
0.162585
0.162585
0.162585
0.162585
0.147943
0.147943
0.147943
0.126068
0.172962
0.176336
0.176336
0
0.185086
0.185086
0.162598
0
0.162598
0.162598
0.162598
0.162598
0.162598
0.162598
0.162598
0.162598
0.162598
0.162598
0.162598
0.162585
0.162585
0.162585
0.162585
0.162585
0.162598
0.162598
0.162598
0.162598
0.162598
0.162598
0.162598
0
0.162598
0.162598
0.162598
0.162598
0.162598
0.162516
0.162516
0.162516
0
0
0
0
0
0
0
0
0
0
0
0
0
0
0
0
0
0
0
0
0
0.244957
0.244957
0.244957
0.244957
0.244957
0.244957
0
0.244957
0.244957
0
0
0
0
0.244957
0.244957
0.244957
0.244957
0.244957
0.244957
0
0.244957
0.244957
0.244957
0.244957
0.245855
0.245855
0.245855
0.245903
0.245855
0.244957
0.244957
0.244957
0.249651
0.244957
0
0
0
0
0
0
0
0
0
0
0
0
0
0
0
0
0
0
0
0
0
0
0
0
0
0
0
0
0
0
0
0
0
0
0
0
0
0
0
0
0
0
0
0
0
0
0
0
0
0
0
0
0
0
0
0.254837
0.254837
0.254837
0.254837
0.254837
0.254837
0.254837
0
0.254837
0.254837
0.254837
0
0
0
0
0
0
0
0
0
0.254837
0.254837
0.254837
0.254837
0.254837
0.254837
0.254837
0.254837
0.254837
0.254837
0.254837
0.254837
0.254837
0
0
0
0.254837
0.254837
0.254837
0.254837
0.254837
0.254837
0.254837
0.254837
0
0.254837
0.254837
0.254837
0.254837
0.254837
0.254837
0.254837
0.254837
0.254837
0.254837
0.254837
0.254837
0.254837
0
0
0.512989
0
0.512989
0.512989
0.512989
0.512989
0.512989
0.512989
0.512989
0
0
0
0
0
0
0
0
0
0
0
0
0
0
0
0
0
0
0
0.170088
0.170088
0.170088
0.170088
0.276958
0
0
0
0
0
0
0
0
0
0
0
0
0
0
0
0
0
0
0
0
0
0
0
0
0
0
0
0.348367
0.348367
0.348367
0
0.353553
0.353553
0.358979
0
0
0
0
0
0.169106
0.169106
0.169106
0.169106
0.169106
0
0
0
0
0
0
0
0
0
0
0
0
0
0
0.161113
0.161113
0
0.161188
0.161188
0.343401
0.364662
0.364662
0.405554
0.220113
0
0
0
0
0
0
0
0
0
0
0
0
0
0
0
0
0
0
0
0
0
0
0
0
0
0
0
0
0
0
0
0
0
0
0
0.367607
0
0
0
0
0
0
0
0
0
0
0
0
0
0
0
0
0
0
0
0
0
0
0
0
0
0
0
0
0
0
0
0
0
0
0
0
0
0
0
0
0
0
0
0
0
0
0
0
0
0
0
0
0
0
0
0
0
0
0
0
0
0
0
0
0
0
0
0
0
0
0
0
0
0
0
0
0
0
0
0
0
0.262823
0.262823
0.262823
0.262823
0.262823
0.262823
0.262823
0.262823
0.262823
0
0
0
0.262823
0
0
0
0
0
0
0
0
0
0
0.162585
0
0
0
0
0
0
0
0
0
0
0
0
0
0
0
0
0
0
0
0
0
0
0
0
0
0
0
0
0
0
0
0
0
0
0
0
0
0
0
0
0
0
0
0
0
0
0
0
0
0
0
0
0
0
0
0
0
0
0
0
0
0
0
0
0
0
0
0
0
0
0
0
0
0
0
0
0
0
0
0
0
0
0
0
0
0
0
0
0
0
0
0
0
0
0
0
0
0
0
0
0
0
0
0
0
0
0
0
0
0
0
0
0
0
0
0
0
0
0
0
0
0
0
0
0
0
0
0
0
0
0
0
0
0
0
0
0
0
0
0
0
0
0
0
0
0
0
0
0
0
0
0
0
0
0
0
0
0
0
0
0
0
0
0
0
0
0
0
0
0
0
0
0
0
0
0
0
0
0
0
0
0
0
0
0
0
0
0
0
0
0
0
0
0
0
0
0
0
0
0
0
0
0
0
0
0
0
0
0
0
0
0
0
0
0
0
0
0
0
0
0
0
0
0
0
0
0
0
0
0
0
0
0
0
0
0
0
0
0
0
0
0
0
0
0
0
0
0
0
0
0
0
0
0
0
0
0.16343
0
0
0
0
0
0
0
0
0
0
0
0
0
0
0
0
0
0.16343
0
0.16343
0
0.233533
0.233492
0.233492
0.233492
0.233492
0.233492
0.233492
0.233492
0.233492
0.233533
0.233533
0
0
0
0.151895
0.151895
0
0
0
0
0
0
0
0
0
0
0
0
0
0
0
0
0
0
0
0
0
0
0
0
0
0
0
0
0
0
0.144525
0.144525
0
0.144525
0
0.243604
0.242913
0
0.270274
0
0
0
0
0.243604
0
0
0.177121
0
0.235933
0
0.235933
0
0.2339
0.234064
0.234064
0.272707
0.272707
0.272707
0.235891
0.236736
0
0
0
0.235933
0.236778
0
0
0
0
0
0
0
0
0
0
0
0
0
0
0
0
0
0
0
0
0
0
0
0
0
0
0
0
0
0
0
0
0
0
0
0
0
0
0
0
0
0
0
0
0
0
0
0
0
0
0
0
0
0
0
0
0
0
0
0
0
0
0
0
0
0
0
0
0
0
0
0
0
0
0
0
0
0
0
0
0
0
0
0.28213
0.28213
0.28213
0.28213
0.28213
0.28213
0
0
0
0
0
0
0
0
0
0
0
0.234023
0.28021
0
0.282274
0
0
0
0.285124
0.266743
0.208093
0.287148
0.265477
0.265837
0
0.279859
0.279859
0.170985
0.170985
0
0
0
0
0.271675
0
0.271675
0.271675
0.271675
0
0
0
0.242547
0.242776
0.242593
0.255528
0.242274
0.286694
0.170985
0
0
0.274609
0.279859
0.170985
0
0
0
0.254996
0
0
0
0.256711
0
0
0
0
0
0
0
0
0.277094
0
0
0
0
0
0
0
0
0.256711
0
0
0
0
0
0
0
0.163236
0.163353
0
0.350483
0.350758
0
0
0
0
0
0
0
0
0
0
0
0.277094
0.277094
0
0
0.233635
0.233635
0
0
0
0
0
0
0
0
0
0
0
0
0
0.236059
0
0.203616
0
0.234064
0.234064
0.266743
0.209631
0.281486
0
0
0
0
0
0
0
0
0
0
0
0
0
0
0
0
0
0
0
0
0
0
0
0
0
0
0
0
0
0
0
0
0
0
0
0.162434
0.162434
0.162434
0
0.162626
0
0.162626
0.162626
0.162626
0.162626
0
0
0
0
0
0
0
0
0
0
0
0
0
0
0
0
0
0
0
0
0
0
0
0
0
0
0.16371
0.16371
0.16371
0.16371
0.16371
0.163865
0.163865
0.163865
0
0
0
0
0
0
0
0.163865
0.163865
0
0
0.163865
0.163865
0.163865
0.163865
0
0
0.163865
0
0.164034
0.163865
0.163865
0.163486
0.163486
0.163486
0.163486
0
0.163486
0.163486
0.163486
0.163486
0.163752
0
0
0.163486
0.163486
0
0.163486
0.163486
0
0
0.163486
0
0
0
0
0
0
0
0
0
0
0
0
0
0
0
0
0
0
0
0
0
0
0
0
0
0
0
0
0
0
0
0
0
0
0
0
0
0
0
0
0
0
0
0
0
0
0
0
0
0
0.163486
0
0
0
0
0
0.163486
0
0
0
0
0
0
0
0
0
0
0
0
0
0
0
0
0
0
0
0
0
0
0
0
0
0
0
0
0
0
0
0
0
0
0
0
0
0
0
0
0
0
0
0
0
0
0
0
0
0
0
0
0
0
0
0
0
0.25452
0.164935
0.164935
0.164935
0.164935
0.164935
0
0.209611
0.251922
0.251922
0.251922
0.251922
0.251922
0.251922
0.251922
0.251922
0.251922
0.251922
0.251922
0.251922
0.251922
0.251922
0.251922
0.254414
0.209611
0.251922
0.278423
0.278423
0.278423
0.278423
0.278423
0.162813
0.162813
0
0
0
0.162813
0
0
0.15268
0
0
0
0
0.154483
0
0.251922
0.251922
0
0
0
0.251922
0
0
0
0
0
0
0
0
0
0
0
0
0
0
0
0
0
0
0
0
0
0.254362
0.254362
0.254572
0.254362
0.254362
0.254362
0.254362
0
0.254414
0.254837
0
0
0
0
0
0
0
0
0
0
0
0
0
0
0
0
0
0
0
0
0
0
0
0
0
0
0.209611
0.209611
0.209611
0.211857
0.211857
0.209611
0
0
0
0.209611
0.254467
0.278423
0.278423
0.278423
0.278423
0.278423
0.278423
0.278423
0.278423
0.154377
0.154377
0.175142
0.154377
0
0
0
0
0
0
0
0
0
0
0.254731
0.254731
0.254731
0.254731
0.254731
0.254731
0.254731
0.254731
0.162585
0.162585
0.162585
0.162585
0.162585
0.162585
0.162585
0.162585
0
0.265957
0.265957
0
0
0
0
0
0
0
0
0
0
0
0
0
0
0
0
0
0
0
0
0
0
0
0.16589
0
0
0
0
0.16589
0
0
0
0
0
0
0
0
0
0
0
0
0
0
0
0
0
0
0
0.0938233
0
0
0
0
0.0951734
0.208333
0
0
0
0
0.22696
0
0
0
0
0
0
0
0
0
0
0
0
0
0
0
0
0
0
0
0
0.177867
0.177867
0.177867
0
0
0
0.177867
0.294464
0.294464
0
0
0
0
0.294464
0.294464
0.296362
0.178067
0.178067
0
0
0.178067
0.178067
0.771517
1
1
0.294464
0.16585
0.16585
0
0
0
0
0
0.16585
0
0
0
0
0
0
0
0
0
0
0
0
0
0
0
0
0
0
0
0
0
0
0
0
0
0
0
0
0
0
0
0
0
0
0
0
0
0
0
0
0
0
0
0
0
0
0
0
0
0
0
0
0
0
0
0
0
0
0
0
0
0
0
0
0
0
0
0
0
0
0
0.512989
0
0
0
0
0
0
0
0
0
0.253315
0
0
0
0
0
0
0
0
0
0
0
0
0
0
0.162585
0.162585
0.162585
0.162585
0.162585
0.162585
0.162585
0.162585
0.162585
0.162585
0.162585
0.162585
0.162585
0
0
0
0
0
0
0
0
0
0
0
0
0
0
0
0
0
0
0
0
0
0
0
0
0
0
0
0
0
0
0
0
0
0
0
0
0
0
0
0
0
0
0
0
0
0
0
0
0
0
0
0
0
0
0
0
0
0
0
0
0
0
0
0
0.163486
0.163486
0.163486
0
0
0
0
0.163486
0
0
0.163752
0
0
0
0.253315
0
0
0
0
0
0
0
0
0
0
0
0
0
0
0
0
0
0
0
0
0
0
0
0
0
0
0
0
0
0
0
0
0
0
0
0
0
0
0.162626
0.162626
0.162626
0.162626
0.162626
0.162626
0.162626
0
0
0
0
0
0
0
0
0
0
0
0
0
0
0
0
0
0
0
0
0
0
0
0
0
0
0
0
0.162626
0.162626
0.162626
0.162626
0.162626
0.162626
0
0
0
0
0
0
0
0
0.512989
0
0
0
0
0
0
0
0
0
0
0
0
0
0
0
0
0
0
0
0
0
0
0
0
0
0
0.512989
0
0
0
0
0
0.163865
0.164034
0.164034
0.164034
0.164034
0.164034
0.164034
0
0
0
0.164034
0
0.164034
0
0.164034
0.164034
0.164034
0
0
0
0
0
0
0
0
0
0
0
0
0
0
0
0
0
0
0
0
0
0
0
0.162215
0
0
0
0
0
0
0
0
0
0
0
0
0
0
0
0
0
0
0
0
0
0
0.170499
0
0
0.254837
0
0
0
0
0
0
0
0
0
0
0
0
0
0
0
0
0
0
0
0
0.162598
0
0
0
0.162598
0.162626
0.162626
0.162626
0.162598
0
0
0
0.162598
0
0
0
0.163486
0.163486
0.163486
0.163486
0.163486
0.163486
0
0
0
0
0
0
0
0
0
0
0
0
0
0
0
0
0
0
0
0
0
0
0
0
0
0
0
0
0
0
0
0.162598
0.162598
0.162598
0.162598
0.162598
0.162598
0.125314
0.125314
0.133203
0.133203
0.133203
0.133203
0.133203
0.203279
0.133203
0.133488
0.133203
0.25
0
0
0
0
0
0
0.133203
0.125392
0.162598
0.162626
0
0
0
0
0
0
0
0
0
0
0
0
0
0
0
0
0
0
0
0
0
0
0
0
0
0
0
0
0
0
0
0
0
0
0
0
0
0
0
0
0
0
0.259238
0.259238
0.259238
0.259238
0.259238
0.259238
0.259238
0.259238
0.259238
0.262881
0.259238
0.259238
0.259238
0
0
0
0
0
0
0
0
0
0.162585
0.162585
0.162585
0.162585
0.162585
0.162585
0.162585
0.162585
0.162585
0.162585
0.162585
0.162585
0.162585
0.162585
0.162585
0.162585
0.162585
0.162585
0.162585
0.162585
0.162585
0.162585
0.162585
0
0
0.162585
0.162585
0.162585
0.162585
0.162585
0.162585
0.162598
0
0
0
0
0
0.162297
0.162297
0.162297
0
0
0
0
0.146742
0.146742
0.146742
0
0
0
0
0
0
0
0
0
0
0
0
0
0
0
0
0
0.151446
0.146742
0.146742
0
0.182818
0.185695
0.185695
0.185695
0
0.146742
0
0
0
0
0.152004
0
0
0
0
0
0
0
0
0
0
0
0
0
0
0
0
0
0
0
0
0
0
0
0
0
0.0606875
0.0606875
0.0606875
0.0790569
0
0
0
0
0.0607054
0
0.157407
0.157407
0.157407
0.15772
0
0
0
0
0
0
0
0.170598
0.170598
0.170598
0.171096
0
0
0
0
0
0
0
0
0
0
0
0.254099
0.162598
0.133774
0
0
0
0.133774
0
0.133774
0.133774
0.133774
0.134352
0.134352
0
0.134352
0
0
0
0.133774
0.133774
0.133774
0
0.133774
0
0.133774
0
0.133774
0.133774
0.133774
0
0.133774
0
0.133774
0
0.133774
0.133774
0.133774
0.133774
0.133774
0
0
0
0
0
0
0.164034
0.164034
0.164034
0.164034
0
0.164034
0.164034
0.0913023
0.0913023
0.182292
0.182292
0.164034
0
0
0
0
0
0
0.0913023
0.0913023
0.0913023
0.109738
0.0913023
0
0.0913023
0.182292
0.182292
0
0
0
0.182292
0
0
0
0
0.182292
0.182292
0.182292
0.182292
0.222718
0.222718
0.222718
0.17339
0.222718
0.173902
0.222718
0.182292
0
0
0
0
0
0
0
0
0.254099
0.254099
0.254099
0.254099
0.254099
0.254099
0.254099
0
0
0
0
0
0
0
0
0
0
0
0
0
0
0
0
0
0
0
0
0
0
0
0
0
0
0
0
0
0
0
0
0
0
0
0
0
0
0
0
0
0
0
0
0
0
0
0
0
0
0
0
0
0
0
0
0
0
0
0
0
0
0
0
0
0
0
0
0
0
0
0
0
0
0
0
0
0
0
0
0
0
0
0
0
0
0
0
0
0
0.162585
0
0
0
0
0
0
0
0
0
0
0
0
0
0
0
0
0
0
0
0
0
0
0
0
0
0
0
0
0
0
0
0
0
0
0
0
0
0
0
0
0
0
0
0
0
0
0
0
0
0
0
0
0
0
0
0
0
0
0
0
0
0
0
0
0
0
0
0
0
0
0
0
0
0
0
0
0
0
0
0
0
0
0
0
0
0
0
0
0
0
0
0
0
0
0.512989
0
0.162585
0.162585
0.162585
0.162585
0.162585
0.162585
0.162585
0.162585
0.162585
0.162585
0.162585
0.162585
0.162585
0.162585
0.162585
0.162585
0.162585
0.162585
0.162585
0.162585
0.162585
0.162585
0.162585
0.162585
0
0
0
0
0.162585
0
0
0
0
0
0
0.174847
0.174847
0
0
0
0
0
0
0
0
0
0
0
0
0.233329
0.233329
0
0
0.254837
0
0
0.254837
0.254837
0.254837
0.254837
0.254837
0.254837
0.254837
0.254837
0.254837
0.254837
0
0
0
0
0.254837
0.254837
0
0
0
0
0
0.254837
0.254837
0.254837
0.254837
0.254837
0.254837
0.254837
0.254837
0.259238
0.254837
0
0.254837
0.254837
0.254837
0.254837
0.254837
0.254837
0.254837
0.254837
0.254837
0.254837
0.254837
0.254837
0.254837
0.30429
0
0
0
0
0
0
0
0
0
0
0
0
0
0
0
0
0.30429
0.30429
0.30429
0
0
0
0.30429
0.308313
0
0
0
0.321412
0.337869
0.321412
0.254837
0.254837
0.254837
0.254837
0.216057
0.216057
0.256657
0.256657
0.160743
0.160743
0
0
0
0
0
0
0
0
0.170499
0.170499
0
0
0
0
0
0
0
0
0
0
0
0
0
0
0
0
0
0
0
0
0
0
0
0
0
0
0
0
0.156933
0.156933
0.174042
0
0
0.288521
0.288521
0
0.254837
0.254837
0.254837
0.289993
0.289993
0.178118
0.289993
0.254837
0
0
0
0
0
0.216057
0.216057
0.216057
0.216057
0.216057
0.216057
0.216057
0.216057
0.261097
0.261097
0.259238
0.259238
0.259238
0
0.259238
0.259238
0.342193
0.259238
0.259238
0.357371
0.357371
0.357371
0.162851
0.162851
0.162851
0.162851
0.162851
0.261097
0.162851
0.162851
0.162851
0.162851
0
0.162851
0
0.165325
0
0
0
0
0
0
0
0.165325
0.174042
0.174042
0.174042
0.174042
0.161824
0.161824
0.161824
0.161824
0.161824
0.164845
0
0.164409
0.256657
0.256657
0.256657
0.256657
0.133062
0.133062
0.133062
0.154746
0.154746
0.155043
0.155043
0.155043
0.155043
0.155176
0.155176
0
0.154746
0.154746
0
0
0
0
0
0
0
0
0
0
0
0
0
0
0
0
0
0
0
0
0
0
0
0
0
0
0
0
0
0
0
0
0
0
0
0
0
0
0
0
0
0
0
0
0
0
0
0
0
0
0
0
0
0
0
0
0
0
0
0
0
0
0
0.170499
0.170499
0.170499
0.170499
0.170499
0.181012
0.181012
0.181012
0.181012
0.181012
0
0.170499
0.170499
0.170499
0.170499
0.170499
0.170499
0.172209
0
0
0
0
0
0
0
0
0
0
0
0
0
0
0
0
0
0
0
0
0
0
0
0
0
0.181012
0.181012
0.181012
0
0
0
0
0
0
0
0
0
0
0
0.181012
0.181012
0.182696
0
0
0
0
0
0
0
0
0
0
0
0
0
0
0
0
0
0
0
0
0
0
0
0
0
0
0
0
0
0
0
0
0
0
0
0
0
0
0
0
0
0
0
0
0
0
0
0
0
0
0
0
0
0
0
0
0
0
0
0.256549
0.256549
0.256549
0
0
0
0
0
0
0
0.160743
0.160743
0.160743
0.160743
0.160743
0.160559
0.160965
0.160965
0.160965
0
0
0.160559
0.160743
0.160743
0.160743
0.162736
0.162736
0.162736
0
0.162736
0.0917779
0.0917779
0
0.0917779
0.121843
0.121843
0
0.0917779
0
0
0
0
0
0
0
0
0
0
0
0
0
0
0
0
0
0
0
0
0
0
0
0
0
0
0
0
0
0
0
0
0.317982
0
0.317982
0
0.317982
0.317982
0.258627
0.258627
0.152998
0.258793
0.156967
0.254837
0
0
0
0
0
0
0
0
0.162585
0.162585
0.162585
0.162585
0.162585
0.162585
0.162585
0.162585
0.162585
0.162585
0.162585
0.162585
0
0
0
0
0
0
0
0
0
0
0
0
0
0
0
0
0
0
0
0
0
0
0
0
0
0
0
0
0
0
0
0
0
0
0
0
0
0
0
0
0
0
0
0
0
0
0
0
0
0
0
0
0
0
0
0
0
0
0
0
0
0
0
0
0
0
0
0
0
0
0
0
0
0
0
0
0
0
0
0
0
0
0
0
0
0
0
0
0
0
0
0
0
0
0
0
0
0
0
0
0
0
0
0
0
0
0
0
0
0
0
0
0
0
0
0
0
0
0
0
0
0
0
0
0
0
0
0
0
0
0
0
0
0
0
0
0
0
0
0
0
0
0
0
0
0
0
0
0
0
0
0
0
0
0
0
0
0
0
0
0
0
0
0
0
0
0
0
0
0
0
0
0
0
0
0
0
0
0
0
0
0
0
0
0
0
0
0
0
0
0
0
0.162516
0
0.162516
0
0
0
0.512989
0
0
0.162598
0.162598
0.162598
0.162598
0.162598
0.162598
0.16286
0.162598
0
0.226339
0.226339
0.226339
0.226339
0.226339
0.226339
0
0
0
0
0
0
0.226339
0.226339
0
0
0
0
0
0
0
0.226339
0.226339
0.226339
0.226339
0.226339
0.243743
0.226339
0
0
0
0
0.230456
0
0
0
0
0
0
0
0
0
0.239281
0.239281
0.241594
0.241594
0.241594
0
0
0
0
0
0
0
0
0
0
0
0
0
0
0
0
0
0
0
0
0
0
0
0
0
0
0
0
0
0
0
0
0
0
0
0
0
0
0
0
0
0
0
0
0
0
0
0
0
0
0
0
0
0
0
0
0
0
0
0
0
0
0
0
0
0
0
0
0
0
0
0
0
0
0
0
0
0
0
0
0
0
0
0
0
0
0
0
0
0
0
0
0
0
0
0
0
0
0
0
0
0
0
0
0
0
0
0
0
0
0
0
0
0
0
0
0
0
0
0
0
0
0
0
0
0
0
0
0
0
0
0
0
0
0
0
0
0
0
0
0
0
0
0
0
0
0
0
0
0
0
0
0
0.162598
0.162598
0.162598
0.162598
0.162598
0.162598
0.162598
0.162598
0.162598
0.162598
0.162598
0
0.163809
0.163809
0.163809
0.163809
0.163809
0.163809
0.163809
0.163809
0
0
0
0
0
0
0
0.163809
0.163809
0.163809
0
0
0
0
0
0
0
0
0
0
0.163809
0.163809
0.163809
0.163809
0.163809
0
0
0
0
0
0
0
0
0
0
0
0
0
0
0
0
0
0
0
0
0
0
0
0
0
0
0
0
0
0
0
0
0
0
0.163809
0.163809
0.163809
0.163809
0
0
0
0
0
0
0
0
0
0.163809
0
0
0
0
0
0
0
0
0
0
0
0
0
0
0
0
0
0
0
0
0
0
0
0
0
0
0
0
0
0
0
0
0
0
0
0
0
0
0
0
0
0
0
0.163809
0.163809
0.163809
0.163809
0.163809
0.163809
0
0
0
0
0
0
0
0
0
0
0
0
0
0
0
0
0
0
0.512989
0
0
0
0
0
0
0
0
0
0
0
0
0
0
0
0
0
0.254837
0.254837
0.254731
0.254731
0.254731
0.254731
0.254731
0.254731
0.254731
0.254731
0.162585
0.162585
0.162585
0.162585
0.162585
0.162585
0.162585
0.162585
0.254837
0.254837
0.254837
0.254837
0.254837
0.254837
0.254837
0.254837
0.258295
0.258295
0.258295
0.258295
0.254837
0.254837
0.254837
0.283215
0.283215
0.283215
0.283215
0.283215
0.082244
0.283215
0.254837
0.254837
0.254837
0.254731
0.254731
0.254731
0.254731
0.254731
0.254731
0.254731
0.254731
0.254731
0.254731
0.254731
0.254731
0.254731
0.254731
0.254731
0.254731
0.254731
0.254731
0.254731
0.254731
0.254731
0.254731
0.254731
0.254731
0.254731
0.254731
0.254731
0.254731
0.254731
0
0
0
0
0
0
0
0.257636
0.256873
0.256873
0
0
0
0
0
0
0
0
0
0
0.256873
0.256873
0.256873
0.256873
0.256873
0.273228
0
0
0
0
0
0
0
0.256873
0
0.260927
0
0
0
0
0
0
0.260927
0.254837
0.512989
0
0
0
0
0
0
0
0
0
0.16402
0.16402
0.16402
0.16402
0.16402
0.16402
0.16402
0.16402
0.16402
0.16402
0.16402
0.16402
0
0
0.172074
0.172074
0
0
0
0.16402
0.16402
0.16402
0.16402
0.16402
0.16402
0.16402
0.16402
0.16402
0.235807
0.235807
0
0.235807
0
0.235807
0.16402
0.16402
0.16402
0.16402
0
0
0
0.16402
0.174821
0.174821
0
0
0
0
0
0
0
0.174821
0
0
0
0
0.235891
0
0
0.235891
0
0
0
0
0.16402
0.16402
0.235891
0.235891
0.235891
0.235891
0.16402
0.16402
0.16402
0.16402
0.236693
0.16402
0.16402
0.119515
0.119515
0.119515
0
0.119515
0.119515
0
0
0
0
0
0
0
0
0
0
0.16402
0.182292
0.182292
0.16402
0.16402
0.16402
0.16402
0.16402
0.16402
0.235891
0.235891
0.235891
0.235891
0.235891
0.235891
0.235891
0.235891
0.235891
0.16402
0.16402
0.16402
0.255208
0.16402
0.165407
0
0
0
0
0
0
0
0
0
0
0
0
0
0
0
0
0
0
0
0
0
0
0
0
0
0
0
0
0
0.0913023
0
0
0
0.275241
0
0
0.240285
0
0
0
0
0
0
0
0
0
0
0
0.139416
0
0
0
0
0
0
0
0
0
0
0
0
0
0
0
0
0
0
0
0
0
0
0
0
0
0
0
0
0
0
0
0
0
0
0.179323
0
0.103787
0
0
0
0
0
0
0.16402
0.0816061
0.108006
0
0.145126
0.164688
0.0489914
0.16402
0.163865
0.163865
0.163865
0.163865
0.163865
0.163865
0.163865
0.163865
0.163865
0.163865
0.163865
0.163865
0.163865
0.163865
0.163865
0.235891
0.235891
0.235891
0.235891
0.235891
0.235891
0.235891
0.235891
0.235891
0.235891
0.235891
0.235891
0.235891
0.235891
0.235891
0.235891
0.235891
0.235891
0.235891
0.235891
0
0
0
0.235891
0.235891
0.235891
0.235891
0.235891
0
0
0
0
0
0.236736
0
0.235891
0.235933
0.235933
0.235933
0.235933
0.235933
0.235933
0.235933
0
0.235933
0.235933
0
0
0
0
0
0
0
0
0
0
0
0
0
0
0.151895
0
0
0
0.151895
0.151895
0
0
0
0
0
0
0
0
0
0
0
0
0
0
0
0
0
0
0
0
0
0
0
0
0
0
0
0
0
0
0
0
0
0
0
0
0
0
0
0
0
0
0
0
0
0
0
0
0
0
0
0
0
0
0
0
0
0
0
0
0
0
0
0
0
0
0
0
0
0
0
0
0
0
0
0
0
0
0
0
0
0
0
0
0
0
0
0
0
0
0
0
0
0
0
0
0
0
0
0
0
0
0
0
0
0
0
0
0
0
0
0
0
0
0
0
0
0
0
0
0
0
0
0
0
0
0
0
0
0
0
0
0
0
0
0
0
0
0
0
0
0
0
0
0
0
0
0
0
0
0
0
0
0
0
0
0.28213
0.28213
0.28213
0.28213
0.28213
0.28213
0.282202
0.282202
0
0
0.282202
0.282202
0.282202
0.282202
0.28213
0.28213
0.28213
0
0.28213
0
0.28213
0.28213
0
0
0
0
0
0
0
0
0
0.28213
0
0.28213
0
0
0
0.28213
0
0
0.28213
0.28213
0
0
0
0
0
0
0.282852
0.282852
0
0
0
0
0
0
0
0
0
0
0
0
0
0
0
0
0
0
0
0
0
0
0
0
0
0
0
0
0
0
0.179954
0
0
0
0
0
0
0
0.179954
0.179954
0
0
0
0
0
0
0
0
0
0
0
0
0
0
0
0
0
0
0.272902
0.272902
0.272902
0.272902
0
0.272902
0.272902
0.272902
0.272902
0
0
0
0.272902
0.272902
0.272902
0
0
0.170985
0
0
0.170985
0
0
0
0
0
0
0.171253
0.171253
0
0
0.282563
0
0
0
0.278674
0.278674
0
0.235891
0
0.235891
0.235891
0
0
0
0
0.167246
0
0.167246
0.167246
0.169451
0.170103
0.170103
0
0
0
0
0.235891
0
0
0
0
0
0
0.235891
0
0
0
0
0
0
0
0
0
0
0
0
0
0
0
0
0
0
0
0
0
0
0
0
0
0
0
0
0
0
0
0
0
0
0
0
0
0
0
0
0.272902
0
0.282202
0.282202
0.282202
0.282202
0.282202
0.282202
0.282202
0.268337
0.268337
0
0.271868
0.268337
0
0.268337
0.268337
0.268337
0
0
0
0
0
0
0
0
0
0
0
0
0
0
0
0
0
0
0
0
0.26488
0
0
0
0
0
0
0
0
0
0
0
0
0
0
0
0
0
0
0
0
0
0
0
0
0
0
0
0
0
0
0
0
0
0
0
0
0
0
0
0
0
0
0
0
0
0
0
0
0
0
0
0
0
0
0
0
0
0
0
0
0
0
0
0
0
0
0
0
0
0
0
0
0
0
0
0
0
0
0
0
0
0
0
0
0
0.271868
0.273686
0.273686
0.273686
0.273686
0.273686
0
0.273686
0.273686
0
0.282202
0.282202
0.282202
0.282202
0.282202
0
0
0
0
0.282202
0.282202
0.282202
0.282202
0
0.282563
0.176045
0.176045
0.176045
0.282202
0
0.282202
0.282202
0
0
0
0
0
0
0
0
0
0
0.270401
0.270401
0.270401
0
0
0
0
0
0
0.271739
0
0
0
0
0
0
0
0
0
0
0
0
0
0.268646
0.845154
0.845154
0
0
0.912871
0.269019
0.172791
0.269394
0.269394
0.269394
0
0
0.269394
0
0
0.269394
0.268708
0.174136
0.269394
0
0
0.269394
0
0
0.269394
0
0
0.269394
0.269394
0.269394
0
0
0.269394
0
0.269394
0
0.266259
0
0.266259
0.266259
0
0
0
0
0.266259
0.266259
0
0
0
0
0
0
0
0
0
0.266259
0
0
0
0
0
0
0
0
0
0
0
0
0
0
0
0
0
0
0
0
0
0
0
0
0
0
0
0
0
0
0
0
0
0
0
0
0
0
0
0
0
0
0
0
0
0
0
0
0
0
0
0
0
0
0
0
0
0
0
0
0
0
0
0
0
0
0
0
0
0
0
0
0
0
0
0
0
0
0
0
0
0
0
0
0
0
0
0
0
0
0
0
0
0
0
0
0
0
0
0
0
0
0
0
0
0
0
0
0
0
0
0
0
0
0
0
0
0
0
0
0
0
0
0
0
0
0
0
0
0
0
0
0
0
0
0
0
0
0
0
0
0
0
0
0
0
0
0
0
0
0
0
0
0
0
0
0
0
0
0
0
0
0
0
0
0
0
0
0
0
0
0
0
0
0
0
0
0
0.167831
0.171521
0.265537
0.235891
0.235891
0.235891
0
0
0
0.239941
0.237204
0.237204
0.237204
0.275944
0.275944
0
0
0.235891
0.235891
0
0
0.235891
0.235891
0.235891
0.235891
0.235891
0.235891
0.235891
0.171971
0.171971
0.171971
0.235891
0.235891
0
0.235891
0.235891
0.272902
0.272902
0.272902
0.272902
0.272902
0.274742
0.274742
0.272902
0.272902
0
0.16402
0.179323
0.179323
0.230849
0.230849
0.179323
0.119288
0.119515
0
0
0
0
0
0.119288
0.119288
0
0
0
0
0
0
0
0
0.138651
0.138651
0.138651
0
0.138651
0.16402
0.16402
0.164091
0.164091
0.16402
0.16402
0.16402
0.16402
0
0
0
0
0
0.16402
0
0.16402
0.16402
0.164091
0.164091
0.181675
0
0
0
0
0
0
0
0
0
0
0
0
0
0
0
0
0
0
0
0
0
0
0
0.103787
0.103787
0.103787
0
0
0
0
0.0859264
0.0859264
0
0
0.0859264
0.0859264
0.0859264
0.0859264
0.182292
0.182292
0.182292
0
0
0
0
0
0
0.182292
0.182292
0.182292
0
0
0
0.182292
0.182292
0.182292
0.182292
0.197126
0
0.182292
0.182292
0.182292
0.222718
0.222718
0.182292
0.182292
0.182292
0.182292
0.182292
0.216371
0.216371
0.216371
0.216371
0
0.216371
0.126538
0.126538
0.126538
0.126538
0.14222
0
0
0
0
0
0
0
0
0
0
0
0
0
0
0
0
0.164788
0.164716
0.119515
0.164788
0
0.164788
0.164788
0
0.0489914
0
0
0
0
0
0
0
0
0
0
0
0
0
0
0
0
0
0
0
0
0
0
0
0
0
0
0
0
0
0
0
0
0
0.120452
0
0
0
0
0
0
0
0
0
0.20016
0.20016
0.205576
0.20016
0.180657
0.147635
0.147635
0
0
0
0
0
0
0
0
0
0
0
0
0
0
0
0
0
0
0
0
0
0
0
0
0
0
0
0
0
0
0
0
0
0
0
0
0
0
0
0
0
0
0
0
0
0
0
0
0
0.136635
0.136635
0
0.0780869
0
0.0780869
0.0780869
0.0780869
0.0780869
0.0780869
0.0780869
0.0780869
0.0855608
0.0855608
0.0780869
0
0
0
0
0
0
0
0
0
0
0
0
0
0
0.16402
0.16402
0
0
0.138651
0
0.179323
0.181675
0.180657
0.180657
0
0
0.0913023
0
0
0
0
0
0
0.103638
0.103787
0
0
0
0.14222
0
0
0
0
0
0.182292
0
0.120452
0
0.216371
0
0
0.164788
0
0.0489914
0
0
0.20016
0.16402
0.147635
0
0
0
0.0780869
0.0780869
0.0780869
0.0780869
0
0
0
0
0.16402
0
0
0
0
0
0
0
0
0
0.163865
0.163865
0.163865
0.163865
0
0
0
0
0
0
0
0
0
0.235891
0
0
0
0
0
0
0
0
0.235891
0.235891
0.235891
0.235891
0.163865
0.163865
0.163865
0.163865
0.163865
0.163865
0.163865
0.163865
0.163865
0.163865
0.163865
0.163865
0.163865
0.163865
0.163865
0.163865
0.163865
0.163865
0.163865
0.163865
0.163865
0.163865
0.163865
0.163865
0.163865
0.163865
0.163865
0.163865
0.163865
0.163865
0.163865
0.163865
0.163865
0.163865
0.163865
0.163865
0.163865
0.163865
0.163865
0.163865
0.163865
0.163865
0.163865
0.163865
0.163865
0
0.163865
0.163865
0
0.163865
0.163865
0.163865
0
0.163865
0.163865
0.163865
0.163865
0.163865
0.163865
0.163865
0.163865
0.163865
0.163865
0.163865
0.163865
0.163865
0.163865
0.163865
0.163865
0.163865
0.163865
0.171024
0.171024
0.163865
0
0.163865
0.163865
0.163865
0.16402
0.16402
0
0
0.163865
0.163865
0.16402
0.16402
0.163865
0.235891
0.235891
0.235891
0.235891
0.235891
0.235891
0.235891
0.235891
0.235891
0.235891
0.235891
0.235891
0.235891
0.235891
0.235891
0.235891
0.235891
0.235891
0.235891
0.235891
0.235891
0.235891
0
0
0
0
0.235891
0.235891
0.235891
0.235891
0.235891
0.235891
0.235891
0.235891
0.235891
0.235891
0.235891
0.235891
0.235891
0.235891
0.235891
0.235891
0.235891
0.235891
0.235891
0.235891
0.235891
0
0.235891
0.166708
0.235891
0.235891
0.235891
0.235933
0.235933
0.235933
0.235933
0.235933
0.235933
0.235933
0.235891
0.235891
0.168422
0
0
0
0
0.266683
0.266683
0
0
0.502519
0.172745
0.179336
0.176045
0
0
0
0
0
0
0
0
0
0
0
0
0.264229
0.264229
0.264229
0.264229
0.450762
0.450762
0.450762
0.450762
0.265059
0.265059
0.265059
0
0
0
0
0
0.265059
0.265298
0.265059
0.265059
0.265059
0.265059
0.265059
0
0
0
0
0
0
0
0
0
0
0
0.235933
0.235933
0.235933
0
0.235891
0.235891
0.235891
0.235891
0
0
0
0.235891
0.235891
0.235891
0.235891
0.235891
0.235891
0.235891
0.235891
0.235891
0.235891
0.235891
0.166873
0.166873
0.235933
0.235975
0.235933
0.264229
0.267109
0.264465
0.235891
0.235891
0
0
0
0
0
0
0
0.235891
0.235891
0.235891
0.235891
0.235891
0.235891
0.235891
0
0
0
0
0.235891
0.235891
0.235891
0.166708
0
0
0.166708
0.166708
0.166708
0.235891
0.235891
0.166708
0.166708
0
0
0
0
0
0.235891
0.235891
0.235891
0.235891
0
0
0
0
0
0.236863
0
0
0
0
0.236863
0.236863
0.236863
0.236863
0
0
0
0
0
0
0
0.236863
0
0.236863
0.166873
0.166873
0.166873
0.235891
0.233941
0.233941
0.233941
0.233941
0.233941
0.233941
0.233941
0.235891
0
0.235891
0.235891
0.235891
0.235891
0
0.233941
0.234064
0.234064
0.234064
0.234064
0.234064
0.234064
0
0.234064
0.23427
0.234064
0.235933
0.235933
0
0
0
0.235933
0.235933
0
0
0
0
0
0.265597
0
0
0
0
0.265597
0.28213
0
0
0
0.28213
0
0
0
0
0
0
0
0.28213
0.28213
0.28213
0
0
0
0
0
0
0
0
0
0
0
0
0
0
0
0
0
0
0
0
0
0
0
0
0
0
0
0
0
0
0
0
0
0
0
0
0
0
0
0
0
0
0.279859
0.279859
0.279859
0.279859
0
0
0
0
0
0
0.170985
0.170985
0.170985
0.170985
0
0
0
0
0
0
0
0
0
0
0
0
0
0
0
0
0
0
0
0
0
0
0
0
0
0
0
0
0
0
0
0
0
0
0
0
0
0
0
0
0
0
0
0
0
0
0
0
0
0
0
0
0
0
0
0
0
0
0
0.151895
0.151895
0.151895
0.151895
0
0
0
0
0
0
0
0
0
0
0
0
0
0
0
0
0
0
0
0
0
0
0
0
0
0
0
0
0
0
0
0
0
0
0
0
0
0
0
0
0
0
0
0
0
0
0
0
0
0
0
0
0
0
0
0
0
0
0
0
0
0
0
0
0
0
0
0
0
0
0
0
0
0.277094
0.244161
0
0.16402
0.235891
0.235891
0
0
0
0
0
0
0
0
0
0
0
0
0
0
0
0.253315
0
0
0
0
0
0
0
0
0
0
0
0
0
0
0
0.343401
0.343401
0.343401
0.343401
0.343401
0.343401
0.343401
0.343401
0.343401
0.343401
0.343401
0.343401
0.343401
0
0
0
0
0.343401
0.343401
0
0
0
0
0
0
0
0.343401
0.343401
0
0
0
0.343401
0.343401
0.343401
0.343401
0
0
0
0
0
0
0
0
0
0
0
0
0
0
0
0
0
0
0
0
0
0
0
0
0
0
0
0
0
0
0
0
0
0
0
0
0
0
0
0
0
0
0
0
0
0
0
0
0
0
0
0
0
0
0
0
0
0
0
0
0
0
0
0
0
0
0
0
0
0
0
0
0
0
0
0
0
0
0
0
0
0
0
0
0
0
0
0
0
0
0
0
0
0
0
0
0
0
0
0
0
0
0
0
0
0
0
0
0
0
0
0
0
0
0
0
0
0
0
0
0
0
0
0
0
0
0
0
0
0
0
0
0
0
0
0
0.163809
0
0
0
0
0.163809
0.163809
0.163809
0.163809
0.163809
0.163809
0.163809
0.163809
0
0
0.163809
0
0
0
0
0
0
0
0
0
0
0
0
0
0
0
0
0
0
0
0
0
0
0
0
0
0
0
0
0
0
0
0
0
0
0
0
0
0
0
0
0
0
0
0
0
0
0
0
0
0
0
0
0
0
0
0
0
0
0
0
0
0
0
0
0
0
0
0
0
0
0
0
0
0
0
0
0
0
0
0
0
0
0
0
0
0
0
0
0
0
0
0
0
0
0
0
0
0
0
0
0
0
0
0
0
0
0
0
0
0
0
0
0.512989
0
0
0
0
0
0
0
0
0
0
0
0
0
0
0
0
0
0
0
0
0
0
0
0
0
0
0
0
0
0
0
0
0
0
0
0
0
0
0
0
0
0
0
0
0
0
0
0
0
0
0
0
0
0
0
0
0
0
0
0
0
0
0
0
0
0
0
0
0
0
0
0
0
0
0
0
0
0
0
0
0
0
0
0
0
0
0
0
0
0
0
0
0
0
0
0
0
0
0
0
0
0
0
0
0
0
0
0
0
0
0
0
0
0
0
0
0
0
0
0
0
0
0
0
0
0
0
0
0
0
0
0
0
0
0
0
0
0
0
0
0
0
0
0.512989
0
0
0
0
0
0.162585
0.162585
0
0
0
0
0
0
0
0
0
0
0
0
0
0
0
0
0
0
0
0
0.253315
0
0
0
0
0.162434
0.162434
0
0
0.163809
0
0
0.253315
0
0
0
0
0
0
0
0
0
0
0
0
0
0
0
0
0
0
0
0
0
0
0
0
0
0
0
0
0
0
0
0
0
0
0
0
0
0
0
0
0
0
0
0
0
0
0
0.252435
0
0
0
0
0
0
0
0
0
0
0
0
0
0
0
0
0.2578
0.2578
0.2578
0.2578
0.2578
0.2578
0.2578
0.2578
0.2578
0.2578
0.2578
0.2578
0.2578
0.2578
0.2578
0.2578
0.2578
0.2578
0.2578
0.2578
0.2578
0.162585
0.162585
0.162585
0.162585
0.162585
0.162585
0.162585
0.162585
0.162585
0.162585
0.162585
0.2578
0.2578
0.2578
0.2578
0
0
0
0
0
0
0
0
0
0
0
0
0
0
0
0
0
0
0
0
0
0
0
0.2578
0.174702
0.174702
0.2578
0
0.2578
0.2578
0.172425
0.284385
0.284385
0.185995
0.185995
0.185995
0.185995
0.185995
0.185995
0
0
0.185995
0.185995
0.185995
0.279703
0.185995
0.185995
0.192245
0.192245
0.284385
0.2578
0.266743
0.266743
0.266743
0
0
0
0
0
0
0.266743
0.163236
0.163236
0
0
0
0
0.350483
0
0.266743
0
0
0
0
0
0
0.2578
0
0
0
0
0
0
0.2578
0.2578
0
0.2578
0
0
0.2578
0
0
0
0
0
0
0
0.2578
0
0
0
0
0
0.2578
0
0
0
0.2578
0.2578
0
0.2578
0.2578
0.2578
0.2578
0.2578
0.279718
0.279718
0.279718
0.279718
0.279718
0.279718
0.287148
0
0
0
0
0
0.279718
0
0
0
0.279718
0.279718
0
0.279718
0.2578
0
0.2578
0
0
0.2578
0.2578
0.279718
0.177667
0.28028
0.28028
0.279718
0.177967
0.279929
0.279929
0.2578
0.266743
0.266743
0.2578
0.279718
0.279718
0.176728
0
0
0.280492
0.177121
0
0
0.281557
0
0
0
0
0.279718
0.2578
0.170719
0.2578
0
0.2578
0.163741
0.296695
0
0
0
0
0.303527
0.303527
0.2578
0.163236
0.2578
0
0.2578
0.2578
0.25824
0
0.25824
0.163741
0.163741
0.163741
0.178017
0.178017
0.178017
0.178017
0.178017
0.178017
0
0.178017
0.164212
0.164212
0.164409
0.164212
0
0
0
0
0
0.163702
0.163702
0
0
0
0
0.166708
0
0
0
0
0
0
0
0
0
0
0
0
0
0.512989
0
0
0
0
0
0
0
0
0
0
0
0
0
0
0.162585
0
0
0
0
0
0
0
0
0
0
0
0
0
0
0
0
0
0
0
0
0
0
0
0
0
0
0
0
0
0
0.082244
0.082244
0.082244
0.082244
0
0
0
0
0
0.082244
0
0
0
0
0
0
0
0
0
0.163556
0
0
0
0
0
0
0
0
0
0
0
0
0
0
0
0
0
0
0
0
0.170088
0.170088
0.170088
0.170088
0.170088
0
0.170088
0.170088
0.170088
0.170088
0
0.170088
0.170088
0.170088
0.170088
0
0.170088
0.170088
0.170088
0.170088
0
0
0
0
0.170088
0.170088
0.170088
0.170088
0.170088
0.170088
0.170088
0.170088
0.170088
0
0
0
0
0
0.256333
0.256333
0.256333
0.256333
0.256333
0.256333
0.256333
0.256333
0.256333
0
0
0
0
0
0
0
0
0
0
0
0
0
0
0
0
0
0
0
0
0
0
0
0
0
0
0.162434
0.162434
0.162434
0
0
0
0
0
0
0
0
0
0
0
0
0
0
0
0
0
0
0
0
0
0
0
0
0
0
0
0
0
0
0
0
0
0
0
0
0
0
0
0
0
0
0
0
0
0
0
0
0
0
0
0
0
0
0
0
0
0
0
0
0
0
0
0
0
0
0
0
0
0
0
0
0
0.252435
0
0
0
0
0
0
0
0
0
0
0
0
0
0
0
0
0.512989
0
0
0
0.162598
0
0
0
0
0
0.512989
0
0
0
0
0
0
0
0
0.162585
0.162585
0.162585
0
0
0
0
0
0
0
0
0
0
0
0
0
0
0
0
0
0
0
0
0
0
0
0
0
0
0
0
0
0
0
0
0
0
0
0
0
0
0
0
0
0
0
0
0
0
0
0
0
0
0
0.163013
0.163013
0
0.163013
0.163013
0.260756
0.260756
0
0.260756
0.260756
0.164232
0
0
0
0
0
0
0
0
0.0486378
0.0486378
0.0486378
0
0
0
0
0
0
0
0
0
0
0
0
0
0
0
0
0
0
0
0
0
0
0
0
0
0
0
0
0
0
0
0
0
0
0
0
0
0
0
0
0
0
0
0
0
0
0
0
0
0
0
0
0
0
0
0
0.228829
0.228829
0.228829
0.228829
0.228829
0.228829
0.228829
0.228829
0
0.228829
0.228829
0
0.228829
0.228829
0
0.228829
0
0
0
0
0.162434
0.162434
0
0
0
0
0
0
0
0
0
0
0
0
0
0
0
0
0
0
0
0
0
0
0
0
0
0.162434
0
0
0
0
0
0
0
0
0
0
0
0
0
0
0
0
0
0
0
0
0
0
0
0
0
0
0
0
0
0
0
0
0
0
0
0
0
0
0
0
0
0
0
0
0
0
0
0
0
0
0
0
0
0
0
0
0
0
0
0
0
0
0
0
0
0
0
0
0
0
0
0
0
0
0
0
0
0
0
0
0
0
0
0
0
0
0
0
0
0
0
0
0
0
0
0
0
0
0
0
0
0
0
0
0
0
0
0
0
0
0
0
0
0
0
0
0
0
0
0
0
0
0
0
0
0
0
0
0
0
0
0
0
0
0
0
0
0
0
0
0
0
0
0
0
0
0
0
0
0
0
0
0
0
0
0
0
0
0
0
0
0
0
0
0
0
0
0
0
0
0
0
0
0
0
0
0
0
0
0
0
0
0
0
0
0
0
0
0
0
0
0
0
0
0
0
0
0
0
0
0
0
0
0
0
0
0.234023
0.234023
0.234023
0.234023
0.234023
0.272707
0.272707
0.272707
0.272707
0.272707
0.272707
0.272707
0.272707
0.272707
0.272707
0.272707
0.272707
0.272707
0.272707
0.163068
0.163068
0.163823
0.163823
0.162902
0.162902
0.162902
0.162902
0.162902
0.162902
0
0
0
0
0
0
0
0
0
0
0
0
0
0.162434
0.162434
0.162434
0.162434
0.162434
0
0
0
0
0
0
0
0
0
0
0
0
0
0
0
0
0
0
0
0
0
0
0
0
0
0
0
0
0
0
0
0
0
0
0
0
0
0
0
0
0
0
0
0
0
0
0
0
0
0
0
0
0
0
0
0
0
0
0
0
0
0
0
0
0
0
0
0
0
0
0
0
0
0
0
0
0
0
0
0
0
0
0
0
0
0
0
0
0
0
0
0
0
0
0
0
0
0
0
0
0
0
0
0
0
0
0
0
0
0
0
0
0
0
0
0
0
0
0
0
0
0
0
0
0
0
0
0
0
0
0
0
0
0
0
0
0
0
0
0
0
0
0
0
0
0
0
0
0
0
0
0
0
0
0
0
0
0
0
0
0
0
0
0
0
0
0
0
0
0
0
0
0
0.162434
0
0
0
0
0
0
0
0
0.162434
0.162434
0.162434
0.162434
0.162434
0.162434
0
0
0.162434
0.162434
0
0
0
0
0
0
0
0
0
0
0
0
0
0
0
0
0
0
0
0
0
0
0
0
0
0
0
0
0
0
0
0
0
0
0
0
0.170088
0.170088
0.170088
0.170088
0.170088
0.170088
0.170088
0.170088
0.170088
0
0
0
0
0.170088
0.167831
0.170088
0.170088
0.170088
0.170088
0
0.170088
0.170088
0.176875
0.176875
0.176875
0.176875
0.176875
0.170088
0
0.170088
0.170088
0.170088
0.170088
0
0
0.170088
0.170088
0.170088
0.179695
0.170088
0.170088
0.170088
0.170088
0
0.170088
0.170088
0
0.170088
0
0
0
0.170088
0.170088
0
0.170088
0.170088
0.166708
0.166708
0
0.170088
0.170088
0.170088
0.170088
0.170088
0.170088
0.170088
0.170088
0.170088
0
0
0
0
0
0
0
0
0
0
0
0.170088
0.170088
0
0
0.178927
0.170088
0.170088
0.170088
0.170088
0.254837
0
0.170088
0.170088
0.170088
0.264999
0
0.154746
0
0
0
0
0
0
0
0
0.169235
0
0
0
0
0
0
0
0.169235
0
0
0
0
0
0.254837
0.170088
0.170088
0
0
0
0
0
0
0
0.170088
0.170088
0
0.170088
0
0
0
0
0
0
0
0
0.170088
0.170088
0.170088
0.170088
0
0
0
0
0
0.177468
0
0
0
0
0
0
0
0
0
0
0
0
0
0
0
0
0.254837
0.170088
0.170088
0.170088
0.170088
0.170088
0.170088
0.170088
0
0
0
0
0
0
0
0
0
0
0
0
0
0
0
0
0
0
0
0
0
0
0
0
0.170808
0.170808
0.170808
0.172334
0.172334
0.172334
0.172334
0
0
0
0.172471
0.172471
0.172471
0.170941
0.170675
0
0.170675
0.170675
0
0.170808
0.172062
0.172062
0.172062
0.172062
0
0.172062
0.172062
0.172062
0.174042
0.174042
0.174042
0.174042
0.174042
0.172062
0
0
0
0
0
0.254837
0.254837
0.254837
0.254837
0.254837
0.254837
0
0
0
0
0
0
0
0
0
0.170088
0.170088
0.170088
0.170088
0.170088
0.170088
0.170088
0.170088
0.177524
0.177524
0
0.177524
0.170088
0.170088
0
0
0
0
0
0
0
0
0
0.170088
0.170088
0.161938
0.170088
0.170088
0.170088
0.178426
0.170088
0.170088
0.170088
0
0
0.170088
0.170088
0.170088
0.170088
0.170088
0.170088
0.170088
0.170088
0
0
0
0
0
0.169494
0
0
0
0
0
0
0
0
0.170088
0.170088
0
0
0.176091
0.170088
0.170088
0.170088
0.170088
0.170088
0
0
0
0
0
0
0
0
0
0
0.170088
0.170088
0.441942
0
0
0.170088
0.170088
0.170088
0
0.170088
0
0
0
0
0.176777
0
0
0
0
0.254837
0
0
0
0
0
0
0
0
0
0
0
0
0
0
0
0
0
0
0
0
0.266501
0.266501
0.266501
0
0
0.266501
0.266501
0.266501
0
0.266501
0
0
0
0
0
0
0
0
0
0
0
0
0
0
0
0
0
0
0
0
0
0
0
0
0
0
0
0
0
0
0
0
0
0
0
0
0
0
0
0
0
0
0
0
0
0
0
0
0
0
0
0
0
0
0
0
0
0
0
0.170088
0.170088
0.0845638
0
0
0
0
0
0
0
0
0
0.170088
0.170088
0
0
0.253784
0.266743
0.266743
0.266743
0
0
0
0
0
0
0
0
0
0
0
0
0
0
0
0
0
0
0
0
0
0
0
0.170088
0.170088
0
0
0
0
0
0
0
0
0
0
0
0
0
0
0
0
0
0
0
0
0
0
0
0
0
0
0
0
0
0
0
0
0
0
0
0
0
0
0
0
0
0
0
0
0
0
0
0
0
0
0
0
0
0
0
0
0
0
0
0
0
0
0
0
0
0
0
0
0
0
0
0
0
0
0
0
0
0
0
0
0
0
0
0
0
0
0
0
0
0
0
0
0
0
0
0
0
0
0
0
0
0
0
0
0
0
0
0
0
0
0
0
0
0
0
0
0.170088
0.170088
0
0
0
0
0
0
0
0
0
0
0
0
0.170088
0.170088
0
0
0.170088
0.170088
0
0
0
0
0
0.170088
0.170088
0.170088
0.170088
0
0
0
0
0
0
0
0
0
0
0
0
0
0
0
0
0
0
0
0
0
0
0
0
0
0
0
0
0
0
0
0
0
0
0
0
0
0
0
0
0
0
0
0
0
0
0
0
0
0
0
0
0
0
0
0
0
0
0
0
0
0
0
0
0
0
0
0
0
0
0
0
0
0
0
0
0
0
0
0
0
0
0
0
0
0
0
0
0
0
0
0
0
0
0
0
0
0
0
0
0
0
0
0
0
0
0
0.162585
0
0
0.177506
0.177506
0.177506
0.177506
0.177506
0.177506
0.177506
0.177506
0.170088
0.170088
0.170088
0.170088
0.170088
0.170088
0.170088
0.170088
0.170088
0.170088
0.170088
0.170088
0.303527
0.303527
0.303527
0.303527
0
0
0.170088
0.170088
0.170088
0.170088
0.303527
0.303527
0.303527
0
0
0
0.301841
0.301841
0.303527
0.303527
0
0
0
0
0
0
0
0
0
0
0
0
0
0
0
0.170088
0
0
