0
0
0
0
0
0
0
0
0
0
0
0
0
0
0
0
0
0
0
0
0
0.0612893
0.0612728
0.0612728
0.0612728
0.0612728
0.0612728
0.0612728
0.0612728
0.0612728
0.0612893
0.0612893
0
0
0
0
0
0
0
0
0
0.0674528
0.0674528
0
0
0
0
0
0
0
0
0
0
0
0
0
0
0
0
0
0
0
0
0
0
0
0
0
0
0
0
0
0
0
0
0
0
0
0
0
0
0.0637114
0.0637114
0
0.0637114
0
0
0
0.0659278
0.0647427
0.072988
0.0730019
0.0658869
0
0.0748182
0
0
0
0
0.064733
0
0
0
0
0
0
0.0617971
0
0.0617971
0
0.0613634
0.0613799
0.0613799
0
0
0
0.0617886
0.062335
0
0
0
0.0618055
0.0623523
0
0
0
0
0
0
0
0
0
0
0
0
0
0
0
0
0
0
0
0
0
0
0
0
0
0
0
0
0
0
0
0
0
0
0
0
0
0
0
0
0
0
0
0
0
0
0
0
0
0
0
0
0
0
0
0
0
0
0
0
0
0
0
0
0
0
0
0
0
0
0
0
0
0
0
0
0
0
0
0
0
0
0
0
0
0
0
0
0
0
0
0
0
0
0
0
0
0
0
0
0.0613716
0
0
0
0
0
0
0
0.0730854
0.0744176
0
0.0703349
0.070472
0
0.0725204
0.0725204
0
0
0
0
0
0
0.070635
0
0.070635
0.070635
0.070635
0
0
0
0.0617802
0.0645113
0.0644826
0.0680301
0.0617297
0.0766643
0
0
0
0.0713506
0.0749381
0
0
0
0
0.067918
0
0
0
0.0682561
0
0
0
0
0
0
0
0
0.0717562
0
0
0
0
0
0
0
0
0
0
0
0
0
0
0
0
0
0
0
0
0
0
0
0
0.105409
0.0682561
0
0
0
0
0
0
0
0
0
0
0.0730854
0.0730993
0
0
0
0
0
0
0
0
0
0
0
0.0717562
0.0717562
0
0
0
0
0
0
0
0
0
0
0
0
0
0
0
0
0
0.0617971
0
0
0.0613799
0.0613799
0
0
0.0730854
0.0733658
0
0
0
0
0
0
0
0
0
0
0
0
0
0
0
0
0
0
0
0
0
0
0
0
0
0
0
0
0
0
0
0
0
0
0
0
0
0
0
0
0
0
0
0
0
0
0
0
0
0
0
0
0
0
0
0
0
0
0
0
0
0
0
0
0
0
0
0
0
0
0.0448432
0
0
0
0
0
0
0
0
0
0.044468
0.044468
0.044468
0.044468
0.044468
0.0485889
0.0485889
0.0485889
0.0485889
0.0485889
0.0485889
0.0485889
0.0485889
0.0485889
0.0485889
0.0486628
0.0486628
0.0486628
0.0486628
0.0486628
0.0486628
0.0486628
0.0486628
0.0486628
0.0486628
0.0486628
0.0486628
0.0486628
0.0486628
0.0486628
0
0
0
0
0
0
0
0
0
0
0
0
0
0
0
0
0
0
0
0
0
0
0
0
0
0
0
0
0
0
0
0
0
0
0
0
0
0
0
0
0
0
0.0688428
0.0688428
0.0688428
0.0688428
0.0688428
0
0
0
0
0
0
0
0
0
0
0
0
0
0
0
0
0
0
0
0
0
0
0
0
0
0
0
0
0
0
0
0
0.0412193
0
0.105409
0
0.295804
0
0.0412393
0
0
0
0
0
0
0
0
0
0.0412193
0.0412393
0
0
0
0
0
0
0.0664141
0
0.0942211
0.0446385
0.0693852
0
0.0445246
0.118678
0.118678
0.0484949
0.0446163
0.0449564
0.0447086
0.059602
0
0.0606658
0.0606658
0
0
0
0.0606658
0.0603258
0.0603258
0.0603336
0.0603336
0.0603258
0
0
0
0
0
0
0
0
0
0
0
0
0.0649766
0.0649766
0.0649766
0.0649766
0.0649766
0.0649766
0.0672455
0.0649766
0.0445973
0.0445973
0.0445973
0.0445973
0.0445973
0.0446036
0.0446036
0.0447341
0.0447341
0.0447341
0
0
0
0
0
0
0
0
0
0
0
0
0
0
0
0
0
0
0
0
0
0
0
0
0
0
0
0
0
0
0
0
0
0
0
0
0
0
0
0
0
0
0.0600532
0.0600532
0
0.0610929
0.0600532
0.0601929
0.0600532
0.0600532
0.0600532
0
0
0
0
0
0
0
0
0
0
0
0
0
0
0
0
0
0
0
0
0
0
0
0
0
0
0
0.0446958
0.0446958
0.044779
0.0446958
0.0448432
0.0448432
0.0448432
0.0445688
0.0445688
0.0448239
0.0445688
0.0445688
0.0445688
0.044779
0.0448239
0.0448014
0.0448014
0.0448465
0.0448014
0.0447246
0.0447246
0.0447533
0.0447661
0.0461476
0.0460078
0.0460078
0.0462851
0.0477546
0
0
0
0
0.0447661
0.0447661
0.0447661
0.0447661
0.0446258
0.0446258
0.0446036
0.0446036
0.0446036
0.0446036
0.0447661
0.0446036
0.0412093
0.0412093
0.0412193
0.0412093
0.0412093
0.0412193
0.0412193
0.0412093
0.0412093
0
0
0
0
0
0
0
0
0
0
0
0
0.0412093
0.0410502
0.0410502
0.0410502
0.0410502
0.0410502
0.0412293
0.0412293
0.0410502
0.0514734
0.0514734
0
0.0514734
0.0410997
0.0564847
0.0564847
0.0410502
0.0412093
0.0412093
0.0412193
0.0412193
0.0410502
0.0412093
0.0412093
0.0412193
0.0412193
0.0412193
0.0412193
0.0412193
0.0412193
0.0412193
0.0412193
0.0412193
0.0410502
0.0412093
0.142236
0.142236
0.142236
0.142236
0.0410502
0.0412393
0.0412393
0.0412393
0.0412393
0
0
0.0412393
0.0412393
0.0412393
0.0412393
0.0412393
0.0412393
0.0412393
0.0412393
0.0412393
0.0412393
0.0412393
0.0448014
0.0448014
0
0
0.044795
0.044795
0.044795
0.0447694
0.0447694
0.0447597
0.0708119
0.0708119
0
0.0687498
0.0687498
0.0448432
0.04484
0
0
0
0
0
0
0
0
0.04484
0.04484
0.04484
0.04484
0.04484
0.0448432
0.0448432
0
0
0
0
0
0
0
0.04484
0
0.04484
0
0.04484
0.0448432
0.0448432
0.0448432
0.04484
0.04484
0.0473514
0.0610035
0.0655323
0.0629495
0
0
0.0451458
0
0
0
0
0
0
0.0477507
0.0495856
0.0451458
0.0451458
0.0451754
0.0451458
0.0593989
0.0593989
0.0593989
0
0.0593989
0.0593989
0.707107
0.0297032
0.0593989
0.707107
0.0593989
0.0593989
0.0593989
0.0594288
0
0.0594288
0.0594288
0.707107
0.0594288
0.0593989
0
0
0
0
0
0
0
0
0
0
0.0601152
0
0
0.0575299
0
0.0575299
0
0.0575299
0
0
0
0
0
0.0724524
0.163455
0.163455
0.163455
0
0.0724524
0.0724524
0.0724524
0
0.0724524
0
0
0.0575299
0.0601462
0.0601462
0.0602475
0.0411196
0.0604674
0.0575367
0.0558456
0.0559767
0.0559767
0.0589402
0.0593242
0.0593242
0
0.059354
0
0
0
0.0641878
0.0660922
0
0.0703349
0.0664246
0
0
0
0
0.0611826
0.0611826
0.0611826
0
0
0
0
0
0
0
0
0
0
0
0
0
0
0
0
0
0
0
0
0
0
0
0
0
0
0
0
0.0591608
0.0591608
0.0591608
0.0591608
0.0591608
0.0591608
0
0
0.0591608
0.059183
0.059183
0.0594739
0.0594739
0.0594739
0.0597767
0.0594739
0.0594739
0.0594739
0.059183
0
0
0
0
0
0
0
0
0
0
0
0
0
0
0
0
0
0
0
0
0
0
0
0
0
0
0
0
0
0
0
0
0
0.0660613
0.0478404
0.0478404
0.0448432
0.0447694
0.0612236
0.0612236
0
0
0.0619833
0.0478443
0.0478443
0
0.0478443
0.0478443
0
0.0447694
0.0447694
0.064387
0
0
0
0
0
0
0
0
0
0
0
0
0
0
0
0
0
0
0
0
0
0
0
0
0
0
0.0741249
0
0.0492323
0
0.0462462
0
0.0487536
0
0.0533815
0
0.0644634
0
0
0
0
0
0
0.0705346
0.0513375
0
0
0.0450737
0.171679
0.0536662
0.0473324
0.0756547
0
0
0
0
0.0762176
0
0.0457697
0
0.0611173
0
0
0.0880207
0.0448465
0.0736781
0.0517186
0
0.0620174
0.0447086
0.174836
0.0492537
0.0775984
0
0.0657038
0
0.0884872
0.0619833
0
0.0460078
0
0
0
0.707107
0.707107
0.707107
0.707107
0
0
0
0
0
0
0
0
0
0
0
0
0
0
0
0
0
0
0
0
0
0
0
0
0
0
0
0
0
0
0
0
0
0.0629495
0.0629495
0.0629495
0.0629495
0.0629495
0.0629495
0.0629495
0.0629495
0
0.0629495
0.0629495
0
0.0629495
0.0629495
0
0
0
0
0
0
0
0
0
0
0
0
0
0.0446036
0.0446036
0.0446036
0.0477546
0
0.0412393
0.0448465
0.0445688
0.0445688
0.0445688
0.0445688
0.0447246
0.0447277
0.0446163
0.0446163
0
0.0446163
0.0446163
0.0693733
0.0693733
0
0.0693733
0.0693733
0.0449596
0.0588964
0
0.0588964
0.0588964
0.0578108
0.154303
0
0
0.0664141
0.0664141
0.0664141
0
0
0
0.0811298
0
0
0.0829434
0.0829434
0.0830455
0.0830455
0.0830455
0.0830455
0
0.0478443
0.0478443
0.0478443
0.0478443
0.0478443
0.0478443
0.0478443
0.0478443
0.0478443
0.04449
0.04449
0.0478443
0
0
0
0
0
0.0478443
0.0478443
0.0478443
0.0478443
0
0
0
0
0
0
0
0
0
0
0
0
0
0.111406
0.113228
0.0478443
0.0478443
0
0.0478443
0.0746839
0.0746839
0.0746839
0.0746839
0
0.0746839
0.0746839
0.0746839
0.0746839
0.0749682
0.385922
0.0755621
0.0755621
0.0755621
0.0755621
0
0.0755621
0.0755621
0.0755621
0.0755621
0.0757787
0.130347
0.0478443
0
0.0478443
0.0478443
0.0685074
0.159836
0.176383
0.0738645
0.0739366
0
0.0478443
0.0478443
0.0478443
0.0478443
0
0.0758877
0.0760443
0
0.0478443
0.0478443
0.0478443
0.0478443
0.0478443
0
0.0478443
0.0478443
0
0
0.18323
0
0.0478443
0
0
0
0
0
0
0
0
0
0
0
0.0478443
0
0
0.0478443
0.0483853
0.0478443
0.0478443
0.0478443
0.0729741
0
0.0729741
0
0.0729741
0
0.0478443
0
0.0478443
0.0803219
0.0478443
0
0.0478443
0.0478443
0.0478443
0
0.0478443
0
0.0478443
0
0.0478443
0
0
0.0478443
0
0
0
0
0
0
0
0
0
0
0
0.0744176
0
0.0478443
0.0743735
0.0743735
0.0743735
0.0744765
0
0
0
0
0
0
0
0
0
0
0
0
0
0
0
0
0
0
0
0
0
0
0
0
0
0.11989
0.272888
0.0619833
0.0606021
0.0606021
0
0
0
0
0
0
0
0
0
0
0
0
0
0
0
0
0
0
0
0
0
0
0
0
0
0
0
0
0
0
0
0
0
0
0
0
0
0
0
0
0
0
0
0
0
0
0
0
0
0
0
0
0
0
0
0
0
0
0
0
0
0
0
0
0
0
0
0
0
0
0
0
0
0
0
0
0
0
0
0
0
0
0.0707739
0.0478443
0.0478443
0.152625
0.0478443
0
0.0478443
0.0731692
0.0478443
0.0740378
0.0740378
0.0740378
0.14676
0.0741978
0.0751646
0.0478443
0.0478443
0.0478443
0.0478443
0.0478443
0.0478443
0.0478443
0.0478443
0.0478443
0.0478443
0.0478443
0
0.0478443
0
0.0478443
0
0.0478443
0.0478443
0.0478443
0.0715853
0.0715853
0
0.0715853
0.0715853
0.0715853
0.0715853
0.0715853
0.0715853
0.0715853
0.0715853
0
0
0
0
0.0715853
0
0.0478443
0
0
0
0.0447277
0.0447277
0.0447277
0.0473817
0.0449143
0
0
0
0
0.0412393
0.0447661
0.0447661
0.0447661
0
0.0447661
0.0412193
0
0
0.0613799
0.0613799
0.0613799
0.0613799
0.0613799
0.0613799
0.0613799
0.0617886
0
0.0617886
0.0617886
0
0.0617886
0.0617886
0.0617886
0.0617886
0
0.0613799
0.0613799
0.0613799
0.0613799
0.0613799
0.0613799
0.0613799
0
0.0613799
0.0613964
0.0613799
0.0618055
0.0618055
0
0
0
0
0
0.0618055
0.0618055
0
0
0
0
0
0
0.0694449
0
0
0
0
0
0.0694449
0
0
0
0
0
0
0
0
0
0
0
0
0
0
0
0
0
0
0
0
0
0
0
0
0
0
0
0
0
0
0
0
0
0
0
0
0
0
0
0
0
0
0
0
0
0
0
0
0
0
0
0
0
0
0
0
0
0
0
0
0
0
0
0
0
0
0
0
0
0
0
0
0
0
0
0
0
0
0
0
0
0
0.0725204
0.0725204
0.0725204
0.0725204
0
0
0
0
0
0
0
0
0
0
0
0
0
0
0
0
0
0
0
0
0
0
0
0
0
0
0
0
0
0
0
0
0
0
0
0
0
0
0
0
0
0
0
0
0
0
0
0
0
0
0
0
0
0
0
0
0
0
0
0
0
0
0
0
0
0
0
0
0
0
0
0
0
0
0.0674528
0.0674528
0.0674528
0.0674528
0
0
0
0
0
0
0
0
0
0
0
0
0
0
0
0
0
0
0
0
0
0
0
0
0
0
0
0
0
0
0
0
0
0
0
0
0
0
0
0
0
0
0
0
0
0
0
0
0
0
0
0
0
0
0
0
0
0
0
0
0
0
0
0
0
0
0
0
0
0
0
0
0
0
0
0
0
0
0
0
0
0
0
0
0
0
0
0
0
0
0
0
0
0
0
0
0
0
0
0
0
0
0
0
0
0
0
0.0717562
0.0647718
0
0.0613716
0.0613716
0.0613716
0.0613716
0.0613716
0.0613716
0
0
0.0692425
0.0692425
0.0692425
0.0692425
0
0
0
0
0
0
0.0732814
0.0732814
0.0732814
0
0
0
0
0
0
0
0
0
0
0
0
0
0
0
0
0
0
0
0
0
0
0
0
0
0
0
0
0
0
0
0.0478443
0.0478443
0.0478443
0.0709518
0
0
0
0
0
0
0
0.0478443
0
0
0.121014
0
0
0
0.121014
0
0
0
0.0715984
0.0478443
0.0478443
0.0478443
0.0478443
0.0478443
0.0478443
0
0
0
0.0727118
0.0488532
0
0
0.0730993
0.0720884
0.0720884
0
0
0
0
0
0
0
0
0
0
0
0
0
0
0
0
0
0
0
0
0.0444931
0
0
0
0
0
0
0
0.0488657
0.0488657
0.0488657
0
0.110528
0.110528
0.104583
0
0.112611
0.112611
0.111406
0.111406
0.111406
0
0
0
0
0
0
0.0374465
0.036882
0.036882
0
0
0
0
0
0.0373122
0.0728771
0.0488532
0
0.0756856
0.0756856
0.0376203
0.0376203
0.0488574
0
0
0
0
0
0
0
0
0
0
0.0491643
0.0491643
0.0491643
0
0.0491643
0.0495291
0.0491643
0.0491855
0
0.0478443
0.0478443
0.0478443
0.0478443
0.0478443
0
0
0
0
0.0743001
0.0478443
0.0741249
0.0478443
0.344447
0.344447
0
0.0714416
0.0478443
0
0
0
0
0.0478443
0.0478443
0.0478443
0.0478443
0.0478443
0.0478443
0.0478443
0.0478443
0.0478443
0.0478443
0.0478443
0.0478443
0.0478443
0.0478443
0.0478443
0
0
0
0
0
0
0
0
0
0
0.080883
0.0478443
0.0478443
0.0780529
0.0748331
0
0.0748331
0
0.0748331
0.0748331
0
0
0.0748331
0.0757011
0
0.0757011
0
0.0757011
0.0757011
0
0
0.0757011
0
0
0
0
0.0478443
0
0
0
0
0
0
0
0.0757011
0.0757011
0.0757011
0
0.0710413
0.107432
0.107432
0.107432
0
0
0
0
0.107432
0.107432
0.107432
0.107432
0.107432
0.109954
0
0
0
0.0478443
0.0749231
0.075104
0.075104
0
0
0
0
0
0
0.0478443
0.0478443
0.0478443
0
0.0478443
0.0478443
0.0478443
0.0478443
0.0478443
0.0478443
0.0478443
0.0478443
0
0
0.0478443
0
0.0478443
0
0.0478443
0.0478443
0.0478443
0.0478443
0.0478443
0.0478443
0.344447
0.0478443
0.0478443
0.0478443
0.0478443
0.0478443
0
0
0
0
0.0478443
0.344447
0.0478443
0.0760129
0.0760129
0
0
0.0760129
0
0
0
0
0
0
0
0
0
0.0753473
0.0753473
0.0753473
0.0755467
0
0
0
0
0
0
0
0
0
0
0
0
0
0
0
0
0
0
0
0
0
0.0478443
0
0
0
0
0
0
0
0
0
0
0
0
0
0
0
0
0
0
0
0
0
0
0
0
0
0
0
0
0
0
0
0
0
0
0
0
0
0
0
0
0
0
0
0
0
0
0
0.227289
0.432049
0.432049
0.432049
0.534522
0.471405
0.471405
0
0
0.36172
0.36172
0
0.381881
0
0
0
0
0
0
0
0
0
0.387992
0.387992
0.52915
0.403473
0
0.413197
0.413197
0.413197
0
0
0
0
0
0
0
0
0
0
0
0
0.0478443
0.0478443
0.0478443
0.0478443
0.0478443
0
0
0
0
0
0
0
0
0
0
0
0
0
0
0
0
0
0
0.0803219
0.26933
0.28124
0
0
0
0
0
0
0
0
0.0773989
0
0.0941316
0
0.0968678
0.0968678
0.0968678
0.0968678
0.0968678
0.0968678
0.113228
0.132288
0
0.113228
0.0968678
0
0
0
0
0
0
0
0
0
0.0968678
0.0968678
0.0968678
0.0968678
0
0
0
0
0
0
0
0
0
0
0
0
0
0
0.075332
0
0.0761387
0
0
0
0
0
0
0
0.076281
0
0
0.0478443
0.0478443
0.0478443
0.0478443
0.0478443
0.0713376
0
0
0
0
0
0
0.0478443
0.0478443
0.0478443
0.0478443
0.344447
0.344447
0
0
0
0.344447
0.47907
0.5
0.47907
0.47907
0.344447
0
0.0478443
0.0715853
0.0715853
0.0715853
0.0715853
0.0715853
0.0715853
0.0715853
0.0715853
0.0715853
0.0715853
0.0715853
0.0715853
0
0
0
0
0.0715853
0
0.0715853
0.0715853
0.0715853
0.0715853
0
0
0
0
0
0
0
0
0
0
0
0
0
0
0
0
0
0
0
0
0
0
0
0
0
0
0
0
0
0
0.0478443
0.0478443
0.0478443
0.0478443
0.0478443
0.0478443
0.0478443
0.0478443
0.0478443
0.0478443
0.0478443
0.0478443
0.0478443
0.0487826
0.0488574
0
0.0488574
0.0488574
0.0488574
0
0
0
0
0
0
0
0
0
0
0
0
0
0
0
0
0
0
0
0
0
0
0
0.358386
0
0.242536
0.317363
0
0
0
0
0
0
0
0
0
0
0
0
0
0
0
0
0
0
0
0
0
0
0
0
0
0.0478443
0.0478443
0.0941316
0.0488615
0.0478443
0.0478443
0.0478443
0.0478443
0.0478443
0.0478443
0.0484339
0.0484339
0
0.0478443
0.0478443
0.139443
0.0478443
0.0757787
0.0478443
0
0.0478443
0.0478443
0.0478443
0
0
0
0
0.0478443
0
0
0
0
0
0.0478443
0
0.0478443
0.0478443
0.0478443
0.0478443
0
0.0478443
0.0478443
0.0478443
0.0478443
0.0478443
0.0478443
0.0478443
0.0478443
0
0.0478443
0.0715853
0.0715853
0.0715853
0.0715853
0.0715853
0.0715853
0.0715853
0.0715853
0
0
0
0
0
0
0
0
0
0
0
0
0
0
0
0
0
0
0
0.0478443
0.0478443
0.0478443
0.0478443
0.0478443
0.0478443
0.0478443
0
0
0
0
0
0.0478443
0.0746691
0
0.0715853
0.0715853
0
0
0
0.0751646
0.0751646
0.0478443
0.0478443
0.0478443
0.0478443
0.0478443
0.0478443
0.0478443
0.0478443
0
0.0478443
0.0478443
0.0478443
0.0713506
0
0.0717826
0.0717826
0.0714416
0
0.0718753
0.0718753
0.0718753
0
0.0727118
0.0743294
0.0730297
0.0730297
0.0736638
0.0736638
0.0786368
0.0732673
0
0
0
0
0
0.0732673
0.0488532
0
0
0
0
0
0
0
0
0
0
0
0
0
0
0
0
0
0
0
0
0
0.0488574
0.0488574
0
0.0488574
0.0488574
0.0715853
0.0478443
0.0478443
0.0478443
0.0478443
0.0749983
0.0749983
0
0
0.0749983
0.0749983
0.0721018
0.0721018
0.0721018
0.0721018
0.0721018
0.0721018
0.0721018
0
0
0
0
0
0
0
0
0
0
0.881917
0.881917
0.881917
0
0
0.131306
0.131306
0.131306
0
0.131306
0.131306
0
0.171499
0.171499
0
0.171499
0.131306
0
0
0
0
0
0.196657
0.196657
0.196657
0.196657
0.196657
0.0764719
0.0764719
0.0764719
0.0764719
0.0764719
0
0
0
0
0
0
0
0
0
0
0
0
0
0
0.0730019
0.0730019
0
0.0730158
0.0730158
0.401148
0.401148
0
0.413197
0.41574
0.136809
0.136809
0
0.137546
0.138296
0.231603
0.244079
0.244079
0.272166
0
0
0
0
0
0
0
0
0
0
0
0
0
0
0
0
0
0
0
0
0
0
0
0
0
0
0
0
0
0
0
0
0
0
0
0
0
0
0
0.0715853
0
0
0
0
0
0
0
0
0
0
0
0
0
0
0
0
0.111406
0.111406
0.111406
0.111406
0.111406
0.111406
0.111406
0.111406
0.111406
0.111406
0.111406
0.111406
0.111406
0.0837498
0
0.0905357
0
0.0905357
0.0905357
0.103457
0
0
0
0
0
0
0
0
0
0
0
0
0
0
0
0
0
0
0
0
0
0
0
0
0
0
0
0
0
0
0
0
0
0
0
0
0
0
0
0
0
0
0
0
0
0
0.0721018
0.0721018
0.0721018
0.0721018
0.0721018
0.0721018
0
0
0
0
0
0
0
0
0
0
0
0
0
0
0
0
0
0
0
0
0
0
0
0
0
0
0
0
0
0
0
0
0
0
0
0
0
0
0
0
0
0
0
0
0
0
0
0
0
0
0
0
0
0
0
0
0
0
0
0
0
0
0
0
0
0
0
0
0
0
0
0
0
0
0
0
0
0
0
0
0
0
0
0
0
0
0
0
0
0
0
0
0
0
0
0
0
0
0
0
0
0
0
0
0
0
0
0
0
0
0
0
0
0
0
0
0
0
0
0
0
0
0
0
0
0
0
0
0
0
0
0
0
0
0
0
0
0
0
0
0
0.0478443
0.0478443
0.0478443
0.0478443
0.0478443
0
0
0
0.0478443
0.0478443
0
0.0478443
0.0478443
0
0
0
0
0
0
0
0
0
0
0
0
0
0
0
0
0
0
0
0
0
0
0
0
0
0
0
0
0
0
0
0
0
0
0
0
0
0
0
0
0
0
0
0
0
0
0
0
0
0
0
0
0
0
0
0
0
0
0
0
0
0
0.0478443
0.0478443
0.0478443
0
0
0
0
0
0
0.0478443
0.0478443
0.0478443
0.0478443
0.0478443
0.0478443
0.0478443
0.0478443
0.0478443
0.0478443
0
0
0.0478443
0.0478443
0
0.0478443
0.0808452
0
0
0
0.0809776
0.0755159
0
0.322031
0.0478443
0.0478443
0.0741978
0
0
0
0.074227
0.0478443
0.0478443
0
0
0.0478443
0.0478443
0.0478443
0.0478443
0.0478443
0.0478443
0.0478443
0.0478443
0.0478443
0.0478443
0.0478443
0.0478443
0.0496379
0.0496379
0.0496379
0
0
0
0
0
0
0
0.0478443
0.0478443
0.0478443
0.0478443
0.0478443
0.0478443
0.0478443
0
0
0
0
0
0
0
0
0
0
0
0
0
0
0
0
0
0
0
0
0
0.0478443
0
0
0
0.0478443
0.0478443
0.0478443
0.0478443
0.0478443
0.0478443
0
0
0.0478443
0.0478443
0.0478443
0.0478443
0.0478443
0.0478443
0.0478443
0.0478443
0.0478443
0.0478443
0.0478443
0.0478443
0.0478443
0.0478443
0.0478443
0.0478443
0.0478443
0.0478443
0.0478443
0.0478443
0.0478443
0.0478443
0.0478443
0.0478443
0.0478443
0.0478443
0.0478443
0.0478443
0.0478443
0.0478443
0.0478443
0.0478443
0.0478443
0.0478443
0.0478443
0.0478443
0.0478443
0.0478443
0.0478443
0.0478443
0.0478443
0.0478443
0.0478443
0.0478443
0.0478443
0.0478443
0.0478443
0.0478443
0.0478443
0.0478443
0.0478443
0.0478443
0.0478443
0.0478443
0.0478443
0.0478443
0.0478443
0.0478443
0.0478443
0
0
0
0
0
0.04449
0
0
0
0
0
0
0
0
0
0
0
0
0
0
0
0
0
0
0
0
0
0
0
0
0
0
0
0
0
0
0
0
0
0
0
0
0
0
0
0
0
0
0
0
0
0
0
0
0
0
0
0
0.0478443
0.0478443
0.0478443
0.0478443
0.0478443
0.0478443
0.0478443
0.0478443
0.0478443
0.0478443
0.0478443
0.0478443
0.0478443
0.0478443
0.0478443
0.0478443
0.0478443
0.0478443
0.0478443
0.0478443
0.376051
0.376051
0.0701246
0.0760915
0.0478443
0.0478443
0.0478443
0.0478443
0.0478443
0.0478443
0.0478443
0.0478443
0.0478443
0.0478443
0.0478443
0.0478443
0.0478443
0.0478443
0.0478443
0.0478443
0.0478443
0.0478443
0.0478443
0.0478443
0.0478443
0.0478443
0.0478443
0.0478443
0.0478443
0.0478443
0.0478443
0.0478443
0.0478443
0.0478443
0.0478443
0.0478443
0.0478443
0.0478443
0.0478443
0.0478443
0.0478443
0.0478443
0.0478443
0.0478443
0.0478443
0.0478443
0.0478443
0.0478443
0.0478443
0.0478443
0.0478443
0.0478443
0.0478443
0.0478443
0.0478443
0.0478443
0.0478443
0.0478443
0.0478443
0.0478443
0.0478443
0.0478443
0.0478443
0.0478443
0.0478443
0.0478443
0.0478443
0.0478443
0.0478443
0.0478443
0.0478443
0.0478443
0.0478443
0.0478443
0.0478443
0.0478443
0.0478443
0.0478443
0.0478443
0.0478443
0.0478443
0.0478443
0.0478443
0.0478443
0.0478443
0.0478443
0.0478443
0.0478443
0.0478443
0.0478443
0.0478443
0.0478443
0.0478443
0.0478443
0.0478443
0.0478443
0.0478443
0.0478443
0.0478443
0.0478443
0.0478443
0.0478443
0.0478443
0.0478443
0.0478443
0.0478443
0.0478443
0.0478443
0.0478443
0.0478443
0.0478443
0.0478443
0.0478443
0.0478443
0.0478443
0.0478443
0.0478443
0.0478443
0.0478443
0.0478443
0.0478443
0.0478443
0.0478443
0.0478443
0.0478443
0.0478443
0.0478443
0.0478443
0.0478443
0.0478443
0.0478443
0.0478443
0.0478443
0.0478443
0.0478443
0.0478443
0.0478443
0.0478443
0.0478443
0.0478443
0.0478443
0.0478443
0.0478443
0.0478443
0.0478443
0.0478443
0.0478443
0.0478443
0.0478443
0.0478443
0.0478443
0.0478443
0.0478443
0.0478443
0.0478443
0.0478443
0.0478443
0.0478443
0.0478443
0.0478443
0.0478443
0.0478443
0.0478443
0.0478443
0.0478443
0.0478443
0.0478443
0.0478443
0.0478443
0.0478443
0.0478443
0.0478443
0.0478443
0.0478443
0
0
0.0478443
0.0478443
0.0478443
0.0478443
0.0478443
0.0478443
0.0478443
0.0478443
0.0478443
0.0478443
0.0478443
0.0478443
0.0478443
0.0478443
0.0478443
0.0478443
0.0478443
0.0478443
0.0478443
0
0
0
0
0
0.0478443
0
0
0
0
0
0
0
0
0
0
0
0
0
0
0
0
0
0
0
0
0
0
0
0
0
0
0
0
0
0
0
0
0
0
0
0
0
0
0
0
0
0
0
0
0
0
0
0
0
0
0
0
0
0
0
0
0
0
0.0746691
0
0.0746691
0.0746691
0
0
0
0
0
0
0
0.0702852
0.0702852
0
0.0702852
0.0478443
0.0478443
0.0478443
0.0734506
0.0734506
0.0734506
0.0741978
0.0734506
0.0741978
0.0741978
0
0
0.0734789
0.0734789
0
0
0
0.0734789
0
0
0
0.0715853
0
0
0.0715853
0.0715853
0.0715853
0.0715853
0.0715853
0
0
0
0
0.0715853
0.0478443
0.0478443
0
0.0758877
0
0.0760915
0.0487784
0
0.0478443
0.0478443
0.0478443
0.0478443
0.0700877
0.0700877
0.0700877
0.0700877
0
0.0478443
0.0478443
0
0
0
0.0478443
0.0478443
0
0
0
0
0
0
0
0.0478443
0.0478443
0.0478443
0.0478443
0.0478443
0.0478443
0.0478443
0.0478443
0.0478443
0.0478443
0.0478443
0.0478443
0.0478443
0
0
0
0.0478443
0.0478443
0
0
0
0
0
0
0.135814
0.135814
0.135814
0.135814
0.615125
0.615125
0.615125
0.615125
0.615125
0
0
0
0
0.0754238
0
0
0
0
0
0
0
0
0.0478443
0.0478443
0.0478443
0
0
0
0
0
0
0
0
0
0
0
0
0
0
0
0.0732814
0
0
0
0
0
0
0
0.0732814
0
0
0
0
0
0
0
0
0
0
0
0
0
0
0
0
0
0.0734506
0.0734506
0.0759033
0.0759033
0.0759033
0
0
0
0
0
0
0
0
0
0
0
0.0759033
0
0
0
0
0
0
0
0
0
0
0
0
0
0
0
0
0
0
0
0
0
0
0
0
0
0
0
0
0
0
0
0
0
0
0
0
0
0
0
0
0
0
0
0
0
0
0
0
0
0
0
0
0
0
0.0709773
0.0709773
0.0478443
0.0478443
0
0
0
0
0
0
0
0
0
0
0
0.0478443
0.0478443
0
0
0
0.0478443
0.0478443
0.0715853
0
0
0.0478443
0.0478443
0.0478443
0.0478443
0.0478443
0.0478443
0.0478443
0.0478443
0.0478443
0.0478443
0.0478443
0.0478443
0
0
0
0
0
0
0.0478443
0.0478443
0.0478443
0.0478443
0
0
0
0
0
0
0
0
0
0
0
0
0
0
0.0478443
0.0478443
0
0
0
0
0
0
0
0
0
0.0478443
0.0478443
0.0478443
0.0478443
0.0478443
0.0478443
0
0.0478443
0.0478443
0.0478443
0.0478443
0
0.0478443
0.0478443
0.0478443
0.0478443
0
0.0478443
0.0478443
0.0478443
0.0478443
0
0
0
0
0
0
0
0
0.0478443
0.0478443
0.0478443
0.0478443
0.0478443
0.0478443
0.0478443
0.0478443
0.0478443
0.0478443
0.0478443
0.0478443
0
0
0.0478443
0.0478443
0
0
0
0
0
0
0
0
0.606977
0
0.0478443
0.0478443
0
0
0
0
0.0941316
0.0941316
0.0941316
0.0941316
0.0941316
0.105872
0.105915
0
0
0
0
0
0
0
0
0
0
0
0
0
0
0
0
0
0
0
0
0
0
0
0
0
0
0
0
0
0
0
0
0
0
0
0
0
0
0
0
0
0
0
0
0
0
0
0
0
0
0
0
0
0
0
0
0
0
0
0
0
0
0
0
0
0
0
0
0
0
0
0
0
0
0
0
0
0
0
0
0
0
0
0
0
0
0
0
0
0
0
0
0
0
0
0
0
0
0
0
0
0
0
0
0
0
0
0
0
0
0
0
0
0
0
0
0
0
0
0
0
0
0.0478443
0.0478443
0
0
0.0478443
0.0478443
0.0478443
0.0478443
0.0478443
0
0
0.0478443
0.0478443
0.0478443
0.0478443
0.0478443
0.0478443
0.0478443
0.0478443
0.0478443
0.0478443
0.0478443
0.0478443
0.0720884
0.0720884
0
0.0721018
0.0478443
0.0756856
0.0478443
0.0478443
0.0478443
0.0478443
0
0.0478443
0.0478443
0
0
0
0
0
0.0478443
0
0.0478443
0.365148
0.365148
0.365148
0.365148
0.365148
0.0478443
0.0478443
0.0478443
0.0478443
0.0478443
0.0478443
0
0
0.0478443
0
0
0
0
0
0
0
0
0
0
0
0
0
0
0
0.0478443
0.0491728
0.0478443
0
0.0478443
0
0
0
0
0
0
0.0478443
0.0478443
0.0478443
0.0478443
0.0478443
0.0478443
0.0478443
0.0478443
0
0.0478443
0.0478443
0
0.0478443
0
0
0
0.0478443
0.0478443
0
0.0478443
0.0478443
0.0750587
0.0750889
0
0.0478443
0.0478443
0.0478443
0.0478443
0.0478443
0.0478443
0
0
0
0
0
0
0
0
0.0478443
0.0478443
0.0478443
0.0478443
0
0
0
0
0
0
0
0
0
0
0
0
0
0
0.0478443
0.0478443
0.0478443
0
0
0
0
0
0
0
0
0
0
0
0
0
0
0
0
0
0
0
0
0
0
0
0
0
0
0
0
0
0
0
0
0
0
0
0
0
0
0
0
0
0
0
0
0
0
0
0
0
0
0
0
0
0
0
0
0
0
0
0
0
0
0
0
0
0
0
0
0
0
0
0
0
0
0
0
0
0.0478443
0.0478443
0.0478443
0.0478443
0.0478443
0.0478443
0.0478443
0
0
0
0
0
0
0
0
0
0
0
0
0
0
0
0
0
0
0
0
0
0
0
0
0
0
0
0
0
0
0
0
0
0
0
0
0
0
0
0
0
0
0
0
0
0
0
0
0
0
0
0
0
0.0773989
0.0773989
0.0773989
0.0773989
0
0.0773989
0.0773989
0.0773989
0.0781039
0.0781039
0.0781039
0.0781039
0.0781039
0.0773989
0
0
0
0
0
0
0.0715853
0.0715853
0.0715853
0.0715853
0.0715853
0.0715853
0
0
0
0
0
0
0
0
0
0
0
0
0
0
0
0
0.0478443
0.0478443
0
0
0
0
0
0
0
0
0
0
0.0478443
0.0478443
0
0
0.0478443
0.0478443
0.123899
0
0
0
0
0.0761702
0
0
0
0
0
0
0
0
0.0478443
0.0478443
0
0
0.04449
0.111406
0
0
0
0
0.0478443
0.0478443
0
0
0
0
0
0
0
0
0
0
0
0
0.0478443
0.0478443
0
0
0.0478443
0.0478443
0.0478443
0
0
0
0
0
0
0
0
0
0
0.0715853
0.0478443
0.0478443
0
0.0478443
0
0
0
0
0
0
0
0
0
0.0478443
0.0478443
0.0478443
0.0478443
0
0
0
0
0
0
0
0
0
0
0.333333
0
0
0
0
0
0
0
0
0.0478443
0.0478443
0
0
0
0
0
0
0
0.0478443
0.0478443
0.0478443
0.0478443
0.0773327
0
0
0.0478443
0.0478443
0.0478443
0.0478443
0.0478443
0.0478443
0.0478443
0.0478443
0.0488991
0.0488991
0
0.0488991
0.0478443
0.0478443
0
0
0
0.545777
0
0
0
0
0
0.0478443
0.0478443
0.0478443
0
0
0.0478443
0.0478443
0
0
0
0
0
0
0
0
0
0
0
0
0
0
0
0
0
0
0
0
0
0
0
0
0
0
0.0444523
0
0
0.0444523
0.0444523
0.0444523
0.0444523
0.0444523
0
0
0.0444523
0.0444523
0
0
0
0
0
0
0
0
0
0
0
0
0
0
0
0
0
0
0
0
0.0473514
0.0473514
0
0
0
0.0566203
0.0566203
0.0566203
0.0566203
0.0566203
0
0
0
0
0
0
0
0.0602866
0.0602866
0
0
0
0
0
0
0
0
0
0
0
0
0
0
0
0
0
0
0
0
0
0
0
0
0
0
0
0
0
0
0
0
0
0
0
0
0
0
0
0
0
0
0
0
0
0
0
0
0
0
0
0
0
0
0
0
0
0
0
0
0
0
0
0
0
0
0
0
0
0
0
0
0
0
0
0
0
0
0
0
0
0
0
0
0
0
0
0
0
0
0
0
0
0
0
0
0
0
0
0
0
0
0
0
0
0
0
0
0
0
0
0
0
0
0
0
0
0
0
0
0
0
0
0
0
0
0
0
0
0
0
0
0
0
0
0
0
0
0
0
0.0945213
0
0.0665822
0
0
0
0
0
0
0
0
0
0
0
0.0566074
0
0.0566074
0
0.0566074
0
0.0566074
0
0
0
0
0
0
0
0
0
0
0
0
0
0
0
0
0
0
0
0
0
0
0
0
0
0
0
0
0
0
0
0
0
0
0
0
0
0
0
0
0
0
0
0
0
0
0
0
0
0
0
0
0
0
0
0
0
0
0
0
0
0
0
0
0
0
0
0
0
0
0
0
0
0
0
0
0
0
0
0
0
0
0
0
0
0
0
0
0
0
0
0
0
0
0
0
0
0
0
0
0
0
0
0
0
0
0
0
0.0716903
0.0716903
0
0.0717958
0.0986013
0
0.0718487
0
0
0.0444523
0.0444523
0.0444523
0.0444523
0
0
0
0
0
0
0
0
0
0
0
0
0
0
0
0
0
0
0
0
0
0
0
0
0
0
0
0
0
0
0
0
0
0
0
0
0
0
0
0
0
0
0
0
0
0
0
0
0
0
0
0
0
0
0
0
0
0
0
0
0
0
0
0
0
0
0
0
0
0
0
0
0
0
0
0
0
0
0
0
0
0
0
0
0
0
0
0
0
0
0
0
0
0
0
0
0
0
0
0
0
0
0
0
0
0
0
0
0
0
0
0
0
0
0
0
0
0
0
0
0
0
0
0
0
0
0
0
0
0
0
0
0
0
0
0
0
0
0
0
0
0
0
0
0
0
0
0
0
0
0
0
0
0
0
0
0
0
0
0
0
0
0
0
0
0
0
0
0
0
0
0
0
0
0
0
0
0
0
0
0
0
0
0
0
0
0
0
0
0
0
0
0
0
0
0
0
0
0
0
0
0
0
0
0
0
0
0
0
0
0
0
0
0
0
0
0
0
0
0
0
0
0
0
0
0
0
0
0
0
0
0
0
0
0
0
0
0
0
0
0
0
0
0
0
0
0
0
0
0
0
0
0
0
0
0
0
0
0
0
0
0
0
0
0
0
0
0
0
0
0
0
0
0
0
0
0
0
0
0
0
0
0
0
0
0
0
0
0
0
0
0
0
0
0
0
0
0
0
0
0
0
0
0
0
0
0
0
0
0
0
0
0
0
0
0
0
0
0
0
0
0
0
0
0
0
0
0
0
0
0
0
0
0
0
0
0
0
0
0
0
0
0
0
0
0
0
0
0
0
0
0
0
0
0
0
0
0
0
0
0
0
0
0
0
0
0
0
0
0
0
0
0
0
0
0
0
0
0
0
0
0
0
0
0
0
0
0
0
0
0
0
0
0
0
0
0
0
0
0
0
0
0
0
0
0
0
0
0
0
0
0
0
0
0
0
0
0
0
0
0
0
0
0
0
0
0
0
0
0
0
0
0
0
0
0
0
0
0
0
0
0
0
0
0
0
0
0
0
0
0
0
0
0
0
0
0
0
0
0
0
0
0
0
0
0
0
0
0
0
0
0
0
0
0
0
0
0
0
0
0
0
0
0
0
0
0
0
0
0
0
0
0
0
0.0444837
0.0444837
0.0444837
0.0444837
0.0444837
0.0444837
0.0444837
0.0444837
0.0444837
0.0444837
0.0444837
0.0444837
0.0444837
0.0444837
0.0444837
0.0444837
0.0444837
0.0444837
0.0444837
0.0444837
0.0444837
0.0444837
0.0444837
0.0444837
0.0444837
0.0444837
0.0444837
0.0444837
0.0444837
0.0444837
0.0444837
0.0444837
0.0444837
0.0444837
0.0444837
0.0444837
0.0444837
0.0444837
0.0444837
0.0444837
0.0444837
0.0444837
0.0444837
0.0444837
0.0444837
0.0444837
0.0444837
0.0444837
0.0444837
0.0444837
0.0444837
0.0444837
0.0444837
0.0444837
0.0444837
0.0444837
0.0444837
0.0444837
0.0444837
0.0444837
0.0444837
0.0444837
0.0444837
0.0444837
0.0444837
0.0444837
0.0444837
0.0444837
0.0444837
0.0444837
0.0444837
0.0444837
0.0444837
0.0444837
0.0444837
0.0444837
0.0444837
0.0444837
0.0444837
0.0444837
0.0444837
0.0444837
0.0444837
0.0444837
0.0444837
0.0444837
0.0444837
0.0444837
0.0444837
0.0444837
0.0444837
0.0444837
0.0444837
0.0444837
0.0444837
0.0444837
0.0444837
0.0444837
0.0444837
0.0444837
0.0444837
0.0444837
0.0444837
0.0444837
0.0444837
0.0444837
0.0444837
0.0444837
0.0444837
0.0444837
0.0444837
0.0444837
0.0444837
0.0444837
0.0444837
0.0444837
0.0444837
0.0444837
0.0444837
0.0444837
0.0444837
0.0444837
0.0444837
0.0444837
0.0444837
0.0444837
0.0444837
0.0444837
0.0444837
0.0444837
0.0444837
0.0444837
0.0444837
0.0444837
0.0444837
0.0444837
0.0444837
0.0444837
0.0444837
0.0444837
0.0444837
0.0444837
0.0444837
0.0444837
0.0444837
0.0444837
0.0444837
0.0444837
0.0444837
0.0444837
0.0444837
0
0
0
0
0
0
0
0
0
0
0
0
0
0
0
0
0
0
0
0
0
0
0
0
0
0
0
0
0
0
0
0
0
0
0
0
0
0
0
0
0
0
0
0
0
0
0
0
0
0
0
0
0
0
0
0
0
0
0
0
0
0
0
0
0
0
0
0
0
0
0
0
0
0
0
0
0
0
0
0
0
0
0
0
0
0
0
0
0
0
0
0
0
0
0
0
0
0
0
0
0.0445026
0
0.0445878
0.0445878
0.0445026
0
0
0
0
0.0445878
0.0445878
0
0
0
0
0
0
0
0
0
0
0
0
0
0
0
0
0
0
0
0
0
0
0
0
0
0
0
0
0
0
0
0
0
0
0
0
0
0
0
0
0
0
0
0
0
0
0
0
0
0
0
0
0
0
0
0
0
0
0
0
0
0
0
0
0
0
0
0
0
0
0
0
0
0
0
0.0445089
0
0
0
0
0
0
0
0
0
0
0
0
0
0
0
0.0472343
0.0472343
0.0514296
0
0
0
0
0
0
0
0
0
0
0
0
0
0
0
0
0
0
0.0570001
0
0
0.0583283
0
0
0
0.047238
0.047238
0.047238
0.0445026
0.0583283
0
0
0.0588818
0.0588818
0
0
0
0
0
0
0
0
0
0
0
0
0
0
0
0
0
0
0
0
0
0
0
0
0
0
0
0
0
0
0
0
0
0
0
0
0
0
0
0
0
0
0
0
0
0
0
0
0
0
0
0
0
0
0
0
0
0
0
0
0
0
0
0
0
0
0
0
0
0
0
0
0
0
0
0
0
0
0
0
0
0
0
0
0
0
0
0
0
0
0
0
0
0
0
0
0
0
0
0
0
0
0
0
0
0
0
0
0
0
0
0
0
0
0
0
0
0
0
0
0
0
0
0
0
0
0
0
0
0
0
0
0
0
0
0
0
0
0
0
0
0
0
0
0
0
0
0
0
0
0
0
0
0
0
0
0
0
0
0
0
0
0
0
0
0
0
0
0
0
0
0
0
0
0
0
0
0
0
0
0
0
0
0
0
0
0
0
0
0
0
0
0
0
0
0
0
0
0
0
0
0
0
0
0
0
0
0
0
0
0
0
0
0
0
0
0
0
0
0
0
0
0
0
0
0
0
0
0
0
0
0
0
0
0
0
0
0
0
0
0
0
0
0
0
0
0
0
0
0.0444837
0.0444837
0.0445878
0
0
0.0444963
0.0444963
0.0444963
0.0444963
0
0.0613634
0.0446036
0.0485194
0.0485194
0.0485398
0.0485194
0.0613634
0
0.0444837
0.0444837
0.0444837
0.0444837
0.0444837
0.0444837
0.0444837
0.0444837
0.0444837
0.0444837
0.0444963
0.0445026
0.0445026
0
0.0445026
0.0445026
0.0444963
0.0444963
0.0444963
0.0444963
0.0444963
0.0444837
0.0445026
0.0445026
0.0444837
0
0
0
0
0
0
0
0
0
0
0
0
0
0
0
0
0
0
0.0445026
0.0446036
0.0485398
0.0613634
0
0.0613634
0.0615791
0
0
0
0
0
0
0
0
0.0444805
0.0444805
0.0444805
0.0444805
0.0444805
0
0
0
0
0
0
0
0
0
0.0566203
0
0
0
0
0.0444805
0.0444805
0.0444805
0.0444805
0.0444805
0
0
0
0
0.0444805
0.0444805
0.0444805
0.0444805
0.0444805
0.0448079
0
0
0
0
0
0
0
0
0.0444805
0.0444805
0.0444805
0.0444805
0.0444805
0.0444805
0
0
0.0444837
0.0444837
0.0444837
0.0444837
0.0444837
0.0444837
0
0
0.0444837
0.0444837
0.0444837
0.0444837
0.0444837
0.0444837
0.0444837
0
0
0.0444837
0.0444837
0.0444837
0.0444837
0.0444837
0.0444837
0.0444837
0
0
0
0.0444837
0.0444837
0.0444837
0.0444837
0.0444837
0.0444837
0
0
0.0566203
0.0444837
0.0444837
0.0444837
0.0444837
0.0444837
0.0444837
0
0
0.0444648
0.0444648
0.0444648
0.0444648
0
0
0.0444805
0.0444805
0.0444805
0.0444805
0.0444805
0.0444805
0
0
0.0443678
0.0443678
0.0443678
0.0443678
0.0443678
0
0
0.0445026
0.0444837
0.0444837
0.0444837
0.0444837
0.0444837
0
0
0.0444931
0.0444931
0.0444931
0.0444931
0.0444931
0.0444931
0
0
0
0
0
0
0.0444931
0.0444931
0.0444931
0.0444931
0.0444931
0.0444931
0.0444931
0.0444931
0
0
0
0
0.0446005
0
0
0
0
0
0.0445026
0
0
0
0
0
0
0
0
0.0446894
0.0446894
0.0446894
0.0446894
0.0446863
0.0446863
0.0446863
0.0446863
0.0446863
0.0446863
0
0.0446863
0.0446863
0
0
0
0
0
0
0
0
0
0
0
0
0
0
0
0
0
0.0447758
0
0
0.0446894
0.0446894
0
0.0446894
0.0446894
0
0
0.0447629
0.0663515
0.0448981
0.0448981
0
0
0
0
0
0
0
0
0
0
0
0
0
0
0
0
0
0
0
0
0
0
0
0
0
0
0
0
0
0
0
0
0
0
0
0
0
0
0
0
0
0
0
0
0
0
0
0
0
0
0
0.0412193
0
0
0
0
0.0446894
0
0
0
0
0
0.0446894
0
0
0
0
0
0
0
0
0
0
0
0
0
0
0
0
0
0
0
0
0
0
0
0
0
0
0
0
0
0
0
0.0446894
0.0446894
0.0446894
0
0
0
0
0
0
0.0446894
0
0
0
0.083354
0.083354
0.083354
0.083354
0.083354
0.0910705
0.0910705
0.0910705
0.0910705
0.0910705
0.0837498
0.0837498
0.0839181
0
0
0
0
0
0
0.0837498
0.0833747
0
0.0839181
0.0839181
0
0
0.0834784
0.0834784
0.0829638
0.0829638
0.0829638
0.0829638
0
0.0829638
0.0829638
0.0829638
0.0829638
0.0829638
0.0908019
0.0829638
0.0833127
0.0829638
0.0829638
0.0829638
0.0908019
0.0829638
0.0829638
0.0908019
0.0908019
0.0908019
0
0.0908019
0.0908019
0.0908019
0.0908019
0
0
0.0908019
0.0908019
0.0908019
0.0908019
0
0
0
0
0.0829638
0.0829638
0.0829842
0.0829842
0
0
0
0
0
0
0.0908019
0.0908019
0.0908019
0.0908019
0
0.0829638
0.0829842
0.0829842
0.0829842
0
0.0830046
0.083025
0.0829638
0.0829638
0.0875137
0.0829638
0.101237
0.101237
0.0829638
0.0830046
0.0829638
0
0
0
0
0
0
0
0
0
0
0
0
0
0
0
0
0
0
0
0
0
0
0
0
0
0
0
0
0
0
0
0
0
0
0
0
0
0
0.0693613
0
0
0
0
0
0
0
0
0
0
0
0
0
0
0
0
0
0
0.0693613
0.0693613
0.0693613
0.0693613
0.0693613
0.0693613
0.0693613
0.0693613
0.0693613
0
0
0
0
0
0
0
0
0
0
0
0
0
0
0
0
0
0
0
0
0
0
0
0
0
0
0
0
0
0
0
0
0
0
0
0
0
0
0
0
0
0
0
0
0
0
0
0
0
0
0
0
0
0
0
0
0
0
0
0
0
0
0
0
0
0
0
0
0
0
0
0
0
0
0
0
0
0
0
0
0
0
0
0
0
0
0
0
0
0
0
0
0
0
0
0
0
0
0
0
0
0
0
0.0697701
0
0
0
0.0697701
0.0697701
0.0697701
0.0697701
0.0697701
0.0697701
0.0697701
0
0
0
0
0
0
0
0
0
0
0
0
0
0
0
0
0
0
0
0
0
0
0
0
0
0
0
0
0
0
0
0
0
0
0
0
0
0
0
0
0
0
0
0
0
0
0
0
0
0
0
0
0
0
0
0
0
0
0
0
0
0
0
0
0
0
0
0
0
0
0
0
0
0
0
0
0
0
0
0
0
0
0
0
0
0
0
0
0
0
0
0
0
0
0
0
0
0
0
0
0
0
0
0
0
0
0
0
0
0
0
0
0
0
0
0
0
0
0
0
0
0
0
0
0
0
0
0
0
0
0
0
0
0
0
0
0
0
0
0
0
0
0
0
0
0
0
0
0
0
0
0.0697701
0
0
0
0
0
0
0
0
0
0
0
0
0
0
0
0
0
0
0
0
0
0
0
0
0
0
0
0
0
0
0
0
0
0
0
0
0
0
0
0
0
0
0
0
0
0
0
0
0
0
0
0
0
0
0
0.0697701
0
0
0
0.0693613
0
0
0
0
0
0
0
0
0
0
0
0
0
0
0
0
0
0
0.0697701
0
0
0
0.0697701
0
0
0
0
0
0
0
0
0.0444931
0.0444931
0.0444931
0
0
0
0
0
0
0.0949158
0.0949158
0.0949158
0.0705095
0.0705095
0.0705095
0.0705095
0.0705095
0.0705095
0.0705095
0.0719683
0.0719683
0.0448465
0.0448465
0.0448465
0.085458
0.0448465
0.0448465
0
0
0.0493736
0.0448465
0.085458
0.085458
0.085458
0.132288
0.132288
0.085458
0
0
0
0
0
0
0
0
0
0.0493736
0.0493736
0
0
0
0.0493736
0.132288
0.132288
0
0.132288
0.0448465
0.0448465
0.0448465
0.0448465
0.0448465
0.0448465
0
0
0
0.0448465
0
0.0448465
0.0312195
0.0448465
0.0448465
0.0448465
0
0
0
0
0
0
0
0
0
0
0
0
0
0
0
0
0
0.0447501
0.0447501
0.0447501
0.0447501
0.0447501
0.0447501
0.0447501
0.0447501
0.0518875
0.0447501
0.0447501
0.0447501
0.0447501
0.0447501
0.0447501
0
0
0
0
0
0
0
0
0.0447533
0.0447533
0.0447533
0.0447533
0.0447533
0.0447533
0.0447533
0
0
0.0447533
0.0833127
0.0833333
0.0540456
0
0.0540456
0.0540456
0.0540456
0.0540456
0.0540456
0.0540456
0.0540456
0.0540456
0.0540456
0.0540456
0.0540569
0.0540569
0
0
0.0540569
0
0
0
0
0
0
0
0
0
0.0715722
0.0715722
0.0715722
0.0715722
0.0715722
0.0715722
0.0715722
0.0715722
0
0
0
0
0
0
0
0
0
0
0
0
0
0
0
0
0
0
0
0
0
0
0
0
0
0
0
0
0
0
0
0
0
0.0533598
0
0
0.0685304
0
0
0
0
0
0
0.0447533
0.0447533
0.0447533
0.0547703
0.0547703
0.054782
0
0
0
0.0447533
0.0447533
0.0448111
0.0448111
0.0447533
0.0447533
0.0613386
0.0447597
0.0493736
0.0447597
0.0447726
0.0447726
0.0447726
0.0447726
0.0447597
0.0447597
0.0447597
0.0493736
0.0493736
0.0493736
0.0493736
0.0493736
0.0524709
0.0493736
0.0493736
0.0493736
0
0.0493736
0.0493736
0.0493736
0.0493736
0.0493736
0.0493736
0.0493736
0
0
0
0
0
0.0447533
0.0447533
0.0447533
0.0447533
0.0447533
0.0518875
0.0447533
0.0677619
0.0677619
0.0677619
0.0677619
0.0677619
0.0713766
0.0677619
0.0447533
0.0518875
0.0447533
0.0500761
0.0447533
0.0447533
0.0447533
0.0493736
0.0447533
0.0500761
0.0500761
0.051246
0.0504892
0.0504892
0.0504892
0.0504892
0.0504892
0.0504892
0
0
0
0
0
0
0.0479424
0.052984
0.0479542
0.0510026
0.0509978
0.0447533
0
0
0
0.0448111
0.0448111
0.0701492
0
0
0
0
0.0444837
0.0444837
0.0444837
0
0
0
0
0
0
0
0.0445089
0.0445089
0.0445089
0.0445089
0.0445089
0.0445089
0
0
0
0
0
0
0
0
0
0.0735641
0.0735641
0.0735641
0.0735641
0.0757166
0.0757166
0.0735641
0.0735641
0.0735641
0.0735641
0
0
0
0
0
0.0735641
0.0736781
0
0.0736781
0.0738645
0.0738501
0.0738501
0.0738789
0.0738501
0.0738501
0
0.0738501
0
0.0752253
0.0752253
0.0803219
0.0753473
0.0753473
0.0754544
0.0756392
0.0756392
0.0757942
0.0756392
0
0
0
0
0
0
0
0
0.0735641
0.0745948
0.0746393
0.075919
0.0768095
0.0768095
0.0768095
0
0
0
0
0.0746393
0.0492068
0.0492281
0.0444523
0.0444523
0.0444523
0.0444523
0.0444523
0.0817861
0.0839815
0.0839815
0
0
0.0444931
0
0
0
0
0
0
0
0
0
0
0
0
0
0
0.0444931
0.0444931
0.0444931
0
0
0
0
0
0
0
0
0
0
0
0
0
0
0
0
0
0
0
0
0
0
0
0
0
0
0
0
0
0
0
0
0
0
0
0
0
0
0
0
0
0
0
0
0
0
0
0
0
0
0
0
0
0
0
0
0
0
0
0
0
0
0
0
0
0
0
0
0
0
0
0
0
0
0
0.0715591
0.0715591
0.0715591
0.0715591
0
0
0
0
0
0
0
0.0715591
0.0715591
0.0715591
0.0715591
0.072142
0.0715591
0.0715853
0
0
0
0
0
0
0.0535233
0.0496992
0.0535233
0.0535233
0.0535233
0.0535233
0.0535233
0.0535233
0.0535233
0.0496992
0.0496992
0.0496992
0.0496992
0.0496992
0.0496992
0.0496992
0.0496992
0.0701492
0
0.134928
0.0522555
0.0503109
0
0
0
0
0.0715722
0.073807
0.0743294
0
0
0
0
0
0.0510168
0.0501795
0.0501795
0.0501795
0.0501795
0.0501795
0.0803961
0.0803961
0.0803961
0.0803961
0.0708627
0
0.0514053
0.0514053
0.0518177
0.0564076
0.0610603
0.0582999
0
0
0
0.0507253
0.0507253
0.0725476
0.05073
0
0.05073
0.0610441
0
0
0
0
0
0.0586498
0.0507767
0.0701492
0.0715853
0.0715853
0.0715853
0.0715853
0.0701492
0.0701492
0.0715853
0.0715853
0.0715853
0.0715853
0.0715853
0.0715853
0.0715853
0.0715984
0.0715984
0.0715853
0.0715853
0.0715853
0.0715853
0.0715853
0.0715853
0.0715853
0.0715853
0.0715853
0.0715853
0.0715853
0.0715853
0.0715853
0.0715853
0.0715853
0.0715853
0.0715853
0
0
0.0715853
0.0715853
0.0715853
0.0715853
0.0737353
0.0737353
0.0737353
0.0737353
0.0737353
0.0737353
0.0737353
0.0737353
0.0737353
0.0737353
0.0737353
0.0737353
0.0737353
0.0737353
0.0737353
0.0737353
0.0737353
0.0737353
0.0737353
0
0.0737353
0.0737353
0.0737353
0.0932505
0.0932505
0
0
0.0444931
0.0444931
0.0444931
0.0444931
0.0444931
0.0444931
0.0444931
0.0444931
0.0444931
0.0444931
0.0444931
0.0444931
0.0444931
0.0444931
0.0444931
0.0444931
0.0444931
0.0444931
0.0444931
0.0444931
0.0444931
0.0444931
0.0444931
0.0444931
0.0444931
0.0444931
0.0444931
0.0444931
0.0444931
0.0444931
0.0444931
0.0444931
0.0444931
0.0444931
0
0
0.0737353
0.0737353
0.0737353
0.0737353
0.0737353
0.0737353
0.0759033
0.0737353
0.0737353
0.0755159
0.0755159
0.0755159
0.0755159
0.0755159
0.0755159
0.0755159
0.0755159
0.0755159
0.0755159
0.0737353
0.0737353
0.0737353
0.0737353
0.0737353
0.0759033
0.0737353
0.0737353
0.0737353
0.0738789
0.0738789
0
0
0
0.0738789
0.0737353
0
0
0
0.0737353
0.0737353
0.0743294
0.0743294
0.0743294
0
0.0737353
0.0737353
0.0737353
0
0
0
0
0
0
0
0
0.0738501
0.0738501
0.0743294
0.0743294
0
0
0
0
0
0
0
0
0.120951
0.120951
0.0754391
0.0754391
0.231603
0.231603
0
0
0
0
0
0.0756238
0.0756238
0.0756238
0.3669
0.3669
0.3669
0.0754391
0.0754391
0.0754391
0.156858
0.156858
0
0
0
0
0
0
0
0
0
0
0
0
0
0
0
0
0
0
0
0
0
0
0
0
0
0
0
0
0
0
0
0
0
0
0
0
0
0
0
0
0
0
0
0
0
0
0
0
0
0
0
0
0
0
0
0
0
0
0
0
0
0
0
0
0
0
0
0
0
0
0
0
0
0
0
0
0
0
0
0.0759502
0.0759502
0.0759502
0
0
0
0
0
0
0
0
0
0
0
0
0
0
0
0.0743294
0.0743294
0.0738789
0.0738789
0
0
0
0
0
0
0
0
0.127441
0.127589
0
0
0
0.127441
0.140819
0.140819
0.226042
0.226042
0.140819
0
0
0.0737353
0.0737353
0.0741978
0.0737353
0.0737353
0
0
0
0.0741978
0.0741978
0
0.0741978
0
0
0
0.0741978
0.0741978
0.0759502
0.0759502
0.0759502
0.0759502
0.0761072
0.0761072
0.0761072
0.0761072
0.0761072
0
0
0
0.0761072
0.0761072
0.0761072
0.460566
0.475191
0.475191
0.504525
0.504525
0.504525
0
0
0.504525
0.0380615
0.0380615
0.0380615
0
0
0
0
0
0.076761
0.135903
0.135903
0.0699162
0.0699162
0
0
0
0
0
0
0.157832
0.157832
0.157832
0.162374
0
0.157832
0.07606
0.0760757
0.0760757
0.0760757
0
0.07606
0.0380615
0
0
0
0
0
0
0
0
0.0380615
0.226042
0
0
0.248891
0
0.249444
0
0.248891
0.248891
0.248891
0
0.248891
0.248891
0.248891
0.248891
0
0.248891
0.248891
0.254
0
0.248891
0.248891
0.248891
0.248891
0.248891
0
0.248891
0
0
0
0
0
0
0
0
0
0
0
0
0
0
0
0
0
0
0
0
0
0
0
0
0
0
0
0
0
0
0
0
0
0
0
0
0
0
0
0
0
0
0
0
0
0
0
0
0
0
0
0
0
0
0
0
0
0
0
0
0
0
0
0
0
0
0
0
0
0
0
0
0
0
0
0.0738501
0.0738501
0.0740523
0.0743588
0.0743588
0
0
0
0
0
0
0.0743588
0.0743588
0.0756238
0.0756238
0.0756238
0.0756238
0
0.0756238
0.0756238
0.0756238
0.0756238
0.0756238
0.0756238
0
0
0
0
0
0
0
0
0.0756238
0
0
0
0
0
0
0
0
0
0
0
0
0
0
0
0
0
0
0
0
0
0
0
0
0
0
0
0
0
0
0
0
0
0
0
0
0
0
0
0
0
0
0
0
0
0
0
0
0
0.3669
0.3669
0.3669
0.0754391
0.0754391
0.0754391
0.0754391
0.0754391
0.0967059
0.0967059
0.0967059
0.0967059
0.0967059
0.0968678
0.0967059
0.0967059
0
0.118381
0.0754391
0.0754391
0.156858
0.156858
0.156858
0.161464
0.161464
0.162681
0.162681
0
0.161464
0
0
0.156858
0
0
0
0
0
0
0
0
0
0
0
0
0
0
0
0.0743294
0.0743294
0.0743294
0.0761545
0.0761545
0
0.0761545
0
0
0
0
0
0.0761545
0
0
0
0
0
0
0
0
0
0
0
0.0761545
0.0761545
0
0
0
0
0
0
0
0
0
0
0
0
0.0743294
0
0
0
0
0
0
0
0
0
0
0
0
0
0
0
0
0
0
0
0
0
0.107432
0.107432
0.107432
0.107432
0.107432
0.107432
0.107432
0
0
0
0
0
0.107432
0.107432
0.107432
0.107432
0
0.107432
0
0
0
0
0
0
0
0
0
0
0
0
0
0
0
0
0
0
0
0
0
0
0
0
0
0
0
0
0
0
0
0
0.0752558
0.0752862
0
0
0
0
0
0
0
0.0743294
0.0743294
0.398862
0.0743294
0.0753015
0.0753015
0.0746245
0.0746245
0.0740813
0.0740813
0.0740813
0
0
0
0.0740813
0.153522
0.0740813
0
0
0.0741686
0.0701492
0.0701492
0.0701246
0.0701246
0.0701246
0.0701246
0.0701246
0.0701246
0.0701246
0.0701246
0.0701246
0.0701246
0.0701246
0.0444931
0.0444931
0.0444931
0.0444931
0.0444931
0.0444931
0.0444931
0.0444931
0.0701492
0.0701492
0.0701492
0.0701492
0.0701492
0.0701492
0.0701492
0.0701492
0.0701492
0.0701492
0.0701492
0.0701492
0.0701492
0.0710797
0.0710797
0.0710797
0.0710797
0.0701492
0.0701492
0.0772667
0.0772667
0.0772667
0.0772667
0.0772667
0.110576
0.0772667
0.0701492
0.0701492
0.0701492
0.0701492
0
0
0
0
0
0
0
0
0
0
0
0
0
0
0
0
0
0
0
0
0
0
0
0
0.0701246
0.0701246
0.0701246
0.0701246
0.0701246
0.0701246
0.0701246
0.0701246
0.0701246
0.0701246
0.0701246
0.0701246
0.0701246
0.0701246
0.0701246
0.0701246
0.0701246
0.0701246
0.0701246
0.0701246
0.0701246
0.0701246
0.0701246
0.0701246
0.0701246
0.0701246
0.0701246
0.0701246
0.0709773
0.0709391
0
0.0710797
0.0447661
0.0447661
0.0447661
0.0447661
0.0447661
0.0447661
0.0448079
0.0448079
0.0448079
0.0448079
0
0
0
0.0448981
0.0448981
0
0
0
0.0448079
0.0448079
0.0448079
0.0448079
0.0448079
0
0
0.0448079
0
0.0448465
0.0448079
0.0448079
0
0
0
0
0
0
0
0
0
0
0
0
0
0
0
0
0
0
0
0
0
0
0
0
0
0
0
0
0
0
0
0
0
0
0
0
0
0
0
0
0
0
0
0
0
0
0
0
0
0
0
0
0
0
0
0
0
0
0
0
0
0
0
0
0
0
0
0
0
0
0
0
0
0
0
0
0
0
0
0
0
0
0
0
0
0
0
0
0
0
0
0
0
0
0
0
0
0
0
0
0
0
0
0
0
0
0
0
0
0
0
0
0
0
0
0
0
0
0
0
0
0
0
0
0
0
0
0
0
0
0
0
0
0
0
0
0
0
0
0
0
0
0
0
0
0
0
0
0
0
0
0
0
0
0
0
0
0
0
0
0
0
0
0
0
0
0
0
0
0
0
0
0
0
0
0
0
0
0
0
0
0
0
0
0
0
0
0
0
0
0
0
0
0
0
0
0
0
0
0
0
0
0
0
0
0
0
0
0
0
0
0
0
0
0
0
0
0
0
0
0
0
0
0
0
0
0
0
0
0
0
0
0
0
0
0
0
0
0
0
0
0
0
0
0
0
0
0
0
0
0
0
0
0
0
0
0
0
0
0
0
0
0
0
0
0
0
0
0
0
0
0
0
0
0
0
0
0
0
0
0
0
0
0
0
0
0
0
0
0
0
0
0
0
0
0
0
0
0
0
0
0
0
0
0
0
0
0
0
0
0
0
0
0
0
0
0
0
0
0
0
0
0
0
0
0
0
0
0
0
0
0
0
0
0
0
0
0
0
0
0
0
0
0
0
0
0
0
0
0
0
0
0
0
0
0
0
0
0
0
0
0
0
0
0
0
0
0
0
0
0
0
0
0
0
0
0
0
0
0
0
0
0
0
0
0
0
0
0
0
0
0
0
0
0
0
0
0
0
0
0
0
0
0
0
0
0
0
0
0
0
0
0
0
0
0
0
0
0
0
0
0
0
0
0
0
0
0
0
0
0
0
0
0
0
0
0
0
0
0
0
0
0
0
0
0
0
0
0
0
0
0
0
0
0
0
0
0
0
0
0
0
0
0
0
0
0
0
0
0
0
0
0
0
0
0
0
0
0
0
0
0
0
0
0
0
0
0
0
0
0
0
0
0
0
0
0
0
0
0
0
0
0
0
0
0
0
0
0
0
0
0
0
0
0
0
0
0
0
0
0
0
0
0
0
0
0
0
0
0
0
0
0
0
0
0
0
0
0
0
0
0
0
0
0
0
0
0
0
0
0
0
0
0
0
0
0
0
0
0
0
0
0
0
0
0
0
0
0
0
0
0
0
0
0
0
0
0
0
0
0
0
0
0
0
0
0
0
0
0
0
0
0
0
0
0
0
0
0
0
0
0
0
0
0
0
0
0
0
0
0
0
0
0
0
0
0
0
0
0
0
0
0
0
0
0
0
0
0
0
0
0
0
0
0
0
0
0
0
0
0
0
0
0
0
0
0
0
0
0
0
0
0
0
0
0
0
0
0
0
0
0
0
0
0
0
0
0
0
0
0
0
0
0
0
0
0
0
0
0
0
0
0
0
0
0
0
0.0710797
0.0710797
0.0710797
0.0710797
0.0710797
0.0710797
0.0710797
0
0
0
0
0.0710797
0
0
0
0
0
0.0710797
0.0710797
0.0710797
0.0710797
0.0710797
0.0710797
0.0710797
0.0710797
0.0710797
0.0710797
0.0710797
0.0752101
0.0752101
0
0.0710797
0.0710797
0.0710797
0.0710797
0.0710797
0
0.0710797
0.0710797
0.0710797
0.0710797
0.0710797
0.0710797
0
0
0
0
0
0
0
0
0
0
0
0
0
0
0
0.0710797
0.0701492
0.0701492
0.0701492
0.0701492
0.0701492
0.0701492
0.0701492
0.0701492
0.0705095
0.0705095
0.0715853
0.0719683
0.0719683
0.0715853
0.0715853
0.0715853
0.0715853
0.0715853
0.0701492
0.0701492
0.0702728
0.0702728
0.0701492
0.0701492
0.0701492
0.0701492
0.0701492
0.0701492
0.0751343
0.0701492
0.0701492
0.0701492
0.0701492
0.0701492
0
0
0
0.0710797
0.0772667
0.0710797
0
0.0735073
0.0735073
0.0750738
0
0
0.0724116
0.0724116
0.0735499
0
0.0701492
0
0
0
0
0.0701492
0.0701492
0
0
0
0
0.0730575
0.0730575
0.115635
0.115635
0
0
0
0
0.133038
0.133038
0
0
0
0.133716
0.0701492
0.133038
0.133038
0.133038
0
0
0
0
0
0
0
0
0
0
0
0.133038
0.133038
0.133038
0.133038
0.133038
0
0
0.133038
0.143171
0.133038
0.133038
0.133038
0.133038
0.212512
0.212512
0.212512
0.212512
0.212512
0.212512
0.212512
0.222418
0.222418
0.222418
0
0.212512
0
0.212512
0.133038
0.0721822
0.0721822
0.0772009
0.0779343
0.0779343
0.0779343
0.0779343
0.0779343
0
0
0
0
0
0.0779343
0
0.0779343
0.0779343
0
0.0779343
0
0
0.0721822
0.070447
0.070447
0.070447
0
0
0
0
0.0724116
0.0724116
0.0724116
0
0
0
0
0
0.0724388
0.0724388
0.0724116
0.0710797
0.0710797
0.0710797
0.0710797
0.0710797
0.0710797
0.0710797
0.0751343
0.0710797
0.0724116
0.0724116
0.0724116
0
0.0724116
0.0724116
0
0
0
0
0
0.0709391
0.0709391
0
0
0
0
0
0
0
0.0709391
0.0709391
0.0709391
0.0709391
0.0709391
0.0709391
0
0
0
0
0
0.0709391
0.0709773
0.0709773
0.0709773
0.0709773
0.0709773
0.0709773
0
0
0
0
0
0.0709773
0.0709773
0.0709773
0
0.0709773
0.0709773
0
0.0709773
0.0709773
0.0709773
0
0
0.0710413
0
0
0
0.0709773
0.0710413
0.0709773
0.0709391
0.0709391
0
0.0710029
0
0
0
0
0
0
0
0
0
0
0
0
0
0
0
0
0
0
0
0
0
0
0
0
0
0
0
0
0
0
0
0
0
0
0
0
0
0.0710541
0.0710541
0.0710157
0.0710157
0.0710541
0.0750587
0.0710157
0.0710157
0.0709901
0.0709901
0.0709901
0.0709901
0.0709901
0
0
0
0.0709901
0.0709901
0.0709901
0
0
0
0.0710029
0.0720349
0.0710029
0.0710029
0
0
0
0
0.0709901
0.0709901
0.0723981
0.0751646
0.0709901
0.0719949
0.0719949
0
0.072988
0.0709901
0
0
0
0
0.0709901
0.0751646
0.0751646
0.0751646
0.0751646
0.0751646
0.0751646
0
0.0751646
0.0751646
0
0.0751646
0
0
0
0
0
0
0
0
0.0717035
0.0779343
0.0720884
0
0.0949769
0
0
0
0
0
0
0.0961615
0
0
0
0
0
0
0
0
0
0
0
0
0.0964165
0
0
0
0
0
0
0
0
0
0
0
0
0
0
0
0
0
0
0
0
0
0
0
0
0
0
0
0
0
0
0
0
0
0
0
0
0
0
0
0
0
0
0
0
0
0
0
0
0
0
0
0
0
0
0
0
0.0743588
0.0743588
0.0743588
0.0743588
0.0743588
0.0743588
0.0743588
0.164558
0.0743588
0.429198
0.429198
0.457116
0.457116
0.615125
0
0
0.504525
0.0743588
0
0
0
0.0747435
0.0747435
0.0754238
0.0754238
0.0772997
0.0772997
0.0773658
0.0754238
0.0754238
0
0
0
0
0
0
0
0
0.0747435
0.0747435
0
0.0747435
0.557773
0.557773
0.557773
0.557773
0.599145
0.0374241
0.0374241
0
0.0374241
0
0
0
0
0
0
0
0
0
0
0
0.0379517
0.0724524
0
0.0726981
0
0.0756856
0.226871
0.0750738
0.0750738
0.0752862
0.0752862
0
0.0701492
0
0
0
0
0
0
0
0
0
0
0
0
0
0
0.0701492
0
0
0
0
0
0
0
0
0
0
0
0
0
0
0
0
0
0
0
0
0
0
0
0
0
0
0
0
0
0
0
0
0
0
0
0
0.066709
0.066709
0.066709
0.066709
0.066709
0.066709
0
0.066709
0.066709
0
0
0
0
0.066709
0.066709
0.066709
0.066709
0.066709
0.066709
0
0.066709
0.066709
0.066709
0.066709
0.066794
0.066794
0.066794
0.0676621
0.066794
0.066709
0.066709
0.066709
0.0678621
0.066709
0
0
0
0
0
0
0
0
0
0
0
0
0
0
0
0
0
0
0
0
0
0
0
0
0
0
0
0
0
0
0
0
0
0
0
0
0
0
0
0
0
0
0
0
0
0
0
0
0
0
0
0
0
0
0
0
0
0
0
0
0
0
0
0
0
0.0444931
0
0
0
0
0
0.0443678
0.0443678
0.0443678
0.0443678
0.0443678
0.0443678
0.0444116
0.0443772
0.0444931
0.0443678
0
0.0444931
0.0444931
0
0
0
0
0
0
0
0
0
0
0
0
0
0
0
0
0
0
0
0
0
0
0
0
0
0
0
0
0
0
0
0
0
0
0
0
0
0
0
0
0
0
0
0
0
0
0
0
0
0
0
0
0
0
0
0
0
0
0
0
0
0
0
0
0
0
0
0
0
0
0
0
0
0
0
0
0
0
0
0
0
0
0
0
0
0
0
0
0
0
0
0
0
0
0
0
0
0
0
0
0
0
0
0
0
0
0
0
0
0
0
0
0
0
0
0
0
0
0
0
0
0
0
0
0
0
0
0
0
0
0
0
0
0
0
0
0
0
0
0
0
0
0
0
0
0
0
0
0
0
0
0
0
0
0
0
0
0
0
0
0
0
0
0
0
0
0
0
0
0
0
0
0
0
0
0
0
0
0
0
0
0
0
0
0
0
0
0
0
0.0565427
0
0
0
0
0.0565427
0.0565427
0.0565427
0.0565427
0.0565427
0.0565427
0
0
0
0
0
0
0
0.0565427
0.0565427
0.0565427
0
0
0
0
0
0
0
0
0
0
0.0565427
0.0565427
0.0565427
0.0565427
0.0565427
0
0
0
0
0
0
0
0
0
0
0
0
0
0
0
0
0
0
0
0
0
0
0
0
0
0
0
0
0
0
0
0
0
0
0.0565492
0.0565492
0.0565492
0.0565492
0
0
0
0
0
0
0
0
0
0.0565492
0
0
0
0
0
0
0
0
0
0
0
0
0
0
0
0
0
0
0
0
0
0
0
0
0
0
0
0
0
0
0
0
0
0
0
0
0
0
0
0
0
0
0
0.0565427
0.0565427
0.0565427
0.0565427
0.0565427
0.0565427
0
0
0
0
0
0
0
0
0
0
0
0
0
0
0.0565427
0.0565427
0.0565427
0.0565427
0.0565427
0.0565427
0.0565427
0.0565427
0
0
0.0565427
0
0
0
0
0
0
0
0
0
0
0
0
0
0
0
0
0
0
0
0
0
0
0
0
0
0
0
0
0
0
0
0
0
0
0
0
0
0
0
0
0
0
0
0
0
0
0
0
0
0
0
0
0
0
0
0
0
0
0
0
0
0
0
0
0
0
0
0
0
0
0
0
0
0
0
0
0
0
0
0
0
0
0
0
0
0
0
0
0
0
0
0
0
0
0
0
0
0
0
0
0
0
0
0
0
0
0
0
0
0
0
0
0
0
0
0
0
0
0
0
0
0
0
0
0
0
0
0
0
0
0
0
0
0
0
0
0
0
0
0
0
0
0
0
0
0
0
0
0
0
0
0
0
0
0
0
0
0
0
0
0
0
0.450443
0.450443
0.450443
0.450443
0.450443
0.450443
0.471405
0
0.450443
0.450443
0.450443
0
0.450443
0.450443
0
0
0
0.450443
0.450443
0.450443
0.450443
0
0
0
0
0
0
0
0
0
0
0
0
0
0
0
0
0
0
0
0.450443
0.450443
0.450443
0
0.450443
0.450443
0.450443
0.450443
0.450443
0.270031
0.270031
0.270031
0.270031
0.285299
0.285299
0.295804
0.295804
0.295804
0.295804
0.295804
0
0
0
0
0
0.285299
0.270031
0.453743
0.467707
0.320844
0.450443
0.450443
0.450443
0.450443
0.270031
0.270031
0.270031
0.270031
0.270031
0.270031
0.270031
0.270031
0.270031
0
0.270031
0.270031
0.270031
0.270031
0.270031
0.270031
0.247797
0.247797
0.247797
0.247797
0.264575
0.264575
0.278887
0.264575
0.247797
0.247797
0
0
0
0
0
0
0
0
0
0
0
0
0
0
0
0
0
0
0
0
0
0
0
0
0
0
0
0
0
0
0
0
0
0
0
0
0
0
0
0
0
0
0
0
0
0
0
0
0
0
0
0
0
0
0.450443
0.450443
0.450443
0.450443
0.450443
0.450443
0.467707
0.467707
0.467707
0.47907
0.47907
0
0
0.47907
0
0.47907
0.47907
0
0.47907
0.47907
0
0
0
0
0
0.270031
0.270031
0.270031
0.270031
0.270031
0
0
0.270031
0.270031
0.270031
0.270031
0.270031
0.270031
0
0.270031
0.270031
0
0
0.270031
0.270031
0
0.270031
0.450443
0.285299
0.467707
0.467707
0.467707
0.467707
0.450443
0.457116
0.47907
0.47907
0.47907
0.47907
0.457116
0
0
0
0
0
0
0
0
0
0
0
0
0
0
0.0448175
0.0448175
0.0444523
0.0444523
0.0444523
0.0444523
0.0444523
0.0444523
0.0444523
0.0444523
0.0444523
0.0444523
0.0444523
0.0444523
0.0444523
0.0444523
0.0444523
0.0444523
0.0444523
0.0444523
0.0444523
0.0444523
0.0444523
0.0444523
0.0444523
0.0444523
0.0444523
0.0444523
0.0444523
0
0
0
0.0444523
0.0444523
0.0444523
0.0444523
0.0444523
0.0444523
0.0444523
0.0444523
0.0444523
0.0444523
0.0444523
0.0445026
0.0445026
0.0445026
0.0445089
0.0445089
0.0445026
0.0445026
0.0445089
0.044869
0
0
0
0.0445026
0.0445026
0.0445026
0.0445026
0.0445026
0.0445026
0.0445026
0.0487205
0
0
0
0
0.0445026
0
0.0445026
0
0.0445026
0
0.0445026
0
0
0.0476306
0.0476306
0.0476383
0.0476383
0.0476306
0.0476306
0
0
0.0475076
0.0475076
0.0475076
0.0475076
0.0475076
0.0475076
0
0
0
0
0
0.0475421
0.0475076
0.0475076
0.0475076
0.0475076
0.0475076
0
0
0.0475076
0.0475076
0.0475076
0.0476461
0.0476461
0.0475076
0.0475076
0
0.0475076
0
0.0475076
0
0.0475076
0.0475076
0
0.0475076
0.0475076
0
0
0
0.0475076
0.0475076
0.0475076
0.0475076
0.0475076
0.0475076
0.0475076
0.0475076
0.0475076
0.0475076
0.0475076
0.0475076
0.0476461
0.0476461
0.0476461
0
0.0476461
0.0475076
0.0475076
0.0475076
0.0475076
0
0.0475076
0.0475076
0
0
0
0
0
0
0
0
0
0
0
0
0
0
0
0
0
0
0
0
0
0
0
0
0
0
0
0
0
0
0
0
0
0
0
0
0
0
0
0
0
0
0
0
0
0
0
0
0
0
0
0
0
0
0
0
0
0
0
0
0
0
0
0
0
0
0
0
0
0
0
0
0
0
0
0
0
0
0
0
0
0
0
0
0
0
0
0
0
0
0
0
0
0
0
0
0
0
0
0
0
0
0
0
0
0
0
0
0
0
0
0
0
0
0
0
0
0
0
0
0
0
0
0
0
0
0
0
0
0
0
0
0
0
0
0
0
0
0
0
0
0
0
0
0.0566203
0.0566203
0
0.0566203
0.0566203
0.0566203
0
0.0566203
0
0
0
0.0464203
0.0476229
0
0
0
0
0
0
0
0
0
0.0497695
0
0
0
0
0
0
0
0
0
0
0
0
0
0
0
0
0
0
0.0449143
0.0449143
0
0
0
0
0
0
0
0
0
0
0
0
0
0
0
0
0
0
0
0
0
0
0
0
0
0
0
0
0
0
0
0
0
0
0
0
0
0
0.0478482
0.0478482
0.0478482
0
0
0
0
0
0
0
0
0
0
0
0
0
0
0
0
0
0
0
0
0
0
0
0
0
0
0
0
0
0
0
0
0.0701246
0.0701246
0.0701246
0.0566203
0.0566203
0
0.0566203
0
0.0566203
0.0566203
0.0566203
0.0566203
0.0566203
0.0566203
0.0566203
0
0
0.0566203
0.0566203
0.0568027
0.0568027
0
0
0.0568027
0.0568027
0.0566203
0
0.0566203
0.0566203
0.0566203
0
0
0
0
0
0
0
0
0
0
0
0
0
0
0
0
0.0566658
0.0566658
0
0.0566658
0.0566658
0.0566658
0
0.0566658
0
0
0
0.0566658
0
0
0.0566658
0.0566658
0.0566658
0
0.0566853
0.0566203
0.0566203
0.0566203
0
0
0.0566983
0.0566983
0
0.0566983
0.0566983
0
0
0
0
0
0.0566983
0.0566203
0
0.0566203
0.0566658
0.0566658
0.0566658
0.0566658
0
0.0566658
0.0566658
0
0
0.0566658
0.0566658
0
0.0566658
0
0
0
0
0
0
0
0
0
0
0
0
0
0
0
0
0
0
0
0
0
0
0
0
0
0
0
0
0
0
0
0
0
0
0
0
0
0
0
0
0
0
0
0
0
0
0
0
0
0
0
0
0
0
0
0
0
0
0
0.0546358
0
0.0546358
0
0
0
0
0
0
0
0
0.0448079
0
0
0
0
0
0
0.0599375
0.0599375
0.0594064
0.0594064
0.0594064
0.0594064
0.0594064
0
0
0
0
0
0
0
0
0
0
0
0
0
0
0
0
0
0
0
0
0
0
0
0
0
0
0
0
0
0.0448465
0.0448465
0.0448465
0
0
0
0
0
0
0
0.0444523
0.0444523
0
0
0.0447533
0
0.0447533
0
0
0
0
0
0
0
0
0
0
0
0
0
0.0356235
0.0356235
0.0356235
0.0356235
0.0514296
0.0514296
0.0514296
0.0447661
0
0
0
0
0
0.0448079
0.0448079
0.0448079
0
0
0.0476036
0.0476036
0
0
0
0.0448079
0.0448079
0
0.0444963
0
0
0
0
0
0
0
0
0
0
0
0
0
0
0
0
0
0.0451162
0
0.044795
0.0566203
0
0
0
0
0
0
0
0
0
0
0
0
0
0
0
0
0
0
0
0
0
0
0
0
0
0
0
0
0
0
0
0
0.0676842
0
0
0
0
0
0
0
0
0
0
0
0
0
0
0
0
0
0
0
0
0
0
0
0
0
0
0
0
0
0
0
0
0
0
0
0
0
0
0
0
0
0
0
0
0
0
0
0
0
0
0
0
0
0
0
0
0
0
0
0
0
0
0
0
0
0
0
0
0
0
0
0
0
0
0
0
0
0
0
0
0
0
0
0
0
0
0
0
0
0
0
0
0
0
0
0
0
0
0
0
0
0
0
0
0
0
0
0
0
0
0
0
0
0
0
0
0.0448079
0
0
0
0
0
0
0
0
0.0444931
0
0
0
0
0
0
0
0
0
0
0
0
0
0
0
0
0
0
0
0
0
0.0700754
0.111013
0.111013
0.111013
0.111013
0.111013
0.126781
0.15162
0.0677952
0.0697338
0.0697338
0.0697338
0.0701369
0.10967
0.10967
0
0
0
0
0
0
0.0692425
0.0692425
0.0692425
0.0692425
0.0692425
0.0692425
0.0692425
0.0692425
0.0692425
0.0692425
0.0692425
0.0692425
0.0692425
0.0692425
0.0692425
0.0700508
0.15162
0.0692425
0.0949158
0.0949158
0.0949158
0.0949158
0.0949158
0.0748032
0.0748032
0
0
0
0.0748032
0
0
0
0.0699528
0
0
0
0
0.0708754
0
0.0692425
0.0692425
0
0
0
0.0692425
0
0
0
0
0
0
0
0
0
0
0
0
0
0
0
0
0
0
0
0
0
0
0.0700385
0.0700385
0.0701
0.0700385
0.0700385
0.0700385
0.0700385
0
0.0700508
0.0701492
0
0
0
0
0
0
0
0
0
0
0
0
0
0
0
0
0
0
0
0
0
0
0
0
0
0
0.15162
0.15162
0.15162
0.153651
0.153651
0.15162
0
0
0
0.15162
0
0.0692425
0.0692425
0.0692425
0.0692425
0.0692425
0.0692425
0.0692425
0
0
0
0
0
0
0.15162
0.15162
0.15162
0.15162
0.15162
0.15162
0.15162
0.15162
0.15162
0.153651
0.153651
0.153651
0.153651
0.286972
0.286972
0.286972
0.318511
0.286972
0
0
0
0
0
0
0
0.153651
0.154303
0.153651
0.15162
0.0708754
0
0.0709391
0
0
0
0
0
0
0
0
0
0
0
0
0
0
0
0
0
0.0655826
0.0655826
0.0655826
0.0666667
0.0678175
0
0.0666667
0.0666667
0.0666667
0.0655826
0.0655826
0.0655826
0.0655826
0.0655826
0.0655826
0
0
0
0
0.0663828
0.0663828
0
0
0
0
0
0
0
0.0663828
0
0
0
0
0
0.0610766
0.0610766
0.0610766
0.0610766
0.0610766
0
0
0
0
0
0.06206
0.06206
0.06206
0.06206
0.06206
0.06206
0
0
0
0
0
0
0
0
0
0
0.0616459
0.0613222
0.06206
0
0
0.06654
0.06654
0.0613222
0.0613222
0.0613222
0.0613222
0.0613222
0
0
0
0
0
0
0
0
0
0
0
0
0
0
0
0
0
0
0.0613222
0
0
0
0
0
0
0
0
0
0.0627015
0.0627015
0.0627015
0.0627015
0.0634909
0
0.0637947
0.0627015
0
0
0.0667409
0
0.0667409
0.0667409
0.0667409
0.0667409
0.0667409
0.0655826
0
0.0655826
0.0655826
0.0655826
0.0655826
0.0655826
0
0
0
0
0
0
0
0
0
0
0
0
0
0
0
0
0
0
0
0
0
0
0
0
0
0
0
0
0
0
0
0
0
0
0.0610766
0.0610766
0
0.0655826
0.0610603
0.0610603
0.0655826
0.0655826
0.0655826
0
0
0.0620429
0.0620429
0
0.0620429
0
0
0
0
0
0
0
0
0
0
0
0
0
0
0
0
0
0
0
0
0
0
0
0
0
0
0
0
0
0
0
0
0
0
0
0
0
0
0
0
0
0
0
0
0
0
0
0
0
0
0
0
0
0
0
0
0
0
0
0
0
0
0
0
0
0
0
0
0
0
0
0
0
0
0
0
0
0
0
0
0
0
0
0
0
0
0
0
0
0
0
0
0
0
0
0
0
0
0
0
0
0
0
0
0
0
0
0
0
0
0
0
0
0
0
0
0
0
0
0
0
0
0
0
0
0
0
0
0
0
0
0
0
0
0
0
0
0
0
0
0
0
0
0
0
0
0
0
0
0
0
0
0
0
0
0
0
0
0
0
0
0
0
0
0
0
0
0
0
0
0
0
0
0
0
0
0
0
0
0
0
0
0
0
0
0
0
0
0
0
0
0
0
0
0
0
0
0
0
0
0
0
0
0
0
0
0
0
0
0
0
0
0
0
0
0
0
0
0
0
0
0.0444116
0.0444116
0.0444116
0
0
0
0
0
0
0
0
0
0
0
0
0
0
0
0
0
0
0
0
0
0
0
0
0
0
0
0
0.0701616
0.0701616
0
0.0741104
0
0.100868
0
0
0
0
0
0.0443928
0.0443928
0
0
0
0
0
0
0
0
0
0
0
0
0
0
0
0
0
0
0
0
0
0
0
0
0
0
0
0.0701492
0
0
0
0
0
0
0.100795
0.143381
0
0
0
0
0
0
0
0
0
0
0
0
0
0
0
0
0
0
0
0
0
0.0444116
0
0
0
0
0
0
0
0
0
0
0
0
0
0
0
0
0
0
0
0
0
0
0
0
0
0
0
0
0
0
0
0
0.0447214
0
0
0.0447214
0.0447214
0.0447214
0.0447214
0.0447214
0.0447214
0.0447214
0.0447214
0.0447214
0.0447214
0.0447214
0
0
0
0
0
0
0
0
0
0
0
0
0
0
0
0
0
0
0
0
0
0
0
0
0
0
0
0
0
0
0
0
0
0
0
0
0
0
0
0
0
0
0
0
0
0
0
0
0
0
0
0
0
0
0
0
0
0
0
0
0
0
0
0
0
0
0
0
0
0
0
0
0
0
0
0
0
0
0
0
0
0
0
0
0
0
0
0
0
0
0
0
0
0
0
0
0
0
0
0
0
0
0
0
0
0
0
0
0
0
0
0
0
0
0
0
0
0
0
0
0
0
0
0
0
0
0
0
0
0
0
0
0
0
0
0
0
0
0
0
0
0
0
0
0
0
0
0
0
0
0
0
0
0
0
0
0
0
0
0
0
0
0
0
0
0
0
0
0
0
0
0
0
0
0
0
0
0
0
0
0
0
0
0
0
0
0
0
0
0
0
0
0
0
0
0
0
0
0
0
0
0
0
0
0
0
0
0
0
0
0
0
0
0
0
0
0
0
0
0
0
0
0
0
0
0
0
0
0
0
0
0
0
0
0
0
0
0
0
0
0
0
0
0
0
0
0
0
0
0
0
0
0
0
0
0
0
0
0
0
0
0
0
0
0
0
0
0
0
0
0
0
0
0
0
0
0
0
0
0
0
0
0
0
0
0
0
0
0
0
0
0
0
0
0
0
0
0
0
0
0
0
0
0
0
0
0.0604358
0.0604358
0.0604358
0
0.0604358
0
0.0880207
0
0
0
0
0
0
0
0
0
0
0
0.118798
0.0606021
0
0
0
0
0
0
0
0
0
0
0
0
0
0
0
0
0
0
0
0
0
0
0
0
0
0
0
0
0
0
0
0
0
0
0
0
0
0
0
0
0
0
0
0
0
0
0.0507954
0.0776652
0.0509034
0
0
0
0
0
0
0
0
0
0
0
0
0
0
0
0
0.0502202
0.0760129
0
0
0
0
0
0
0
0.0772338
0
0
0
0
0
0
0
0
0
0
0
0
0
0
0
0
0.0496466
0
0.0496466
0
0
0
0
0
0
0
0
0
0
0
0
0
0
0
0
0
0
0
0.0490965
0.0488574
0.0488574
0.0488574
0.051783
0.0549531
0
0
0
0
0
0
0
0
0
0
0
0
0
0
0
0
0
0
0
0
0
0
0
0
0
0
0
0
0
0
0
0
0
0
0
0
0
0
0
0
0
0
0
0
0
0
0
0
0
0.0700877
0
0
0.0531066
0.0578799
0.0493007
0
0
0
0
0
0
0
0
0
0
0
0
0
0
0
0
0
0
0
0
0.0523066
0.15212
0.0523526
0.208839
0.208839
0
0.216025
0.216386
0
0
0
0
0
0
0
0
0
0
0
0.216025
0
0
0
0.0582505
0
0
0
0
0
0
0
0
0
0
0
0
0
0
0
0
0
0
0
0
0
0
0
0
0
0
0.0885367
0
0
0
0
0
0
0
0
0
0
0
0
0
0
0.0583212
0
0
0
0
0.120137
0
0
0
0
0
0
0
0
0
0
0
0
0
0
0
0
0
0
0
0
0
0
0
0
0
0
0
0
0
0
0
0
0
0
0
0
0
0
0
0
0
0
0
0
0
0
0
0
0
0
0
0
0
0
0
0
0
0
0
0
0
0
0
0
0
0
0
0
0
0
0.0599991
0.0599991
0.0600377
0.0600377
0
0.0600069
0
0
0
0
0
0
0
0
0
0
0
0
0
0
0
0
0
0
0
0
0
0
0
0
0
0
0
0
0
0
0
0
0
0
0
0
0
0
0
0
0.112458
0
0.112713
0
0.112815
0
0
0.113021
0
0
0
0
0
0
0
0.0623436
0.0623436
0.0623436
0.0623436
0.0623436
0
0
0
0
0
0
0
0
0
0
0
0
0
0.0871096
0.056382
0.0625611
0.069136
0.208839
0.069136
0.069136
0
0
0
0
0
0
0
0
0
0
0.0698918
0.0698918
0.0698918
0.0698918
0.0698918
0
0
0
0
0
0.0447533
0.0464596
0.0447533
0
0
0
0
0
0
0
0
0
0
0
0
0
0
0
0
0
0
0
0
0
0
0
0
0
0
0
0
0
0
0
0
0
0
0
0.0701492
0.0701492
0
0
0
0
0
0.0544331
0.0544331
0.0549117
0.0549117
0
0.0549117
0
0.0549117
0.072371
0.0549531
0
0.0550006
0.0944009
0.0556723
0.0576527
0.0821995
0
0.0829434
0
0.0613634
0.0695408
0.0695408
0.0695408
0.0740668
0.0719018
0
0.0728495
0.0749833
0
0
0
0
0
0
0
0.0631374
0.0631374
0
0
0.0713247
0
0.0708246
0
0.0721688
0
0.0723304
0
0.0732814
0.0695769
0.0717562
0.0708754
0.208839
0.208839
0.217479
0.217479
0.218218
0
0.0708754
0
0
0
0
0
0
0
0
0
0
0
0
0
0
0
0
0
0
0
0
0
0
0
0
0
0
0
0
0
0
0
0
0
0
0
0
0
0
0
0
0
0
0
0.0606021
0.0606021
0.0606021
0.0606021
0.0606021
0.0606021
0.0754238
0.0606021
0.0606021
0.0606021
0.0606021
0.0606021
0.0606021
0.0624304
0.0624304
0.0624304
0.0624304
0
0.0624304
0
0.0624304
0.0624304
0
0
0
0.0447214
0.116473
0
0
0.118978
0.118978
0.118978
0.118978
0
0
0
0
0
0
0
0
0
0
0
0
0
0.0447214
0
0.0496992
0.0701492
0.0501795
0.0501795
0.0501795
0.0501795
0.0501795
0.0501795
0.0501795
0.0501795
0.0501795
0.0501795
0.0501795
0
0
0
0
0
0
0.0637669
0
0.0711311
0
0.0797543
0
0
0
0
0.07085
0.0701862
0.0746245
0.0818643
0.0734931
0.0734931
0.0734931
0.0715853
0.0715853
0.0715853
0.070497
0
0
0
0
0
0
0
0
0
0
0
0
0
0
0
0
0
0
0
0
0
0
0
0
0
0
0
0
0
0
0
0
0
0
0
0
0
0
0
0
0
0
0
0
0
0
0
0
0
0
0
0
0
0
0
0
0
0
0
0
0
0
0
0
0
0
0
0
0.0444523
0
0.0474541
0.0474541
0.0474541
0.0474541
0.0474541
0.0474541
0.0474541
0
0
0
0
0
0
0
0
0.0474923
0.0474923
0
0
0.0474846
0.0474846
0.0474846
0
0
0
0
0
0
0
0
0
0
0
0
0
0
0
0
0
0
0
0
0
0
0
0
0
0
0
0
0
0
0
0
0
0
0
0
0
0
0
0
0
0
0.047477
0
0
0
0
0
0
0
0
0
0
0
0
0
0
0
0
0
0
0
0
0
0
0
0
0
0
0
0
0
0
0
0
0
0
0
0
0
0
0
0
0
0
0
0
0
0
0
0
0
0
0
0
0
0
0
0
0
0
0
0
0
0
0
0
0
0
0
0
0
0
0
0
0
0
0
0
0
0
0
0.0448981
0.0448981
0
0
0.0448949
0.0448949
0.0448949
0.0448949
0.0448949
0.0448949
0.0448949
0.0448981
0.0448949
0.0448981
0.0448981
0.0448981
0.0448981
0.0449143
0.0474465
0
0
0.0449369
0.0449369
0.0449369
0.0449369
0.0449369
0
0
0
0
0
0
0.0448981
0.0448981
0
0
0
0
0
0
0
0
0
0
0
0
0
0
0
0
0
0
0
0
0
0
0
0
0
0
0
0
0
0
0
0
0
0
0
0
0
0
0
0
0
0
0
0
0.0474846
0.0474846
0.0474846
0
0
0.0666773
0
0.0666773
0
0
0
0
0
0
0
0
0
0
0
0
0
0
0
0
0
0
0
0
0
0
0
0
0
0
0
0
0
0
0
0
0.0938351
0.0938351
0.0938351
0.0938351
0.0938351
0.0938351
0.0938351
0.0938351
0.0938351
0.0938647
0.0938351
0.0945816
0.0945816
0
0.0945816
0.0945816
0.0945816
0.0945816
0.0945816
0
0.0954393
0.0954393
0.0954393
0.0954393
0.0967706
0.0954393
0
0.0954393
0.0945816
0
0.0954393
0.0945816
0.0945816
0.0945816
0.103457
0.0938351
0.0843006
0.0843006
0.0843006
0.0843006
0.0834784
0
0
0
0
0
0
0
0
0
0
0
0
0.0843006
0.0843221
0.0843221
0.0843221
0.0843221
0.0843221
0.0843221
0.0843221
0.0843221
0
0.0843221
0.0843435
0.0843221
0.0843221
0.0843221
0.0843221
0.0843221
0.0843221
0.0843221
0.0843221
0.0843221
0.0843221
0.0843221
0.0843221
0.0843221
0.0843221
0
0
0
0
0
0
0
0
0
0
0
0
0
0
0
0
0
0
0
0
0
0
0
0
0
0
0
0
0
0
0
0
0
0
0
0
0.0834161
0.0834161
0.0834161
0.0834161
0
0
0
0
0.0834161
0.0834161
0.0834161
0
0
0
0
0
0
0
0
0.0913687
0.0913687
0.0834576
0.0834576
0
0.0834161
0.0834576
0.0834576
0.0834576
0.0834576
0.0834576
0.0834576
0
0
0
0
0.0834576
0.0913687
0.0913687
0
0.0913687
0
0
0
0
0
0
0
0
0
0.0834161
0
0.0834161
0.0834161
0.0834161
0.0834161
0.0834161
0.0913687
0.0834161
0
0
0
0
0
0
0
0
0
0
0.0834161
0.0834161
0.0834161
0.0834161
0.0834161
0
0
0
0
0
0
0
0
0
0
0
0
0
0
0
0
0
0
0
0
0.0834161
0.0834161
0.0834161
0.0834161
0.0877782
0
0.0877782
0
0
0
0
0
0
0.0834161
0.0913687
0.0913687
0.0913687
0.0913687
0
0
0.0913687
0.0913687
0
0
0
0
0
0
0
0
0
0.0913687
0
0
0
0
0
0
0
0
0
0
0
0
0
0
0
0
0
0
0
0
0
0
0
0
0
0
0
0
0
0
0
0
0
0
0
0
0
0
0
0
0
0
0
0
0
0
0
0
0
0
0
0
0
0
0
0
0
0
0
0
0
0
0
0
0
0
0
0
0
0
0
0
0
0
0
0
0
0
0
0
0
0
0
0
0
0
0
0
0
0
0
0
0
0
0
0
0
0
0
0
0
0
0
0
0
0.0582929
0
0
0
0
0
0
0.0583283
0.0583283
0.0583283
0.0583283
0.0583283
0
0.0583283
0.0583283
0.0583283
0.0583283
0.0582929
0
0
0
0.0601152
0.0601152
0.0600997
0.0600997
0.0583212
0.0583212
0.0583212
0
0.0583212
0.0583212
0.0583212
0.0583212
0.0583212
0.0583212
0.0812253
0.0812253
0.0812253
0.0812253
0
0
0
0.0812253
0.0812253
0.0583212
0.0583212
0
0
0
0
0
0
0
0
0
0
0
0
0
0
0
0
0
0
0
0
0
0
0
0
0
0
0
0.0752405
0.0752405
0.0752405
0
0
0
0.0603258
0.0614959
0.0811107
0.0811107
0.0811107
0.0811107
0
0.0811871
0.0811871
0
0
0
0
0.0761545
0.0761545
0.0761545
0.0761545
0
0
0
0.0873942
0.0873942
0.0873942
0
0
0
0
0
0
0
0
0
0
0
0
0
0
0
0
0
0
0
0
0
0
0
0
0
0
0
0.0767449
0
0.0767449
0.0767449
0.0767449
0
0.0767449
0.0767449
0.0767449
0.0767449
0.0767449
0.0767449
0
0
0
0
0
0
0
0
0
0
0
0
0
0
0
0
0
0
0
0
0
0
0
0.0583566
0
0.0583566
0.0583566
0.0750285
0.0583566
0.0583566
0.0584277
0.0584277
0.0757166
0.0584277
0.0921412
0.0584277
0.0597462
0.0583566
0.0750285
0
0
0
0
0
0
0
0
0
0
0
0
0
0
0
0
0
0
0
0
0
0
0
0
0
0
0
0
0
0
0
0
0
0
0
0.093106
0.093106
0.093106
0.093106
0
0.093106
0.093106
0
0.093106
0
0
0
0.0931349
0.0931349
0.0931349
0.215666
0.215666
0.215666
0.215666
0.215666
0.215666
0
0
0
0
0
0
0
0
0
0
0
0
0
0
0
0
0
0
0
0
0
0
0
0
0
0
0
0
0
0
0
0
0
0
0
0
0
0
0
0
0
0
0
0
0
0
0
0
0
0
0
0
0
0
0
0
0
0
0
0
0
0
0
0
0
0
0
0
0
0
0
0
0
0.0664037
0.0664037
0.0664037
0.0664037
0.162221
0.162221
0.162221
0
0.162221
0.162221
0.162221
0
0
0
0.509175
0.509175
0.509175
0.149906
0.149906
0.149906
0
0
0
0
0.126203
0.126203
0
0.126203
0.126203
0.190445
0
0.190445
0
0.202031
0.202031
0.202031
0.107476
0.471405
0.471405
0
0.509175
0.202031
0.202031
0.126203
0.126203
0
0
0
0
0
0
0
0
0
0
0
0
0
0
0
0
0
0
0
0
0
0
0
0
0
0
0
0
0
0.0583212
0.0583212
0.0805823
0.0805823
0
0.0805823
0.0805823
0.0805823
0.0805823
0.0805823
0.0805823
0.0805823
0.457116
0.457116
0
0.460566
0.460566
0.460566
0.504525
0
0.457116
0
0
0
0
0
0.491304
0
0
0
0
0
0
0
0
0
0
0
0
0
0
0
0
0
0
0
0
0
0
0
0
0
0
0
0
0
0
0
0
0
0
0
0
0
0
0.0606658
0
0
0
0.0606658
0.0606658
0.0676179
0.0676179
0
0
0.0617718
0.06837
0.06837
0.06837
0
0
0.0617718
0
0
0
0
0
0
0
0
0
0
0
0
0
0
0
0
0.146422
0.146422
0.146422
0
0.146535
0.146535
0.146535
0.146535
0.146535
0.146422
0.146422
0.146422
0.150027
0
0
0.146422
0
0
0
0.146535
0.146535
0.146535
0.146422
0
0
0
0.143592
0.143592
0.143592
0.146873
0.146873
0
0
0
0
0
0
0
0
0
0
0
0
0
0
0
0
0
0
0
0
0
0
0
0
0
0
0
0
0
0
0
0
0
0
0
0
0
0
0
0
0
0.146873
0
0
0
0.146873
0.146873
0
0.143592
0.143592
0.0600997
0.0600997
0
0
0
0
0
0
0
0
0
0
0
0
0
0
0
0
0
0
0
0
0
0
0
0
0.0652229
0
0
0
0
0
0
0
0
0
0
0
0
0.0583212
0.0583212
0.0583212
0.0583212
0.0583212
0.0583212
0.0583212
0.0583212
0
0
0.0583212
0.0583212
0.0583212
0.0583212
0
0
0.0583283
0.0601385
0.0601385
0.0755467
0.0755467
0.0755467
0.0755467
0
0
0
0
0.0660407
0
0.0748182
0
0
0.0748182
0.0748182
0.0748182
0.0748182
0
0
0.0748182
0.0748182
0
0.0748182
0.0748182
0
0
0
0.0602007
0.0602007
0.0598531
0
0
0
0.0602007
0.0602007
0.0598531
0.0594663
0.0735783
0.0735783
0.0735783
0.0735783
0.0594663
0.0594663
0
0
0.0767449
0.0767449
0.0920575
0.0767449
0
0
0
0.0594663
0.0594663
0
0.0594663
0.0594663
0.0829434
0.0595416
0
0.0594663
0.0594663
0.0676289
0.0676289
0.0671156
0.0671156
0.0671156
0.0671156
0
0.0671156
0
0.067148
0
0.0671156
0.0671156
0.067651
0.0671156
0.087299
0.087299
0.087299
0
0.087299
0
0.0873466
0.0873704
0.0873704
0.0873704
0.0873704
0
0
0
0.0873704
0
0.0873704
0.0873704
0
0.0873704
0.0873704
0
0.087299
0.0830864
0.0830864
0.087299
0.0594663
0
0.0757476
0.058722
0
0
0
0
0
0
0
0.0448432
0.0448432
0.0448432
0.0448432
0.0448432
0.0448432
0.0448432
0.0448432
0.0448432
0.0448432
0.0448432
0.0448432
0.0448432
0.0448432
0
0
0.0476036
0.0476036
0
0
0
0.0448432
0.0448432
0.0448432
0.0448432
0.0448432
0.0448432
0.0448432
0.0448432
0.0448432
0.0448432
0.061755
0.061755
0
0.061755
0
0.061755
0.0448432
0.0448432
0.0448432
0.0448432
0
0
0.0448432
0
0
0
0
0.0448432
0
0
0
0
0
0
0
0
0
0
0
0
0
0
0
0.0617886
0
0
0.0617886
0
0
0
0
0.0448432
0.0448432
0.0617886
0.0617886
0.0617886
0.0617886
0.0617886
0.0617886
0.0617886
0.0448432
0.0617886
0.072534
0.072534
0
0
0.0748481
0.0748481
0
0
0
0
0
0
0
0
0
0
0
0
0
0.072534
0
0.0617886
0
0
0.0448432
0.0448432
0.0448432
0.0619324
0.0619324
0.0448432
0.0448432
0.0619324
0
0.0619324
0
0
0
0
0
0
0
0
0.0533327
0.0533327
0.0533327
0
0.0533327
0.0533327
0
0
0
0
0
0
0
0
0
0
0.0448432
0.0448432
0.0448432
0.0448432
0.0448432
0.0448432
0.0448432
0.0617886
0.0617886
0.0617886
0.0617886
0.0617886
0.0617886
0.0617886
0.0617886
0.0617886
0
0
0
0
0
0
0.0448432
0
0.0448432
0.0448432
0.0448432
0.0448432
0.06415
0.0448432
0.0452414
0
0
0
0
0
0
0
0
0
0
0
0
0
0
0
0
0
0
0
0
0
0
0.11928
0
0
0
0
0
0
0
0
0
0
0
0
0
0
0
0
0
0
0
0
0
0
0
0.054136
0
0
0
0
0
0
0
0
0
0
0
0
0
0
0
0
0
0
0
0
0
0
0
0
0
0
0
0
0
0
0
0.0487081
0
0.0472343
0
0
0
0
0
0
0.0448432
0.0554883
0.04892
0
0.0976565
0.0450247
0.0678621
0.0448079
0.0448079
0.0448079
0.0448079
0.0448079
0.0448079
0.0448079
0.0448079
0.0448079
0.0448079
0.0448079
0.0448079
0.0448079
0.0448079
0.0448079
0.0448079
0.0448079
0.0448079
0.0448079
0.0448079
0.0448432
0
0.0617886
0
0
0
0
0
0
0
0
0.0617886
0.0617886
0.0617886
0.0617886
0.0617886
0
0
0
0
0
0
0.0617886
0.0617886
0.0617886
0.0617886
0.0617886
0.0617886
0.0617886
0.0617886
0.0617886
0.0617886
0.0617886
0.0617886
0.0617886
0.0617886
0.0617886
0.0617886
0.0617886
0.0617886
0.0617886
0.0617886
0.0617886
0.0617886
0.0617886
0.0692306
0
0
0
0
0
0
0
0
0
0
0.0617886
0.0617886
0.0617886
0.0617886
0
0
0
0
0
0.062335
0
0.0617886
0.0617886
0.0618055
0.0618055
0.0618055
0
0
0.0617886
0
0.0617886
0.0617886
0
0
0
0
0
0
0
0
0
0
0
0
0
0.0618055
0.0618055
0.0618055
0.0618055
0.0618055
0
0.0618055
0.0618055
0
0
0
0
0
0
0
0
0
0
0
0
0
0
0
0
0
0
0
0
0
0
0
0.0674528
0
0
0
0.0674528
0
0
0
0
0
0
0
0
0
0
0
0
0
0
0
0
0
0
0
0
0
0
0
0
0
0
0
0
0
0
0
0
0
0
0
0
0
0
0
0
0
0
0
0
0
0
0
0
0
0
0
0
0
0
0
0
0
0
0
0
0
0
0
0
0
0
0
0
0
0
0
0
0
0
0
0
0
0
0
0
0
0
0
0
0
0
0
0
0
0
0
0
0
0
0
0
0
0
0
0
0
0
0
0
0
0
0
0
0
0
0
0
0
0
0
0
0
0
0
0
0
0
0
0
0
0
0
0
0
0
0
0
0
0
0
0
0
0
0
0
0
0
0
0
0
0
0
0
0
0
0
0
0
0
0
0
0
0
0
0
0
0
0
0
0
0
0
0
0
0
0
0
0
0
0
0
0
0
0
0
0
0
0
0
0
0
0
0
0
0
0
0
0
0
0
0
0
0
0
0
0
0
0
0
0
0
0
0
0
0
0
0
0
0
0
0
0
0
0
0
0
0
0
0
0
0
0
0
0
0
0
0
0
0
0
0
0
0
0
0
0
0
0
0
0
0
0
0
0
0
0
0
0
0.0695168
0.0695168
0.0695168
0.0695168
0.0695168
0.0695168
0.0695168
0.0695168
0.0710541
0.0710541
0.0710541
0.0710541
0
0.0710541
0.0695168
0.0695168
0.0695168
0.0730854
0
0.0695168
0
0
0
0
0
0
0
0
0
0
0
0
0
0
0
0
0
0
0
0
0
0
0
0
0
0
0
0
0
0
0
0
0.0711182
0
0
0
0
0
0
0
0.0617886
0
0
0
0
0
0
0.0617886
0
0
0
0
0
0
0
0
0
0
0
0
0
0
0
0
0
0
0
0
0
0
0
0
0
0
0
0
0
0
0
0
0
0
0
0
0
0
0
0
0
0
0
0
0
0
0
0
0
0
0
0
0
0
0
0
0
0
0
0
0
0
0
0
0
0.0706854
0.0706854
0
0
0
0
0
0
0
0
0
0
0.0702109
0.0702109
0
0.0706854
0.0702109
0.0702109
0.0702109
0.0702109
0.0702109
0
0
0
0
0
0
0
0
0
0
0
0
0
0
0
0
0
0
0
0
0.0692425
0
0
0
0
0
0
0
0
0
0
0
0
0
0
0
0
0
0
0
0
0
0
0
0
0
0
0
0
0
0
0
0
0
0
0
0
0
0
0
0
0
0
0
0
0
0
0
0
0
0
0
0
0
0
0
0
0
0
0
0
0
0
0
0
0
0
0
0
0
0
0
0
0
0
0
0
0
0
0
0
0
0
0
0
0
0
0
0
0
0
0
0
0
0
0
0.0706854
0
0
0
0
0
0
0
0
0.247797
0
0
0
0
0
0
0
0
0
0
0
0
0
0
0
0
0
0
0
0
0
0
0
0
0
0
0
0
0
0
0
0
0
0
0
0
0
0
0
0
0
0
0
0
0
0
0
0
0
0
0
0
0
0
0
0.0698187
0
0
0
0
0
0.0698796
0
0.0700018
0.0700018
0.0700018
0
0
0.0700018
0
0
0.0700018
0.0698309
0
0.069965
0
0
0.069965
0
0
0.069965
0
0
0.069965
0.069965
0.069965
0
0
0.0700385
0
0.0700385
0
0
0.0695889
0
0.0695889
0.0695889
0.0695889
0.0695889
0
0
0
0
0.0695889
0.0695889
0
0
0
0
0
0
0
0
0
0.0695889
0
0
0
0
0
0
0
0
0
0
0
0
0
0
0
0
0
0
0
0
0
0
0
0
0
0
0
0
0
0
0
0
0
0
0
0
0
0
0
0
0
0
0
0
0
0
0
0
0
0
0
0
0
0
0
0
0
0
0
0
0
0
0
0
0
0
0
0
0
0
0
0
0
0
0
0
0
0
0
0
0
0
0
0
0
0
0
0
0
0
0
0
0
0
0
0
0
0
0
0
0
0
0
0
0
0
0
0
0
0
0
0
0
0
0
0
0
0
0
0
0
0
0
0
0
0
0
0
0
0
0
0
0
0
0
0
0
0
0
0
0
0
0
0
0
0
0
0
0
0
0
0
0
0
0
0
0
0
0
0
0
0
0
0
0
0
0
0
0
0
0
0
0
0
0
0
0
0
0
0
0
0
0.0693852
0.0693852
0.0693852
0.0617886
0.0617886
0.0617886
0
0
0
0.063327
0.062197
0.062197
0.062197
0
0
0
0
0.0617886
0.0617886
0
0
0.0617886
0.0617886
0.0617886
0.0617886
0.0617886
0.0617886
0.0617886
0
0
0
0.0617886
0
0
0
0.0617886
0
0.0617886
0.0617886
0.0695168
0.0695168
0.0695168
0.0695168
0.0695168
0
0
0.0695168
0.0695168
0.0448432
0.0487081
0.0487081
0
0
0.0487081
0.05323
0.0533327
0.372309
0
0
0.403473
0.403473
0.05323
0.05323
0
0
0
0
0
0
0
0
0.0539781
0.0539781
0.0539781
0
0.0539781
0.0448432
0.0448432
0.0448787
0.0448787
0.0448432
0.0448432
0.0448432
0.0448432
0
0
0
0
0
0.0448432
0
0.0448432
0.0448432
0.0485479
0.0448787
0.0448787
0.0492196
0
0
0
0
0
0
0
0
0
0
0
0
0
0
0
0
0
0
0
0
0.168345
0
0
0
0
0.0472343
0.0472343
0.0472343
0
0
0
0
0
0
0
0
0
0
0
0
0
0
0
0.0493736
0.0493736
0.0493736
0
0
0
0
0
0
0
0.0493736
0.0493736
0.0493736
0
0
0
0
0.0493736
0.0493736
0.0493736
0.0493736
0.0537548
0
0.0493736
0.0493736
0.0493736
0
0
0
0
0
0.0493736
0.0493736
0.0493736
0
0
0.0493736
0.0493736
0.0493736
0
0
0
0
0
0
0.0520277
0.0520277
0.0520277
0.0520277
0.0520277
0
0
0
0
0
0
0
0
0
0
0
0
0
0
0
0
0
0
0.0450508
0.045028
0.0533327
0.0450508
0
0.0450508
0.0533327
0
0.0557216
0.0450508
0
0.047813
0.11928
0.11928
0
0
0.11928
0.11928
0.11928
0.11928
0.0678621
0.0854135
0
0.0854135
0.0854135
0.132205
0
0
0
0
0
0
0.132205
0.132205
0.132205
0.132205
0
0.132205
0.132205
0
0
0
0
0.134145
0
0
0
0
0.132205
0.132205
0.132205
0.0854135
0
0
0
0
0
0.0537437
0.0537437
0.0537437
0.0537437
0
0.0537437
0.0537437
0.0537437
0.0537437
0.0537437
0
0
0
0
0
0
0
0
0
0
0
0
0
0
0
0
0.0990842
0.0990842
0.0990842
0
0
0
0
0.0990842
0
0
0
0
0
0
0
0
0
0
0
0
0
0
0
0
0
0
0
0
0
0
0
0
0
0
0
0
0
0
0
0
0
0
0
0
0
0
0
0
0
0
0
0
0
0
0
0
0
0
0
0
0
0
0
0.0535343
0.0535343
0
0.0492537
0
0.0492537
0.0492537
0.0492537
0.0492537
0.0492537
0.0492537
0.0492537
0
0.0492537
0.0492537
0.057873
0.057873
0.0492537
0
0
0
0
0
0
0
0
0
0
0
0
0
0
0.0448432
0.0448432
0
0
0.0539781
0
0.0487081
0.0492196
0
0
0
0
0
0
0
0
0
0
0
0.0471592
0.0472343
0
0
0
0
0
0
0
0
0
0.0493736
0.168345
0.0537437
0
0
0
0
0.0450508
0.11928
0.0678621
0.0854135
0
0
0.0448432
0.0990842
0
0
0
0.0492537
0.0492537
0.0492537
0.0492537
0
0
0
0
0.0617886
0.0617886
0.0617886
0.0617886
0.0617886
0.0617886
0.0617886
0.0617886
0.0617886
0.0617886
0.0617886
0.0617886
0.0617886
0.0617886
0.0617886
0.0617886
0.0617886
0.0617886
0.0617886
0.0617886
0.0617886
0.0617886
0.0617886
0.0617886
0
0.0617886
0.0617886
0
0
0
0
0.0617886
0.0617886
0.0617886
0.0617886
0.0617886
0.0617886
0.0617886
0.0617886
0.0617886
0.0617886
0.0617886
0.0617886
0.0617886
0.0617886
0.0617886
0.0617886
0.0617886
0.0617886
0.0617886
0.0617886
0.0617886
0
0.0617886
0
0.0617886
0.0617886
0.0617886
0.0618055
0.0618055
0.0618055
0.0618055
0.0618055
0.0618055
0.0618055
0.0617886
0.0617886
0
0
0
0
0
0
0
0
0
0
0
0
0
0
0
0
0
0
0
0
0
0
0
0
0
0.0689948
0.0689948
0.0689948
0.0689948
0
0
0
0
0.0692425
0.0692425
0.0692425
0
0
0
0
0
0.0692425
0.0693137
0.0692425
0.0692425
0.0692425
0.0692425
0.0692425
0
0
0
0
0
0
0
0
0
0
0
0.0618055
0.0618055
0.0618055
0
0.0617886
0.0617886
0.0617886
0.0617886
0
0
0
0.0617886
0.0617886
0.0617886
0.0617886
0.0617886
0.0617886
0.0617886
0.0617886
0.0617886
0.0617886
0.0617886
0
0
0.0618055
0.0618139
0.0618055
0.0689948
0
0.0691124
0.0617886
0.0617886
0
0
0
0
0
0
0
0.0617886
0.0617886
0.0617886
0.0617886
0.0617886
0.0617886
0.0617886
0
0
0
0
0.0617886
0.0617886
0.0617886
0
0
0
0
0
0
0.0617886
0.0617886
0
0
0
0
0
0
0
0.0617886
0.0617886
0.0617886
0.0617886
0
0
0
0
0
0.0621198
0
0
0
0
0.0621198
0.0621198
0.0621198
0.0621198
0
0
0
0
0
0
0
0.0621198
0
0.0621198
0
0
0
0.0617886
0
0
0
0
0
0.0448079
0.0448079
0.0448079
0.0448079
0.0448079
0.0448079
0.0448079
0.0448079
0.0448079
0.0448079
0.0448079
0.0448079
0.0448079
0.0448079
0.0448079
0.0448079
0.0448079
0.0448079
0.0448079
0.0448079
0.0448079
0.0448079
0.0448079
0.0448079
0.0448079
0.0448079
0.0448079
0.0448079
0.0448079
0.0448079
0.0448079
0.0448079
0.0448079
0.0448079
0.0448079
0.0448079
0.0448079
0.0448079
0.0448079
0.0448079
0.0448079
0.0448079
0.0448079
0.0448079
0.0448079
0.0448079
0.0448079
0.0448079
0.0448079
0.0448079
0.0448079
0.0448079
0.0448079
0.0448079
0.0448079
0.0617886
0
0.0448079
0.0448079
0.0448079
0.0448079
0
0.0448079
0.0448079
0.0448079
0
0.0448079
0.0448079
0.044911
0
0
0.0448079
0
0
0.0448079
0.0579284
0.0448079
0.0448079
0.0448079
0.0448079
0.0448079
0.0448079
0.0448079
0.0448079
0.0448079
0.0448079
0.0448079
0.0448079
0.0448079
0.0448079
0.0448079
0.0448079
0.0448079
0.0448079
0.0448079
0.0448079
0.0448079
0.0448079
0.0448079
0.0448079
0.0448079
0.0448432
0.0448432
0
0
0.0448079
0.0448079
0.0448432
0.0448432
0.0448079
0
0
0
0
0.0444523
0.0444523
0.0444523
0.0444523
0.0444523
0
0
0.0826192
0
0.0834576
0.0445089
0
0.0445089
0.0445089
0.0445089
0.0445089
0
0
0.0445089
0
0
0
0
0.044869
0.044869
0.044869
0.044869
0
0
0
0
0
0
0
0
0
0
0
0
0
0
0.0445026
0.0445026
0.0445026
0.0445026
0.0445026
0.0445026
0
0
0
0
0
0
0
0
0
0
0
0.0447726
0.0566009
0.0464167
0.0476229
0
0
0
0.0463525
0.0463525
0
0
0
0.0463525
0
0
0
0
0
0
0
0.0710797
0.0710797
0.0710797
0.0710797
0.0710797
0.0711182
0.0716246
0.0714676
0
0
0.0716115
0.0716115
0.0710797
0
0
0
0
0
0
0
0
0
0.0710797
0
0
0.0709773
0.0709773
0.0709773
0.0709773
0.0709773
0.0709773
0.0709773
0.0709773
0.0709773
0.0709773
0.0709773
0.0709773
0.0709773
0.0709773
0.0709773
0.0709773
0.0709773
0.0709773
0.0709773
0.0709773
0.0709773
0.0709773
0.0709773
0.0709773
0.0444931
0.0444931
0.0444931
0.0444931
0.0444931
0.0444931
0.0444931
0.0444931
0.0444931
0.0444931
0.0444931
0.0444931
0.0444931
0
0.0709773
0.0711182
0.0709773
0.0709773
0.0709773
0
0
0
0
0
0
0
0
0
0
0
0
0
0
0
0
0
0
0
0
0
0
0
0
0
0.0709773
0
0
0.0709773
0.0709773
0.0730854
0.0730854
0.0730854
0.0730854
0.0730854
0
0.0730854
0
0.0730854
0.0730854
0
0
0
0
0
0
0
0.0730854
0
0
0
0
0
0
0.0730854
0
0
0
0
0
0
0
0
0
0
0
0
0
0
0
0
0
0.0730854
0
0
0
0
0
0
0.0709773
0
0
0
0
0
0
0.0709773
0.0709773
0
0.0709773
0
0.0709773
0
0
0
0
0
0.0709773
0
0
0
0.0709773
0.0709773
0
0.0709773
0.0709773
0.0709773
0.0709773
0.0709773
0
0
0
0
0
0
0
0
0
0
0
0
0
0
0
0
0
0
0.0709773
0.0710797
0
0
0.0709773
0
0
0.0709773
0.0709773
0
0
0
0
0
0
0
0
0.0709773
0
0
0
0
0
0
0.0711439
0.0709773
0.0709773
0
0
0
0
0
0
0.0709773
0
0.0709773
0
0
0
0
0
0
0
0
0
0
0
0
0
0
0
0.0709773
0.0713506
0.0864099
0.0864099
0.0709773
0
0.0709773
0
0.0709773
0.0754391
0
0
0
0
0
0
0
0.0709773
0
0.0709773
0
0.0709773
0.0709773
0.0710797
0
0
0.0710797
0.0754391
0.0754391
0.0754391
0
0.0754851
0
0.0754391
0
0
0
0
0
0
0
0
0.0756238
0.0756238
0.0757476
0.0756238
0
0
0
0
0
0.075332
0.075332
0
0
0
0
0.0761702
0
0
0
0
0
0
0
0
0
0
0
0
0.0701492
0.0701492
0.0701492
0.0701492
0.0701492
0
0.0701492
0.0701492
0.0701492
0.0710797
0.0710797
0.0701492
0.0701492
0.0701492
0.0710797
0
0.0710797
0
0.0710797
0
0
0
0
0
0
0
0
0
0
0
0
0
0
0
0
0
0.0710797
0.0701369
0.0701369
0
0.0701369
0.0444805
0
0.0444805
0
0.0444805
0
0.0444805
0
0
0
0.0444523
0.0444523
0.0444523
0.0444523
0.0444491
0.0444491
0.0444491
0.0444491
0.0444491
0.0444491
0.0444491
0.0444491
0.0444523
0.0444523
0.0444523
0.0444523
0
0
0
0
0
0
0
0
0
0
0
0
0
0
0
0
0
0
0.0701492
0.0701492
0.0701492
0.0701492
0.0701492
0.0701492
0
0.0701492
0.0701492
0.0701492
0
0
0
0
0
0
0
0
0
0.0701492
0.0701492
0.0701492
0.0701492
0.0701492
0.0701492
0.0701492
0.0701492
0.0701492
0.0701492
0.0701492
0.0701492
0.0701492
0
0
0
0.0701492
0.0701492
0.0701492
0.0701492
0.0701492
0.0701492
0.0701492
0.0701492
0
0.0701492
0.0701492
0.0701492
0.0701492
0.0701492
0.0701492
0.0701492
0.0701492
0.0701492
0.0701492
0.0701492
0.0701492
0.0701492
0.0655826
0.105201
0.0655826
0.0655826
0.0655826
0.0655826
0.0655826
0.0655826
0.0655826
0.0655826
0.0655826
0.0655826
0.0655826
0.0655826
0.0655826
0.0655826
0.0655826
0.0655826
0.0655826
0.0655826
0.0655826
0.0655826
0
0
0
0
0
0
0.0655826
0.0655826
0
0.0655826
0.0655826
0.0655826
0.0655826
0.0655826
0.0655826
0.0655826
0.0655826
0.105284
0.0655826
0.0655826
0.0655826
0.0655826
0.0655826
0.0655826
0.0655826
0.0655826
0.0655826
0.0684615
0.0684844
0.0684844
0.0741978
0
0
0.0655826
0.0655826
0
0
0
0
0.0684844
0.0661541
0
0
0
0.0655927
0.0655826
0
0
0
0
0
0
0
0
0
0
0
0
0
0
0.0655826
0.0655826
0.0684844
0.0684844
0.0682448
0.0682448
0
0
0
0
0
0
0
0
0
0
0
0
0
0
0
0.0680414
0.0680414
0
0
0
0
0
0
0
0
0
0
0
0
0
0
0
0
0
0
0
0
0
0
0
0
0
0
0
0
0
0
0
0
0
0
0
0
0
0
0
0
0
0
0
0
0
0
0
0
0
0
0
0
0
0
0
0
0
0
0
0
0
0
0.0655826
0.0655826
0
0.0655826
0.0655826
0.0758565
0.0655826
0.0655927
0.06845
0.0655826
0.0656128
0
0.0656633
0.12521
0.0655826
0.0684844
0.0684844
0.0684844
0.0684844
0.0684844
0.0682448
0.0682448
0.0682448
0
0
0
0
0
0
0
0
0
0
0
0
0
0
0
0
0
0
0
0
0
0
0
0
0
0
0
0
0
0
0
0
0
0
0
0
0
0
0
0
0
0
0
0
0
0
0
0
0
0
0
0
0
0
0
0
0
0
0
0
0
0
0
0
0
0
0
0.0680414
0.0680414
0.0680414
0.0656532
0
0.065372
0.065372
0.0656229
0.065422
0
0
0
0
0
0
0
0
0
0
0
0
0
0
0
0
0
0
0
0
0
0
0
0
0
0
0.065432
0.065432
0.0390946
0.065432
0.0666878
0.0656431
0.065452
0
0
0
0
0
0.065452
0.0655826
0.0655826
0.0655826
0.0655826
0.0658461
0
0
0
0
0
0
0
0
0
0
0
0
0
0
0
0
0.0664037
0
0
0
0
0
0
0
0
0
0
0
0
0
0
0.0658461
0.0677064
0
0.0658869
0.0663932
0.0680189
0
0
0
0
0
0
0
0
0
0
0
0
0
0
0
0
0
0
0
0
0
0
0
0
0
0
0
0
0
0
0
0
0
0
0
0
0
0
0
0
0
0
0
0
0
0
0
0
0
0
0
0
0
0
0
0
0
0
0
0
0
0
0
0
0
0
0
0
0
0
0
0
0
0
0
0
0
0
0
0
0
0
0
0
0
0
0
0
0
0
0
0
0
0
0
0
0
0
0
0
0
0
0
0
0
0
0
0
0
0
0
0
0
0
0
0
0
0
0
0
0
0
0
0
0
0
0
0
0
0
0
0
0
0
0
0
0
0
0
0
0
0
0
0
0
0
0
0
0
0
0
0
0
0
0
0
0
0
0
0
0
0
0
0
0
0
0
0
0
0
0
0
0
0
0
0
0
0
0
0
0
0
0
0
0
0
0
0
0
0
0
0
0
0
0
0
0
0
0
0
0
0
0
0
0
0
0
0
0
0
0
0
0
0
0
0
0
0
0
0
0
0
0
0
0
0
0
0
0
0
0
0
0
0
0
0
0
0
0
0
0
0
0
0
0
0
0
0
0
0
0
0
0
0
0
0
0
0
0
0
0
0
0
0
0
0
0
0
0
0
0
0
0
0
0
0
0
0
0
0
0
0
0
0
0
0
0
0
0
0
0
0
0
0
0
0
0
0
0
0
0
0
0
0
0
0
0
0
0
0
0
0
0
0
0
0
0
0
0
0
0
0
0
0
0
0
0
0
0
0
0
0
0
0
0
0
0
0
0
0
0
0
0
0
0.0697217
0.0697217
0
0
0
0
0
0
0
0
0.0697217
0.0697217
0.0697217
0.0697217
0.0697217
0.0697217
0.0697217
0
0
0.0444116
0.0444116
0.0444116
0.0444116
0.0444116
0.0444116
0.0444116
0.0444116
0.0444116
0
0
0
0
0
0
0
0
0
0
0
0
0
0
0
0
0
0
0
0
0
0
0
0
0
0
0
0
0
0
0
0
0
0
0
0
0
0
0
0
0
0
0
0
0
0
0
0
0
0
0
0
0
0
0
0
0
0
0
0
0
0
0
0
0
0
0
0
0
0
0
0
0
0
0
0
0
0
0
0
0
0
0
0
0
0
0
0
0
0
0
0
0
0
0
0
0
0
0
0
0
0.0697217
0.100905
0.100905
0
0.100978
0.143486
0
0
0
0
0
0
0
0
0
0
0
0
0
0
0
0
0
0
0
0
0
0
0.0444963
0.0444963
0.0444963
0.0444963
0.0444963
0.0444963
0.0444963
0.0444963
0.0444963
0.0444963
0.0444963
0
0
0
0
0
0
0
0
0
0
0
0
0
0
0
0
0
0
0
0
0
0
0
0
0
0
0
0
0
0
0.0444931
0.0444931
0.0444931
0.0444931
0.0444931
0.0444931
0
0
0
0
0
0
0
0
0
0
0
0
0
0
0
0
0
0
0
0
0
0
0
0
0
0
0
0
0
0
0
0
0
0
0
0
0
0
0
0
0
0
0
0
0
0
0
0
0
0
0
0
0
0
0
0.0444931
0.0444931
0.0444931
0.0444931
0.0444931
0.0444931
0.0444931
0.0444931
0.0444931
0.0444931
0.0444931
0.0444931
0.0444931
0.0444931
0.0444931
0.0444931
0.0444931
0.0444931
0.0444931
0.0444931
0.0444931
0.0444931
0.0444931
0.0444931
0.0444931
0.0444931
0.0444931
0.0444931
0.0444931
0.0444931
0.0444931
0.0444931
0.0444931
0.0444931
0.0444931
0.0444931
0.0444931
0.0444931
0.0444931
0.0444931
0.0444931
0.0444931
0.0444931
0.0444931
0.0444931
0.0444931
0.0444931
0.0444931
0.0444931
0.0444931
0.0445026
0
0
0
0
0
0
0
0
0
0
0
0
0
0
0
0
0
0
0
0
0
0
0
0
0
0
0
0
0
0
0
0
0
0
0
0
0
0
0
0
0
0
0
0
0
0
0
0
0
0
0
0
0
0
0
0
0
0
0
0
0
0
0
0
0
0
0
0
0
0
0
0
0
0
0
0
0
0
0
0
0
0
0
0
0
0.0655826
0.0655826
0.0655826
0.0655826
0.0655826
0.0655826
0.0655826
0.0701492
0
0
0
0
0
0
0.0701492
0.0701492
0.0701492
0.0701492
0.0701492
0.0701492
0.0701492
0.0701492
0.0701492
0.0701492
0.0701492
0.0701492
0
0
0
0
0
0.0701492
0.0701492
0.0701492
0.0701492
0.0701492
0.0701492
0.0701492
0
0.0701492
0.0701492
0.0710797
0.0710797
0.0710797
0.0710797
0
0
0
0
0
0
0
0
0
0
0
0
0
0
0
0
0.0701492
0.0701492
0.0701492
0.0701492
0
0.0701492
0.0701492
0.0701492
0.0701492
0.0701492
0.0701492
0.0701492
0.0701492
0.0701492
0.0701492
0.0701492
0.0701492
0.0701492
0
0
0
0
0
0
0
0
0
0
0
0
0
0
0
0
0
0
0
0
0
0
0
0
0
0
0
0
0
0
0
0.0701492
0.0701492
0.0701492
0.0701492
0.0735073
0.0735073
0.0705346
0.0705346
0.0735499
0.0735499
0
0
0
0
0
0
0.133038
0.133038
0
0
0.150512
0.150512
0
0
0
0
0
0
0
0
0
0
0
0
0
0
0
0
0
0
0
0
0
0
0
0
0.353553
0.353553
0.0720483
0.0720483
0
0
0
0
0
0.0723981
0.0723981
0
0
0
0
0
0
0.0701492
0
0
0
0
0
0
0
0
0
0
0
0
0
0
0
0
0
0.0735073
0.0735073
0.0735073
0.0735073
0.0735073
0.0735073
0.0735073
0.0735073
0.0717298
0.0717298
0.0885119
0.0885119
0.0885119
0.0885119
0
0.0885119
0.0885119
0
0
0
0.0749381
0.0749381
0.0750738
0.0749381
0.0749381
0.0717298
0.0749381
0.0749381
0.0749381
0.0749381
0.0749381
0.0749381
0
0.0749381
0
0
0
0
0
0
0
0
0
0.0749532
0.160866
0.0378894
0.0853913
0.0979236
0
0.101015
0
0
0
0.0378894
0
0
0
0
0.0743588
0.0743588
0.0743588
0.0743588
0.0743588
0.0754084
0.155097
0.0376279
0.0705346
0.0705346
0.0705346
0.0705346
0.0910436
0.0910436
0.0910436
0.0709263
0.0709263
0.0711182
0.0711182
0.0711182
0.0711182
0
0
0
0.0711182
0.0711439
0.0711439
0
0.0709263
0.0709263
0
0
0
0.133038
0.133038
0.133038
0.212512
0.133038
0.133038
0
0.142649
0.142649
0.279665
0.279665
0.279665
0.279665
0.279665
0
0.279665
0.279665
0.315104
0.315104
0.315104
0.315104
0.348911
0.315104
0.279665
0
0.279665
0.142649
0
0
0
0
0
0
0
0
0
0
0
0
0
0
0
0
0
0
0
0
0
0
0
0
0
0
0
0
0
0
0
0
0
0
0
0
0
0
0
0
0
0
0
0
0
0
0
0
0
0
0
0
0
0
0
0
0
0
0
0
0
0
0
0
0
0
0
0.239046
0
0.239046
0.239046
0
0.241523
0.239046
0.104542
0.104542
0
0.104542
0.104542
0.104542
0.104542
0.104542
0.104623
0
0
0
0
0
0.104542
0.104542
0.104542
0
0
0
0
0
0
0
0
0
0
0
0
0.109435
0.150878
0.161917
0
0
0
0
0
0
0
0
0
0
0
0
0
0
0
0
0
0
0
0
0
0
0
0
0
0
0
0
0
0
0
0
0
0
0
0
0
0
0
0
0
0
0
0
0
0
0
0
0
0.104542
0.107255
0
0
0
0
0
0
0
0
0.150512
0.150512
0.150512
0.150512
0.150512
0.150633
0.150633
0
0.151371
0.151371
0
0.151371
0.155498
0.155498
0.155498
0.155498
0.155767
0
0.150512
0.150512
0
0.0705847
0.0705847
0.0705847
0.353553
0.353553
0.353553
0.353553
0
0.353553
0.0735499
0.0735499
0.0735499
0.0735499
0.0735499
0
0
0
0
0.0734789
0.0735357
0.0735357
0.0735357
0.245124
0.0734789
0.0735499
0.0735499
0.0735499
0.0735499
0.0735499
0.0745504
0.0745504
0.0745504
0.0745504
0.0745504
0.075195
0.0735499
0.0374465
0.0374465
0.0377503
0.0735499
0.0738933
0.0738933
0
0
0
0.0735499
0
0
0
0.0735499
0
0.0738645
0
0.0738645
0
0
0
0
0
0
0
0
0
0
0
0
0
0
0
0
0
0
0
0
0
0
0
0
0
0
0
0
0
0
0
0
0.107788
0.107788
0.107788
0
0.107788
0
0.107833
0.107833
0.100978
0.0710797
0.0710797
0
0.0710926
0
0
0
0.0583283
0.0583283
0.0583283
0.0583283
0.0583283
0
0.0583283
0.0583283
0.0583283
0.0583283
0
0.0583283
0
0
0
0
0
0
0
0.0444931
0.0444931
0.0444931
0
0
0
0
0
0
0
0
0
0
0
0
0
0
0
0
0
0
0
0
0
0
0
0
0
0
0
0
0
0
0
0
0
0
0
0
0
0
0
0
0
0
0
0
0
0
0
0
0
0
0
0
0
0
0
0
0
0
0
0
0
0
0
0
0
0
0
0
0
0
0
0
0
0
0
0
0
0
0
0
0
0
0
0
0
0
0
0
0
0
0
0
0
0
0
0
0
0
0
0
0
0
0
0
0
0
0
0
0
0
0
0
0
0
0.0444837
0
0
0
0.0444837
0
0
0
0.0444837
0.0445089
0.0445089
0.0445089
0.0444837
0
0
0
0.0447437
0
0
0
0
0
0
0
0
0
0
0
0
0
0
0
0
0
0
0
0
0
0
0
0
0
0
0
0
0
0
0
0
0
0
0
0
0
0
0
0
0
0
0
0
0
0
0
0
0
0
0
0
0
0
0
0
0
0
0
0
0
0
0
0
0
0
0
0
0
0
0
0
0
0
0
0
0
0
0
0
0
0
0
0
0
0
0
0
0
0
0
0
0
0
0
0
0
0
0
0
0
0
0
0
0
0
0
0
0
0
0
0
0
0
0
0
0
0
0
0
0
0
0
0
0
0
0
0.0448079
0
0
0
0
0
0.0444931
0
0
0
0
0
0
0
0
0
0
0
0
0
0
0
0
0
0
0
0
0
0
0
0
0
0
0
0
0.0447214
0
0.0477974
0.0477974
0.0477974
0.0477974
0.0477974
0.0718355
0.0817275
0.0797362
0.0797362
0
0
0
0.0797362
0.0593242
0.0596778
0.103935
0
0
0
0
0
0.0583283
0.0583283
0.0583283
0.0583283
0.0583283
0
0
0
0
0
0
0
0
0.0444931
0
0
0
0
0
0
0
0
0
0
0
0
0
0
0
0
0
0
0
0
0
0
0
0
0
0
0
0
0
0
0
0
0
0
0
0
0
0
0
0
0
0
0
0
0
0
0
0
0
0
0
0
0.0655826
0.0655826
0.0661231
0.0661231
0.0661231
0.0613222
0.0613222
0.0613222
0.0613222
0.0613222
0.0613222
0
0
0
0
0
0
0.06206
0.0613222
0
0
0
0
0
0
0.06206
0.06206
0.06206
0.06206
0.06206
0.0664246
0.06206
0
0
0
0
0.062387
0
0
0
0
0
0
0
0
0
0
0
0
0
0.467707
0.467707
0.467707
0
0
0
0
0
0.475191
0.475191
0.467707
0.467707
0.467707
0.467707
0
0
0
0
0
0
0
0
0
0.270031
0.270031
0
0
0
0.270031
0.483046
0.483046
0.483046
0.483046
0.483046
0.483046
0.483046
0.483046
0.483046
0.483046
0.483046
0.483046
0.483046
0.483046
0.467707
0.467707
0.467707
0.467707
0.467707
0.467707
0.467707
0
0.467707
0
0
0
0
0
0
0
0
0
0
0
0
0
0
0
0
0
0
0
0
0
0
0
0
0
0
0
0
0
0
0
0
0
0
0
0.467707
0.467707
0.467707
0.467707
0.467707
0.467707
0
0
0
0.0445089
0.0445089
0.0445089
0.0445089
0.0445089
0.0445089
0.0445089
0
0
0
0
0
0
0
0
0
0
0
0
0
0
0
0
0
0
0
0
0
0
0
0
0
0
0
0
0
0
0
0
0
0
0
0
0
0
0
0
0
0
0
0
0
0
0
0
0
0
0
0
0
0
0
0
0
0
0
0
0
0
0
0
0
0
0
0
0
0
0
0
0
0
0
0
0
0
0
0
0
0
0
0
0
0
0
0
0
0
0
0
0
0
0
0
0
0
0
0
0
0
0
0
0
0
0
0
0
0
0
0
0
0
0
0
0
0
0
0
0
0
0
0
0
0
0
0
0
0.0444837
0.0444837
0.0444837
0.0444837
0.0444837
0.0444837
0
0
0
0
0
0
0
0
0
0
0
0
0
0
0
0
0
0
0
0
0
0
0
0
0
0
0
0
0
0
0
0
0
0
0
0
0
0
0
0
0
0
0
0
0
0
0
0
0
0
0
0
0
0
0
0
0
0
0
0
0
0
0
0
0
0
0
0
0
0
0
0
0
0
0
0
0
0
0
0
0
0
0
0
0
0
0
0
0
0
0
0
0
0
0
0
0
0
0
0
0
0
0
0
0
0
0
0
0
0
0
0
0
0
0
0
0
0
0
0
0
0
0
0
0
0
0
0
0
0
0
0
0
0
0
0
0
0
0
0
0
0
0
0
0
0
0
0
0
0
0
0
0
0
0
0
0
0
0
0
0
0
0
0
0
0
0
0
0
0
0
0
0
0
0
0
0
0
0
0
0
0
0
0
0
0
0
0
0
0
0
0
0
0
0
0
0
0
0
0
0
0
0
0
0
0
0
0
0
0
0
0
0
0
0
0
0
0
0
0
0
0
0
0
0
0
0
0
0
0
0
0
0
0
0
0
0
0
0
0
0
0
0
0
0
0
0
0
0
0
0
0
0
0
0
0
0.0444931
0.0444931
0.0444931
0.0444931
0
0
0
0
0
0
0
0
0
0
0
0
0
0
0
0
0
0
0
0
0
0
0
0
0
0
0
0
0
0
0
0
0
0
0
0
0
0
0
0
0
0
0
0
0
0
0
0
0
0
0
0
0
0
0
0
0
0
0
0
0
0
0
0
0
0
0
0
0
0
0
0
0
0
0
0
0
0
0
0
0
0
0
0
0
0
0
0
0
0
0
0
0
0
0
0
0
0
0
0
0
0
0
0
0
0
0
0
0
0
0
0
0
0
0
0
0
0
0
0
0
0
0
0
0
0
0
0
0
0
0
0
0
0
0
0
0
0
0
0
0
0
0
0
0
0
0
0
0
0
0
0
0
0
0
0
0
0
0
0
0
0
0
0
0
0
0
0
0
0
0
0
0
0
0
0
0
0
0
0
0
0
0
0
0
0
0
0
0
0
0
0
0
0
0
0
0
0
0
0
0
0
0
0
0
0
0
0
0
0
0
0
0
0
0
0
0
0
0
0
0
0
0
0
0
0
0
0
0
0
0
0
0
0
0
0
0
0
0
0
0
0
0
0
0
0
0
0
0
0
0
0
0
0
0
0
0
0
0
0
0
0
0
0
0
0
0
0
0
0
0
0
0
0
0
0
0
0
0
0
0
0
0
0
0
0
0
0
0
0
0
0
0
0
0
0
0
0
0
0
0
0
0
0
0
0
0
0
0
0
0
0
0
0
0
0
0
0
0
0
0
0
0
0
0
0
0
0
0
0
0
0
0
0
0
0
0
0
0
0
0
0
0
0
0
0
0
0
0
0
0
0
0
0
0
0
0
0
0
0
0
0
0
0
0
0
0
0
0
0
0
0
0
0
0
0
0
0
0
0
0
0
0
0
0
0
0
0
0
0.0444931
0.0444931
0.0444931
0.0444931
0.0444931
0.0444931
0.0444931
0
0
0
0
0
0
0
0
0
0
0
0
0
0
0
0
0
0
0
0
0
0
0
0
0
0
0
0
0
0
0
0
0
0
0
0
0
0
0
0
0
0
0
0
0
0
0
0
0
0
0
0
0
0
0
0
0
0
0
0
0
0
0
0
0
0
0
0
0
0
0
0.450443
0.450443
0.450443
0.450443
0.816497
0.450443
0.450443
0.450443
0.450443
0.450443
0.483046
0
0
0
0
0
0
0
0
0
0
0
0
0
0
0
0.450443
0.816497
0.816497
1
1
1
1
0
0
1
0.816497
0
0
0
0
0
0
0
0
0
0
0
0
0
0.450443
0.450443
0.241523
0.464095
0.464095
0
0
0
0
0
0
0
0.464095
0.464095
0.491304
0.47907
0.47907
0.450443
0.450443
0.450443
0.450443
0.450443
0.453743
0.450443
0.450443
0.450443
0.450443
0
0.0444523
0.0444523
0.0356235
0.0356235
0.0565492
0.0594288
0.0594288
0.0444523
0
0
0
0
0
0
0
0
0
0
0
0
0
0
0
0.0444774
0.0444774
0.0444774
0.0444774
0.0444774
0.0444774
0.0444774
0.0444774
0.0444774
0.0444774
0.0444774
0
0
0
0
0
0
0
0
0
0
0
0
0
0
0
0
0
0
0
0
0
0
0
0
0
0
0
0
0
0
0
0
0
0
0
0
0
0
0
0
0
0
0
0
0
0
0
0
0
0
0
0
0
0
0
0
0
0
0
0
0
0
0
0
0
0
0
0
0
0
0
0
0
0
0
0
0
0
0
0
0
0
0
0
0
0
0
0
0
0
0
0
0
0
0
0
0
0
0
0
0
0
0
0
0
0
0
0
0
0
0
0
0
0
0
0
0
0
0
0
0
0
0
0
0
0
0
0
0
0
0
0
0
0
0
0
0
0
0
0
0
0
0
0
0
0
0
0
0
0
0
0
0
0
0
0
0
0
0
0
0
0
0
0
0
0
0
0
0
0
0
0
0
0
0
0
0
0
0
0
0
0
0
0
0
0
0
0
0
0
0
0
0
0
0
0
0
0
0
0
0
0
0
0
0
0
0
0
0
0
0
0
0
0
0
0
0
0
0
0
0
0
0
0
0
0
0
0
0
0
0
0
0
0
0
0
0
0
0
0
0
0
0
0
0
0
0
0
0
0
0
0
0
0
0
0
0
0
0
0
0
0
0
0
0
0
0
0
0
0
0
0
0
0
0
0
0
0
0.0444837
0.0444837
0.0444837
0.0444963
0.0444963
0.0445941
0.0444963
0
0
0
0
0
0
0
0
0
0
0
0
0
0
0
0
0
0
0
0
0
0
0
0
0
0
0
0
0
0
0
0
0
0
0
0
0
0
0
0
0
0
0
0
0
0
0.0444931
0
0
0
0
0
0
0
0
0
0
0
0
0
0
0
0
0
0
0
0
0
0
0
0
0
0
0
0
0
0
0
0
0.0447437
0.0447437
0.0447437
0.0447437
0.0843221
0.0843221
0.0843221
0.0843221
0.0444805
0.0444805
0.0504846
0.0504846
0.0505814
0.0540908
0.0504846
0.0504846
0.0504846
0.0504846
0.0504846
0.0504846
0.0539108
0.0539108
0.0539108
0.0539108
0.0539108
0.0539108
0.0539108
0
0.0539108
0.0539108
0
0
0
0.0539108
0.0539108
0.0507253
0.0507253
0.0504846
0.0504846
0.0534959
0.0534959
0.0534959
0.0534959
0.0534959
0.0534959
0.0534959
0.0581589
0
0.0581589
0.0581589
0
0.0581589
0.0581589
0
0
0
0
0
0
0
0.0507393
0.0507393
0.0504846
0.0504938
0.0504938
0.0504938
0.0504938
0.0504938
0.0504938
0.0504846
0.0512748
0.0512748
0.0512748
0.0512748
0
0.0512748
0.0512748
0
0
0
0
0
0
0
0
0
0
0
0
0
0
0
0
0
0
0
0
0
0
0
0
0
0
0
0
0
0
0
0
0
0
0
0
0
0
0
0
0.0447214
0
0.0678175
0.0678175
0
0
0
0
0
0
0
0
0
0
0
0
0.0444648
0
0.0444648
0
0.0583283
0.0583283
0.0583283
0.0583283
0.0583283
0.0583283
0.0583283
0.0583283
0.0583283
0.0583283
0.0583283
0.0583283
0.0583283
0.0583283
0
0
0
0
0
0
0
0
0.0583283
0.0583283
0
0
0
0
0
0.0583283
0
0
0
0
0
0
0
0
0
0
0
0
0
0
0
0
0
0
0
0
0
0
0
0.0583283
0.059519
0
0
0.0715853
0.0715853
0.0715853
0.0715853
0
0
0
0
0
0
0
0
0
0
0
0
0
0
0
0
0
0
0.0715853
0.0715853
0.0715853
0.0715853
0
0
0
0
0
0
0
0
0
0
0
0
0
0
0
0
0
0
0
0
0
0
0
0
0
0
0
0
0
0
0
0
0
0
0
0
0
0.0581589
0.0581589
0.0581589
0
0
0
0
0
0.060618
0.060618
0.060618
0.060618
0.060618
0.060618
0.0583779
0.0583779
0.0583779
0.0583779
0.0583779
0.0581168
0.0581168
0.0581168
0.0581168
0.0581659
0.0581168
0.0581449
0
0
0
0
0.0758254
0.0758254
0
0
0
0
0
0
0
0
0
0
0
0
0.0648301
0.0648301
0.0620259
0.0620259
0
0
0
0
0
0
0
0
0
0
0
0
0
0
0
0
0.0585492
0
0
0
0
0
0
0.0740378
0.0740378
0
0
0.129797
0.129797
0.0834576
0.0834576
0.060365
0.060365
0.190941
0.190941
0.0734648
0.0734648
0
0
0.103339
0.103339
0
0
0
0
0.154566
0.154566
0
0
0
0
0.0641029
0.0641124
0
0.0641124
0
0
0
0
0
0.0583637
0
0.0583637
0.0581168
0.0581168
0
0.0581168
0.0581168
0.0581168
0
0.0581168
0
0
0
0
0
0
0
0
0
0.0584705
0.0584705
0
0.0584705
0.0584563
0
0.0584563
0.0592349
0.0592349
0.0592349
0.0592349
0
0
0
0
0.0758254
0.0758254
0.0758254
0.0758254
0.0758254
0.0758254
0
0
0
0
0
0
0.0658767
0.0658767
0
0.0658767
0
0
0
0
0
0.154566
0.154566
0.154566
0.154566
0.154566
0.0647621
0.0647621
0.0647621
0.0647621
0.0647621
0.0647621
0.0647621
0.0713247
0.0647621
0
0
0
0
0
0
0
0
0
0
0
0
0
0
0
0
0
0
0
0
0
0
0
0
0
0
0
0
0
0
0
0
0
0
0
0
0
0
0
0
0
0
0
0
0
0.0620259
0.0620259
0.0620259
0.0620259
0
0
0
0
0
0
0
0
0
0
0
0
0
0
0
0
0
0
0
0
0
0
0
0
0
0
0
0
0
0
0
0
0
0
0
0
0
0
0
0
0
0
0
0
0
0
0
0
0
0
0
0
0
0
0
0
0
0
0
0
0
0
0
0
0
0
0
0
0
0
0
0
0
0
0.0740378
0.0740378
0.0740378
0.0740378
0.0737496
0.0737496
0.0737496
0
0
0.0734648
0.0734648
0.0734648
0.0734648
0.0734648
0.0734648
0.0734648
0
0
0
0
0
0
0.127962
0.127962
0.127962
0.127962
0
0
0.127962
0.0834576
0.0834576
0.0834576
0.0834576
0
0
0.0834576
0
0
0
0
0.103339
0.103339
0.157832
0.103339
0.157832
0
0
0
0
0.162835
0.162835
0
0
0
0
0
0
0
0
0
0
0
0
0
0
0
0
0
0
0
0
0
0
0
0
0.162835
0.162835
0.162835
0.162835
0.162835
0.157832
0.457116
0.457116
0
0
0.0810346
0.157832
0
0
0
0.119038
0.119038
0.119038
0.119038
0
0
0
0
0
0
0
0
0.0581168
0
0.0581168
0.0581238
0.0581238
0.0582999
0.0581519
0.0609711
0.05818
0.0581238
0
0.0581238
0.059655
0.059655
0.0599606
0
0
0
0.059655
0
0.059655
0.0618815
0.0618815
0.0626839
0
0.0618815
0
0.0618815
0
0
0
0
0
0.0709773
0.0709773
0.0709773
0
0
0
0
0
0
0
0.450443
0.450443
0.450443
0.450443
0
0
0
0.450443
0.453743
0.450443
0
0.450443
0.450443
0.467707
0.457116
0.457116
0
0
0
0
0
0
0
0
0
0
0
0
0
0
0
0
0
0
0
0.491304
0.450443
0.471405
0
0.471405
0.471405
0
0
0
0
0
0.471405
0.471405
0
0.471405
0
0.471405
0
0
0
0.471405
0.495595
0.483046
0.483046
0.483046
0
0
0
0
0.483046
0.483046
0.487122
0.483046
0.483046
0
0
0
0.483046
0
0
0
0
0
0
0.491304
0.491304
0.491304
0
0.495595
0.513956
0.278887
0.491304
0.491304
0
0
0
0
0
0
0
0.491304
0.491304
0
0.491304
0.450443
0.450443
0
0
0
0
0
0
0
0
0
0.450443
0
0
0
0
0.0843221
0.0843221
0.0843221
0.115033
0.115033
0.115033
0
0.115033
0
0.0843221
0
0.0843221
0.131226
0.131226
0
0
0
0
0
0
0
0.0444931
0
0
0
0
0
0
0
0
0
0
0
0
0
0
0
0
0
0
0
0
0
0.0444837
0
0.0843221
0.0843221
0.0843221
0.0843221
0.0843221
0.0843221
0.0843221
0.0843435
0
0.0844293
0.0844293
0.0844293
0.0847101
0.0844293
0.0844293
0.0844293
0
0
0
0
0.0843221
0
0
0
0
0
0
0
0
0
0
0
0
0
0
0.058722
0.058722
0.058722
0.058722
0.058722
0.058722
0.058722
0.058722
0.0598991
0.0598991
0.0598991
0
0
0
0
0
0
0
0
0.0663723
0
0
0
0.0663723
0.0663723
0.0827404
0.0827404
0.0827404
0.0663723
0.0663723
0.0621198
0
0
0
0
0
0
0
0
0
0
0.0621198
0.0599298
0.0599298
0.058722
0.058722
0.058722
0
0
0
0
0
0
0
0
0
0
0
0
0
0
0
0
0
0
0
0
0
0
0
0
0
0
0
0
0
0
0
0
0
0
0
0
0
0
0
0
0
0
0
0
0
0
0
0
0
0
0
0
0
0
0
0
0
0
0
0
0
0
0
0
0
0
0
0
0
0
0
0
0
0
0
0
0
0
0
0
0.0583283
0.0583283
0.0583283
0.0583283
0.0583283
0.0583283
0.0588818
0.0588818
0
0
0.0588818
0
0
0
0
0
0
0
0
0.0590723
0.0590723
0.0593989
0.0593989
0.0583283
0
0.0583283
0.0583283
0.0444523
0.0444523
0
0
0
0
0
0
0
0
0
0
0
0
0.0444931
0.0444931
0.0444931
0.0444931
0.0444931
0.0444931
0.0444931
0.0444931
0.0444931
0.0444931
0.0444931
0.0444931
0.0444931
0.0444931
0
0
0
0
0
0
0
0
0
0
0
0
0
0
0
0
0
0
0
0
0
0
0
0
0
0
0
0
0
0
0
0
0
0
0
0
0
0
0
0
0
0
0
0
0
0
0
0
0
0
0
0
0
0
0
0
0
0
0
0
0
0
0
0
0
0
0
0
0
0
0
0
0
0
0
0
0
0
0
0
0
0
0
0
0
0
0
0
0
0
0
0
0
0
0
0
0
0
0
0
0
0
0
0
0
0
0
0
0
0
0
0
0
0
0
0
0
0
0
0
0
0
0
0
0
0
0
0
0
0
0
0
0
0
0
0
0
0
0
0
0
0
0
0
0
0
0
0
0
0
0
0
0
0
0
0
0
0
0
0
0
0
0
0
0
0
0
0
0
0
0
0
0
0
0
0
0
0
0
0
0
0
0
0
0
0
0
0
0
0
0
0
0
0
0
0
0
0
0
0
0
0
0
0
0
0
0
0
0
0
0
0
0
0
0
0
0
0
0.0701246
0.0701246
0.0701246
0.0701246
0.0701246
0.0701246
0.0701246
0.0701246
0.0444931
0.0444931
0.0444931
0.0444931
0.0444931
0.0444931
0.0444931
0.0444931
0.0444931
0.0444931
0.330719
0.0738789
0.0738789
0
0
0.447214
0
0
0.453743
0
0
0
0
0
0
0
0.426401
0
0.426401
0
0
0
0
0
0
0
0
0
0.0756238
0
0
0
0
0.0756238
0
0
0
0
0
0
0
0
0
0.3669
0.3669
0.3669
0
0.3669
0
0.377964
0.377964
0
0.40584
0
0.491304
0.509175
0
0.3669
0.0769068
0
0
0
0
0
0
0
0.0770862
0.091863
0
0
0.0979908
0
0
0
0
0
0
0
0
0
0
0
0
0
0
0
0
0
0
0
0
0
0
0
0
0
0
0
0
0
0
0
0
0
0
0
0
0
0
0
0
0
0
0
0
0.0761545
0.0761545
0
0
0
0
0
0.0761545
0
0
0
0
0
0
0
0
0
0
0
0
0
0
0
0
0
0
0
0
0
0
0
0
0
0
0
0
0
0
0
0
0
0
0
0
0
0
0
0
0
0
0
0
0
0
0
0
0
0
0
0
0
0
0
0
0
0
0
0
0
0
0
0
0
0
0
0
0
0
0
0
0
0
0
0
0
0
0
0
0
0
0
0
0
0
0
0
0
0
0
0
0
0
0
0
0
0
0
0
0
0
0
0
0
0
0
0
0
0
0
0
0
0
0
0
0
0
0
0
0
0
0
0
0
0
0
0
0
0
0
0
0
0
0
0
0
0
0
0
0
0
0
0
0
0
0
0
0
0
0
0
0
0
0
0
0
0
0
0
0.0444931
0.0444931
0.0444931
0
0
0
0
0
0
0
0
0
0
0
0
0
0
0
0
0
0
0
0
0
0
0
0
0
0
0
0
0
0
0
0
0
0
0
0
0
0
0
0
0
0
0
0
0
0
0
0
0
0
0
0
0
0
0
0
0
0
0
0
0
0
0
0
0
0
0
0
0
0
0
0
0
0
0
0
0
0
0
0
0
0
0
0
0.0444931
0
0
0
0
0
0
0
0
0
0
0.0444931
0.0444931
0
0
0
0
0
0
0
0
0
0
0
0
0
0
0
0
0
0
0
0
0
0
0
0
0
0
0
0
0
0
0
0
0
0
0
0
0
0
0
0
0
0
0
0
0
0
0
0
0
0
0
0
0
0
0
0
0
0
0
0
0
0
0
0
0
0
0
0
0.110576
0.110576
0.110576
0.110576
0
0
0
0
0
0.110576
0
0
0
0
0
0
0
0
0
0
0
0
0
0
0
0.0699039
0.0699039
0.0624304
0.0624304
0.0820413
0.0820413
0
0.0820413
0
0.0624304
0
0
0
0
0
0
0
0
0
0
0
0
0
0
0
0
0
0
0
0
0
0
0
0
0
0
0
0
0
0
0
0
0
0
0
0
0
0
0
0
0
0
0
0
0
0
0
0
0
0
0
0.0444931
0.0444931
0.0444931
0.0444931
0.0444931
0.0444931
0.0444931
0.0444931
0.0444931
0.0444931
0
0
0
0
0
0
0
0
0
0
0
0
0
0
0
0
0
0
0
0
0
0
0
0
0
0
0
0
0
0
0
0
0
0
0
0
0
0
0
0
0
0
0
0
0
0
0
0
0
0
0
0
0
0
0
0
0
0
0
0
0
0
0
0
0
0
0
0
0
0.0565427
0.0565427
0.0444837
0
0
0
0
0.0444931
0.0444931
0
0
0
0
0
0
0
0
0
0
0
0
0
0
0
0
0
0
0
0
0
0
0.0701492
0.0701492
0.0701492
0.0701492
0.0701492
0.0736353
0.0736638
0.0701492
0.0747734
0.0747734
0.0747734
0.0729186
0.0729325
0
0
0
0
0
0
0
0
0
0
0
0.0581589
0
0.0445089
0
0
0
0
0
0
0
0
0
0
0
0
0
0
0
0
0
0
0
0
0
0
0
0
0
0
0
0
0
0
0
0
0.0444523
0.0444523
0
0
0
0
0
0
0
0
0
0
0
0
0
0
0
0
0
0
0
0
0
0
0
0
0
0
0
0
0
0
0
0
0
0
0
0.0620089
0.0620089
0.0620089
0.0620089
0.0620089
0
0
0
0.0627721
0.0627721
0.0627721
0.0620089
0.0625262
0.0620089
0.0620089
0.0625262
0.0620089
0.0631554
0
0.0620089
0
0
0
0
0.0444931
0
0
0
0
0
0
0
0
0
0
0
0
0
0
0
0
0
0.0445026
0.0445026
0.0445026
0.0445026
0.0445026
0.0445026
0
0
0
0
0
0
0
0
0
0
0
0
0
0
0
0
0
0
0
0
0
0
0
0
0
0
0
0
0
0.0445026
0
0
0
0
0
0
0
0.0444931
0.0444931
0.0444931
0.0444931
0.0444931
0.0444931
0.0444931
0.0444931
0.0444931
0.0444931
0.0444931
0.0444931
0.0444931
0
0
0
0
0
0
0
0
0
0
0
0
0
0
0
0
0
0
0
0
0
0
0
0
0
0
0
0
0
0
0
0
0
0
0
0
0
0
0
0
0
0
0
0
0
0
0
0
0
0
0
0
0
0
0
0
0
0
0
0
0
0
0
0
0
0
0
0
0
0
0
0
0
0
0
0
0
0
0
0
0
0
0
0
0
0
0
0
0
0
0
0
0
0
0
0
0
0
0
0
0
0
0
0
0
0
0
0
0
0
0
0
0
0
0
0
0
0
0
0
0
0
0
0
0
0
0
0
0
0
0
0
0
0
0
0
0
0
0
0
0
0
0
0
0
0.0444931
0
0
0
0
0
0
0
0
0
0
0
0
0
0
0
0
0
0
0
0
0
0
0
0
0
0
0
0
0
0
0
0
0
0
0
0
0
0
0
0
0
0
0
0
0.0445026
0
0
0
0
0
0
0
0
0
0
0
0
0
0
0
0
0
0
0
0
0
0
0
0
0
0
0
0
0
0
0
0
0
0
0
0
0
0
0
0
0
0
0
0
0
0
0
0
0
0
0
0
0
0
0
0
0
0
0
0
0
0
0
0
0
0
0
0
0
0
0
0
0
0
0
0
0
0
0
0
0
0
0
0
0
0
0
0
0
0
0
0.0444931
0.0444931
0.0444931
0.0444931
0.0444931
0.0444931
0.0444931
0.0444931
0.0444931
0.0444931
0.0444931
0.0444931
0.0444931
0.0444931
0.0444931
0.0444931
0.0444931
0.0444931
0.0444931
0.0444931
0.0444931
0.0444931
0.0444931
0.0444931
0.0444931
0
0
0
0
0
0.0444931
0
0
0
0
0
0
0.0701246
0.0701246
0.0701246
0.0701246
0.0736353
0.0736353
0.0736353
0.0736353
0.0720216
0.0720216
0.0752101
0
0.0701246
0.0708373
0.0728633
0.0749381
0
0.0751798
0
0.0708373
