0.0477818
0.0477818
0.0477818
0.0477818
0
0
0
0
0
0
0.0421918
0.0421918
0.0421918
0.0421918
0.0421918
0.0421918
0.0421918
0.0277564
0.0277564
0.0277564
0.0277564
0.0277564
0.0277564
0.0277564
0
0.0441834
0.0441834
0
0
0
0
0
0
0
0
0
0
0
0
0
0
0
0
0
0
0
0
0
0
0
0.0456079
0
0
0.0456079
0
0
0
0
0
0
0
0
0
0
0
0
0
0
0
0
0
0
0
0
0
0
0
0
0
0
0.097474
0.1849
0.097474
0
0
0
0
0
0
0
0
0
0
0
0
0
0
0
0
0.0486937
0.0486937
0.0486937
0
0
0
0.0486937
0.0483227
0.0483227
0
0
0
0
0.0483227
0.0483227
0.048636
0.0486648
0.0486648
0
0
0.0486648
0.0486648
0
0
0
0.0483227
0.0458229
0.0458229
0
0
0
0
0
0
0
0
0
0
0
0
0.0458229
0.0851257
0.0851257
0
0
0.0851257
0.0851257
0.0854358
0.0851257
0.0839921
0.0839921
0.0839921
0.0877058
0.0477818
0.0477818
0
0
0
0
0
0
0
0.0477818
0
0
0
0.0854358
0.1283
0
0
0
0
0
0
0
0.133038
0.133038
0
0
0
0.133038
0.133038
0
0.1557
0.156174
0
0
0
0.1283
0.1283
0
0.1283
0
0.0269582
0.0269582
0.0269582
0.0269582
0.0269582
0.025902
0.0269582
0.0450835
0
0.0269582
0.0269582
0.0269582
0
0
0.106149
0
0
0
0
0
0
0
0
0
0
0
0.0450835
0.0269582
0.0269582
0
0
0.0460287
0
0.045396
0
0
0
0
0.0472852
0.0539164
0.0455488
0.0478639
0
0.0269582
0.070014
0.0269582
0
0.0415317
0.0269582
0
0
0
0
0
0
0
0
0
0
0.0451985
0.0452679
0.0833333
0.0444335
0
0.0269582
0.0445325
0.0445325
0.0445325
0
0
0
0
0
0
0
0
0
0
0
0
0
0
0
0
0
0
0
0
0
0
0
0
0
0
0
0
0
0
0
0
0
0
0
0
0
0
0
0
0
0
0
0
0
0
0
0
0
0
0
0
0
0
0
0
0
0
0
0
0
0
0
0
0
0.0425918
0
0
0
0.0269582
0.0462127
0.0269582
0.0437793
0.0269582
0
0.0269582
0.0799361
0.0799361
0.0799361
0.0440225
0.0864675
0.0269582
0.348155
0.0269582
0
0
0
0
0
0.0410478
0.0410737
0
0.0410737
0.0410478
0.0410478
0.0410478
0.0410478
0.0410478
0.0410478
0.0410478
0.316228
0
0
0
0.0410737
0
0
0
0
0.027727
0.027727
0.027727
0.027727
0.027727
0
0
0
0
0
0
0
0
0
0
0
0
0
0
0
0
0
0
0
0
0
0
0
0
0
0
0
0
0
0
0
0
0
0
0
0
0
0
0
0
0
0
0
0
0
0
0
0
0
0
0
0
0
0
0
0
0
0
0
0
0
0
0
0
0
0
0
0
0
0
0
0
0
0
0
0
0
0
0
0
0
0
0
0
0
0
0
0
0
0
0
0
0
0
0
0
0
0
0
0
0
0
0
0
0
0
0
0
0
0
0
0
0
0
0
0
0
0
0
0
0
0
0
0
0
0
0
0
0
0
0
0
0
0
0
0
0
0
0
0
0
0
0
0
0
0
0
0
0
0
0
0
0
0
0
0
0
0
0
0
0
0
0
0
0
0
0
0
0
0
0
0
0
0
0
0
0
0
0
0
0
0
0
0
0
0
0
0
0
0
0
0
0
0
0
0
0
0
0
0
0
0
0
0
0
0
0
0
0
0
0
0
0
0
0
0
0
0
0
0
0
0
0
0
0
0
0
0
0
0
0
0
0
0
0
0
0
0
0
0
0
0
0
0
0
0
0
0
0
0
0
0
0
0
0
0
0
0
0
0
0
0
0
0
0
0
0
0
0
0
0
0
0
0
0
0
0
0
0
0
0
0
0
0
0
0
0
0
0
0
0
0
0
0
0
0
0
0
0
0
0
0
0
0
0
0
0
0
0
0
0
0
0
0
0
0
0
0
0
0
0
0
0
0
0
0
0
0
0
0
0
0
0
0
0
0
0
0
0
0
0
0
0
0
0
0
0
0
0
0
0
0
0
0
0
0
0
0
0
0
0
0
0
0
0
0
0
0
0
0
0
0
0
0
0
0
0
0
0
0
0
0
0
0
0
0
0
0
0
0
0
0
0
0
0
0
0
0
0
0
0
0
0
0
0
0
0
0
0.0421918
0.0421918
0
0
0
0
0
0
0
0
0
0
0
0
0.0258565
0.0258565
0.0258565
0.0258565
0.0258565
0.0296532
0.0296532
0.0296532
0.0296532
0.0296532
0.0296532
0.0296532
0.0296532
0.0296532
0.0296532
0.0282532
0.0282532
0.0282532
0.0282532
0.0282532
0.0282532
0.0282532
0.0282532
0.0282532
0.0282532
0.0282532
0.0282532
0.0282532
0.0282532
0.0282532
0
0
0
0
0
0
0
0
0
0
0
0
0
0
0
0
0
0
0
0
0
0
0
0
0
0
0
0
0
0
0
0
0
0
0
0
0
0
0
0
0
0
0.0398885
0.0398885
0.0398885
0.0398885
0.0398885
0.0438213
0.0438213
0.0438213
0
0
0
0
0
0
0
0
0
0
0
0
0
0
0
0
0
0
0
0
0
0
0
0
0
0
0
0
0
0
0
0
0
0
0
0
0
0
0
0
0
0
0
0
0
0
0
0
0
0
0
0
0
0
0
0
0
0
0
0
0
0
0
0
0
0
0
0
0
0
0
0
0
0
0
0
0
0
0
0
0
0
0
0
0
0
0.0259696
0.0415049
0
0.0268632
0.0333844
0.0333844
0.0347157
0.0259434
0.0261421
0.0259609
0
0
0
0
0
0
0
0
0
0
0
0
0
0
0
0
0
0
0
0
0
0
0
0
0
0.0259631
0.0259631
0.0259631
0.0259631
0.0259631
0.0259631
0.0259631
0.0260356
0.0260356
0.0260356
0
0
0
0
0
0
0
0
0
0
0
0
0
0
0
0
0
0
0
0
0
0
0
0
0
0
0
0
0
0
0
0
0
0
0
0
0
0
0
0
0
0
0
0
0
0
0
0
0
0
0
0
0
0
0
0
0
0
0
0
0
0
0
0
0
0
0
0
0
0
0
0
0.0268197
0.0268197
0.0279182
0.0268197
0.0275711
0.0275711
0.0275711
0.0259412
0.0259412
0.0280221
0.0259412
0.0259412
0.0259412
0.0278154
0.0280221
0.0278181
0.0278181
0.0280303
0.0278181
0.0273307
0.0273307
0.0273307
0.02797
0.0300083
0.029768
0.029768
0.0312005
0
0
0
0
0
0.0274282
0.0274282
0.0277457
0.0274282
0.0259718
0.0259718
0.0259696
0.0259696
0.0259718
0.0259696
0
0
0
0
0
0
0
0
0
0.0271138
0.0271163
0
0
0
0
0
0
0
0
0
0
0
0
0
0
0
0
0
0
0
0
0
0
0
0
0
0
0
0
0
0
0
0
0
0
0
0
0
0
0
0
0
0
0
0
0
0
0
0
0
0
0
0
0
0
0
0
0
0
0
0
0
0
0
0
0
0
0
0
0
0
0
0
0
0
0
0
0
0
0
0
0
0
0
0
0
0
0
0
0
0
0
0
0
0
0
0
0
0
0
0
0
0
0
0
0
0.0275711
0.0275711
0.0275711
0.0275711
0.0275711
0.0275711
0.0275711
0.026839
0
0.0268414
0
0.0268438
0.0271063
0.0275371
0.0271388
0.0271088
0.0275397
0.0280773
0.0371135
0.0468807
0.0380143
0
0.0280303
0
0
0
0
0
0
0.0356631
0.051131
0.0280939
0.0280939
0.0281467
0.0280939
0.0365148
0.0365148
0.0365148
0
0
0
0
0
0
0
0
0
0
0
0
0
0
0
0
0
0
0
0
0
0
0
0
0
0
0
0
0
0
0
0
0
0
0
0
0
0
0
0
0
0
0
0
0
0
0
0
0
0
0
0
0
0
0
0
0
0
0
0
0
0
0
0
0
0
0
0
0
0
0
0
0
0
0
0
0
0
0
0
0
0
0
0
0
0
0
0
0
0
0
0
0
0
0
0
0
0
0
0
0
0
0
0
0
0
0
0
0
0
0
0
0
0
0
0
0
0
0
0
0
0
0
0
0
0
0
0
0
0
0
0
0
0
0
0
0
0
0
0
0
0
0
0
0
0
0
0
0
0
0
0
0
0
0
0
0
0
0
0
0
0
0
0
0
0
0
0
0
0
0
0
0
0
0
0
0
0
0
0
0
0
0
0
0
0
0
0
0
0
0
0
0.035511
0.0355671
0.036999
0.0374766
0.0374766
0
0.0374832
0.0505722
0
0.0510477
0.0413537
0.0428059
0.0441296
0.04222
0
0
0
0
0
0
0
0
0
0
0
0
0
0
0
0
0
0
0
0
0
0
0
0
0
0
0
0
0
0
0
0
0
0
0
0
0
0
0
0
0
0
0
0
0
0
0
0
0
0
0
0
0
0
0
0
0
0
0
0
0
0
0
0
0.0269167
0.0269582
0.0269582
0.0274592
0.0273332
0.0274592
0.0274592
0.0269533
0.0269533
0.045715
0.0269582
0.0269582
0.0797452
0.0275189
0.0275189
0.0392081
0
0
0
0
0
0
0
0
0
0
0
0
0
0
0
0
0
0
0
0
0
0
0
0
0
0
0
0
0
0
0
0
0
0
0
0
0
0
0
0
0
0
0
0
0
0
0
0
0
0
0
0
0
0
0
0
0
0
0
0
0
0
0
0
0
0
0
0
0
0
0
0
0
0
0
0
0
0
0
0
0
0
0
0
0
0
0
0
0
0
0
0
0
0
0
0
0
0
0
0
0
0
0
0
0
0
0
0
0
0
0
0
0
0
0
0
0
0
0
0
0.0269582
0.0269582
0.0269582
0.0269582
0
0
0.0450492
0.0537798
0.0450835
0.0499221
0.0450835
0.0450149
0.0450149
0.129369
0.129369
0.129369
0
0
0
0
0.129914
0.129914
0.129914
0.129914
0.129914
0
0
0
0
0
0
0.0277564
0
0
0
0
0
0
0
0.0269582
0.0269582
0.0668526
0.0668526
0.0753778
0.0753778
0.0668526
0
0
0
0
0
0.0280634
0
0
0
0
0
0.0269582
0.0269582
0.0269582
0
0.0269582
0.0269582
0
0.0269582
0.0269582
0.0269582
0.0269582
0.0269582
0.0269582
0
0.0269582
0.0420703
0.0269582
0
0.0269582
0.0269582
0.0269582
0.0269582
0.0269582
0.0269582
0.0269582
0.0269582
0.0269582
0.0269582
0.0269582
0.0269582
0
0
0
0
0
0
0
0
0
0
0.0269582
0.0269582
0
0
0.0745874
0.0610847
0.0610847
0.0610847
0
0.0426498
0.0644491
0.0644491
0.0644491
0.0880451
0.0880451
0.10328
0.0880451
0.0644491
0.0644491
0.0644491
0.0644491
0.0644491
0.0663723
0
0.0570266
0
0.0269582
0.0269582
0.0269582
0.0269582
0.0269582
0.0269582
0
0.0269582
0.0269582
0
0.0269582
0
0.0269582
0.0269582
0.0269582
0.0269582
0.0269582
0.0269582
0.0458229
0.0458229
0
0
0.0458229
0
0
0
0
0
0
0
0
0.0454898
0.0454898
0.0454898
0.0455724
0.0438529
0
0
0.0438529
0.0438529
0.0461757
0
0
0
0
0
0
0
0
0
0
0
0
0
0
0
0
0
0
0
0.0269582
0.0269582
0.0269582
0.0269582
0
0.0269582
0
0
0
0
0
0
0
0
0
0
0
0
0
0
0
0
0
0
0
0
0
0
0
0
0
0
0
0
0
0
0
0
0
0
0
0
0
0
0
0
0
0
0
0
0.0269582
0.0269582
0.0269582
0
0.0269582
0
0
0
0
0
0
0
0
0
0
0
0
0
0
0
0
0
0
0
0
0.0438634
0.0447437
0
0
0
0
0
0
0
0
0
0
0
0
0
0
0.0269582
0.0486073
0
0
0
0
0
0
0
0
0
0
0
0
0
0
0
0
0
0
0
0
0
0
0
0
0
0
0
0
0
0
0.0459315
0.0466252
0.0478228
0
0
0
0
0
0
0.0482243
0
0.0269582
0.0269582
0.0269582
0.0269582
0.0269582
0.0426692
0.0484502
0.0486504
0.0486504
0.0269582
0.0269582
0.0269582
0.0269582
0
0.0269582
0.0747958
0.0410737
0.0410737
0.0410737
0.0410737
0.0410737
0.0410737
0.0410737
0.0410737
0.0410737
0
0
0
0
0.0410737
0
0.0410737
0.0422012
0.0422012
0.0410737
0
0
0
0
0
0
0
0
0
0
0
0
0
0
0
0
0
0
0
0
0
0
0
0
0
0
0.0269582
0.0269582
0.0269582
0.0269582
0.0269582
0.0269582
0.0269582
0.0269582
0.0269582
0.0269582
0.0269582
0.0269582
0.0405637
0.0405637
0.0405637
0.0405637
0.0405637
0.0405637
0.0405637
0.0405637
0.0405637
0.0374963
0.0451409
0.0375426
0.0375426
0.0563213
0.0380762
0.0280634
0
0.0453493
0.0453493
0
0
0
0
0.045859
0
0
0
0
0
0
0
0
0
0
0
0
0
0
0.0431934
0.0431934
0.0440012
0.0617802
0.0617802
0.0617802
0
0
0
0
0
0
0
0
0.0280634
0
0.0280634
0.0280634
0
0
0
0
0.0472587
0.0472587
0
0.0472587
0.0472587
0.0472852
0.0472587
0
0
0
0
0
0
0
0
0
0
0
0
0
0
0
0
0
0
0
0
0
0
0
0
0
0
0
0
0
0
0
0
0
0
0
0
0
0
0
0
0
0
0
0.0750059
0.0750059
0.0269582
0.0269582
0.0269582
0.0269582
0.0269582
0.0269582
0.0269582
0
0.0269582
0.0269582
0.0442807
0.0269582
0.150756
0.0269582
0
0.0269582
0.0269582
0.0269582
0
0
0
0
0
0.0269582
0.0269582
0
0.0269582
0
0.0269582
0.0269582
0.0269582
0
0.0269582
0.0269582
0.0269582
0.0269582
0.0410651
0.0410651
0.0410651
0.0410651
0.0410651
0.042061
0.042061
0.0410651
0.0269582
0.0269582
0.0269582
0.0269582
0.0472192
0
0
0
0
0
0
0
0
0
0
0
0
0
0
0
0
0
0
0
0
0
0
0
0
0
0
0
0
0
0
0
0.145479
0.145479
0.145479
0
0.147043
0.147043
0.148659
0
0
0
0
0
0.0457989
0.0457989
0.0457989
0.0457989
0.0457989
0
0
0
0
0
0
0
0
0
0
0
0
0
0
0.0689655
0.0689655
0
0.069421
0.0699284
0
0
0
0
0
0
0
0
0
0
0
0
0
0
0
0
0
0
0
0
0
0
0
0
0
0
0
0
0
0
0
0
0
0
0
0
0
0
0
0
0
0
0
0
0
0
0
0
0
0
0
0
0
0.150756
0.150756
0.150756
0.150756
0.150756
0.150756
0.150756
0.150756
0.150756
0.150756
0.150756
0.150756
0.150756
0.164957
0
0.169031
0
0.169638
0.169638
0.178174
0
0
0
0
0
0
0
0
0
0
0
0
0
0
0
0
0
0
0
0
0
0
0
0
0
0
0
0
0
0
0
0
0
0
0
0
0
0
0
0
0
0
0
0
0
0.0435504
0.0435504
0.0435504
0.0435504
0.0435504
0.0435504
0.0435504
0.0435504
0.0435504
0
0
0
0.0435504
0
0
0
0
0
0
0
0
0
0
0
0
0
0
0
0
0
0
0
0
0
0
0
0
0
0
0
0
0
0
0
0
0
0
0
0
0
0
0
0
0
0
0
0.042061
0.042061
0.042061
0.042061
0.042061
0.042061
0.042061
0.042061
0.042061
0
0
0
0
0
0
0
0
0
0
0
0
0
0
0
0
0
0
0
0
0
0
0
0
0
0
0
0
0
0
0
0
0
0
0
0
0
0
0
0
0
0
0
0
0
0
0
0
0
0
0
0
0
0
0
0
0
0
0
0
0
0
0
0
0
0
0
0
0
0
0
0
0
0
0
0
0
0
0
0
0
0
0
0
0
0
0
0
0
0
0
0
0
0
0
0
0
0
0
0
0
0
0
0
0
0
0
0
0
0
0
0
0
0
0
0
0
0
0
0
0
0
0
0
0
0
0
0
0
0
0
0
0
0
0
0
0
0
0
0
0
0
0
0
0
0
0
0
0
0
0
0
0
0
0
0
0
0
0
0
0
0
0
0
0
0
0
0
0
0
0
0
0
0
0
0
0
0
0
0
0
0
0
0
0
0
0
0
0
0
0
0
0
0
0
0
0
0
0
0
0
0
0
0
0
0
0
0
0
0
0
0
0
0
0
0
0
0
0
0
0
0
0
0
0
0
0
0
0
0
0
0
0
0
0
0
0
0
0
0
0
0
0
0
0
0
0
0
0
0
0
0
0
0
0
0
0
0
0
0
0
0
0
0
0.027759
0.027759
0.027759
0.027759
0.027759
0.027759
0.027759
0.027759
0.027759
0.027759
0.027759
0.027759
0.027759
0.027759
0.027759
0.027759
0.027759
0.027759
0.027759
0.027759
0.027759
0.027759
0.027759
0.027759
0.027759
0.027759
0.027759
0.027759
0.027759
0.027759
0.027759
0.027759
0.027759
0.027759
0.027759
0.027759
0.027759
0.027759
0.027759
0.027759
0.027759
0.027759
0.027759
0.027759
0.027759
0.027759
0.027759
0.027759
0.027759
0.027759
0.027759
0.027759
0.027759
0.027759
0.027759
0.027759
0.027759
0.027759
0.027759
0.027759
0.027759
0.027759
0.027759
0.027759
0.027759
0.027759
0.027759
0.027759
0.027759
0.027759
0.027759
0.027759
0.027759
0.027759
0.027759
0.027759
0.027759
0.027759
0.027759
0.027759
0.027759
0.027759
0.027759
0.027759
0.027759
0.027759
0.027759
0.027759
0.027759
0.027759
0.027759
0.027759
0.027759
0.027759
0.027759
0.027759
0.027759
0.027759
0.027759
0.027759
0.027759
0.027759
0.027759
0.027759
0.027759
0.027759
0.027759
0.027759
0.027759
0.027759
0.027759
0.027759
0.027759
0.027759
0.027759
0.027759
0.027759
0.027759
0.027759
0.027759
0.027759
0.027759
0.027759
0.027759
0.027759
0.027759
0.027759
0.027759
0.027759
0
0
0
0
0
0
0
0
0
0
0
0
0
0
0
0
0
0
0
0
0
0
0
0
0
0
0.0300658
0.0300658
0.027759
0.0300658
0.0300658
0
0.0300658
0
0
0
0
0
0
0
0
0
0
0
0
0
0
0
0
0
0
0
0
0
0
0.0277644
0
0
0
0
0
0
0
0
0
0.0279754
0
0
0
0
0
0
0
0
0
0
0
0
0
0
0
0
0
0.0276765
0.0276765
0.0276765
0.0276765
0.0276765
0.0276765
0.0277031
0.0276845
0.0277564
0.0276765
0
0
0
0
0.027727
0.027727
0
0
0
0
0
0
0
0
0
0
0
0.0339863
0.0314697
0.0339863
0.0339863
0.0339863
0.0339863
0.0339863
0.0339863
0.0426984
0
0.0339863
0.0339863
0.0314697
0.0314697
0.0314697
0.0314697
0.0314697
0.0314697
0.0424955
0.0424955
0.0424955
0.0424955
0.0424955
0.0424955
0
0.038097
0.0320544
0
0
0
0
0.0422106
0.0424955
0
0.0317181
0.0317181
0.0317181
0.0317181
0.0317181
0.0317181
0.0317181
0.0317181
0.0317181
0.0317181
0.0317181
0.0317181
0.0317181
0.0317181
0
0
0
0
0.0428157
0
0.0321246
0.0321246
0.0323847
0.0355953
0.0394438
0
0.0321246
0.0321246
0.0438424
0.0321288
0
0.0321288
0.0386839
0
0.0319113
0.0319113
0
0.0432844
0.0432844
0.0432844
0.0432844
0.0432844
0.0432844
0.0432844
0.0432844
0.0432945
0.0432945
0.0432844
0.0432844
0.0432844
0.0432844
0.0432844
0.0432844
0.0432844
0.0432844
0.0432844
0.0432844
0.0432844
0.0432844
0.0432844
0.0438003
0.0432844
0.0432844
0.0432844
0.0432844
0.0432844
0.0432844
0
0
0.0432844
0.0432844
0.0432844
0.0432844
0.044076
0.044076
0.044076
0.044076
0.044076
0.044076
0.044076
0.044076
0.044076
0.044076
0.044076
0.044076
0.044076
0.044076
0.044076
0.044076
0.044076
0.0584456
0.0584456
0
0
0.0277564
0.0277564
0.0277564
0.0277564
0.0277564
0.0277564
0.0277564
0.0277564
0.0277564
0.0277564
0.0277564
0.0277564
0.0277564
0.0277564
0.0277564
0.0277564
0.0277564
0.0277564
0.0277564
0.0277564
0.0277564
0.0277564
0.0277564
0.0277564
0.0277564
0.0277564
0.0277564
0.0277564
0.0277564
0
0
0.044076
0.044076
0.044076
0.044076
0.044076
0.044076
0.0450949
0.044076
0.044076
0.0443678
0.0443678
0.0443678
0.0443678
0.0443678
0.0443678
0.0443678
0.0443678
0.0443678
0.0443678
0.044076
0.044076
0.044076
0.044076
0.044076
0.0450949
0.044076
0.044076
0.044076
0.0441834
0.0441834
0
0
0
0.0441834
0.044076
0
0
0
0.044076
0.044076
0.0444444
0.0444444
0.0444444
0.0444444
0.0444444
0
0.044076
0.044076
0.044076
0.0441618
0.0441618
0.0444444
0
0.0444444
0.0444444
0
0
0
0
0.149487
0.149487
0
0
0
0
0
0
0
0
0
0
0
0
0.0452911
0.0453143
0
0
0
0
0.0454194
0.0454194
0.0454194
0
0
0
0.0550899
0.0550899
0.0550899
0
0
0
0.0718885
0.0718885
0.0718885
0
0
0
0
0
0
0
0
0
0
0
0
0
0
0
0
0
0
0
0
0
0
0
0
0
0
0
0
0
0
0
0
0
0
0
0
0
0
0
0
0
0
0
0
0
0
0
0
0
0
0
0
0
0
0
0
0
0
0
0
0
0
0
0
0
0
0
0
0
0
0
0
0
0
0
0
0
0
0
0
0
0
0
0
0
0
0
0
0
0
0
0.0444444
0.0444444
0.0441834
0.0441834
0
0
0.0791188
0.0793676
0
0
0
0
0
0
0.044076
0.044076
0.0443242
0.044076
0.044076
0.0443242
0.0443242
0
0.0443242
0
0
0
0.0443242
0.0443242
0
0
0
0
0
0
0
0
0
0
0
0
0
0
0
0
0
0
0
0
0
0
0
0
0
0
0
0
0
0
0
0
0
0
0
0
0
0
0
0
0
0
0
0
0
0
0
0
0
0
0
0
0
0
0
0
0
0
0
0
0
0
0
0
0
0
0
0
0
0
0
0
0
0
0
0
0
0
0
0
0
0
0
0
0
0
0
0
0
0
0
0
0
0
0
0
0
0
0
0
0
0.0441618
0.0441618
0.0442916
0.0444994
0.0444994
0
0
0
0
0
0
0.0444994
0.0444994
0.0454194
0
0.0456079
0.0456079
0.0456079
0.0456079
0
0
0.0456079
0.0456079
0.0456079
0.0456079
0.0456079
0.0456198
0.0456198
0
0
0
0
0
0.0456079
0
0
0
0
0
0
0
0
0
0
0
0
0
0.0550899
0.0550899
0.0550899
0.0550899
0.0550899
0.0584456
0.0584456
0.0584456
0.0584456
0.0584456
0.0585456
0.0584456
0
0.0604398
0.0860663
0
0.0550899
0.0550899
0
0
0
0
0
0
0
0
0
0
0
0
0.0444444
0.0444444
0.0444444
0.0444444
0.0457989
0.0457989
0
0.0457989
0
0
0
0
0
0
0
0
0
0
0
0.0457989
0.0458229
0.0444444
0.0718885
0.0718885
0.0718885
0
0
0
0.072075
0.0751116
0.0751116
0
0.0751116
0.0751116
0.0751116
0
0.072075
0.0644491
0.0644491
0.0644491
0.0644491
0.0644491
0.0644491
0.0644491
0.097474
0.097474
0.097474
0.097474
0.097474
0.0644491
0.0644491
0.0644491
0.0644491
0
0.0644491
0
0
0
0
0
0
0
0
0
0
0
0
0
0
0
0
0
0
0
0
0
0
0
0
0
0
0
0
0
0
0
0
0
0
0
0
0
0
0
0
0
0
0
0
0
0
0
0
0.0444994
0.0444994
0
0.0444994
0
0
0
0
0
0
0.0453143
0.0453143
0.0447886
0.0447886
0.0443133
0.0443133
0.0443133
0.048593
0.0486937
0.0486937
0.0486937
0.048593
0
0
0.0443133
0
0.0443133
0
0
0
0
0.0444006
0.0432641
0.0432641
0.0432641
0.0432641
0.0432641
0.0432641
0.0432641
0.0432641
0.0911922
0.0432641
0.0424381
0
0
0
0
0
0
0
0.0416486
0.0422483
0.0422483
0.0422483
0.0424763
0
0
0
0
0
0
0
0
0.0419775
0.0419775
0.0419775
0.0419775
0.0419775
0.0419775
0.0419775
0.0419775
0.0419775
0.0419775
0.0419775
0.0419775
0.0419775
0.0419775
0.0419775
0.0424285
0
0.0419775
0.0588745
0.0588745
0.0588745
0.0588745
0.0588745
0.0451409
0.0451409
0
0
0
0.0451409
0.147043
0
0.042305
0.0685189
0.0685189
0.069421
0.0699284
0.0428255
0
0.0419775
0.0419775
0
0
0
0.0419775
0
0
0
0
0
0
0
0
0
0
0
0
0
0
0
0
0
0
0
0
0
0.042419
0.042419
0.0424476
0.042419
0.042419
0.042419
0.042419
0
0.0424285
0.0424955
0
0
0
0
0
0
0
0
0
0
0
0
0
0
0
0
0
0
0
0
0
0
0
0
0
0
0
0
0
0
0
0
0
0
0
0
0
0
0
0
0.0424285
0.0419775
0.0419775
0.0419775
0.0419775
0.0419775
0.0419775
0.0419775
0
0
0
0
0
0
0
0
0
0
0
0
0
0
0
0
0
0
0
0
0
0
0
0
0
0
0
0
0
0
0
0
0
0
0
0.0428255
0
0.0428944
0.0419775
0.0588745
0.0588745
0.0588745
0.0559017
0.0559017
0.0559017
0.0559017
0.0559017
0.065442
0.0614295
0.0741759
0.0614295
0.027759
0.027759
0.027759
0.027759
0.0546562
0.047619
0.047619
0.0482523
0.0482523
0
0.0482523
0.047619
0.027759
0.027759
0.0278181
0
0
0.0277564
0.0277564
0.0277564
0.0473912
0.0473912
0.0473912
0.0277564
0.0277564
0.0277564
0.0277564
0.0277564
0.0277564
0.0277564
0.0473912
0.0473912
0.0473912
0.0546562
0.0425532
0
0
0
0
0
0.047619
0.0276765
0.0276765
0.0276765
0.0276765
0.0410391
0.0537992
0.0537992
0.0537992
0.0537992
0.0537992
0.0537992
0.0537992
0.0537992
0.0537992
0.0599222
0.0599222
0
0
0
0.0599222
0
0.0546562
0
0
0
0
0.196116
0.056366
0
0
0
0
0
0
0
0
0
0
0
0
0
0
0
0
0
0
0
0
0
0
0
0
0
0
0
0
0
0
0
0
0
0
0
0
0
0
0
0
0
0
0
0
0
0
0
0
0.0278612
0.0278612
0.027727
0.027727
0.027727
0.027727
0.027727
0.027727
0.027727
0.027727
0.027727
0.027727
0.027727
0.027727
0.027727
0.027727
0.027727
0.027727
0.027727
0.027727
0.027727
0.027727
0.027727
0
0
0
0.027727
0.027727
0.027727
0.027727
0.027727
0.027727
0.027727
0.027727
0.027727
0.027759
0.027759
0.027759
0.0277644
0.0277644
0.027759
0.027759
0.0277644
0.0278991
0
0
0
0.027759
0.027759
0.027759
0.027759
0.0300658
0.027759
0.0398173
0.027759
0.027759
0
0
0.0299007
0.0299007
0.0299074
0.0299074
0.0299007
0.0299007
0
0
0.029874
0.029874
0.029874
0.029874
0.029874
0.029874
0
0
0
0
0
0.0299007
0.029874
0.029874
0.029874
0.029874
0.029874
0
0.029874
0.029874
0.029874
0.0299409
0.0299409
0.029874
0.029874
0
0.029874
0
0.029874
0.029874
0.029874
0
0.029874
0.029874
0
0
0
0.029874
0.029874
0.029874
0.029874
0.029874
0.029874
0.029874
0.029874
0.029874
0.029874
0.029874
0.029874
0.0299409
0.0299409
0.0299409
0
0.0299409
0.029874
0.029874
0.029874
0.029874
0
0.029874
0.029874
0
0
0
0
0
0
0
0
0
0
0
0
0
0
0
0
0
0
0
0
0
0
0
0
0
0
0
0
0
0
0
0
0
0
0
0
0
0
0
0
0
0
0
0
0
0
0
0
0
0
0
0
0
0
0
0
0
0
0
0
0
0
0
0
0
0
0
0
0
0
0
0
0
0
0
0
0
0
0
0
0
0
0
0
0
0
0
0
0
0
0
0
0
0
0
0
0
0
0
0
0
0
0
0
0
0
0
0
0
0
0
0
0
0
0
0
0
0
0
0
0
0
0
0
0
0
0
0
0
0
0
0
0
0
0
0
0.0280276
0.0280276
0
0.0280276
0.0280276
0.0280276
0
0.0280276
0
0
0
0.0294309
0.0302857
0
0
0
0
0
0
0
0
0
0
0
0
0
0
0.0310236
0
0
0
0
0
0
0
0
0
0
0
0
0.029068
0.029068
0.029068
0
0
0
0
0
0
0
0
0.0421918
0.0421918
0.0421918
0
0
0
0
0
0
0
0
0
0
0
0
0
0
0
0
0
0
0
0
0
0
0
0
0
0
0
0
0
0
0
0
0
0
0
0
0
0
0
0
0
0
0
0
0
0
0
0
0
0
0
0
0
0
0
0
0
0
0
0
0
0
0
0
0
0
0
0
0
0
0
0
0
0
0
0
0
0
0
0
0
0
0
0
0
0
0
0
0
0
0.0279974
0
0
0
0
0
0
0
0
0
0
0
0
0
0
0
0
0
0
0
0
0
0
0
0
0
0
0
0
0
0
0
0
0
0
0
0
0
0
0
0
0
0
0.0280303
0.0280303
0.0280303
0.0280303
0.0280303
0
0
0
0
0
0
0
0.027727
0.027727
0
0
0
0
0
0
0.0279754
0.0279754
0.0279754
0.0279618
0.0279974
0.0279974
0.0279974
0
0.027759
0.0555556
0.0555556
0.0555556
0.0555556
0
0.0555556
0.0563436
0.0555556
0
0
0
0
0
0
0
0
0
0
0.0280994
0
0.0279919
0
0
0
0
0
0
0
0
0
0
0
0
0
0
0
0
0
0
0
0
0
0
0
0
0
0
0
0
0
0
0
0.050637
0
0
0
0
0
0
0
0
0
0
0
0
0
0
0
0
0
0
0
0
0
0
0
0
0
0
0
0
0
0
0
0
0
0
0
0
0
0
0.0278181
0.0278181
0.0278181
0.0278181
0.0278181
0.0278181
0.0278181
0.0278181
0.0278181
0.0278181
0.0278181
0
0
0
0
0
0
0.0277564
0.0277564
0
0
0
0
0
0
0
0
0
0
0
0
0
0
0
0
0
0
0
0
0
0
0
0
0
0
0
0
0
0
0
0
0
0
0
0
0
0
0
0
0
0
0
0.0422106
0.0422106
0.0422106
0.0422106
0.0422106
0.0422106
0
0
0.0555341
0.0557278
0.0557278
0.0422106
0.0449921
0.0449921
0.0449921
0.0439799
0.0439906
0.417029
0.417029
0
0.417029
0.417029
0.417029
0
0.417029
0.417029
0.516398
0.417029
0.0505883
0.0505883
0
0
0
0
0
0
0
0
0.0505883
0.0422106
0.0422106
0.0422106
0.0422106
0.0422106
0.0422106
0.0422106
0.0422106
0.0425532
0.0425532
0.0422106
0.0425532
0.0425532
0.0422106
0.0422106
0.0422106
0.0422106
0.0422106
0.0422106
0.042305
0.0422106
0.0422106
0.0422106
0.069421
0.069421
0.0426984
0.047023
0.0426984
0.0440867
0
0
0
0
0
0
0.0524142
0.0524142
0.0444994
0.0477682
0.0422106
0.0422106
0
0
0
0
0.0441618
0.0441618
0
0
0
0
0
0
0
0
0.0867926
0.0422106
0.0867926
0.0867926
0
0
0
0
0
0
0
0
0
0
0.0867926
0.0871214
0.0867926
0.0464238
0.0458349
0.0458349
0.0458349
0.0472852
0.0479051
0.133038
0
0
0
0
0
0
0
0
0
0
0
0
0
0
0
0.045847
0.042419
0.042419
0.042419
0
0
0
0
0.0524142
0.0524142
0.0524142
0
0
0
0
0
0.052577
0.052577
0.0524142
0.0440867
0.0440867
0.0440867
0.0440867
0.0440867
0.0440867
0.0440867
0.0449921
0.0440867
0
0
0
0
0
0
0
0
0
0
0
0
0.0524142
0.0524142
0
0
0
0
0
0
0.0560552
0.0560552
0.0713831
0.0713831
0.0713831
0.0713831
0
0
0
0
0.0560552
0.0524142
0.042679
0.042679
0
0
0
0
0
0
0.042679
0.042679
0
0.042679
0.042679
0.042679
0.042679
0.042679
0.042679
0
0
0
0
0
0.042679
0.0426984
0.0426984
0
0
0
0
0
0
0.0426984
0.042679
0.0426984
0.042679
0
0
0
0
0
0
0
0
0
0
0
0
0
0
0
0
0
0
0
0
0
0
0
0
0
0
0
0
0
0
0
0
0
0.0427276
0.0427276
0.0427081
0.0427081
0.0427081
0.0427276
0.0427276
0.0452679
0.0427081
0.0427081
0.0427081
0.0427081
0
0
0
0.0427081
0.0483227
0.0483227
0.0483227
0.0427179
0.0434475
0.0427179
0.0427179
0.0427179
0.0440119
0.0440119
0.0440119
0.0855138
0.0463117
0.0427179
0.0435917
0.0435917
0.045396
0.045396
0.0427081
0
0
0
0
0
0
0.0447998
0.048636
0.0671534
0
0.0679236
0
0.0915737
0.069421
0.069421
0
0
0
0
0
0
0
0
0
0.069421
0.069421
0
0
0
0
0
0
0.069421
0.069421
0
0.069421
0.069421
0
0
0
0
0.069421
0
0
0
0
0
0
0
0
0
0
0
0
0
0
0
0
0.0447998
0.0447998
0.0447998
0.0447998
0.0447998
0.0447998
0
0
0
0
0
0
0.0447998
0.0447998
0
0.0447998
0.123325
0.143592
0.123325
0.0451064
0.0451064
0.0469065
0.0451064
0
0.0451064
0.0455369
0.0455369
0.0465494
0.0465494
0.0466126
0.0455369
0.0455369
0
0
0
0
0
0
0
0.0451064
0.0452795
0.0452795
0.0453609
0.0453609
0
0.0422106
0.143592
0.143592
0.143592
0.143592
0.143592
0.143592
0.143592
0.181071
0
0
0
0
0
0
0
0.0422106
0.0269582
0.0269582
0.0269582
0.0269582
0.0269582
0.0420889
0
0.0420889
0
0
0
0
0.0269582
0
0
0
0
0
0
0
0
0
0
0
0
0
0
0
0
0
0
0
0
0
0
0
0
0.0279454
0.0279454
0.0279454
0.0279454
0.0279454
0.0279454
0.0279454
0.0279454
0.0331588
0.0279454
0.0279454
0.0279454
0.0279454
0.0279454
0
0
0
0
0
0
0
0
0.0279481
0.0279481
0.0279481
0.0279481
0.0279481
0.0279481
0
0
0.0279481
0
0
0
0
0
0
0
0
0
0
0
0
0
0
0
0
0
0
0
0
0
0
0
0
0
0
0.0432742
0.0432742
0.0432742
0.0432742
0.0432742
0.0432742
0.0432742
0
0
0
0
0
0
0
0
0
0
0
0
0
0
0
0
0
0
0
0
0
0
0
0
0
0
0
0
0
0
0.0385472
0.0339912
0
0
0.0432742
0.0279481
0.0279481
0.0279481
0
0
0
0.0279481
0.0279481
0.0280029
0.0279481
0.0279481
0.0279536
0.0309122
0.0309122
0.0279536
0.0279727
0.0279727
0.0279727
0.0279727
0.0279536
0.0279536
0.0279536
0.0309122
0.0309122
0.0309122
0.0309122
0.0309122
0.032423
0.0309122
0.0309122
0.0309122
0
0.0309122
0.0309122
0.0309122
0.0309122
0.0309122
0.0309122
0.0309122
0
0
0
0
0
0.0279481
0.0279481
0.0279481
0.0279481
0.0333844
0.0279481
0.0415496
0.0415496
0.0415496
0.0415496
0.0431431
0.0415496
0.0279481
0.0331588
0.0279481
0.0320462
0.0279481
0.0279481
0.0279481
0.0320462
0.0320462
0.0326294
0.0323677
0.0323677
0.0323677
0.0323677
0.0323677
0.0323677
0
0
0
0
0
0
0
0
0
0
0
0
0
0
0
0.0280029
0.0280029
0
0
0
0
0
0
0
0
0
0
0
0
0.0278991
0.0278991
0.0278991
0.0278991
0
0
0
0
0
0
0
0
0
0
0
0
0
0.027759
0.027759
0.027759
0.027759
0.027759
0.027759
0.056366
0.056366
0
0.063214
0.063214
0.056366
0
0
0
0
0
0.0279672
0
0.0294309
0.0302857
0
0
0
0.0294054
0.0294054
0.0567962
0.057663
0.0567962
0.0294054
0
0
0
0
0
0
0
0
0
0
0
0
0
0
0
0.0277644
0.0277644
0.0277644
0
0
0
0
0
0
0
0
0
0
0
0
0
0
0
0
0
0
0
0
0
0
0
0
0
0
0
0
0
0
0
0
0
0
0
0
0
0
0
0
0
0
0
0
0
0
0
0
0
0
0
0
0
0
0
0
0
0
0
0
0
0
0
0
0
0
0
0
0
0
0
0
0
0
0
0
0
0
0
0
0
0
0
0
0
0
0
0
0
0
0
0
0
0
0
0
0
0
0
0
0
0
0
0
0
0
0
0
0
0
0
0
0
0
0
0
0
0
0
0
0
0
0
0
0
0
0
0
0
0
0
0
0
0
0
0
0
0
0
0
0
0
0
0
0
0
0
0
0
0
0
0
0
0
0
0
0
0
0
0
0
0
0
0
0
0
0
0
0
0
0
0
0
0
0
0
0
0
0
0
0
0
0
0
0
0
0
0
0
0
0
0
0
0
0
0
0
0
0
0
0
0
0
0
0
0
0
0
0
0
0
0
0
0
0
0
0
0
0
0
0
0
0
0
0
0
0
0
0
0
0
0
0
0
0
0
0
0
0
0
0
0
0
0
0
0
0
0
0
0
0
0
0
0
0
0
0
0
0
0
0
0
0
0
0
0
0
0
0
0
0
0
0.0279618
0.02797
0
0
0
0
0
0
0
0
0
0
0
0
0
0
0
0
0
0
0
0
0
0
0
0
0
0
0
0
0
0
0
0
0
0
0
0.0269582
0.0269582
0.0269582
0.0269582
0.0269582
0.0269582
0.0269582
0.0269582
0.0269582
0.0269582
0.0269582
0.0269582
0.0269582
0.0269582
0.0269582
0.0269582
0.0269582
0
0
0
0.0421918
0.0455606
0.0269582
0.0269582
0.0269582
0.0269582
0.0269582
0.0269582
0.0269582
0.0269582
0.0269582
0.0269582
0.0269582
0.0269582
0.0269582
0.0269582
0.0269582
0.0269582
0.0269582
0.0269582
0.0269582
0.0269582
0.0269582
0.0269582
0.0269582
0.0269582
0.0269582
0.0269582
0.0269582
0.0269582
0.0269582
0.0269582
0.0269582
0.0269582
0.0269582
0.0269582
0.0269582
0.0269582
0.0269582
0.0269582
0.0269582
0.0269582
0.0269582
0.0269582
0.0269582
0.0269582
0.0269582
0.0269582
0.0269582
0.0269582
0.0269582
0.0269582
0.0269582
0.0269582
0.0269582
0.0269582
0.0269582
0.0269582
0.0269582
0.0269582
0.0269582
0.0269582
0.0269582
0.0269582
0.0269582
0.0269582
0.0269582
0.0269582
0.0269582
0.0269582
0.0269582
0.0269582
0.0269582
0.0269582
0.0269582
0.0269582
0.0269582
0.0269582
0.0269582
0.0269582
0.0269582
0.0269582
0.0269582
0.0269582
0.0269582
0.0269582
0.0269582
0.0269582
0.0269582
0.0269582
0.0269582
0.0269582
0.0269582
0.0269582
0.0269582
0.0269582
0.0269582
0.0269582
0.0269582
0.0269582
0.0269582
0.0269582
0.0269582
0.0269582
0.0269582
0.0269582
0.0269582
0.0269582
0.0269582
0.0269582
0.0269582
0.0269582
0.0269582
0.0269582
0.0269582
0.0269582
0.0269582
0.0269582
0.0269582
0.0269582
0.0269582
0.0269582
0.0269582
0.0269582
0.0269582
0.0269582
0.0269582
0.0269582
0.0269582
0.0269582
0.0269582
0.0269582
0.0269582
0.0269582
0.0269582
0.0269582
0.0269582
0.0269582
0.0269582
0.0269582
0.0269582
0.0269582
0.0269582
0.0269582
0.0269582
0.0269582
0.0269582
0.0269582
0.0269582
0.0269582
0.0269582
0.0269582
0.0269582
0.0269582
0.0269582
0.0269582
0.0269582
0.0269582
0.0269582
0.0269582
0.0269582
0.15162
0.15162
0.0269582
0.0269582
0.0269582
0.0269582
0.0269582
0.0269582
0
0
0
0
0
0
0.0269582
0
0.0269582
0.0269582
0.0269582
0.0269582
0.0269582
0.0269582
0
0
0
0
0
0
0
0
0
0
0
0
0
0
0
0
0
0
0
0
0
0
0
0
0
0
0
0
0
0.129369
0
0
0
0
0
0.0452679
0
0.0452679
0.0452679
0.333333
0.333333
0.333333
0
0
0
0
0.0394745
0
0.0394745
0.0269582
0.0269582
0.0278477
0
0
0
0.0427863
0.0427863
0.177471
0.177471
0.177471
0.0427863
0.0421918
0.188144
0.188144
0.0421918
0.0421918
0.0421918
0.0421918
0.0421918
0.0421918
0.0421918
0
0.0423524
0.0421918
0.0269582
0.0269582
0.0485643
0.0455606
0.0280303
0
0.0269582
0.0269582
0.0269582
0.0269582
0.0421731
0.0421731
0.0421731
0.0421731
0
0.0269582
0.0269582
0
0
0
0.0269582
0
0
0
0
0
0
0
0.0269582
0.0269582
0.0269582
0.0269582
0.0269582
0.0269582
0.0269582
0.0269582
0.0269582
0.0269582
0.0269582
0.0269582
0.0269582
0
0
0
0.0269582
0
0
0
0
0
0.0269582
0.0750059
0.0750059
0.0750059
0.0438529
0
0
0
0.160128
0.160128
0.160128
0
0.0431934
0
0
0
0.0431934
0
0
0
0
0
0
0
0.0431934
0
0.0467014
0
0
0
0
0.0488532
0
0.0485214
0
0.125
0.125
0.125
0.125
0.125
0
0
0.0434577
0.0434577
0
0.0434577
0
0.0434577
0.0456912
0.0456912
0
0
0
0
0
0.0456912
0.0451179
0
0
0
0
0
0
0
0
0
0
0
0
0
0
0
0
0
0
0
0
0
0
0
0
0
0
0
0
0
0
0
0
0
0
0
0
0
0
0
0
0
0
0
0
0
0
0.0444444
0.0444444
0.0444444
0.0426595
0.0426595
0.0426595
0
0
0
0
0
0
0
0
0
0
0
0
0
0
0
0
0
0
0
0
0
0
0
0.02797
0.02797
0.02797
0.02797
0.02797
0.0279974
0.0279974
0.0279974
0
0
0
0
0
0
0
0.0279974
0.0279974
0
0
0.0279974
0.0279974
0.0279974
0.0279974
0
0
0.0279974
0
0.0280303
0.0279974
0.0279974
0.0279427
0.0279427
0.0279427
0.0279427
0.0279427
0.0279427
0.0279427
0.0279782
0
0
0.0279427
0.0279427
0
0.0279427
0.0279427
0
0
0.0279427
0
0
0
0
0
0
0
0
0
0
0
0
0
0
0
0
0
0
0
0
0
0
0
0
0
0
0
0
0
0
0
0
0
0
0
0
0
0
0
0
0
0
0
0
0
0
0
0
0
0
0.0279427
0
0
0
0
0
0.0279427
0
0
0
0
0
0
0
0
0
0
0
0
0
0
0
0
0
0
0
0
0
0
0
0
0
0
0
0
0
0
0
0
0
0
0
0
0.0416667
0.0416667
0.0400561
0.0400561
0.0400561
0.0400561
0.0409358
0.0416667
0
0.0409358
0.0409358
0.0409358
0.0400561
0.0400561
0.0400561
0.0400561
0.0400561
0.0400561
0
0
0
0
0.0406055
0.0406055
0
0
0
0
0
0
0
0.0406055
0.0376222
0.0376222
0.0376222
0
0
0.0378032
0.0378032
0.0378032
0.0378032
0.0378032
0.0378032
0
0
0
0
0
0
0
0
0
0
0.037939
0.0378032
0.0378032
0
0
0.0414158
0.0414158
0.0378032
0.0378032
0.0378032
0.0378032
0.0378032
0
0
0
0
0
0
0
0.0378032
0
0
0
0
0
0
0
0
0
0.0383624
0.0383624
0.0383624
0.0383624
0.0389471
0
0.0391181
0.0383624
0
0
0.040996
0
0.040996
0.040996
0.040996
0.040996
0.040996
0.0400561
0
0.0400561
0.0400561
0.0400561
0.0400561
0.0400561
0
0
0
0
0
0
0
0
0
0
0
0
0
0
0
0
0
0
0
0
0
0
0
0
0
0
0
0
0
0
0
0
0
0
0.0376222
0.0376222
0
0.0400561
0.0376222
0.0376222
0.0400561
0.0400561
0.0400561
0
0
0.0378032
0.0378032
0
0.0378032
0
0
0
0
0
0
0
0
0
0
0
0
0
0
0
0
0
0
0
0
0
0
0
0
0
0
0
0
0
0
0
0
0.0425532
0.0425532
0.0425532
0.0425532
0.0425532
0.0425532
0.0425532
0.0425532
0.0425532
0.0317181
0.0317181
0.0317181
0.0317181
0.0317181
0.0403649
0.0394515
0
0
0
0
0
0
0
0
0
0
0.0475248
0.0748481
0
0
0.0514856
0.0514856
0.0424572
0.0447886
0
0.07698
0.07698
0.07698
0.0422106
0.0422106
0.0422106
0.0428255
0
0
0
0
0
0
0
0
0
0
0
0
0.0368043
0.0366495
0.0366495
0.0366495
0.0366495
0.0366495
0.0366495
0.0366495
0.0366495
0.0368043
0.0368043
0
0
0
0.0422294
0.0422294
0
0
0
0
0
0
0
0
0
0
0
0
0
0
0
0
0
0
0
0
0
0
0
0
0
0
0
0
0
0
0.0400481
0.0400481
0
0.0400481
0
0.039637
0.0413714
0
0.0448674
0
0
0
0
0.0397307
0
0
0.04855
0
0.0373197
0
0.0373392
0
0.0371647
0.0372872
0.0372872
0.0436748
0.0436748
0.0436748
0.0369421
0.0376622
0
0
0
0.036999
0.0376755
0
0
0
0
0
0
0
0
0
0
0
0
0
0
0
0
0
0
0
0
0
0
0
0
0
0
0
0
0
0
0
0
0
0
0
0
0
0
0
0
0
0
0
0
0
0
0
0
0
0
0
0
0
0
0
0
0
0
0
0
0
0
0
0
0
0
0
0
0
0
0
0
0
0
0
0
0
0
0
0
0
0
0
0.045727
0.045727
0.045727
0.045727
0.045727
0.045727
0
0
0
0
0
0
0
0
0
0
0
0.0372613
0.0461266
0
0.0462621
0
0
0
0.0471012
0.0444444
0.0584955
0.0472192
0.0425918
0.0428746
0
0.0448787
0.0449013
0.0467269
0.0467525
0
0
0.328798
0.342997
0.0433963
0
0.0433963
0.0433963
0.0433963
0
0
0
0.0387419
0.0388514
0.0388514
0.041487
0.0387419
0.0458229
0.0465746
0
0.365148
0.0439269
0.0447214
0.0465746
0.342997
0.218218
0.218218
0.0413892
0
0
0
0.0414781
0
0
0
0
0
0
0
0
0.0443569
0
0
0
0
0
0
0
0
0.0415676
0
0
0
0
0
0
0
0.0451754
0.0452563
0
0.0579042
0.0579528
0
0
0.100504
0.100504
0
0
0
0
0
0
0
0
0
0
0
0
0
0.0373002
0
0
0
0.0373002
0.0373002
0.0444444
0.0589512
0.0463988
0
0
0
0
0
0
0
0
0
0
0
0
0
0
0
0
0
0
0
0
0
0
0
0
0
0
0
0
0
0.0280773
0.0280773
0.0280773
0
0
0
0
0.0280773
0.0280773
0.0280773
0.0280773
0.0280773
0.0280773
0.0280773
0.0280773
0
0.0281328
0
0
0
0
0
0
0
0
0
0
0
0
0
0
0
0
0
0
0
0
0
0
0
0
0
0
0
0
0
0
0
0
0
0
0
0
0
0
0
0
0
0
0
0.0298607
0.0298607
0.0298607
0.0422012
0
0
0.042061
0
0
0
0
0
0
0
0
0
0
0
0
0
0
0
0
0.027759
0.027759
0.027759
0.027759
0.027759
0.027759
0.027759
0
0
0
0
0
0
0
0
0
0
0
0
0
0
0
0
0
0
0
0
0
0
0
0
0
0
0
0
0.0277564
0.0277564
0.0277564
0.0277564
0.0277564
0.0277564
0.0277564
0
0
0
0
0
0
0
0
0
0
0
0
0
0
0
0
0
0
0
0
0
0
0
0
0
0
0
0
0
0
0
0
0
0
0
0
0
0
0
0
0
0
0
0
0
0
0
0
0
0
0
0
0
0
0
0
0
0
0.0298408
0.0298408
0.0298408
0.0298408
0.0298408
0.0298408
0.0298408
0
0
0
0
0
0
0
0
0.0298641
0.0298641
0
0
0.0298607
0.0298607
0.0298607
0
0
0
0
0
0
0
0
0
0
0
0
0
0
0
0
0
0
0
0
0
0
0
0
0
0
0
0
0
0
0
0
0
0
0
0
0
0
0.0298607
0
0
0
0
0
0
0
0
0
0
0
0
0
0
0
0
0
0
0
0
0
0
0
0
0
0
0
0
0
0
0
0
0
0
0
0
0
0
0.0279427
0.0279427
0.0279427
0
0
0
0
0.0279427
0
0
0.0279782
0
0
0
0.0277564
0
0.0277564
0.0277564
0.0277564
0.0277564
0
0.0400561
0.0400561
0.0400561
0.0400561
0.0400561
0.0400561
0.0400561
0.0400561
0.0400561
0.0400561
0.0400561
0.0400561
0.0400561
0.0400561
0.0400561
0.0400561
0.0400561
0.0400561
0.0400561
0
0
0
0
0
0
0.0400561
0.0400561
0
0.0400561
0.0400561
0.0400561
0.0400561
0.0400561
0.0400561
0.0400561
0.0400561
0
0.0400561
0.0400561
0.0400561
0.0400561
0.0400561
0.0400561
0.0400561
0.0400561
0.0400561
0.0428255
0
0
0.0448336
0
0
0.0400561
0.0400561
0
0
0
0
0
0.0404722
0
0
0
0.0400802
0.0400561
0
0
0
0
0
0
0
0
0
0
0
0
0
0
0.0400561
0.0400561
0
0
0.0414335
0.0414335
0
0
0
0
0
0
0
0
0
0
0
0
0
0
0
0.0471012
0.0471012
0
0
0
0
0
0
0
0
0
0
0
0
0
0
0
0
0
0
0
0
0
0
0
0
0
0
0
0
0
0
0
0
0
0
0
0
0
0
0
0
0
0
0
0
0
0
0
0
0
0
0
0
0
0
0
0
0
0
0
0
0
0.0400561
0.0400561
0
0.0400561
0.0400561
0.0455016
0.0400561
0.0400802
0.0423999
0.0400561
0.0400722
0
0.0401125
0
0.0400561
0
0
0
0
0
0.0414335
0.0414335
0.0414335
0
0
0
0
0
0
0
0
0
0
0
0
0
0
0
0
0
0
0
0
0
0
0
0
0
0
0
0
0
0
0
0
0
0
0
0
0
0
0
0
0
0
0
0
0
0
0
0
0
0
0
0
0
0
0
0
0
0
0
0
0.0471012
0.0471012
0.0471012
0.0400883
0
0.039992
0.039992
0.040032
0.040032
0
0
0
0
0
0
0
0
0
0
0
0
0
0
0
0
0
0
0
0
0
0
0
0
0
0
0.0400401
0.0400401
0.0472719
0.0400401
0.0406726
0.0400642
0.0400401
0
0
0
0
0
0.0400401
0.0400561
0.0400561
0.0400561
0.0400561
0.0402422
0
0
0
0
0
0
0
0
0
0
0
0
0
0
0
0
0.0404805
0
0
0
0
0
0
0
0
0
0
0
0
0
0
0.0401772
0.0412744
0
0.0402178
0.0406055
0.0415049
0.0453376
0
0
0
0
0
0
0
0
0
0
0
0
0
0
0
0
0
0
0
0
0.0400561
0.0400561
0.0400561
0.0400561
0.0400561
0.0400561
0
0
0
0
0
0
0
0
0
0
0
0
0
0
0
0
0
0
0
0
0
0
0
0
0
0
0
0
0
0.04222
0.04222
0.04222
0.04222
0.04222
0.04222
0.04222
0
0
0
0
0
0
0
0
0
0
0
0
0
0
0
0
0
0
0
0
0
0
0
0
0
0
0
0
0
0
0
0
0
0
0
0
0
0
0
0
0
0
0
0
0
0
0
0
0
0
0
0
0
0
0
0
0
0
0
0
0
0
0
0
0
0
0
0
0
0
0
0
0
0
0
0
0
0
0
0
0
0
0
0
0
0
0
0
0
0
0
0
0
0
0
0
0
0
0
0
0
0
0
0
0
0
0
0
0
0
0
0
0
0
0
0
0
0
0
0
0
0
0
0
0
0
0
0
0
0
0
0
0
0
0
0
0
0
0
0
0
0
0
0
0
0
0
0
0
0
0
0
0
0
0
0
0
0
0
0
0.027759
0.056366
0
0
0
0.056366
0
0.056366
0.056366
0.056366
0.0565008
0.0565008
0
0.0565008
0
0
0
0.056366
0.056366
0.056366
0
0.056366
0
0.056366
0
0.056366
0.056366
0.056366
0.471405
0.056366
0
0.056366
0
0.056366
0.056366
0.056366
0.056366
0.056366
0
0
0
0
0
0.0277564
0.0277564
0.0277564
0
0
0
0
0
0
0
0
0
0
0
0
0
0
0
0
0
0
0
0
0
0
0
0
0
0
0
0
0
0
0
0
0
0
0
0
0
0
0
0
0
0
0
0
0
0
0
0
0
0
0
0
0
0
0
0
0
0
0
0
0
0
0
0
0
0
0
0
0
0
0
0
0
0
0
0
0
0
0
0
0
0
0
0
0
0.0424955
0
0
0.0424955
0.0424955
0.0424955
0.0424955
0.0424955
0.0424955
0.0424955
0.0424955
0.0424955
0.0424955
0
0
0
0
0.0424955
0.0424955
0.0424955
0.0424955
0
0.0424955
0.0773245
0.0424955
0.0424955
0.0424955
0.0424955
0.0424955
0.0424955
0.0424955
0.0424955
0.0432844
0.0424955
0
0.0424955
0.0424955
0.0424955
0.0424955
0.0424955
0.0424955
0.0424955
0.0424955
0.0424955
0.0424955
0.0424955
0.0424955
0.0424955
0
0
0
0
0
0
0
0
0
0
0
0
0
0
0
0
0
0
0
0
0
0
0
0.0424955
0.0424955
0.0424955
0.0424955
0
0
0.0427765
0.0427765
0.0446211
0.0446211
0
0
0
0
0
0
0.0872041
0.0872041
0.0705346
0.0705346
0
0
0
0
0
0
0
0
0
0.147043
0.147043
0
0
0
0
0
0
0
0
0
0
0
0
0
0
0
0
0
0.0434783
0.0434783
0.0477546
0
0
0.0481683
0.0481683
0
0.0424955
0.0424955
0.0424955
0.0477546
0.0477546
0.0487515
0.0477546
0.0424955
0
0
0
0
0
0
0
0
0
0
0
0
0
0.0435607
0.0435607
0.0544533
0.0544533
0.0544533
0
0.0544533
0.0544533
0.0732743
0.0544533
0.0544533
0.07698
0.07698
0.07698
0.0451524
0.0451524
0.0451524
0.0451524
0.0451524
0.0435607
0.0451524
0.0451524
0.0451524
0.0451524
0
0.0451524
0
0.045847
0
0
0
0
0
0
0
0.045847
0.0477546
0.0477546
0.0477546
0.0477546
0.0449013
0.0449013
0.0449013
0.0449013
0.0449013
0.0456198
0.120824
0.0456079
0.0427765
0.0427765
0.0427765
0.0427765
0.0560552
0.0560552
0.0560552
0.0428746
0.0428746
0.0429636
0.0429636
0.0429636
0.0429636
0.0429934
0.0429934
0
0.0428746
0.0428746
0
0
0
0.0872041
0.0872041
0.0872041
0.0872041
0
0.0872041
0.0872041
0
0.0872872
0
0
0
0
0
0
0
0
0.0872872
0
0
0
0
0
0
0
0
0
0
0
0
0
0
0
0
0
0
0
0
0
0
0
0
0
0
0
0
0
0
0
0
0
0
0
0
0
0.0705346
0.0705346
0.0705346
0.0705346
0.0705346
0.0747958
0.0747958
0.0747958
0.0747958
0.0747958
0
0.0705346
0.0705346
0.0705346
0.0705346
0.0705346
0.0705346
0.0712923
0
0
0
0
0
0
0
0
0
0
0
0
0
0
0
0
0
0
0
0
0
0
0
0
0
0.0747958
0.0747958
0.0747958
0.0972433
0.0972433
0
0
0
0
0
0
0
0.0972433
0.0972433
0.0747958
0.0747958
0.0754314
0
0
0
0
0
0
0
0
0
0
0
0
0
0
0
0
0
0
0
0
0
0
0
0
0
0
0
0
0
0
0
0
0
0
0
0
0
0
0
0
0
0
0
0
0
0
0
0
0
0
0
0
0
0
0
0
0
0
0
0.042796
0.042796
0.042796
0
0
0
0
0
0
0
0.0446211
0.0446211
0.0446211
0.0446211
0.0446211
0.0445657
0.0446322
0.0446322
0.0446322
0
0
0.0445657
0.0446211
0.0446211
0.0446211
0.0450949
0.0450949
0.0450949
0
0.0450949
0
0
0
0
0
0
0
0
0
0
0
0
0
0
0
0
0
0
0
0
0
0
0
0
0
0
0
0
0
0
0
0
0
0
0
0
0
0
0
0
0.0679628
0
0.0679628
0
0.0679628
0.0679628
0.0431331
0.0431331
0
0.0431632
0.0436124
0.0424955
0.0424955
0.0424955
0.0424955
0.0424955
0.0424955
0.0424955
0.0424955
0.0424955
0.0424955
0.0424955
0.0424955
0.0424955
0.0424955
0
0
0
0.0424955
0.0424955
0.0424955
0.0424955
0.0424955
0.0424955
0.0424955
0.0424955
0
0.0424955
0.0424955
0.0424955
0.0424955
0.0424955
0.0424955
0.0424955
0.0424955
0.0424955
0.0424955
0.0424955
0.0424955
0.0424955
0.0409702
0.0409702
0.0409702
0.0409702
0.0409702
0.0409702
0
0.0409702
0.0409702
0
0
0
0
0.0409702
0.0409702
0.0409702
0.0409702
0.0409702
0.0409702
0
0.0409702
0.0409702
0.0409702
0.0409702
0.0410737
0.0410737
0.0410737
0.0410824
0.0410737
0.0409702
0.0409702
0.0409702
0.0417029
0.0409702
0
0
0
0
0
0
0
0
0
0
0
0
0
0
0
0
0
0
0
0
0
0
0
0
0
0
0
0
0
0
0
0
0
0
0
0
0
0
0
0
0
0
0
0
0
0
0
0
0
0
0
0
0
0
0
0
0
0
0
0
0
0
0
0
0
0
0
0
0
0
0
0
0.365148
0.365148
1
1
0
0
0
0
0.0277644
0.0277644
0.0277644
0.0277644
0.0277644
0.0277644
0.0277644
0
0
0
0
0
0
0
0
0
0
0
0
0
0
0
0
0
0
0
0
0
0
0
0
0
0
0
0
0.0277644
0.0277644
0.0277644
0.0277644
0.0277644
0.0277644
0
0
0
0
0
0
0
0
0
0
0
0
0
0
0
0
0
0
0
0
0
0
0
0
0
0
0
0
0
0
0
0
0
0
0
0
0
0
0
0
0
0
0
0
0
0
0
0
0
0
0
0
0
0
0
0
0
0
0
0
0
0
0
0
0
0
0
0
0
0
0
0
0
0
0
0
0
0
0
0
0
0
0
0
0
0
0
0
0
0
0
0
0
0
0
0
0
0
0
0
0
0
0
0
0
0
0
0
0
0
0
0
0
0
0
0
0
0
0
0
0
0
0
0
0
0
0
0
0
0
0
0
0
0
0
0
0
0
0
0
0
0
0
0
0
0
0
0
0
0
0
0
0
0
0
0
0
0
0
0.0440119
0.0440119
0.0440119
0.0440119
0.0450263
0.0450263
0.0440119
0.0440119
0.0440119
0.0440119
0.0440119
0.0440974
0
0.0440974
0.044205
0.0442374
0.0442374
0.0442591
0.0442374
0.0442374
0
0.0442374
0.0673054
0.0451754
0.0451754
0.0549442
0.0452331
0.0452331
0.0453609
0.0454311
0.0454311
0
0.0454311
0.0472719
0.0472719
0.0472719
0.0472719
0.0472852
0.0472719
0.0472719
0.0472719
0.0440119
0.0448111
0.0448336
0.045859
0.0460044
0.0460044
0.0460044
0
0
0.0461757
0
0.0448336
0.0269582
0.0269582
0.0269582
0.0269582
0.0269582
0.0269582
0.0269582
0.0269582
0.0269582
0.0269582
0.0269582
0.0269582
0.0269582
0.0269582
0.0269582
0.0269582
0.0269582
0.0269582
0.0269582
0.0269582
0.0269582
0.0269582
0.0269582
0.0269582
0.0269582
0.0269582
0.0269582
0.0269582
0.0269582
0.0269582
0.0269582
0.0269582
0.0269582
0.0269582
0.0269582
0.0269582
0.0269582
0.0269582
0.0269582
0.0269582
0.0269582
0.0269582
0.0269582
0.0269582
0.0269582
0.0269582
0.0269582
0.0269582
0.0269582
0.0269582
0.0269582
0.0269582
0.0269582
0.0269582
0.0269582
0
0
0
0
0
0
0
0
0.027759
0.027759
0.027759
0.027759
0.0300658
0.0300658
0.027759
0.027759
0.0300658
0.027759
0.027759
0.027759
0.027759
0.027759
0.027759
0.027759
0.027759
0.027759
0.054413
0.054413
0.054413
0
0.0544735
0.0559454
0.047741
0.047741
0.047741
0.047741
0
0.0477546
0
0.0477546
0.0477546
0
0
0
0
0
0
0
0
0
0.027727
0
0
0
0
0
0
0
0
0
0
0
0
0
0
0
0.0278423
0.0278423
0.0278423
0.0278423
0
0
0
0
0
0
0
0
0
0
0
0
0
0
0
0
0
0
0
0
0
0
0
0
0
0
0
0
0
0
0
0
0
0
0
0
0
0
0
0
0
0
0
0
0
0
0
0
0
0
0
0
0
0
0
0
0
0
0
0
0
0
0
0
0
0
0
0
0
0
0
0
0
0
0
0
0
0
0
0
0
0
0
0
0
0
0
0
0
0
0
0
0
0
0
0
0
0
0
0
0
0
0
0
0
0
0
0
0
0
0
0
0
0
0
0
0
0
0
0
0
0
0
0
0
0
0
0
0
0
0
0
0
0
0
0
0
0
0
0
0
0
0
0
0
0
0
0
0
0
0
0
0
0
0
0
0
0
0
0
0
0
0
0
0
0
0
0
0
0
0
0
0
0
0
0
0
0
0
0
0
0
0
0
0
0
0
0
0
0
0
0
0
0
0
0
0
0
0
0
0
0
0
0
0
0
0
0
0
0
0
0
0
0
0
0
0
0
0
0
0
0
0
0
0
0
0.0360083
0
0
0.0376089
0
0
0
0
0
0
0
0
0
0
0
0
0
0
0
0
0
0
0
0
0
0
0
0
0
0
0
0
0
0
0
0.0313381
0
0.0313381
0
0
0
0
0
0
0
0
0
0
0
0
0
0
0
0
0
0
0
0.031005
0.0307911
0.0307911
0.0307911
0.0330952
0
0
0
0
0
0
0
0
0
0
0
0
0
0
0
0
0
0
0
0
0
0
0
0
0
0
0
0
0
0
0
0
0
0
0
0
0
0
0
0.0336384
0
0.0308717
0
0
0
0
0
0
0
0
0
0
0
0
0
0
0
0
0
0
0.0281105
0
0
0
0
0
0
0
0
0
0
0
0
0
0
0
0
0
0
0
0
0
0
0
0
0
0
0
0
0
0
0
0
0
0
0
0
0
0
0
0
0
0
0
0
0
0
0
0
0
0
0
0
0
0
0
0
0
0
0
0
0
0
0
0
0
0
0
0
0
0
0
0
0
0
0
0
0
0
0
0
0
0
0
0
0
0
0
0
0
0
0
0
0
0
0
0
0
0
0
0
0
0
0
0
0
0
0
0
0
0
0
0
0
0
0
0
0
0
0
0
0
0
0
0
0
0
0
0
0
0
0
0
0
0
0
0
0
0
0
0
0
0
0
0
0
0
0
0
0
0
0
0
0
0
0
0
0
0
0
0
0
0
0
0
0
0
0
0
0
0
0
0
0
0
0
0
0
0
0
0
0
0
0
0
0
0
0
0
0
0
0
0.028105
0.028105
0.0341146
0.0281105
0
0.0281105
0.0317181
0.0317181
0.0317181
0.0319765
0.0319765
0.0317181
0.0325645
0.0317181
0.0309122
0.0309122
0.0309122
0
0
0
0
0
0.0309122
0
0
0
0
0
0
0
0
0
0
0
0
0
0
0
0
0
0
0
0
0
0
0
0
0
0
0
0
0
0
0.0426984
0.0426984
0.0426984
0.0426984
0.0426984
0.0426984
0.0426984
0.0426984
0.0426984
0.0426984
0.0426984
0.0426984
0.0426984
0.0426984
0.0426984
0.0450149
0.0450149
0
0.0426984
0.0426984
0.0426984
0.0426984
0.0426984
0.0426984
0.0426984
0.0426984
0.0426984
0.0426984
0.04598
0.04598
0.04598
0
0.04598
0.0426984
0
0
0
0
0.0424955
0.0424955
0.0424955
0.0424955
0.0424955
0.0424955
0.0424955
0
0.0424955
0.0424955
0.0424955
0
0
0
0
0
0
0
0
0
0.0279399
0
0
0
0
0
0
0
0
0
0
0
0
0
0
0
0
0
0
0
0
0
0
0
0
0.0277564
0
0
0
0
0
0
0
0
0
0
0
0
0
0
0
0
0
0
0
0
0
0
0
0
0
0
0
0
0
0
0
0
0
0
0
0
0
0
0
0.0279919
0.0279919
0.0279919
0.0279919
0.0279919
0.0279919
0.0279919
0.0279919
0
0
0.0279919
0
0
0
0
0
0
0
0
0
0
0
0
0
0
0
0
0
0
0
0
0
0
0
0
0
0
0
0
0
0
0
0
0
0
0
0
0
0
0
0
0
0
0
0
0
0
0
0
0
0
0
0
0
0
0
0
0
0
0
0
0
0
0
0
0
0
0
0
0
0
0
0
0
0
0
0
0
0
0
0
0
0
0
0
0
0
0
0
0
0
0
0
0
0
0
0
0
0
0
0
0
0.0279919
0.0279919
0.0279919
0.0279919
0.0279919
0.0279919
0
0
0
0
0
0
0
0.0279919
0.0279919
0.0279919
0
0
0
0
0
0
0
0
0
0
0.0279919
0.0279919
0.0279919
0.0279919
0.0279919
0
0
0
0
0
0
0
0
0
0
0
0
0
0
0
0
0
0
0
0
0
0
0
0
0
0
0
0
0
0
0
0
0
0
0.0279919
0.0279919
0.0279919
0.0279919
0
0
0
0
0
0
0
0
0
0.0279919
0
0
0
0
0
0
0
0
0
0
0
0
0
0
0
0
0
0
0
0
0
0
0
0
0
0
0
0
0
0
0
0
0
0
0
0
0
0
0
0
0
0
0
0.0279919
0.0279919
0.0279919
0.0279919
0.0279919
0.0279919
0
0
0
0
0
0
0
0
0
0
0
0
0
0
0
0
0
0
0
0
0
0
0
0
0
0
0
0
0
0
0.0277564
0.0277564
0.0277564
0.0277564
0.0277564
0.0277564
0.0277564
0.0277564
0.0277564
0.0277564
0.0277564
0.0277564
0.0277564
0.0277564
0.0277564
0.0277564
0.0277564
0.0277564
0.0277564
0.0277564
0.027759
0
0
0
0
0
0
0
0.0696733
0.0696733
0.0696733
0.0696733
0.160644
0.160644
0
0
0
0.0696733
0
0
0
0
0
0
0
0
0
0
0
0.0400561
0
0.0432844
0.0432844
0.0432844
0.0432844
0.0432844
0.0432844
0.0432844
0.0432844
0.0432844
0.0438003
0.0432844
0.0432844
0.0432844
0.0279399
0.0279399
0.0279399
0.0279399
0
0
0
0
0.0277457
0.0277457
0
0
0
0
0
0
0
0
0
0
0
0
0
0
0
0
0
0
0
0
0
0
0
0
0
0
0
0
0
0
0
0
0
0
0
0
0
0
0
0
0
0
0
0
0
0
0
0
0
0
0
0
0
0
0
0
0
0
0
0
0
0
0
0
0
0.0279919
0.0279919
0
0
0
0
0
0
0
0
0
0
0
0
0
0
0
0
0
0
0
0
0
0
0
0
0
0
0
0
0
0
0
0
0
0
0
0
0
0
0
0
0
0
0
0
0
0
0
0
0
0
0
0
0
0
0
0
0
0
0
0
0
0
0
0
0
0
0
0
0
0
0
0
0
0
0
0
0
0
0
0
0
0
0
0
0
0
0
0
0
0
0
0
0
0
0
0
0
0
0
0
0
0
0
0
0
0
0
0
0
0
0
0
0
0
0
0
0
0
0
0
0
0
0
0.0422106
0.0422106
0.0421918
0.0421918
0.0421918
0.0421918
0.0421918
0.0421918
0.0421918
0.0421918
0.0277564
0.0277564
0.0277564
0.0277564
0.0277564
0.0277564
0.0422106
0.0422106
0.0422106
0.0422106
0.0422106
0.0422106
0.0422106
0.0422106
0.0426984
0.0426984
0.0426984
0.0426984
0.0422106
0.0422106
0.0422106
0.047023
0.047023
0.047023
0.047023
0.047023
0.0696733
0.047023
0.0422106
0.0422106
0.0422106
0.0421918
0.0421918
0.0421918
0.0421918
0.0421918
0.0421918
0.0421918
0.0421918
0.0421918
0.0421918
0.0421918
0.0421918
0.0421918
0.0421918
0.0421918
0.0421918
0.0421918
0.0421918
0.0421918
0.0421918
0.0421918
0.0421918
0.0421918
0.0421918
0.0421918
0.0421918
0.0421918
0.0421918
0.0421918
0
0
0
0
0
0
0
0.0428157
0.0422106
0
0
0
0
0
0
0
0
0
0
0
0
0
0
0
0
0
0
0
0
0
0
0
0
0
0
0
0
0
0
0
0
0
0
0
0
0
0
0.027743
0
0.027743
0.027743
0.027743
0.027743
0
0
0
0
0
0
0
0
0
0
0
0
0
0.0369233
0.0369233
0.0369233
0.0369233
0
0
0
0
0
0
0
0
0
0.0369233
0.0369233
0.0368856
0.0368856
0.0368856
0.0368856
0.0368856
0.0368856
0.0368856
0.0368856
0.0368856
0.0368856
0.0368856
0.0368856
0.0368856
0.0393597
0.0393597
0.0393826
0.0393826
0
0
0
0.0369233
0.0369233
0.0369233
0.0369233
0
0
0
0
0
0.0376622
0
0.0369233
0.0369863
0.0369863
0.0369863
0.0369863
0.0369863
0.0369863
0.0369863
0
0.036999
0.036999
0
0
0
0
0
0
0
0
0
0
0
0
0
0
0.04222
0
0
0
0.04222
0.04222
0
0
0
0
0
0
0
0
0
0
0
0
0
0
0
0
0
0
0
0
0
0
0
0
0
0
0
0
0
0
0
0
0
0
0
0
0
0
0
0
0
0
0
0
0
0
0
0
0
0
0
0
0
0
0
0
0
0
0
0
0
0
0
0
0
0
0
0
0
0
0
0
0
0
0
0
0
0
0
0
0
0
0
0
0
0
0
0
0
0
0
0
0
0
0
0
0
0
0
0
0
0
0
0
0
0
0
0
0
0
0
0
0
0
0
0
0
0
0
0
0
0
0
0
0
0
0
0
0
0
0
0
0
0
0
0
0
0
0
0
0
0
0
0
0
0
0
0
0
0
0
0
0
0
0
0
0
0.0455961
0.0455961
0.0455961
0.0455961
0.0455961
0.0455961
0.0456912
0.0456912
0
0
0.045715
0.045715
0.045715
0.045715
0.0456198
0.0456198
0.0456198
0
0.0456198
0
0.045715
0.045715
0
0
0
0
0
0
0
0
0
0.045715
0
0.045715
0
0
0
0.0456198
0
0
0.045715
0.045715
0
0
0
0
0
0
0.0462745
0.0462745
0
0
0
0
0
0
0
0
0
0
0
0
0
0
0
0
0
0
0
0
0
0
0
0
0
0
0
0
0
0
0.0491177
0
0
0
0
0
0
0
0.0491622
0.0491622
0
0
0
0
0
0
0
0
0
0
0
0
0
0
0
0
0
0
0.0434475
0.0434475
0.0434475
0.0434475
0.0434475
0.0434475
0.21693
0.21693
0
0.0434475
0.0434475
0.0436124
0
0
0.0467652
0
0
0.0467908
0.0467908
0
0
0
0
0
0
0.0469323
0.0469323
0.21693
0
0.045396
0
0.348155
0
0.0445878
0.0445878
0
0.0369295
0
0.0369295
0
0
0
0.0451294
0
0.0451294
0.0451294
0.0455251
0.0461143
0.0461143
0
0
0
0
0
0
0
0
0
0
0
0
0
0
0
0
0
0
0
0
0
0
0
0
0
0
0
0
0
0
0
0
0
0
0
0
0
0
0
0
0
0
0
0
0.0434475
0
0.0456912
0.0456912
0.0456912
0.0456912
0.0456912
0.0456912
0.0456912
0.0425532
0.0425532
0
0.0432641
0.0425532
0
0.0425532
0.0425532
0.0425532
0
0
0
0
0
0
0
0
0
0
0
0
0
0
0
0
0
0
0
0
0.0414781
0
0
0
0
0
0
0
0
0
0
0
0
0
0
0
0
0
0
0
0
0
0
0
0
0
0
0
0
0
0
0
0
0
0
0
0
0
0
0
0
0
0
0
0
0
0
0
0
0
0
0
0
0
0
0
0
0
0
0
0
0
0
0
0
0
0
0
0
0
0
0
0
0
0
0
0
0
0
0
0
0
0
0
0
0
0.0432641
0.0437269
0.0437269
0.0437269
0.0438846
0.0438846
0
0.0439269
0.0437269
0
0.0456912
0.0456912
0.0456912
0.0456912
0.0456912
0
0
0
0
0.0457031
0.0457031
0.045727
0.045727
0
0.0458711
0.0482945
0.0482945
0.0482945
0.045727
0
0.0457989
0.0457031
0
0
0
0
0
0
0
0
0
0
0.0424763
0.0424763
0.0426208
0
0
0
0
0
0
0.0428944
0
0
0
0
0
0
0
0
0
0
0
0
0
0.042145
0
0
0
0
0
0.0422294
0.047023
0.0423619
0.0423619
0.0424094
0
0
0.0424476
0
0
0.0424094
0.0421825
0.047619
0.0423429
0
0
0.0423429
0
0
0.0423904
0.180334
0.180334
0.0423904
0.0424094
0.0424094
0
0
0.0424859
0.15162
0.0425339
0
0.0418946
0
0.0418946
0.0418946
0
0
0
0
0
0
0
0
0
0.0418946
0
0
0
0
0
0
0
0
0
0
0
0
0
0
0
0
0
0
0
0
0
0
0
0
0
0
0
0
0
0
0
0
0
0
0
0
0
0
0
0
0
0
0
0
0
0
0
0
0
0
0
0
0
0
0
0
0
0
0
0
0
0
0
0
0
0
0
0
0
0
0
0
0
0
0
0
0
0
0
0
0
0
0
0
0
0.180334
0.116445
0.116445
0
0.116445
0.116445
0.174741
0.174741
0.174741
0.174741
0.174741
0
0.174741
0.174741
0.116445
0.116445
0
0.116841
0.116841
0.117444
0.18334
0.18334
0
0.184115
0.117647
0
0
0
0
0
0
0
0
0
0
0
0
0
0
0
0
0
0
0
0
0
0
0
0
0
0
0
0
0
0
0
0
0
0
0
0
0
0
0
0
0
0
0
0
0
0
0
0
0
0
0
0
0
0
0
0
0
0
0
0
0
0
0
0
0.0449353
0.0456435
0.0416757
0
0
0
0.0385043
0.037709
0.037709
0.037709
0.0445767
0.0445767
0
0
0.0368918
0.0368918
0.116841
0.116841
0.0368856
0.0368856
0.0368918
0.0368918
0.0368918
0.0368918
0.0369107
0.0469971
0.0469971
0.0470882
0.0369107
0.0369295
0
0.0369295
0.0393217
0
0.0274592
0
0
0
0
0
0
0
0
0
0.0368856
0.0368856
0.0368856
0.0368856
0.0368856
0.0368856
0.0368856
0.0368856
0.0368856
0.0368856
0.0368856
0.0368856
0.0368856
0.0368856
0.0368856
0.0368856
0.0368856
0.0368856
0.0368856
0.0368856
0.0368856
0.0368856
0.0415227
0.0415227
0.0415227
0.0415227
0
0
0
0.0465873
0.0465746
0.0432237
0
0
0
0
0
0
0
0.0368856
0.0368856
0.0368856
0.0368856
0.0368856
0.0368856
0.0368856
0.0368856
0.0368856
0.0368856
0.0368856
0.0368856
0.0368856
0.0368856
0.0368856
0.0368856
0.0368856
0.0368856
0.0368856
0.0368856
0.0368856
0
0.0368918
0.0442266
0.0368918
0.0368918
0.0368918
0.0369863
0.0369863
0.0369927
0.0369863
0.0369863
0.0369863
0.0369863
0.0369295
0.0369295
0.0451869
0
0
0.129369
0.128831
0.0417483
0.0418212
0
0
0
0.0469711
0.0483509
0.0482523
0.135147
0.135147
0
0
0
0
0
0
0
0
0
0
0.0409702
0.0409702
0.0409702
0.0409702
0.072075
0.072075
0.072075
0.072075
0.0412832
0.0412832
0.0412832
0
0
0
0
0
0.0412832
0.0413184
0.041292
0.041292
0.041292
0.041292
0.041292
0
0
0
0
0
0
0
0
0
0
0
0.0369484
0.0369484
0.036917
0
0.0369107
0.0369107
0.0369107
0.0369107
0
0
0
0.0369107
0.0369107
0.0369107
0.0369107
0.0369107
0.0369107
0.0369107
0.0369233
0.0369233
0.0369295
0.0369295
0.0442807
0.0442807
0.0369863
0.0369863
0.0369927
0.0409702
0.0415945
0.0411519
0.0368918
0.0368918
0
0
0
0
0
0
0
0.0368856
0.0369044
0.0369044
0.0369044
0.0369044
0.0369044
0.0368856
0
0
0
0
0.0368918
0.0368918
0.0368918
0.0442266
0
0
0.0442266
0.0442266
0.0442266
0.0368918
0.0368918
0.0442374
0.0442374
0
0
0
0
0
0.0368918
0.0368918
0.0368918
0.0369233
0
0
0
0
0
0.0372678
0
0
0
0
0.0372678
0.0372678
0.0372678
0.0372678
0
0
0
0
0
0
0
0.0372678
0
0.0372678
0.0442807
0.0442807
0.0442807
0.0368856
0.0368856
0.0368856
0.0368856
0.0368856
0.0368856
0.0368856
0.0368856
0.0369233
0.0369295
0.0369295
0
0.0369295
0.0373002
0.0373002
0.0373002
0.0373002
0.0373002
0.0373002
0
0.0373002
0.0373848
0.0373002
0.036999
0.036999
0
0
0
0.036999
0.036999
0
0
0
0
0
0.0416035
0
0
0
0
0.0416035
0.045715
0
0
0
0.045715
0
0
0
0
0
0
0
0.045715
0.045727
0.045727
0
0
0
0
0
0
0
0
0
0
0
0
0
0
0
0
0
0
0
0
0
0
0
0
0
0
0
0
0
0
0
0
0
0
0
0
0
0
0
0
0
0
0.0448787
0.0449353
0.0449353
0.0449353
0
0.348155
0.348155
0.348155
0.348155
0
0.0467652
0.0467908
0.0467908
0.0467908
0
0
0
0
0
0
0
0
0
0
0
0
0
0
0
0.21693
0.218218
0.218218
0.218218
0
0
0
0
0
0
0
0
0
0
0
0
0
0
0
0
0
0
0
0
0
0
0
0
0
0
0
0
0
0
0
0
0
0
0
0
0
0
0
0
0.04222
0.0422483
0.0422483
0.0422483
0
0
0
0
0
0
0
0
0
0
0
0
0
0
0
0
0
0
0
0
0
0
0
0
0
0
0
0
0
0
0
0
0
0
0
0
0
0
0
0
0
0
0
0
0
0
0
0
0
0
0
0
0
0
0
0
0
0
0
0
0
0
0
0
0
0
0
0
0
0.0443242
0.0390286
0
0.0368856
0
0
0
0
0.0275711
0.0275711
0.0275711
0.0275711
0.0275711
0.0275711
0.0275711
0.0275711
0.0275711
0.0275711
0.0275711
0.0275711
0.0275711
0.0275711
0.0275711
0.0275711
0.0275711
0.0275711
0.0393445
0.0393445
0
0.0393445
0.0275711
0.0275711
0.0275711
0.0275711
0
0
0
0.0275711
0
0
0
0
0
0
0
0
0
0
0.0393826
0
0
0.0393979
0
0
0
0
0.0275711
0.0275711
0.0393826
0.0393826
0.0393826
0.0393979
0.0275711
0.0275711
0.0275711
0.0275711
0.0394899
0.0275711
0.0308167
0.0308167
0.0275711
0.0275711
0.0275711
0.0275711
0.0275711
0.0275711
0.0393826
0.0393826
0.0393826
0.0393826
0.0393826
0.0393826
0.0393826
0.0393826
0.0393826
0.0275711
0.0275711
0.0276633
0.0424763
0.0275711
0.0278856
0
0
0
0
0
0
0
0
0
0
0
0
0
0
0
0
0
0
0
0
0
0
0
0
0
0
0
0
0
0
0
0
0
0
0
0
0
0
0.0386262
0
0
0
0
0.0916698
0
0
0
0
0
0
0
0
0
0
0
0
0
0
0
0
0
0
0
0
0
0
0
0
0
0
0
0
0
0
0
0
0
0
0
0
0
0
0
0
0
0
0
0
0
0
0
0
0
0
0
0
0
0
0
0
0
0
0
0
0
0
0
0
0
0
0
0
0
0
0
0
0
0
0
0
0
0
0
0
0
0
0.0302475
0
0
0
0.0292509
0
0
0
0
0
0
0
0
0
0
0
0
0
0
0
0
0
0
0
0
0
0
0.0275711
0.0344367
0.0305068
0
0
0.0276845
0
0.0275711
0.0275711
0.0275711
0
0
0
0
0.0302475
0.0307039
0
0
0
0
0.0386262
0
0
0
0
0
0
0.0292041
0.0292509
0
0
0
0.0616334
0
0
0
0
0
0.0308167
0
0.0340453
0
0
0
0
0.0276898
0
0
0.0572364
0
0
0.0275711
0
0
0
0
0.0330454
0.0330454
0.0330454
0.0330454
0
0
0
0
0
0
0.0266194
0.0266194
0.0266194
0.0266194
0.0266194
0.0266194
0.0266194
0.0266194
0.0266194
0.0266194
0.0266194
0.0266194
0.0266194
0.0275711
0.0302475
0.0302475
0.0391255
0.0391255
0.0302475
0.0338207
0.0338207
0
0.0338788
0.0338934
0.0338207
0
0
0
0
0
0
0
0
0
0
0
0
0
0
0
0
0
0
0
0
0
0
0
0
0.0275711
0.0275711
0.0275842
0.0275842
0.0275711
0.0275711
0.0275711
0.0275711
0
0
0
0
0
0.0275711
0
0.0275711
0.0275711
0.0275842
0.0275842
0.0307039
0
0
0
0
0
0
0
0
0
0
0
0
0
0
0
0
0
0
0
0
0
0
0
0.0292509
0.0292509
0.0292509
0
0
0
0
0.0362262
0.0362262
0.049177
0.049177
0.0362262
0.0362262
0.0362262
0.0362262
0.0308167
0.0308167
0.0308167
0
0
0
0.0308167
0.0308167
0.0308167
0
0
0
0.0308167
0.0308167
0.0308167
0.0308167
0.0334263
0
0.0308167
0.0308167
0.0308167
0.0376089
0.0376089
0.0308167
0.0308167
0.0308167
0.0308167
0.0308167
0
0
0
0
0
0
0
0
0
0
0.0616334
0
0
0
0
0
0
0
0
0
0
0
0
0
0
0
0
0.0276898
0
0
0.0572364
0
0.0572364
0.0572364
0
0
0
0
0
0
0
0
0.0572364
0
0
0
0
0.0340453
0
0
0
0
0
0
0
0
0
0
0
0
0
0
0
0
0
0
0
0
0
0
0
0
0
0
0
0
0
0
0
0
0
0
0
0
0
0
0
0
0
0
0
0
0
0
0
0
0
0
0
0
0
0
0
0
0
0
0
0
0
0.0330454
0.0330454
0.0330454
0.0330454
0.0330454
0.0330454
0.0330454
0.0361965
0.0361965
0.0330454
0
0
0
0
0
0
0
0
0
0
0.0266194
0.0266194
0.0266194
0.0266194
0.0266194
0.0266194
0.0266194
0.0266194
0.0266194
0.0266194
0.0266194
0.0266194
0.0266194
0.0266194
0.0266194
0.0266194
0.0266194
0.0266194
0.0266194
0.0266194
0.0266194
0.0266194
0.0266194
0.0266194
0.0266194
0.0266194
0.0266194
0.0266194
0.0266194
0.0266194
0.0266194
0.0266194
0.0266194
0.0266194
0.0266194
0.0266194
0.0266194
0.0266194
0.0266194
0.0266194
0.0266194
0.0266194
0.0266194
0.0266194
0.0266194
0
0.0266194
0.0266194
0.0266194
0.0266194
0.0266194
0
0.0266194
0.0266194
0.0266194
0.0266194
0.0266194
0.0266194
0.0266194
0.0266194
0.0266194
0.0277697
0.0277697
0.0277697
0.0277697
0.0277697
0.0277697
0.0277697
0.0277697
0.0277697
0
0
0.0277697
0.0277697
0.0277697
0.0278288
0.0278288
0
0
0.0277697
0.0277697
0.0278288
0.0278288
0.0277697
0
0
0
0
0
0
0
0
0
0
0
0
0
0
0
0
0
0
0
0
0
0
0
0
0.0279919
0
0
0
0
0
0
0
0
0
0
0
0
0
0
0
0
0.0426595
0.0426595
0.0426595
0.0426595
0.0426595
0.0426595
0.0426595
0.0426595
0.0426595
0.0426595
0.0426595
0.0426595
0.0426595
0.0426595
0.0426595
0.0426595
0.0426595
0.0426595
0.0426595
0.0426595
0.0277564
0.0277564
0.0277564
0.0277564
0.0277564
0.0277564
0.0277564
0.0277564
0.0277564
0.0277564
0.0277564
0.0426984
0.0426984
0.0426984
0.0426984
0
0
0
0
0
0
0
0
0
0
0
0
0
0
0
0
0
0
0
0
0
0
0
0.0426595
0.0477955
0.0477955
0.0426595
0
0.0426595
0.0426984
0.0474179
0.0472324
0.0472324
0.0516742
0.0516742
0.0516742
0.0516742
0.0516742
0.0516742
0
0
0.0516742
0.0516742
0.0516742
0.0782062
0.0516742
0.0516742
0.0535288
0.0535288
0.0472324
0.0426595
0.0444444
0.0444444
0.0444444
0
0
0
0
0
0
0.0444444
0.0452216
0.0452216
0
0
0
0
0.0452216
0
0
0
0
0
0.0579042
0
0.0426595
0
0
0
0
0.0426595
0.0426595
0.365148
0.0426595
0.365148
0.365148
0.0426595
0
0
0
0
0.0426595
0
0
0
0
0
0.0426595
0
0
0
0.0426595
0.0426595
0
0.0426595
0.0426595
0.0426595
0.0426595
0.0426595
0.0458952
0.0458952
0.0458952
0.0458952
0.0458952
0.0458952
0.0472192
0
0
0
0
0
0.0458952
0
0
0
0.0458952
0.0458952
0
0.0458952
0.0426595
0
0.0426595
0
0
0.0426595
0.0426595
0.0458952
0.0484929
0.0459922
0.0459922
0.0458952
0.04855
0.0459436
0.0459436
0.0426595
0.0444444
0.0444444
0.0426595
0.0458952
0.0458952
0.0482805
0
0
0.0460165
0.0483509
0
0
0.046188
0
0
0
0
0.0458952
0.0426595
0.046855
0.0426595
0
0.0426595
0.0452795
0.0489262
0
0
0
0
0.0498135
0.0498135
0.0426595
0.0452216
0.0426595
0.0426595
0.0427374
0
0.0427374
0.0452795
0.0452795
0.0452795
0.0486073
0.0486073
0.0486073
0.0486073
0.0486504
0.0486073
0
0.0486073
0.0454194
0.0454194
0.045478
0.0454194
0.288675
0.288675
0
0
0.0836974
0.328798
0.027759
0
0
0
0.027759
0.027759
0.027759
0.027759
0.027759
0.027759
0
0
0
0.027759
0.0277644
0.0277644
0.0277644
0.027759
0
0
0
0.0424094
0.0424094
0.0424094
0.0424094
0.0424094
0.0424094
0.0424094
0
0
0
0
0
0
0.04222
0
0
0
0
0
0
0
0.027727
0.027727
0.027727
0
0.027727
0.027727
0.027727
0.027727
0.027727
0.0277243
0.0277243
0.0277243
0.0277243
0.0277243
0.027727
0.027727
0.027727
0.027727
0
0
0
0
0
0
0
0
0
0
0
0
0
0
0
0
0
0
0
0
0
0
0
0
0
0
0
0
0
0
0
0
0
0
0
0
0
0
0
0
0
0
0
0
0
0
0
0
0
0
0
0
0
0
0
0
0
0
0
0
0
0
0
0
0
0
0
0
0
0
0
0
0
0
0
0
0
0
0
0
0
0
0
0
0
0
0
0
0
0
0
0
0
0
0
0
0
0
0
0
0.143592
0.143592
0.143592
0.143592
0.143592
0.143592
0
0
0
0
0
0
0
0
0
0
0
0
0
0
0
0
0
0
0
0
0
0
0
0
0
0
0
0
0
0
0
0.0279427
0.0279427
0.0279427
0.0279427
0.0279427
0.0279427
0.0277564
0.0277564
0.0277564
0.0277564
0.0277564
0.027759
0.027759
0.027759
0.027759
0.0280276
0.027727
0.027727
0
0
0.0279919
0
0
0
0
0
0
0
0
0
0.042061
0
0
0
0
0
0
0
0
0
0
0
0
0
0
0
0
0
0
0
0
0
0
0
0
0
0
0
0
0
0
0
0
0.0277644
0
0
0
0
0
0
0
0
0
0
0
0
0
0
0
0
0
0
0
0
0
0
0
0
0
0
0
0
0
0
0
0
0
0
0
0
0
0
0
0
0
0
0
0
0
0
0
0
0
0
0.0277004
0.0277004
0.0277004
0
0
0
0
0.0619876
0.0619876
0.0619876
0
0
0
0
0
0
0
0
0.0637577
0.0619876
0.0619876
0
0.0779681
0.0792429
0.0792429
0.0792429
0
0.0619876
0
0
0
0
0.0640513
0
0
0
0
0
0
0
0
0
0
0
0
0
0
0
0
0
0
0
0
0
0
0
0
0
0
0
0.0506045
0.0506045
0.0506045
0
0
0.0557495
0.0590539
0
0.0506207
0
0.0644491
0.0644491
0.0644491
0.0645834
0
0
0
0
0
0
0
0.0694629
0.0694629
0.0694629
0.0695889
0
0
0
0
0
0
0
0
0
0
0
0.0424094
0.0276845
0
0
0
0
0
0
0
0
0
0
0
0
0
0
0
0
0
0
0
0
0
0
0.069421
0
0
0.0422106
0
0
0
0
0
0
0
0
0
0
0
0
0
0
0
0
0
0
0
0
0
0
0
0
0
0
0
0
0
0
0
0
0
0
0
0
0
0
0
0
0
0
0
0
0
0
0
0
0
0
0
0
0
0
0
0
0
0
0
0
0
0
0
0
0
0
0
0
0
0
0
0
0
0
0
0
0
0
0
0
0
0
0
0
0
0
0
0
0
0
0
0
0
0
0
0
0
0
0
0
0
0
0
0
0
0
0
0
0
0
0
0
0
0
0
0
0
0
0
0
0
0
0
0
0
0.027759
0.027759
0.027759
0.027759
0.027759
0.027759
0.0555556
0.0555556
0.056842
0.056842
0.056842
0.056842
0.056842
0.0862261
0.056842
0.0569572
0.056842
0.107211
0
0
0
0
0
0
0.056842
0.055577
0.0278181
0
0
0
0
0
0
0
0
0
0
0
0
0
0
0
0
0
0
0
0
0
0
0
0
0
0
0
0
0
0
0
0
0
0
0
0
0
0
0
0
0
0
0
0
0
0
0
0
0
0
0
0
0
0
0
0
0
0
0
0
0
0
0
0
0
0
0
0
0
0
0
0
0
0
0
0
0
0
0
0
0
0
0
0.0277564
0
0
0
0
0
0
0
0
0
0
0
0
0
0
0
0
0
0
0
0
0
0
0
0
0
0
0
0
0
0
0
0
0
0
0
0
0
0
0
0
0
0
0
0
0
0
0
0
0
0
0
0
0
0
0
0
0
0
0
0
0
0
0
0
0
0
0
0
0
0
0
0
0
0
0
0
0
0
0
0
0
0
0
0
0
0.04222
0
0
0
0.0421918
0.0421918
0.0421918
0.0421918
0.0421918
0.0555341
0.0555341
0.0555341
0.0555341
0.0432338
0.0432338
0
0.0447774
0.0421918
0.0426887
0.0439375
0.045478
0
0.0455606
0.417029
0.0439375
0
0.0426887
0.027759
0.027759
0.027759
0.027759
0.027759
0.027759
0.0280303
0.0280303
0.0280303
0.0280303
0.0280303
0.0280303
0
0
0
0.0280303
0
0.0280303
0
0.0280303
0.0280303
0.0280303
0
0
0
0
0
0
0
0
0
0
0
0
0
0
0
0
0
0
0
0
0
0
0
0.027759
0.0278181
0.0277644
0
0.0277644
0
0
0
0
0
0
0
0
0
0
0
0.027759
0.027759
0.027759
0.027759
0.027759
0
0
0
0
0
0
0
0.0277564
0.0277564
0.0277564
0.0277564
0.0277564
0.0277564
0.0277564
0.0277564
0.0277564
0.0277564
0.0277564
0
0
0
0
0
0
0
0
0
0
0
0
0
0
0
0
0
0
0
0
0
0
0
0
0
0
0
0
0
0
0
0
0
0
0
0
0
0
0
0
0
0
0
0
0
0
0
0
0
0
0
0
0
0
0
0
0
0
0
0
0
0
0
0
0
0
0
0
0
0
0
0
0
0
0
0
0
0
0
0
0
0
0
0
0
0
0
0
0
0
0
0
0
0
0
0
0
0
0
0
0
0
0
0
0
0
0
0
0
0
0
0
0
0
0
0
0
0
0
0
0
0
0
0
0
0
0
0
0
0
0
0
0
0
0
0
0
0
0
0
0
0
0
0
0
0
0
0
0
0
0
0
0
0
0
0
0
0
0
0
0
0
0
0
0
0
0
0
0
0
0
0
0
0
0
0
0
0
0
0
0
0
0
0
0
0
0
0
0
0
0
0
0
0
0
0
0
0
0
0
0
0
0
0
0
0
0
0
0
0
0
0
0
0
0
0
0
0
0
0
0
0
0
0
0
0
0
0
0
0
0
0
0
0
0
0
0
0
0
0
0
0
0
0
0
0
0
0
0
0
0
0
0
0
0
0
0
0.04222
0
0
0
0
0
0
0
0
0
0
0
0
0
0
0
0
0
0
0
0
0.0277564
0
0
0
0
0
0
0
0
0
0
0
0
0.0280303
0.0280303
0.0280303
0.0280303
0.0388075
0.0388075
0.0309122
0.0309122
0.0309122
0.0280967
0.0280967
0.057639
0.0280303
0.057639
0.057639
0.057639
0
0
0.057639
0
0
0
0.0388075
0.0388075
0.0388075
0.0464614
0.0388075
0
0.0388075
0.0309122
0.0309122
0
0
0
0.0309122
0
0
0
0
0.0280967
0.0280967
0.028105
0
0.0280967
0
0
0
0
0
0.0309122
0.0309122
0.0309122
0.0309122
0.0377157
0.0377157
0.0377157
0.0475651
0.0377157
0.0476731
0.0377157
0.0309122
0
0
0
0
0
0
0
0
0
0
0
0
0
0
0
0
0
0.04222
0
0
0
0
0
0
0
0
0
0
0
0
0
0
0
0
0
0
0
0
0
0
0
0
0
0
0
0
0
0
0
0.0378032
0.0378032
0.0378032
0.0378032
0.0378032
0.040757
0.0380074
0
0
0
0
0.0385472
0
0
0
0
0
0
0
0
0
0
0.0378032
0.0378032
0.0378032
0.0378032
0.0378032
0.0378032
0.0378032
0.0378032
0.0404639
0.0404639
0.0404639
0
0
0
0
0.0378032
0.0378032
0
0
0
0
0
0
0
0
0
0
0
0.0269582
0.0269582
0.0269582
0.0269582
0.0269582
0
0.0269582
0.0269582
0.0269582
0.0269582
0
0.0269582
0.0269582
0.0269582
0.0269582
0
0.0269582
0.0269582
0.0269582
0.0269582
0
0
0
0
0.0269582
0.0269582
0.0269582
0.0269582
0.0269582
0.0269582
0.0269582
0.0269582
0.0269582
0.027727
0.027727
0.027727
0
0.0277137
0.0277137
0.0281439
0.030213
0.029874
0.029874
0
0
0
0.029874
0.0294118
0.0298275
0.0355615
0
0.0377493
0.0377493
0
0
0
0
0
0
0
0
0
0
0.0277564
0.0277564
0.0277564
0.0277564
0.0277564
0.0277564
0.0277564
0
0
0
0
0
0
0
0
0
0
0
0
0
0
0
0
0
0
0
0
0
0
0
0
0
0
0
0
0
0
0
0
0
0
0
0
0
0
0
0
0
0
0
0
0
0
0
0
0
0
0
0
0
0.04222
0
0
0
0
0
0
0
0
0
0
0
0
0
0
0.0259631
0.0259631
0
0.0259631
0.0259631
0.040234
0.040234
0
0.040234
0.040234
0.0274721
0
0
0
0
0
0
0
0
0
0
0
0
0
0
0
0
0
0
0
0
0
0
0
0
0
0
0
0
0
0
0
0
0
0
0
0
0
0
0
0
0
0
0
0
0
0
0
0
0
0
0
0
0.0259718
0.0259718
0.0277457
0.0277457
0.0259434
0.0259434
0.0259434
0.0259434
0.0259434
0.0259434
0.0380143
0.0380143
0.0380143
0.0380143
0.0380143
0.0380143
0.0380143
0.0380143
0
0.0380143
0.0380143
0
0.0380143
0.0380143
0
0.0380143
0
0
0
0
0
0
0
0
0
0
0
0
0
0
0
0
0
0
0
0
0.0269582
0.0269582
0
0
0
0
0
0
0
0
0
0
0
0
0.0269582
0
0
0.0269582
0.0269582
0.0269582
0.0269582
0.0410824
0
0
0
0
0
0
0
0
0
0
0
0
0
0
0
0
0
0
0
0
0
0
0.0269582
0.0269582
0
0.0269582
0
0
0
0
0
0
0
0
0
0
0
0.0422012
0.0425436
0.0425436
0.0425436
0.129369
0.0425436
0.0425436
0.0425436
0.458831
0.0425436
0
0
0
0
0
0
0.134231
0
0
0
0
0
0
0
0
0
0
0
0
0
0.426401
0
0
0
0
0
0.129369
0
0
0
0
0
0
0
0
0
0
0
0
0
0
0
0
0
0
0
0
0
0.0805823
0
0
0
0.118888
0.118888
0
0.0269582
0.0269582
0.0269582
0.0269582
0.0269582
0.0269582
0
0
0
0
0
0.0269582
0
0
0.0481543
0
0
0
0
0.19518
0
0
0
0
0
0
0
0
0
0
0
0.0410737
0.0269582
0.0269582
0.0269582
0.0269582
0.0269582
0.0269582
0.0269582
0
0
0
0
0
0
0
0
0
0
0
0
0
0
0
0
0
0
0
0
0
0
0
0
0.0463739
0.0463739
0.0463739
0.0468678
0.0468678
0.0468678
0.0468678
0
0
0
0.0469323
0.0469323
0.0469323
0.0464363
0.0463614
0
0.0463614
0.0463614
0
0.0464238
0.0269582
0.0269582
0.0269582
0.0269582
0
0.0269582
0.0269582
0.0269582
0.0269582
0.0269582
0.0269582
0.0269582
0.0269582
0.0269582
0
0
0
0
0
0.0410737
0.0410737
0.0410737
0.0410737
0.0410737
0.0410737
0
0
0
0
0
0
0
0
0
0.0269582
0.0269582
0.0269582
0.0269582
0.0269582
0.0269582
0.0269582
0.0269582
0.0282786
0.0282786
0
0.0282786
0.0269582
0.0269582
0
0
0
0
0
0
0
0
0
0.0269582
0.0269582
0.0439481
0.0269582
0.0269582
0.0269582
0.0814463
0.0269582
0.0269582
0.0269582
0
0
0.0269582
0.0269582
0.0269582
0.0269582
0.0269582
0.0269582
0.0269582
0
0
0
0
0
0.0459073
0
0
0
0
0
0
0
0
0.0269582
0
0
0.0278423
0.0269582
0.0269582
0.0269582
0.0414602
0
0
0
0
0
0
0
0
0
0.0749532
0
0
0
0
0
0
0
0.0763604
0.0748481
0
0
0
0
0
0.0410478
0.0269582
0.0269582
0.0269582
0
0
0
0
0
0
0
0
0.0269582
0.0269582
0
0.0269582
0
0
0
0
0
0
0
0
0
0
0
0
0.0269582
0.0269582
0.0269582
0.0269582
0.0269582
0.0269582
0.0269582
0.0269582
0.0269582
0.0269582
0.0269582
0.0269582
0.0498135
0.0498135
0.0498135
0.0498135
0
0
0.0269582
0.0269582
0.0269582
0.0269582
0.0498135
0.0498135
0.0498135
0
0
0
0.0473912
0.0473912
0.0498135
0.0498135
0
0
0
0
0
0
0
0
0
0
0
0
0
0.0269582
0.123091
0.123091
0.123091
0.123091
0.123091
0.123091
0.123091
0.123091
0
0
0.129369
0.242536
0.3849
0
0
0.254
0.0833333
0
0.0839181
0.0839181
0.118678
0
0
0.129369
0.129369
0
0.129369
0.246183
0.246183
0
0
0
0
0
0.129369
0.129369
0.246183
0.246183
0
0
0
0
0
0
0
0
0
0
0
0
0
0
0
0
0
0
0
0
0
0
0
0
0
0
0
0
0
0.144715
0.447214
0.144715
0.144715
0.144715
0.144715
0
0
0
0
0.144715
0.144715
0
0.144715
0
0
0
0
0
0
0
0
0
0
0
0
0
0
0
0
0
0.328798
0
0.328798
0.328798
0.0269582
0.0269582
0
0
0
0
0
0
0
0
0
0
0
0.0269582
0
0
0.049029
0.0269582
0.0280634
0.0280634
0.0280634
0.0280634
0.0280634
0.0280634
0.0280634
0.0444444
0.0444444
0.0444444
0
0
0
0
0.0269582
0.0269582
0
0
0
0
0
0
0
0
0
0
0.0269582
0
0
0
0.0269582
0.0269582
0
0
0
0
0
0
0
0
0
0
0
0
0
0
0
0
0
0
0
0
0
0
0
0
0
0
0
0
0
0
0
0
0
0
0
0
0
0
0
0
0
0
0
0
0
0
0
0
0
0
0
0
0
0
0
0
0
0
0
0
0
0
0
0
0
0
0
0
0
0
0
0
0
0
0
0
0
0
0
0
0
0
0
0
0
0
0
0
0
0
0
0
0
0
0
0
0
0
0
0
0
0
0
0
0
0
0
0
0
0
0
0
0
0
0
0
0.025902
0.150756
0.0269582
0
0
0
0
0
0
0
0
0
0
0
0
0
0
0.0269582
0.0269582
0
0
0
0
0
0
0
0
0
0
0.0269582
0
0
0.0414781
0
0
0
0
0
0
0
0
0.0269582
0.0269582
0.0269582
0.0269582
0.0269582
0.0269582
0.0269582
0.0269582
0.0269582
0.0269582
0.0269582
0.0269582
0.0269582
0.0269582
0.0454077
0.0269582
0.0269582
0.0269582
0.0269582
0
0.0269582
0.0269582
0.0478365
0.0478365
0.0478365
0.0478365
0.0478365
0.0269582
0
0.0269582
0.0269582
0.0269582
0.0269582
0
0
0.0269582
0.0470751
0.0269582
0
0.0269582
0.0269582
0.0269582
0.0269582
0
0.0269582
0.0269582
0.0269582
0
0.0269582
0
0
0
0.0269582
0.0269582
0
0.0269582
0.0269582
0.0442266
0.0442699
0
0.0269582
0.0269582
0.0269582
0.0269582
0.0269582
0.0269582
0
0
0
0
0
0
0
0
0
0
0
0
0
0
0
0
0
0
0
0
0
0
0
0
0
0.0436748
0.0436748
0.0436748
0.0436748
0.0436748
0.0436748
0.0436748
0.0436748
0.0436748
0.0436748
0.0436748
0.0436748
0.0436748
0
0
0
0
0
0
0
0
0
0
0
0
0
0
0
0
0
0
0
0
0
0
0
0
0
0
0
0
0
0
0
0
0
0
0
0
0
0
0
0
0
0
0
0
0
0
0
0
0
0
0
0
0
0
0
0
0
0
0
0
0
0
0
0
0
0
0
0
0
0
0
0
0
0
0
0
0
0
0
0
0
0
0
0
0
0
0
0
0
0
0
0
0
0
0
0
0
0
0
0
0
0
0
0
0
0
0
0
0
0
0
0
0
0
0
0
0
0
0
0
0.0372807
0.0372807
0.0372807
0.0372807
0.0372807
0
0
0
0
0.0271313
0.0271313
0
0
0
0
0
0
0
0
0
0
0
0
0
0
0
0
0
0
0
0
0
0
0
0
0
0.0271313
0
0
0
0
0
0
0
0
0
0
0
0
0
0
0
0
0
0
0
0
0
0
0
0
0
0
0
0
0
0
0
0
0
0
0
0
0
0
0
0
0
0
0
0
0
0
0
0
0
0
0
0
0
0
0
0
0
0
0
0
0
0
0
0
0
0
0
0
0
0
0
0
0
0
0
0
0
0
0
0
0
0
0
0
0
0
0
0
0
0
0
0
0
0
0
0
0
0
0
0
0
0
0
0
0
0
0
0
0
0
0
0
0
0
0
0
0
0
0
0
0
0
0
0
0
0
0
0
0
0
0
0
0
0
0
0
0
0
0
0
0
0
0
0
0
0
0
0
0
0
0
0
0
0
0
0
0
0
0
0
0
0
0
0
0
0
0
0
0
0
0
0
0
0
0
0
0
0
0
0
0
0
0
0
0
0
0
0
0
0
0
0
0
0
0
0
0.0271039
0.0271039
0.0271039
0.0271039
0.0271039
0
0
0
0
0
0
0
0
0
0
0
0
0
0
0
0
0
0
0
0
0
0
0
0
0
0
0
0
0
0
0
0
0
0
0
0
0
0
0
0
0
0
0
0
0
0
0
0
0
0
0
0
0
0
0
0
0
0
0
0
0
0
0
0
0
0
0
0
0
0
0
0
0
0
0
0
0
0
0
0
0
0
0
0
0
0
0
0
0
0
0
0
0
0
0
0
0
0
0
0
0
0
0
0
0
0
0
0
0
0
0
0
0
0
0
0
0
0
0
0
0
0
0
0
0
0
0
0
0
0
0
0
0
0
0
0
0
0
0
0
0
0
0
0
0
0
0
0
0
0
0
0
0
0
0
0
0
0
0
0
0
0
0
0
0
0
0
0
0
0
0
0
0
0.0271463
0
0
0
0
0
0
0
0
0.0271313
0.0271313
0.0271313
0.0271313
0.0271313
0.0271313
0
0
0.0271313
0.0271313
0
0
0
0
0
0
0
0
0
0
0
0
0
0
0
0
0
0
0
0
0
0
0
0
0
0
0
0
0
0
0
0
0
0
0
0
