0
0
0
0
0
0
0
0
0
0
0
0
0.0267185
0.0267185
0.0267185
0.0267185
0
0
0
0
0
0
0
0
0
0
0
0
0
0
0
0
0
0
0
0
0
0
0
0
0
0
0
0
0
0
0
0
0
0
0
0
0
0
0
0
0
0
0
0
0
0
0
0
0
0
0
0
0
0
0
0
0
0
0
0
0
0
0
0
0
0
0
0
0
0
0
0
0
0
0
0
0
0
0
0
0
0
0
0
0
0
0
0
0
0
0
0
0
0
0
0
0
0
0
0
0
0
0
0
0
0
0
0
0
0
0
0
0
0
0
0
0
0
0
0
0
0
0
0
0
0
0
0
0
0
0
0
0
0
0
0
0
0
0
0
0
0
0
0
0
0
0
0
0
0
0
0
0
0
0
0
0
0
0
0
0
0
0
0
0
0
0
0
0
0
0
0
0
0
0
0
0
0
0
0
0
0
0
0
0
0
0
0
0
0
0
0
0
0
0
0
0
0
0
0
0
0
0
0
0
0
0
0
0
0
0
0
0
0
0
0
0
0
0
0
0
0
0
0
0
0
0
0
0
0
0
0
0
0
0
0
0
0
0
0
0
0
0
0
0
0
0
0
0
0
0
0
0
0
0
0
0
0
0
0
0
0
0
0
0
0
0
0
0
0
0
0
0
0
0
0
0
0
0
0
0
0
0
0
0
0
0
0
0
0
0
0
0
0
0
0
0
0
0
0
0
0
0
0
0
0
0
0
0
0
0
0
0
0
0
0
0
0
0
0
0
0
0
0
0
0
0
0
0
0
0
0
0
0
0
0
0
0
0
0
0
0
0
0
0
0
0
0
0
0
0
0
0
0
0
0
0
0
0
0
0
0
0
0
0
0
0
0
0
0
0
0
0
0
0
0
0
0
0
0
0
0
0
0
0
0
0
0
0
0
0
0
0
0
0
0
0
0
0
0
0
0
0
0
0
0
0
0
0
0
0
0
0
0
0
0
0
0
0
0
0
0
0
0
0
0
0
0
0
0
0
0
0
0
0
0
0
0
0
0
0
0
0
0
0
0
0
0
0
0
0
0
0
0
0
0
0
0
0
0
0
0
0
0
0
0
0
0
0
0
0
0
0
0
0
0
0
0
0
0
0
0
0
0
0
0
0
0
0
0
0
0
0
0
0.0267452
0.0267452
0.0267452
0.0267452
0.0267452
0.0267452
0
0
0
0
0
0
0
0
0
0
0
0
0
0
0
0
0
0
0
0
0
0
0
0
0
0
0
0
0
0
0
0
0
0
0
0
0
0
0
0
0
0
0
0
0
0
0
0
0
0
0
0
0
0
0
0
0
0
0
0.0296409
0.0296539
0.0431612
0.0431612
0.0431612
0.0431612
0.0422728
0.0422728
0
0.0422728
0.0268996
0.0268996
0.0268996
0.0268996
0.0268996
0.0268996
0.0268996
0.0268996
0.0312806
0.0268996
0.0268996
0.0268996
0.0268996
0.0268996
0.0268996
0
0
0
0
0
0
0
0
0.0269016
0.0269016
0.0269016
0.0269016
0.0269016
0.0269016
0.0269016
0
0
0.0269016
0
0
0.0325128
0
0.0325128
0.0325128
0.0325128
0.0325128
0.0325128
0.0325128
0.0325128
0.0325128
0.0325128
0.0325128
0.0325197
0.0325197
0
0
0.0325197
0
0
0
0
0
0
0
0
0
0.0431131
0.0431131
0.0431131
0.0431131
0.0431131
0.0431131
0.0431131
0.0431131
0
0
0
0
0
0
0
0
0
0
0
0
0
0
0
0
0
0
0
0
0
0
0
0
0
0
0
0
0
0
0
0
0
0.0322312
0
0
0.0413591
0
0
0
0
0
0
0.0269016
0.0269016
0.0269016
0.0329404
0.0329404
0.0329475
0
0
0
0.0269016
0.0269016
0.0269367
0.0269367
0.0269016
0.0269016
0.0369409
0.0269055
0.0296957
0.0269055
0.0269132
0.0269132
0.0269132
0.0269132
0.0269055
0.0269055
0.0269055
0.0296957
0.0296957
0.0296957
0.0296957
0.0296957
0.0315692
0.0296957
0.0296957
0.0296957
0.0348578
0.0296957
0.0296957
0.0296957
0.0296957
0.0296957
0.0296957
0.0296957
0
0
0
0
0
0.0269016
0.0269016
0.0269016
0.0269016
0.0269016
0.0312806
0.0269016
0.0408453
0.0408453
0.0408453
0.0408453
0.0408453
0.0430491
0.0408453
0.0269016
0.0312806
0.0269016
0.0301511
0.0269016
0.0269016
0.0269016
0.0296957
0.0269016
0.0301511
0.0301511
0.0308636
0.0304037
0.0304037
0.0304037
0.0304037
0.0304037
0.0304037
0
0
0
0
0
0
0.0288267
0.031921
0.0288339
0.0307409
0.030738
0.0269016
0
0
0
0.0269367
0.0269367
0.0422804
0
0
0
0.026728
0.026728
0.026728
0.026728
0.026728
0.0292128
0.0292128
0.0292128
0.0292128
0.0292128
0.0292128
0.0292128
0.0292128
0.0292128
0.0292128
0.0292929
0.0292929
0.0292929
0.0292929
0.0292929
0.0292929
0.0292929
0.0292929
0.0292929
0.0292929
0.0292929
0.0292929
0.0292929
0.0292929
0.0292929
0
0
0
0
0
0
0
0
0
0
0
0
0
0
0
0
0
0
0
0
0
0
0
0
0
0
0
0
0
0
0
0
0
0
0
0
0
0
0
0
0
0
0.0415442
0.0415442
0.0415442
0.0415442
0.0415442
0.0454452
0.0454452
0.0454452
0
0
0
0
0
0
0
0
0
0
0
0
0
0
0
0
0
0
0
0
0
0
0
0
0
0
0
0
0
0
0
0
0
0
0
0
0
0
0
0
0
0
0
0
0
0
0
0
0
0
0
0
0
0
0
0.0268317
0.041878
0
0.0267625
0
0
0.0291631
0.0268182
0.027031
0.0268743
0
0
0
0
0
0
0
0
0
0
0
0
0
0
0
0
0
0
0
0
0
0
0
0
0
0.0390673
0.0390673
0.0390673
0.0390673
0.0390673
0.0390673
0.0404094
0.0390673
0.0268067
0.0268067
0.0268067
0.0268067
0.0268067
0.0268105
0.0268105
0.026886
0.026886
0.026886
0
0
0
0
0
0
0
0
0
0
0
0
0
0
0
0
0
0
0
0
0
0
0
0
0
0
0
0
0
0
0
0
0
0
0
0
0
0
0
0
0
0
0
0
0
0
0
0
0
0
0
0
0
0
0
0
0
0
0
0
0
0
0
0
0
0
0
0
0
0
0
0
0
0
0
0
0
0
0.0268666
0.0268666
0.0269191
0.0268666
0.0269582
0.0269582
0.0269582
0.0267893
0.0267893
0.0269464
0.0267893
0.0267893
0.0267893
0.0269191
0.0269464
0.0269328
0.0269328
0.0269602
0.0269328
0.0268841
0.0268841
0.0269016
0.0269093
0.0277457
0.0276606
0.0276606
0.0278294
0.0287242
0
0
0
0
0.0269093
0.0269093
0.0269093
0.0269093
0.0268259
0.0268259
0.0268124
0.0268124
0.0268124
0.0268124
0.0269093
0.0268124
0
0
0
0
0
0
0
0
0
0
0
0
0
0
0
0
0
0
0
0
0
0
0
0
0
0
0
0
0
0
0
0
0
0
0
0
0
0
0
0
0
0
0
0
0
0
0
0
0
0
0
0
0
0
0
0
0
0
0
0
0
0
0
0
0
0
0
0
0
0
0
0
0
0
0
0
0
0
0.0269328
0.0269328
0
0
0.0269269
0.0269269
0.0269269
0.0269132
0.0269132
0.0269055
0.0426867
0.0426867
0
0.041487
0.041487
0.0269582
0.0269562
0
0
0
0
0
0
0
0
0.0269562
0.0269562
0.0269562
0.0269562
0.0269562
0.0269582
0.0269582
0
0
0
0
0
0
0
0.0269562
0.0351104
0.0269562
0
0.0269562
0.0269582
0.0269582
0.0269582
0.0269562
0.0269562
0.0284763
0.0368155
0.039609
0.0379322
0.0485758
0
0.0271403
0
0
0
0
0
0
0.0287195
0.0298302
0.0271403
0.0271403
0.0271583
0.0271403
0.0357325
0.0357325
0.0357325
0
0
0
0
0
0
0
0
0
0
0
0
0
0
0
0
0
0
0
0
0
0
0
0
0
0
0
0
0
0
0
0
0
0
0
0
0
0
0
0
0
0
0
0
0
0
0
0
0
0
0
0
0
0
0
0
0
0
0
0.0336146
0.0336947
0.0336947
0.0355021
0.0357371
0.0357371
0
0.0357554
0
0
0
0.0387028
0.0398473
0
0.0424171
0.0399617
0
0
0
0
0
0
0
0
0
0
0
0
0
0
0
0
0
0
0
0
0
0
0
0
0
0
0
0
0
0
0
0
0
0
0
0
0
0
0
0
0
0
0
0
0
0
0
0
0
0
0
0
0
0
0
0
0
0
0
0
0
0
0
0
0
0
0
0
0
0
0
0
0
0
0
0
0
0
0
0
0
0
0
0
0
0
0
0.039822
0.0287694
0.0287694
0.0269582
0.0269132
0.0369258
0.0369258
0
0
0
0.0287718
0.0287718
0.046334
0.0287718
0.0287718
0.0464439
0.0269132
0.0269132
0.0388134
0
0
0
0
0
0
0
0
0
0
0
0
0
0
0
0
0
0
0
0
0
0
0
0.0448201
0
0.0296774
0
0.0277949
0
0.0293383
0
0
0.0498507
0
0
0
0.042509
0
0
0
0
0.0309552
0
0.0369863
0.0270904
0
0.0322883
0.0284901
0
0
0
0.042509
0
0
0
0.027522
0
0.0368906
0
0
0
0.0269602
0.0445435
0.0313143
0
0.0374818
0.0268743
0
0.0296461
0
0
0
0.0742065
0
0.0373353
0.158511
0.0276606
0
0
0
0
0
0
0
0
0
0
0
0.0267452
0.0267452
0.0267452
0.0267452
0.0267452
0.0267452
0.0267452
0.0267452
0.0267452
0.0267452
0.0267452
0.0267452
0.0267452
0
0
0
0
0
0
0
0
0
0
0
0
0
0
0
0
0
0
0
0
0
0
0
0
0
0
0
0
0
0
0
0
0
0
0
0
0
0
0
0
0
0
0
0
0
0
0
0
0
0
0
0
0
0
0
0
0
0
0
0
0
0
0
0
0.0267185
0.0267185
0.0267185
0.0267185
0.0267185
0
0
0
0.0266671
0.0266671
0.0266671
0.0266671
0.0266671
0.0266671
0.0266937
0.0266728
0.0267452
0.0266671
0
0.0267452
0.0267452
0
0
0
0
0
0
0
0
0
0
0
0
0
0.0267185
0.0267185
0.0267185
0.0267185
0.0267166
0.0267166
0.0267166
0.0267166
0.0267166
0.0267166
0.0267166
0.0267185
0.0267185
0.0267185
0.0267185
0
0
0
0
0
0
0
0
0
0
0
0
0
0.0266671
0.0266671
0.0266671
0.0266671
0.0266671
0
0
0.026751
0
0
0
0
0
0
0
0
0
0
0
0
0
0
0
0
0
0
0
0
0
0
0
0
0
0
0
0
0
0
0
0
0
0
0
0
0
0
0
0
0
0
0
0
0
0
0
0
0
0
0
0
0
0
0
0
0
0
0
0
0
0
0
0
0
0
0
0
0
0
0
0
0
0
0
0
0
0
0
0
0
0
0
0
0
0
0
0
0
0
0
0
0
0
0
0
0
0
0
0
0
0
0
0
0
0
0
0
0
0
0
0
0
0
0
0
0
0
0
0
0
0.0267452
0.0267452
0.0267452
0
0
0
0
0
0
0
0.0269739
0.0269739
0.0269739
0.0269739
0
0
0
0
0
0
0
0
0
0
0
0
0
0
0.026751
0.026751
0.026751
0.026751
0.026751
0.026751
0
0
0
0
0
0
0
0
0
0
0
0.0269152
0
0.0279138
0
0
0
0
0.0278769
0.0278769
0
0
0
0.0278769
0
0
0
0
0
0
0
0
0
0
0
0
0
0
0
0
0
0
0
0
0
0
0
0
0
0
0
0
0
0
0
0
0
0
0
0
0
0
0
0
0
0
0
0
0
0
0
0
0
0
0
0
0
0
0
0
0
0
0
0
0
0
0
0
0
0
0
0
0.0287718
0.0287718
0.0287718
0.0287718
0.0287718
0.0287718
0.0287718
0.0287718
0.0287718
0.0267433
0.0267433
0.0287718
0
0
0
0
0
0.0287718
0.0287718
0.0287718
0.0287718
0
0
0
0
0
0
0
0
0
0
0
0
0
0.13411
0.136335
0.0287718
0.0287718
0
0.0287718
0.0451202
0.0451202
0.0451202
0.0451202
0
0.0451202
0.0451202
0.0451202
0.0451202
0.0452772
0
0.0455866
0.0455866
0.0455866
0.0455866
0
0.0455866
0.0455866
0.0455866
0.0455866
0.0457198
0
0.0287718
0
0.0287718
0.0287718
0.0413096
0
0
0.0451846
0.0452864
0
0.0287718
0.0287718
0.0287718
0.0287718
0
0.0457869
0.0458831
0
0.0287718
0.0287718
0.0287718
0.0287718
0.0287718
0
0.0287718
0.0287718
0.0287718
0.0287718
0
0.0477709
0.0287718
0
0
0
0
0
0
0
0
0.0457773
0.0475436
0
0.0287718
0.0488532
0
0.0287718
0.029084
0.0287718
0.0287718
0.0287718
0.044014
0
0.044014
0
0.044014
0
0.0287718
0
0.0287718
0.0485071
0.0287718
0
0.0287718
0.0287718
0.0287718
0
0.0287718
0
0.0287718
0.0482131
0.0287718
0
0
0.0287718
0
0
0
0
0
0
0
0
0
0
0
0.0449013
0
0.0287718
0.0448742
0.0448742
0.0448742
0.0449376
0
0
0
0
0
0
0
0
0
0
0
0
0
0
0
0
0
0
0
0.395285
0
0.430331
0.430331
0
0
0.0730882
0
0.0756361
0.0738818
0.0738818
0.114109
0.114109
1
0
0
0
0
0
0
0
0
0
0
0
0
0
0
0
0
0
0
0
0
0
0
0
0
0
0
0
0
0
0
0
0.0794552
0
0.0794552
0
0
0
0
0
0
0
0
0
0
0
0
0
0
0
0.0794552
0
0
0
0
0
0
0
0
0
0
0
0
0
0
0
0
0
0
0
0
0
0.383482
0.383482
0.377964
0
0
0.377964
0
0.377964
0.0426634
0.0287718
0.0287718
0
0.0287718
0
0.0287718
0.0441339
0.0287718
0.04465
0.04465
0.04465
0
0.0447482
0.0453423
0.0287718
0.0287718
0.0287718
0.0287718
0.0287718
0.0287718
0.0287718
0.0287718
0.0287718
0.0287718
0.0287718
0
0.0287718
0
0.0287718
0
0.0287718
0.0287718
0.0287718
0
0
0
0
0
0.0431612
0.0431612
0
0.0431612
0.0431612
0.0431612
0.0431612
0.0431612
0.0431612
0.0431612
0.0431612
0
0
0
0
0.0431612
0
0.0287718
0
0
0
0
0
0
0
0
0
0
0
0
0
0
0
0
0
0
0
0.0422351
0.0675121
0.0675121
0.0675121
0.0675121
0.0675121
0
0.0929278
0.0408862
0.0420257
0.0420257
0.0420257
0.0422728
0.0666667
0.0666667
0
0
0
0
0
0
0.0417247
0.0417247
0.0417247
0.0417247
0.0417247
0.0417247
0.0417247
0.0417247
0.0417247
0.0417247
0.0417247
0.0417247
0.0417247
0.0417247
0.0417247
0.04222
0.0929278
0.0417247
0.0575055
0.0575055
0.0575055
0.0575055
0.0575055
0.0451294
0.0451294
0
0
0
0.0451294
0
0
0
0.04216
0.0693042
0.0693042
0.0700484
0.0704645
0.0427257
0
0.0417247
0.0417247
0
0
0
0.0417247
0
0
0
0
0
0
0
0
0
0
0
0
0
0
0
0
0
0
0
0
0
0
0.0422125
0.0422125
0.0422502
0.0422125
0.0422125
0.0422125
0.0422125
0
0.04222
0.0422804
0
0
0
0
0
0
0
0
0
0
0
0
0
0
0
0
0
0
0
0
0
0
0
0
0
0
0.0929278
0.0929278
0.0929278
0.094239
0.094239
0.0929278
0
0
0
0.0929278
0
0.0417247
0.0417247
0.0417247
0.0417247
0.0417247
0.0417247
0.0417247
0
0
0
0
0
0
0.0929278
0.0929278
0.0929278
0.0929278
0.0929278
0.0929278
0.0929278
0.0929278
0.0929278
0.094239
0.094239
0.094239
0.094239
0.174608
0.174608
0.174608
0.19245
0.174608
0
0
0
0
0
0
0
0.094239
0.0946603
0.094239
0.0929278
0.0427257
0
0.0427647
0.0575055
0.0575055
0.0575055
0.0570173
0.0570173
0.0570173
0.0570173
0.0570173
0.06415
0.0641764
0.0735215
0
0
0.0422804
0.0422804
0.0422804
0.0422804
0.0422804
0.0422804
0.0422804
0.0422804
0.0422804
0.0422804
0.0422804
0.0422804
0
0
0
0
0
0.0422804
0.0422804
0.0422804
0.0422804
0.0422804
0.0422804
0.0422804
0
0.0422804
0.0422804
0.042851
0.042851
0.042851
0.042851
0.0459703
0.0459703
0.0459703
0.0470986
0.0470986
0
0.0470986
0.0471195
0.0470986
0.0471195
0.0471195
0.0459703
0.0459703
0.0459703
0
0.0459703
0.0422804
0.0422804
0.0422804
0.0422804
0
0.0422804
0.0422804
0.0422804
0.0422804
0.0422804
0.0422804
0.0422804
0.0422804
0.0422804
0.0422804
0.0422804
0.0422804
0.0422804
0.131762
0
0
0
0
0
0
0
0
0
0
0
0
0
0
0
0
0.131762
0.131762
0.131762
0
0
0
0.131762
0.133631
0
0
0
0.138943
0.144943
0.138943
0.0422804
0.0422804
0.0422804
0.0422804
0.0443329
0.0443329
0.0425166
0.0425166
0.0443591
0.0443591
0
0
0
0
0
0
0
0
0
0
0.0922924
0.0922924
0
0
0
0
0
0
0
0
0
0
0
0
0
0
0
0
0
0
0
0
0
0.131991
0.131991
0.131991
0
0
0.0434372
0.0434372
0.0470049
0
0
0
0
0.0436519
0.0436519
0
0
0
0
0
0
0.0422804
0
0
0
0
0
0
0
0
0
0
0
0
0
0
0
0
0
0.0443329
0.0443329
0.0443329
0.0443329
0.0443329
0.0443329
0.0443329
0.0443329
0.0432419
0.0432419
0.0535595
0.0535595
0.0535595
0.0535595
0
0.0535595
0.0535595
0
0
0
0.0452123
0.0452123
0.0452957
0.0452123
0.0452123
0.0432419
0.0452123
0.0452123
0.0452123
0.0452123
0.0452123
0
0.0452123
0
0
0.0452216
0
0.045634
0
0
0
0
0
0
0
0.045634
0.0470049
0.0470049
0.0470049
0.0470049
0.0448561
0.0448561
0.0448561
0.0448561
0.0448561
0.0456056
0
0.0453236
0.0425166
0.0425166
0.0425166
0.0425166
0.0551318
0.0551318
0.0551318
0.0427569
0.0427569
0.0428746
0.0428746
0.0428746
0.0428746
0.1001
0.1001
0
0.0428746
0.0428904
0.0428904
0
0.0427569
0.0427569
0
0
0
0
0
0
0
0
0
0
0
0
0
0
0
0
0
0
0
0
0
0
0
0
0
0
0
0
0
0
0
0
0
0
0
0
0
0
0
0
0
0
0
0
0
0
0
0
0
0
0
0
0
0
0
0
0
0
0
0
0
0
0
0
0
0
0
0
0
0
0
0
0
0
0
0
0
0
0
0
0
0
0
0
0
0
0
0
0
0
0
0
0
0
0
0
0
0
0
0
0
0
0
0
0
0
0
0
0
0
0
0
0
0
0
0
0
0
0
0
0
0
0
0
0
0
0
0
0
0
0
0
0
0
0
0
0
0
0
0
0
0
0
0
0
0
0
0
0
0
0
0
0
0
0
0
0
0
0
0
0
0
0
0
0
0
0
0
0
0
0
0
0
0
0
0
0
0
0
0
0
0
0
0
0
0
0
0
0
0
0
0
0
0
0
0
0
0
0.0922924
0.0922924
0.0922924
0.0922924
0.0922924
0.0923711
0.0923711
0
0.0928477
0.0928477
0
0.0928477
0
0
0
0
0
0
0.0922924
0.0922924
0
0.0425474
0.0425474
0.0425474
0
0
0
0
0
0
0.0443591
0.0443591
0.0443591
0.0443591
0.0443591
0
0
0
0
0.0443155
0.0443504
0.0443504
0.0443504
0
0.0443155
0.0443591
0.0443591
0.0443591
0.0443591
0.0443591
0.0450743
0.0450743
0.0450743
0.0450743
0.0450743
0.0454733
0.0443591
0.0450469
0.0450469
0.0453983
0.0443591
0.0445701
0.0445701
0
0
0
0.0443591
0
0
0
0.0443591
0
0.0445524
0
0.0445524
0
0
0
0
0
0
0
0
0
0
0
0
0
0
0
0
0
0
0
0
0
0
0
0
0
0
0
0
0
0
0
0
0
0
0
0
0
0
0
0
0.0612449
0.0428432
0.0428432
0
0.042851
0.0607009
0.0422804
0.0422804
0.0422804
0.0422804
0.0422804
0.0422804
0.0422804
0.0422804
0.0422804
0.0422804
0.0422804
0.0422804
0.0422804
0
0
0
0.0422804
0.0422804
0.0422804
0.0422804
0.0422804
0.0422804
0.0422804
0.0422804
0
0.0422804
0.0422804
0.0422804
0.0422804
0.0422804
0.0422804
0.0422804
0.0422804
0.0422804
0.0422804
0.0422804
0.0422804
0.0422804
0.0402194
0.0402194
0.0402194
0.0402194
0.0402194
0.0402194
0
0.0402194
0.0402194
0
0
0
0
0.0402194
0.0402194
0.0402194
0.0402194
0.0402194
0.0402194
0
0.0402194
0.0402194
0.0402194
0.0402194
0.0402715
0.0402715
0.0402715
0.0407637
0.0402715
0.0402194
0.0402194
0.0402194
0.0409273
0.0402194
0
0
0
0
0
0
0
0
0
0
0
0
0
0
0
0
0
0
0
0
0
0
0
0
0
0
0
0
0
0
0
0
0
0
0
0
0
0
0
0
0
0
0
0
0
0
0
0
0
0
0
0
0
0
0
0
0
0
0
0
0
0
0
0
0
0
0
0
0
0
0
0
0
0
0
0.0267395
0
0
0
0
0
0
0
0
0
0
0
0
0
0
0
0
0
0
0
0
0
0
0
0
0
0
0
0
0
0
0
0
0
0
0
0
0
0
0
0
0
0
0
0
0
0
0
0
0
0
0
0
0
0
0
0
0
0
0
0
0
0
0
0
0
0.0420554
0.0420554
0.0420554
0.0420554
0.0420554
0.0420554
0.0420554
0
0
0
0
0
0
0
0
0
0
0
0
0
0
0
0
0
0
0
0
0
0
0
0
0
0
0
0
0
0
0
0
0
0
0
0
0
0
0
0
0
0
0
0
0
0
0
0
0
0
0
0
0
0
0
0
0
0
0
0
0
0
0
0
0
0
0.0302061
0.0302061
0.0302061
0.0302061
0.0302061
0.0302061
0.0302061
0.0302061
0.0302061
0.0302061
0.0302061
0
0
0
0
0
0
0.03849
0
0.0435277
0
0.0482243
0
0
0
0
0.0427647
0.0423031
0.0448652
0
0.0443242
0.0443242
0.0443242
0.0431612
0.0431612
0.0431612
0.0424936
0
0
0
0
0
0
0
0
0
0
0
0
0
0
0.0455299
0.0455299
0
0.0323932
0.0299208
0.0323932
0.0323932
0.0323932
0.0323932
0.0323932
0.0323932
0.0323932
0.0299208
0.0299208
0.0299208
0.0299208
0.0299208
0.0299208
0.0299208
0.0299208
0.0422804
0
0.0826475
0.0314752
0.0302947
0
0
0
0
0.0431532
0.0445259
0.0448471
0
0
0
0
0
0.0307148
0.0302061
0.0302061
0.0302061
0.0302061
0.0302061
0.048303
0.048303
0.048303
0.048303
0.0427179
0
0.0309315
0.0309315
0.031174
0.0339696
0.0368005
0.0351277
0
0
0
0.0305395
0.0305395
0.0437604
0.0305424
0
0.0305424
0.0368305
0
0
0
0
0
0.0353068
0.030568
0.0422804
0.0431612
0.0431612
0.0431612
0.0431612
0.0422804
0.0422804
0
0
0
0
0
0
0
0
0
0
0
0
0
0
0
0
0
0
0
0
0
0
0
0
0
0
0
0
0
0
0
0
0
0
0
0
0
0
0
0
0
0
0
0
0
0
0
0
0
0
0
0
0
0
0
0
0
0
0
0
0
0
0
0
0
0
0
0
0
0
0
0
0
0
0
0
0
0
0
0
0
0
0
0
0
0
0
0
0
0
0
0
0
0
0
0
0
0
0
0
0
0
0
0
0
0
0
0
0
0
0
0
0
0
0
0
0
0
0
0.0395346
0.064071
0.0395346
0.0395346
0.0395346
0.0395346
0.0395346
0.0395346
0.0395346
0.0395346
0.0395346
0.0395346
0.0395346
0.0395346
0.0395346
0.0395346
0.0395346
0.0395346
0.0395346
0.0395346
0.0395346
0.0395346
0
0
0
0
0
0
0.0395346
0.0395346
0
0.0395346
0.0395346
0.0395346
0.0395346
0.0395346
0.0395346
0.0395346
0.0395346
0.0641236
0.0395346
0.0395346
0.0395346
0.0395346
0.0395346
0.0395346
0.0395346
0.0395346
0.0395346
0.0412885
0.0413026
0.0413026
0.0445878
0
0
0.0395346
0.0395346
0
0.127412
0
0
0.0413026
0.0398853
0
0
0
0.0395408
0.0395346
0.13411
0.13411
0
0
0
0
0
0
0
0
0
0
0
0
0.0395346
0.0395346
0.0413026
0.0413026
0.0411554
0.0411554
0
0
0
0
0
0
0
0
0
0
0
0
0
0
0
0.0410305
0.0410305
0.13411
0.13411
0.13411
0.13411
0.151794
0
0.13411
0.13411
0
0
0
0
0
0
0
0
0
0
0
0
0
0
0
0
0
0
0
0
0
0
0
0
0
0
0
0
0
0
0
0
0
0
0
0
0
0
0
0
0
0
0
0
0
0
0
0
0
0
0
0
0
0
0.0395346
0.0395346
0
0.0395346
0.0395346
0.0455582
0.0395346
0.0395408
0.0412955
0.0395346
0.0395532
0
0.0395842
0
0.0395346
0.0413026
0.0413026
0.0413026
0.0413026
0.0413026
0.0411554
0.0411554
0.0411554
0
0
0
0
0
0
0
0
0
0
0
0
0
0
0
0
0
0
0
0
0
0
0
0
0
0
0
0
0
0
0
0
0
0
0
0
0
0
0
0
0
0
0
0
0
0
0
0
0
0
0
0
0
0
0
0
0
0
0
0
0
0
0
0
0
0
0
0.0410305
0.0410305
0.0410305
0.039578
0
0.0393994
0.0393994
0.0395532
0.03943
0.151794
0
0
0
0
0
0
0
0
0
0
0
0
0
0
0
0
0
0
0
0
0
0
0
0
0
0.0394362
0.0394362
0.0469841
0.0394362
0.0401999
0.0395656
0.0394546
0
0
0
0
0
0.0394546
0.0395346
0.0395346
0.0395346
0.0395346
0.0396963
0.064071
0.064071
0.064071
0.064766
0
0
0
0
0
0
0
0
0
0
0
0
0.040032
0
0
0
0
0
0
0
0
0
0
0
0
0
0
0.0396963
0.0408384
0.0947452
0.0397213
0.040032
0.0410305
0.0407976
0
0
0
0
0
0
0
0
0
0
0
0
0
0
0
0
0
0
0
0.0267376
0
0.0267376
0.0267376
0.0267376
0.0267376
0.0267376
0.0267376
0
0
0.0267376
0
0.0267376
0
0.0267376
0
0
0
0
0
0
0
0
0
0
0
0
0
0
0
0
0
0
0
0.0268821
0
0
0.0268821
0.0268821
0.0268821
0.0268821
0.0268821
0.0268821
0.0268821
0.0268821
0.0268821
0.0268821
0.0268821
0
0
0
0
0
0
0
0
0
0
0
0
0
0
0
0
0
0
0
0
0
0
0
0
0
0
0
0
0
0
0
0
0
0
0.0462151
0.0462745
0
0
0
0
0
0
0
0
0
0
0
0
0
0
0
0
0
0
0
0
0
0
0
0
0
0
0
0
0
0
0
0
0
0
0
0
0
0
0
0
0
0
0
0
0
0
0
0
0
0
0
0
0
0
0
0
0
0
0
0
0
0
0
0
0
0
0
0
0
0
0
0
0
0
0
0
0
0
0
0
0
0
0
0
0
0
0
0
0
0
0
0
0
0
0
0
0
0
0
0
0
0
0
0
0
0
0
0
0
0
0
0
0
0
0
0
0
0
0
0
0
0
0
0
0
0
0
0
0
0
0
0
0
0
0
0
0
0
0
0
0
0
0
0
0
0
0
0
0
0
0
0
0
0
0
0
0
0
0
0
0
0
0
0
0
0
0
0
0
0
0
0
0
0
0
0
0
0
0
0
0
0
0
0
0
0
0
0
0
0
0
0
0
0
0
0
0
0
0
0
0
0
0
0
0
0
0
0
0
0
0
0
0
0
0
0
0
0
0
0
0
0
0
0
0
0
0
0
0
0
0
0
0
0
0
0
0
0
0
0
0
0
0
0
0
0
0
0
0
0
0
0
0
0
0
0
0
0
0
0
0
0
0
0
0
0
0
0
0
0
0
0
0
0
0
0
0
0
0
0
0
0
0
0
0
0
0
0
0
0
0
0
0
0
0
0
0
0
0
0
0
0
0
0
0
0
0
0
0
0
0
0
0
0
0
0
0
0
0
0
0
0
0
0
0
0
0
0.0305795
0
0.0306454
0
0
0
0
0
0
0
0
0
0
0
0
0
0
0
0
0.0302089
0
0
0
0
0
0
0
0
0
0
0.0388192
0
0
0
0
0
0
0
0
0
0
0
0
0
0
0.0298887
0.0853113
0.0298887
0
0
0
0
0
0
0
0
0
0
0.109897
0.124226
0
0
0
0
0
0
0
0.0295372
0.0293813
0.0293813
0.0293813
0.0311498
0.0330915
0
0
0
0
0
0
0
0
0
0
0
0
0
0
0
0
0
0
0
0
0
0
0
0
0
0
0
0
0
0
0
0
0
0
0
0
0
0
0
0
0
0
0
0
0
0
0
0
0
0.0422728
0
0
0.0319373
0.0348367
0.0296513
0.0436935
0
0
0
0
0
0
0
0
0
0
0
0
0
0
0.0431773
0.0431773
0.0431773
0
0.0431773
0.031544
0
0.0315723
0
0
0
0
0
0
0
0
0
0
0
0
0
0
0
0
0
0
0
0
0
0
0
0
0
0
0
0
0
0
0
0
0
0
0
0
0
0
0
0
0
0
0
0
0
0
0
0
0
0
0
0
0
0
0
0
0
0
0
0
0
0
0
0
0
0
0
0
0
0
0
0
0
0
0
0
0
0
0
0
0
0
0
0
0
0
0
0
0
0
0
0
0
0
0
0
0
0
0
0
0
0
0
0
0
0
0
0
0
0
0
0
0
0
0
0
0
0
0
0
0
0
0
0
0
0
0
0
0
0
0
0
0
0
0
0
0
0
0
0
0
0
0
0
0
0
0
0
0
0
0
0
0
0
0
0
0
0
0
0
0
0
0
0
0
0
0
0
0
0
0
0
0
0
0
0
0
0
0
0
0
0
0
0
0
0
0
0
0
0
0
0
0
0
0
0
0
0
0
0
0
0
0
0
0
0
0
0
0
0
0
0
0
0
0
0
0
0
0.0339305
0.0377104
0
0
0
0
0
0
0
0
0
0
0
0
0
0
0.0421225
0.0421225
0.0421225
0.0421225
0.0421225
0
0
0
0
0
0.0269016
0.027929
0.0269016
0
0
0
0
0
0
0
0
0
0
0
0
0
0
0
0
0
0
0
0
0
0
0
0
0
0
0
0
0
0
0
0
0
0
0
0.0422804
0.0422804
0
0
0
0
0
0.0327491
0.0327491
0.0330373
0.0330373
0
0.0330373
0.0684226
0.0330373
0.0436602
0.0330626
0
0.0330915
0
0.033505
0.0347105
0
0
0
0
0.0369813
0.0419443
0.0419443
0.0419443
0.0444994
0.04338
0.0676975
0.0439629
0.0452772
0
0
0
0
0
0
0
0.0380638
0.0380638
0
0.0598042
0.042851
0
0.0426945
0
0.0435194
0
0.0436187
0.0456816
0.0442028
0.0419591
0.0432742
0.0427569
0
0
0
0
0
0
0.0427569
0
0
0
0
0
0
0
0
0
0
0
0
0
0
0
0
0
0
0
0
0
0
0
0
0
0
0
0
0
0
0
0
0
0
0
0
0
0
0
0
0
0
0
0
0
0
0
0
0
0
0
0
0
0
0
0
0
0
0
0
0
0
0
0
0
0
0
0
0.0268821
0
0
0
0
0
0
0
0
0
0
0
0
0
0
0
0
0
0
0
0
0.0268821
0
0.0268821
0
0
0.0269406
0.0269406
0.0267185
0.0267185
0.0267185
0.0267185
0.0267185
0.0267185
0.0267185
0.0267185
0.0267185
0.0267185
0.0267185
0.0267185
0.0267185
0.0267185
0.0267185
0.0267185
0.0267185
0.0267185
0.0267185
0.0267185
0.0267185
0.0267185
0.0267185
0.0267185
0.0267185
0.0267185
0.0267185
0
0
0
0.0267185
0.0267185
0.0267185
0.0267185
0.0267185
0.0267185
0.0267185
0.0267185
0.0267185
0.0267185
0.0267185
0.026751
0.026751
0.026751
0.0267548
0.0267548
0.026751
0.026751
0.0267548
0.0269739
0
0
0
0.026751
0.026751
0.026751
0.026751
0.026751
0.026751
0.026751
0.0292879
0
0
0
0
0.026751
0
0.026751
0
0.026751
0.0395718
0.026751
0
0
0.0286487
0.0286487
0.0286534
0.0286534
0.0286487
0.0286487
0
0
0.0285738
0.0285738
0.0285738
0.0285738
0.0285738
0.0285738
0
0
0
0
0
0.0285948
0.0285738
0.0285738
0.0285738
0.0285738
0.0285738
0
0
0.0285738
0.0285738
0.0285738
0.028637
0.028637
0.0285738
0.0285738
0
0.0285738
0
0.0285738
0
0.0285738
0.0285738
0
0.0285738
0.0285738
0
0
0
0.0285738
0.0285738
0.0285738
0.0285738
0.0285738
0.0285738
0.0285738
0.0285738
0.0285738
0.0285738
0.0285738
0.0285738
0.028637
0.028637
0.028637
0
0.028637
0.0285738
0.0285738
0.0285738
0.0285738
0
0.0285738
0.0285738
0
0
0
0
0
0
0
0
0
0
0
0
0
0
0
0
0
0
0
0
0
0
0
0
0
0
0
0
0
0
0
0
0
0
0
0
0
0
0
0
0
0
0
0
0
0
0
0
0
0
0
0
0
0
0
0
0
0
0
0
0
0
0
0
0
0
0
0
0
0
0
0
0
0
0
0
0
0
0
0
0
0
0
0
0
0
0
0
0
0
0
0
0
0
0
0
0
0
0
0
0
0
0
0
0
0
0
0
0
0
0
0
0
0
0
0
0
0
0
0
0
0
0
0
0
0
0
0
0
0
0
0
0
0
0
0
0
0
0
0
0
0
0
0
0
0
0
0
0
0
0
0
0
0
0
0.027916
0
0
0
0
0
0
0
0
0
0
0.0300231
0
0
0
0
0
0
0
0
0
0
0
0
0
0
0
0
0
0
0.0270014
0.0270014
0
0
0
0
0
0
0
0
0
0
0
0
0
0
0
0
0
0
0
0
0
0
0
0
0
0
0
0
0
0
0
0
0
0
0
0
0
0
0.0287741
0.0287741
0.0287741
0
0
0
0
0
0
0
0
0
0
0
0
0
0
0
0
0
0
0
0
0
0
0
0
0
0
0
0
0
0
0
0
0.0422653
0.0422653
0.0422653
0
0
0
0
0
0
0
0
0
0
0
0
0
0
0
0
0
0
0
0
0
0
0
0
0
0
0
0
0
0
0
0
0
0
0
0
0
0
0
0
0
0
0
0
0
0
0
0
0
0
0
0
0
0
0
0
0
0
0
0
0
0
0
0
0
0
0
0
0
0
0
0
0
0
0
0
0
0
0
0
0
0
0
0
0
0
0
0
0
0
0
0
0
0
0
0
0
0
0
0
0
0
0
0
0
0
0
0
0
0
0
0
0
0
0
0
0
0
0
0
0
0
0
0
0
0
0
0
0
0
0
0
0
0
0
0
0
0
0
0
0
0
0
0
0
0
0
0
0
0
0
0
0
0
0
0
0
0
0
0
0
0
0
0
0.0269367
0
0
0
0
0
0
0
0
0
0
0
0
0
0
0
0
0
0
0
0
0
0
0
0
0
0
0
0
0
0
0
0
0
0
0
0
0
0
0
0
0
0
0.0269602
0.0269602
0.0269602
0
0
0
0
0
0
0
0.0267185
0.0267185
0
0
0.0269016
0
0.0269016
0
0
0
0
0
0
0
0
0
0
0
0
0
0
0
0
0
0.0309759
0.0309759
0.0309759
0.0269113
0
0
0
0
0
0.0269367
0.0269367
0.0269367
0
0
0.0286182
0.0286182
0
0
0
0.0269367
0.0269367
0
0.0267471
0
0
0
0
0
0
0
0
0
0
0
0
0
0
0
0
0
0.0271243
0
0.0269289
0
0
0
0
0
0
0
0
0
0
0
0
0
0
0
0
0
0
0
0
0
0
0
0
0
0
0
0
0
0
0
0
0
0.0408248
0
0
0
0
0
0
0
0
0
0
0
0
0
0
0
0
0
0
0
0
0
0
0
0
0
0
0
0
0
0
0
0
0
0
0
0
0
0
0
0
0
0
0
0
0
0
0
0
0
0
0
0
0
0
0
0
0
0
0
0
0
0
0
0
0
0
0
0
0
0
0
0
0
0
0
0
0
0
0
0
0
0
0
0
0
0
0
0
0
0
0
0
0
0
0
0
0
0
0
0
0
0
0
0
0
0
0
0
0
0
0
0
0
0
0
0
0.0269367
0
0.0269367
0
0
0
0
0
0
0
0
0
0
0
0.0267185
0.0267185
0.0267185
0.0267185
0.0267185
0
0
0
0
0
0
0
0.0287718
0.0287718
0.0287718
0.0287718
0.0287718
0.0287718
0.0287718
0.0287718
0.0287718
0.0287718
0.0287718
0.0287718
0.0287718
0.0287718
0.0287718
0.0287718
0.0287718
0.0287718
0.0287718
0.0287718
0.0287718
0
0
0
0
0
0.0422653
0.0459122
0.0287718
0.0287718
0.0287718
0.0287718
0.0287718
0.0287718
0.0287718
0.0287718
0.0287718
0.0287718
0.0287718
0.0287718
0.0287718
0.0287718
0.0287718
0.0287718
0.0287718
0.0287718
0.0287718
0.0287718
0.0287718
0.0287718
0.0287718
0.0287718
0.0287718
0.0287718
0.0287718
0.0287718
0.0287718
0.0287718
0.0287718
0.0287718
0.0287718
0.0287718
0.0287718
0.0287718
0.0287718
0.0287718
0.0287718
0.0287718
0.0287718
0.0287718
0.0287718
0.0287718
0.0287718
0.0287718
0.0287718
0.0287718
0.0287718
0.0287718
0.0287718
0.0287718
0.0287718
0.0287718
0.0287718
0.0287718
0.0287718
0.0287718
0.0287718
0.0287718
0.0287718
0.0287718
0.0287718
0.0287718
0.0287718
0.0287718
0.0287718
0.0287718
0.0287718
0.0287718
0.0287718
0.0287718
0.0287718
0.0287718
0.0287718
0.0287718
0.0287718
0.0287718
0.0287718
0.0287718
0.0287718
0.0287718
0.0287718
0.0287718
0.0287718
0.0287718
0.0287718
0.0287718
0.0287718
0.0287718
0.0287718
0.0287718
0.0287718
0.0287718
0.0287718
0.0287718
0.0287718
0.0287718
0.0287718
0.0287718
0.0287718
0.0287718
0.0287718
0.0287718
0.0287718
0.0287718
0.0287718
0.0287718
0.0287718
0.0287718
0.0287718
0.0287718
0.0287718
0.0287718
0.0287718
0.0287718
0.0287718
0.0287718
0.0287718
0.0287718
0.0287718
0.0287718
0.0287718
0.0287718
0.0287718
0.0287718
0.0287718
0.0287718
0.0287718
0.0287718
0.0287718
0.0287718
0.0287718
0.0287718
0.0287718
0.0287718
0.0287718
0.0287718
0.0287718
0.0287718
0.0287718
0.0287718
0.0287718
0.0287718
0.0287718
0.0287718
0.0287718
0.0287718
0.0287718
0.0287718
0.0287718
0.0287718
0.0287718
0.0287718
0.0287718
0.0287718
0.0287718
0.0287718
0.0287718
0.0287718
0.0287718
0.0287718
0.0287718
0.0287718
0.0287718
0.0287718
0.0287718
0.0287718
0.0287718
0.0287718
0
0
0.0287718
0.0287718
0.0287718
0.0287718
0.0287718
0.0287718
0.0287718
0.0287718
0.0287718
0.0287718
0.0287718
0.0287718
0.0287718
0.0287718
0.0287718
0.0287718
0.0287718
0.0287718
0.0287718
0
0.0462053
0
0
0
0.0287718
0
0
0
0
0
0
0
0
0
0
0
0
0
0
0
0
0
0
0
0
0
0
0
0
0
0
0
0
0
0
0
0
0
0
0
0
0
0
0
0
0
0
0
0
0
0
0
0
0
0
0
0
0
0
0
0
0.0450377
0
0.0450377
0.0450377
0
0
0
0
0
0
0
0.0423638
0.0423638
0.04853
0.0423638
0.0287718
0.0287718
0.0287718
0.0443068
0.0443068
0.0443068
0.0447661
0.0443068
0.0447661
0.0447661
0
0
0.0443242
0.0443242
0
0
0
0.0443242
0
0
0
0.0431612
0
0
0.0431612
0.0431612
0.0431612
0.0431612
0.0431612
0
0
0
0
0.0431612
0.0287718
0.0287718
0.0485643
0.0457869
0.0485071
0.0459122
0.0293181
0
0.0287718
0.0287718
0.0287718
0.0287718
0.0422426
0.0422426
0.0422426
0.0422426
0
0.0287718
0.0287718
0
0
0
0.0287718
0.0287718
0
0
0
0
0
0
0
0.0287718
0.0287718
0.0287718
0.0287718
0.0287718
0.0287718
0.0287718
0.0287718
0.0287718
0.0287718
0.0287718
0.0287718
0.0287718
0
0
0
0.0287718
0.0287718
0
0
0
0
0
0
0
0
0
0
0
0
0
0
0
0
0
0
0
0.0455016
0
0
0
0
0
0
0.162221
0.0485071
0.0287718
0.0287718
0.0287718
0.0486447
0
0
0
0
0
0
0
0
0
0
0
0
0.0442028
0
0
0
0.0442028
0
0
0
0
0
0
0
0.0442028
0.0487718
0.0469737
0
0
0
0
0.0483481
0.048982
0.0483481
0
0.0485185
0.0485185
0.0485185
0.0485185
0.0485185
0
0
0.0443068
0.0443068
0
0.0443068
0.0457965
0.0457965
0.0457965
0.0486677
0.0486677
0
0.0486677
0.0486677
0.0486677
0
0.0486677
0.0486677
0.0486677
0.0486677
0.0457965
0.0455866
0
0
0
0
0
0
0
0
0
0
0
0
0
0
0
0
0
0
0
0
0
0
0
0
0
0
0
0
0
0.0487718
0.0487718
0.0487718
0.0487718
0.0487718
0.0487718
0.0487718
0.0487718
0.0487718
0.0487718
0
0.0487718
0.0487718
0.0487718
0
0.0487718
0
0.0487718
0.0487718
0.0482131
0.0482131
0.048258
0.048258
0.0482131
0.0427882
0.0427882
0.0268821
0
0.0267452
0.0267452
0.0267452
0.0267452
0.0267452
0.0267452
0.0267452
0.0267452
0.0267452
0.0267452
0.0267452
0.0267452
0.0267452
0.0267452
0.0267452
0.0267452
0.0267452
0.0267452
0.0267452
0.0267452
0.0267452
0.0267452
0.0267452
0.0267452
0.0267452
0
0
0
0
0
0.0267452
0
0
0
0
0
0
0
0
0
0
0
0
0
0
0
0.0267452
0.0267452
0.0267452
0.0267452
0.0267452
0.0267452
0.0267452
0.0267452
0.0267452
0.0267452
0
0
0
0
0
0
0
0
0
0
0
0
0
0
0
0
0
0
0
0
0
0
0
0
0
0
0
0
0
0
0
0
0
0
0
0
0
0
0
0
0
0
0
0
0
0
0
0
0
0
0
0
0
0
0
0
0
0
0
0
0
0
0
0
0
0
0
0
0
0
0
0
0
0
0
0
0
0
0
0
0
0
0
0
0
0
0
0
0
0
0
0
0
0
0
0
0
0
0
0
0
0
0
0
0
0
0
0
0
0
0
0
0
0
0
0
0
0
0
0
0
0
0
0
0
0
0
0
0
0
0
0
0
0
0
0
0
0
0
0
0
0
0
0
0
0
0
0
0
0
0
0
0
0
0
0
0
0
0
0
0
0
0
0
0
0.0287718
0.0287718
0.0287718
0.0287718
0.0287718
0.0287718
0
0
0
0.0438445
0.0293686
0
0
0.044091
0.04347
0.04347
0
0
0
0
0
0
0
0
0
0
0
0
0
0
0
0
0
0
0
0
0.0267452
0
0
0
0
0
0
0
0.0293762
0.0293762
0.0293762
0
0
0
0
0
0
0
0
0
0
0
0
0
0.0463042
0.0463042
0
0.0450469
0.0444818
0.0444818
0
0
0
0
0
0.0450012
0.043946
0.0293686
0.0475975
0.0456626
0.0456626
0.0453329
0.0453329
0.0293711
0
0
0.0494831
0
0
0
0
0
0
0
0.0295501
0.0295501
0.0295501
0
0.0295501
0.0297693
0.0295501
0.029563
0
0.0287718
0.0287718
0.0287718
0.0287718
0.0287718
0
0
0
0
0.0448291
0.0287718
0.0447214
0.0287718
0
0
0
0.043073
0.0287718
0
0
0
0
0
0
0
0
0
0
0
0
0
0.0269916
0.0269916
0
0
0.0269896
0.0269896
0.0269896
0.0269896
0.0269896
0.0269896
0.0269896
0.0269916
0.0269896
0.0269916
0.0269916
0.0269916
0.0269916
0.0270014
0.0285365
0
0
0.0270152
0.0270152
0.0270152
0.0270152
0.0270152
0
0
0
0
0
0
0.0269916
0.0269916
0
0
0
0
0
0
0
0
0
0
0
0
0
0
0
0
0
0
0
0
0
0
0
0
0
0
0
0
0
0
0
0
0
0
0
0
0
0
0
0
0
0
0
0
0.0285598
0.0285598
0.0285598
0
0
0.0402064
0
0.0402064
0
0
0
0
0
0
0
0
0
0
0
0
0
0
0
0
0
0
0
0
0
0
0
0
0
0
0
0
0
0
0
0
0
0
0
0
0
0
0
0
0
0
0
0
0
0
0
0
0
0
0
0
0
0
0
0
0
0
0
0
0
0
0
0
0
0
0
0
0
0
0
0
0
0
0
0
0
0
0
0
0
0
0
0
0
0
0
0
0
0
0
0
0
0
0
0
0
0
0
0.0267395
0.0267395
0.0267395
0.0267395
0.0267395
0.0267395
0.0267395
0.0267395
0.0267395
0.0267395
0.0267395
0.0267395
0.0267395
0.0267395
0.0267395
0.0267395
0.0267395
0.0267395
0.0267395
0.0267395
0.0267395
0.0267395
0.0267395
0.0267395
0.0267395
0.0267395
0.0267395
0.0267395
0.0267395
0.0267395
0.0267395
0.0267395
0.0267395
0.0267395
0.0267395
0.0267395
0.0267395
0.0267395
0.0267395
0.0267395
0.0267395
0.0267395
0.0267395
0.0267395
0.0267395
0.0267395
0.0267395
0.0267395
0.0267395
0.0267395
0.0267395
0.0267395
0.0267395
0.0267395
0.0267395
0.0267395
0.0267395
0.0267395
0.0267395
0.0267395
0.0267395
0.0267395
0.0267395
0.0267395
0.0267395
0.0267395
0.0267395
0.0267395
0.0267395
0.0267395
0.0267395
0.0267395
0.0267395
0.0267395
0.0267395
0.0267395
0.0267395
0.0267395
0.0267395
0.0267395
0.0267395
0.0267395
0.0267395
0.0267395
0.0267395
0.0267395
0.0267395
0.0267395
0.0267395
0.0267395
0.0267395
0.0267395
0.0267395
0.0267395
0.0267395
0.0267395
0.0267395
0.0267395
0.0267395
0.0267395
0.0267395
0.0267395
0.0267395
0.0267395
0.0267395
0.0267395
0.0267395
0.0267395
0.0267395
0.0267395
0.0267395
0.0267395
0.0267395
0.0267395
0.0267395
0.0267395
0.0267395
0.0267395
0.0267395
0.0267395
0.0267395
0.0267395
0.0267395
0.0267395
0.0267395
0.0267395
0.0267395
0.0267395
0.0267395
0.0267395
0.0267395
0.0267395
0.0267395
0.0267395
0.0267395
0.0267395
0.0267395
0.0267395
0.0267395
0.0267395
0.0267395
0.0267395
0.0267395
0.0267395
0.0267395
0.0267395
0.0267395
0
0
0
0
0
0
0
0
0
0
0
0
0
0
0
0
0
0
0
0
0
0
0
0
0
0
0
0
0
0
0
0
0
0
0
0
0
0
0
0
0
0
0
0
0
0
0
0
0
0
0
0
0
0
0
0
0
0
0
0
0
0
0
0
0
0
0
0
0
0
0
0
0
0
0
0
0
0
0
0
0
0
0
0
0
0
0
0
0
0
0
0
0
0.026751
0
0.026799
0.026799
0.026751
0
0
0
0
0.026799
0.026799
0
0
0
0
0
0
0
0
0
0
0
0
0
0
0
0
0
0
0
0
0
0
0
0
0
0
0
0
0
0
0
0
0
0
0
0
0
0
0
0
0
0
0
0
0
0
0
0
0
0
0
0
0
0
0
0
0
0
0
0
0
0
0
0
0
0
0
0
0
0
0
0
0
0
0
0.0267548
0
0
0
0
0
0
0
0
0
0
0
0
0
0.028405
0.028405
0.0309759
0
0
0
0
0
0
0
0
0
0
0
0
0
0
0
0
0
0
0
0
0
0
0
0
0
0.0283958
0.0283958
0.0283958
0.026751
0
0
0
0
0
0
0
0
0
0
0
0
0
0
0
0
0
0
0
0
0
0
0
0
0
0
0
0
0
0
0
0
0
0
0
0
0
0
0
0
0
0
0
0
0
0
0
0
0
0
0
0
0
0
0
0
0
0
0
0
0
0
0
0
0
0
0
0
0
0
0
0
0
0
0
0
0
0
0
0
0
0
0
0
0
0
0
0
0
0
0
0
0
0
0
0
0
0
0
0
0
0
0
0
0
0
0
0
0
0
0
0
0
0
0
0
0
0
0
0
0
0
0
0
0
0
0
0
0
0
0
0
0
0
0
0
0
0
0
0
0
0
0
0
0
0
0
0
0
0
0
0
0
0
0
0
0
0
0
0
0
0
0
0
0
0
0
0
0
0
0
0
0
0
0
0
0
0
0
0
0
0
0
0
0
0
0
0
0
0
0
0
0
0
0
0
0
0
0
0
0
0
0
0
0
0
0
0
0
0
0
0
0
0
0
0
0
0
0
0
0
0
0
0
0
0
0
0
0
0
0
0
0
0
0
0
0
0
0
0
0
0
0
0
0
0
0
0
0
0
0
0
0.0267395
0.0267395
0.026799
0
0
0.0267395
0.0267395
0.0267395
0.0267395
0.0267395
0.0267395
0.0267395
0.0267395
0.0267395
0.0267395
0.0267471
0.026751
0.026751
0
0.026751
0.026751
0.0267471
0.0267471
0.0267471
0.0267471
0.0267471
0.0267395
0.026751
0.026751
0.0267395
0
0
0
0
0
0
0
0
0
0
0
0
0
0
0
0
0
0
0.026751
0.0268086
0.0291929
0.0369965
0.0502773
0.0369965
0.0370828
0
0
0
0
0
0
0
0
0.0267471
0.0267471
0.0267471
0.0267471
0
0.0369965
0.0268086
0.0291804
0.0291804
0.0291929
0.0291804
0.0369965
0
0.0267376
0.0267376
0.0267376
0.0267376
0.0267376
0
0
0
0
0.0267452
0.0267452
0.0267452
0.0267452
0.0267452
0.0267452
0
0
0
0
0
0
0.0267452
0.0267452
0.0267452
0.0267452
0.0267452
0.0267452
0.0267452
0.0267452
0
0
0
0
0.0268067
0.0392837
0.0392837
0.0392837
0.0501381
0.0502773
0.026751
0
0.0267376
0.0267376
0.0267376
0.0267376
0.0267376
0
0
0
0
0
0
0
0
0
0
0
0
0
0
0.0267395
0.0267395
0.0267395
0.0267395
0.0267395
0.0269367
0
0
0
0
0
0
0
0
0.0267376
0.0267376
0.0267376
0.0267376
0.0267376
0.0267376
0
0
0.0267395
0.0267395
0.0267395
0.0267395
0.0267395
0.0267395
0
0
0.0267395
0.0267395
0.0267395
0.0267395
0.0267395
0.0267395
0.0267395
0
0
0.0267395
0.0267395
0.0267395
0.0267395
0.0267395
0.0267395
0.0267395
0
0
0
0.0267395
0.0267395
0.0267395
0.0267395
0.0267395
0.0267395
0
0
0
0.0267395
0.0267395
0.0267395
0.0267395
0.0267395
0.0267395
0
0
0.026728
0.026728
0.026728
0.026728
0
0
0
0
0
0
0
0
0
0
0
0
0
0
0.0369661
0.036956
0.036956
0.036956
0.036956
0.036956
0.036956
0.036956
0.036956
0.0369661
0.0369661
0
0
0
0
0
0
0
0
0
0.0407029
0.0407029
0
0
0
0
0
0
0
0
0
0
0
0
0
0
0
0
0
0
0.154672
0.154672
0
0
0
0
0
0
0
0
0
0
0
0
0
0
0
0
0
0
0.0384445
0.0384445
0
0.0384445
0
0
0
0.039759
0.0390494
0.0440225
0.0440311
0.0397339
0
0.0451386
0
0.0482355
0
0
0.0390434
0
0
0
0
0.0475651
0.0445967
0.0372782
0.0431693
0.0372782
0
0.0370117
0.0370218
0.0370218
0.0428039
0.0428039
0.0428039
0.037273
0.0376089
0
0
0
0.0372833
0.0376195
0
0
0
0
0
0
0
0
0
0
0
0
0
0
0
0
0
0
0
0
0
0
0
0
0
0.0473939
0.0473939
0
0.0473939
0.0473939
0
0
0
0
0
0
0
0
0
0
0
0
0
0
0
0
0
0
0
0
0
0
0
0
0
0
0
0
0
0
0
0
0
0
0
0
0
0
0
0
0
0
0
0
0
0
0
0
0
0
0
0
0
0.0457198
0.0457198
0.0457198
0.0457198
0.0457198
0.0457198
0
0.0484615
0.0484615
0
0.0484615
0.0484615
0
0
0
0
0
0.0370167
0.0466354
0
0.0467576
0
0
0
0.0466354
0.0440824
0.0448832
0.0467576
0.0424476
0.042532
0.0480126
0.0437688
0.0437688
0.0445524
0.0445524
0
0
0
0
0.0426324
0
0.0426324
0.0426324
0.0426324
0
0
0
0.0372678
0.0389132
0.0388955
0.0410512
0.0372368
0.0462547
0.0445524
0
0
0.0430571
0.0452031
0.0445524
0.0490999
0.0479353
0.0479353
0.0409822
0
0
0
0.0411833
0
0
0
0
0
0
0
0
0.0433148
0
0
0
0
0
0
0
0
0
0
0
0
0
0
0
0
0.0411833
0
0
0
0
0
0
0
0
0
0
0.0440824
0.044091
0
0
0
0
0
0
0
0
0.162221
0.164845
0
0.0433148
0.0433148
0
0
0
0
0
0
0
0
0
0
0
0
0
0
0
0
0
0.0372782
0
0
0.0370218
0.0370218
0
0
0.0440824
0.0442547
0.0485071
0
0
0
0
0
0
0
0
0
0
0
0
0
0
0
0
0
0
0
0
0
0
0
0
0
0
0
0.0446233
0
0
0
0
0
0
0
0
0
0
0
0
0
0
0
0
0
0
0
0
0
0
0
0
0
0
0
0
0
0
0
0
0
0
0
0
0
0
0
0
0
0
0
0
0
0
0
0
0
0
0.0267452
0
0
0
0
0
0
0
0
0
0
0
0
0
0
0.0267452
0.0267452
0.0267452
0
0
0
0
0
0
0
0
0
0
0
0
0
0
0
0
0
0
0
0
0
0
0
0
0
0
0
0
0
0
0
0.0268957
0
0
0
0
0
0
0
0
0
0
0
0
0
0
0
0
0
0
0
0
0
0
0
0.0395346
0.0395346
0.0395346
0.0401934
0.0408999
0
0.0401934
0.0401934
0.0401934
0.0395346
0.0395346
0.0395346
0.0395346
0.0395346
0.0395346
0
0
0
0
0.0400256
0.0400256
0
0
0
0
0
0
0
0.0400256
0
0
0
0
0
0.0367756
0.0367756
0.0367756
0.0367756
0.0367756
0
0
0
0
0
0.037377
0.037377
0.037377
0.037377
0.037377
0.037377
0
0
0
0
0
0
0
0
0
0
0.0371237
0.0369258
0.037377
0
0
0.0401157
0.0401157
0.0369258
0.0369258
0.0369258
0.0369258
0.0369258
0
0
0
0
0
0
0
0
0
0
0
0
0
0
0
0
0
0
0.0369258
0
0
0
0
0
0
0
0
0
0.0377695
0.0377695
0.0377695
0.0377695
0.0382527
0
0.0384388
0.0377695
0
0
0.0402389
0
0.0402389
0.0402389
0.0402389
0.0402389
0.0402389
0.0395346
0
0.0395346
0.0395346
0.0395346
0.0395346
0.0395346
0
0
0
0
0
0
0
0
0
0
0
0
0
0
0
0
0
0
0
0
0
0
0
0
0
0
0
0
0
0
0
0
0
0
0.0367756
0.0367756
0
0.0395346
0.0367657
0.0367657
0.0395346
0.0395346
0.0395346
0
0
0.0373665
0.0373665
0
0.0373665
0
0
0
0
0
0
0
0
0
0
0
0
0
0
0
0
0
0
0
0
0
0
0
0
0
0
0
0
0
0
0
0
0.0369258
0.0369258
0.0369258
0.0369258
0.0369258
0.0369258
0
0
0
0
0
0
0.037377
0.0369258
0
0.0395346
0.0395346
0.0398663
0.0398663
0.0398663
0.037377
0.037377
0.037377
0.037377
0.037377
0.0400449
0.037377
0
0
0
0
0.037577
0
0
0
0
0
0
0
0
0
0
0
0
0
0
0.0395346
0.0395346
0.0395346
0.0395346
0.0395346
0.0395346
0.0395346
0.0422804
0
0
0
0
0
0
0
0
0
0
0
0
0
0
0
0
0.0267357
0.0267357
0.0267357
0.0267357
0.0267357
0.0267357
0.0267357
0.0267357
0.0267357
0.0267357
0.0267357
0
0
0
0
0
0
0
0
0
0
0
0
0
0
0
0
0
0
0
0
0
0
0
0
0
0
0
0
0
0
0
0
0
0
0
0
0
0
0
0
0
0
0
0
0
0
0
0
0
0
0
0
0
0
0
0
0
0
0
0
0
0
0
0
0
0
0
0
0
0
0
0
0
0
0
0
0
0
0
0
0
0
0
0
0
0
0
0
0
0
0
0
0
0
0
0
0
0
0
0
0
0
0
0
0
0
0
0
0
0
0
0
0
0
0
0
0
0
0
0
0
0
0
0
0
0
0
0
0
0
0
0
0
0
0
0
0
0
0
0
0
0
0
0
0
0
0
0
0
0
0
0
0
0
0
0
0
0
0
0
0
0
0
0
0
0
0
0
0
0
0
0
0
0
0
0
0
0
0
0
0
0
0
0
0
0
0
0
0
0
0
0
0
0
0
0
0
0
0
0
0
0
0
0
0
0
0
0
0
0
0
0
0
0
0
0
0
0
0
0
0
0
0
0
0
0
0
0
0
0
0
0
0
0
0
0
0
0
0
0
0
0
0
0
0
0
0
0
0
0
0
0
0
0
0
0
0
0
0
0
0
0
0
0
0
0
0
0
0.0267548
0.0267548
0.0267548
0.0267548
0.0267548
0.0267548
0
0
0
0
0
0
0
0
0
0.0422804
0.0422804
0.0422804
0.0422804
0.0422804
0.0444116
0.0444291
0.0422804
0.045111
0.045111
0.045111
0.0439714
0.0439799
0
0
0
0
0
0
0
0
0
0
0
0.0422804
0.0422804
0.0422804
0.0422804
0.0422804
0.0422804
0.0422804
0.0422804
0.0425013
0.0425013
0.0431612
0.0433963
0.0433963
0.0431612
0.0431612
0.0431612
0.0431612
0.0431612
0.0422804
0.0422804
0.0423562
0.0423562
0.0422804
0.0422804
0.0422804
0.0422804
0.0422804
0.0422804
0.0451294
0.0422804
0.0422804
0.0422804
0.0422804
0.0422804
0
0
0
0.042851
0.0466455
0.042851
0.0445347
0.0443329
0.0443329
0.0452957
0
0
0.0436602
0.0436602
0.0443591
0.0470152
0.0422804
0
0
0
0
0.0422804
0.0422804
0
0
0
0
0.0440567
0.0440567
0
0
0
0
0
0
0
0
0
0
0
0
0.0422804
0
0
0
0
0
0
0
0
0
0
0
0
0
0
0
0
0
0
0
0
0
0
0
0
0
0
0
0
0
0
0
0
0
0
0
0
0
0
0
0
0
0
0.0435194
0.0435194
0.0465847
0.047036
0.047036
0.047036
0.047036
0.047036
0.0477928
0.0477928
0.0479243
0.0479243
0.04853
0.047036
0.0493624
0.047036
0.047036
0.0493624
0.047036
0
0
0.0435194
0.0424629
0.0424629
0.0424629
0
0
0
0
0.0436602
0.0436602
0.0436602
0
0
0
0
0
0.0436769
0.0436769
0.0436602
0.042851
0.042851
0.042851
0.042851
0.042851
0.042851
0.042851
0.0451294
0.042851
0.0436602
0.0436602
0.0436602
0
0.0436602
0.0436602
0.0457198
0.0467167
0.0970371
0
0.0987248
0.0427647
0.0427647
0
0
0
0
0
0
0
0.0427647
0.0427647
0.0427647
0.0427647
0.0427647
0.0427647
0
0
0
0
0
0.0427647
0.0427882
0.0427882
0.0427882
0.0427882
0.0427882
0.0427882
0.0459218
0.0459218
0.0461462
0.0459218
0.0459412
0.0427882
0.0427882
0.0427882
0.0471509
0.0427882
0.0427882
0.0470777
0.0427882
0.0427882
0.0427882
0.0471509
0.0471509
0.0428274
0
0
0
0.0427882
0.0428274
0.0427882
0.0427647
0.0427647
0.0468807
0.0428039
0.0470777
0.0470777
0.0470777
0.0501759
0
0
0
0
0
0
0.0470777
0.0504049
0.0470777
0
0
0
0
0
0
0
0
0
0
0
0
0
0
0
0
0
0
0
0
0
0
0
0
0.0428353
0.0428353
0.0428117
0.0428117
0.0428353
0.0453889
0.0428117
0.0428117
0.042796
0.042796
0.042796
0.042796
0.042796
0
0
0
0.042796
0.042796
0.042796
0.0481348
0.0481348
0.0481348
0.0428039
0.0434372
0.0428039
0.0428039
0
0
0
0
0.042796
0.042796
0.0436602
0.0453423
0.042796
0.0434127
0.0434127
0
0.043997
0.042796
0
0
0
0
0.042796
0.0453423
0.0453423
0.0453423
0.0453423
0.0453423
0.0453423
0.0488532
0.0453423
0.0453423
0
0.0453423
0
0
0
0
0
0
0
0
0.0432257
0.047036
0.0434618
0.0457773
0
0
0
0
0
0
0
0
0
0
0
0
0
0
0
0
0
0
0
0
0
0
0
0
0
0
0
0
0
0
0
0
0
0
0
0
0
0
0
0
0
0
0
0
0
0
0
0
0
0
0
0
0
0
0
0
0
0
0
0
0
0
0
0
0
0
0
0
0
0
0
0
0
0
0
0
0.0448561
0.0448561
0.0448561
0.0448561
0.0448561
0.0448561
0.0448561
0
0.0448561
0
0
0
0
0
0
0
0
0
0.0448561
0
0
0
0.0450926
0.0450926
0.045615
0.045615
0.0467678
0.0467678
0.0468088
0.045615
0.045615
0
0
0
0
0
0
0
0.0450926
0.0450926
0
0.0450926
0.0450926
0.046605
0.0450926
0
0
0
0
0
0
0
0
0
0
0
0.0456626
0.0436852
0
0.043836
0
0.0456531
0
0.0453983
0.0453983
0.0455393
0.0455393
0
0.0422804
0
0
0
0
0
0
0
0
0
0
0
0
0
0
0.0422804
0
0
0
0
0
0
0
0
0
0
0
0
0
0
0
0
0
0
0
0
0
0
0
0
0
0
0
0.0287718
0.0287718
0.0287718
0.0287718
0.0287718
0.0287718
0.0287718
0.0287718
0.0287718
0.0287718
0.0287718
0.0287718
0.0287718
0.029356
0.0293711
0
0.0293711
0.0293711
0.0293711
0
0.0472561
0.0472561
0
0.0472561
0.0472561
0.0472561
0.0472561
0
0
0
0
0
0
0
0
0
0
0
0
0
0
0
0
0
0
0
0
0
0
0
0
0
0
0
0
0
0
0
0
0
0
0
0
0
0
0
0
0
0
0
0
0.0287718
0.0287718
0
0.0293737
0.0287718
0.0287718
0.0287718
0.0287718
0.0287718
0.0287718
0.0291136
0.0291136
0.0475007
0.0287718
0.0287718
0
0.0287718
0.0457198
0.0287718
0.048795
0.0287718
0.0287718
0.0287718
0
0
0
0
0.0287718
0
0
0
0
0
0.0287718
0
0.0287718
0.0287718
0.0287718
0.0287718
0
0.0287718
0.0287718
0.0287718
0.0287718
0.0287718
0.0287718
0.0287718
0.0287718
0
0.0287718
0.0431612
0.0431612
0.0431612
0.0431612
0.0431612
0.0431612
0.0431612
0.0431612
0
0
0
0
0
0
0
0
0
0
0
0
0
0
0
0
0
0
0
0
0
0
0
0
0
0
0
0
0
0
0
0
0
0
0
0
0
0
0
0
0
0
0
0
0
0
0
0
0
0
0
0
0
0
0
0
0
0
0.0287718
0.0287718
0.0287718
0.0287718
0.0287718
0.0287718
0.0287718
0.0287718
0.0287718
0.0287718
0.0287718
0.0287718
0.0287718
0.0287718
0.0287718
0.162221
0.162221
0.162221
0.162221
0.162221
0.162221
0.162221
0.162221
0.162221
0.162221
0.0487718
0.0287718
0.0287718
0.0471091
0.045157
0
0.045157
0
0.045157
0.045157
0
0
0.045157
0.0456721
0
0.0456721
0
0.0456721
0.0456721
0
0
0.0456721
0
0
0
0
0.0287718
0
0
0
0
0
0
0
0.0456816
0.0456816
0.0456816
0
0.0428274
0.0652328
0.0652328
0.0652328
0.0880451
0.0880451
0
0.0880451
0.0652328
0.0652328
0.0652328
0.0652328
0.0652328
0
0.237023
0.0463042
0.0501255
0.0287718
0.0451938
0.045305
0.045305
0
0
0
0
0
0
0.0287718
0.0287718
0.0287718
0
0.0287718
0.0287718
0.0287718
0.0287718
0.0287718
0.0287718
0.0287718
0.0287718
0.0287718
0.0287718
0
0.0287718
0
0.0287718
0.0287718
0.0287718
0.0287718
0.0287718
0.0287718
0
0.0287718
0.0287718
0.0287718
0.0287718
0.0287718
0.162221
0
0
0
0.0287718
0
0.0287718
0.0458542
0.0458542
0
0
0.0458542
0
0
0
0
0
0
0
0
0
0.0454545
0.0454545
0.0454545
0.0455771
0
0
0
0
0
0
0
0
0
0
0
0
0
0
0
0
0
0
0
0
0
0.0287718
0.166667
0.162221
0.162221
0.162221
0
0
0
0.162221
0.0464038
0.0464238
0.0464238
0.0464238
0
0.0464238
0
0
0
0.0464038
0
0
0
0
0
0
0
0
0
0
0
0
0
0
0
0
0
0
0
0
0
0
0
0
0
0
0
0
0
0
0
0
0
0
0
0
0
0
0.222497
0.222497
0
0.235702
0
0
0
0
0
0
0
0
0
0.239732
0.239732
0
0.246932
0
0.253185
0.253185
0.253185
0
0
0
0
0
0
0
0
0
0
0
0
0.0287718
0.0287718
0.0287718
0.0287718
0.0287718
0
0
0
0
0
0
0
0
0
0
0
0
0
0
0
0
0
0
0.0485071
0.174608
0.181969
0.422577
0.0495317
0
0
0
0.0495803
0
0.0495803
0.0466964
0.0488299
0
0
0
0
0
0
0
0
0
0
0
0
0
0
0
0
0
0
0
0
0
0
0
0
0
0
0
0
0
0
0
0
0
0
0
0
0
0
0
0
0.0454545
0.0661396
0.0459315
0.0499625
0.0499625
0
0.0499625
0
0.0499625
0.0499625
0.046019
0.0497272
0
0.0287718
0.0287718
0.0287718
0.0287718
0.0287718
0.0430093
0.0486217
0.0488299
0.0488299
0.0488299
0.0488299
0.0488299
0.0287718
0.0287718
0.0287718
0.0287718
0
0
0
0
0
0
0
0
0
0
0
0
0.0287718
0.0431612
0.0431612
0.0431612
0.0431612
0.0431612
0.0431612
0.0431612
0.0431612
0.0431612
0.0431612
0.0431612
0.0431612
0
0
0
0
0.0431612
0
0.0431612
0.0431612
0.0431612
0.0431612
0
0
0
0
0
0
0
0
0
0
0
0
0
0
0
0
0
0
0
0
0
0
0
0
0
0
0
0
0
0.0483255
0
0
0
0
0
0
0
0
0
0
0
0
0
0
0
0
0
0
0
0
0
0
0
0
0
0
0
0
0
0
0
0
0
0
0
0.0431452
0.0431452
0.0431452
0.0431452
0
0
0
0
0
0
0
0.0431452
0.0431452
0.0431452
0.0431452
0.0435029
0.0431452
0.0431612
0
0
0
0
0
0
0
0
0
0
0
0
0.0267452
0.0267452
0.0267452
0.0267452
0.0267452
0.0267452
0.0267452
0
0
0
0
0
0
0
0
0
0
0
0
0
0
0
0
0
0
0
0
0
0
0
0
0
0
0
0
0
0
0
0
0
0
0
0
0
0
0
0
0
0
0
0
0
0
0
0
0
0
0
0
0
0
0
0.0266823
0
0
0
0
0
0
0
0
0
0
0
0
0
0
0
0
0
0
0
0
0
0
0
0
0
0
0.0267452
0
0
0
0
0
0
0
0
0
0
0
0
0
0
0
0
0
0.0267452
0.0267452
0
0
0
0
0
0
0
0
0
0
0
0
0
0
0
0
0
0
0
0
0
0
0
0
0
0
0
0
0
0
0
0
0
0
0
0
0
0
0
0
0
0.0268608
0.0268608
0.0268608
0.0268608
0.0268608
0.0268608
0
0.0268608
0.0268608
0
0
0
0
0
0
0
0
0
0
0
0
0
0
0
0
0
0.0269171
0
0
0.0268627
0.0268627
0
0.0268627
0.0268627
0
0
0.0269093
0.040032
0.0269916
0.0269916
0
0
0
0
0
0
0
0
0
0
0
0
0
0
0
0
0
0
0
0
0
0
0
0
0
0
0
0
0
0
0
0
0
0
0
0
0
0
0
0
0
0
0
0
0
0
0
0
0
0
0
0
0
0
0
0
0.0268627
0
0
0
0
0
0.0268627
0.0268627
0.0268627
0.0268627
0
0
0
0
0
0
0.0268627
0
0
0
0.0285412
0.0285412
0.0285412
0.0285412
0.0285412
0.0285412
0.0285412
0
0
0
0
0
0
0
0
0.0285644
0.0285644
0
0
0.0285598
0.0285598
0.0285598
0
0
0
0
0
0
0
0
0
0
0
0
0
0
0
0
0
0
0
0
0
0
0
0
0
0
0
0
0
0
0
0
0
0
0
0
0
0
0
0
0
0
0.0285551
0
0
0
0
0
0
0
0
0
0
0
0
0
0
0
0
0
0
0
0
0
0
0
0
0
0
0
0
0
0
0
0
0
0
0
0
0
0
0
0
0
0
0
0
0
0
0
0
0
0
0
0
0
0
0
0
0
0
0
0
0
0
0
0
0
0
0
0
0
0
0.0422653
0.0422653
0.0422653
0.0422653
0.0422653
0.0422653
0.0422653
0.0422653
0.0267452
0.0267452
0.0267452
0.0267452
0.0267452
0.0267452
0.0267452
0.0267452
0.0267452
0.0267452
0
0.0445612
0.0445612
0
0
0
0
0
0
0
0
0
0
0
0
0
0
0
0
0
0
0
0
0
0
0
0
0
0.0456245
0
0
0
0
0.0456245
0
0
0
0
0
0
0
0
0
0
0
0
0
0
0
0
0
0
0
0
0
0
0
0
0.0464138
0
0
0
0
0
0
0
0.0465242
0.0556415
0
0
0.0594648
0
0
0
0
0
0
0
0
0
0
0
0
0
0
0
0
0
0
0
0.0481348
0.0481348
0.0481348
0
0
0
0
0.0481348
0.0481348
0.0484274
0.0485528
0.0485528
0.0485528
0.0485528
0.0485528
0
0
0.0485528
0.0485528
0.0485528
0
0
0.0481348
0.0459412
0.0459412
0
0
0
0
0
0.0459412
0
0
0
0
0
0
0
0
0
0
0
0
0
0
0
0
0
0
0
0
0
0
0
0
0
0
0
0
0
0
0
0
0
0
0
0
0
0
0
0
0
0
0
0
0
0
0
0
0
0
0
0
0
0
0
0
0
0
0
0
0
0
0
0
0
0
0
0
0
0
0
0
0
0
0
0
0
0
0
0
0
0
0
0
0
0
0
0
0
0
0
0.0422804
0.0422804
0.0422804
0.0422804
0.0422804
0.0422804
0
0.0422804
0.0422804
0.0422804
0
0
0
0
0
0
0
0
0
0
0
0
0
0
0
0.0269582
0.0269582
0.0269582
0.0269582
0.0269582
0.0269582
0.0269582
0.0269582
0.0269582
0.0269582
0.0269582
0.0269582
0.0269582
0.0269582
0
0
0.0286182
0.0286182
0
0
0
0.0269582
0.0269582
0.0269582
0.0269582
0.0269582
0.0269582
0.0269582
0.0269582
0.0269582
0.0269582
0.0372523
0.0372523
0
0.0372523
0
0.0372523
0.0269582
0.0269582
0.0269582
0.0269582
0
0
0.0269582
0
0
0
0
0.0269582
0.0730102
0.0730102
0
0
0
0
0
0
0
0
0.0730102
0
0
0
0
0.037273
0
0
0.037273
0
0
0
0
0.0269582
0.0269582
0.037273
0.037273
0.037273
0.037273
0.037273
0.037273
0.037273
0.0269582
0.037273
0.0437772
0.0437772
0
0
0.0449739
0.0449739
0
0
0
0
0
0
0
0
0
0.0458157
0.0458157
0
0.0437772
0
0.037273
0
0.0450104
0.0269582
0.0269582
0.0269582
0.0373561
0.0373561
0.0269582
0.0269582
0.0373561
0
0.0373561
0.0359628
0.0359628
0.0359628
0
0
0
0.0359628
0.0359628
0.0321246
0.0321246
0.0321246
0
0.0321246
0.0321246
0
0
0
0
0
0
0
0
0
0
0.0269582
0.0269582
0.0269582
0.0269582
0.0269582
0.0269582
0.0269582
0.037273
0.037273
0.037273
0.037273
0.037273
0.037273
0.037273
0.037273
0.037273
0
0
0
0
0
0
0.0269582
0
0.0269582
0.0269582
0.0269582
0.0269582
0.0387202
0.0269582
0.0272004
0
0
0
0
0
0
0
0
0
0
0
0
0
0
0
0
0
0
0
0
0
0
0.0727008
0
0
0
0
0
0
0
0
0
0
0
0
0.288675
0
0
0
0
0
0
0
0
0
0
0.0326129
0
0
0
0
0
0
0
0
0
0
0
0
0
0
0
0
0
0
0
0
0
0
0
0
0
0
0
0
0
0
0
0.0292904
0
0.0284141
0
0
0
0
0
0
0.0269582
0.0334114
0.02945
0
0
0.0270666
0
0.0269367
0.0269367
0.0269367
0.0269367
0.0269367
0.0269582
0
0.0269367
0.0269367
0.0269367
0.0269367
0.0269367
0.0269367
0.0269367
0.0269367
0.0269367
0.0269367
0.0269367
0.0269367
0.0269367
0.0269367
0.0269367
0
0
0
0
0.037273
0.037273
0.037273
0.037273
0.037273
0.037273
0.037273
0.037273
0.037273
0.037273
0.037273
0.037273
0.037273
0.037273
0.037273
0.037273
0.037273
0.037273
0.037273
0.037273
0.037273
0
0.037273
0.0437353
0.037273
0.037273
0.037273
0.0372833
0.0372833
0.0372833
0.0372833
0.0372833
0.0372833
0.0372833
0.037273
0.037273
0.044014
0
0.0483821
0
0
0.0419665
0.0419665
0
0
0
0.0465949
0.0484388
0.0473196
0.0482355
0.0482355
0.0469945
0.0469945
0.0483821
0.047684
0.0478913
0.0478913
0.0478913
0
0
0
0.0416594
0.0416594
0.0416594
0.0416594
0.0458157
0.0458157
0.0458157
0.0458157
0.0418121
0.0418121
0.0418121
0.0483821
0.0483821
0.0483821
0.0483821
0.0483821
0.0418121
0.041856
0.0418121
0.0418121
0.0418121
0.0418121
0.0418121
0.0477492
0.0477492
0
0
0
0.0477492
0.0477492
0.0477492
0.0477492
0.0477492
0.0477492
0.0372833
0.0372833
0.0372833
0
0.037273
0.037273
0.037273
0.037273
0
0
0
0.037273
0.037273
0.037273
0.037273
0.037273
0.037273
0.037273
0.037273
0.037273
0.037273
0.037273
0.0438024
0.0438024
0.0372833
0.0372885
0.0372833
0.0416594
0.0420257
0.0417319
0.037273
0.037273
0
0
0.04776
0.04776
0
0
0
0.037273
0.037273
0.037273
0.037273
0.037273
0.037273
0.037273
0
0
0
0
0.037273
0.037273
0.037273
0.0437353
0
0
0.0437353
0.0437353
0.0437353
0.037273
0.037273
0.0437353
0.0437353
0
0
0
0
0
0.037273
0.037273
0.037273
0.037273
0
0
0
0
0
0.0374766
0
0
0
0
0.0374766
0.0374766
0.0374766
0.0374766
0
0
0
0
0
0
0
0.0374766
0
0.0374766
0.0438024
0.0438024
0.0438024
0.037273
0.037273
0.037273
0.037273
0.037273
0.037273
0.037273
0.037273
0.037273
0.037273
0.037273
0.037273
0.037273
0.037273
0.037273
0.037273
0.037273
0.037273
0.037273
0.037273
0.037273
0.037273
0.037273
0.037273
0.037273
0
0.0269582
0.0292904
0.0292904
0.0378614
0.0378614
0.0292904
0.0320618
0.0321246
0
0
0
0
0
0.0320618
0.0320618
0
0
0
0
0
0
0
0
0.0325162
0.0325162
0.0325162
0
0.0325162
0.0269582
0.0269582
0.0269798
0.0269798
0.0269582
0.0269582
0.0269582
0.0269582
0
0
0
0
0
0.0269582
0
0.0269582
0.0269582
0.0291755
0.0269798
0.0269798
0.0296019
0
0
0
0
0
0
0
0
0
0
0
0
0
0
0
0
0
0
0
0
0
0
0
0
0
0.0284141
0.0284141
0.0284141
0
0
0
0
0
0
0
0
0
0
0
0
0
0
0
0.0296957
0.0296957
0.0296957
0.0351755
0.0351755
0
0
0.0351755
0.0351755
0.0351755
0.0296957
0.0296957
0.0296957
0.0351755
0.0351755
0.0351755
0.0351755
0.0296957
0.0296957
0.0296957
0.0296957
0.0322816
0.0351755
0.0296957
0.0296957
0.0296957
0.0359628
0.0359628
0.0359628
0
0.0359628
0.0296957
0.0296957
0.0296957
0
0
0.0296957
0.0296957
0.0296957
0.0898752
0.0898752
0.0898752
0.0898752
0
0.0898752
0.0313389
0.0313389
0.0313389
0.0313389
0.0313389
0
0
0
0
0
0
0
0
0
0
0
0
0
0
0
0
0
0
0.0270825
0.0270686
0.0321246
0.0270825
0
0.0270825
0.0270825
0.0727008
0.0727008
0
0
0.0727008
0.0727008
0.0727008
0.0727008
0
0
0
0
0
0
0
0
0
0
0
0
0
0
0
0
0
0
0
0
0
0
0
0
0
0
0
0
0
0
0
0
0
0
0.0323728
0.0323728
0.0323728
0.0323728
0.0323728
0.0323728
0
0
0
0
0
0
0
0
0
0
0
0
0
0
0
0.0752071
0
0
0
0
0
0
0
0
0
0
0
0
0
0
0
0
0
0
0
0
0
0
0
0
0
0
0
0
0
0
0
0
0
0
0
0
0
0
0
0
0
0
0
0
0
0
0
0
0
0
0
0
0
0
0
0
0
0
0
0
0
0
0
0.0322446
0.0322446
0
0.0296226
0
0.0296226
0.0296226
0.0296226
0.0296226
0.0296226
0.0296226
0.0296226
0.0348705
0.0348705
0.0296226
0
0
0
0
0
0
0
0
0
0
0
0
0
0
0.0269582
0.0269582
0.0630692
0
0.0325162
0
0.0292904
0.0296019
0.0752071
0.0752071
0
0
0
0
0
0
0
0
0
0.0283684
0.0284141
0
0
0
0
0
0
0
0
0
0.0296957
0
0.0323728
0
0.0898752
0
0
0.0270825
0.0727008
0
0
0
0
0.0269582
0
0
0
0
0.0296226
0.0296226
0.0296226
0.0296226
0
0
0
0
0
0
0
0
0
0
0
0.0477383
0.0477383
0.0477383
0.0477383
0
0.0269367
0.0269367
0.0269367
0
0
0.0269367
0.0269367
0.0269994
0
0
0.0269367
0
0
0.0269367
0
0.0269367
0.0269367
0.0269367
0.0269367
0.0269367
0.0269367
0.0269367
0.0269367
0.0269367
0.0269367
0.0269367
0.0269367
0.0269367
0.0269367
0.0269367
0.0269367
0.0269367
0.0269367
0.0269367
0.0269367
0.0269367
0.0269367
0.0269367
0.0269367
0.0269367
0.0269367
0.0269582
0.0269582
0
0
0.0269367
0.0269367
0.0269582
0.0269582
0.0269367
0.0269367
0.0269367
0.0269367
0.0269367
0.0269367
0.0269367
0.0269367
0.0269367
0.0269367
0.0269367
0.0269367
0.0269367
0.0269367
0.0269367
0.0269367
0.0269367
0.0269367
0.0269367
0.0269367
0.0269367
0.0269367
0.0269367
0.0269367
0.0269367
0.0269367
0.0269367
0.0269367
0.0269367
0.0269367
0.0269367
0.0269367
0.0269367
0.0269367
0.0269367
0.0269367
0.0269367
0.0269367
0.0269367
0.0269367
0.0269367
0.0269367
0.0269367
0.0269367
0.0269367
0.0269367
0.0269367
0.0269367
0.0269367
0.0269367
0.0269367
0.0269367
0.0269367
0.0269367
0.0269367
0.0269367
0.0269367
0.0269367
0.0269367
0.037273
0
0.037273
0.037273
0.037273
0.037273
0.037273
0
0
0
0
0
0
0
0.037273
0
0
0
0
0
0
0
0
0.037273
0.037273
0.037273
0.037273
0.037273
0.037273
0.037273
0.037273
0.037273
0.037273
0.037273
0.037273
0.037273
0.037273
0.037273
0.037273
0.037273
0.037273
0.037273
0.037273
0.037273
0.037273
0.037273
0.0417829
0
0
0
0
0
0
0
0
0
0
0.037273
0.037273
0.037273
0.037273
0
0
0
0
0
0.0376089
0
0.037273
0.037273
0.0372833
0.0372833
0.0372833
0
0
0.037273
0
0.037273
0.037273
0
0
0
0
0.0438108
0.0484615
0.0438108
0.0438108
0.0440824
0.0443242
0.046819
0.046819
0.046819
0.0372833
0.0372833
0.0372833
0.0372833
0.0372833
0
0.0372833
0.0372833
0
0
0
0
0
0
0
0
0
0
0
0
0
0
0
0
0
0
0
0
0
0
0
0.0407029
0
0
0
0.0407029
0
0
0
0
0
0
0
0
0.154672
0
0
0
0.154672
0
0
0
0
0
0
0
0
0
0
0
0
0
0
0
0
0
0
0
0
0
0
0
0
0
0
0
0
0
0
0
0
0
0
0
0
0
0
0
0
0
0
0
0
0
0
0
0
0
0
0
0
0
0
0
0
0
0
0
0
0
0
0
0
0
0
0
0
0
0
0
0
0
0
0
0
0
0
0
0
0
0
0
0
0
0
0
0
0
0
0
0
0
0
0
0
0
0
0
0
0
0
0
0
0
0
0
0
0
0
0
0
0
0
0
0
0
0
0
0
0
0
0
0
0
0
0
0
0
0
0
0
0
0.0457198
0.0457198
0.0457198
0.0457198
0.0457198
0.0457198
0.0457294
0.0457294
0
0.0457294
0.0457294
0.0457294
0.0457294
0.0457198
0.0457198
0.0457198
0
0.0457198
0
0.0457198
0.0457198
0
0
0
0
0
0
0
0
0
0.0457198
0
0.0457198
0
0
0
0.0457198
0
0
0.0457198
0.0457198
0
0
0
0
0
0
0.0462448
0.0457198
0
0
0
0
0
0
0
0
0
0.0473939
0.0473939
0
0
0
0.0493624
0
0
0
0
0
0
0
0.049975
0.0493624
0
0
0
0
0
0.0484615
0.0484615
0.0484615
0
0.0484615
0
0.0484615
0.0484615
0
0
0
0
0
0
0
0
0
0
0
0
0
0.0419296
0.0419296
0.0419296
0.0419296
0.0419296
0.0419296
0.0419296
0.0419296
0.0428746
0.0428746
0.0428746
0.0428746
0.0479353
0.0428746
0.0419296
0.0419296
0.0419296
0.0441167
0
0.0419296
0
0
0
0
0
0
0
0
0
0
0
0
0
0
0.0445524
0
0.0445524
0
0
0.0445524
0
0
0
0
0
0
0.0450469
0.0445524
0.0479353
0
0
0
0.0429062
0
0
0
0
0
0
0
0.037273
0
0
0
0
0
0
0.037273
0
0
0
0
0
0
0
0
0
0
0
0
0
0
0
0
0
0
0
0.0473939
0.0473939
0.0473939
0.0473939
0.0473939
0
0.0473939
0.0473939
0.0473939
0
0
0.0473939
0
0.0473939
0
0.0473939
0.0473939
0
0.0473939
0
0
0
0
0
0
0
0
0
0
0
0
0
0
0
0
0
0
0
0
0
0
0
0
0
0
0
0.0426634
0.0426634
0
0.0457294
0.0457294
0.0457294
0.0457294
0.0457294
0.0457294
0.0457294
0.0457294
0.0457294
0.0423714
0.0423714
0
0.0426634
0.0423714
0.0423714
0.0423714
0.0423714
0.0423714
0
0
0
0
0
0
0
0
0
0
0
0
0
0
0
0
0
0
0
0
0.0417902
0.0484615
0.0484615
0.0484615
0.0484615
0.0484615
0.0484615
0.0484615
0
0
0
0
0
0
0
0
0
0
0
0
0
0
0
0
0
0
0
0
0
0
0
0
0
0
0
0
0
0
0
0
0
0
0
0
0
0
0
0
0
0
0
0
0
0
0
0
0
0
0
0
0
0
0
0
0
0
0
0
0
0
0
0
0
0
0
0
0
0
0
0
0
0
0
0
0
0
0
0
0
0
0
0
0
0
0
0
0.0426634
0.0428825
0.0428825
0.0428825
0.0428825
0.0428825
0
0.0428825
0.0428825
0
0.0457294
0.0457294
0.0457294
0.0457294
0.0457294
0.0479133
0.0479133
0
0.0479133
0.0457294
0.0457294
0.0457294
0.0457294
0.0479133
0.0457869
0.0473196
0.0473196
0.0473196
0.0457294
0
0.0457294
0.0457294
0
0
0
0
0
0
0
0
0
0
0.0423562
0.0423562
0.0423562
0.0483255
0.0483255
0
0.0483255
0.0483255
0.0483255
0.0424476
0.0483821
0.0483821
0
0.0483821
0.0483821
0.0483821
0
0
0
0
0
0
0.0483821
0.042145
0
0
0
0
0
0.0421825
0.046605
0.0422502
0.0422502
0.0422502
0
0
0.0422502
0
0
0.0422502
0.0421525
0.0471091
0.0422351
0
0
0.0422351
0.0487139
0.0487139
0.0422351
0
0
0.0422351
0.0422351
0.0422351
0
0
0.0422804
0
0.0422804
0
0
0.0420035
0
0.0420035
0.0420035
0.0420035
0.0420035
0
0
0
0
0.0420035
0.0420035
0.0483821
0.0483821
0.0483821
0.0483821
0.0483821
0.0483821
0.0483821
0
0.0483821
0.0420035
0
0
0
0
0
0
0
0
0
0
0
0
0
0
0
0
0
0
0
0
0
0
0
0
0
0
0
0
0
0
0
0
0
0
0
0
0
0
0
0
0
0
0
0
0
0
0
0
0
0
0
0
0
0
0
0
0
0
0
0
0
0
0
0
0
0
0
0
0
0
0
0
0
0
0
0
0
0
0
0
0
0
0
0
0
0
0
0
0
0
0
0.0482355
0.0482355
0.0483255
0.0482355
0.0482355
0
0
0
0
0
0
0
0
0.0482355
0.0482355
0
0.0482355
0.0482355
0.0482355
0
0
0
0
0.0482355
0
0
0
0
0
0
0
0
0
0
0
0
0
0
0
0
0
0
0
0
0
0
0.0487139
0.0487139
0.0487139
0
0.0487139
0.0487139
0
0.0487139
0.0487139
0.0487139
0.0487139
0.0487139
0.0487139
0
0.0487139
0.0487139
0.0487139
0.0487139
0
0
0
0
0.0487139
0.0487139
0.0487139
0
0.0487139
0.0487139
0
0.0487139
0.0487139
0.0487139
0.0487139
0
0.0487139
0.0487139
0.0487139
0.0487139
0.0487139
0.0487139
0.0487139
0
0.0454452
0.0464338
0.0481571
0.041878
0.041878
0.041878
0.037273
0.037273
0.037273
0
0
0
0.038208
0.037524
0.037524
0.037524
0.0432823
0.0432823
0
0
0.037273
0.037273
0.0479353
0.0479353
0.037273
0.037273
0.037273
0.037273
0.037273
0.037273
0.037273
0.0461167
0.0461167
0.0461167
0.037273
0.0477492
0.0477492
0.0477492
0.037273
0
0.037273
0.037273
0.0419296
0.0419296
0.0419296
0.0419296
0.0419296
0.043097
0.043097
0.0419296
0.0419296
0.0269582
0
0
0
0
0
0
0
0
0
0.0417902
0.0417902
0.0417902
0.0417902
0
0
0
0.0467985
0.046778
0.0442028
0.0442028
0.0442028
0
0
0
0.0370218
0.0370218
0.0370218
0.0370218
0.0370218
0.0370218
0.0370218
0.037273
0
0.037273
0.037273
0
0.037273
0.037273
0.037273
0.037273
0
0.0370218
0.0370218
0.0370218
0.0370218
0.0370218
0.0370218
0.0370218
0
0.0370218
0.037032
0.0370218
0.0372833
0.0372833
0
0
0
0
0
0.0372833
0.0372833
0.0478803
0
0
0
0
0.0478803
0.0419148
0
0
0
0
0
0.0419148
0
0
0.0457198
0
0
0
0
0
0
0
0
0
0
0
0.0457198
0
0
0
0
0
0
0
0.0457198
0.0457198
0.0457198
0
0
0
0
0
0.0484615
0.0484615
0.0484615
0
0
0
0
0
0
0
0
0
0
0
0
0
0
0
0
0
0
0
0
0
0
0
0
0
0
0
0
0
0
0
0
0
0
0
0
0
0
0
0
0
0
0
0
0
0.0473939
0.0473939
0.0473939
0
0.0437688
0.0437688
0.0437688
0.0437688
0
0
0
0
0
0
0
0
0
0
0
0.0445524
0.0445524
0.0445524
0.0445524
0
0
0
0
0
0
0
0
0
0
0
0
0
0
0
0.0479353
0.0479353
0.0479353
0.0479353
0
0
0
0
0
0
0
0
0
0
0
0
0
0
0
0
0
0
0
0
0
0
0
0
0
0
0
0
0
0
0
0
0
0
0
0
0
0
0
0
0.0407029
0.0407029
0.0407029
0.0407029
0
0
0
0
0
0
0
0
0
0
0
0
0
0
0
0
0
0
0
0
0
0
0
0
0
0
0
0
0
0
0
0
0
0
0
0
0
0
0.154672
0
0.154672
0.154672
0.154672
0
0
0
0
0
0
0
0
0
0
0
0
0
0
0
0
0
0
0
0
0
0
0
0
0
0
0
0
0
0
0
0
0
0
0
0
0
0
0
0
0
0
0
0
0
0
0
0
0
0
0
0
0
0
0
0
0
0.0433148
0.0390673
0.0446233
0.037273
0.037273
0
0
0
0
0
0
0
0
0
0
0
0
0
0
0
0
0
0
0
0
0
0
0
0
0
0
0
0
0
0
0
0
0
0
0
0
0
0
0
0
0
0
0
0
0
0
0
0
0
0
0
0
0
0
0
0
0
0
0
0
0
0
0
0
0
0
0
0
0
0
0
0
0
0
0
0
0
0
0
0
0
0
0
0
0
0
0
0
0
0
0
0
0
0
0
0
0
0
0
0
0
0
0
0
0
0
0
0
0
0
0
0
0
0
0
0
0
0
0
0
0
0
0
0
0
0
0
0
0
0.042851
0.042851
0.042851
0.042851
0.042851
0.042851
0.042851
0
0
0
0
0.042851
0.0451202
0.0451202
0.0451202
0.0455299
0.0451202
0.042851
0.042851
0.042851
0.042851
0.042851
0.042851
0.042851
0.042851
0.042851
0.042851
0.042851
0.0451846
0.0451846
0
0.042851
0.042851
0.042851
0.042851
0.042851
0
0.042851
0.042851
0.042851
0.042851
0.042851
0.042851
0.0459703
0.0459703
0.0459703
0
0
0
0
0.0459703
0
0.0459703
0.0459703
0.0459703
0.0459703
0
0.0459703
0.042851
0
0
0
0
0
0
0
0
0
0
0
0
0
0
0
0
0
0
0
0
0
0
0
0
0
0
0
0
0
0
0
0
0
0
0
0
0
0
0
0
0
0
0
0
0
0
0
0
0
0
0
0
0
0
0
0
0
0
0
0
0
0
0
0
0
0
0
0
0
0
0
0
0
0
0
0
0
0
0
0
0
0
0
0
0
0
0
0
0
0
0
0
0
0
0
0
0
0
0
0
0
0
0
0
0
0
0
0
0
0
0
0
0
0
0
0
0
0
0
0
0
0
0
0
0
0
0
0
0
0
0
0
0
0
0
0
0
0
0
0
0
0
0
0
0
0
0
0
0
0
0
0
0
0
0
0
0
0
0
0
0
0
0
0
0
0
0
0
0
0
0
0
0
0
0
0
0
0
0
0
0
0
0
0
0
0
0
0
0
0
0
0
0
0
0
0
0
0
0
0
0.0267452
0
0
0
0
0
0
0
0
0
0
0
0
0
0
0
0
0
0
0
0.0425013
0.0425013
0.0425013
0.0425013
0.0425013
0.0425013
0.0425013
0.0433963
0.0433963
0
0
0
0
0
0
0
0
0
0
0
0
0
0
0
0
0
0
0
0
0
0
0
0
0
0
0
0
0
0
0
0
0
0
0
0
0
0
0
0
0
0
0
0
0
0
0
0
0
0
0
0
0
0
0
0.0267452
0
0
0
0
0
0
0
0
0
0
0
0
0
0
0
0
0
0
0
0
0
0
0
0
0
0
0
0
0
0
0
0
0.0269602
0.0269602
0.0269602
0
0.0269602
0.0269602
0
0
0.0296957
0.0269602
0
0
0
0
0
0
0
0
0
0
0
0
0
0
0
0.0296957
0.0296957
0
0
0
0.0296957
0
0
0
0
0.0269602
0.0269602
0.0269602
0.0269602
0.0269602
0.0269602
0
0
0
0.0269602
0
0.0269602
0
0.0269602
0.0269602
0.0269602
0
0
0
0
0
0
0
0
0
0
0
0
0
0
0
0
0
0
0
0
0.0267395
0.0267395
0.0267395
0
0
0
0
0
0
0
0
0
0
0
0
0
0
0
0
0.0267452
0.0267452
0.0267452
0.0267452
0.0267452
0.0267452
0.0267452
0.0267452
0.0267452
0.0267452
0.0267452
0.0267452
0.0267452
0.0267452
0
0
0
0
0
0
0
0
0
0
0
0
0
0
0
0
0
0
0
0
0
0
0
0
0
0
0
0
0
0
0
0
0
0
0
0
0
0
0
0
0
0
0
0
0
0
0
0
0
0
0
0
0
0
0
0
0
0
0
0
0
0
0
0
0
0
0
0
0
0
0
0
0
0
0
0
0
0
0
0
0
0
0
0
0
0
0
0
0
0
0
0
0
0
0
0
0
0
0
0
0
0
0
0
0
0
0
0
0
0
0
0
0
0
0
0
0
0
0
0
0
0
0
0
0
0
0
0
0
0
0
0
0
0
0
0
0
0
0
0
0
0
0
0
0
0
0
0
0
0
0
0
0
0
0
0
0
0
0
0
0
0
0
0
0
0
0
0
0
0
0
0
0
0
0
0
0
0
0
0
0
0
0
0
0
0
0
0
0
0
0
0
0
0
0
0
0
0
0
0
0
0
0
0
0
0
0
0
0
0
0
0
0
0
0
0
0
0
0
0
0
0
0
0
0
0
0
0
0
0
0
0
0
0.0267548
0
0.0267548
0.0267548
0.0267548
0.0267548
0
0
0.0267548
0
0
0
0
0
0
0
0
0
0
0
0
0
0
0
0
0
0
0
0.0267452
0
0
0
0
0
0
0
0
0
0
0
0
0
0
0
0
0
0
0
0
0
0
0
0
0
0
0
0
0
0
0
0
0
0
0
0
0
0
0
0
0
0
0
0
0
0
0
0
0
0
0
0
0
0
0
0
0
0
0
0
0
0
0
0
0
0
0
0
0
0
0
0
0
0
0
0
0
0
0
0
0
0
0
0
0
0
0.0287718
0.0287718
0.0287718
0.0287718
0.0287718
0.0287718
0.0287718
0.0287718
0.0287718
0.0287718
0.0287718
0.0287718
0.0287718
0.0287718
0.0287718
0.0287718
0.0287718
0.0287718
0.0287718
0.0287718
0.0287718
0.0287718
0.0287718
0.0287718
0.0287718
0.0287718
0.0287718
0.0287718
0.0287718
0.0287718
0.0287718
0.0287718
0.0287718
0.0287718
0.0287718
0.0287718
0.0287718
0.0287718
0.0287718
0.0287718
0.0287718
0.0287718
0.0287718
0.0287718
0.0287718
0.0287718
0.0287718
0.0287718
0.0287718
0.0287718
0.0287718
0.0287718
0.0287718
0.0287718
0.0287718
0.0287718
0.0287718
0.0287718
0.0287718
0
0.0267395
0
0
0
0.0267395
0
0
0
0.0267395
0.0267548
0.0267548
0.0267548
0.0267395
0
0
0
0.0427882
0.0427882
0.0427882
0.0427882
0.0427882
0.0427882
0.0427882
0.0427882
0.0427882
0.0427882
0.0427882
0.0427882
0.0427882
0.0427882
0.0427882
0.0427882
0.0427882
0.0427882
0.0427882
0.0427882
0.0427882
0.0427882
0.0427882
0.0427882
0.0267452
0.0267452
0.0267452
0.0267452
0.0267452
0.0267452
0.0267452
0.0267452
0.0267452
0.0267452
0.0267452
0.0267452
0.0267452
0
0.0427882
0.0428746
0.0427882
0.0427882
0.0427882
0.0501633
0.0501633
0.0501633
0
0
0
0.0501886
0.0501886
0.0501886
0.0501886
0.0501886
0.0501886
0.0504177
0.0504177
0.0504177
0.0504177
0.0504177
0
0
0.0504177
0
0.0501886
0
0.0501886
0.0501633
0.0427882
0.0471091
0.0471091
0.0427882
0.0427882
0.0440824
0.0440824
0.0440824
0.0440824
0.0440824
0
0.0440824
0
0.0440824
0.0440824
0.0485071
0
0
0
0
0
0
0.0440824
0
0
0
0
0
0
0.0440824
0
0
0
0
0
0
0
0
0
0
0
0
0
0
0
0
0
0.0440824
0.162221
0.162221
0
0
0
0
0.0427882
0.04713
0.04713
0.0471614
0.0471614
0.0471614
0.04713
0.0427882
0.0427882
0.0490999
0.0427882
0.0490999
0.0427882
0
0
0
0
0
0.0427882
0
0
0
0.0427882
0.0427882
0.0501633
0.0427882
0.0427882
0.0427882
0.0427882
0.0427882
0.0458253
0.0458253
0.0458253
0.0458253
0.0458253
0.0458253
0.0467576
0
0
0
0
0
0
0
0.0458253
0.0458253
0.0503921
0.0458253
0.0427882
0.042851
0
0
0.0427882
0
0
0.0427882
0.0427882
0.0458253
0.0488415
0.0459025
0.0459025
0.0458253
0.0494468
0.0458638
0.0458638
0.0427882
0.0485071
0.0485071
0.0485071
0.0485071
0.0485071
0.0485071
0.0428904
0.0427882
0.0427882
0.0471509
0.0471509
0.0490762
0.0490762
0.0490762
0.0490762
0.0427882
0.0482692
0.0427882
0.0458253
0.0458253
0.0478913
0
0
0.0459509
0.0485414
0
0
0.046156
0
0
0
0
0.0458253
0.0427882
0.0430172
0.0523281
0.0523281
0.0427882
0.0466557
0.0427882
0
0.0427882
0.045511
0.0436353
0.162221
0.162221
0.163082
0.162221
0.043794
0.043794
0.0427882
0
0.0427882
0.162221
0.0427882
0.0427882
0.042851
0
0.042851
0.045511
0.045511
0.045511
0
0.0455393
0
0.045511
0.0488066
0.0488066
0.0488299
0.0488299
0.0488299
0.0488299
0
0.0488299
0.0456245
0.0456245
0.0457007
0.0456245
0
0
0
0
0.0468396
0.0454452
0.0454452
0
0
0
0
0.0459315
0
0
0
0
0
0
0
0
0
0
0
0
0
0
0
0
0
0
0
0
0
0
0.0267452
0.0267452
0.0267452
0
0
0
0
0
0
0
0
0
0
0
0
0
0
0
0
0
0
0
0
0
0
0
0
0
0
0
0
0
0
0
0
0
0
0
0
0
0
0
0
0
0
0
0
0
0
0
0
0
0
0
0
0
0
0
0
0
0
0
0
0
0
0
0
0
0
0
0
0
0
0
0
0
0
0
0
0
0
0
0
0
0
0
0
0
0
0
0
0
0
0.0431612
0.0431612
0.0431612
0.0431612
0.0431612
0.0431612
0.0431612
0.0431693
0.0431693
0.0431612
0.0431612
0.0431612
0.0431612
0.0431612
0.0431612
0.0431612
0.0431612
0.0431612
0.0431612
0.0431612
0.0431612
0.0431612
0.0431612
0.0431612
0.0431612
0.0431612
0
0
0.0431612
0.0431612
0.0431612
0.0431612
0.0443766
0.0443766
0.0443766
0.0443766
0.0457007
0.0457007
0.0443766
0
0
0.0443766
0
0
0
0
0
0.0443766
0.0444466
0
0.0444466
0.0445612
0.0445524
0.0445524
0.0445701
0.0445524
0.0445524
0
0.0445524
0
0.0453983
0.0453983
0.048258
0.0454733
0.0454733
0.0455299
0.0456435
0.0456435
0.0457389
0.0456435
0.0472245
0.0472245
0.0472245
0.0472245
0.0472561
0.0472245
0.0472245
0.0472245
0.0443766
0.0450104
0.0450377
0.0458061
0.046354
0.046354
0.046354
0
0
0.0464439
0.0467269
0.0450377
0.044473
0.044473
0.044473
0.044473
0.044473
0.044473
0.044473
0.044473
0.044473
0.044473
0.044473
0.044473
0.044473
0.044473
0.044473
0.044473
0.044473
0.044473
0.044473
0
0.044473
0.044473
0.044473
0.0564873
0.0564873
0
0
0.0267452
0.0267452
0.0267452
0.0267452
0.0267452
0.0267452
0.0267452
0.0267452
0.0267452
0.0267452
0.0267452
0.0267452
0.0267452
0.0267452
0.0267452
0.0267452
0.0267452
0.0267452
0.0267452
0.0267452
0.0267452
0.0267452
0.0267452
0.0267452
0.0267452
0.0267452
0.0267452
0.0267452
0.0267452
0.0267452
0.0267452
0.0267452
0.0267452
0.0267452
0
0
0.044473
0.044473
0.044473
0.044473
0.044473
0.044473
0.0458061
0.044473
0
0.0455299
0.0455299
0.0455299
0.0455299
0.0455299
0.0455299
0.0455299
0.0455299
0.0455299
0
0.044473
0.044473
0.044473
0.044473
0.044473
0.0458061
0
0.044473
0.044473
0.0445612
0.0445612
0
0
0
0.0445612
0.044473
0
0
0
0.044473
0.044473
0.0448381
0.0448381
0.0448381
0
0.044473
0.044473
0.044473
0
0
0
0
0
0
0
0
0.0445435
0.0445435
0.0448381
0.0448381
0
0
0
0
0
0
0
0
0
0
0.045511
0.045511
0
0
0
0
0
0
0
0.0456245
0.0456245
0.0456245
0
0
0
0.045511
0.045511
0.045511
0.0963143
0
0
0
0
0
0
0
0
0
0
0
0
0
0
0
0
0
0
0
0
0
0
0
0
0
0
0
0.191741
0.191741
0.191741
0
0
0.220326
0
0.191741
0.191741
0.191741
0.191741
0.191741
0.191741
0
0
0
0.597614
0
0.191741
0
0.191741
0.191741
0
0
0
0
0
0
0
0
0
0
0
0
0
0
0
0
0
0
0
0
0
0
0
0
0
0
0
0
0
0
0
0.0458253
0.0458253
0.0458253
0
0
0
0
0
0
0
0
0
0
0
0
0
0
0
0.0448381
0.0448381
0.0445612
0.0445612
0
0
0
0
0
0
0
0
0
0
0
0
0
0
0
0
0
0
0
0
0
0.044473
0.044473
0.0447572
0.044473
0.044473
0
0
0
0.0447572
0.0447572
0
0.0447572
0
0
0
0.0447572
0.0447572
0.0458253
0.0458253
0.0458253
0.0458253
0.0459218
0.0459218
0.0459218
0.0459218
0.0459218
0.0466252
0.0466252
0
0.0459218
0.0459218
0.0459218
0
0
0
0
0
0
0
0
0
0.0459218
0.0459218
0.0459218
0.0464038
0.0464038
0.0465242
0.0465242
0.0465242
0
0
0
0
0
0
0
0
0
0
0
0
0
0
0
0
0
0.0458928
0.0459025
0.0459025
0.0459025
0.0459025
0.0459025
0.0459218
0
0
0
0
0
0
0
0
0
0
0
0
0
0
0
0.0459218
0.0466252
0.0466252
0.0466252
0.0470986
0.0470986
0.0470986
0.0470986
0.04713
0.0459218
0
0
0
0
0
0
0
0
0
0
0
0
0
0
0
0
0
0
0
0
0
0
0
0
0
0
0
0
0.046344
0.046344
0.046344
0
0.0463839
0.04713
0
0.0471509
0.0471509
0.0471509
0.0471509
0.0471509
0.0471509
0
0
0
0
0.0471509
0.0471509
0.0471509
0.0472034
0
0
0
0
0
0
0
0
0
0.0471509
0.0472245
0
0
0
0
0
0
0
0
0
0
0
0
0
0
0
0
0
0
0
0
0
0
0.04713
0.04713
0.04713
0.04713
0.0471509
0.0471405
0
0.0471614
0.0471614
0
0.0471614
0.0471614
0
0
0
0
0
0
0
0
0.0445435
0.0445435
0.0446678
0.0448561
0.0448561
0
0
0
0
0
0
0.0448561
0.0448561
0.0456245
0.0456245
0.0456245
0.0456245
0
0.0456245
0.0456245
0.0456245
0.0456245
0.0456245
0.0456245
0
0
0
0
0
0
0
0
0.0456245
0
0
0
0
0
0
0
0
0
0
0
0
0
0
0
0
0
0
0
0
0
0
0
0
0
0
0
0
0
0
0
0
0
0
0
0
0
0
0
0
0
0
0
0
0
0
0
0
0
0
0
0
0.045511
0.045511
0.045511
0.045511
0.045511
0.0586412
0.0586412
0.0586412
0.0586412
0.0586412
0.0587423
0.0586412
0.0586412
0
0.0719816
0.045511
0.045511
0.0963143
0.0963143
0.0963143
0.0993073
0.0993073
0.1
0.1
0
0
0
0
0
0
0
0
0
0
0
0
0
0
0
0
0
0
0
0
0.0448381
0.0448381
0.0448381
0.0459412
0.0459412
0
0.0459412
0.0488415
0.0488415
0
0.0488415
0
0.0459412
0
0
0
0
0
0
0
0
0
0
0
0.0459412
0.0459412
0.166667
0
0
0
0.166667
0
0
0
0
0
0
0
0.0448381
0
0
0
0
0
0
0
0
0
0
0
0
0
0
0
0
0
0
0
0
0
0.0652328
0.0652328
0.0652328
0.0652328
0.0652328
0.0652328
0.0652328
0
0
0
0
0
0.0652328
0.0652328
0.0652328
0.0652328
0
0.0652328
0
0
0
0
0
0
0
0
0
0
0
0
0
0
0
0
0
0
0
0
0
0
0
0
0
0
0
0
0
0
0
0
0.0453983
0.045417
0
0
0
0
0
0
0
0.0448381
0.0448381
0
0.0448381
0.0454264
0.0454264
0.0450195
0.0450195
0.0446856
0.0446856
0.0446856
0.0475651
0
0
0.0446856
0
0.0446856
0
0
0.0447393
0.0422804
0.0422804
0.0422653
0.0422653
0.0422653
0.0422653
0.0422653
0.0422653
0.0422653
0.0422653
0.0422653
0.0422653
0.0422653
0.0267452
0.0267452
0.0267452
0.0267452
0.0267452
0.0267452
0.0267452
0.0267452
0.0422804
0.0422804
0.0422804
0.0422804
0.0422804
0.0422804
0.0422804
0.0422804
0.0422804
0.0422804
0.0422804
0.0422804
0.0422804
0.042851
0.042851
0.042851
0.042851
0.0422804
0.0422804
0.0466455
0.0466455
0.0466455
0.0466455
0.0466455
0.0670854
0.0466455
0.0422804
0.0422804
0.0422804
0.0422804
0
0
0
0
0
0
0
0
0
0
0
0
0
0
0
0
0
0
0
0
0
0
0
0
0.0422653
0.0422653
0.0422653
0.0422653
0.0422653
0.0422653
0.0422653
0.0422653
0.0422653
0.0422653
0.0422653
0.0422653
0.0422653
0.0422653
0.0422653
0.0422653
0.0422653
0.0422653
0.0422653
0.0422653
0.0422653
0.0422653
0.0422653
0.0422653
0.0422653
0.0422653
0.0422653
0.0422653
0.0427882
0.0427647
0
0.042851
0
0
0.0267185
0
0
0
0
0
0
0
0
0
0
0
0
0
0
0
0
0
0
0
0
0
0
0
0
0
0
0.0268879
0.0268879
0.0268879
0.0284971
0.0270014
0.0495074
0.0495074
0.0495074
0.0495074
0
0.110566
0.110566
0.110566
0.110566
0.110566
0
0
0
0
0
0.026728
0
0.026728
0
0
0
0
0
0
0
0
0
0
0
0
0
0
0
0
0
0
0
0
0
0
0
0
0
0
0
0
0
0
0.0299208
0.0422804
0.0266937
0.0266937
0.0266937
0.0266937
0.0266937
0.0266937
0.0266937
0.0266937
0.0266937
0
0
0
0
0
0
0
0
0
0
0
0
0
0
0
0
0
0
0
0
0
0
0
0
0
0
0
0
0
0
0
0
0
0
0
0
0
0
0
0
0
0
0
0
0
0
0
0
0
0
0
0
0
0
0
0
0
0
0
0
0
0
0
0
0
0
0
0
0
0
0
0
0
0
0
0
0
0
0
0
0
0
0
0
0
0
0
0
0
0
0
0
0
0
0
0
0
0
0
0
0
0.0420554
0
0
0
0
0
0
0
0
0
0
0
0
0
0
0
0
0
0
0
0
0
0
0
0
0
0
0
0.0266937
0.0266937
0.0266937
0
0
0
0
0
0
0
0
0
0
0
0
0
0
0
0
0
0
0
0
0
0
0
0
0
0
0
0
0.0422879
0.0422879
0
0.0447214
0
0
0
0
0
0
0
0
0
0
0
0
0
0
0
0
0
0
0
0
0
0
0
0
0
0
0
0
0
0
0
0
0
0
0
0
0
0
0
0
0.0268627
0.0268627
0.0268627
0.0268627
0
0
0
0
0
0
0
0
0
0
0
0
0
0
0
0
0
0
0
0
0
0
0
0
0
0
0
0
0
0
0
0
0
0
0
0
0
0
0
0
0
0
0
0
0
0
0
0
0
0
0
0
0
0
0
0
0
0
0
0
0
0
0
0
0
0
0
0
0
0
0
0
0
0
0
0
0
0
0
0
0
0
0
0
0
0
0
0
0
0
0
0
0
0
0
0
0
0
0
0
0
0
0
0
0
0
0
0
0
0
0
0
0
0
0
0
0
0
0
0
0
0
0
0
0
0
0
0
0
0
0
0
0
0
0
0
0
0
0
0
0
0
0
0.0267452
0
0
0
0
0
0
0
0
0
0
0
0
0
0
0
0
0
0
0
0
0
0
0
0
0
0
0
0
0
0
0
0
0
0
0
0
0
0
0
0
0
0
0
0
0.0267395
0.0267395
0.0267395
0.0267471
0.0267471
0.0268028
0.0267471
0
0
0
0
0
0
0.0266823
0
0
0
0
0
0
0
0
0
0
0
0
0
0
0
0
0
0
0
0
0
0
0
0
0
0
0
0.0422804
0
0
0
0
0
0
0
0
0
0
0
0
0
0
0
0
0
0
0
0
0
0
0
0
0
0
0
0
0
0.0266937
0
0
0
0
0
0
0
0
0.0267452
0.0267452
0
0
0
0
0
0
0
0
0
0
0
0
0
0
0
0
0
0
0
0
0
0
0.0486447
0.0486447
0.0486447
0.0486447
0.0486447
0.0486447
0.0486447
0.0486447
0.0486447
0
0
0
0
0
0
0
0
0
0
0
0
0
0
0
0
0
0
0
0
0
0
0
0
0
0
0
0
0.0486447
0.0486562
0
0.0287718
0.0287718
0.0287718
0.0287718
0.0287718
0
0.0481237
0
0.0287718
0.0287718
0.0478913
0.0287718
0.0287718
0
0
0
0
0
0
0.0479905
0
0.0482805
0.0479684
0
0
0
0
0
0
0
0
0.0480458
0
0
0
0.0485872
0.0480126
0.0479684
0
0
0
0
0
0.0486217
0
0
0
0
0
0
0
0
0
0
0
0
0
0
0
0
0.0479463
0.0479463
0
0
0
0
0
0
0
0
0
0
0.048068
0
0.0479243
0
0
0
0
0
0
0
0
0
0
0
0
0
0
0
0.0287718
0.0287718
0.0287718
0.048258
0
0.0485071
0.0487023
0.0485758
0
0
0
0
0
0
0
0
0
0
0
0
0
0
0
0
0
0
0
0.0267395
0.0267395
0.0267395
0.0267395
0.0267395
0.0267395
0
0
0
0
0
0
0
0
0
0
0
0
0
0
0
0
0
0
0
0
0
0
0
0
0
0
0
0
0
0
0
0
0
0
0
0
0
0
0
0
0
0
0
0
0
0
0
0
0
0
0
0
0
0
0
0
0
0
0
0
0
0
0
0
0
0
0
0
0.0267452
0
0
0
0
0
0
0
0.042851
0.042851
0.042851
0.042851
0.042851
0.0428746
0.0431854
0.043089
0
0
0.0431773
0.0431773
0.042851
0
0
0
0
0
0
0
0
0
0.042851
0.0451202
0.0451202
0
0
0
0
0
0
0
0
0
0
0
0
0.0420554
0.0420554
0
0
0
0
0
0
0
0
0
0
0
0
0
0
0
0
0
0
0
0
0
0
0
0
0
0
0
0
0
0
0
0
0
0
0
0
0
0
0
0
0
0
0
0
0
0
0
0
0
0
0
0
0
0
0
0
0
0
0
0
0.0267548
0
0
0
0
0
0
0
0
0
0
0
0
0
0
0
0
0
0
0
0
0
0
0
0
0
0
0
0
0
0
0
0
0
0
0
0.0267548
0.0267548
0.0267548
0.0267548
0.0267548
0.0267548
0.0267548
0
0
0
0
0
0
0
0
0
0
0
0
0
0
0
0
0
0
0
0
0
0
0
0
0
0
0
0
0.0267395
0
0
0
0
0
0
0
0
0
0
0
0
0
0
0
0
0
0
0
0
0
0
0
0
0
0
0
0
0
0
0
0
0
0
0
0
0
0
0
0
0
0
0
0
0
0
0
0
0
0
0
0
0
0
0
0
0
0
0
0
0
0
0
0
0
0
0
0
0
0
0
0
0
0
0
0
0
0
0
0
0
0
0
0
0
0
0
0
0
0
0
0
0
0
0
0
0
0
0
0.0421375
0.0421375
0
0
0
0
0
0
0
0
0
0
0
0
0
0
0
0
0
0
0
0
0
0
0
0
0
0
0
0
0
0
0
0
0
0
0
0
0
0
0
0
0
0
0
0
0
0
0
0
0
0
0.0417975
0
0
0
0
0
0
0
0
0
0
0
0
0
0
0
0
0
0
0.0417975
0.0417975
0.0417975
0.0417975
0.0417975
0.0417975
0.0417975
0.0417975
0.0417975
0
0
0
0
0
0
0
0.0977764
0.10885
0.10885
0.109897
0.109897
0
0.109897
0
0
0
0
0
0
0
0
0
0
0
0
0
0
0.115163
0.126796
0.126796
0
0
0
0
0
0
0
0
0.115163
0
0
0
0
0
0
0
0
0
0
0
0
0
0
0
0
0
0
0
0
0.0287718
0.0287718
0.0287718
0.0287718
0.0452493
0.0452493
0
0
0.0452493
0.0452493
0.0434618
0.0434618
0.0434618
0.0434618
0.0434618
0.0434618
0.0434618
0
0
0
0
0
0
0
0
0
0
0
0
0
0
0
0
0
0
0
0
0
0
0
0
0
0
0
0
0
0
0
0
0
0
0
0
0
0.0461266
0.0461266
0.0461266
0.0461266
0.0461266
0
0
0
0
0
0
0
0
0
0
0
0
0
0
0.044014
0.044014
0
0.0440225
0.0440225
0
0
0
0
0
0
0
0
0
0
0
0
0
0
0
0
0
0
0
0
0
0
0
0
0
0
0
0
0
0
0
0
0
0
0
0
0
0
0
0
0
0
0
0
0
0
0
0
0
0
0
0
0
0.0431532
0
0
0
0
0
0
0
0
0
0
0
0
0
0
0
0
0
0
0
0
0
0
0
0
0
0
0
0
0
0
0
0
0
0
0
0
0
0
0
0
0
0
0
0
0
0
0
0
0
0
0
0
0
0
0
0
0
0
0
0
0
0
0
0
0
0
0
0
0
0
0
0
0
0
0
0
0
0
0
0
0
0
0.0434618
0.0434618
0.0434618
0.0434618
0.0434618
0.0434618
0
0
0
0
0
0
0
0
0
0
0
0
0
0
0
0
0
0
0
0
0
0
0
0
0
0
0
0
0
0
0
0
0
0
0
0.042048
0.372678
0
0.377964
0.042048
0.042048
0.042048
0.042048
0.042048
0.042048
0.042048
0.096225
0.096225
0.188311
0
0
0.20498
0.20498
0.188311
0.188311
0.188311
0
0
0.231869
0
0
0.188311
0
0
0
0
0
0
0
0.0997013
0
0
0
0
0
0
0
0
0
0
0
0
0.707107
0.707107
0.707107
0
0
0
0
0
0
0
0
0
0
0
0
0
0
0
0
0
0.216169
0.200805
0.200805
0.224733
0
0
0.200805
0.200805
0.349215
0
0
0.200805
0.200805
0.201619
0
0
0
0
0
0
0
0
0
0
0
0
0
0
0
0
0
0
0
0
0
0
0
0
0
0
0
0
0
0
0
0
0
0
0
0
0
0
0.187647
0.187647
0.187647
0.259938
0.259938
0.271163
0.259938
0.456435
0.259938
0.241121
0
0
0
0
0
0
0
0
0
0
0
0
0
0
0
0
0
0
0
0
0
0
0
0
0
0
0
0
0
0
0
0
0
0.200805
0.200805
0.200805
0.200805
0
0
0
0
0
0
0
0
0
0
0
0
0
0
0
0
0
0
0
0
0
0
0
0
0
0
0
0
0
0
0
0
0
0
0
0
0
0
0
0
0
0
0
0.0417975
0
0
0
0
0
0
0
0
0
0
0
0
0
0
0
0
0
0
0.042048
0.377964
0
0.383482
0.042048
0
0
0
0
0
0
0
0
0
0
0
0
0.042048
0
0
0
0
0
0
0
0
0
0
0
0
0
0
0
0
0
0
0
0
0
0
0
0
0
0
0
0
0
0
0
0
0
0
0
0
0
0
0
0
0
0
0
0
0
0
0
0
0.042048
0
0
0
0
0
0
0
0
0
0
0
0
0
0
0
0
0
0
0
0
0
0
0
0
0
0
0
0
0
0
0
0
0
0
0
0
0
0
0
0
0
0
0
0
0
0
0
0
0
0
0
0
0
0
0
0
0
0
0
0
0
0
0
0
0
0
0
0
0
0
0
0
0
0
0
0
0
0
0
0
0
0
0
0
0
0
0
0
0
0
0
0
0
0
0
0
0
0
0
0
0
0
0
0
0
0
0
0
0
0
0
0
0
0
0
0
0
0
0
0
0
0
0
0.0422804
0.0422804
0.0422804
0.0422804
0.0422804
0
0.0422804
0.0422804
0.0422804
0.042851
0.042851
0.0422804
0.0422804
0.0422804
0.042851
0
0.042851
0
0.042851
0.0436935
0.0436935
0.0436935
0.0436935
0.045111
0.045111
0.0451202
0.045111
0
0.0436935
0
0
0
0
0
0
0
0.042851
0.0268957
0.0268957
0.0268957
0.0268957
0
0
0
0
0.0267357
0.0267357
0.0303981
0.0303981
0.0304572
0.032742
0.0303981
0.0303981
0.0303981
0.0303981
0.0303981
0.0303981
0.0326303
0.0326303
0.0326303
0.0326303
0.0326303
0.0326303
0.0326303
0
0.0326303
0.0326303
0.0378777
0.0378777
0.0378777
0.0326303
0.0326303
0.0305452
0.0305452
0.0303981
0.0303981
0.0322045
0.0322045
0.0322045
0.0322045
0.0322045
0.0322045
0.0322045
0.0349556
0
0.0349556
0.0349556
0
0.0349556
0.0349556
0
0
0
0
0
0
0
0.0305538
0.0305538
0.0303981
0.0304037
0.0304037
0.0304037
0.0304037
0.0304037
0.0304037
0.0303981
0.0308724
0.0308724
0.0308724
0.0308724
0
0.0308724
0.0308724
0
0
0
0
0
0
0
0
0
0
0
0
0
0
0
0
0
0
0
0
0
0
0
0
0
0
0
0
0
0
0
0
0
0
0
0
0
0
0
0
0
0
0
0
0
0
0
0
0
0
0
0
0
0
0
0
0
0
0
0
0
0
0
0
0
0
0
0
0
0
0
0
0
0
0
0
0
0
0
0
0
0
0
0
0
0
0
0
0
0
0
0
0
0
0
0
0
0
0
0
0
0
0
0
0
0
0
0
0
0
0
0
0
0.0267185
0.0267185
0
0
0
0
0
0
0
0
0
0
0
0
0
0
0
0
0
0
0
0
0
0
0
0
0
0
0
0
0
0
0.0267185
0
0.0269113
0.0269113
0.0269113
0.0269113
0.0269113
0.0269113
0.0269367
0.0269367
0.0269367
0.0269367
0
0
0
0.0269916
0.0269916
0
0
0
0.0269367
0.0269367
0.0269367
0.0269367
0.0269367
0
0
0.0269367
0
0.0269602
0.0269367
0.0269367
0
0
0
0
0
0
0.026751
0
0
0
0
0
0
0
0
0
0
0
0
0
0
0
0
0
0
0
0
0
0
0
0
0
0
0
0
0
0
0
0
0
0
0
0
0
0
0
0
0
0
0
0
0
0
0
0
0
0
0
0
0
0
0
0
0
0
0
0
0
0
0
0.0267452
0
0
0
0
0
0
0
0
0
0
0
0
0
0
0.0267452
0.0267452
0.0408999
0.0408999
0
0
0
0
0
0
0
0
0
0
0
0
0
0
0
0
0
0
0
0
0.0287718
0.0287718
0.0287718
0
0
0
0
0
0.0498383
0
0.05
0
0.0501003
0.0501003
0.0501003
0.0501003
0
0.0501003
0.0501003
0.0501003
0
0.0501003
0.0501003
0.0501886
0.0501886
0.0501886
0
0.0501886
0
0.0501886
0.0504049
0
0.0501886
0.0501003
0
0
0
0
0
0.0504177
0.0501003
0
0
0
0
0
0
0
0
0
0
0
0
0
0
0
0
0.0287718
0
0.0502519
0
0
0
0
0
0
0
0
0
0
0
0
0
0
0
0
0
0
0.0287718
0.0498383
0.0287456
0.0287456
0.0287456
0.0287456
0.0287456
0
0
0
0
0
0
0
0
0.0357234
0.0359396
0
0
0.0471719
0.0471719
0
0
0.0267452
0.0267452
0.0267452
0.0267452
0.0267452
0.0267452
0.0267452
0.0267452
0.0267452
0.0267452
0.0267452
0.0267452
0.0267452
0.0267452
0.0267452
0.0267452
0.0267452
0.0267452
0.0267452
0.0267452
0.0267452
0.0267452
0.0267452
0.0267452
0.0267452
0.0267452
0.0267452
0.0267452
0.0267452
0.0267452
0.0267452
0.0267452
0.0267452
0.0267452
0.0267452
0.0267452
0.0267452
0.0267452
0.0267452
0.0267452
0.0267452
0.0267452
0.0267452
0.0267452
0.0267452
0.0267452
0.026751
0
0
0
0
0
0
0
0
0
0
0
0
0
0
0
0
0
0
0
0
0
0
0
0
0
0
0
0
0
0
0
0
0
0
0
0
0
0
0
0
0
0
0
0
0
0
0
0
0
0
0
0
0
0
0
0
0
0
0
0
0
0
0
0
0
0
0
0
0
0
0
0
0
0
0
0
0
0
0
0
0
0
0
0
0
0
0
0
0
0
0
0
0
0
0
0
0
0
0
0
0
0
0
0
0
0
0
0
0
0
0
0
0
0
0
0
0
0
0
0
0
0.0427882
0.0427882
0.0427882
0
0
0
0
0
0
0
0.0422653
0.0422653
0.0422653
0.0422653
0.0444116
0.0444116
0.0444116
0.0444116
0.0434208
0.0434208
0.0453796
0.0444906
0.0422653
0.0426945
0.0439375
0.0452031
0
0.0453516
0
0.0426945
0
0
0
0
0
0.0287718
0.0287718
0.0287718
0.0287718
0.0287718
0
0.0287718
0.0287718
0.0287718
0.0287718
0
0.0287718
0.0287718
0.0287718
0.0287718
0
0.0287718
0.0287718
0.0287718
0.0287718
0.0503793
0.0503793
0.0503793
0.0503793
0
0
0
0
0.0287718
0.0287718
0.0287718
0.0287718
0.0287718
0.0287718
0.0287718
0.0287718
0.0287718
0
0
0
0
0
0
0
0
0
0
0
0
0
0
0
0
0
0
0
0
0
0
0
0
0
0
0
0.0431612
0.0431612
0.0431612
0.0431612
0
0
0
0
0
0
0
0
0
0
0
0
0
0
0
0
0
0
0
0
0
0
0
0
0
0
0
0
0
0
0
0.0670854
0.0670854
0.0670854
0.0670854
0
0
0
0
0
0.0670854
0
0
0
0
0
0
0
0
0
0
0
0
0
0
0
0.026751
0.026751
0.026751
0.026751
0.026751
0.026751
0
0
0
0
0
0
0
0
0
0
0
0
0
0
0
0
0
0
0
0
0
0
0
0
0
0
0
0
0
0.026751
0.0267471
0.0267471
0.0267471
0.0267471
0.0267471
0.0267471
0.0267471
0.0267471
0.0267471
0.0267471
0.0267471
0
0
0
0.0267185
0.0267185
0
0
0
0
0.0267185
0.0267185
0
0
0
0
0
0
0
0
0
0
0
0
0
0
0
0
0
0
0
0
0
0
0
0
0.0267452
0
0
0
0
0
0
0
0
0.0379322
0.0379322
0.0379322
0.0379322
0.0379322
0.0379322
0.0379322
0.0379322
0
0.0379322
0.0379322
0
0.0379322
0.0379322
0
0
0
0
0
0
0
0
0
0
0
0
0
0
0
0
0
0.0268163
0.0268163
0
0.0268163
0.0268163
0.0418707
0.0418707
0
0.0418707
0.0418707
0.0270251
0
0
0
0
0
0
0
0
0
0
0
0
0
0
0
0
0
0
0
0
0
0
0
0
0
0
0
0
0
0
0
0
0
0
0
0
0
0
0
0
0
0
0
0
0
0
0
0
0
0
0
0
0
0
0
0
0
0
0
0
0
0
0
0
0
0
0
0
0
0
0
0
0
0
0
0.0268124
0.0268124
0.0268124
0.0287242
0
0
0.0269602
0.0267893
0.0267893
0.0267893
0.0267893
0.0268841
0.0268879
0.0269093
0.0269093
0.0269093
0
0.0269093
0
0
0
0
0
0
0
0
0
0
0
0
0
0
0
0
0
0
0
0
0
0
0
0
0
0
0
0
0
0
0
0
0.0267185
0
0
0.0267185
0.0267185
0.0267185
0.0267185
0.0267185
0
0
0.0267185
0.0267185
0.0287718
0.0287718
0
0
0
0
0
0
0
0
0
0
0.0287718
0.0287718
0
0
0.0287718
0.0287718
0.0431612
0
0
0
0
0.0487718
0.0487718
0.0487718
0.0487718
0.0487718
0.0487718
0.0487718
0
0.0487718
0.0487718
0
0.0487718
0.0487718
0.0487718
0
0
0
0
0
0
0
0
0
0
0.0487718
0.0487718
0
0.0487718
0
0
0
0
0
0
0
0
0
0
0
0
0
0
0
0
0
0
0
0
0
0
0
0
0
0
0
0
0.048795
0.0488183
0
0.0488299
0
0.0488299
0.0488415
0
0.048795
0.048795
0
0.048795
0.048795
0.048795
0.0488532
0
0
0
0.048795
0.048795
0.0287718
0.0287718
0.0287718
0.0287718
0.0287718
0.0287718
0.0287718
0.0287718
0.0287718
0.0287718
0.0287718
0.0287718
0.0287718
0.0287718
0.0500501
0.0287718
0.0485528
0.0486102
0
0.0486792
0.0486332
0.0287718
0.0486447
0
0.0287718
0.0287718
0.0447661
0
0
0
0.0447841
0.0287718
0.0287718
0.0486447
0.0486447
0.0287718
0.0287718
0.0287718
0.0287718
0.0287718
0.0287718
0.0287718
0.0287718
0.0287718
0.0287718
0.0287718
0.0287718
0.0298328
0.0298328
0.0298328
0
0
0
0
0
0
0
0.0287718
0.0287718
0.0287718
0.0287718
0.0287718
0.0287718
0.0287718
0.0287718
0.0287718
0.0287718
0.0287718
0
0.0287718
0.0287718
0.0287718
0.0287718
0.0287718
0.0287718
0.0287718
0.0287718
0.0287718
0.0287718
0.0287718
0.0287718
0
0
0
0
0.0287718
0.0486562
0.0487834
0
0.0287718
0.0287718
0.0287718
0.0287718
0.0287718
0.0287718
0
0
0.0267433
0
0
0
0
0
0
0
0
0
0
0
0
0
0
0
0
0
0
0
0
0
0
0
0
0
0
0
0
0
0
0
0
0
0
0
0
0
0
0
0
0
0
0
0
0
0
0
0
0
0
0.0287718
0.0287718
0.0287718
0
0
0.0287718
0.0287718
0
0
0
0
0
0
0.0287718
0.0287718
0
0.0287718
0
0
0
0
0
0
0
0
0
0.0287718
0.0287718
0.0287718
0.0287718
0
0
0
0
0
0
0
0
0
0
0
0
0
0
0
0
0
0
0
0.0287718
0.0287718
0.0287718
0.0287718
0.0287718
0.0287718
0.0287718
0.049975
0
0.049975
0.049975
0
0.0500626
0.0500626
0.0500626
0.0502773
0.0502773
0.0502773
0.0502773
0
0.0503027
0.0503027
0.0503027
0.0503027
0.0503027
0.0504305
0.0504305
0
0.0503027
0.0503665
0.0503027
0
0.0503027
0.0503665
0.0503665
0.0503027
0.0500877
0
0.0500877
0.0486908
0.0486908
0.0486908
0.0488066
0.0488066
0.0488066
0.0488066
0
0
0
0.0488882
0
0.0488882
0
0.0489116
0.0489116
0.0489116
0.048795
0.0483255
0
0.0487023
0.0466964
0.0466964
0.0466964
0.0466964
0
0.0466964
0.0466964
0.0466964
0.0471195
0.0471195
0.0471195
0.0471195
0.0471195
0.0466964
0
0
0
0
0
0
0.0431612
0.0431612
0.0431612
0.0431612
0.0431612
0.0431612
0
0
0
0
0
0
0
0
0.0483707
0.0484161
0.0484161
0.0484161
0.0485071
0.0485071
0
0.0484161
0.162221
0.162221
0.0287718
0.0287718
0.0287718
0.0287718
0.0287718
0.0287718
0.0287718
0.0287718
0.0293965
0.0293965
0
0.0293965
0.0287718
0.0287718
0
0
0.047684
0
0
0
0
0
0
0.0287718
0.0287718
0.0287718
0
0
0.0287718
0.0287718
0.0287718
0.0287718
0.0287718
0.0287718
0.0287718
0.0287718
0.0488299
0.048737
0
0
0
0.0287718
0.0450195
0
0.0431612
0.0431612
0.0463739
0.0471195
0.0471195
0.0453423
0.0453423
0.0287718
0.0287718
0.0287718
0.0287718
0.0287718
0
0
0.0287718
0.0287718
0
0
0.0287718
0.0287718
0.0287718
0.0287718
0.0287718
0.0287718
0.0287718
0.0287718
0
0.0287718
0.0287718
0.0287718
0.0430093
0
0.0432742
0.0432742
0.0430651
0
0.0433311
0.0433311
0.0433311
0
0.0438445
0.0448381
0.0440396
0.0440396
0.0444291
0.0444291
0
0.0441855
0
0
0
0
0
0.0441855
0.0293686
0.0494831
0.0494831
0
0.0494831
0.0494831
0.0494831
0
0
0.0475975
0.0494831
0.0494831
0.0494831
0.0494831
0.0494831
0.0494831
0.0494831
0
0
0
0.0494831
0
0.0293711
0.0293711
0
0.0293711
0.0293711
0.0431612
0.0287718
0.0287718
0.0287718
0.0287718
0.0287718
0.0287718
0.0287718
0.0287718
0.0287718
0.0287718
0.0287718
0.0287718
0.0434536
0.0434536
0
0.0434618
0.0287718
0.0456626
0.0287718
0.0287718
0.0287718
0.0287718
0
0.0287718
0.0287718
0.0479243
0.0479243
0.0479243
0.0479243
0.0479243
0.0287718
0
0.0287718
0.224733
0.224733
0.224733
0.224733
0.224733
0.0287718
0.0287718
0.0287718
0.0287718
0.0287718
0.0287718
0.0481348
0
0.0287718
0
0
0
0
0
0
0
0
0
0
0
0
0
0
0
0.0287718
0.0295527
0.0287718
0.0487602
0.0287718
0.0487602
0.0487602
0
0.0487718
0
0
0.0287718
0.0287718
0.0287718
0.0287718
0.0287718
0.0287718
0.0287718
0.0287718
0
0.0287718
0.0287718
0
0.0287718
0
0
0
0.0287718
0.0287718
0
0.0287718
0.0287718
0.0452772
0.0452957
0
0.0287718
0.0287718
0.0287718
0.0287718
0.0287718
0.0287718
0.0487718
0.0487718
0.0487718
0.0487718
0.0487718
0.0487718
0.0487718
0.0487718
0.0487718
0.0487718
0.0487718
0.0487718
0
0
0.0487718
0.0487718
0
0.0487718
0.0487718
0.0487718
0
0.0487718
0.0287718
0
0.110566
0
0
0
0
0
0
0.110566
0
0
0
0
0
0
0.110566
0
0
0
0
0
0
0.0287718
0.0287718
0.0287718
0.0287718
0.0487023
0
0
0
0
0
0
0
0.0487834
0
0
0
0
0
0.0287718
0.0287718
0.0287718
0
0
0
0
0
0
0.0287718
0.0287718
0.0287718
0.0427726
0
0
0
0
0
0
0
0.0287718
0.0287718
0
0
0
0
0.0484388
0
0
0
0
0.0431612
0.0287718
0.0287718
0.0287718
0
0
0
0
0
0
0
0
0
0
0.0431612
0.0287718
0.0287718
0
0
0
0
0
0
0
0
0
0
0
0.0287718
0.0287718
0
0.0499376
0.0491592
0.0287718
0.0466557
0.0287718
0.0287718
0
0
0
0
0
0.0459606
0
0
0
0
0
0
0
0
0.0287718
0.0287718
0
0
0
0
0
0
0
0
0
0
0
0
0
0
0
0
0
0
0
0
0
0
0
0
0
0
0
0
0
0
0
0
0
0
0
0
0
0
0
0
0
0
0
0
0
0
0
0
0
0
0
0
0
0
0
0
0
0
0
0
0
0
0
0
0
0
0
0
0
0
0
0
0
0
0
0
0
0
0
0
0
0
0
0
0
0
0
0
0
0
0
0
0
0
0
0
0
0
0
0
0
0
0
0
0
0
0
0
0
0
0
0
0
0
0
0
0
0
0
0
0
0
0
0
0
0
0
0
0.0287718
0.0287718
0
0
0
0
0
0
0
0
0
0
0
0
0.0287718
0.0287718
0
0
0.0287718
0.0287718
0.0287718
0.0287718
0.0287718
0.0287718
0.0287718
0.0287718
0.0287718
0.0287718
0.0287718
0.0287718
0.043794
0.043794
0.043794
0.043794
0
0
0.0287718
0.0287718
0.0287718
0.0287718
0.043794
0.043794
0.043794
0
0
0
0.0437437
0.0437437
0.0437856
0.0437856
0
0
0
0
0.0287718
0.0287718
0
0
0
0
0
0
0
0
0
0.0287718
0.0287718
0.0287718
0.0287718
0.0287718
0.0287718
0
0
0.0287718
0.0287718
0
0
0
0
0
0
0
0
0
0
0.0287718
0.0287718
0
0
0
0.0267433
0
0.0370167
0.0370167
0.0370167
0.0370167
0.0370167
0.0370167
0
0
0
0
0
0
0
0
0
0
0
0.0428039
0.0428039
0.0428039
0.0428039
0.0428039
0.0428039
0.0428039
0.0428039
0.0428039
0.0428039
0.0428039
0.0428039
0.0428039
0.0428039
0.0428039
0.0428039
0
0
0
0
0
0
0
0
0
0
0
0
0
0
0
0
0
0
0
0
0
0
0
0
0
0
0
0
0
0
0
0.0284786
0.0284786
0
0
0
0
0
0
0
0
0
0
0
0
0
0
0
0.0368555
0.0368555
0
0
0
0
0
0
0
0
0
0
0
0
0
0
0
0
0
0
0
0
0
0
0
0
0
0
0
0
0
0
0
0
0
0
0
0
0
0
0
0
0
0
0
0
0
0
0
0
0
0
0
0
0
0
0
0
0
0
0
0
0
0
0
0
0
0
0
0
0
0
0
0
0
0
0
0
0
0
0
0
0
0
0
0
0
0
0
0
0
0
0
0
0
0
0
0
0
0
0
0
0
0
0
0
0
0
0
0
0
0
0
0
0
0
0
0
0
0
0
0
0
0
0
0
0
0
0
0
0
0
0
0
0
0
0
0
0
0
0
0
0
0
0
0
0
0
0
0
0
0
0
0
0
0
0
0
0
0
0
0
0
0
0
0
0
