0.0434045
0.0434045
0.0415227
0.0415227
0.0415227
0.0415227
0.042586
0.0434045
0
0.042586
0.042586
0.042586
0.0415227
0.0415227
0.0415227
0.0415227
0.0415227
0.0415227
0
0
0
0
0.042048
0.042048
0
0
0
0
0
0
0
0.042048
0.0386046
0.0386046
0.0386046
0.0386046
0.0386046
0
0
0
0
0
0.0392595
0.0392595
0.0392595
0.0392595
0.0392595
0.0392595
0
0
0
0
0
0
0
0
0
0
0.0390078
0.0387376
0.0392595
0
0
0.0430651
0.0430651
0.0387376
0.0387376
0.0387376
0.0387376
0.0387376
0
0
0
0
0
0
0
0
0
0
0
0
0
0
0
0
0
0
0.0387376
0
0
0
0
0
0
0
0
0
0.0397151
0.0397151
0.0397151
0.0397151
0.040252
0
0.0404028
0.0397151
0
0
0.0426479
0
0.0426479
0.0426479
0.0426479
0.0426479
0.0426479
0.0415227
0
0.0415227
0.0415227
0.0415227
0.0415227
0.0415227
0
0
0
0
0
0
0
0
0
0
0
0
0
0
0
0
0
0
0
0
0
0
0
0
0
0
0
0
0
0
0
0
0
0
0.0386046
0.0386046
0
0.0415227
0.0385931
0.0385931
0.0415227
0.0415227
0.0415227
0
0
0.0392474
0.0392474
0
0.0392474
0
0
0
0
0
0
0
0
0
0
0
0
0
0
0
0
0
0
0
0
0
0
0
0
0
0
0
0
0
0
0
0
0.0450835
0.0450835
0.0450835
0.0450835
0.0450835
0.0450835
0.0450835
0.0450926
0.0450926
0.0450835
0.0450835
0.0450835
0.0450835
0.0450835
0.0450835
0.0450835
0.0450835
0.0450835
0.0450835
0.0450835
0.0450835
0.0450835
0.0450835
0
0
0.0450835
0.0450835
0.0450835
0.0450835
0
0
0
0
0
0
0
0
0
0
0
0
0
0
0.0275743
0.0275743
0.0275743
0.0275743
0.0275743
0.0264869
0.0275743
0.0470256
0
0
0
0.0275743
0.0275743
0.0275743
0.0275743
0
0
0
0
0
0
0.241121
0
0
0
0
0
0
0.144038
0.148413
0.0275743
0.0275743
0
0.0275743
0.0275743
0
0.0275743
0.0275743
0.042586
0.0998006
0.111111
0.0468396
0.0469323
0
0.0275743
0.0275743
0
0
0.0495195
0.0292278
0
0
0
0
0
0
0
0
0.0482131
0.0493744
0
0.0275743
0
0.0275743
0
0.0436852
0.0275743
0
0
0
0
0
0
0
0
0
0
0.0468396
0.0470049
0.086711
0.0466455
0
0.0275743
0.0467167
0.0467167
0.0467167
0.046778
0
0
0
0
0
0
0
0
0
0
0
0
0
0
0
0
0
0
0
0
0
0
0.0717958
0
0.074003
0.0724714
0.0724714
0
0
0
0
0
0
0
0
0
0
0
0
0
0
0
0
0
0
0
0
0
0
0
0
0
0
0
0
0
0
0.078811
0
0.078811
0.10506
0.10506
0.10506
0.10506
0
0
0.10506
0.10506
0
0
0
0
0
0
0.078811
0
0
0
0
0
0
0
0
0
0
0
0
0
0
0
0
0
0
0
0
0
0
0
0
0
0
0
0.0427491
0.0275743
0
0
0
0.0275743
0.0487254
0.0275743
0.0452031
0.0275743
0
0.0275743
0.0463639
0.0463639
0.0463639
0.0892288
0.0465343
0.0275743
0
0.0275743
0
0
0
0
0
0.0431934
0.0432257
0
0.0432257
0.0431934
0.0431934
0.0431934
0.0431934
0.0431934
0.0431934
0.0431934
0
0
0
0
0.0432257
0
0.0275743
0
0
0.114109
0.0281161
0
0
0.0281161
0.0281161
0.0281161
0.0281161
0.0281161
0.0281161
0.0281161
0.0281161
0.0281161
0.0281161
0
0
0
0
0
0
0
0
0
0
0
0
0
0
0
0
0
0
0
0
0
0
0
0
0
0
0
0
0
0
0
0
0
0
0.0483368
0.0484047
0
0
0
0
0
0
0
0
0
0
0
0
0
0
0
0
0
0
0
0
0
0
0
0
0
0
0
0
0
0
0
0
0
0
0
0
0
0
0
0
0
0
0
0
0
0
0
0
0
0
0
0
0
0
0
0
0
0
0
0
0
0
0
0
0
0
0
0
0
0
0
0
0
0
0
0
0
0
0
0
0
0
0
0
0
0
0
0
0
0
0
0
0
0
0
0
0
0
0
0
0
0
0
0
0
0
0
0
0
0
0
0
0
0
0
0
0
0
0
0
0
0
0
0
0
0
0
0
0
0
0
0
0
0
0
0
0
0
0
0
0
0
0
0
0
0
0
0
0
0
0
0
0
0
0
0
0
0
0
0
0
0
0
0
0
0
0
0
0
0
0
0
0
0
0
0
0
0
0
0
0
0
0
0
0
0
0
0
0
0
0
0
0
0
0
0
0
0
0
0
0
0
0
0
0
0
0
0
0
0
0
0
0
0
0
0
0
0
0
0
0
0
0
0
0
0
0
0
0
0
0
0
0
0
0
0
0
0
0
0
0
0
0
0
0
0
0
0
0
0
0
0
0
0
0
0
0
0
0
0
0
0
0
0
0
0
0
0
0
0
0
0
0
0
0
0
0
0
0
0
0
0
0
0
0
0
0
0
0
0
0
0
0
0
0
0
0
0
0
0
0
0
0
0
0
0
0
0
0
0
0
0
0
0.0405954
0
0.0408453
0
0
0
0
0
0
0
0
0
0
0
0
0
0
0
0
0.031683
0
0
0
0
0
0
0
0
0
0
0.0760286
0
0
0
0
0
0
0
0
0
0
0
0
0
0
0.0312775
0
0.0312775
0
0
0
0
0
0
0
0
0
0
0
0
0
0
0
0
0
0
0
0.0309492
0.0306743
0.0306743
0.0306743
0.0324716
0.0347524
0
0
0
0
0
0
0
0
0
0
0
0
0
0
0
0
0
0
0
0
0
0
0
0
0
0
0
0
0
0
0
0
0
0
0
0
0
0
0
0
0
0
0
0
0
0
0
0
0
0
0
0
0
0.033505
0.0368305
0.0309819
0
0
0
0
0
0
0
0
0
0
0
0
0
0
0
0
0
0
0
0.190347
0.190347
0.190347
0.0312683
0.0369863
0
0.0313697
0.130632
0.130632
0
0.135582
0.135831
0
0
0
0
0
0
0
0
0
0
0
0.135582
0
0
0
0
0
0
0
0
0
0
0
0
0
0
0
0
0
0
0
0
0
0
0
0
0
0
0
0
0
0
0
0
0
0
0
0
0
0
0
0
0
0
0
0
0
0
0
0
0
0
0
0
0
0
0
0
0
0
0
0
0
0
0
0
0
0
0
0
0
0
0
0
0
0
0
0
0
0
0
0
0
0
0
0
0
0
0
0
0
0
0
0
0
0
0
0
0
0
0
0
0
0
0
0
0
0
0
0
0
0
0
0
0
0
0
0
0
0
0
0
0
0
0
0
0
0
0
0
0
0
0
0
0
0
0
0
0
0
0
0
0
0
0
0
0
0
0
0
0
0
0
0
0
0
0
0
0
0
0
0
0
0
0
0
0
0
0
0
0
0
0
0
0
0
0
0
0
0
0
0
0
0
0
0
0
0
0
0
0
0
0
0
0
0
0
0
0
0
0
0
0
0
0
0.0310296
0.0310296
0.0310296
0.0368906
0.0368906
0.0410859
0
0
0.0310296
0.0441769
0.0441769
0.0441769
0.0441769
0.0441769
0
0
0
0
0
0.0282009
0.0293991
0.0282009
0
0
0
0
0
0
0
0
0
0
0
0
0
0
0
0
0
0
0
0
0
0
0
0
0
0
0
0
0
0
0
0
0
0
0
0
0
0
0
0.0317245
0.0317245
0.0317308
0.0317308
0
0.0318239
0
0.0318239
0.0477165
0.0318271
0
0.0318271
0.0362929
0.0326372
0.0368805
0.038872
0
0.0379595
0.043997
0.043997
0.043997
0.0465949
0.0457103
0
0.0463839
0.0475651
0.115779
0
0.132453
0
0.152854
0.0449467
0
0.0456721
0
0.0457581
0.0484274
0.0465746
0.0440653
0.0457294
0.0447393
0.130632
0.130632
0
0
0
0.430331
0.0447393
0
0
0
0
0
0
0
0
0
0
0
0
0
0
0
0
0
0
0
0
0
0
0.0281161
0
0
0
0
0
0
0
0
0
0
0
0
0
0
0
0
0
0
0
0
0
0
0.0281161
0
0.0281161
0
0.0264314
0.0264314
0.0264314
0.0264314
0.0264314
0.0302641
0.0302641
0.0302641
0.0302641
0.0302641
0.0302641
0.0302641
0.0302641
0.0302641
0.0302641
0.0305509
0.0305509
0.0305509
0.0305509
0.0305509
0.0305509
0.0305509
0.0305509
0.0305509
0.0305509
0.0305509
0.0305509
0.0305509
0.0305509
0.0305509
0
0
0
0
0
0
0
0
0
0
0
0
0
0
0
0
0
0
0
0
0
0
0
0
0
0
0
0
0
0
0
0
0
0
0
0
0
0
0
0
0
0
0.0418414
0.0418414
0.0418414
0.0418414
0.0418414
0.0468293
0.0468293
0.0468293
0
0
0
0
0
0
0
0
0
0
0
0
0
0
0
0
0
0
0
0
0
0
0
0
0
0
0
0
0
0
0
0
0
0
0
0
0
0
0
0
0
0
0
0
0
0
0
0
0
0
0
0
0
0
0
0.040941
0
0.0587423
0.0265541
0.042341
0
0.0273629
0
0
0.030767
0.0272327
0.0267357
0.0276311
0
0
0
0
0
0
0
0
0.0387434
0.0387434
0.0387492
0.0387492
0.0387434
0
0
0
0
0
0
0
0
0
0
0
0
0.0597614
0.0597614
0.0597614
0.0597614
0.0597614
0.0597614
0.0653162
0.0597614
0.026556
0.026556
0.026556
0.026556
0.026556
0.0265597
0.0265597
0.026635
0.026635
0.026635
0
0
0
0
0
0
0
0
0
0
0
0
0
0
0
0
0
0
0
0
0
0
0
0
0
0
0
0
0
0
0
0
0
0
0
0
0
0
0
0
0
0
0
0
0
0
0
0
0
0
0
0
0
0
0
0
0
0
0
0
0
0
0
0
0
0
0
0
0
0
0
0
0
0
0
0
0
0.0269798
0.0269798
0.0280607
0.0269798
0.0273937
0.0273937
0.0273937
0.0265148
0.0265148
0.0282526
0.0265148
0.0265148
0.0265148
0.0271463
0.0282526
0.0271523
0.0271523
0.0282684
0.0271523
0.0270904
0
0.0270904
0.0270904
0.0278272
0.0273834
0.0289424
0.0288219
0.0288219
0.0303337
0.0300312
0
0
0
0
0.0271024
0
0
0.0271024
0.0271024
0.0271743
0.0271024
0.0265541
0.0265541
0.0265466
0.0265466
0.0265485
0.0265466
0.0271743
0.0265485
0
0
0
0
0
0
0
0
0
0
0
0
0
0
0
0
0
0
0
0
0
0
0
0
0
0
0
0
0
0
0
0
0
0
0
0
0
0
0
0
0
0
0
0
0
0
0
0
0
0
0
0
0
0
0
0
0
0
0
0
0
0
0
0
0
0
0
0
0
0
0
0
0
0
0
0
0
0
0.0271363
0.0271363
0
0
0.0282211
0.0282211
0.0274019
0.0274659
0.0274659
0.0282099
0.0444994
0.0444994
0
0.0410374
0.0410374
0.0276184
0.0276205
0
0
0
0
0
0
0
0
0.0279618
0.0279618
0.0279618
0.0279618
0.0279618
0.027964
0.027964
0
0
0
0
0
0
0
0.0273875
0.0370676
0.0273896
0
0.0273916
0.0276121
0.0279334
0.0276416
0.0276142
0.0279356
0.0291433
0.0385873
0.0469841
0.039841
0
0
0.0283205
0
0
0
0
0
0
0.0319503
0.0338837
0.0283115
0.0283115
0.0283729
0.0283115
0.0374345
0.0374345
0.0374345
0
0
0
0
0
0
0
0
0
0
0
0
0
0
0
0
0
0
0
0
0
0
0
0
0
0
0
0
0
0
0
0
0
0
0
0
0
0
0
0
0
0
0
0
0
0
0
0
0
0
0
0
0
0
0
0
0
0.0357554
0.0358379
0.037445
0.0376302
0.0376302
0
0.0376355
0
0
0
0.0422955
0.0436021
0.0452586
0.0435855
0.1001
0.100504
0.104713
0
0
0
0
0
0
0
0
0
0
0
0
0
0
0
0
0
0
0
0
0
0
0
0
0
0
0
0
0
0
0
0
0
0
0
0
0
0
0
0
0
0
0
0
0
0
0
0
0
0
0
0
0
0
0
0
0
0
0
0
0
0
0
0
0
0
0
0
0
0
0
0
0
0
0
0
0
0
0
0
0
0
0
0
0
0
0.0328089
0.0275743
0.0275743
0.0279552
0.0278466
0.0389249
0.0389249
0.0275701
0.0275701
0.0486217
0.0275743
0.0275743
0.0498259
0.0280254
0.0280254
0.0407231
0
0
0
0
0
0
0
0
0
0
0
0
0
0
0
0
0
0
0
0
0
0
0
0.037273
0
0.029801
0.251577
0.0290472
0
0.0360469
0
0.0762937
0.0334487
0
0
0.115624
0
0
0
0
0.032458
0
0.0657667
0.0284994
0
0.0338837
0.0298674
0.0371442
0
0
0.115624
0
0
0
0.0287789
0
0
0
0
0
0.0282639
0.0372265
0.032742
0
0.0392655
0.028174
0
0.0309049
0
0
0
0
0.0390971
0
0.02894
0
0
0
0
0
0
0
0
0
0
0
0
0
0
0
0
0
0.0279946
0.0279946
0.0279946
0.0279946
0.0279946
0
0
0
0
0
0
0
0
0
0
0
0
0
0
0
0
0
0
0
0
0
0
0
0
0
0
0
0
0
0
0
0
0
0
0
0
0
0
0
0
0
0
0
0
0
0
0
0
0
0
0
0
0
0
0
0
0
0
0
0
0
0
0
0
0
0
0
0
0
0
0
0
0
0
0
0
0
0
0
0
0
0
0
0
0
0
0
0.0450652
0.0450652
0.0450652
0.0450652
0
0
0
0
0
0
0
0.0450652
0.0450652
0.0450652
0.0450652
0.086973
0.0450652
0
0
0
0
0
0
0
0
0.0339188
0.0313051
0.0339188
0.0339188
0.0339188
0.0339188
0.0339188
0.0339188
0.0450286
0
0.0339188
0.0339188
0.0339188
0.0313051
0.0313051
0.0313051
0.0313051
0.0313051
0.0313051
0.0313051
0.0443591
0.0443591
0.0443591
0.0443591
0.0443591
0.0443591
0.0443591
0.0313051
0
0
0.0387783
0.0358103
0
0
0
0
0.0443504
0.0443504
0
0.0316196
0.0316196
0.0316196
0.0316196
0.0316196
0.0316196
0.0512854
0.0512854
0.0512854
0.0512854
0.0448111
0
0.0324545
0.0324545
0.0327175
0.0357462
0.0397968
0.0370066
0
0
0
0.0319503
0.0319503
0.045615
0.0319536
0
0.0319536
0.0388017
0
0
0
0
0
0.0317917
0.0317917
0.0443591
0
0.0279946
0.0279946
0.0279946
0.0279946
0
0
0
0.046156
0.046156
0.046156
0.046156
0.0474365
0.0474365
0.046156
0.046156
0.046156
0.046156
0
0
0
0
0
0.046156
0.0462349
0
0.0462349
0.0464338
0.0463639
0.0463639
0.0463839
0.0463639
0.0463639
0
0.0463639
0.0691053
0.0473302
0.0473302
0.0554871
0.0475114
0.0475114
0.0475114
0.0476083
0.0476083
0.0477383
0.0476083
0.0492068
0.0492068
0.0492068
0.0492068
0.0492306
0.0492068
0.0492068
0.0492068
0.046156
0.0468704
0.0468807
0.0477165
0.048303
0.048303
0.048303
0
0
0.0483255
0.0489116
0.0468807
0.0309908
0.0309997
0.046225
0.046225
0.046225
0.046225
0.046225
0.046225
0.046225
0.046225
0.046225
0.046225
0.046225
0.046225
0.046225
0.046225
0.046225
0.046225
0.046225
0.0608806
0.0608806
0
0
0.0280254
0.0280254
0.0280254
0.0280254
0.0280254
0.0280254
0.0280254
0.0280254
0.0280254
0.0280254
0.0280254
0.0280254
0.0280254
0.0280254
0.0280254
0.0280254
0.0280254
0.0280254
0.0280254
0.0280254
0.0280254
0.0280254
0.0280254
0.0280254
0.0280254
0.0280254
0.0280254
0.0280254
0.0280254
0.0280254
0.0280254
0
0
0.046225
0.046225
0.046225
0.046225
0.046225
0.046225
0.0475114
0.046225
0.046225
0.047235
0.047235
0.047235
0.047235
0.047235
0.047235
0.047235
0.047235
0.047235
0.047235
0.046225
0.046225
0.046225
0.046225
0.046225
0.0475114
0.046225
0.046225
0.046225
0.0463241
0.0463241
0.456435
0.456435
0.456435
0.0463241
0.046225
0
0
0
0.046225
0.046225
0.0466557
0.0466557
0.0466557
0
0.046225
0.046225
0.046225
0.0463042
0.0463042
0.0466557
0
0.0466557
0.0466557
0
0
0.191741
0.191741
0
0
0
0
0.0762937
0.0762937
0.0474045
0.0474472
0.146176
0.146176
0
0
0
0
0
0.0475759
0.0475759
0.0475759
0
0
0
0.0580454
0.0580454
0.0580454
0
0
0
0.0747435
0.0747435
0.0747435
0.082144
0.082144
0.082144
0
0
0
0
0
0
0
0
0
0
0
0
0
0
0
0
0
0
0
0
0
0
0
0
0
0
0
0
0
0
0
0
0
0
0
0
0
0
0
0
0
0
0
0
0
0
0
0
0
0
0
0
0
0
0
0
0
0
0
0
0
0
0
0
0
0
0
0
0
0.0478037
0.0478037
0.0478037
0.228218
0.228218
0
0
0
0
0
0
0
0
0
0
0
0
0.0466557
0.0466557
0.0463241
0.0463241
0
0
0.0808981
0.0811107
0
0
0
0.0808981
0.0904616
0.142278
0.142278
0
0
0.046225
0.046225
0.0465141
0.046225
0.046225
0.0465141
0.0465141
0
0.0465141
0.102062
0
0.102062
0.0465141
0.0465141
0.0478037
0.0478037
0.0478037
0.0478037
0.0479023
0.0479023
0.0479023
0.0479023
0.0487834
0.0487834
0
0.0479023
0.0479023
0
0
0
0
0
0
0.0479023
0.0487834
0.0487834
0.0487834
0.0492784
0.0492784
0.0492784
0.0492784
0.0493144
0.0479023
0.0479023
0.0479023
0.0485758
0.0485758
0.0486677
0.0486677
0
0
0
0
0
0
0
0
0
0
0
0
0
0
0
0
0
0.142278
0
0
0.153213
0.153213
0.153213
0
0.153213
0.153213
0.153213
0.153213
0
0.153213
0.153213
0.156556
0
0.153213
0.153213
0.153213
0.154303
0.154303
0
0.154303
0
0.0484957
0.0484957
0.0484957
0
0.0485414
0.0493144
0
0.0493384
0.0493384
0.0493384
0.0493384
0
0
0
0.0493384
0.0493384
0.0493384
0.0493985
0
0
0
0
0
0
0
0
0
0.0493384
0.0493865
0
0
0
0
0
0
0
0
0
0
0
0
0
0
0
0
0
0
0
0
0.0493144
0.0493144
0.0493144
0.0493144
0.0493384
0.0493264
0
0.0493504
0.0493504
0
0.0493504
0.0493504
0
0
0
0
0
0
0
0
0.0463042
0.0463042
0.0464439
0.0467269
0.0467269
0.118678
0.118678
0.118678
0
0
0
0.0467269
0.0467269
0.0475759
0.0479023
0.0478694
0.0478694
0.0478694
0.0478694
0
0
0.0478694
0.0478694
0.0478694
0.0478694
0.0478694
0
0
0
0
0
0
0
0
0.0478694
0
0
0
0
0
0
0
0
0
0
0
0
0
0
0
0
0
0.0580454
0.0580454
0.0580454
0.0580454
0.0580454
0.0613832
0.0613832
0.0613832
0.0613832
0.0613832
0.0614992
0.0613832
0.0613832
0.0893713
0
0.0580454
0.0580454
0
0
0
0
0
0
0
0
0
0
0
0
0
0
0
0
0
0
0
0
0
0
0
0
0.0466557
0.0466557
0.0466557
0.0478365
0.0478365
0
0.0478365
0
0
0
0
0
0
0
0
0
0
0
0.0478365
0.0478365
0
0
0
0
0
0
0
0
0
0
0
0
0
0
0.0466557
0.0747435
0.0747435
0.0747435
0
0
0
0.0749111
0.0780869
0.0780869
0.0780869
0.0780869
0.0873038
0.0780869
0
0.0780869
0
0.0780869
0.0780869
0.0780869
0.217186
0.0749111
0.0678219
0.0678219
0.0678219
0.0678219
0.0678219
0.0678219
0.0678219
0.100402
0.100402
0.100402
0.100402
0.100402
0.0678219
0.0678219
0.0678219
0.0678219
0
0.0678219
0.082144
0.082144
0
0.082144
0.082144
0.082144
0.082144
0.082144
0
0.082144
0.082144
0
0
0.0836827
0.082144
0.082144
0.228218
0.228218
0.228218
0.228218
0.228218
0
0
0
0
0
0
0
0
0
0
0.261712
0
0.228218
0.228218
0.0472878
0.047309
0
0
0
0
0
0
0
0.0466252
0.0466252
0.151794
0.0466252
0.0474793
0.0474793
0.0469013
0.0469013
0.0464539
0.0464539
0.0464539
0.0505076
0.0512989
0.0512989
0.0512989
0.0505076
0
0
0.0464539
0.0922924
0.0464539
0
0
0
0
0.0465444
0.0280232
0.0280232
0.0280232
0.0280232
0.0280232
0.0280232
0.0280232
0.0280232
0.0280232
0.0280232
0.0280232
0.0280232
0.0280232
0.0280232
0.0280232
0.0280232
0.0280232
0.0280232
0.0280232
0.0280232
0.0280232
0.0280232
0.0280232
0.0280232
0.0280232
0.0280232
0.0280232
0.0280232
0.0280232
0.0280232
0.0280232
0.0280232
0.0280232
0.0280232
0.0280232
0.0280232
0.0280232
0.0280232
0.0280232
0.0280232
0.0280232
0.0280232
0.0280232
0.0280232
0.0280232
0.0280232
0.0280232
0.0280232
0.0280232
0.0280232
0.0280232
0.0280232
0.0280232
0.0280232
0.0280232
0.0280232
0.0280232
0.0280232
0.0280232
0.0280232
0.0280232
0.0280232
0.0280232
0.0280232
0.0280232
0.0280232
0.0280232
0.0280232
0.0280232
0.0280232
0.0280232
0.0280232
0.0280232
0.0280232
0.0280232
0.0280232
0.0280232
0.0280232
0.0280232
0.0280232
0.0280232
0.0280232
0.0280232
0.0280232
0.0280232
0.0280232
0.0280232
0.0280232
0.0280232
0.0280232
0.0280232
0.0280232
0.0280232
0.0280232
0.0280232
0.0280232
0.0280232
0.0280232
0.0280232
0.0280232
0.0280232
0.0280232
0.0280232
0.0280232
0.0280232
0.0280232
0.0280232
0.0280232
0.0280232
0.0280232
0.0280232
0.0280232
0.0280232
0.0280232
0.0280232
0.0280232
0.0280232
0.0280232
0.0280232
0.0280232
0.0280232
0.0280232
0.0280232
0.0280232
0.0280232
0.0280232
0.0280232
0.0280232
0.0280232
0.0280232
0.0280232
0.0280232
0.0280232
0.0280232
0.0280232
0.0280232
0.0280232
0.0280232
0.0280232
0
0
0
0
0
0
0
0
0
0
0
0
0
0
0
0
0
0
0
0
0
0
0
0
0
0
0
0
0
0
0
0
0
0
0
0
0
0
0
0
0
0
0
0
0
0
0
0
0
0
0
0
0
0
0
0
0
0
0
0
0
0
0
0
0
0
0
0
0
0
0
0
0
0
0
0
0
0
0
0
0
0
0
0.028032
0
0.0280961
0.0280961
0.028032
0
0
0
0
0.0280917
0.0280917
0
0
0
0
0
0
0
0
0
0
0
0
0
0
0
0
0
0
0
0
0
0
0
0
0
0
0
0
0
0
0
0
0
0
0
0
0
0
0
0
0
0
0
0
0
0
0
0
0
0
0
0
0
0
0
0
0
0
0
0
0
0
0
0
0
0
0.0280364
0
0
0
0
0
0
0
0
0
0
0
0.0299315
0.0299315
0.0282211
0
0
0
0
0
0
0
0
0
0
0
0
0
0
0
0
0
0
0
0
0
0
0
0
0.0299181
0.0299181
0.0299181
0.028032
0
0
0
0
0
0
0
0
0
0
0
0
0
0
0
0
0
0
0
0
0
0
0
0
0
0
0
0
0
0
0
0
0
0
0
0
0
0
0
0
0
0
0
0
0
0
0
0
0
0
0
0
0
0
0
0
0
0
0
0
0
0
0
0
0
0
0
0
0
0
0
0
0
0
0
0
0
0
0
0
0
0
0
0
0
0
0
0
0
0
0
0
0
0
0
0
0
0
0
0
0
0
0
0
0
0
0
0
0
0
0
0
0
0
0
0
0
0
0
0
0
0
0
0
0
0
0
0
0
0
0
0
0
0
0
0
0
0
0
0
0
0
0
0
0
0
0
0
0
0
0
0
0
0
0
0
0
0
0
0
0
0
0
0
0
0
0
0
0
0
0
0
0
0
0
0
0
0
0
0
0
0
0
0
0
0
0
0
0
0
0
0
0
0
0
0
0
0
0
0
0
0
0
0
0
0
0
0
0
0
0
0
0
0
0
0
0
0
0
0
0
0
0
0
0
0
0
0.0443591
0.0443591
0.0443416
0.0443416
0.0443416
0.0443416
0.0443416
0.0443416
0.0443416
0.0443416
0.0443416
0.0443416
0.0280254
0.0280254
0.0280254
0.0280254
0.0280254
0.0280254
0.0280254
0.0280254
0.0443591
0.0443591
0.0443591
0.0443591
0.0443591
0.0443591
0.0443591
0.0443591
0.0443591
0.0450286
0.0450286
0.0450286
0.0450286
0.0443591
0.0443591
0.0443591
0.0491949
0.0491949
0.0491949
0.0491949
0.0491949
0
0.0491949
0.0443591
0.0443591
0.0443591
0
0
0
0
0
0
0
0
0
0
0
0
0
0
0
0
0
0
0
0
0
0
0
0
0.0443416
0.0443416
0.0443416
0.0443416
0.0443416
0.0443416
0.0443416
0.0443416
0.0443416
0.0443416
0.0443416
0.0443416
0.0443416
0.0443416
0.0443416
0.0443416
0.0443416
0.0443416
0.0443416
0.0443416
0.0443416
0.0443416
0.0443416
0.0443416
0.0443416
0.0443416
0.0443416
0.0443416
0.0447572
0.0449285
0
0.0450286
0.0443591
0.0280364
0
0.0280364
0.0280364
0.0280364
0.0280364
0
0.0316196
0.0316196
0.0316196
0.0316196
0.0316196
0.0316196
0.0316196
0.0316196
0.0316196
0.0316196
0.0316196
0.0316196
0.0316196
0.0589665
0
0
0
0
0
0.0399936
0
0.0494831
0
0.0524142
0.0672065
0
0
0.0446589
0.0446589
0.0446589
0.0466252
0
0
0
0
0
0.0443853
0.0469841
0
0.0774752
0.0774752
0.0774752
0.0443591
0.0443591
0.0443591
0.0446767
0
0
0
0
0
0
0
0
0
0
0
0
0
0
0.110838
0
0
0
0
0
0
0
0.0280254
0.0280254
0.0280254
0.0280254
0.0280254
0.0280254
0.0280254
0.0280254
0.0280254
0
0
0
0
0
0
0
0
0
0
0
0
0
0
0
0
0
0
0
0
0
0
0
0
0
0
0
0
0
0
0
0
0
0
0
0
0
0
0
0
0
0
0
0
0
0
0
0
0
0
0
0
0
0
0
0
0
0
0
0
0
0
0.0281987
0.0281987
0.0281987
0.0281987
0.0281987
0.0281987
0.0281987
0.0281987
0.0326895
0.0281987
0.0281987
0.0281987
0.0281987
0.0281987
0.0281987
0
0
0
0
0
0
0
0
0.0282009
0.0282009
0.0282009
0.0282009
0.0282009
0.0282009
0.0282009
0
0
0.0282009
0
0
0.0341633
0
0.0341633
0.0341633
0.0341633
0.0341633
0.0341633
0.0341633
0.0341633
0.0341633
0.0341633
0.0341633
0.0341713
0.0341713
0
0
0.0341713
0
0
0
0
0
0
0
0
0.0450743
0.0450743
0.0450743
0.0450743
0.0450743
0.0450743
0.0450743
0.0450743
0
0
0
0
0
0
0
0
0
0
0
0
0
0
0
0
0
0
0
0
0
0
0
0
0
0
0
0
0
0
0
0
0.0427101
0.0336718
0
0
0.0432742
0.0282009
0.0282009
0.0282009
0.0346272
0.0346272
0.0346355
0
0
0
0.0282009
0.0282009
0.0282414
0.0282414
0.0282009
0.0282009
0.0282054
0.0310296
0.0310296
0.0282054
0.0282211
0.0282211
0.0282211
0.0282211
0.0282054
0.0282054
0.0282054
0.0310296
0.0310296
0.0310296
0.0310296
0.0310296
0.032944
0.0310296
0.0310296
0.0310296
0.0368155
0.0310296
0.0310296
0.0310296
0.0310296
0.0310296
0.0310296
0.0310296
0.066578
0
0.0762493
0.123278
0.0897303
0.0282009
0.0282009
0.0282009
0.0282009
0.0326895
0.0282009
0.0431452
0.0431452
0.0431452
0.0431452
0.0449557
0.0431452
0.0282009
0.0326895
0.0282009
0.0317564
0.0282009
0.0282009
0.0282009
0.0317564
0.0317564
0.0326268
0.0320519
0.0320519
0.0320519
0.0320519
0.0320519
0.0320519
0
0
0
0
0
0
0.0336679
0
0.0344092
0.0321778
0.0321745
0
0
0
0
0.0282414
0.0282414
0.0443591
0
0
0.0279508
0.0279508
0.0279508
0.0279508
0.0279508
0.0279508
0.0279749
0.0279574
0.0280254
0.0279508
0
0.0280254
0.0280254
0
0
0
0
0
0
0
0
0
0
0
0
0
0
0
0
0
0
0
0
0
0
0
0
0
0
0
0
0
0
0
0
0
0
0
0
0
0
0
0
0
0
0
0
0
0
0
0
0
0
0
0
0
0
0
0
0
0
0
0
0
0
0
0
0
0
0
0
0
0
0
0
0
0
0
0
0
0
0
0
0
0
0
0
0
0
0
0
0
0
0
0
0
0
0
0
0
0
0
0
0
0
0
0
0
0
0
0
0
0
0
0
0
0
0
0
0
0
0
0
0
0
0
0
0
0
0
0
0
0
0
0
0
0
0
0
0
0
0
0
0
0
0
0
0
0
0
0
0
0
0
0
0
0
0
0
0
0
0
0
0
0
0
0
0
0
0
0
0
0
0
0
0
0
0
0
0
0
0
0
0
0
0
0
0
0
0
0
0
0
0
0
0
0
0
0
0
0
0
0
0
0
0
0
0
0
0
0
0
0
0
0
0
0
0
0
0
0
0
0
0
0
0
0
0
0
0
0
0
0
0
0
0
0
0
0
0
0
0
0
0
0
0
0
0
0
0
0
0
0
0
0
0
0
0
0
0
0
0
0
0
0
0
0
0
0
0
0
0
0
0
0
0
0
0
0
0
0
0
0
0
0
0
0
0
0
0
0
0
0
0
0
0
0
0
0
0
0
0
0
0
0
0
0
0
0
0
0
0
0
0
0
0
0
0
0
0
0
0
0
0
0
0
0
0
0
0
0
0
0
0
0
0
0
0
0
0
0
0
0
0
0
0
0
0
0
0
0
0
0
0
0
0
0
0
0
0
0
0
0
0
0
0
0
0
0
0
0
0
0
0
0
0
0
0
0
0
0
0
0
0
0
0
0
0
0
0
0
0
0
0
0
0
0
0
0
0
0
0
0
0
0
0
0
0
0
0
0
0
0
0
0
0
0.0280232
0.0280232
0.0280232
0.0280232
0.0280232
0.0526024
0.0526024
0.0526024
0.0526024
0.0526024
0.0526024
0.0526024
0.0526024
0.0526024
0.0526024
0.0607906
0.0607906
0
0
0
0.0607906
0
0.052985
0
0
0
0
0.279508
0.0582223
0
0
0.0565595
0
0
0
0
0
0
0
0
0
0
0
0
0
0
0
0
0
0
0
0
0
0
0
0
0
0.0279487
0.0279487
0.0279487
0.0279487
0.028032
0
0
0
0
0
0
0
0
0
0.0280254
0.0280254
0.0280254
0.0280254
0.0280254
0.0280254
0
0
0
0
0
0
0
0
0
0
0
0
0
0
0
0
0
0
0
0
0
0
0
0
0
0
0
0
0
0
0
0
0
0
0
0
0
0
0
0
0
0
0
0
0
0
0
0
0
0
0
0
0
0
0
0
0
0
0
0
0
0
0.0283069
0.0283069
0
0
0.0283047
0.0283047
0.0283047
0.0283047
0.0283047
0.0283047
0.0283047
0.0283069
0.0283047
0.0283069
0.0283069
0.0283069
0.0283069
0.0283183
0.0299799
0
0
0.028357
0.028357
0.028357
0.028357
0.028357
0
0
0
0
0
0
0.0283069
0.0283069
0
0
0
0
0
0
0
0
0
0
0
0
0
0
0
0
0
0
0
0
0
0
0
0
0
0
0
0
0
0
0
0
0
0
0
0
0
0
0
0
0
0
0
0
0.0300015
0.0300015
0.0300015
0
0
0.0422577
0
0.0422577
0
0
0
0
0
0
0
0.0280012
0
0.0280012
0.0280012
0.0280012
0.0280012
0
0
0
0
0
0
0
0
0
0
0
0
0
0
0
0
0
0
0
0
0
0
0
0
0
0
0
0
0
0
0
0
0
0
0
0.0282009
0.0282009
0.0279946
0.0279946
0.0279946
0.0279946
0.0279946
0.0279946
0.0279946
0.0279946
0.0279946
0.0279946
0.0279946
0.0279946
0.0279946
0.0279946
0.0279946
0.0279946
0.0279946
0.0279946
0.0279946
0.0279946
0.0279946
0.0279946
0.0279946
0.0279946
0.0279946
0
0
0
0.0279946
0.0279946
0.0279946
0.0279946
0.0279946
0.0279946
0.0279946
0.0279946
0.0279946
0.028032
0.028032
0.028032
0.0280364
0.0280364
0.028032
0.028032
0.0280364
0.0282391
0
0
0
0.028032
0.0308489
0
0
0
0
0.028032
0
0.028032
0
0.028032
0.028032
0.028032
0.028032
0.028032
0.0409685
0.028032
0.028032
0
0
0.0300965
0.0300965
0.0301019
0.0301019
0.0300965
0.0300965
0
0
0.0300177
0.0300177
0.0300177
0.0300177
0.0300177
0.0300177
0
0
0
0
0
0.0300421
0.0300177
0.0300177
0.0300177
0.0300177
0.0300177
0
0
0.0300177
0.0300177
0.0300177
0.0300856
0.0300856
0.0300177
0.0300177
0
0.0300177
0
0.0300177
0
0.0300177
0.0300177
0
0.0300177
0.0300177
0
0
0
0.0300177
0.0300177
0.0300177
0.0300177
0.0300177
0.0300177
0.0300177
0.0300177
0.0300177
0.0300177
0.0300177
0.0300177
0.0300856
0.0300856
0.0300856
0
0.0300856
0.0300177
0.0300177
0.0300177
0.0300177
0
0.0300177
0.0300177
0
0
0
0
0
0
0
0
0
0
0
0
0
0
0
0
0
0
0
0
0
0
0
0
0
0
0
0
0
0
0
0
0
0
0
0
0
0
0
0
0
0
0
0
0
0
0
0
0
0
0
0
0
0
0
0
0
0
0
0
0
0
0
0
0
0
0
0
0
0
0
0
0
0
0
0
0
0
0
0
0
0
0
0
0
0
0
0
0
0
0
0
0
0
0
0
0
0
0
0
0
0
0
0
0
0
0
0
0
0
0
0
0
0
0
0
0
0
0
0
0
0
0
0
0
0
0
0
0
0
0
0
0
0
0
0
0
0
0
0
0
0
0
0
0
0
0
0
0
0
0
0
0
0
0.0293307
0.0301951
0
0
0
0
0
0
0
0
0
0.0314068
0
0
0
0
0
0
0
0
0
0
0
0
0
0
0
0
0
0
0.0283183
0.0283183
0
0
0
0
0
0
0
0
0
0
0
0
0
0
0
0
0
0
0
0
0
0
0
0
0
0
0
0
0
0
0
0
0
0
0
0
0
0
0.0293231
0.0293231
0.0293231
0
0
0
0
0
0
0
0
0
0
0
0
0
0
0
0
0
0
0
0
0
0
0
0
0
0
0
0
0
0
0
0
0.0443416
0.0443416
0.0443416
0
0
0
0
0
0
0
0
0
0
0
0
0
0
0
0
0
0
0
0
0
0
0
0
0
0
0
0
0
0
0
0
0
0
0
0
0
0
0
0
0
0
0
0
0
0
0
0
0
0
0
0
0
0
0
0
0
0
0
0
0
0
0
0
0
0
0
0
0
0
0
0
0
0
0
0
0
0
0
0
0
0
0
0
0
0
0
0
0
0
0
0
0
0
0
0
0
0
0
0
0
0
0
0
0
0
0
0
0
0
0
0
0
0
0
0
0
0
0
0
0
0
0
0
0
0
0
0
0
0
0
0
0
0
0
0
0
0.0282436
0
0
0
0
0
0
0
0
0
0
0
0
0
0
0
0
0
0
0
0
0
0
0
0
0
0
0
0
0
0
0
0
0
0
0
0
0
0
0
0
0
0
0
0
0
0.0282707
0.0282707
0.0282707
0
0
0
0
0
0
0
0.0279946
0.0279946
0
0
0
0
0
0
0.0282211
0.0282211
0.0282211
0.0282099
0
0
0
0
0.0282436
0.0282436
0.0282436
0
0
0.0301539
0.0301539
0
0
0
0.0282436
0.0282436
0
0.0280276
0.0565957
0.0565957
0.0565957
0.0565957
0
0.0565957
0.0582025
0
0.0582025
0.0565957
0
0
0
0
0
0
0
0.0285063
0
0.0282346
0
0
0
0
0
0
0
0
0
0
0
0
0
0
0
0
0
0
0
0
0
0
0
0
0
0
0
0
0
0
0
0
0
0.046354
0
0
0
0
0
0
0
0
0
0
0
0
0
0
0
0
0
0
0
0
0
0
0
0
0
0
0
0
0
0
0
0
0
0
0
0
0
0
0
0
0
0
0
0
0
0
0
0
0
0
0
0
0
0
0
0
0
0
0
0
0
0
0
0
0
0
0
0
0
0
0
0
0
0
0
0
0
0
0
0
0
0
0
0
0
0
0
0
0
0
0
0
0
0
0
0
0
0
0
0
0
0
0
0
0
0
0
0
0
0
0
0
0
0
0
0
0
0
0
0
0
0
0
0
0
0
0
0
0
0
0
0
0
0
0
0
0
0
0
0
0
0
0
0
0
0
0
0
0
0
0
0
0
0
0
0
0
0
0
0
0
0
0
0
0
0
0
0
0
0
0
0
0
0
0
0
0
0
0
0
0.0275743
0.0275743
0.0275743
0.0275743
0
0
0
0
0
0
0
0
0.0467985
0.0527927
0.0468293
0.0508987
0.0470256
0.0469841
0.0469841
0
0
0
0
0
0
0
0
0
0
0
0
0
0
0
0
0
0
0
0.0280254
0
0
0
0
0
0
0
0.0290325
0.0290325
0.0290325
0.0711388
0.121268
0.121268
0.0711388
0.0711388
0.0711388
0
0
0
0
0.0811107
0
0
0.0290276
0
0
0
0
0
0.0275743
0.0275743
0.0275743
0.0293484
0.0275743
0.0275743
0
0.0275743
0.0275743
0.0275743
0.0275743
0.0275743
0
0
0
0
0.045634
0.0275743
0
0.0275743
0
0
0
0.0275743
0.0275743
0
0
0
0
0
0
0
0
0
0
0
0
0
0
0
0
0
0
0
0
0
0
0
0
0
0
0
0
0
0
0
0
0
0
0
0
0
0
0
0
0
0
0
0
0
0
0
0
0
0
0
0
0
0
0
0
0
0
0
0
0
0
0
0
0
0
0
0
0
0
0
0
0
0
0
0
0
0
0
0
0
0
0
0
0
0
0
0
0
0
0
0
0
0
0
0
0
0
0
0
0
0
0
0
0
0
0
0
0
0
0
0
0
0
0
0
0
0
0
0
0
0
0
0
0
0
0
0
0
0
0
0
0
0
0
0
0
0
0
0
0
0
0
0.028021
0.028021
0.028021
0.028021
0.028021
0.0450286
0.0450286
0.0450286
0.0450286
0.0450469
0.045305
0.0451938
0.0831603
0.0831603
0.0450286
0
0
0
0
0
0
0
0
0
0.0449467
0.0449467
0.0449467
0.0449467
0.0449467
0.0449467
0.0449467
0.0449467
0.0449467
0.0449467
0.0449467
0.0449467
0.0449467
0.0449467
0.0449467
0.0449467
0.0449467
0.0449467
0.0449467
0.0449467
0.0449467
0.0280254
0.0280254
0.0280254
0.0280254
0.0280254
0.0280254
0.0280254
0.0280254
0.0280254
0.0280254
0.0280254
0.0449467
0.0450469
0.0449467
0.0449467
0.0449467
0.0525443
0.0525443
0.0525443
0
0
0
0.0525734
0.0525734
0.0525734
0.0525734
0.0525734
0.0525734
0.052896
0.052896
0.052896
0.052896
0.052896
0
0
0.052896
0
0.0525734
0
0.0525734
0.0525443
0.0449467
0.0501255
0.0501255
0.0449467
0
0.0449467
0.0449467
0.0462349
0.0462349
0.0462349
0
0
0
0
0
0
0.0462349
0.0474152
0.0474152
0
0
0
0
0.0485758
0
0.0462349
0
0
0
0
0
0
0.0449467
0.0495074
0.0495074
0.0495074
0.0495074
0.0495074
0.0495074
0.0449467
0.0449467
0
0.0449467
0
0
0.0449467
0
0
0
0
0
0.0449467
0
0
0
0.0449467
0.0449467
0.0525443
0.0449467
0.0449467
0.0449467
0.0449467
0.0449467
0.0449467
0.048795
0.048795
0.048795
0.048795
0.048795
0.048795
0.0498879
0
0
0
0
0
0.048795
0
0
0
0.048795
0.048795
0.0528664
0.048795
0.0449467
0.0450195
0
0
0.0449467
0
0.0449467
0
0
0.0449467
0.0449467
0.048795
0.052157
0.0488882
0.0488882
0.048795
0.0522423
0.0488415
0.0488415
0.0449467
0.0462349
0.0462349
0.0449467
0.048795
0.048795
0.0512181
0
0
0.0489233
0.0519875
0
0
0.0491236
0
0
0
0
0.048795
0.0449467
0.0554359
0.0554359
0.0449467
0.0493144
0.0449467
0
0.0449467
0.0475867
0.04598
0
0
0
0
0.046156
0.046156
0.0449467
0.0474152
0.0449467
0
0.0449467
0.0449467
0.0450195
0
0.0450195
0.0475867
0.0475867
0.0475867
0.0515848
0.0515848
0.0515848
0.0515848
0.0515848
0.0515848
0
0.0515848
0.0477165
0.0477165
0.0477709
0.0477165
0
0
0
0
0.0488299
0.0475436
0.0475436
0
0
0
0
0.0480903
0
0
0
0
0
0
0
0
0
0
0
0
0
0
0
0
0
0
0
0
0
0
0
0
0
0
0
0
0
0
0
0
0
0
0
0
0
0
0
0
0
0
0.0450286
0.0450286
0.0450286
0.0450286
0.0450286
0.0450286
0.0450286
0.0450286
0
0
0
0
0.0450286
0.0450286
0.0450286
0.0450286
0.0450286
0.0450286
0.0450286
0.0450286
0.0450286
0.0450286
0.047309
0.047309
0
0.0450286
0.0450286
0.0450286
0.0450286
0.0450286
0.0450286
0.0450286
0.0450286
0.0450286
0.0450286
0.0488999
0.0488999
0.0488999
0
0.0488999
0.0450286
0.0443591
0.0443591
0.0443591
0.0443591
0.0443591
0.0443591
0.0443591
0.0443591
0.0443591
0.0446144
0.0446144
0.0443591
0.0446144
0.0446144
0.0443591
0.0443591
0.0443591
0.0443591
0.0443591
0.0443591
0.0443591
0.0444466
0.0444466
0.0443591
0.0443591
0.0443591
0.0443591
0.0443591
0.0443591
0.0472984
0.0443591
0.0443591
0.0443591
0.0443591
0.0443591
0.0733236
0.0733236
0.0733236
0.0450286
0.0491949
0.0450286
0.0470465
0.0465645
0.0465645
0.0474472
0
0
0.0552158
0.0552158
0.0466151
0.0502139
0.0443591
0
0
0
0
0.0443591
0.0443591
0
0
0
0
0.0461462
0.0463142
0.0732448
0.0732448
0.186989
0.186989
0
0
0.0856235
0.0856235
0
0
0
0.0861301
0.0443591
0.0856235
0.0856235
0.0856235
0
0
0
0
0
0
0
0
0
0
0
0.0856235
0.0856235
0.0856235
0.0856235
0.0856235
0
0
0.0856235
0.0932505
0.0856235
0.0856235
0.0856235
0.0856235
0.133156
0.133156
0.133156
0.133156
0.133156
0.133156
0.133156
0
0
0
0
0.133156
0
0
0.133156
0.0856235
0.0460385
0.0460385
0.0460385
0.049183
0.05
0
0
0
0.0460385
0.0445789
0.0445789
0.0445789
0
0
0
0
0.0552158
0.0552158
0.0552158
0
0
0
0
0
0.0553509
0.0553509
0.0552158
0.0450286
0.0450286
0.0450286
0.0450286
0.0450286
0.0450286
0.0450286
0.0472984
0.0450286
0.0552158
0.0552158
0.0552158
0.0727393
0.0552158
0.0552158
0.0480791
0.0490644
0
0
0
0.0449285
0.0449285
0
0
0
0
0
0
0
0.0449285
0.0449285
0.0449285
0.0449285
0.0449285
0.0449285
0.0449285
0
0
0
0
0
0.0449285
0.0449467
0.0449467
0.0449467
0.0449467
0.0449467
0.0449467
0.0482467
0.0482467
0.0484615
0.0482467
0.0482692
0.0449467
0.0449467
0.0493624
0.0449467
0.0449467
0.0449467
0.0495317
0.0495317
0.0449921
0
0
0.0449467
0.0449921
0.0449467
0.0449285
0.0493624
0.0493624
0.0525588
0
0
0
0
0
0
0
0
0
0
0
0
0
0
0
0
0
0
0
0
0
0
0
0
0
0
0
0
0
0
0.0448652
0.0448652
0.0448471
0.0448471
0.0448652
0.0475436
0.0448471
0.0448471
0.0448291
0.0448291
0.0448291
0.0448291
0.0448291
0
0
0
0.0448291
0.0448291
0.0448291
0.0448291
0.051111
0.051111
0.051111
0.0448381
0.0454733
0.0448381
0.0448381
0
0
0
0
0.0448291
0.0448291
0.0457198
0.0474259
0.0474259
0.0474259
0.0474259
0.0474259
0.0474259
0.0516123
0.0474259
0.0474259
0
0.0448291
0.0453516
0.0453516
0
0.0460385
0.0448291
0
0
0
0
0.0448291
0
0
0
0
0
0
0
0
0.0453236
0.05
0.0455582
0.048146
0.0613139
0
0
0
0
0
0
0
0
0
0
0
0
0
0
0
0
0
0.0622814
0
0
0
0.0733236
0.0733236
0.0733236
0.0733236
0
0
0
0
0
0
0
0
0
0
0
0.0733236
0.0733236
0
0
0
0
0
0
0.0733236
0.0733236
0
0.0733236
0.0733236
0
0
0
0
0.0733236
0
0
0
0
0
0
0
0
0
0
0
0
0
0
0
0
0.046953
0.046953
0.046953
0.046953
0.046953
0.046953
0.046953
0
0.046953
0
0
0
0
0
0
0
0
0
0.046953
0
0
0
0.047235
0.047235
0.0478694
0.0478694
0.0490173
0.0490173
0.0490762
0.0478694
0.0478694
0
0
0
0
0
0
0
0.047235
0.047235
0
0.047235
0.047235
0.0488183
0.047235
0
0
0
0
0
0
0.047235
0.0475544
0.0475544
0.0477057
0.0477057
0
0.0443591
0
0
0
0
0
0
0
0
0
0
0
0
0
0
0
0.0443591
0
0
0
0
0
0
0
0
0
0
0
0
0
0
0
0
0
0
0
0
0
0
0
0
0
0
0
0.0275743
0.0275743
0.0275743
0.0275743
0.0275743
0.0275743
0.0275743
0.0275743
0.0275743
0.0275743
0.0275743
0.0275743
0.0450195
0.0455393
0.0460971
0.0460971
0.0461069
0.0461069
0.0985329
0.0463142
0
0
0
0
0.0463142
0.043946
0.043946
0.043946
0.043946
0.043946
0
0
0
0.043946
0.0460971
0.0290276
0.135831
0.0471929
0.0471929
0.126796
0.0479905
0
0
0
0
0
0
0
0.0475975
0.0475975
0
0.0475975
0.0456721
0.0456721
0
0.0457773
0
0
0
0
0
0
0
0.0290276
0
0.0290276
0.0290276
0.0290276
0.326164
0.0290276
0.0290276
0
0
0
0
0
0
0
0
0.0483255
0.0483255
0.0483481
0.0483707
0.0492068
0.0492068
0
0.0492068
0.0492068
0.0492187
0.0492068
0
0
0
0
0
0
0
0
0
0
0
0
0
0
0
0
0
0.174078
0
0.271163
0.275241
0.275241
0.275241
0.275241
0.275241
0.275241
0.275241
0.275241
0.275241
0.275241
0.319438
0.466252
0.319438
0.319438
0.319438
0.319438
0.319438
0
0
0.319438
0.275241
0.275241
0.275241
0
0.0275743
0.0275743
0
0.0290472
0.0275743
0.0275743
0.0275743
0.0275743
0.0275743
0.0275743
0.0288363
0.0288363
0
0.0275743
0.0275743
0.0825911
0.0275743
0.0477492
0.0275743
0.319438
0.0275743
0.0275743
0.0275743
0
0
0
0
0
0.0275743
0
0
0
0
0.0275743
0
0.0275743
0.0275743
0.0275743
0.0275743
0
0.0275743
0.0275743
0.0275743
0.0275743
0.0275743
0.0275743
0.0275743
0.0275743
0
0.0275743
0.0432176
0.0432176
0.0432176
0.0432176
0.0432176
0.0439036
0.0439036
0.0432176
0.138675
0.620174
0.620174
0.620174
0.620174
0.620174
0.790569
0.620174
0.620174
0.138675
0
0
0
0
0
0
0
0
0
0
0
0
0
0
0
0
0
0
0
0
0
0
0
0
0
0
0
0
0
0
0
0
0
0
0
0
0
0
0
0
0
0
0
0
0
0
0
0
0
0
0
0
0
0
0
0
0
0.0275743
0.0275743
0.0275743
0.0275743
0.0275743
0.0275743
0.0275743
0.0275743
0.0275743
0.0275743
0.0275743
0.0275743
0.0275743
0.0275743
0
0
0
0
0
0
0
0
0
0
0.051353
0.0275743
0.0275743
0.0746186
0.0275743
0.0778028
0
0
0
0
0
0
0.0483143
0.0483143
0.0483143
0
0.0449739
0.0678219
0.0678219
0.0678219
0.0919795
0.0919795
0
0.0919795
0.0678219
0.0678219
0.0678219
0.0678219
0.0678219
0.0694377
0
0.0486217
0.0525009
0.0275743
0.0471929
0.0473408
0.0473408
0
0
0
0
0
0
0.0275743
0.0275743
0.0275743
0
0.0275743
0.0275743
0.0275743
0.0275743
0.0275743
0.0275743
0.0275743
0.0275743
0.0275743
0
0.0275743
0
0.0275743
0.0275743
0.0275743
0.0275743
0.0275743
0
0.0275743
0.0275743
0.0275743
0.0275743
0.0275743
0
0
0
0
0.0275743
0
0.0275743
0.0477383
0.0477383
0
0
0.0477383
0
0
0
0
0
0
0
0
0
0.0474259
0.0474259
0.0474259
0.0475436
0
0.0460678
0
0
0.0460678
0.0460678
0
0
0
0
0
0
0
0
0
0
0
0
0.0275743
0
0
0
0
0
0
0
0
0
0
0
0
0
0
0
0
0
0
0
0
0
0
0
0
0
0
0
0
0
0
0
0
0
0
0
0
0
0
0
0
0
0
0
0
0
0
0
0
0
0
0
0
0
0
0
0
0
0
0
0
0
0
0
0
0
0
0
0
0
0
0
0
0
0
0
0
0
0
0
0
0
0
0
0
0
0.0275743
0.0275743
0.0275743
0.0275743
0.0275743
0
0
0
0
0
0
0
0
0
0
0
0
0
0
0
0
0
0
0.0455299
0.0455299
0.0469841
0.0457198
0.0465041
0.046605
0
0.047684
0
0
0
0.0479133
0
0.0479133
0.0479133
0.0515848
0
0
0
0
0
0
0
0
0
0
0
0
0
0
0
0
0
0
0
0
0
0
0
0
0
0
0
0
0
0
0
0
0
0
0
0
0
0
0
0
0.0469841
0.0482243
0.04749
0.0521712
0.0521712
0
0.0521712
0
0.0521712
0.0521712
0.0476948
0
0.0275743
0.0275743
0.0275743
0.0275743
0.0275743
0.044983
0.0503155
0.0515848
0.0515848
0.0515848
0.0515848
0.0515848
0.0275743
0.0275743
0.0275743
0.0275743
0
0
0
0
0
0
0
0
0
0
0
0
0.0275743
0.0778028
0.0432257
0.0432257
0.0432257
0.0443416
0.0432257
0.0432257
0.0432257
0.0432257
0.0432257
0.0432257
0.0432257
0.0432257
0
0
0
0
0.0432257
0
0.0432257
0.0443504
0.0443504
0.0432257
0
0
0
0
0
0
0
0
0
0
0
0
0
0
0
0
0
0
0
0
0
0
0
0
0
0
0.0275743
0
0
0
0
0
0
0
0
0
0
0
0
0
0
0
0
0
0
0
0
0
0
0
0
0
0
0
0
0
0
0
0
0
0
0
0
0
0
0
0
0
0
0
0
0
0
0
0
0
0
0
0.0280254
0
0
0
0
0
0
0
0
0
0
0
0
0
0
0
0
0
0
0
0
0
0
0
0
0
0
0
0
0
0
0
0
0
0
0
0
0
0
0
0
0
0
0
0
0.0368405
0.0367062
0.0367062
0.0367062
0.0367062
0.0367062
0.0367062
0.0367062
0.0367062
0.0368405
0.0368405
0
0
0
0
0
0.0428117
0.0428117
0
0
0
0
0.430331
0.430331
0
0
0
0
0
0
0
0
0
0
0
0
0
0
0
0
0
0
0
0
0
0
0
0
0
0
0
0
0.039841
0.039841
0
0.039841
0
0.0422728
0.0400256
0.0403633
0
0.0469427
0
0.0503665
0
0
0.0400449
0
0
0
0
0.050469
0
0.0375135
0.0455393
0.0375293
0
0.0370727
0.0371698
0.0371698
0.0444116
0.0444116
0.0444116
0.0371904
0.0381302
0
0
0
0.0372626
0.0381468
0
0
0
0
0
0
0
0
0
0
0
0
0
0
0
0
0
0
0
0
0
0
0
0
0
0
0
0
0
0
0
0
0
0
0
0
0
0
0
0
0
0
0
0
0
0
0
0
0
0
0
0
0
0
0
0
0
0
0
0
0
0
0
0
0
0
0
0
0
0
0
0
0
0
0
0
0
0
0
0
0
0
0
0.0480126
0.0480126
0.0480126
0.0480126
0.0480126
0.0480126
0
0
0
0
0
0
0
0
0
0
0
0.0371442
0.0481237
0
0.0485414
0
0
0
0.049471
0.0462349
0.0592973
0.0498879
0.0431131
0.0433881
0.050978
0.0454264
0.0454452
0.0472456
0.0472667
0
0
0
0
0.044014
0
0.044014
0.044014
0.044014
0
0
0
0.0392837
0.0393567
0.0393567
0.0420406
0.0392232
0.0478803
0.0471195
0
0
0.0445612
0.0467473
0.0471195
0
0
0
0.0419517
0
0
0
0.0420331
0
0
0
0
0
0
0
0
0.0448201
0
0
0
0
0
0
0
0
0.0421225
0
0
0
0
0
0
0
0.0473726
0.0474472
0
0.0485758
0.0485758
0
0
0
0
0
0
0
0
0
0
0
0.0447931
0.0448201
0
0
0
0
0
0
0
0
0
0
0
0
0
0
0
0
0
0.0374871
0
0.0872373
0.0371801
0.0371801
0
0
0.0462349
0.0597188
0.0487254
0
0
0
0
0
0
0
0
0
0
0
0
0
0
0
0
0
0
0
0
0
0
0
0
0
0
0
0
0
0
0
0
0
0
0
0
0
0
0
0
0
0
0
0
0.0280474
0.0280474
0.0280474
0.0280474
0.0280474
0.0280474
0
0.0280474
0.0280474
0.0280474
0.0280474
0
0
0
0
0
0
0
0
0
0
0
0
0
0
0
0
0
0.0282211
0
0
0.0280496
0.0280496
0
0.0280496
0.0280496
0
0
0.028085
0.0420035
0.0283069
0.0283069
0
0
0
0
0
0
0
0
0
0
0
0
0
0
0
0
0
0
0
0
0
0
0
0
0
0
0
0
0
0
0
0
0
0
0
0
0
0
0
0
0
0
0
0
0
0
0
0
0
0
0
0
0
0
0.0280496
0
0
0
0
0
0.0280496
0.0280496
0
0
0
0
0
0
0
0
0
0
0
0
0
0
0
0
0
0
0
0
0.0280496
0.0280496
0.0280496
0
0
0
0
0
0
0.0280496
0
0
0
0.0280232
0
0
0
0.0280232
0.0280232
0.0280232
0.0280232
0.0280232
0.0280232
0.0280364
0.0280364
0.0280364
0.0280232
0
0
0
0.0280232
0
0
0
0
0
0.0280254
0.0280254
0.0280254
0.0280254
0.0280254
0.0280254
0
0
0
0
0
0
0.0280254
0.0280254
0.0280254
0.0280254
0.0280254
0.0280254
0.0280254
0.0280254
0
0
0
0.052985
0.0280806
0
0
0
0
0
0.028032
0
0.028021
0
0.028021
0
0.028021
0
0.028021
0
0
0
0
0
0
0
0
0
0
0
0
0
0
0.0299826
0.0299826
0.0299826
0.0299826
0.0299826
0.0299826
0.0299826
0
0
0
0
0
0
0
0
0.0300069
0.0300069
0
0
0.0300015
0.0300015
0.0300015
0
0
0
0
0
0
0
0
0
0
0
0
0
0
0
0
0
0
0
0
0
0
0
0
0
0
0
0
0
0
0
0
0
0
0
0
0
0
0
0
0
0
0.0299988
0
0
0
0
0
0
0
0
0
0
0
0
0
0
0
0
0
0
0
0
0
0
0
0
0
0
0
0
0
0
0
0
0
0
0
0
0
0
0
0
0.028021
0.028021
0.028021
0.028021
0.028021
0
0
0
0
0
0
0
0
0
0
0
0
0
0
0
0
0
0
0
0
0
0.0280188
0
0
0
0
0
0
0
0
0
0
0
0
0
0
0
0
0
0.0280232
0.0280232
0.0280232
0.0280232
0.0280232
0
0
0.0280232
0.0280232
0.0280232
0
0
0.028021
0.028021
0.028021
0.028021
0
0
0
0
0.0279946
0.0279946
0.0279946
0.0279946
0.0279946
0.0279924
0.0279924
0.0279924
0.0279924
0.0279924
0.0279924
0.0279946
0.0279946
0.0279946
0.0279946
0
0
0
0
0
0
0
0
0
0
0
0
0
0
0.0280254
0.0280254
0.0280254
0.0280254
0.0280254
0.0280254
0.0280254
0
0
0
0
0
0
0
0
0
0
0
0
0
0
0
0
0
0
0
0
0
0
0
0
0
0
0
0
0
0
0
0
0
0
0
0
0
0
0
0
0
0
0
0
0
0
0
0
0
0
0
0
0
0
0
0.0421975
0.0421975
0.0421975
0.0421975
0
0
0
0.0488415
0.0488183
0.0451294
0.0451294
0.0451294
0
0
0
0
0
0
0
0
0
0
0
0.0280364
0.0280364
0.0280364
0.0280364
0.0280364
0.0280364
0
0
0
0
0
0
0
0
0
0
0
0
0
0
0
0
0
0
0
0
0
0
0
0
0
0
0
0
0
0
0
0
0
0
0
0
0
0
0
0
0
0
0
0
0
0
0
0.028021
0.028021
0.028021
0.028021
0.028021
0.0280232
0.0280232
0.0280232
0.0280232
0
0
0
0
0
0
0.0582223
0.0582223
0.0582223
0.0582223
0.028032
0.028032
0.028032
0.028032
0.028032
0.028032
0.0582223
0.0582223
0
0.0640447
0.0640447
0.0582223
0
0
0
0
0
0.0282189
0
0.0293282
0.0301951
0
0
0
0.0292954
0.0292954
0.0586009
0.0594019
0.0586009
0.0292954
0
0
0
0
0
0
0
0
0
0
0
0
0
0
0
0
0
0
0.0280254
0
0
0
0
0
0
0
0
0
0
0
0
0
0
0
0
0
0
0
0
0
0
0
0
0
0
0
0
0
0
0
0
0
0
0
0
0
0
0
0
0
0
0
0
0
0
0
0
0
0
0
0
0
0
0
0
0
0
0
0
0
0
0
0
0
0
0
0
0
0
0
0
0
0
0
0
0
0
0
0
0
0
0
0
0
0
0
0
0
0
0
0
0
0
0
0
0
0
0
0
0
0
0
0
0
0
0
0
0
0
0
0
0
0
0
0
0
0
0
0
0
0
0
0
0
0
0
0
0
0
0
0
0
0
0
0
0
0
0
0
0
0
0
0
0
0
0
0
0
0
0
0
0
0
0
0
0
0
0
0
0
0
0
0
0
0
0
0
0
0
0
0
0
0
0
0
0
0
0
0
0
0
0
0
0
0
0
0
0
0
0
0
0
0
0
0
0
0
0
0
0
0
0
0
0
0
0
0
0
0
0
0
0
0
0
0
0
0
0
0
0
0
0
0
0
0
0
0
0
0
0.0275743
0.0275743
0.0275743
0.0275743
0.0477928
0
0
0
0
0
0
0
0
0
0
0
0
0
0
0
0.177892
0.177892
0.177892
0.345033
0.177892
0.177892
0
0.233126
0.233126
0
0.233126
0.177892
0.147122
0.147122
0.147122
0
0.151099
0.151099
0.151099
0
0
0
0
0
0
0
0
0
0
0.048068
0.048068
0.048068
0.048068
0.048068
0
0
0
0
0
0
0
0
0
0
0
0
0
0
0.0460092
0.0460092
0
0.0460385
0.0460385
0.144943
0.154303
0.154303
0.170005
0.20498
0
0
0
0
0
0
0
0
0
0
0
0
0
0
0
0
0
0
0
0.103473
0
0.103473
0
0
0
0
0
0
0
0
0.14374
0
0
0
0
0
0
0.0443504
0
0
0
0
0
0
0
0
0
0
0
0
0
0
0
0
0.157329
0.157329
0.157329
0.157329
0.157329
0.157329
0.157329
0.157329
0.157329
0.157329
0.157329
0.157329
0.157329
0.143444
0
0.145865
0
0.146176
0.146176
0.153574
0
0
0
0
0
0
0
0
0
0
0
0
0
0
0
0
0
0
0
0
0
0
0
0
0
0
0
0
0
0
0
0
0
0
0
0
0
0
0
0
0
0
0
0
0
0.0457007
0.0457007
0.0457007
0.0457007
0.0457007
0.0457007
0.0457007
0.0457007
0.0457007
0
0
0
0.0457007
0
0
0
0
0
0
0
0
0
0
0
0
0
0
0
0
0
0
0
0
0
0
0
0
0
0
0.246932
0.246932
0.246932
0.246932
0.0439629
0.0439629
0.0439629
0.0439629
0.0439629
0.0439629
0.0439629
0.0439629
0.0439629
0
0
0
0
0
0
0
0
0
0
0
0
0
0
0
0
0
0
0
0
0
0
0
0
0
0
0
0
0
0
0
0
0
0
0
0
0
0
0
0
0
0
0
0
0
0
0
0
0
0
0
0
0
0
0
0
0
0
0
0
0.0441081
0.0441081
0.0441081
0.0441081
0.0441081
0.0441081
0.0441081
0
0
0
0
0
0
0
0
0
0
0
0
0
0
0
0
0
0
0
0
0
0
0
0
0
0
0
0
0
0
0
0
0
0
0
0
0
0
0
0
0
0
0
0
0
0
0
0
0
0
0
0
0
0
0
0
0
0
0
0
0
0
0
0
0
0
0
0
0
0
0
0
0
0
0
0
0
0
0
0
0
0
0
0
0
0
0
0
0
0
0
0
0
0
0
0
0
0
0
0
0
0
0
0
0
0
0
0
0
0
0
0
0
0
0
0
0
0
0
0
0
0
0
0
0
0
0
0
0
0
0
0
0
0
0
0
0
0
0
0
0
0
0
0
0
0
0
0
0
0
0
0
0
0
0
0
0
0
0
0
0
0
0
0
0
0
0
0
0
0
0
0
0
0
0
0
0
0
0
0
0
0
0
0
0
0
0
0
0
0
0
0
0
0
0
0
0
0
0
0
0
0
0
0
0
0
0
0
0
0
0
0
0
0
0
0
0
0
0
0
0
0
0
0
0
0
0
0
0
0
0
0
0
0
0
0
0
0
0
0
0
0
0
0
0
0
0
0
0
0
0
0
0
0
0
0
0
0
0
0
0
0
0
0
0
0
0
0
0
0
0
0
0
0
0
0
0
0
0
0
0
0
0
0
0
0
0
0
0
0
0
0
0
0
0
0
0
0
0
0
0
0
0
0
0
0
0
0
0
0
0
0
0.0280254
0
0
0
0
0
0
0
0
0
0
0
0
0
0
0
0
0
0.0280276
0.0280276
0.0280276
0.0280276
0.052985
0.039578
0.0281072
0.0307467
0.0307467
0.0307641
0.0307467
0.039578
0
0.0280232
0.0280232
0.0280717
0.0409616
0.0409616
0
0
0
0.0280364
0.0280364
0.0280364
0.0280364
0.0280364
0.0280364
0.0280364
0
0
0
0
0
0
0
0
0
0
0
0
0
0
0
0
0
0
0
0
0
0
0
0
0
0
0
0
0
0
0
0
0
0
0
0
0
0
0
0
0
0
0
0
0
0
0
0
0
0
0
0
0
0
0
0
0
0
0
0
0
0
0
0
0
0
0
0
0
0
0
0
0
0
0
0
0
0
0
0
0
0
0
0
0
0
0
0
0
0
0
0
0
0
0
0
0
0
0
0
0
0
0
0
0
0
0
0
0
0
0
0
0
0
0
0
0
0
0
0
0
0
0
0
0
0
0
0
0
0
0
0
0
0
0
0
0
0
0
0
0
0
0
0
0
0
0
0
0
0
0
0
0
0
0.0280496
0.0280496
0.0280496
0.0280496
0
0
0
0
0
0.027964
0.027964
0.027964
0.027964
0.027964
0.027964
0.027964
0.027964
0.027964
0.027964
0.027964
0.027964
0.027964
0
0
0.0301238
0.0301238
0
0
0
0.027964
0.027964
0.027964
0.027964
0.027964
0.027964
0.027964
0.027964
0.027964
0.027964
0.0392534
0.0392534
0
0.0392534
0
0.0392534
0.027964
0.027964
0.027964
0.027964
0
0
0.027964
0
0
0
0
0.027964
0
0
0
0
0
0
0
0
0
0
0
0
0
0
0
0.039308
0
0
0.0393201
0
0
0
0
0.027964
0.027964
0.039308
0.039308
0.039308
0.0393201
0.027964
0.027964
0.027964
0.027964
0.0394607
0.027964
0.027964
0.0336489
0.0336489
0.0336489
0
0.0336489
0.0336489
0
0
0
0
0
0
0
0
0
0
0.027964
0.027964
0.027964
0.027964
0.027964
0.027964
0.027964
0.039308
0.039308
0.039308
0.039308
0.039308
0.039308
0.039308
0.039308
0.039308
0.027964
0
0.027964
0.027964
0.027964
0.0279859
0.0424247
0.027964
0.0283024
0
0
0
0
0
0
0
0
0
0
0
0
0
0.105292
0
0
0
0
0
0
0
0
0
0
0
0
0
0.0389841
0
0
0
0
0
0
0.104144
0
0
0
0
0
0
0
0
0
0
0
0.0340522
0
0
0
0
0
0
0
0
0
0
0
0
0
0
0
0
0
0
0
0
0
0
0
0
0
0
0
0
0
0
0
0.0304997
0
0.0295837
0
0
0
0
0
0
0.027964
0.0350199
0.0307235
0
0.0611075
0.0280894
0.0419222
0.027964
0.0371647
0.0371647
0.0371647
0.0371647
0.0371647
0.0371647
0.0371647
0.0371647
0.0371647
0.0371955
0.0371647
0.0371647
0.0371647
0.0371647
0.0371647
0.0371647
0.0371647
0.0392898
0.0392898
0.039308
0.039308
0.0416956
0
0
0
0.0371955
0.0371955
0.0371955
0.0371955
0.0371955
0
0
0
0
0
0.0381302
0
0.0371955
0.0372523
0.0372523
0.0372523
0.0372523
0.0372523
0.0372523
0.0372523
0
0.0372626
0.0372626
0
0
0
0
0
0
0
0
0
0
0
0
0
0
0
0
0
0
0.0428039
0
0
0
0.0428039
0.0428039
0
0
0
0
0
0
0
0
0
0
0
0
0
0
0
0
0
0
0
0
0
0
0
0
0
0
0
0
0
0
0
0
0
0
0
0
0
0
0
0
0
0
0
0
0
0
0
0
0
0
0
0
0
0
0
0
0
0
0
0
0
0
0
0
0
0
0
0
0
0
0
0
0
0
0
0
0
0
0
0
0
0
0
0
0
0
0
0
0
0
0
0
0
0
0
0
0
0
0
0
0
0
0
0
0
0
0
0
0
0
0
0
0
0
0
0
0
0
0
0
0
0
0
0
0
0
0
0
0
0.438529
0
0.438529
0.438529
0
0
0
0
0
0
0
0
0
0
0
0
0
0
0
0
0
0
0
0
0
0
0
0
0
0
0
0.0478913
0.0478913
0.0478913
0.0478913
0.0478913
0.0478913
0.0479905
0.0479905
0
0
0.0480126
0.0480126
0.0480126
0.0480126
0.0479133
0.0479133
0.0479133
0
0.0479133
0
0.0480015
0.0480015
0
0
0
0
0
0
0
0
0
0.0480015
0
0.0480015
0
0
0
0.0479133
0
0
0.0480015
0.0480015
0
0
0
0
0
0
0.0491236
0.0491236
0
0
0
0
0
0
0
0
0
0
0
0
0
0
0
0
0
0
0
0
0
0
0
0
0
0
0
0
0
0
0.0521003
0
0
0
0
0
0
0
0.0528369
0.0528369
0
0
0
0
0
0
0
0
0
0
0
0
0
0
0
0
0
0
0
0
0
0
0.0441339
0.0441339
0.0441339
0.0441339
0
0.0441683
0.0441683
0.0441683
0.0441339
0
0
0
0.0441339
0.0441339
0.0443155
0
0
0.0472772
0
0
0.0472984
0
0
0
0
0
0
0.0480015
0.0480015
0
0
0.0458831
0
0
0
0.0449194
0.0449194
0
0.0372007
0
0.0372007
0.0372007
0
0
0
0
0.0458928
0
0.0458928
0.0458928
0.0464138
0.0468293
0.0468293
0
0
0
0
0.0371955
0
0
0
0
0
0
0.0371955
0
0
0
0
0
0
0
0
0
0
0
0
0
0
0
0
0
0
0
0
0
0
0
0
0
0
0
0
0
0
0
0
0
0
0
0
0
0
0.0439375
0.0439375
0
0.0479905
0.0479905
0.0479905
0.0479905
0.0479905
0.0480126
0.0480126
0.0480126
0.0479905
0.0432419
0.0432419
0
0.0439375
0.0432419
0
0.0432419
0.0434127
0.0434127
0.0434127
0.0432419
0
0
0
0
0
0
0
0
0
0
0
0
0
0
0
0
0
0
0
0
0.0421225
0
0
0
0
0
0
0
0
0
0
0
0
0
0
0
0
0
0
0
0
0
0
0
0
0
0
0
0
0
0
0
0
0
0
0
0
0
0
0
0
0
0
0
0
0
0
0
0
0
0
0
0
0
0
0
0
0
0
0
0
0
0
0
0
0
0
0
0
0
0
0
0
0
0
0
0
0
0
0
0
0
0
0
0
0
0.0439375
0.0443329
0.0443329
0.0443329
0.0444906
0.0444906
0
0.0445435
0.0443329
0
0.0479905
0.0479905
0.0479905
0.0479905
0.0479905
0
0
0
0
0.0480015
0.0480015
0.0480237
0.0480237
0
0.0481571
0.0507542
0.0507542
0.0507542
0.0480237
0
0.0480903
0.0480015
0
0
0
0
0
0
0
0
0
0
0.0431452
0.0431452
0.0432904
0
0
0
0
0
0
0.0434045
0
0
0
0
0
0
0
0
0
0
0
0
0
0.0428353
0
0
0
0
0
0.0429141
0.0489937
0.043081
0.043081
0.0431371
0
0
0.0431693
0
0
0.0431211
0.0428668
0.0496904
0.0430013
0
0
0.0430013
0.313112
0.313112
0.0430411
0.193892
0.193892
0.0430411
0.0430651
0.0430651
0
0
0.0431693
0.165748
0.0432095
0
0
0.0425628
0
0.0425628
0.0425628
0.0425628
0.0425628
0
0
0
0
0.0425628
0.0425628
0
0
0
0
0
0
0
0
0
0.0425628
0
0
0
0
0
0
0
0
0
0
0
0
0
0
0
0
0
0
0
0
0
0
0
0
0
0
0
0
0
0
0
0
0
0
0
0
0
0
0
0
0
0
0
0
0
0
0
0
0
0
0
0
0
0
0
0
0
0
0
0
0
0
0
0
0
0
0
0
0
0
0
0
0
0
0
0
0
0
0
0
0
0
0
0
0
0
0
0
0
0
0.193892
0.127205
0.127205
0
0.127205
0.127205
0.188311
0.188311
0.188311
0.188311
0.188311
0
0.188311
0.188311
0.127205
0.127205
0
0.127619
0.127619
0.128247
0.196875
0.196875
0
0.197642
0.128459
0
0
0
0
0
0
0
0
0
0
0
0
0
0
0
0
0
0
0
0
0
0
0.313112
0.313112
0.313112
0
0.316228
0.316228
0
0.316228
0.316228
0.316228
0.313112
0.313112
0.313112
0
0.316228
0.316228
0.316228
0.316228
0.527046
0.527046
0.527046
0.527046
0.316228
0.313112
0.313112
0
0.316228
0.316228
0
0.340997
0.340997
0.340997
0.340997
0
0.340997
0.340997
0.340997
0.340997
0.313112
0.316228
0.316228
0
0.046819
0.0479574
0.125196
0.042341
0.042341
0.042341
0.0371647
0.0371647
0.0371647
0
0
0
0.0385873
0.0378668
0.0378668
0.0378668
0.0453143
0.0453143
0
0
0.0371698
0.0371698
0.127619
0.127619
0.0371647
0.0371647
0.0371698
0.0371698
0.0371698
0.0371698
0.0371853
0.0493024
0.0493024
0.0493985
0.0371853
0.0372007
0
0.0372007
0.0392595
0.0441339
0.0441339
0.0441339
0.0441339
0.0441339
0.0445878
0.0445878
0.0441339
0.0441339
0
0.0271163
0.0271163
0.0271163
0.0271163
0.0271163
0.0271163
0.0271163
0.0271163
0.0271163
0.0271163
0.0271163
0.0271163
0.0271163
0.0271163
0.0271163
0.027964
0.0304997
0.0304997
0.039578
0.039578
0.0304997
0.0335465
0.0336489
0
0
0
0
0
0.0335465
0.0335465
0
0
0
0
0
0
0
0
0.0339461
0.0339461
0.0339461
0
0.0339461
0.027964
0.027964
0.0279859
0.0279859
0.027964
0.027964
0.027964
0.027964
0
0
0
0
0
0.027964
0
0.027964
0.027964
0.0279859
0.0279859
0.0308343
0
0
0
0
0
0
0
0
0
0
0
0
0
0
0
0
0
0
0
0
0
0
0
0
0
0.0295837
0.0295837
0.0295837
0
0
0
0
0
0
0
0.0368205
0.0368205
0.0492426
0.0492426
0.0368205
0.0368205
0.0368205
0.0368205
0.0309403
0.0309403
0.0309403
0.037211
0.037211
0
0
0.037211
0.037211
0.037211
0.0309403
0.0309403
0.0309403
0.037211
0.037211
0.037211
0.037211
0.0309403
0.0309403
0.0309403
0.0309403
0.033554
0.037211
0.0309403
0.0309403
0.0309403
0.0384445
0.0384445
0.0384559
0
0.0384445
0.0309403
0.0309403
0.0309403
0
0
0.0309403
0.0309403
0.0309403
0
0
0
0
0
0
0.032707
0.032707
0.032707
0.032707
0.032707
0.0614063
0
0
0
0
0
0
0
0
0
0
0
0
0
0
0
0
0
0.0281028
0.0280917
0.0336489
0.0281028
0
0.0281028
0.0281028
0
0.0419222
0.0537759
0
0.0537759
0.0537759
0.0818683
0
0
0
0
0
0
0.0819782
0.0819782
0.0819782
0
0
0
0
0.0833913
0
0
0
0
0.0819782
0.0819782
0.0819782
0.0537759
0
0
0
0
0
0
0.0339539
0.0339539
0.0339539
0.0339539
0.0339539
0.0339539
0
0
0
0
0
0
0
0
0
0
0
0.0568145
0.0568145
0.0582025
0.0568145
0
0.062185
0.062185
0.062185
0
0
0
0
0.062185
0
0
0
0
0
0
0
0
0
0
0
0
0
0
0
0
0
0
0
0
0
0
0
0
0
0
0
0
0
0
0
0
0
0
0
0
0
0
0
0
0
0
0
0
0
0
0
0
0
0
0
0
0
0
0
0.0336413
0.0336451
0
0.033157
0
0.033157
0.033157
0.033157
0.033157
0.033157
0.033157
0.033157
0.0361079
0.0361079
0.033157
0
0
0
0
0
0
0
0
0
0
0
0
0
0
0.027964
0.027964
0.0655122
0
0.0339461
0
0.0304997
0.0308343
0
0
0
0
0.0389841
0
0
0
0
0
0
0.0295372
0.0295837
0
0
0
0.0614063
0
0
0
0
0
0.0309403
0
0.0339539
0
0
0
0
0.0281028
0
0.0419222
0.0537759
0
0.0568145
0.027964
0.062185
0
0
0
0.033157
0.033157
0.033157
0.033157
0
0
0
0
0.0279552
0
0
0
0
0
0
0
0
0
0.0371955
0.0371955
0
0
0
0
0
0.0371647
0.0371647
0.0371647
0.0371647
0.0371647
0.0371647
0.0371647
0.0371647
0.0371647
0.0371647
0.0371647
0.0371647
0.0371647
0.0371647
0.0371647
0.0371647
0.0371647
0.0371647
0.0371647
0.0371647
0.0371647
0.0371647
0
0
0
0
0
0
0
0
0.0371647
0.0371647
0.0371647
0.0371647
0.0371647
0.0371647
0.0371647
0.0371647
0.0371647
0.0371647
0.0371647
0.0371647
0.0371647
0.0371647
0.0371647
0.0371647
0.0371647
0.0371647
0.0371647
0.0371647
0.0371647
0
0.0371698
0.045056
0.0371698
0.0371698
0.0371698
0.0372523
0.0372523
0.0372575
0.0372523
0.0372523
0.0372523
0.0372523
0.0372007
0.0372007
0.045634
0.165748
0
0.135086
0.134595
0.0423486
0.0424094
0
0
0
0.0489467
0.0518615
0.0507151
0.14649
0.14649
0
0
0
0
0
0
0
0
0
0
0.0416522
0.0416522
0.0416522
0.0416522
0.0761166
0.0761166
0.0761166
0.0761166
0.0419222
0.0419222
0.0419222
0
0
0
0
0
0.0419222
0.0419517
0.0419296
0.0419296
0.0419296
0.0419296
0.0419296
0
0
0
0
0
0
0
0
0
0
0
0.0372213
0.0372213
0.0371955
0
0.0371853
0.0371853
0.0371853
0.0371853
0
0
0
0.0371853
0.0371853
0.0371853
0.0371853
0.0371853
0.0371853
0.0371853
0.0371955
0.0371955
0.0372007
0.0372007
0.0450743
0.0450743
0.0372523
0.0372575
0.0372575
0.0416522
0.04222
0.0418048
0.0371698
0.0371698
0
0
0
0
0
0
0
0.0371647
0.0371801
0.0371801
0.0371801
0.0371801
0.0371801
0.0371647
0
0
0
0
0.0371698
0.0371698
0.0371698
0.045056
0
0
0.045056
0.045056
0.045056
0.0371698
0.0371698
0.0450652
0.0450652
0
0
0
0
0
0.0371698
0.0371698
0.0371698
0.0371955
0
0
0
0
0
0.0374924
0
0
0
0
0.0374924
0.0374924
0.0374924
0.0374924
0
0
0
0
0
0
0
0.0374924
0
0.0374924
0.0450743
0.0450743
0.0450743
0.0371647
0.0369157
0.0369157
0.0369157
0.0369157
0.0369157
0.0369157
0.0369157
0.0371955
0
0.0371955
0.0371955
0.0372007
0.0372007
0
0.036951
0.0371801
0.0371801
0.0371801
0.0371801
0.0371801
0.0371801
0
0.0371801
0.0372523
0.0371801
0.0372626
0.0372626
0
0
0
0
0
0.0372626
0.0372626
0
0
0
0
0
0
0.0424629
0
0
0
0
0
0.0424629
0
0
0.0480015
0
0
0
0
0
0
0
0
0
0
0
0.0480015
0
0
0
0
0
0
0
0.0480015
0.0480126
0.0480126
0
0
0
0
0
0
0
0
0
0
0
0
0
0
0
0
0
0
0
0
0
0
0
0
0
0
0
0
0
0
0
0
0
0
0
0
0
0
0
0
0
0
0
0
0
0
0
0.0454264
0.0454733
0.0454733
0.0454733
0
0
0
0
0
0
0
0
0
0
0
0.0472772
0.0472984
0.0472984
0.0472984
0
0
0
0
0
0
0
0
0
0
0
0
0
0
0
0
0
0
0
0
0
0
0
0
0
0
0
0
0
0
0
0
0
0
0
0
0
0
0
0
0
0
0
0
0
0
0
0
0
0
0
0
0
0
0.438529
0.438529
0.438529
0.438529
0
0.0428039
0.0428274
0.0428274
0.0428274
0
0
0
0
0
0
0
0
0
0
0
0
0
0
0
0
0
0
0
0
0
0
0
0
0
0
0
0
0
0
0
0
0
0
0
0
0
0
0
0
0
0
0
0
0
0
0
0
0
0
0
0
0
0
0
0
0
0
0
0
0
0
0
0
0
0
0
0
0
0
0
0
0
0
0
0
0
0
0.0447931
0.0395718
0
0.0371647
0
0
0
0
0
0
0
0
0.0371955
0.0371955
0.0371955
0.0371955
0
0.0271163
0.0271163
0
0
0.0271163
0.0271163
0.0271183
0
0
0.0271163
0.0271163
0
0.0271163
0.0271163
0.0271163
0.0271163
0.0271163
0.0271163
0.0271163
0.0271163
0.0271163
0.0280298
0.0280298
0.0280298
0.0280298
0.0280298
0.0280298
0.0280298
0.0280298
0.0280298
0.0280298
0.0280298
0.0280298
0.0280298
0.0280298
0.0280298
0.0280298
0.0280298
0.0280784
0.0280784
0
0
0.0280298
0.0280298
0.0280784
0.0280784
0.0280298
0.0271163
0.0271163
0.0271163
0.0271163
0.027964
0.0271163
0.0271163
0.0271163
0.0271163
0.0271163
0.0271163
0.0271163
0.0271163
0.0271163
0.0271163
0.0271163
0.0271163
0.0271163
0.0271163
0.0271163
0.0271163
0.0271163
0.0271163
0.0271163
0.0271163
0.0271163
0.0271163
0.0271163
0.0271163
0.0271163
0.0271163
0.0271163
0.0271163
0.0271163
0.0271163
0.0271163
0.0271163
0.0271163
0.0271163
0.0271163
0.0271163
0.0271163
0.0271163
0.0271163
0.0271163
0.0271163
0.0271163
0.0271163
0.0271163
0.0271163
0.0271163
0.0271163
0.0271163
0
0
0
0
0
0
0
0
0
0
0
0
0
0
0
0
0
0
0
0
0
0
0
0
0
0
0
0
0
0
0
0
0
0
0
0
0
0
0
0
0
0
0
0
0
0
0
0
0
0.0275743
0.0275743
0.0275743
0.0275743
0.0275743
0.0275743
0.0275743
0.0275743
0.0275743
0.0275743
0.0275743
0.0275743
0.0275743
0.0275743
0.0275743
0.0275743
0.0275743
0.0275743
0.0275743
0.0275743
0.0275743
0.0275743
0.0275743
0.0275743
0.0275743
0.0275743
0.0275743
0.0275743
0.0275743
0.0275743
0.0275743
0.0275743
0.0275743
0.0275743
0.0275743
0.0275743
0.0275743
0.0275743
0.0275743
0.0275743
0.0275743
0.0275743
0.0275743
0.0275743
0.0275743
0.0275743
0.0275743
0.0275743
0.0275743
0.0275743
0.0275743
0.0275743
0.0275743
0.0275743
0.0275743
0.0275743
0
0
0.0275743
0.0275743
0.0275743
0.0275743
0.0275743
0.0275743
0.0275743
0.0275743
0.0275743
0.0275743
0.0275743
0.0275743
0.0275743
0.0275743
0.0275743
0.0275743
0.0275743
0.0275743
0
0
0
0.0443416
0.0476407
0.0275743
0.0275743
0.0275743
0.0275743
0.0275743
0.0275743
0.0275743
0.0275743
0.0275743
0.0275743
0.0275743
0.0275743
0.0275743
0.0275743
0.0275743
0.0275743
0.0275743
0.0275743
0.0275743
0.0275743
0.0275743
0.0275743
0.0275743
0.0275743
0.0275743
0.0275743
0.0275743
0.0275743
0.0275743
0.0275743
0.0275743
0.0275743
0.0275743
0.0275743
0.0275743
0.0275743
0.0275743
0.0275743
0.0275743
0.0275743
0.0275743
0.0275743
0.0275743
0.0275743
0.0275743
0.0275743
0.0275743
0.0275743
0.0275743
0.0275743
0.0275743
0.0275743
0.0275743
0.0275743
0.0275743
0.0275743
0.0275743
0.0275743
0.0275743
0.0275743
0.0275743
0.0275743
0.0275743
0.0275743
0.0275743
0.0275743
0.0275743
0.0275743
0.0275743
0.0275743
0.0275743
0.0275743
0.0275743
0.0275743
0.0275743
0.0275743
0.0275743
0.0275743
0.0275743
0.0275743
0.0275743
0.0275743
0.0275743
0.0275743
0.0275743
0.0275743
0.0275743
0.0275743
0.0275743
0.0275743
0.0275743
0.0275743
0.0275743
0.0275743
0.0275743
0.0275743
0.0275743
0.0275743
0.0275743
0.0275743
0.0275743
0.0275743
0.0275743
0.0275743
0.0275743
0.0275743
0.0275743
0.0275743
0.0275743
0.0275743
0.0275743
0.0275743
0.0275743
0.0275743
0.0275743
0.0275743
0.0275743
0.0275743
0.0275743
0.0275743
0.0275743
0.0275743
0.0275743
0.0275743
0.0275743
0.0275743
0.0275743
0.0275743
0.0275743
0.0275743
0.0275743
0.0275743
0.0275743
0.0275743
0.0275743
0.0275743
0.0275743
0.0275743
0.0275743
0.0275743
0.0275743
0.0275743
0.0275743
0.0275743
0.0275743
0.0275743
0.0275743
0.0275743
0.0275743
0.0275743
0.0275743
0.0275743
0.0275743
0.0275743
0.0275743
0.0275743
0.0275743
0.0275743
0.0275743
0.0275743
0.0275743
0.0275743
0.0275743
0.0275743
0
0
0.0275743
0.0275743
0.0275743
0.0275743
0.0275743
0.0275743
0.0275743
0.0275743
0.0275743
0.0275743
0.0275743
0.0275743
0.0275743
0.0275743
0.0275743
0.0275743
0.0275743
0.0275743
0.0275743
0
0.0780393
0
0
0
0.0275743
0
0
0
0
0
0
0
0
0
0
0
0
0
0
0
0
0
0
0
0
0
0
0
0
0
0
0
0
0
0
0
0
0
0
0
0
0
0
0
0
0
0
0
0
0
0
0
0
0
0
0
0
0.0473514
0
0.0473514
0.0473514
0
0
0
0
0
0
0
0.0415801
0
0.0415801
0.0275743
0.0275743
0.0275743
0.0453516
0.0453516
0
0
0
0.0453516
0
0
0
0.0443416
0
0
0.0443416
0.0443416
0.0443416
0.0443416
0.0443416
0
0
0
0
0.0443416
0.0275743
0.0275743
0.0515574
0.0476407
0.0290227
0
0.0275743
0.0275743
0.0275743
0.0275743
0.0443416
0.0443416
0.0443416
0.0443416
0
0.0275743
0.0275743
0
0
0
0.0275743
0
0
0
0
0
0
0
0.0275743
0.0275743
0.0275743
0.0275743
0.0275743
0.0275743
0.0275743
0.0275743
0.0275743
0.0275743
0.0275743
0.0275743
0.0275743
0
0
0
0.0275743
0
0
0
0
0.175682
0
0.0799106
0.0799106
0.0799106
0
0
0
0
0
0
0
0
0
0.0461462
0
0
0
0
0
0
0.0451018
0
0
0
0.0451018
0
0
0
0
0
0
0
0.0451018
0.430331
0.0489467
0
0
0
0
0.051778
0
0.0509912
0
0.136083
0.136083
0.136083
0.136083
0.136083
0
0
0.0453703
0.0453703
0
0.0453703
0.0477383
0.0477383
0
0
0
0
0
0.0477383
0.0472561
0
0
0
0
0
0
0
0
0
0
0
0
0
0
0
0
0
0
0
0
0
0
0
0
0
0
0
0
0
0
0.430331
0.430331
0.430331
0.430331
0.430331
0.430331
0.438529
0.438529
0.430331
0.430331
0
0.430331
0.430331
0.438529
0
0.430331
0
0.430331
0.430331
0.0462349
0.0462349
0.0462349
0.0449467
0.0449467
0.0449467
0.0279946
0.0279946
0
0
0
0
0
0
0
0
0
0
0
0
0
0
0
0
0
0
0
0
0
0
0
0
0
0
0
0
0
0
0
0
0
0
0
0
0
0.0279946
0.0279946
0.0279946
0
0
0
0
0
0
0
0
0
0.0280254
0
0
0
0
0
0
0
0
0
0
0
0
0
0
0
0
0
0
0.0280254
0
0
0
0
0
0.0282391
0.0282391
0.0282391
0.0282391
0
0
0
0
0
0
0
0
0
0
0
0
0
0
0
0
0
0
0
0
0
0
0
0
0
0
0
0
0.0387376
0.0387376
0.0387376
0.0387376
0.0387376
0.0387376
0
0
0
0
0
0
0.0392595
0.0387376
0
0
0.0415227
0.0415227
0.0419075
0.0419075
0.0419075
0.0392595
0.0392595
0.0392595
0.0392595
0.0392595
0.0424171
0.0392595
0
0
0
0
0.0399489
0
0
0
0
0
0
0
0
0
0
0
0
0
0
0.0415227
0.0415227
0.0415227
0.0415227
0.0415227
0.0415227
0
0.0280232
0.0280232
0.0280232
0.0280232
0.0280232
0.0280232
0.0280232
0.0280232
0.0280232
0.0280232
0.0280276
0.028032
0.028032
0
0.028032
0.028032
0.0280276
0.0280276
0.0280276
0.0280276
0.0280276
0.0280232
0.028032
0.028032
0.0280232
0.0526608
0.0526608
0.0526608
0
0
0
0.052778
0.0540738
0
0
0
0
0
0
0
0
0
0
0.028032
0.0280828
0.0307641
0.03951
0
0.03951
0.040383
0
0
0
0
0
0
0
0
0.0279946
0
0
0
0
0
0
0
0
0
0
0
0
0
0
0
0
0
0
0
0
0
0
0
0
0
0
0
0
0
0
0
0
0
0
0
0
0
0
0
0
0
0
0
0
0.0282144
0.0282144
0.0282144
0.0282144
0.0282144
0.0282144
0.0282436
0.0282436
0.0282436
0.0282436
0
0
0
0.0283069
0.0283069
0
0
0
0.0282436
0.0282436
0.0282436
0
0
0.0282436
0
0.0282707
0.0282436
0.0282436
0.027439
0.027439
0.027439
0.0299342
0.0283183
0.0515848
0.0515848
0.0515848
0.0515848
0
0
0
0
0
0
0
0
0
0
0
0
0
0
0
0
0
0
0
0
0
0
0
0
0
0
0
0
0
0
0
0
0.0426169
0.0426169
0.0426169
0.0426169
0.0426169
0.0426169
0
0.0426169
0.0426169
0
0
0
0
0.0426169
0.0426169
0.0426169
0.0426169
0.0426169
0.0426169
0
0.0426169
0.0426169
0.0426169
0.0426169
0.0427882
0.0427882
0.0427882
0.042796
0.0427882
0.0426169
0.0426169
0.0426169
0.0434372
0.0426169
0
0
0
0
0
0
0
0
0
0
0
0
0
0
0
0
0
0
0
0
0
0
0
0
0
0
0
0
0
0
0
0
0
0
0
0
0
0
0
0
0
0
0
0
0
0
0
0
0
0
0
0
0
0
0
0
0
0
0
0
0
0
0
0
0
0
0.0441425
0.0441425
0.0441425
0.0441425
0.0441425
0.0441425
0.0441425
0
0
0
0
0
0
0
0
0
0
0
0
0
0
0
0
0
0
0
0
0.0280232
0.0280232
0.0280232
0.0280232
0.0280232
0.0280232
0.0280232
0
0
0
0.0275743
0.0275743
0.0275743
0.0275743
0.0275743
0
0.0275743
0.0275743
0.0275743
0.0275743
0
0.0275743
0.0275743
0.0275743
0.0275743
0
0.0275743
0.0275743
0.0275743
0.0275743
0.0528516
0.0528516
0.0528516
0.0528516
0
0
0
0
0.0275743
0.0275743
0.0275743
0.0275743
0.0275743
0.0275743
0.0275743
0.0275743
0.0275743
0
0
0
0
0
0.0280254
0.0280254
0.0280254
0
0
0
0
0
0
0
0
0
0
0
0
0
0
0
0
0
0
0
0
0
0
0
0
0
0
0
0
0
0
0
0
0
0
0
0
0
0
0
0
0
0
0
0
0
0
0
0
0
0
0
0
0
0
0
0
0
0
0
0
0
0
0
0.0280144
0.0280144
0.0280144
0.0280144
0.0280144
0.0280144
0.0280144
0.0280144
0.0280144
0
0
0
0
0
0
0
0
0
0
0
0
0
0
0
0
0
0
0
0
0
0
0
0
0
0
0
0
0
0
0
0
0
0
0
0
0
0
0
0
0
0
0
0
0
0
0
0
0
0
0
0
0
0
0
0
0
0
0
0
0
0
0
0
0
0
0
0
0
0
0
0
0
0
0
0
0
0
0
0
0
0
0
0
0
0
0
0
0
0
0
0
0
0
0
0
0
0
0
0
0
0
0
0
0
0
0
0
0
0
0
0
0
0
0
0
0
0
0
0
0
0
0
0
0
0
0
0
0
0
0
0
0
0
0
0
0
0
0
0
0
0
0
0
0
0
0
0
0
0
0
0
0
0
0
0
0
0
0
0
0
0
0
0
0
0
0
0
0
0
0
0
0
0
0
0
0
0
0
0
0
0
0
0
0
0
0
0
0
0
0
0
0
0
0
0
0
0
0
0
0
0
0
0
0
0
0
0
0
0
0
0
0
0
0
0
0
0
0
0
0
0
0
0
0
0.0281942
0.0281942
0.0281942
0.0281942
0
0
0
0
0.0280166
0.0280166
0
0
0
0
0
0
0
0
0
0
0
0
0
0
0
0
0
0
0
0
0
0
0
0
0
0
0
0
0
0
0
0
0
0
0
0
0
0
0
0
0
0
0
0
0
0
0
0
0
0
0
0
0
0
0
0
0
0
0
0
0
0
0
0
0
0
0
0
0
0
0
0
0
0
0
0
0
0
0
0
0
0
0
0.0302752
0.0302752
0.0302752
0.0302752
0.0302752
0
0
0
0
0
0
0
0
0
0
0
0
0.0407909
0.0407909
0
0
0.0279705
0.0279705
0.0279705
0
0
0
0
0
0
0
0
0.066726
0
0
0
0
0
0
0
0
0
0.0713195
0
0
0.073363
0
0
0
0.073363
0.073363
0.0443678
0.0443678
0
0.0468601
0
0
0
0.0776619
0.0438782
0.0438782
0.0438782
0.0438782
0.0438782
0.0438782
0.0438782
0.0438782
0.0438782
0.0438782
0.0438782
0.0438782
0.0438782
0.0438782
0.0438782
0.0442894
0
0.0438782
0.061199
0.061199
0.061199
0.061199
0.061199
0.0470569
0.0470569
0
0
0
0.0470569
0
0.0832755
0
0.0443504
0.0722064
0.0722064
0.0731664
0.0736809
0.0448291
0
0.0438782
0.0438782
0
0
0
0.0438782
0
0
0
0
0
0
0
0
0
0
0
0
0
0
0
0
0
0
0
0
0
0.0442807
0.0442807
0.0443242
0.0442807
0.0442807
0.0442807
0.0442807
0
0.0442894
0.0443591
0
0
0
0
0
0
0
0
0
0
0
0
0
0
0
0
0
0
0
0
0
0
0
0
0
0
0
0
0
0
0
0
0
0
0
0
0.0442981
0.0438782
0.0438782
0.0438782
0.0438782
0.0438782
0.0438782
0.0438782
0
0
0
0
0
0
0
0
0
0
0
0
0
0
0
0
0
0
0
0
0
0
0
0
0
0
0
0
0
0
0
0
0
0
0
0.0448291
0
0.0448742
0.0438782
0.061199
0.061199
0.061199
0.0578122
0.0578122
0.0578122
0.0578122
0.0578122
0.0672977
0.0635001
0.0779918
0
0
0.0643356
0
0
0
0
0
0
0
0
0
0
0
0
0
0
0
0
0
0
0
0.0441081
0
0
0
0
0
0
0
0
0
0
0
0
0
0
0
0
0
0.0280254
0.0280254
0
0
0
0
0
0
0
0
0
0
0
0
0
0
0
0
0
0
0
0
0
0
0
0
0
0
0.0281942
0
0
0
0
0
0
0
0
0
0
0
0
0.0443504
0.0443504
0
0.0443504
0
0
0
0.0282436
0
0
0
0
0
0
0
0.0433881
0.0441253
0.0441253
0.0441253
0.0443416
0
0
0
0
0
0
0
0
0
0
0
0
0
0
0
0
0
0
0
0
0
0
0
0
0
0.0443591
0.0443591
0.0443591
0.0443591
0.0443591
0
0.0443591
0.0443591
0.0443591
0.0450286
0.0450286
0.0443591
0.0443591
0.0443591
0.0450286
0.0831603
0.0450286
0.0450286
0.222497
0
0
0
0
0
0
0
0
0
0
0
0
0
0
0
0.222497
0
0
0
0
0
0
0
0
0
0
0
0
0
0
0
0
0
0
0
0
0
0.0443591
0.0443591
0.0443591
0.0443591
0.0443591
0.0443591
0.0443591
0
0.0443591
0.0443591
0.0443591
0
0
0
0
0
0
0
0
0
0.0443591
0.0443591
0.0443591
0.0443591
0.0443591
0.0443591
0.0443591
0.0443591
0.0443591
0.0443591
0.0443591
0.0443591
0.0443591
0
0
0
0.0443591
0.0443591
0.0443591
0.0443591
0.0443591
0.0443591
0.0443591
0.0443591
0
0.0443591
0.0443591
0.0443591
0.0443591
0.0443591
0.0443591
0.0443591
0.0443591
0.0443591
0.0443591
0.0443591
0.0443591
0.0443591
0
0
0
0
0
0
0
0
0
0
0
0
0
0.0439629
0
0
0
0
0
0
0
0
0
0
0
0
0
0
0
0
0
0
0
0
0
0.0279574
0
0
0
0
0
0
0
0
0
0
0
0
0
0
0
0
0
0
0
0
0
0
0
0
0
0
0
0
0
0
0
0
0
0
0
0
0
0
0.0441081
0
0
0
0
0
0
0
0
0
0
0
0
0
0
0
0
0
0
0
0
0
0
0
0
0
0
0
0
0
0
0
0
0
0
0
0
0
0
0
0
0
0
0
0
0
0
0
0
0
0
0
0
0
0
0
0
0
0
0
0
0
0
0
0
0
0
0
0
0
0
0
0
0
0
0
0
0
0
0
0
0
0
0
0
0
0
0
0
0
0.0450835
0.0450835
0.0450835
0.0450835
0.0450835
0.0450835
0.0450835
0.0450835
0.0450835
0.0457869
0.0450835
0.0450835
0.0450835
0.0441081
0
0
0
0
0
0
0
0
0.0280254
0
0
0
0
0
0
0
0
0
0
0
0
0
0
0
0
0
0
0
0
0
0
0
0
0
0
0
0
0
0
0
0
0
0
0
0
0
0
0
0
0
0
0
0
0.0442287
0.0442287
0.0439629
0
0
0
0
0
0
0
0
0
0
0
0
0
0
0
0
0
0
0
0
0
0
0
0
0
0
0
0
0
0
0
0
0
0
0
0
0
0
0
0
0
0
0
0
0
0
0
0
0
0
0
0
0
0
0
0
0
0
0
0
0
0
0
0
0
0
0
0
0
0
0
0
0
0
0
0
0
0
0
0
0
0
0
0
0
0
0
0
0
0
0
0
0
0
0
0.0441081
0
0
0
0
0.0279705
0.0279705
0.0279705
0.0279705
0.0279705
0.0279705
0
0
0
0
0.0630441
0.0630441
0.0630441
0
0
0
0
0
0
0
0
0
0
0
0
0
0
0
0
0
0
0.0652051
0.0630441
0.0630441
0
0.0787621
0.0801154
0.0801154
0.0801154
0
0.0630441
0
0
0
0
0.0653162
0
0
0
0
0
0
0
0
0
0
0
0
0
0
0
0
0
0
0
0
0
0
0
0
0
0
0
0
0.0676975
0.0676975
0.0676975
0.0678532
0
0
0
0
0
0
0
0.0733236
0.0733236
0.0733236
0.0735215
0
0
0
0
0
0
0
0
0
0
0
0.0441425
0
0
0
0
0
0
0
0
0
0
0
0
0
0
0
0
0
0
0
0
0
0
0
0
0
0
0.0280364
0
0
0
0
0
0
0
0
0
0
0
0
0
0
0
0
0
0
0
0
0
0
0
0
0
0
0
0
0
0
0
0
0
0
0
0
0
0
0
0
0
0
0
0
0
0
0
0
0
0
0
0
0
0
0
0
0
0
0
0
0
0
0
0
0
0
0
0
0
0
0
0
0
0
0
0.0443591
0.0443591
0.0443591
0.0443591
0.0443591
0.0443591
0.0443591
0.0443591
0.0443591
0.0794552
0.0794552
0
0.0795054
0.0795054
0.0443591
0.0443591
0.0443591
0.0443591
0.0443591
0.0443591
0.0443591
0.0443591
0
0.0443591
0.0443591
0.0443591
0.0443591
0.0443591
0.0443591
0.0443591
0.0443591
0.0443591
0.0443591
0.0443591
0.0443591
0.0443591
0
0
0
0
0
0
0
0
0
0
0
0
0
0
0
0
0
0
0
0
0
0
0
0
0
0
0
0
0
0
0
0.0443591
0.0443591
0.0443591
0.0443591
0.0465645
0.0465645
0.0446767
0.0446767
0.0466151
0.0466151
0
0
0
0
0
0
0.0856235
0.0856235
0.0733236
0.0733236
0
0
0.251577
0.251577
0
0
0
0
0
0
0
0
0
0
0
0
0
0
0
0
0
0
0
0
0
0
0
0
0.0455582
0.0455582
0.0502012
0
0
0.0815953
0.0815953
0.0551821
0.0551821
0
0.0443591
0.0443591
0.0443591
0.0499252
0.0499252
0.0513395
0.0499252
0.0443591
0.0815953
0.0815953
0.0815953
0.0832755
0.0832755
0.0832755
0.0832755
0.0832755
0.0815953
0
0
0
0
0
0.0465645
0.0465645
0.0465645
0.0465645
0.0465645
0.0465645
0.0465645
0.0465645
0.0454077
0.0454077
0.0568512
0.0568512
0.0568512
0.0568512
0.0758534
0.0568512
0.0568512
0.0800128
0.0800128
0.0800128
0.047235
0.047235
0.047235
0.047235
0.047235
0.0454077
0.047235
0.047235
0.047235
0.047235
0
0.047235
0
0.0476083
0
0
0
0
0
0
0
0.0476083
0.0502012
0.0502012
0.0502012
0.0502012
0.046953
0.046953
0.046953
0.046953
0.046953
0.0478474
0
0.047362
0.0446767
0.0446767
0.0446767
0.0446767
0.0583609
0.0583609
0.0583609
0.0449376
0.0449376
0.0450743
0.0450743
0.0450743
0.0450743
0.045111
0.045111
0
0.0449376
0.0449376
0
0
0
0.0856235
0.0856235
0.0856235
0.133156
0.0856235
0.0856235
0
0.0856235
0.0856235
0
0.0928477
0.0928477
0.180187
0.180187
0.180187
0.180187
0.180187
0.180187
0
0.180187
0.180187
0
0
0
0
0
0
0.180187
0
0.180187
0.0928477
0.251577
0.251577
0.251577
0.251577
0.251577
0.251577
0.251577
0.258199
0.258199
0.258199
0
0.259938
0.447214
0
0
0
0
0
0.251577
0.251577
0
0.251577
0
0
0
0
0
0
0
0
0
0
0
0
0
0
0
0.0733236
0.0733236
0.0733236
0.0733236
0.0733236
0.0778028
0.0778028
0.0778028
0.0778028
0
0.0733236
0.0733236
0.0733236
0.0733236
0.0733236
0.0733236
0.074003
0
0
0
0
0
0
0
0
0
0
0
0
0
0
0
0
0
0
0
0
0
0
0
0.15772
0.15772
0
0.16054
0.15772
0.0778028
0.0778028
0.0778028
0.0778028
0.0778028
0.0778028
0.0778028
0.0778971
0
0
0
0
0
0
0.0778028
0.0778028
0.0778028
0.1001
0
0.10506
0.10506
0.10506
0.10506
0.10506
0
0
0
0.10506
0.10506
0.0806347
0.0778028
0.0784223
0
0
0
0
0
0
0
0
0
0
0
0
0
0
0
0
0
0
0
0
0
0
0
0
0
0
0
0
0
0
0
0
0
0
0
0
0
0
0
0
0
0
0
0
0
0
0
0
0
0
0
0
0
0
0
0
0
0
0.0446411
0.0446411
0.0446411
0
0
0
0
0
0
0
0.0466151
0.0466151
0.0466151
0.0466151
0.0466151
0.0687452
0
0.0698771
0.0698771
0.0953463
0.0698771
0.0465645
0.0465645
0.0465645
0.0465645
0.163517
0.0465645
0.0466151
0.0466151
0.0466151
0.047214
0.047214
0.047214
0
0.047214
0.0791064
0.0791064
0.0808452
0.0791064
0
0
0
0.0791064
0
0
0
0
0
0
0
0
0
0
0
0
0
0
0
0
0
0
0
0
0
0
0
0
0
0
0
0
0
0
0
0
0.0703598
0.0703598
0.0703598
0
0.0703598
0
0.0703946
0.0703946
0.066578
0.0449921
0.0449921
0.126796
0.0450377
0.045511
0.0443591
0
0
0
0
0
0
0
0
0
0
0
0
0
0
0
0.0446144
0.0446144
0.0446144
0.0446144
0.0446144
0.0446144
0.0446144
0.0446144
0.0446144
0
0
0
0
0.0280254
0
0
0
0
0
0
0
0
0
0
0
0
0
0
0
0
0
0
0
0
0
0
0
0
0
0
0
0
0
0
0
0
0
0
0
0
0
0.0280254
0.0280254
0.0280254
0
0
0
0
0
0
0
0
0
0
0
0
0
0
0
0
0
0
0
0
0
0
0
0
0
0
0
0
0
0
0
0
0
0
0
0
0
0
0
0
0
0
0
0
0
0
0
0
0
0
0
0
0
0
0
0.0449467
0.0449467
0.0449467
0
0
0
0
0
0
0
0
0
0
0
0
0
0
0.0280232
0
0
0
0
0
0
0
0
0
0.0443416
0.0443416
0.0443416
0.0443416
0.0443416
0.0443416
0.0443416
0.0443416
0.0280254
0.0280254
0.0280254
0.0280254
0.0280254
0.0280254
0.0280254
0.0280254
0
0.0463241
0.0463241
0
0
0
0
0
0
0
0
0
0
0
0
0
0
0
0
0
0
0
0
0
0
0
0.0478694
0
0
0
0
0.0478694
0
0
0
0
0
0
0
0
0
0
0
0
0
0
0
0
0
0
0
0
0
0
0.04853
0
0
0
0
0
0
0
0
0
0.0486562
0.0582223
0
0
0
0
0.0623298
0
0.100402
0.181369
0.100402
0
0
0
0
0
0
0
0
0
0
0
0
0.0512989
0.0512989
0.0512989
0
0.0512989
0.051111
0.051111
0.051111
0
0
0
0
0.051111
0.051111
0.0514753
0.0515985
0.0515985
0.0515985
0.0515985
0.0515985
0
0
0.0515985
0.0515985
0.0515985
0
0
0.051111
0.0478365
0.0478365
0
0
0
0
0
0.0478365
0
0
0
0
0
0
0
0
0
0
0
0
0
0
0
0
0.0888056
0.0888056
0
0
0.0888056
0.0888056
0.0868417
0.0868417
0.0868417
0.188311
0.0976831
0.0976831
0
0
0
0
0
0
0
0.0976831
0
0
0
0.0888056
0.12639
0
0
0
0
0
0
0
0
0
0.131081
0.131081
0
0
0
0.131081
0.131081
0
0.152854
0.157329
0
0
0
0.126189
0.126189
0
0.126189
0
0.0850026
0.0852493
0.0850026
0.0282707
0.0282707
0.0282707
0.0282707
0.0282707
0.0282707
0
0
0
0.0282707
0
0.0282707
0
0.0282707
0.0282707
0.0282707
0
0
0
0
0
0
0
0
0
0
0
0
0
0
0
0
0
0
0
0
0
0
0
0.0280254
0.0280254
0.0280254
0.0280254
0.0280254
0.0280254
0.0280254
0.0280254
0.0280254
0.0280254
0.0280254
0.0280254
0.0280254
0
0
0
0
0
0
0
0
0
0
0
0
0
0
0
0
0
0
0
0
0
0
0
0
0
0
0
0
0
0
0
0
0
0
0
0
0
0
0
0
0
0
0
0
0
0
0
0
0
0
0
0
0
0
0
0
0
0
0
0
0
0
0
0
0
0
0
0
0
0
0
0
0
0
0
0
0
0.0279574
0
0
0
0
0
0
0
0
0
0
0
0
0
0
0
0
0
0
0
0
0
0.0733236
0
0
0.0733236
0.0443591
0
0
0
0
0
0
0
0
0
0
0
0
0
0
0
0
0
0
0
0
0
0
0
0
0
0
0
0
0
0
0
0
0
0
0
0
0
0
0
0
0
0
0
0
0
0
0
0
0
0
0
0
0
0
0
0
0
0
0
0
0
0
0
0
0
0
0
0
0
0
0
0
0
0
0
0
0
0
0
0
0
0.0280254
0.0280254
0.0280254
0.0280254
0.0280254
0.0280254
0.0280254
0.0280254
0.0280254
0.0280254
0.0280254
0.0280254
0.0280254
0.0280254
0.0280254
0.0280254
0.0280254
0.0280254
0.0280254
0.0280254
0.0280254
0.0280254
0.0280254
0.0280254
0.0280254
0.0280254
0.0280254
0.0280254
0.0280254
0.0280254
0
0
0.0280254
0.0280254
0.0280254
0.0280254
0.0280254
0.0280254
0.028032
0
0
0
0
0
0
0
0
0
0
0
0
0
0
0
0
0
0
0
0
0
0
0
0
0
0
0
0
0
0
0
0
0
0
0
0
0
0
0
0
0
0
0
0
0
0
0
0
0
0
0
0
0
0
0
0
0
0
0
0
0
0
0
0
0
0
0
0
0
0
0
0
0
0
0
0.0282707
0.0282707
0.0282707
0.0282707
0.0541689
0.0282707
0.0282707
0.0391031
0.0391031
0.0310296
0.0310296
0.0282707
0.0541689
0.0541689
0.0541689
0.0831603
0.0831603
0.0541689
0.0391031
0.0391031
0.0391031
0.0472034
0.0391031
0
0.0391031
0.0310296
0.0310296
0
0
0
0.0310296
0.0831603
0.0831603
0
0.0831603
0.0310296
0.0310296
0.0310296
0.0310296
0.0385644
0.0385644
0.0385644
0.0500626
0.0385644
0.0508329
0.0385644
0.0310296
0
0
0
0
0.0279946
0.0279946
0.0279946
0.0279946
0
0
0
0.0280254
0.0280254
0.0280254
0.0280254
0.0280254
0.0280254
0.0280254
0.0280254
0.0280254
0.0280254
0.0280254
0.0280254
0.0280254
0.0280254
0.0280254
0.0280254
0.0280254
0.0280254
0.0280254
0.0280254
0.0280254
0.0280254
0.0280254
0.0280254
0
0
0
0
0.0280254
0
0
0
0
0
0
0
0
0
0
0
0
0
0
0.0280254
0.0280254
0.0280254
0.0280254
0.0280254
0.0280254
0.0280254
0.0280254
0.0280254
0.0280254
0.0280254
0.0280254
0.0280254
0
0
0
0
0
0
0
0
0
0
0
0
0
0
0
0
0
0
0
0
0
0
0
0
0
0
0
0
0
0
0
0
0
0
0
0
0
0
0
0
0
0
0
0
0
0
0
0
0
0
0
0
0
0
0
0
0
0
0
0
0
0
0
0
0
0
0
0
0
0
0
0
0
0
0
0
0
0
0
0
0
0
0
0
0
0
0
0
0
0
0
0
0
0
0
0
0
0
0
0
0
0
0
0
0
0
0
0
0
0
0
0
0
0
0
0
0
0
0
0
0
0
0
0
0
0
0
0
0
0
0
0
0
0
0
0
0
0
0
0
0
0
0
0
0
0
0
0
0
0
0
0
0
0
0
0
0
0
0
0
0
0
0
0
0
0
0
0
0
0
0
0
0
0
0
0
0
0
0
0
0
0
0
0
0
0
0
0
0
0
0
0
0
0
0
0
0
0
0
0
0
0
0
0
0
0.0313051
0.0443591
0
0
0.0415227
0
0.0415227
0.0415227
0.0415227
0.0415227
0.0415227
0.0415227
0.0415227
0.0415227
0.0415227
0.0415227
0.0415227
0.0415227
0.0415227
0.0415227
0.0415227
0.0415227
0.0415227
0.0415227
0.0415227
0.0415227
0
0
0
0
0
0
0.0415227
0.0415227
0
0.0415227
0.0415227
0.0415227
0.0415227
0.0415227
0.0415227
0.0415227
0.0415227
0
0.0415227
0.0415227
0.0415227
0.0415227
0.0415227
0.0415227
0.0415227
0.0415227
0.0415227
0.0446055
0
0
0.0467473
0
0
0.0415227
0.0415227
0
0
0
0
0
0.0418927
0
0
0
0.0415299
0.0415227
0
0
0
0
0
0
0
0
0
0
0
0
0
0
0.0415227
0.0415227
0
0
0.0432257
0.0432257
0
0
0
0
0
0
0
0
0
0
0.0780869
0.0780869
0
0
0
0.0489585
0.0489585
0
0
0
0
0
0
0
0
0
0
0
0
0
0
0
0
0
0
0
0
0
0
0
0
0
0
0
0
0
0
0
0
0
0
0
0
0
0
0
0
0
0
0
0
0
0
0
0
0
0
0
0
0
0
0
0
0
0
0
0
0
0.0415227
0.0415227
0
0.0415227
0.0415227
0.0477383
0.0415227
0.0415299
0.0440225
0.0415227
0.0415442
0
0.0415801
0
0.0415227
0
0
0
0
0
0.0432257
0.0432257
0.0432257
0
0
0
0
0
0
0
0
0
0
0
0
0
0
0
0
0
0
0
0
0
0
0
0
0
0
0
0
0
0
0
0
0
0
0
0
0
0
0
0
0
0
0
0
0
0
0
0
0
0
0.0780869
0.0780869
0
0
0
0
0
0
0
0
0
0.0780869
0.0801669
0.0780869
0.0781823
0
0.0780869
0.0489585
0.0489585
0.0489585
0.0415729
0
0.0413732
0.0413732
0.0415514
0.0414087
0
0
0
0
0
0
0
0
0
0
0
0
0
0
0
0
0
0
0
0
0
0
0
0
0
0
0.0414158
0.0414158
0.0495074
0.0414158
0.04219
0.0415371
0.0414158
0
0
0
0
0
0.0414158
0.0415227
0.0415227
0.0415227
0.0415227
0.0416811
0
0
0
0
0
0
0
0
0
0
0
0
0
0
0
0
0.0419296
0
0
0
0
0
0
0
0
0
0
0
0
0
0
0.0416811
0.0429378
0
0.0417101
0.0420554
0.0431532
0.0473302
0
0
0
0
0
0
0
0
0
0
0
0
0
0
0
0
0
0
0
0
0
0
0
0
0
0
0
0
0
0
0
0
0
0
0
0
0
0.0441081
0
0
0
0
0
0
0
0
0
0
0
0
0
0
0
0
0
0
0
0
0
0
0
0
0
0
0
0
0
0
0
0
0
0
0
0
0
0
0
0
0
0
0
0
0
0
0
0
0
0
0
0
0
0
0
0
0
0
0
0
0
0
0
0
0
0
0
0
0
0
0
0
0
0
0
0
0
0
0
0
0
0
0
0
0
0
0
0
0
0
0
0
0
0
0
0
0
0
0
0
0
0
0
0
0
0
0
0
0
0
0
0
0
0
0
0
0
0
0
0
0
0
0.0280254
0
0
0
0
0
0
0
0
0
0
0
0
0
0
0
0
0
0
0
0
0
0
0
0
0
0
0
0
0
0
0
0
0
0
0
0
0
0
0
0
0
0
0
0
0
0
0
0
0
0
0
0
0
0
0
0
0
0
0
0
0
0
0
0
0
0
0
0
0
0
0
0
0
0
0
0
0
0
0
0
0
0
0
0
0
0
0
0
0
0
0
0
0
0
0
0
0
0
0
0
0
0
0
0
0
0
0
0
0
0
0
0
0
0
0
0
0
0
0
0
0
0
0
0
0
0
0
0
0
0
0
0
0
0
0
0
0
0
0
0
0
0
0
0
0
0
0
0
0
0
0
0
0
0
0
0
0
0
0
0
0
0
0
0
0
0
0
0
0
0
0
0
0
0
0
0
0
0
0
0
0
0
0
0
0.0976831
0.0976831
0.0976831
0.0976831
0.0976831
0
0
0
0
0
0
0
0
0
0
0
0
0
0
0
0
0
0
0
0
0.028032
0.0582223
0
0
0
0.0582223
0
0.0582223
0.0582223
0.0582223
0.0585005
0.0585005
0
0.0585005
0
0
0
0.0582223
0.0582223
0.0582223
0
0.0582223
0
0.0582223
0
0.0582223
0.0582223
0.0582223
0
0.0582223
0
0.0582223
0
0.0582223
0
0
0
0
0
0
0
0
0
0
0
0
0
0
0
0
0
0
0
0
0
0
0
0
0
0
0
0.0443591
0.0443591
0.0443591
0.0443591
0.0443591
0.0443591
0
0
0.0443591
0.0472245
0.0472245
0.0472245
0.0460678
0.0460776
0
0
0
0
0
0
0
0
0
0
0
0
0
0
0
0.0280232
0.0280232
0.0280232
0.0280232
0.0280232
0.0280232
0.0443068
0
0
0
0
0
0
0
0
0
0
0
0
0
0
0
0
0
0
0
0
0
0
0
0
0.0280276
0.0280276
0.0280276
0.0280276
0.0280276
0.0280276
0.0280276
0.0280276
0.0280276
0.0280276
0.0280276
0
0.0280232
0.0280232
0.0280232
0.0280232
0.0280276
0.0280276
0.0280762
0.0280276
0
0
0
0
0
0
0
0
0
0
0
0
0
0
0
0
0
0
0
0
0
0
0
0
0
0
0
0
0
0
0
0
0
0
0
0
0
0
0
0
0
0
0
0
0
0
0
0
0
0
0
0
0
0
0
0
0.0279946
0.0279946
0.0279946
0
0
0
0
0
0
0
0
0
0
0
0
0
0
0
0
0
0
0
0
0
0
0
0
0
0
0
0
0
0
0
0
0
0
0
0
0
0
0
0
0
0
0
0
0
0
0
0
0
0
0
0
0
0
0
0
0.028032
0.028032
0.028032
0.028032
0.028032
0.028032
0.05269
0.05269
0.0583212
0.0583212
0.0583212
0.0583212
0.0583212
0.0888056
0.0583212
0.0585406
0.0583212
0
0
0
0.0583212
0
0
0
0
0
0
0
0.0583212
0.052778
0.028032
0
0
0
0
0
0
0.0443416
0.0443416
0.0443416
0.0443416
0.0443416
0
0
0
0
0.0456531
0.0456531
0.0475867
0.0474793
0.0443416
0.0449013
0.0460287
0.0473514
0
0.0475222
0
0.0449013
0.0443591
0
0
0
0.0265167
0.0265167
0.0265167
0.0265167
0.0270112
0.0270785
0
0
0
0
0
0
0
0
0
0
0
0
0
0
0
0
0
0
0
0
0
0
0
0
0
0
0
0
0
0
0
0
0
0
0
0
0
0
0
0
0
0
0
0
0
0
0
0
0
0
0
0
0
0
0
0
0
0
0
0
0
0
0
0
0
0
0
0
0
0.039841
0.039841
0.039841
0.039841
0.039841
0.039841
0.039841
0.039841
0
0.039841
0.039841
0
0.039841
0.039841
0
0.039841
0.0271743
0.0271743
0.0271743
0
0.0273834
0
0
0
0
0
0
0
0
0
0
0
0
0
0.0371596
0.0371596
0.0371596
0.0371596
0.0371596
0
0
0
0
0
0
0
0.0275262
0.0275262
0
0
0
0
0
0
0
0
0
0
0
0
0
0
0
0
0
0
0
0
0
0
0
0
0
0
0
0
0
0
0
0
0
0
0
0
0
0
0
0
0
0
0
0
0
0
0
0
0
0
0
0
0
0
0
0
0
0
0
0
0
0
0
0
0
0
0
0
0
0
0
0
0
0
0
0
0
0
0
0
0
0
0
0
0
0
0
0
0
0
0
0
0
0
0
0
0
0
0
0
0
0
0
0
0
0
0
0
0
0
0
0
0
0
0
0
0
0
0
0
0
0
0
0
0
0
0
0
0
0
0
0
0
0
0
0
0
0
0
0
0
0
0
0
0
0
0
0
0
0
0
0
0.0275387
0
0
0.0275262
0.0275262
0.0275262
0.0275262
0.0275262
0
0
0.0275262
0.0275262
0
0.0275743
0.0275743
0.0275743
0.0275743
0.0275743
0.0275743
0.0275743
0.0275743
0.0275743
0.0275743
0.0521996
0
0.0521996
0.0521996
0
0.0522851
0.0522851
0.0522851
0.0525153
0.0525153
0.0525153
0.0525153
0
0.0525588
0.0525588
0.0525588
0.0525588
0.0525588
0.0528221
0.0528221
0
0.0525588
0.0527486
0.0525588
0
0.0525588
0
0
0.0525588
0.0523281
0
0.0523281
0.0478255
0.0478255
0.0478255
0.049471
0.049471
0.049471
0.049471
0
0
0
0.0495438
0.0495438
0.0495438
0.0478913
0.0478037
0
0.0478037
0.0478037
0
0.0478803
0.0479133
0.0479133
0.0479133
0.0479133
0
0.0479133
0.0479133
0.0479133
0.0483707
0.0483707
0.0483707
0.0483707
0.0483707
0.0479133
0
0
0
0
0
0.0432257
0.0432257
0.0432257
0.0432257
0.0432257
0.0432257
0
0
0
0
0
0
0
0
0
0
0.0275743
0.0275743
0.0275743
0.0275743
0.0275743
0.0275743
0.0275743
0.0275743
0.0290349
0.0290349
0
0.0290349
0.0275743
0.0275743
0
0
0.0501381
0
0
0
0
0
0
0.0275743
0.0275743
0.0459412
0.0275743
0.0275743
0.0275743
0.0293181
0.0275743
0.0275743
0.0275743
0
0
0.0275743
0.0275743
0.0275743
0.0275743
0.0275743
0.0275743
0.0275743
0.0275743
0.0515848
0.0514481
0
0
0
0.0275743
0.0467371
0
0.0432338
0.0432338
0.0482692
0.0490526
0.0490526
0.0474259
0.0474259
0.0457773
0.0275743
0.0275743
0.0275743
0.0275743
0.175682
0.175682
0.175682
0.175682
0.175682
0.175682
0.175682
0
0.175682
0.175682
0.175682
0.175682
0.316228
0.389249
0.395285
0.395285
0
0.48795
0.48795
0.48795
0
0.57735
0.57735
0
0.645497
0.645497
0.279508
0.175682
0
0.175682
0.175682
0.175682
0
0
0
0
0
0
0
0
0
0
0
0
0
0
0
0
0
0
0
0
0
0
0
0
0
0
0
0
0.296174
0.32969
0.476731
0.353553
0.57735
0.367607
0.430331
0
0.319438
0.319438
0.408248
0.362738
0.362738
0.362738
0.367607
0
0
0.527046
1
0.40161
0
0.430331
0.430331
0.430331
0.430331
0
0.430331
0.430331
0.0275743
0.0275743
0
0
0
0
0
0
0
0
0
0
0.0275743
0.0275743
0
0
0
0
0.0275743
0.0275743
0.0432338
0
0.0275743
0.0275743
0.0275743
0.0275743
0
0
0
0
0
0.049715
0
0
0
0
0
0
0
0
0
0
0
0
0
0
0
0
0
0.0432176
0.175682
0.175682
0.175682
0.175682
0.175682
0.175682
0.175682
0.175682
0.175682
0.175682
0.175682
0.175682
0.175682
0
0.175682
0.175682
0.175682
0
0.175682
0
0
0
0
0
0
0.0275743
0.0275743
0.0275743
0
0.0451938
0
0.149738
0.218218
0
0
0
0
0
0.0523137
0
0
0
0
0
0
0
0
0.0505981
0
0
0
0
0
0
0.0432015
0
0
0
0
0
0
0
0.0443068
0.0443068
0.0443068
0
0
0
0
0
0.0443068
0.0443068
0.0443068
0
0.0443068
0
0
0
0
0
0
0
0
0
0
0
0
0
0
0
0
0
0
0
0
0
0
0
0
0
0
0
0
0
0
0
0
0
0
0
0
0
0
0
0
0
0
0
0
0
0
0
0
0
0
0
0
0
0
0
0
0
0
0
0
0
0
0
0
0
0
0
0
0
0
0
0
0
0
0.0275743
0.0516536
0.0264869
0.157329
0.0275743
0.0275743
0.0744529
0
0
0
0
0
0
0
0
0.281718
0.0275743
0.0275743
0
0
0
0.0462349
0.0462349
0.0462349
0
0
0
0
0.0275743
0.0275743
0
0.0275743
0
0
0
0
0
0
0
0
0.0275743
0.0275743
0.0275743
0
0
0
0
0
0
0
0
0
0.0443504
0.0275743
0.0275743
0
0
0
0
0
0
0
0.0275743
0.0275743
0
0
0
0
0
0
0
0
0
0
0
0.0275743
0.0275743
0
0
0.0517503
0
0.0275743
0.0275743
0
0
0
0
0
0
0
0
0
0
0
0
0.0275743
0.0275743
0
0
0
0.0275743
0.0275743
0
0
0
0
0
0.0479463
0
0
0
0
0
0
0
0
0.0275743
0.0275743
0
0
0
0
0
0
0
0
0
0
0
0
0
0
0
0
0
0
0
0
0
0
0
0
0
0
0
0
0
0
0
0
0
0
0
0
0
0
0
0
0
0
0
0
0
0
0
0
0
0
0
0
0
0
0
0
0
0
0
0
0
0
0
0
0
0
0
0
0
0
0
0
0
0
0
0
0
0
0
0
0
0
0
0
0
0
0
0
0
0
0
0
0
0
0
0
0
0
0
0
0
0
0
0
0
0
0
0
0
0
0
0
0
0
0
0
0
0
0
0
0
0
0
0
0
0.0275743
0.0275743
0.0275743
0.0275743
0.0275743
0.0275743
0.0275743
0.0275743
0.0275743
0.0275743
0.0275743
0.0275743
0.0275743
0.0275743
0.0275743
0.0275743
0
0
0
0
0.0275743
0.0472772
0.0275743
0.0275743
0.0275743
0.0275743
0
0.0275743
0.0275743
0.0507542
0.0507542
0.0507542
0.0507542
0.0507542
0.0275743
0
0.0275743
0
0
0
0
0
0.0275743
0.0275743
0.0275743
0.0275743
0.0275743
0
0
0.0275743
0.0292428
0.0275743
0.0522851
0.0522851
0
0.0522994
0
0
0.0275743
0.0275743
0.0275743
0.0275743
0.0275743
0.0275743
0.0275743
0.0275743
0
0.0275743
0.0275743
0
0.0275743
0
0
0
0.0275743
0.0275743
0
0.0275743
0.0275743
0.0466151
0.0466455
0
0.0275743
0.0275743
0.0275743
0.0275743
0.0275743
0.0275743
0.0275743
0.0275743
0.0275743
0.0275743
0.0275743
0.0275743
0.0275743
0.0275743
0.0275743
0.0275743
0.0275743
0.0275743
0.0461462
0.0461462
0.046156
0.046156
0
0
0.0275743
0.0275743
0.0275743
0.0275743
0.046156
0.046156
0.046156
0
0
0
0.0446144
0.0446144
0.046156
0.046156
0
0
0
0
0
0
0
0
0
0
0
0
0
0
0
0.0275743
0
0
0
0
0
0
0
0
0
0
0
0
0
0
0
0
0
0
0
0
0
0
0
0
0
0
0
0
0
0
0
0
0
0
0
0
0
0
0
0.0367558
0.0367558
0
0
0.0367558
0
0
0
0
0
0
0
0
0
0
0
0
0
0
0
0
0
0
0
0
0
0
0
0
0
0
0
0
0
0
0
0
0
0
0
0
0
0
0
0
0
0
0
0
0
0
0
0
0
0
0
0
0
0
0
0
0
0
0
0
0
0
0
0
0
0
0
0
0
0
0
0
0
0
0
0
0
0
0
0
0
0
0
0
0
0
0
0
0
0
0
0
0
0
0
0
0
0
0
0
0
0
0
0
0
0
0
0
0
0
0
0
0
0
0
0
0
0
0
0
0
0
0
0
0
0
0
0
0.0591726
0.0410651
0
0
0
0
0
0
0
0
0
0
0
0
0
0
0
0
0
0
0
0.0265429
0.0265429
0
0.0265429
0.0265429
0.0423106
0.0423106
0
0.0423106
0.0423106
0.0278986
0
0
0
0
0
0
0
0
0.040941
0.040941
0.040941
0
0
0
0
0
0
0
0
0
0
0
0
0
0.0444116
0.0444116
0.0444116
0.0444116
0.0444116
0.0444116
0.0444116
0.0444116
0.0444116
0.0444116
0.0444116
0.0444116
0.0444116
0.0444116
0
0
0
0
0
0
0
0.0265485
0.0265485
0.0265485
0.0300312
0
0
0.0282684
