0
0
0
0.0479003
0.0479003
0.0479003
0.0479003
0.0479003
0
0
0
0
0
0
0
0
0
0
0
0
0
0
0
0
0
0
0
0
0
0
0
0
0
0
0
0
0
0
0
0
0
0
0
0
0
0
0
0
0
0
0
0
0
0
0
0
0
0
0
0
0
0
0
0
0
0
0
0
0
0
0
0
0
0
0
0
0
0
0
0
0
0
0
0
0
0
0
0
0
0
0
0
0
0
0
0
0
0
0
0
0
0
0
0
0
0
0
0
0
0
0
0
0
0
0
0
0
0
0
0
0
0
0
0
0
0
0
0
0
0
0
0
0
0
0
0
0
0
0
0
0
0
0
0
0
0
0
0
0
0
0
0
0
0
0
0
0
0
0
0
0
0
0
0
0
0
0
0
0
0
0
0
0
0
0
0
0
0
0
0
0
0
0
0
0
0
0
0
0
0
0
0
0
0
0
0
0
0
0
0
0
0
0
0
0
0
0
0
0
0
0
0
0
0
0
0
0
0
0
0
0
0
0
0
0
0
0
0
0
0
0
0
0
0
0
0
0
0
0
0
0
0
0
0
0
0
0
0
0
0
0
0
0
0
0
0
0
0
0
0
0
0
0
0
0
0
0
0
0
0
0
0
0
0
0
0
0
0
0
0
0
0
0
0
0
0
0
0
0
0
0
0
0
0
0
0
0
0
0
0
0
0
0
0
0
0
0
0
0
0
0
0
0
0
0
0
0
0
0
0
0
0
0
0
0
0
0
0
0
0
0
0
0
0
0
0
0
0
0
0
0
0
0
0
0
0
0
0
0
0
0
0
0
0
0
0
0
0
0
0
0
0
0
0
0
0
0
0
0
0
0
0
0
0
0
0
0
0
0
0
0
0
0
0
0
0
0
0
0
0
0
0
0
0
0
0
0
0
0
0
0
0
0
0
0
0
0
0
0
0
0
0
0
0
0
0
0
0.0978492
0.0978492
0.0978492
0.0978492
0.0978492
0.0978492
0
0
0
0
0.0978492
0.0834726
0.0978492
0.122398
0.122398
0
0.0978492
0.0978492
0.099449
0.099449
0.101651
0.0460776
0.0978492
0.0978492
0.0978492
0.0978492
0.0978492
0
0
0.0978492
0.0978492
0.0978492
0.0980581
0.0563436
0.0978492
0.127114
0.0978492
0
0
0
0
0
0
0
0
0
0
0
0
0
0
0
0
0
0
0
0
0
0
0
0
0
0
0
0
0
0
0
0
0
0
0
0
0
0
0
0
0
0
0
0
0
0
0
0
0
0
0
0
0
0
0
0
0
0
0
0
0.0983739
0.0479003
0.0479003
0.0479003
0.0479003
0
0
0
0.0478689
0.0478689
0.0478689
0.0478689
0.0478689
0.0522738
0.0522738
0.0522738
0.0522738
0.0522738
0.0522738
0.0522738
0.0522738
0.0522738
0.0522738
0.042062
0.042062
0.042062
0.042062
0.042062
0.042062
0.042062
0.042062
0.042062
0.042062
0.042062
0.042062
0.042062
0.042062
0.042062
0
0
0
0
0
0
0
0
0
0
0
0
0
0
0
0
0
0
0
0
0
0
0
0
0
0
0
0
0
0
0
0
0
0
0
0
0
0
0
0
0
0
0.0635856
0.0635856
0.0635856
0.0635856
0.0635856
0.0678323
0.0678323
0.0678323
0
0
0
0
0
0
0
0
0
0
0
0
0
0
0
0
0
0
0
0
0
0
0
0
0
0
0
0
0
0
0
0
0
0
0
0
0
0
0
0
0
0
0
0
0
0
0
0
0
0
0
0
0
0
0
0
0
0
0
0
0
0
0
0
0
0
0
0
0
0
0
0
0
0
0
0
0
0
0
0
0
0
0
0.040996
0
0.062197
0.0479632
0.0655747
0
0.0479722
0.0493397
0.0493397
0.0507237
0.0479903
0.0415865
0.0481444
0.0567758
0
0.0574064
0.0574064
0
0
0
0.0574064
0
0
0
0
0
0
0
0
0
0
0
0
0
0
0
0
0
0.0479632
0.0479632
0.0479632
0.0479632
0.0479632
0.0479632
0.0479632
0.0412315
0.0412315
0.0412315
0
0
0
0
0
0
0
0
0
0
0
0
0
0
0
0
0
0
0
0
0
0
0
0
0
0
0
0
0
0
0
0
0
0
0
0
0
0.0573121
0.0573121
0
0.0577564
0.0573121
0.0573121
0.0573121
0.0573121
0
0
0
0
0
0
0
0
0
0
0
0
0
0
0
0
0
0
0
0
0
0
0
0
0
0
0
0.0480535
0.0480535
0.04819
0.0480535
0.0482862
0.0482862
0.0482862
0.0479407
0.0479407
0.0482862
0.0479407
0.0479407
0.0479407
0.0482862
0.0482862
0.0482862
0.0482862
0.0482862
0.0482862
0.0480535
0.0480535
0.0480535
0.0482816
0.04516
0.0523907
0.0523907
0.0543436
0.0638153
0
0
0
0
0.0482311
0.0482311
0.0482311
0.0482311
0.0479948
0.0479948
0.0479948
0.0479948
0.0479948
0.0479948
0
0
0
0
0
0
0
0
0
0.0482862
0.0482816
0
0
0
0
0
0
0
0
0
0
0
0
0
0.258199
0.258199
0.258199
0.258199
0.258199
0.294884
0.294884
0.27735
0
0
0
0.294884
0
0
0
0
0
0
0
0
0
0
0
0
0
0
0
0
0
0
0.258199
0
0
0
0
0.258199
0
0
0
0
0
0
0
0
0
0
0
0
0
0
0
0
0
0
0
0
0
0
0
0
0
0
0
0
0
0
0
0
0.258199
0
0
0
0
0
0.258199
0
0
0
0
0
0
0
0
0
0
0
0
0
0
0
0
0
0.0482816
0.0482816
0.0482816
0.0482816
0.0482816
0.0482862
0.0482862
0.0482816
0.0659221
0.0482816
0
0.0482816
0.0482862
0.0482862
0.0482862
0.0482816
0.0482816
0.0498022
0.0552251
0.0694675
0.056634
0
0.0414316
0
0
0
0
0
0
0.052729
0.0771772
0.0420249
0.0420249
0.0420414
0.0420249
0.0538209
0.0538209
0.0538209
0
0.0568676
0.0568676
0
0.0568676
0.0584317
0.0566947
0.0566947
0
0.0566947
0.0566947
0.0566947
0.0566947
0.0566947
0
0.0566947
0.0566947
0.0566947
0.0567352
0.0567352
0
0.0568267
0.056786
0
0
0
0
0
0
0
0
0
0
0
0
0
0
0.0667491
0
0
0
0
0
0
0
0
0
0
0
0
0
0
0
0
0
0
0
0
0
0
0
0
0
0
0
0
0
0
0
0
0
0
0
0
0
0
0
0
0
0.0896421
0
0
0
0
0
0
0
0
0
0
0
0
0
0
0
0
0
0
0
0
0
0
0
0
0
0
0
0
0
0
0
0
0
0
0
0
0
0
0
0
0
0
0
0
0
0
0
0
0
0
0
0
0
0
0
0
0
0
0
0
0
0
0
0
0
0
0
0
0
0
0
0
0
0
0
0
0.0566947
0
0
0
0
0
0
0
0
0
0
0
0
0
0
0
0.0566947
0
0
0
0
0
0
0
0
0
0.0566947
0
0
0
0
0
0
0
0
0
0.0522629
0.0523424
0.0548821
0.05547
0.05547
0.149487
0.0554795
0.0753066
0.110581
0.0760286
0.0618984
0.0639167
0.0657477
0.0632315
0
0
0
0
0.0578422
0.0578422
0.0578422
0
0
0
0
0
0
0
0
0
0
0
0
0
0
0
0
0
0
0
0
0
0
0
0
0
0
0
0.0551039
0.0551039
0.0551039
0.0551039
0.0551039
0.0551039
0
0
0.0551039
0.0552345
0.0552345
0.0553377
0.0553377
0.0553377
0.0555746
0.0553377
0.0553377
0.0553377
0.0552345
0
0
0
0
0
0
0
0
0
0
0
0.0497587
0.0430199
0.0430199
0.0482862
0.0480581
0.0482862
0.0482862
0.0430199
0.0430199
0.0693375
0.0430199
0.0430199
0.08
0.04819
0.04819
0.0582442
0
0
0
0
0
0
0
0
0
0
0.262111
0.262111
0.262111
0
0
0.14
0.173422
0.120096
0
0.120096
0
0
0
0.0983739
0.0983739
0.0983739
0.0983739
0.0983739
0.0983739
0.0983739
0.0979535
0.0979535
0.0979535
0
0
0
0
0
0.10171
0.10171
0.10171
0.10171
0.10171
0
0.0440795
0.0440795
0.0440795
0.0440795
0.0440795
0.0440795
0.0440795
0
0
0
0
0
0
0
0
0.0440843
0.0440843
0
0
0.0440795
0.0440795
0.0440795
0
0
0
0
0
0
0
0
0
0
0
0
0
0
0
0
0
0
0
0
0
0
0
0
0
0
0
0
0
0
0
0
0
0
0
0
0
0
0.0440795
0
0
0
0
0
0
0
0
0
0
0
0
0
0
0
0
0
0
0
0
0
0
0
0
0
0
0
0
0
0
0
0
0
0
0
0
0
0
0
0
0
0
0
0
0
0
0
0
0
0
0
0
0.0481262
0.0481262
0.0479003
0.0479003
0.0479003
0.0479003
0.0479003
0.0479003
0.0479003
0.0479003
0.0479003
0.0479003
0.0479003
0.0479003
0.0479003
0.0479003
0.0479003
0.0479003
0.0479003
0.0479003
0.0479003
0.0479003
0
0
0
0.0479003
0.0479003
0.0479003
0.0479003
0.0479003
0.0479003
0.0479003
0.0479003
0.0479003
0.0479317
0.0479317
0.0479317
0.0479407
0.0479407
0.0479317
0.0479317
0.0479407
0.0481672
0
0
0
0.0479317
0.0479317
0.0479317
0.0479317
0.0443097
0.0479317
0.00992877
0.0479317
0.0479317
0.0553189
0.0553189
0.0441224
0.0441224
0.044132
0.044132
0.0441224
0.0441224
0
0
0.0440795
0.0440795
0.0440795
0.0440795
0.0440795
0.0440795
0
0
0
0
0
0.0441176
0.0440795
0.0440795
0.0440795
0.0440795
0.0440795
0
0.0440795
0.0440795
0.0440795
0.0441463
0.0441463
0.0440795
0.0440795
0
0.0440795
0
0.0440795
0.0440795
0.0440795
0
0.0440795
0.0440795
0
0
0
0.0440795
0.0440795
0.0440795
0.0440795
0.0440795
0.0440795
0.0440795
0.0440795
0.0440795
0.0440795
0.0440795
0.0440795
0.0441463
0.0441463
0.0441463
0
0.0441463
0.0440795
0.0440795
0.0440795
0.0440795
0
0.0440795
0.0440795
0
0
0
0
0
0
0
0
0
0
0
0
0
0
0
0
0
0
0
0
0
0
0
0
0
0
0
0
0
0
0
0
0
0
0
0
0
0
0
0
0
0
0
0
0
0
0
0
0
0
0
0
0
0
0
0
0
0
0
0
0
0
0
0
0
0
0
0
0
0
0
0
0
0
0
0
0
0
0
0
0
0
0
0
0
0
0
0
0
0
0
0
0
0
0
0
0
0
0
0
0
0
0
0
0
0
0
0
0
0
0
0
0
0
0
0
0
0
0
0
0
0
0
0
0
0
0
0
0
0
0
0
0
0
0
0
0
0
0.0482816
0.0482816
0
0.0482816
0.0482816
0.0482816
0
0.0482816
0
0
0
0.0432383
0.0445927
0
0
0
0
0
0
0
0
0
0.0459369
0
0
0
0
0
0
0
0
0
0
0
0
0
0
0
0
0
0
0
0
0
0
0
0.0430199
0.0430199
0.0430199
0
0
0
0
0
0
0
0
0.0631474
0.0631474
0.0631474
0.0544197
0.0544197
0
0.0544197
0
0.0544197
0.0544197
0.0544197
0
0
0.0544197
0.0544197
0.0544197
0.0544197
0.0544466
0.0544466
0
0
0.0544466
0.0544466
0.0544197
0
0
0
0
0
0
0
0
0
0
0
0
0
0
0.0544466
0.0544466
0.0544466
0.0544466
0
0.0544645
0
0.0544645
0
0
0
0
0
0
0
0
0
0
0.0544645
0.0544645
0
0
0.0544645
0.0544645
0.0544645
0
0.0544645
0
0
0
0.0544645
0
0
0.0544645
0.0544645
0.0544645
0.0544645
0.0544645
0
0
0
0
0
0
0.0604257
0.0239182
0.0604257
0
0
0.0195815
0.0195815
0.0195815
0.0197642
0.0195815
0.0195815
0.0482357
0
0
0
0
0
0
0.057187
0.057187
0.0568471
0.0568471
0.0568471
0.0568471
0.0568471
0.0568471
0.0568471
0.0568471
0
0
0
0
0
0
0
0
0
0
0
0
0
0
0
0
0
0
0
0
0
0
0
0
0
0
0.0482862
0.0482862
0.0482862
0.0482862
0.0482862
0
0
0
0
0
0
0
0.0479003
0.0479003
0
0
0
0
0
0
0.04819
0.04819
0.04819
0.0482311
0.0482357
0.0482357
0.0482357
0.0482357
0
0.0479317
0
0
0
0
0
0
0
0
0
0
0
0
0
0
0
0
0
0
0.0484618
0
0.0482816
0.0544197
0
0
0
0
0
0
0
0
0
0
0
0
0
0
0
0
0
0
0
0
0
0
0
0
0
0
0
0
0
0
0
0
0
0
0
0
0
0
0
0
0
0
0
0
0
0
0
0
0
0
0
0
0
0
0
0
0
0
0
0
0
0
0
0
0
0.258199
0.282216
0.282216
0
0.0619248
0.0628143
0.0628143
0.0628143
0.0631474
0.102418
0.102418
0
0
0
0
0
0
0
0
0
0
0
0
0
0
0.0430199
0.0430199
0.0430199
0.0430199
0.0430199
0.0479317
0.0430199
0.0670485
0
0
0
0.113796
0.0430199
0.0430199
0.0430199
0
0
0
0
0
0
0
0
0
0
0
0
0
0
0.067386
0.0430199
0.0430199
0
0.113228
0.0696733
0
0.0677977
0
0.206041
0
0.218797
0.0706127
0.0450276
0.067954
0.0712069
0
0.0430199
0
0.0430199
0
0.0636858
0.0430199
0
0
0
0
0
0
0
0
0
0
0.0676941
0.0678323
0
0.0662266
0
0.0430199
0.0662105
0.0662105
0.0662105
0
0
0
0
0
0
0
0
0
0
0
0
0
0
0
0
0
0
0
0
0.20702
0
0.20702
0.20702
0
0.20702
0
0.215387
0.255377
0.231455
0
0.252646
0
0.266207
0
0.267261
0
0.280976
0
0
0
0
0
0
0
0
0
0
0
0
0
0
0
0
0
0
0
0
0
0
0
0
0
0
0
0.0631754
0
0
0
0.0430199
0.0692451
0.0430199
0.0430199
0.0430199
0
0.0430199
0
0
0
0
0
0.0430199
0
0.0430199
0
0
0
0
0
0.0631754
0.0631754
0
0.0631754
0.0631754
0.0631754
0.0631754
0.0631754
0.0631754
0.0631754
0.0631754
0
0
0
0
0.0631754
0
0
0.0479317
0
0
0
0
0
0
0
0
0
0
0
0
0
0
0
0
0
0
0
0
0
0
0
0
0
0
0
0
0
0
0
0
0
0.0479317
0.0479317
0.0479317
0.0479317
0.0479317
0.0479317
0
0
0
0
0
0
0
0
0
0
0
0.0482403
0.0547358
0.0432383
0.0445927
0
0
0
0.0432024
0.0432024
0
0
0
0.0432024
0
0
0
0
0.0478287
0.0478287
0.0478287
0.0478287
0.0203237
0
0
0
0
0
0
0
0
0
0
0
0
0
0
0
0
0.0479317
0
0
0
0
0
0
0
0
0
0
0
0
0
0
0
0
0
0
0
0
0
0
0
0
0
0
0
0
0
0
0.0443387
0.0443533
0.0481398
0.0481398
0.0481398
0.0481398
0.0481398
0.0481398
0.0481398
0.0481398
0.0488467
0.0481398
0.0481398
0.0481398
0.0481398
0.0481398
0
0
0
0
0
0
0
0
0.0481444
0.0481444
0.0481444
0.0481444
0.0481444
0.0481444
0
0
0.0481444
0
0
0
0
0
0
0
0
0
0
0
0
0
0
0
0
0
0
0
0
0
0
0
0
0
0
0.064312
0.064312
0.064312
0.064312
0.064312
0.064312
0.064312
0
0
0
0
0
0
0
0
0
0
0
0
0
0
0
0
0
0
0
0
0
0
0
0
0
0
0
0
0
0
0.057187
0.0499722
0.0771007
0.0771007
0.064312
0.0481444
0.0481444
0.0481444
0
0
0
0.0481444
0.0481444
0.0482357
0.0481444
0.0481444
0.0481535
0.0456647
0.0456647
0.0481535
0.0481809
0.0481809
0.0481809
0.0481809
0.0481535
0.0481535
0.0481535
0.0456647
0.0456647
0.0456647
0.0456647
0.0456647
0.0481621
0.0456647
0.0456647
0.0456647
0.0667987
0.0456647
0.0456647
0.0456647
0.0456647
0.0456647
0.0456647
0.0456647
0.0987462
0.182237
0.0924658
0.122398
0.109422
0.0481444
0.0481444
0.0481444
0.0481444
0.0491936
0.0481444
0.0616626
0.0616626
0.0616626
0.0616626
0.0641207
0.0616626
0.0481444
0.0488467
0.0481444
0.0476011
0.0481444
0.0481444
0.0481444
0.0476011
0.0476011
0.0484565
0.0480693
0.0480693
0.0480693
0.0480693
0.0480693
0.0480693
0
0
0
0
0
0
0.0716319
0.129099
0.0729756
0.0646696
0.0646696
0
0
0
0
0.0482357
0.0482357
0
0
0.0478287
0.0478287
0.0478287
0.0478287
0.0478287
0.0478287
0.0478734
0.0478331
0.0479317
0.0478287
0
0
0
0
0
0
0
0
0
0
0
0
0
0
0
0
0
0
0
0
0
0
0
0
0
0.0479317
0
0
0
0.0479317
0.0479317
0.0479317
0.0479317
0.0479317
0.0479317
0.0479407
0.0479407
0.0479407
0.0479317
0
0
0
0.0479317
0
0
0
0.0479272
0.0479272
0.0479272
0
0
0.249136
0.249136
0.249136
0.249136
0.269408
0
0
0.273861
0.273861
0.273861
0.273861
0.273861
0.279751
0.278543
0
0
0
0
0
0
0
0.269408
0.271607
0
0
0
0
0
0
0
0
0
0
0
0
0
0
0
0
0
0
0
0
0
0
0
0
0
0
0
0
0
0
0
0
0
0
0
0
0
0
0
0
0
0
0
0.283473
0.283473
0.283473
0.283473
0.283473
0.283473
0.283473
0.283473
0.283473
0.283473
0.283473
0
0.283473
0.283473
0.283473
0.283473
0.283473
0.283473
0.283473
0.287348
0.287348
0.287348
0.287348
0.287348
0.287348
0.287348
0.287348
0.287348
0.287348
0.287348
0.287348
0.288675
0.287348
0.287348
0.287348
0.287348
0.287348
0.287348
0.287348
0.416667
0.416667
0.57735
0.57735
0.342997
0.342997
0.342997
0.342997
0.287348
0.287348
0.287348
0.29277
0.294174
0.294174
0.294174
0
0.295599
0.295599
0.295599
0.321634
0.223607
0.321634
0.321634
0
0
0
0
0
0
0
0
0
0
0
0
0
0.283473
0.283473
0.283473
0.283473
0.283473
0.283473
0.284747
0.283473
0.405554
0.405554
0.405554
0.57735
0.57735
0.333333
0.333333
0.333333
0.333333
0.333333
0.333333
0.333333
0.283473
0.283473
0.283473
0.283473
0.284747
0.283473
0.283473
0.283473
0.29277
0.29277
0.29277
0.29277
0.213201
0.213201
0.213201
0.319801
0.319801
0.319801
0.319801
0.319801
0.166667
0.319801
0
0.319801
0.325396
0.516398
0.319801
0.308607
0.319801
0
0.319801
0.29277
0.297044
0.297044
0
0.493197
0.493197
0
0.29277
0.29277
0.283473
0
0
0
0
0.288675
0.288675
0
0.288675
0.288675
0
0.301511
0.353553
0.353553
0.353553
0.353553
0
0.353553
0.283473
0
0
0
0
0
0
0
0
0
0
0
0
0
0
0.0482816
0.0482816
0.0482816
0.0482816
0.0482816
0.0482816
0
0
0
0
0
0
0
0.0482816
0.0482816
0.0482816
0
0
0
0
0
0
0
0
0
0
0.0482816
0.0482816
0.0482816
0.0482816
0.0482816
0
0
0
0
0
0
0
0
0
0
0
0
0
0
0
0
0
0
0
0
0
0
0
0
0
0
0
0
0
0
0
0
0
0
0.0482816
0.0482816
0.0482816
0.0482816
0
0
0
0
0
0
0
0
0
0.0482816
0
0
0
0
0
0
0
0
0
0
0
0
0
0
0
0
0
0
0
0
0
0
0
0
0
0
0
0
0
0
0
0
0
0
0
0
0
0
0
0
0
0
0
0.0482816
0.0482816
0.0482816
0.0482816
0.0482816
0.0482816
0
0
0
0
0
0
0
0
0
0
0
0
0
0
0
0
0
0.0643268
0.0643268
0.0643268
0.0643268
0.0643268
0.0643268
0.0643268
0.0643268
0.0643268
0.0651405
0.0643268
0.0643268
0.0643268
0.0557952
0
0.0557952
0.0557952
0.0557952
0.0557952
0.0557952
0.0557952
0.0557952
0
0.0557952
0
0
0
0
0
0
0
0
0
0
0
0
0
0
0
0
0
0
0
0
0
0
0
0
0
0
0
0
0
0
0
0
0
0
0
0
0
0
0
0
0
0
0
0
0
0
0
0
0
0
0
0
0
0
0.0478779
0.0478779
0
0
0
0
0
0
0
0
0
0
0
0
0.055776
0.055776
0
0
0.0478555
0.0478555
0.0478555
0
0
0
0
0.0930261
0.0930261
0.0930261
0
0
0
0
0
0
0
0
0.0956365
0.0930261
0.0930261
0.0958927
0.0585652
0.0595726
0.0595726
0.0595726
0
0.0930261
0.0952381
0
0.101404
0
0.0960769
0
0
0
0
0
0
0
0
0
0
0
0
0
0
0
0
0
0
0
0
0
0
0
0
0
0
0
0.075521
0.075521
0.075521
0.0990687
0
0.0831411
0.0880451
0
0.0755449
0
0.0967239
0.0967239
0.0967239
0.0969256
0
0
0
0
0
0
0
0.104257
0.104257
0.104257
0.10451
0
0
0
0
0
0
0
0
0
0
0
0.0630497
0.0478287
0
0
0
0
0
0
0
0
0
0
0
0
0
0
0
0
0
0
0
0
0
0
0.104194
0
0
0.0631754
0
0
0
0
0.0430199
0.0430199
0.0430199
0.0430199
0.0430199
0.0444457
0
0.0444457
0.0449972
0
0.134433
0.140488
0.0430199
0.0430199
0.0430199
0.0430199
0.0430199
0.0430199
0.0430199
0.0430199
0.0430199
0.0430199
0.0430199
0.0430199
0
0
0
0
0
0
0
0
0
0.0648052
0.0678497
0.0649113
0.0649113
0.0852286
0.065938
0.0448411
0
0.0681642
0.0681642
0.120824
0.120824
0.122169
0.126239
0.0688973
0
0
0
0
0
0
0
0.0252217
0.0252217
0
0
0
0
0.0252217
0.0664374
0.0664374
0.0677977
0.0930261
0.0930261
0.0930261
0.134164
0
0
0
0
0
0
0
0.0448411
0
0.0448411
0.0448411
0
0
0
0
0.0703018
0.0703018
0
0.0703018
0.0703018
0.0703211
0.0703018
0
0
0
0
0
0
0
0
0
0
0
0
0
0
0
0
0
0
0
0
0
0
0
0
0
0
0
0
0
0
0
0
0
0
0
0
0
0
0
0
0
0
0
0
0
0.0430199
0.0430199
0.0430199
0.0430199
0.0430199
0.0430199
0.0430199
0
0.0430199
0.0430199
0.0444116
0.0430199
0
0.0430199
0
0.0430199
0.0430199
0.0430199
0
0
0
0
0
0.0430199
0.0430199
0
0.0430199
0
0.0430199
0.0430199
0.0430199
0
0.0430199
0.0430199
0.0430199
0.0430199
0.0631754
0.0631754
0.0631754
0.0631754
0.0631754
0.0647599
0.0647599
0.0631754
0.0430199
0.0430199
0.0430199
0.0430199
0.0753778
0
0.0669983
0.0799787
0.0670485
0.0741929
0.0670485
0.0669483
0.0669483
0
0
0
0
0
0
0
0
0
0
0
0
0
0
0
0
0
0
0
0.0479317
0.197386
0
0
0
0
0
0
0.0430199
0.0430199
0.0430199
0.0998891
0.112588
0.112588
0.0998891
0.0998891
0.0998891
0.229416
0.234978
0.118864
0.228086
0
0.0448411
0
0
0
0
0
0.0430199
0.0430199
0.0430199
0.0450937
0.0430199
0.0430199
0
0.0430199
0.0430199
0.0430199
0.0430199
0.0430199
0.0430199
0
0.0430199
0.0631754
0.0430199
0.22486
0.0430199
0.0430199
0.0430199
0.0430199
0.0430199
0.0430199
0.0430199
0.0430199
0.0430199
0.0430199
0.0430199
0.0430199
0
0
0
0
0
0
0
0
0
0
0.0430199
0.0447612
0
0.0430199
0.110657
0.0904534
0.0904534
0.0904534
0
0.0639021
0.0951542
0.0951542
0.0951542
0.0859074
0.0859074
0.100631
0.0859074
0.0951542
0.0951542
0.0951542
0.0951542
0.0951542
0.0979013
0
0.0848868
0.133897
0.0430199
0.0430199
0.0430199
0.0430199
0.0430199
0.0430199
0
0.0430199
0.0430199
0
0.0430199
0
0.0430199
0.0430199
0.0430199
0.0430199
0.0430199
0.0430199
0.0681642
0.0681642
0
0
0.0681642
0
0
0
0
0
0
0
0
0.0677113
0.0677113
0.0677113
0.0678671
0.0672335
0
0
0.0672335
0.0672335
0.0686983
0
0
0
0
0
0
0
0
0
0
0
0
0
0
0
0
0
0
0
0.0430199
0.0430199
0.0430199
0.0430199
0
0.0430199
0
0
0
0
0
0
0
0
0
0
0
0
0
0
0
0
0
0
0
0
0
0
0
0
0
0
0
0
0
0
0
0
0
0
0
0
0
0
0
0
0
0
0
0
0.0430199
0.0430199
0.0430199
0
0.0430199
0.132196
0.132196
0.132196
0.132196
0.132196
0
0.132196
0
0.132842
0.132842
0.132842
0.133235
0.133235
0
0
0
0
0
0
0
0.0430199
0.0671997
0.0430199
0.0430199
0
0.0430199
0.0430199
0.0430199
0
0.120096
0
0
0
0.132196
0
0.132196
0.0700713
0.0724207
0
0
0
0
0
0
0
0
0
0
0
0
0
0
0
0
0
0
0
0
0
0
0
0
0
0
0
0
0
0
0
0
0.0430199
0.0430199
0.0719402
0
0
0
0
0
0
0
0.0723785
0
0.0430199
0.0430199
0.0430199
0.0430199
0.0430199
0.0639457
0.0721897
0.0724207
0.0724207
0.0430199
0.0430199
0.0430199
0.0430199
0
0.0430199
0.110357
0.0631754
0.0631754
0.0631754
0.0631754
0.0631754
0.0631754
0.0631754
0.0631754
0.0631754
0.0631754
0.0631754
0
0
0
0
0.0631754
0
0.0631754
0.0631754
0.0631754
0.0631754
0
0
0
0
0
0
0
0
0
0
0
0
0
0
0
0
0
0
0
0
0
0
0
0
0
0
0.0430199
0
0
0
0
0
0
0
0
0
0
0
0
0
0
0.0430199
0.0430199
0.0430199
0.0430199
0.0430199
0.0430199
0.0430199
0.0430199
0.0430199
0.0430199
0.0430199
0.0430199
0.0430199
0.0430199
0.0430199
0.0430199
0.0430199
0.0430199
0
0
0
0.0631474
0.0690614
0.0430199
0.0430199
0.0430199
0.0430199
0.0430199
0.0430199
0.0430199
0.0430199
0.0430199
0.0430199
0.0430199
0.0430199
0.0430199
0.0430199
0.0430199
0.0430199
0.0430199
0.0430199
0.0430199
0.0430199
0.0430199
0.0430199
0.0430199
0.0430199
0.0430199
0.0430199
0.0430199
0.0430199
0.0430199
0.0430199
0.0430199
0.0430199
0.0430199
0.0430199
0.0430199
0.0430199
0.0430199
0.0430199
0.0430199
0.0430199
0.0430199
0.0430199
0.0430199
0.0430199
0.0430199
0.0430199
0.0430199
0.0430199
0.0430199
0.0430199
0.0430199
0.0430199
0.0430199
0.0430199
0.0430199
0.0430199
0.0430199
0.0430199
0.0430199
0.0430199
0.0430199
0.0430199
0.0430199
0.0430199
0.0430199
0.0430199
0.0430199
0.0430199
0.0430199
0.0430199
0.0430199
0.0430199
0.0430199
0.0430199
0.0430199
0.0430199
0.0430199
0.0430199
0.0430199
0.0430199
0.0430199
0.0430199
0.0430199
0.0430199
0.0430199
0.0430199
0.0430199
0.0430199
0.0430199
0.0430199
0.0430199
0.0430199
0.0430199
0.0430199
0.0430199
0.0430199
0.0430199
0.0430199
0.0430199
0.0430199
0.0430199
0.0430199
0.0430199
0.0430199
0.0430199
0.0430199
0.0430199
0.0430199
0.0430199
0.0430199
0.0430199
0.0430199
0.0430199
0.0430199
0.0430199
0.0430199
0.0430199
0.0430199
0.0430199
0.0430199
0.0430199
0.0430199
0.0430199
0.0430199
0.0430199
0.0430199
0.0430199
0.0430199
0.0430199
0.0430199
0.0430199
0.0430199
0.0430199
0.0430199
0.0430199
0.0430199
0.0430199
0.0430199
0.0430199
0.0430199
0.0430199
0.0430199
0.0430199
0.0430199
0.0430199
0.0430199
0.0430199
0.0430199
0.0430199
0.0430199
0.0430199
0.0430199
0.0430199
0.0430199
0.0430199
0.0430199
0.0430199
0.0430199
0.0430199
0.0430199
0.0430199
0
0
0.0430199
0.0430199
0.0430199
0.0430199
0.0430199
0.0430199
0.0430199
0.0430199
0.0430199
0.0430199
0.0430199
0.0430199
0.0430199
0.0430199
0.0430199
0.0430199
0.0430199
0.0430199
0.0430199
0
0.118864
0
0
0
0.0430199
0
0
0
0
0
0
0
0.190117
0.202721
0.202721
0.206041
0
0
0
0
0
0
0
0
0
0
0
0
0
0
0
0
0
0
0
0
0.067403
0
0.067403
0.067403
0
0
0
0
0
0
0
0.0626908
0
0.0626908
0.0430199
0.0430199
0.0444457
0.137649
0.137649
0.137649
0.0661139
0.0661139
0
0
0
0.0661139
0.0631754
0
0
0.0631754
0.0631754
0.0631754
0.0631754
0.0631754
0.0631754
0.0631754
0
0.0634149
0.0631754
0.0430199
0.0430199
0.0728035
0.0690614
0.0447911
0
0.0430199
0.0430199
0.0430199
0.0430199
0.0631334
0.0631334
0.0631334
0.0631334
0
0.0430199
0.0430199
0
0
0
0.0430199
0
0
0
0
0
0
0
0.0430199
0.0430199
0.0430199
0.0430199
0.0430199
0.0430199
0.0430199
0.0430199
0.0430199
0.0430199
0.0430199
0.0430199
0.0430199
0
0
0
0.0430199
0
0
0
0
0
0.0430199
0
0
0
0.067352
0
0
0
0
0
0
0
0.0669316
0
0
0
0.0669316
0
0
0
0
0
0
0
0.0669316
0
0.0703404
0
0
0
0
0.0728464
0
0.0723996
0
0
0
0
0
0
0
0
0.0671324
0.0671324
0
0.0671324
0
0.0671324
0.0691164
0.0691164
0
0
0
0
0
0.0691164
0.0693375
0
0
0
0
0
0
0
0
0
0
0
0
0
0
0
0
0
0
0
0
0
0
0
0
0
0
0
0
0
0
0
0
0
0
0
0
0
0
0
0
0
0
0
0
0
0
0
0
0.0660979
0.0660979
0.0660979
0.0638298
0.0638298
0.0638298
0.0505506
0.0467553
0.0505506
0.0505506
0.0505506
0.0505506
0.0505506
0.0505506
0.0639457
0
0.0505506
0.0505506
0.0467553
0.0467553
0.0467553
0.0467553
0.0467553
0.0467553
0.0631754
0.0631754
0.0631754
0.0631754
0.0631754
0.0631754
0.0811107
0.0568778
0.0474342
0
0
0
0
0.0631754
0.0631754
0.0626361
0.0471346
0.0471346
0.0471346
0.0471346
0.0471346
0.0471346
0.0471346
0.0471346
0.0471346
0.0471346
0.0471346
0.0471346
0.0471346
0.0471346
0
0
0
0
0.0636428
0
0.0474995
0.0474995
0.0478913
0.0526884
0.0587445
0.0660658
0.0477334
0.0477334
0.0651098
0.0477395
0
0.0477395
0.0577457
0
0.0474223
0.0474223
0
0
0
0
0
0
0
0
0
0
0.0484107
0.0484107
0.0484107
0
0
0
0
0.0484154
0.0484154
0.0484154
0.0484154
0.0484154
0.0484154
0.0484154
0.0484107
0
0.0484571
0
0
0
0
0
0
0
0
0
0
0
0
0
0
0
0
0
0
0
0
0
0
0
0
0
0
0
0
0
0
0
0
0
0
0
0
0
0
0
0
0
0
0.0764471
0.0440795
0.0440795
0.0440795
0.0630219
0
0
0.0471346
0.0471346
0.0471346
0.0471346
0.0471346
0.0598804
0.0586883
0.106149
0
0
0
0
0
0
0
0
0
0.0707894
0.072981
0
0
0.0717958
0.0717958
0.0717958
0.0787296
0
0
0
0
0
0.0632315
0.0668817
0
0.0758098
0.0758098
0.0758098
0.0631754
0.0631754
0.0631754
0.0636571
0
0
0
0
0
0
0
0
0
0
0.0921551
0
0.0619512
0.0619512
0.0594789
0.0594789
0.0594789
0.0594789
0.0607706
0.0619512
0
0.0607706
0.0607706
0.0607706
0.0594789
0.0594789
0.0594789
0.0594789
0.0594789
0.0594789
0
0
0
0
0.0602779
0.0602779
0
0
0
0
0
0
0
0.0602779
0.0561754
0.0561754
0.0561754
0.0561754
0.0561754
0
0.146385
0
0
0
0.0564433
0.0564433
0.0564433
0.0564433
0.0564433
0.0564433
0
0
0
0
0
0
0
0
0
0
0.0566947
0.0564433
0.0564433
0
0
0.0614682
0.0614682
0.0564433
0.0564433
0.0564433
0.0564433
0.0564433
0
0
0
0
0
0
0
0.0564433
0
0
0
0
0
0
0
0
0
0.0570111
0.0570111
0.0570111
0.0570111
0.0578638
0
0.0581129
0.0570111
0
0
0.0608581
0
0.0608581
0.0608581
0.0608581
0.0608581
0.0608581
0.0594789
0
0.0594789
0.0594789
0.0594789
0.0594789
0.0594789
0
0
0
0
0
0
0
0
0
0
0
0
0
0
0.128624
0
0
0
0
0
0
0
0
0
0
0
0
0
0
0
0
0
0
0
0.0561754
0.0561754
0
0.0594789
0.0561754
0.0561754
0.0594789
0.0594789
0.0594789
0
0
0.0564433
0.0564433
0
0.0564433
0
0
0
0
0
0
0
0
0
0
0
0
0
0
0
0
0
0
0
0
0
0
0
0
0
0
0
0
0
0
0
0
0
0
0
0
0
0
0
0
0
0
0
0
0
0
0
0
0
0
0
0
0
0
0.0479317
0.0479317
0.0479317
0.0479317
0.0479317
0.0479317
0.0479317
0
0
0
0
0
0
0
0
0
0
0
0
0
0
0
0
0
0
0
0
0
0
0
0
0
0
0
0
0
0
0
0
0
0
0
0
0
0
0
0
0
0
0
0
0
0
0
0
0
0
0
0
0
0.0482862
0.0449416
0.0449416
0.0482108
0.0482108
0.0449416
0.0500069
0.0500069
0
0.0500696
0.0500766
0.0500069
0
0
0
0
0
0
0
0
0
0
0
0
0
0
0
0
0
0
0
0
0
0
0
0.0583102
0.0482862
0.0482862
0.0483
0.0483
0.0482862
0.0482862
0.0482862
0.0482862
0
0
0
0
0
0.0482862
0
0.0482862
0.0482862
0.0483
0.0483
0.0455173
0
0
0
0
0
0
0
0
0
0
0
0
0
0
0
0
0
0
0
0
0.0273998
0.0538122
0.0538122
0.0435883
0.0435883
0.0435883
0
0
0
0
0.0625999
0.0625999
0.048593
0.048593
0.0625999
0.0625999
0.0625999
0.0625999
0.0456647
0.0456647
0.0456647
0.066965
0.066965
0.066965
0.0456647
0.0456647
0.0456647
0.066965
0.066965
0.066965
0.0456647
0.0456647
0.0456647
0.0456647
0.0495817
0.066965
0.0456647
0.0456647
0.0456647
0.0557278
0.0557278
0.0456647
0.0456647
0.0456647
0.0456647
0.0456647
0
0
0
0
0
0
0.0530994
0.0530994
0.0530994
0.0530994
0.0602475
0
0
0
0
0
0
0
0
0
0
0
0
0
0
0
0
0.0484154
0.127887
0.0412744
0
0
0
0
0
0
0
0
0
0
0
0
0
0
0
0
0
0
0
0
0
0.0383482
0.0383482
0.0383482
0.0503509
0
0
0
0
0
0
0
0
0
0.0276712
0.0276712
0.0284325
0.0276712
0
0.0629005
0.0629005
0
0
0
0
0
0
0
0
0
0
0
0
0
0
0
0
0
0
0
0
0
0
0
0
0
0
0
0
0
0
0
0
0
0
0
0
0
0
0
0
0
0
0
0
0
0.0573925
0.0573925
0.0573925
0.0573925
0.0573925
0.0573925
0.0573925
0.0628517
0.0628517
0.0573925
0
0
0
0
0
0
0
0
0
0
0.0482862
0.0482862
0
0
0.0583102
0
0.0449416
0.0455173
0
0
0
0
0.0666697
0
0
0
0
0
0.0538122
0.043524
0.0435883
0
0
0
0.0602475
0
0
0
0
0
0.0456647
0.0273998
0.0503509
0
0
0
0.0383482
0.0484154
0.127887
0.0412744
0
0
0.0276712
0.0482862
0.0629005
0
0
0
0.0573925
0.0573925
0.0573925
0.0573925
0
0
0
0
0.0587445
0.0587445
0.0587445
0.0587445
0.0587445
0.0587445
0.0587445
0.0587445
0.0587445
0.0587445
0.0587445
0.0587445
0.0587445
0.0587445
0.0587445
0.0587445
0.0587445
0
0
0
0.0587445
0.0587445
0.0587445
0.0587445
0
0
0
0
0
0.0589483
0
0.0587445
0.0587558
0.0587558
0.0587558
0.0587558
0.0587558
0.0587558
0.0587558
0
0.0587558
0.0587558
0
0
0
0
0
0
0
0
0
0
0
0
0
0
0.0627593
0
0
0
0.0627593
0.0627593
0
0
0
0
0
0
0
0
0
0
0
0
0
0
0
0
0
0
0
0
0
0
0
0
0
0
0
0
0
0
0
0
0
0
0
0
0
0
0
0
0
0
0
0
0
0
0
0
0
0
0
0
0
0
0
0
0
0
0
0
0
0
0
0
0
0
0
0
0
0
0
0
0
0
0
0
0
0
0
0
0
0
0
0
0
0
0
0
0
0
0
0
0
0
0
0
0
0
0
0
0
0
0
0
0
0
0
0
0
0
0
0
0
0
0
0
0
0
0
0
0
0
0
0
0
0
0
0
0
0
0
0
0
0
0
0
0
0
0
0
0
0
0
0
0
0
0
0
0
0
0
0
0
0
0
0
0
0.069319
0.069319
0.069319
0.069319
0.069319
0.069319
0.0693375
0.0693375
0
0
0.0693375
0.0693375
0.0693375
0.0693375
0.069319
0.069319
0.069319
0
0.069319
0
0.069319
0.069319
0
0
0
0
0
0
0
0
0
0.069319
0
0.069319
0
0
0
0.069319
0
0
0.069319
0.069319
0
0
0
0
0
0
0.0695048
0.0695048
0
0
0
0
0
0
0
0
0
0
0
0
0
0
0
0
0
0
0
0
0.191663
0
0.191663
0.191663
0.287348
0.287348
0
0
0
0
0.0731707
0
0
0
0
0
0
0
0.0731707
0.0731707
0
0
0
0
0
0
0
0
0
0
0
0
0
0
0
0
0
0
0.0672335
0.0672335
0.0672335
0.0672335
0.0672335
0.0672335
0
0
0
0.0672335
0.0672335
0.0672335
0
0
0.0698999
0
0
0.0698999
0.0698999
0
0
0
0
0
0
0.070014
0.070014
0
0
0.0695235
0
0
0
0.0686264
0.0686264
0
0.0587445
0
0.0587445
0
0
0
0.0684475
0
0.0684475
0.0684475
0.0693375
0.0695608
0.0695608
0.244137
0.244137
0.244137
0
0
0
0
0
0
0
0
0
0
0
0
0
0
0
0
0
0
0
0
0.287348
0.287348
0.287348
0.287348
0.287348
0
0.287348
0.287348
0.287348
0
0
0.287348
0
0.287348
0
0.287348
0.287348
0
0.287348
0
0
0.0672335
0
0.0693375
0.0693375
0.0693375
0.0693375
0.0693375
0.0693375
0.0693375
0.0661622
0.0661622
0
0.0670151
0.0661622
0
0.0661622
0.0661622
0.0661622
0
0
0
0
0
0
0
0
0
0
0
0
0
0
0
0
0
0
0
0
0.0654031
0
0
0
0
0
0
0
0
0
0
0
0
0
0
0
0
0
0
0
0
0
0
0
0
0
0
0
0
0
0
0
0
0
0
0
0
0
0
0
0
0
0
0
0
0
0
0
0
0
0
0
0
0
0
0
0
0
0
0
0
0
0
0
0
0
0
0
0
0
0
0
0
0
0
0
0
0
0
0
0
0
0
0
0
0
0.0670151
0.0675053
0.0675053
0.0675053
0.0675053
0.0675053
0
0.0675053
0.0675053
0
0.0693375
0.0693375
0.0693375
0.0693375
0.0693375
0
0
0
0
0.0693375
0.0693375
0.0693375
0.0693375
0
0.0694303
0.0719609
0.0719609
0.0719609
0.0693375
0
0.0693375
0.0693375
0
0
0
0
0
0
0
0
0
0
0.0667657
0.0667657
0.0667657
0
0
0
0
0
0
0.0670988
0
0
0
0
0
0
0
0
0
0
0
0
0
0.0663237
0
0
0
0
0
0.0664211
0.0705931
0.066519
0.066519
0.066519
0
0
0.066519
0
0
0.066519
0.0663399
0.0711268
0.066519
0
0
0.066519
0
0
0.066519
0
0
0.066519
0.066519
0.066519
0
0
0.066519
0
0.066519
0
0.0657635
0
0.0657635
0.0657635
0
0
0
0
0
0
0
0
0
0.0657635
0
0
0
0
0
0
0
0
0
0
0
0
0
0
0
0
0
0
0
0
0
0
0
0
0
0
0
0
0
0
0
0
0
0
0
0
0
0
0
0
0
0
0
0
0
0
0
0
0
0
0
0
0
0
0
0
0
0
0
0
0
0
0
0
0
0
0
0
0
0
0
0
0
0
0
0
0
0
0
0
0
0
0
0
0
0
0
0
0
0
0
0
0
0
0
0
0
0
0
0
0
0
0
0
0
0
0
0
0
0
0
0
0
0
0
0
0
0
0
0
0
0
0
0
0
0
0
0
0
0
0
0
0
0
0
0
0
0
0
0
0
0
0
0
0
0
0
0
0
0
0
0
0
0
0
0
0
0
0
0
0
0
0
0
0
0
0
0
0
0
0
0
0
0
0
0
0
0
0.0686443
0.0700522
0.0655747
0
0
0
0.0596904
0.0590853
0.0590853
0.0590853
0.0680589
0.0680589
0
0
0.0587445
0.0587445
0
0
0.0587445
0.0587445
0.0587445
0.0587445
0.0587445
0.0587445
0.0587445
0.0702825
0.0702825
0.0702825
0.0587445
0.0587445
0
0.0587445
0.0587445
0
0.0587445
0.0587445
0.0587445
0.0587445
0.0587445
0.0587445
0.0587445
0.0587445
0.0587445
0.0587445
0.0587445
0.0587445
0.0587445
0.0587445
0.0587445
0.0587445
0.0587445
0.0587445
0.0587445
0.0587445
0.0587445
0.0587445
0.0586434
0.0586434
0.0586434
0.0586434
0.0586434
0.0586434
0.0586434
0.0586434
0.0586434
0.0586434
0.0586434
0
0
0
0.0627593
0.0627593
0
0
0
0
0
0
0
0
0
0
0
0
0
0
0
0
0
0
0
0
0
0
0.191663
0.191663
0
0
0
0
0
0
0.0603266
0.0603266
0
0.0603266
0
0.0607457
0.0617933
0
0.0667822
0
0.156174
0
0
0.0607581
0
0
0.0722315
0.190885
0.0587445
0.119904
0.0587445
0.262111
0.0587445
0.0587671
0.0587671
0.0671492
0.0671492
0.0671492
0.0587445
0.0589483
0
0
0
0.0587558
0.0589597
0
0
0
0
0
0
0
0
0
0
0
0
0
0
0
0
0
0
0
0
0
0
0
0
0
0.287348
0.287348
0
0.287348
0.287348
0
0
0
0
0
0
0
0
0
0
0
0
0
0
0
0
0
0
0
0
0
0
0
0
0
0
0
0
0
0
0
0
0
0
0
0
0
0
0
0
0
0
0
0
0
0
0
0
0
0
0
0
0
0.069319
0.069319
0.069319
0.069319
0.069319
0.069319
0
0
0
0
0
0
0
0
0
0
0
0.0587671
0.0691531
0
0.0693561
0
0
0
0.0701095
0.0660979
0.0870755
0.0702825
0.0658586
0.065938
0.19696
0.0688247
0.0688247
0.0698999
0.0698999
0
0
0
0
0.066965
0
0.066965
0.066965
0.066965
0
0
0
0.060449
0.0605104
0.0605104
0.0636142
0.060449
0.0702632
0.0698999
0
0
0.0675909
0.0686443
0.0698999
0
0
0
0.0634858
0
0
0
0.0639021
0
0
0
0
0
0
0
0
0.06827
0
0
0
0
0
0
0
0
0.0639021
0
0
0
0
0
0
0
0.0672335
0.0672842
0
0.0859955
0.0860663
0
0
0
0
0.283473
0.283473
0
0
0
0
0
0
0
0
0
0
0
0.0587671
0
0
0
0.0587671
0.0587671
0.0660979
0.0877433
0.0690066
0
0
0
0
0
0
0
0
0
0
0
0
0
0
0
0
0
0
0
0
0
0
0
0.191663
0.0482862
0
0
0
0
0
0
0
0
0
0.0654031
0.0654031
0.0654031
0.0654031
0
0
0
0.0694303
0.0694117
0.0669316
0
0
0
0
0
0
0
0
0
0
0
0
0
0
0
0
0.0587445
0.0587445
0.0587445
0.0587445
0.0587445
0.0587445
0.0587445
0.0587445
0.0587445
0.0587445
0.0587445
0.0587445
0.0587445
0.0587445
0.0587445
0.0587445
0.0587445
0.0587445
0.0587445
0.0587445
0.0587445
0
0.0587445
0.0682347
0.0587445
0.0587445
0.0587445
0.0587558
0.0587558
0.0587558
0.0587558
0.0587558
0.0587558
0.0587558
0.0587445
0.0587445
0.068861
0
0
0
0
0.0659221
0.0659221
0
0
0
0.0705736
0.0729325
0.0719609
0
0
0
0
0
0
0
0
0
0
0
0
0.0653101
0.0653101
0.0653101
0.0653101
0.110059
0.110059
0.110059
0.110059
0.0655278
0.0655278
0.0655278
0
0
0
0
0
0.0655278
0.0655904
0.0655278
0.0655278
0.0655278
0.0655278
0.0655278
0
0
0
0
0
0
0
0
0
0
0
0.0587558
0.0587558
0.0587558
0
0.0587445
0.0587445
0.0587445
0.0587445
0
0
0
0.0587445
0.0587445
0.0587445
0.0587445
0.0587445
0.0587445
0.0587445
0.0587445
0.0587445
0.0587445
0.0587445
0.0682171
0.0682171
0.0587558
0.0587558
0.0587558
0.0653101
0.0660338
0.065372
0.0587445
0.0587445
0
0
0
0
0
0
0
0.0587445
0.0587445
0.0587445
0.0587445
0.0587445
0.0587445
0.0587445
0
0
0
0
0.0587445
0.0587445
0.0587445
0.0682347
0
0
0.0682347
0.0682347
0.0682347
0.0587445
0.0587445
0.0682347
0.0682347
0
0
0
0
0
0.0587445
0.0587445
0.0587445
0.0587445
0
0
0
0
0
0.0590053
0
0
0
0
0.0590053
0.0590053
0.0590053
0.0590053
0
0
0
0
0
0
0
0.0590053
0
0.0590053
0.0682171
0.0682171
0.0682171
0.0587445
0.0587445
0.0587445
0.0587445
0.0587445
0.0587445
0.0587445
0.0587445
0.0587445
0.0587445
0.0587445
0
0.0587445
0.0587671
0.0587671
0.0587671
0.0587671
0.0587671
0.0587671
0.279751
0.0587671
0.0588235
0.0587671
0.0587558
0.0587558
0
0
0
0.0587558
0.0587558
0
0
0
0
0
0.0655904
0
0
0
0
0.0655904
0.069319
0
0
0
0.069319
0
0
0
0
0
0
0
0.069319
0.069319
0.069319
0
0
0
0
0
0
0
0
0
0
0
0
0
0
0
0
0
0
0
0
0
0
0
0
0
0
0
0
0
0
0
0
0
0
0
0
0
0
0.287348
0.287348
0.287348
0
0.0688247
0.0688247
0.0688247
0.0688247
0
0
0
0
0
0
0.0698999
0.0698999
0.0698999
0.0698999
0
0
0
0
0
0
0
0
0
0
0
0
0
0
0
0
0
0
0
0
0
0
0
0
0
0
0
0
0
0
0
0
0
0
0
0
0
0
0
0
0
0
0
0
0
0
0
0
0
0
0
0
0
0
0
0
0
0
0
0.0627593
0.0627593
0.0627593
0.0627593
0
0
0
0
0
0
0
0
0
0
0
0
0
0
0
0
0
0
0
0
0
0
0
0
0
0
0
0
0
0
0
0
0
0
0
0
0
0
0
0
0
0
0
0
0
0
0
0
0.191663
0.191663
0.191663
0.191663
0
0
0
0
0
0
0
0
0
0
0
0
0
0
0
0
0
0.06827
0.0607955
0.191663
0.0587445
0
0
0
0
0.0587445
0.0587445
0.0587445
0.0587445
0.0482357
0.0482357
0.0482357
0.0482357
0.0482357
0.0482357
0.0482357
0.0482357
0.0482357
0.0482357
0.0482357
0.0482357
0.0482357
0.0482357
0.0587445
0.0587445
0
0.0482357
0.0482357
0
0.0482357
0.0482357
0.0482357
0.0648705
0.0482357
0.0482357
0.0482357
0.0482357
0.0482357
0.0482357
0.0482357
0.0482357
0.0482357
0.0482357
0.0482357
0.0482357
0.0482357
0.0482357
0.0482357
0.0482357
0.0482357
0.0482357
0
0
0.0482357
0.0482357
0.0482357
0.0482862
0.0482862
0
0
0.0482357
0.0482357
0.0482862
0.0482862
0.0482357
0.0482862
0.0482862
0.0482862
0.0482862
0.0482862
0.0482862
0.0482862
0.0482862
0.0482862
0.0482862
0.0482862
0.0482862
0.0482862
0.0482862
0.0482862
0.0482862
0.0482862
0.0482862
0.058722
0.058722
0
0.058722
0.0482862
0.0482862
0.0482862
0.0482862
0
0
0
0.0482862
0
0
0
0
0
0
0
0
0
0
0.0587445
0
0
0.0587445
0
0
0
0
0.0482862
0.0482862
0.0587445
0.0587445
0.0587445
0.0587445
0.0482862
0.0482862
0.0482862
0.0482862
0.0587671
0.0482862
0.0456647
0.0456647
0.0482862
0.0482862
0.0482862
0.0482862
0.0482862
0.0482862
0.0587445
0.0587445
0.0587445
0.0587445
0.0587445
0.0587445
0.0587445
0.0587445
0.0587445
0.0482862
0.0482862
0.0482862
0.0634432
0.0482862
0.048644
0
0
0
0
0
0
0
0
0
0
0
0
0
0
0
0
0
0
0
0
0
0
0
0
0
0
0
0
0
0
0
0.127887
0
0
0
0
0
0
0.0666697
0
0
0
0
0.0902587
0
0
0
0
0
0
0
0
0
0
0
0
0
0
0
0
0
0
0
0
0
0
0
0
0
0
0
0
0
0
0
0
0
0
0
0
0
0
0
0
0
0
0
0.0586546
0
0
0
0
0
0
0
0
0
0
0
0
0
0
0
0
0
0
0
0
0
0
0
0
0
0
0
0
0
0
0
0
0
0
0
0
0
0
0.0449416
0
0
0
0.0435883
0
0
0
0
0
0
0
0
0
0
0
0
0
0
0
0
0
0
0
0
0
0
0.0482862
0.0596398
0.0452679
0
0.0625305
0.0484061
0.0412744
0.0482862
0.0482357
0.0482357
0.0482357
0.0482357
0.0482357
0.0482357
0.0482357
0.0482357
0.0482357
0.0482357
0.0482357
0.0482357
0.0482357
0.0482357
0.0482357
0.0482357
0.0482357
0.0482357
0.0482357
0.0482357
0.0482357
0.0482357
0.0482357
0.0482357
0.0482357
0.0482357
0.0482357
0.0482357
0.0482357
0.0482357
0.0482357
0.0482357
0.0482357
0.0482357
0.0482357
0.0482357
0.0482357
0.0482357
0.0482357
0.0482357
0.0482357
0.0482357
0.0482357
0.0482357
0.0482357
0.0564433
0.0564433
0.0564433
0.0564433
0.0564433
0.0564433
0
0
0
0
0
0
0.0564433
0.0564433
0
0
0.0594789
0.0594789
0.0600721
0.0600721
0.0600721
0.0564433
0.0564433
0.0564433
0.0564433
0.0564433
0.0605104
0.0564433
0
0
0
0
0.0574907
0
0
0
0
0
0
0
0
0
0
0
0
0
0
0.0594789
0.0594789
0.0594789
0.0594789
0.0594789
0.0594789
0
0
0
0
0
0
0
0
0
0
0
0
0
0
0
0
0
0
0.0557952
0.0557952
0.0557952
0.0557952
0.0557952
0.0557952
0.0557952
0.0557952
0.0557952
0.0557952
0.0557952
0.0557952
0.0557952
0.0557952
0
0
0
0
0
0
0
0
0.0557952
0.0557952
0
0
0
0
0
0.0557952
0
0
0
0
0
0
0
0
0
0
0
0
0
0
0
0
0
0.0557952
0.0568778
0
0
0.0557856
0.0557856
0.0557856
0.0557856
0
0
0.0557952
0.0573539
0.0573539
0.0604034
0.0604034
0.0604034
0.0604034
0
0
0
0
0.0521626
0
0.0597785
0
0
0.0597785
0.0597785
0.0597785
0.0597785
0
0
0.0597785
0.0597785
0
0.0597785
0.0597785
0.0467269
0.0467269
0.0467269
0.0574907
0.0574907
0.0571144
0
0
0
0.0574907
0.0574907
0.0571144
0.0568369
0.0464363
0.0464363
0.0464363
0.0464363
0.0568369
0.0568369
0
0
0.0614899
0.0614899
0.0731507
0.0614899
0
0
0
0.0568369
0.0568369
0.0354441
0.0568369
0.0568369
0.0667438
0.0568369
0.0568369
0.0433047
0.0433047
0.0429537
0.0429537
0.0429537
0.0429537
0
0.0429537
0
0.0429735
0
0.0429537
0.0429537
0.0432338
0.0429537
0.0549235
0.0549235
0
0.0549235
0.0549442
0.0549442
0.0549442
0.0549442
0
0
0
0.0549442
0
0.0549442
0.0549442
0
0.0549235
0.0568369
0
0.0605983
0.0561853
0.0561853
0.0561853
0.0561853
0.0561853
0.0561853
0.0572703
0.0572703
0.0572703
0
0
0
0
0
0
0.0523223
0
0
0
0.0523223
0.0523223
0.0256748
0.0256748
0.0256748
0.0523223
0.0523223
0.0493913
0
0
0
0
0
0
0
0
0
0.0493913
0.0572911
0.0572911
0
0
0
0
0
0
0
0
0
0
0
0
0
0
0
0
0
0
0
0
0
0
0
0
0
0
0
0
0
0
0
0
0
0
0
0
0
0
0
0
0
0
0
0
0
0
0
0
0
0
0
0
0
0
0
0
0
0
0
0
0
0
0
0
0
0.0557856
0.0557856
0.0557856
0.0557856
0
0.0557856
0
0
0.055776
0.0573225
0.0573225
0.0572911
0.0572911
0.0557856
0.0557856
0.0557856
0
0.0557856
0.0557856
0.0557856
0.0557856
0.0557856
0.0557856
0.0515197
0.0515197
0.0515197
0.0515197
0.0515197
0.0515197
0
0.0515197
0
0.0515197
0.0515197
0.0557856
0.0557856
0
0
0
0
0
0
0
0
0
0
0
0
0
0
0
0
0
0
0
0
0
0.0454077
0.0454077
0.046778
0
0.0454077
0.0454077
0.0475383
0.0475383
0.0475383
0
0
0
0.0575012
0.0583432
0.0513496
0.0513496
0.0513496
0.0513496
0
0.0513835
0.0513835
0
0
0
0
0.0609756
0.0609756
0.0609756
0.0609756
0
0
0
0.0549235
0.0549235
0.0549235
0
0
0
0
0
0
0
0
0
0
0
0
0
0
0
0
0
0
0
0
0
0
0
0
0
0
0
0
0
0
0
0
0
0.0614899
0
0.0614899
0.0614899
0.0614899
0
0.0614899
0.0614899
0.0614899
0.0614899
0.0614899
0.0614899
0
0
0
0
0
0
0
0
0
0
0
0
0
0
0
0
0
0
0
0
0.0558146
0
0.0558146
0.0558146
0.0599846
0.0558146
0.0558146
0.0558532
0.0558532
0.0478913
0.0558532
0.0732448
0.0558532
0.0570833
0.0558146
0.0599846
0
0
0
0
0
0
0
0
0
0
0
0
0
0
0
0
0
0
0
0
0
0
0
0
0
0
0
0
0
0
0
0
0
0.0851943
0.0851943
0.0907011
0.0907011
0.0907011
0.0907011
0
0.0907011
0.0907011
0
0.0907011
0.0907011
0.0907011
0.0359908
0.0359908
0.0359908
0.0359908
0.0359908
0.0359908
0
0
0
0
0
0
0
0
0
0
0
0
0
0
0
0.0769991
0
0
0
0.0769991
0.0769991
0.0769991
0.0769991
0.0769991
0
0
0
0
0
0
0
0
0
0
0
0
0
0
0
0.0670151
0.0670151
0.0670151
0
0
0
0
0
0
0
0
0
0
0
0
0
0
0
0
0
0
0
0
0
0
0
0.0630497
0.0630497
0.0630497
0.0630497
0.153293
0.153293
0.153293
0
0.153293
0.153293
0.153293
0
0
0
0.102062
0
0.102062
0.102062
0
0
0
0
0
0
0
0
0
0
0
0
0
0
0
0
0
0
0
0
0
0
0
0
0
0
0
0
0
0
0
0
0
0
0
0
0
0
0
0
0
0
0
0
0
0
0.0557856
0.0557856
0.0769991
0
0
0
0
0
0
0
0
0
0
0
0
0
0
0
0
0
0
0
0
0
0
0
0
0
0
0
0
0
0
0
0
0
0
0
0
0
0.0582882
0.0582882
0.094585
0.094585
0.0578745
0.151186
0.151186
0.151186
0.0578745
0.0578745
0.0643268
0.0643268
0
0
0.0588235
0.0650945
0.0650945
0.0650945
0.0507673
0.0507673
0.0588235
0
0
0
0
0
0
0
0
0
0
0
0
0
0
0
0
0
0
0
0
0.102062
0.102062
0.0526316
0
0
0.102062
0
0
0
0.102195
0.102195
0.102195
0.102062
0
0
0
0.0980581
0.0980581
0.0980581
0.0503793
0.0503793
0
0
0
0
0
0
0
0
0
0
0
0
0
0
0
0.0504433
0
0
0
0.0504433
0.0504433
0
0.0980581
0.0980581
0.0572911
0.0572911
0
0
0
0
0
0
0
0
0
0
0
0
0
0
0
0
0
0
0
0
0
0
0
0
0.0423619
0.151186
0
0
0
0
0
0
0
0
0
0
0
0
0
0
0
0
0
0
0
0
0
0
0
0
0
0
0
0
0
0
0
0
0
0
0
0
0
0
0
0
0
0
0
0
0
0
0
0
0
0
0
0
0
0
0
0
0
0
0
0
0
0
0
0
0
0
0
0
0
0
0
0
0
0
0
0
0
0
0
0
0.0557952
0.0557952
0.0557952
0.0557952
0.0479048
0.0479048
0.0479048
0.0633724
0.0633724
0.0633724
0.0633724
0
0.104957
0.104957
0.104957
0.104957
0.104957
0.104957
0.125988
0.0571662
0
0
0.09759
0.09759
0
0.09759
0.11713
0.09759
0.104637
0.116775
0.141737
0
0.09759
0.127
0.09759
0
0.09759
0.0633724
0.0633724
0.09759
0
0
0
0
0
0
0
0
0
0
0
0
0
0
0
0
0
0.11713
0.11713
0.11713
0.11713
0.11713
0
0
0
0
0
0
0
0.11722
0.11722
0
0
0
0
0
0
0
0
0
0
0
0
0.12666
0.12666
0.12666
0.12666
0
0
0
0
0
0.127114
0.129944
0
0
0
0
0
0.115814
0.115814
0.115814
0.115814
0.116248
0.116248
0.11651
0.11651
0
0
0
0
0
0
0
0
0
0
0.0655434
0.0655434
0.0655434
0.0655434
0.0655434
0.0655434
0.0655434
0.0655434
0.0655434
0.0655434
0.0655434
0.0655434
0.0655434
0.0655434
0.0655434
0.0655434
0.0655434
0.0867472
0.0867472
0
0
0.0479317
0.0479317
0.0479317
0.0479317
0.0479317
0.0479317
0.0479317
0.0479317
0.0479317
0.0479317
0.0479317
0.0479317
0.0479317
0.0479317
0.0479317
0.0479317
0.0479317
0.0479317
0.0479317
0.0479317
0.0479317
0.0479317
0.0479317
0.0479317
0.0479317
0.0479317
0.0479317
0.0479317
0.0479317
0
0
0.0655434
0.0655434
0.0655434
0.0655434
0.0655434
0.0655434
0.0670653
0.0655434
0.0655434
0.0659699
0.0659699
0.0659699
0.0659699
0.0659699
0.0659699
0.0659699
0.0659699
0.0659699
0.0659699
0.0655434
0.0655434
0.0655434
0.0655434
0.0655434
0.0670653
0.0655434
0.0655434
0.0655434
0.0657004
0.0657004
0
0
0
0.0657004
0.0655434
0
0
0
0.0655434
0.0655434
0.0660819
0.0660819
0.0660819
0.0660819
0.0660819
0
0.0655434
0.0655434
0.0655434
0.0656689
0.0656689
0.0660819
0
0.0660819
0.0660819
0
0
0
0
0.110282
0.110282
0
0
0
0
0
0
0.0728841
0.0729325
0
0
0
0
0.067335
0.067369
0
0
0
0
0.0675224
0.0675224
0.0675224
0.057735
0.057735
0.057735
0.0817405
0.0817405
0.0817405
0.140797
0.140797
0.140797
0.106132
0.106132
0.106132
0.0391931
0.0391931
0.0391931
0
0
0
0
0
0
0
0
0
0
0
0
0
0
0
0
0
0
0
0
0
0
0
0
0
0
0
0
0
0
0
0
0
0
0
0
0
0
0
0
0
0
0
0
0
0
0
0
0
0
0
0
0
0
0
0
0
0
0
0
0
0
0
0
0
0
0
0
0
0.094538
0.094538
0.094538
0
0
0
0
0
0
0
0
0
0
0
0
0
0
0
0
0.0660819
0.0660819
0.0657004
0.0657004
0
0
0
0
0
0
0
0
0
0
0.0655434
0.0655434
0.065938
0.0655434
0.0655434
0.065938
0.065938
0
0.065938
0.0511645
0
0.0511645
0.065938
0.065938
0.094538
0.094538
0.094538
0.094538
0.100673
0.100673
0.100673
0.100673
0.124461
0.124461
0
0.100673
0
0
0.104257
0
0
0.10554
0
0
0
0
0
0
0.1066
0.12958
0.12958
0.12958
0.131685
0.131685
0.131812
0.131812
0.132196
0.131685
0.129823
0.129823
0.130435
0.148888
0.130435
0
0
0
0
0
0
0.0566139
0.0566139
0.0566139
0.0566139
0.0650945
0
0.0566139
0.148159
0.148159
0.148159
0
0.148888
0.132196
0
0.132842
0.132842
0.132842
0.132842
0.132842
0.136223
0
0
0
0
0
0
0
0
0
0
0
0
0.132842
0.13484
0
0
0
0
0
0
0
0
0
0
0
0
0
0
0
0
0
0
0
0
0
0
0.0656689
0.0656689
0.0658586
0.0661622
0.0661622
0.0561656
0.0561656
0.0561656
0.0707107
0.0707107
0.0708881
0.0661622
0.0661622
0.0675224
0.100447
0.067815
0.067815
0.067815
0.067815
0
0
0.067815
0.067815
0.067815
0.067815
0.067815
0.0678323
0.0678323
0.176777
0
0.178647
0.190117
0
0.067815
0.179284
0.179284
0.142857
0
0
0
0
0.201347
0.057735
0.057735
0.057735
0.057735
0.057735
0.0817405
0.0817405
0.0817405
0.0817405
0.0817405
0.0866025
0.0866025
0.0866025
0.0866025
0.0866025
0.0867472
0.0866025
0
0.0894825
0.084591
0.111803
0.0817405
0.0817405
0.140797
0.140797
0.140797
0.145693
0.145693
0
0
0
0
0
0
0.140797
0.0660819
0.0660819
0.0660819
0.0660819
0.0680939
0.0680939
0
0.0680939
0
0
0
0
0
0
0
0
0
0
0
0.0680939
0.0681642
0.0660819
0.106132
0.106132
0.106132
0
0
0
0.106399
0.110808
0.110808
0
0.110808
0.110808
0.110808
0.109109
0.106399
0.0951542
0.0951542
0.0951542
0.0951542
0.0951542
0.0951542
0.0951542
0.0952381
0.0952381
0.0952381
0.0952381
0.0952381
0.0951542
0.0951542
0.0951542
0.0951542
0
0.0951542
0.0391931
0.0391931
0
0.0391931
0.0391931
0.0391931
0.0391931
0.0391931
0
0.0391931
0.0391931
0
0
0.040032
0.0391931
0.0391931
0
0
0
0
0
0
0
0
0
0
0
0
0
0
0
0
0
0
0
0
0
0
0
0
0
0
0
0
0
0
0
0
0.0661622
0.0661622
0.0894427
0.0661622
0.140797
0.140797
0
0.142054
0.14501
0
0.067352
0.067352
0.0665845
0.0665845
0.0658903
0.0658903
0.0658903
0.0722315
0.0724418
0.0724418
0.0724418
0.0722315
0
0
0.0658903
0.0456912
0.0658903
0
0
0
0
0.0660178
0
0
0
0
0.04819
0.04819
0.04819
0
0
0
0
0.04819
0
0
0.0482357
0
0
0
0.04819
0.04819
0.04819
0.04819
0.04819
0.04819
0.04819
0.0482357
0
0
0.04819
0.04819
0
0.04819
0.04819
0
0
0.04819
0
0
0
0
0
0
0
0
0
0
0
0
0
0
0
0
0
0
0
0
0
0
0
0
0
0
0
0
0
0
0
0
0
0
0
0
0
0
0
0
0
0
0
0
0
0
0
0
0
0
0.04819
0
0
0
0
0
0.04819
0
0
0
0
0
0
0
0
0
0
0
0
0
0
0
0
0
0
0
0
0
0
0
0
0
0
0
0
0
0
0
0.04819
0.04819
0.04819
0.04819
0.04819
0.04819
0
0
0
0
0
0
0
0
0
0
0
0
0
0
0
0
0
0
0
0
0
0
0
0
0
0
0
0
0
0
0
0
0
0
0
0
0
0
0
0
0
0
0
0
0
0
0
0
0
0
0
0
0
0
0
0.0479317
0.0479317
0.0479317
0.0479317
0.0479317
0.0479317
0.0479317
0.0479317
0.0479317
0.0479317
0.0479317
0
0
0
0
0
0
0
0
0
0
0
0
0
0
0
0
0
0
0
0
0
0
0
0
0
0
0
0
0
0
0
0
0
0
0
0
0
0
0
0
0
0
0
0
0
0
0
0
0
0
0
0
0
0
0
0
0
0
0
0
0
0
0
0
0
0
0
0
0
0
0
0
0
0
0
0
0
0
0
0
0
0
0
0
0
0
0
0
0
0
0
0
0
0
0
0
0
0
0
0
0
0
0
0
0
0
0
0
0
0
0
0
0
0
0
0
0
0
0
0
0
0
0
0
0
0
0
0
0
0
0
0
0
0
0
0
0
0
0
0
0
0
0
0
0
0
0
0
0
0
0
0
0
0
0
0
0
0
0
0
0
0
0.0631474
0.0631474
0.0631474
0.0631474
0.0631474
0.0631474
0.0631474
0.0479317
0.0479317
0.0479317
0.0479317
0.0479317
0.0479317
0.0479317
0
0.0657004
0.0657004
0
0
0
0
0
0
0
0
0
0
0
0
0
0
0
0
0
0
0
0
0.176777
0
0.176777
0.067815
0
0
0.067815
0
0
0
0.057735
0.176777
0
0
0
0
0
0
0
0.057735
0.137649
0
0
0
0
0.140642
0.084785
0
0
0
0
0.092494
0
0.0952381
0
0.0952381
0
0
0
0
0
0
0
0
0
0
0
0
0
0
0
0
0.0724418
0.0724418
0.0724418
0
0
0
0.0724418
0.0719402
0.0719402
0
0
0
0
0.0719402
0.0719402
0.0723996
0.0724418
0.0724418
0
0
0.0724418
0.0724418
0
0
0
0.0719402
0.0681642
0.0681642
0
0
0
0
0
0
0
0
0
0
0
0
0.0681642
0
0
0
0
0
0
0
0
0
0
0
0
0
0
0
0
0
0
0
0
0
0
0
0
0
0
0
0
0
0
0
0
0
0
0
0
0
0
0
0
0
0
0
0
0
0
0
0
0
0
0
0
0
0
0.0481307
0.0481307
0.0481307
0.0481307
0
0
0
0
0.0479137
0.0479137
0.0653565
0.0653565
0.0656532
0.0758583
0.0653565
0.0653565
0.0653565
0.0653565
0.0653565
0.0653565
0.0751882
0.0751882
0.0751882
0.0751882
0.0751882
0.0751882
0
0.0751882
0.0751882
0.102839
0.102839
0.102839
0.0751882
0.0751882
0.0660819
0.0660819
0.0653565
0.0653565
0.0714894
0.0714894
0.0714894
0.0714894
0.0714894
0.0714894
0.0714894
0.083173
0
0.083173
0.083173
0
0.0833333
0.0833333
0
0
0
0
0
0
0
0.0661139
0.0653565
0.0653876
0.0653876
0.0653876
0.0653876
0.0653876
0.0653876
0.0653565
0.0665517
0.0665517
0.0665517
0.0665517
0
0.0665517
0.0665517
0
0.0631474
0.0631474
0.0479317
0.0479317
0.0479317
0.0479317
0.0479317
0.0479317
0.0479317
0
0.0636715
0.0636715
0.0636715
0.0636715
0.0636715
0.0636715
0.0636715
0.0636715
0.0636715
0.0479407
0
0.0479407
0.0479407
0.0479407
0.0479407
0
0
0
0
0
0
0
0.0479317
0
0
0
0
0
0
0
0
0
0
0
0
0
0.062773
0
0.062773
0.062773
0.062773
0.062773
0.062773
0.062773
0.062773
0
0
0
0
0
0
0
0
0
0
0
0
0
0
0
0
0
0
0
0
0
0
0
0
0
0
0
0
0
0
0
0
0
0
0
0
0
0
0
0
0
0
0
0
0
0
0
0
0
0
0
0
0
0
0
0
0
0
0
0
0
0
0
0
0
0
0
0
0
0
0
0
0
0
0
0
0
0
0
0
0
0
0
0
0
0
0
0
0
0
0
0
0
0
0
0
0
0
0
0
0
0
0
0
0
0
0
0
0
0
0
0
0
0
0
0
0
0
0
0
0
0
0
0
0
0
0
0
0
0
0
0
0
0
0
0
0
0
0
0
0
0
0
0
0
0
0
0
0
0
0
0
0
0
0
0
0
0
0
0
0.0625407
0.0625407
0.0625407
0.0625407
0.0625407
0.0625407
0.0625407
0.0625407
0.0625407
0
0
0
0
0
0
0
0
0
0
0
0
0
0
0
0
0
0
0
0
0
0
0
0
0
0
0
0
0
0
0
0
0
0
0
0
0
0
0
0
0
0
0
0
0
0
0
0
0
0
0
0
0
0
0
0
0
0
0
0
0
0
0
0
0.0557856
0.0557856
0.0557856
0.0557856
0.0557856
0.0557856
0.0557856
0.0479317
0.0479317
0.0479317
0.0479317
0.0479317
0.0479317
0
0
0
0
0
0
0
0
0
0
0
0
0
0
0
0
0
0
0
0
0
0
0
0
0
0
0
0
0
0
0
0
0
0
0
0
0
0
0
0
0.0479003
0
0
0
0
0
0
0
0
0
0
0.0608205
0.0608205
0.0608205
0.0608205
0.0608205
0.0608205
0
0.0608205
0.0608205
0
0
0
0
0.0608205
0.0608205
0.0608205
0.0608205
0.0608205
0.0608205
0
0.0608205
0.0608205
0.0608205
0.0608205
0.0609711
0.0609711
0.0609711
0.0609837
0.0609711
0.0608205
0.0608205
0.0608205
0.0620041
0.0608205
0
0
0
0
0
0
0
0
0
0
0
0
0
0
0
0
0
0
0
0
0
0
0
0
0
0
0
0
0
0
0
0
0
0
0
0
0
0
0
0
0
0
0
0
0
0
0
0
0
0
0
0
0
0
0
0
0
0
0
0
0
0
0
0
0
0
0
0
0
0
0
0
0
0
0
0
0
0
0
0
0
0
0
0
0
0
0
0
0
0
0
0
0
0
0
0
0
0
0
0
0
0
0
0
0
0
0
0
0
0
0
0
0
0
0
0
0
0
0
0
0
0
0
0
0
0
0
0
0
0
0
0
0
0
0
0
0
0
0
0
0
0
0
0
0
0
0
0
0
0
0
0
0
0
0
0
0
0
0
0
0
0
0
0
0
0
0
0
0
0
0
0
0
0
0
0
0
0
0
0
0
0
0
0
0
0
0
0
0
0
0
0
0
0
0
0
0
0
0
0
0
0
0
0
0
0
0
0
0
0
0
0
0
0
0
0
0
0
0
0
0
0
0
0
0
0
0
0
0
0
0
0
0
0
0
0
0
0
0
0.0481672
0.0481672
0.0481672
0.0481672
0
0
0
0
0
0
0
0
0
0
0
0
0
0.0625407
0
0
0
0
0
0
0
0
0
0
0
0
0
0
0
0
0
0
0
0
0
0
0
0
0
0
0
0
0
0
0
0
0
0
0
0
0
0
0
0
0
0
0
0
0
0
0
0
0
0
0
0
0
0
0
0
0
0
0
0
0
0
0
0
0.0430199
0.0430199
0.0430199
0.0430199
0.0709873
0
0
0
0
0
0
0
0
0
0
0
0
0
0
0
0
0
0
0
0
0
0
0
0
0
0
0
0
0
0
0
0
0
0
0
0
0
0
0
0
0
0
0
0.0690248
0.0690248
0.0690248
0.0690248
0.0690248
0
0
0
0
0
0
0
0
0
0
0
0
0
0
0
0
0
0
0
0
0
0
0
0
0
0
0
0
0
0
0
0
0
0
0
0
0
0
0
0
0
0
0
0
0
0
0
0
0
0
0
0
0
0
0
0
0
0
0
0
0
0
0
0
0
0
0
0
0
0
0
0
0
0
0
0
0
0
0
0
0
0
0
0
0
0
0
0
0
0
0
0
0
0
0
0
0
0
0
0
0
0
0
0
0
0
0
0
0
0
0
0
0
0
0
0
0
0
0
0
0
0
0
0
0
0
0
0
0
0
0
0
0
0
0
0
0
0
0
0
0
0.0652174
0.0652174
0.0652174
0.0652174
0.0652174
0.0652174
0.0652174
0.0652174
0.0652174
0
0
0
0.0652174
0
0
0
0
0
0.062773
0
0
0
0
0
0
0
0
0
0
0
0
0
0
0
0
0
0
0
0
0
0
0
0
0.062773
0
0
0
0
0
0.0631754
0.0631754
0.0631474
0.0631474
0.0631474
0.0631474
0.0631474
0.0631474
0.0631474
0.0631474
0.0479317
0.0479317
0.0479317
0.0479317
0.0479317
0.0479317
0.0479317
0.0479317
0.0631754
0.0631754
0.0631754
0.0631754
0.0631754
0.0631754
0.0631754
0.0631754
0.0639457
0.0639457
0.0639457
0.0639457
0.0631754
0.0631754
0.0631754
0.0586977
0.0586977
0.0586977
0.0586977
0.0586977
0.0690477
0.0586977
0.0631754
0.0631754
0.0631754
0.0631474
0.0631474
0.0631474
0.0631474
0.0631474
0.0631474
0.0631474
0.0631474
0.0631474
0.0631474
0.0631474
0.0631474
0.0631474
0.0631474
0.0631474
0.0631474
0.0631474
0.0631474
0.0631474
0.0631474
0.0631474
0.0631474
0.0631474
0.0631474
0.0631474
0.0631474
0.0631474
0.0631474
0.0631474
0.113961
0.115299
0.115299
0.138675
0.138675
0.138675
0.148888
0.0640184
0.0631754
0.0482862
0.0482862
0.0482862
0.0482862
0
0.0482862
0.0482862
0.0666697
0.0666697
0.0456647
0.0456647
0.0482862
0
0
0
0
0
0
0.0666697
0.0666697
0.0666697
0.0456317
0.0666697
0
0.0666697
0.0456647
0.0456647
0
0
0
0.0456647
0
0
0
0
0.0456647
0.0456647
0.0456647
0.0456647
0.0557278
0.0557278
0.0557278
0.0707894
0.0557278
0.0709674
0.0557278
0.0456647
0.0482862
0.0482862
0.0482862
0.0482862
0.0482862
0.0482862
0
0
0
0.0482862
0
0.0482862
0.0586322
0.0482862
0.0482862
0.0482862
0
0
0
0
0
0
0
0
0
0
0
0
0
0
0
0
0
0
0
0
0
0
0
0
0
0
0
0
0
0
0
0
0
0
0
0
0
0
0
0
0
0
0
0
0
0
0
0
0.062773
0
0
0
0
0
0
0
0
0
0.0631754
0.0631754
0.0631754
0.0631754
0.0631754
0.0631754
0.0631754
0.0631754
0.0631754
0.0631754
0.0631754
0.0631754
0.0631754
0
0
0
0.0631754
0.0631754
0.0631754
0.0631754
0.0631754
0.0631754
0.0631754
0.0631754
0
0.0631754
0.0631754
0.0631754
0.0631754
0.0631754
0.0631754
0.0631754
0.0631754
0.0631754
0.0631754
0.0631754
0.0631754
0.0631754
0.266207
0.266207
0.266207
0.266207
0.266207
0.286039
0.286039
0.286039
0.286039
0.286039
0.286039
0
0
0
0
0
0
0
0
0
0
0
0
0
0
0
0
0
0
0
0
0
0
0
0
0.0479003
0.0479003
0.0479003
0.0479003
0
0
0
0
0
0
0
0
0
0
0
0
0
0
0
0
0
0
0
0
0
0
0
0
0
0
0
0.143509
0.143509
0
0.0630497
0.0630497
0.0630497
0.0630497
0.0630497
0.0630497
0.0630497
0
0
0
0.0480762
0.0480762
0.0480762
0.0480762
0.0480762
0
0
0
0
0
0
0
0
0
0
0
0
0
0
0
0
0
0
0
0
0
0
0
0
0
0
0
0.114208
0.114457
0
0
0
0
0
0
0
0
0
0
0
0
0
0
0
0
0
0
0
0
0
0
0
0
0
0
0
0
0
0
0
0
0
0
0
0
0
0
0.102764
0.0488532
0
0.171701
0.171701
0.0942576
0
0
0
0
0
0
0
0
0
0
0
0
0
0
0
0
0
0
0
0
0
0
0
0
0
0
0
0
0
0
0
0
0
0
0
0
0
0
0
0
0
0
0
0
0
0
0
0
0
0
0
0
0
0
0
0
0
0
0
0
0
0
0
0
0
0
0
0
0
0
0
0
0
0
0
0
0
0
0
0.358569
0.34641
0
0.34641
0.365148
0.351123
0.351123
0
0.361158
0.170114
0.122577
0
0.122577
0.178017
0.123508
0.123508
0.0694862
0.0694862
0
0.0694862
0.173422
0
0.173422
1
0.173422
0.0957826
0.0957826
0
0.174741
0
0
0
0
0
0
0.123718
0.35
0.35
0.128861
0.128861
0.212
0.130435
0
0.159
0.408248
0.160128
0.145693
0
0
0
0
0
0
0
0
0
0
0
0
0.057735
0
0.0560332
0
0
0
0
0
0
0
0
0
0
0
0.126547
0.0578745
0
0
0
0
0
0
0
0.0645946
0.0539164
0.064881
0
0
0
0
0
0
0
0
0
0
0
0
0
0.0526073
0
0
0.0647261
0.0961262
0.0831092
0.108183
0
0.073721
0
0
0
0
0
0
0
0
0
0.0917985
0
0
0
0
0
0
0
0
0
0
0
0
0
0
0
0
0.0465242
0
0.0465242
0
0
0
0
0
0
0
0
0
0
0
0
0
0
0
0
0
0
0
0.0459909
0.0454911
0.0454911
0.0454911
0.0490749
0.0643712
0
0
0
0
0
0
0
0
0
0
0
0
0
0
0
0
0
0
0
0
0
0
0
0
0
0
0
0
0
0
0
0
0.103142
0
0.0707107
0
0
0.40032
0
0.0492931
0
0.0456066
0
0
0
0
0
0
0
0
0
0
0
0
0
0
0
0
0
0
0
0.0728894
0.0831092
0
0.0733893
0
0
0
0.0556894
0
0
0
0
0
0
0
0
0
0
0
0
0
0
0
0
0
0
0
0
0
0
0
0
0
0
0.056366
0
0
0
0
0
0
0
0
0
0
0
0
0
0
0.0557856
0
0
0
0
0.108893
0
0
0
0
0
0
0
0
0
0
0
0
0
0
0
0
0
0
0
0
0
0
0
0
0
0
0
0
0
0
0
0
0
0
0
0
0
0
0
0
0
0
0
0
0
0
0
0
0
0
0
0
0
0
0
0
0
0
0
0
0
0
0
0
0
0
0
0
0
0
0
0
0
0
0.0572182
0.0572182
0.0572182
0.0572598
0.0572598
0
0.0572182
0
0
0
0
0
0
0
0
0
0
0
0
0
0
0
0
0
0
0
0
0
0
0
0
0
0
0
0
0
0
0
0
0
0
0
0
0
0.0999445
0
0.100223
0
0.100335
0
0
0.101015
0
0
0
0
0
0
0
0
0
0
0
0
0
0
0
0
0
0
0
0
0
0
0
0
0
0
0
0
0
0
0
0
0.0471346
0.0471346
0.0471346
0.0475174
0.0475174
0.0471346
0.0483997
0.0471346
0.0456647
0.0456647
0.0456647
0.067166
0.067166
0.085925
0.0855399
0.106668
0.0456647
0
0
0
0
0
0
0
0
0
0
0
0.455661
0.455661
0
0
0
0
0
0
0
0.433013
0.273861
0
0.25
0.824958
0
0
0
0
0
0
0
0
0
0
0
0
0
0
0.25
0.25
0
0
0.288675
0
0
0
0
0
0
0
0.0479317
0.0479317
0.0479317
0
0
0
0
0
0
0
0
0
0.0479003
0.0479003
0.0479003
0
0.0479003
0.0479003
0.0479003
0.0479003
0.0479003
0.0479003
0.0479003
0.0479003
0.0479003
0.0479003
0.0479003
0.0479003
0.0479003
0.0479003
0
0
0
0
0
0
0
0
0
0
0
0.0479272
0.0479272
0.0479272
0.0479272
0.0479272
0.0479317
0.0479317
0.0479317
0.0479317
0.0479317
0.0479317
0.0479317
0.0479317
0.0479317
0.0479317
0.0479317
0.0479317
0.0479317
0.0479317
0.0479317
0.0479317
0.0479317
0.0479317
0.0479317
0.0479317
0.0479317
0.0479317
0.0479317
0.0479317
0.0479317
0.0479317
0.0479317
0.0479317
0.0479317
0.0479317
0.0479317
0.0479317
0.0479317
0.0479317
0.0479317
0.0479317
0.0479317
0.0479317
0.0479317
0.0479317
0.0479317
0.0479317
0.0479317
0.0479317
0.0479317
0.0479317
0.0479317
0.0479317
0.0479317
0.0479317
0.0479317
0.0479317
0.0479317
0.0479317
0.0479317
0.0479317
0.0479317
0.0479317
0.0479317
0.0479317
0.0479317
0.0479317
0.0479317
0.0479317
0.0479317
0.0479317
0.0479317
0.0479317
0.0479317
0.0479317
0.0479317
0.0479317
0.0479317
0.0479317
0.0479317
0.0479317
0.0479317
0.0479317
0.0479317
0.0479317
0.0479317
0.0479317
0.0479317
0.0479317
0.0479317
0.0479317
0.0479317
0.0479317
0.0479317
0.0479317
0.0479317
0.0479317
0.0479317
0.0479317
0.0479317
0.0479317
0.0479317
0.0479317
0.0479317
0.0479317
0.0479317
0.0479317
0.0479317
0.0479317
0.0479317
0.0479317
0.0479317
0.0479317
0.0479317
0.0479317
0.0479317
0.0479317
0.0479317
0.0479317
0.0479317
0.0479317
0.0479317
0.0479317
0.0479317
0.0479317
0.0479317
0.0479317
0.0479317
0.0479317
0.0479317
0.0479317
0.0479317
0.0479317
0.0479317
0.0479317
0.0479317
0
0
0
0
0
0
0
0
0
0
0
0
0
0
0
0
0
0
0
0
0
0
0
0
0
0
0.0443097
0.0443097
0.0479317
0.0443097
0.0443097
0
0.0443097
0
0
0
0
0
0
0
0
0
0
0
0
0
0
0
0
0
0
0
0
0
0
0.0479407
0
0
0
0
0
0
0
0.0562247
0.0562247
0.04819
0
0
0
0
0
0
0
0
0
0
0
0
0
0
0
0
0
0.0479317
0.0479317
0.0479317
0.0479317
0.0482816
0
0
0
0
0
0
0
0
0
0
0
0
0
0
0
0
0
0
0
0
0
0
0
0
0
0
0
0
0
0
0
0
0
0
0
0
0
0
0
0
0
0
0
0
0
0
0
0
0
0
0
0
0
0
0
0
0
0.0430199
0.0430199
0.0430199
0.0430199
0.0430199
0.0430199
0.0430199
0.0430199
0.0430199
0.0430199
0.0430199
0.0430199
0.0430199
0.0430199
0.0430199
0.0430199
0.0430199
0.0430199
0.0430199
0.0430199
0.0430199
0.0430199
0.0430199
0.0430199
0.0430199
0.0430199
0.0430199
0.0430199
0.0430199
0.0430199
0.0430199
0.0430199
0.0430199
0.0430199
0.0430199
0.0430199
0.0430199
0.0430199
0.0430199
0.0430199
0.0430199
0.0430199
0.0430199
0.0430199
0.0430199
0.0430199
0.0430199
0.0430199
0.0430199
0.0430199
0.0430199
0.0430199
0.0430199
0.0430199
0.0430199
0.0479317
0.0479317
0.0479317
0.0479317
0.0443097
0.0443097
0.0479317
0.0479317
0.0443097
0.0479317
0.0479317
0.0479317
0.0479317
0.0479317
0.0479317
0.0479317
0.0479317
0.0479317
0
0
0
0
0
0
0
0
0
0
0
0
0
0
0
0
0
0
0
0
0
0
0
0
0.0479317
0.0479317
0.0480309
0
0
0.0479317
0.0479317
0.0479317
0
0
0
0.0479317
0.0479317
0.0479317
0.0479317
0.0479317
0.0479317
0.0479317
0
0
0
0
0
0
0
0
0
0
0
0.0479317
0.0479317
0.0479317
0.0479317
0.0479317
0.0479317
0.0479317
0.0479317
0.0479317
0.0479317
0.0479317
0.0479317
0.0479317
0.0479317
0.0479317
0.0479317
0.0479317
0.0479317
0.0479317
0.0479317
0.0479317
0
0
0
0
0
0
0
0
0
0.0482816
0
0
0
0
0.0482816
0.0482816
0.0482816
0.0482816
0.0482816
0.0482816
0.0482816
0.0482816
0
0
0.0482816
0
0
0
0
0
0
0
0
0
0
0
0
0
0
0
0
0
0
0
0
0
0
0
0
0
0
0
0
0
0
0
0
0
0
0
0
0
0
0
0
0
0
0
0
0
0
0
0
0
0
0
0
0
0
0
0
0
0
0
0
0
0
0
0
0
0
0
0
0
0
0
0
0
0
0
0
0
0
0
0
0
0
0
0
0
0
0
0
0
0
0
0
0
0
0
0
0
0
0
0
0
0
0
0
0
0.0479317
0
0
0
0
0
0
0
0
0
0
0
0
0
0
0
0
0
0
0
0
0
0
0
0
0
0
0
0
0
0
0
0
0
0
0
0
0
0
0
0
0
0
0
0
0
0
0
0
0
0
0
0
0
0
0
0
0.0639457
0.0639457
0.0639457
0.0639457
0.0639457
0.0639457
0.0639457
0.0639457
0.0639457
0.0639457
0.0639457
0.0639457
0.0639457
0.0639457
0.0639457
0.0672166
0.0672166
0
0.0639457
0.0639457
0.0639457
0.0639457
0.0639457
0.0639457
0.0639457
0.0639457
0.0639457
0.0639457
0.0689519
0.0689519
0.0689519
0
0.0689519
0.0639457
0.0631754
0.0631754
0.0631754
0.0631754
0.0631754
0.0631754
0.0631754
0.0631754
0.0636715
0.0636715
0.0631754
0.0636715
0.0636715
0.0631754
0.0631754
0.0631754
0.0631754
0.0631754
0.0631754
0.0633159
0.0631754
0.0631754
0.0631754
0.104194
0.104194
0.0639457
0.0586977
0.0639457
0.0658586
0.090045
0.090045
0.090045
0.0996683
0
0
0.0784063
0.0784063
0.0663237
0.0710271
0.0631754
0.0631754
0
0
0
0
0.0658586
0.0658586
0.0703163
0.0703163
0
0
0
0
0
0
0
0.0631754
0
0
0
0
0
0
0
0
0
0
0
0
0
0
0
0.0690248
0.0681466
0.0681466
0.0681466
0.0702825
0.071247
0.19696
0
0
0
0
0
0
0
0
0
0
0
0
0
0
0
0.0681642
0.0634858
0.0634858
0.0634858
0
0
0
0
0.0784063
0.0784063
0.0784063
0
0
0
0
0
0.0786214
0.0786214
0.0784063
0.0658586
0.0658586
0.0658586
0.0658586
0.0658586
0.0658586
0.0658586
0.0671997
0.0658586
0.090045
0.090045
0.090045
0.090045
0.090045
0.090045
0.114208
0.0797452
0
0
0
0.090045
0.0784063
0.0784063
0.148522
0.148522
0.148522
0
0.149813
0.148522
0.083951
0.083951
0.107006
0.107006
0.107006
0.107006
0
0
0
0
0.083951
0.0784063
0.0639021
0.0639021
0
0
0
0
0
0
0.0639021
0.0639021
0.113961
0.0639021
0.0639021
0.0639021
0.0639021
0.0639021
0.0639021
0
0
0
0
0
0.0639021
0.0639312
0.0639312
0.116335
0.116335
0.118401
0.118401
0.13403
0.13403
0.0639312
0.0639021
0.0639457
0.0639021
0.13403
0.13403
0
0.135113
0
0
0
0
0.135113
0
0
0
0
0
0
0
0
0
0
0
0
0
0
0
0
0
0
0
0
0
0
0
0
0.0639457
0.0639457
0.0639167
0.0639167
0.0639167
0.0639457
0.0639457
0.067403
0.0639167
0.0639167
0.0639167
0.0639167
0
0
0
0.0639167
0.0719402
0.0719402
0.0719402
0.0639312
0.0649722
0.0639312
0.0639312
0.0639312
0.0639312
0.0658586
0.0658586
0
0.0692636
0.0639312
0.0651251
0.0651251
0.0975384
0.0975384
0.0975384
0
0.0639167
0
0
0
0
0
0
0.0667326
0.0723575
0.100056
0
0.101187
0.11651
0.135526
0.104194
0.104194
0
0
0
0
0
0
0
0
0
0.104194
0.104194
0
0
0
0
0
0
0.104194
0.104194
0
0.104194
0.104194
0
0
0
0
0.104194
0
0
0
0
0
0
0
0
0
0
0
0
0
0
0
0
0.0667326
0.0667326
0.0667326
0.0667326
0.0667326
0.0667326
0
0
0
0
0
0
0.0667326
0.0667326
0.114146
0.0667326
0.183597
0.213201
0.183597
0.067166
0.067166
0.0696921
0.067166
0.121666
0.067166
0.067815
0.067815
0.0692636
0.0692636
0.0693561
0.067815
0.067815
0
0
0
0
0
0
0
0.067166
0.06742
0.06742
0.0675395
0.0675395
0
0.0631754
0.213201
0.213201
0.213201
0.213201
0.213201
0.213201
0.213201
0.268328
0.222988
0.222988
0.222988
0.222988
0.258199
0
0.222988
0.0631754
0
0
0
0
0
0
0
0
0
0
0
0
0
0
0
0
0
0
0
0
0
0
0
0
0
0
0
0
0
0
0
0
0
0
0
0
0
0
0
0
0
0
0
0
0
0
0
0
0
0
0
0
0
0
0
0
0
0
0
0
0
0
0
0
0
0
0
0
0
0
0
0
0
0
0
0
0
0
0
0
0
0
0
0
0
0
0
0
0
0
0
0
0
0
0
0
0
0
0
0
0
0
0
0
0
0
0.0479317
0.0479317
0.0479317
0.0479317
0.0479317
0
0
0.0479317
0.0479317
0.0479317
0.0479317
0
0
0
0
0
0
0
0
0
0
0
0
0.0631754
0.0631754
0.0631754
0.0631754
0.0631754
0.0631754
0.0631754
0.0631754
0.0631754
0.0631754
0
0
0
0
0.0631754
0.0631754
0.0631754
0.0631754
0
0.0631754
0.075919
0.0631754
0.0631754
0.0631754
0.0631754
0.0631754
0.0631754
0.0631754
0.0631754
0.0631754
0.0643268
0.0631754
0
0.0631754
0.0631754
0.0631754
0.0631754
0.0631754
0.0631754
0.0631754
0.0631754
0.0631754
0.0631754
0.0631754
0.0631754
0.0631754
0
0
0
0
0
0
0
0
0
0
0
0
0
0
0
0
0
0
0
0
0
0
0
0
0
0
0
0
0
0
0
0.0631754
0.0631754
0.0631754
0.0631754
0.090045
0.090045
0.0635856
0.0635856
0.0663237
0.0663237
0
0
0
0
0
0
0
0
0.104194
0.104194
0.137649
0.137649
0
0
0
0
0
0
0
0.108536
0.108536
0
0
0
0
0
0
0
0
0
0
0
0
0
0
0
0.0566139
0.0566139
0.0646396
0.0646396
0.0710072
0
0
0.07153
0.07153
0
0.0631754
0.0631754
0.0631754
0.0709873
0.0709873
0.0725688
0.0709873
0.0631754
0
0
0
0
0
0.090045
0.090045
0.090045
0.090045
0.090045
0.090045
0.090045
0.090045
0.0647599
0.0647599
0.0807573
0.0807573
0.0807573
0
0.0807573
0.0807573
0.0722629
0.0807573
0.0807573
0.0758098
0.0758098
0.0758098
0.067166
0.067166
0.067166
0.067166
0.067166
0.0647599
0.067166
0.067166
0.067166
0.067166
0
0.067166
0
0.0681994
0.146385
0.159674
0
0.164646
0.206284
0.0762493
0.26968
0.0681994
0.0710072
0.0710072
0.0710072
0.0710072
0.0667326
0.0667326
0.0667326
0.0667326
0.0667326
0.0677977
0
0.067815
0.0635856
0.0635856
0.0635856
0.0635856
0.0830773
0.0830773
0.0830773
0.0637289
0.0637289
0.0638587
0.0638587
0.0638587
0.0638587
0.0639021
0.0639021
0
0.0637289
0.0637289
0
0
0
0
0
0
0
0
0
0
0
0
0
0
0
0
0
0
0
0
0
0
0
0
0
0
0
0
0
0
0
0
0
0
0
0
0
0
0
0
0
0
0
0
0
0
0
0
0
0
0
0
0
0
0
0
0
0
0.104194
0.104194
0.104194
0.104194
0.104194
0.110357
0.110357
0.110357
0.110357
0.110357
0
0.104194
0.104194
0.104194
0.104194
0.104194
0.104194
0.105279
0
0
0
0
0
0
0
0
0
0
0
0
0
0
0
0
0
0
0
0
0
0
0
0
0
0.110357
0.110357
0.110357
0.0950229
0.0950229
0
0
0
0
0
0
0
0.0950229
0.0950229
0.110357
0.110357
0.111417
0
0
0
0
0
0
0
0
0
0
0
0
0
0
0
0
0
0
0
0
0
0
0
0
0
0
0
0
0
0
0
0
0
0
0
0
0
0
0
0
0
0
0.137649
0.137649
0.137649
0.137649
0.137649
0.13794
0.13794
0
0.138823
0.141579
0.141579
0.143346
0.137649
0.137649
0
0.137649
0
0.0636142
0.0636142
0.0636142
0.0566139
0.0566139
0.0566139
0.0581238
0.0581238
0
0.0566139
0.0663237
0.0663237
0.0663237
0.0663237
0.0663237
0.0662428
0.0663399
0.0663399
0.0663399
0
0
0.0662428
0.0663237
0.0663237
0.0663237
0.0669983
0.0669983
0.0669983
0
0.0669983
0.115385
0.115385
0.118125
0.115385
0.102869
0.102869
0
0.115385
0
0
0
0
0
0
0
0
0
0
0
0
0
0
0
0
0
0
0
0
0
0
0
0
0
0
0
0
0
0
0
0
0.066965
0
0.066965
0
0.066965
0.066965
0.0641354
0.0641354
0.06415
0.0641794
0.0648204
0.0631754
0
0
0.0557952
0.0557952
0.0557952
0.0557952
0.0557952
0.0557952
0.0557952
0.0557952
0.0557952
0.0557952
0.0558532
0.0558532
0.0561853
0.0561853
0
0
0
0
0.0563934
0.0563934
0.0568471
0.0568471
0.0568471
0.0568471
0.0568471
0.0557952
0
0.0557952
0.0557952
0
0
0.0479003
0.0479003
0.0479003
0
0
0
0
0
0
0
0
0
0
0
0
0
0
0
0
0
0
0
0
0
0
0
0
0
0
0
0
0
0
0
0
0
0
0
0
0
0
0
0
0
0
0
0
0
0
0
0
0
0
0
0
0
0
0
0
0
0
0
0
0
0
0
0
0
0
0
0
0
0
0
0
0
0
0
0
0
0
0
0
0
0.0871214
0.0871214
0
0
0
0.0479407
0
0
0
0
0
0
0
0
0
0
0
0
0
0
0
0
0
0
0
0
0
0
0
0
0
0
0
0
0
0
0
0
0
0
0
0.0479407
0.0479407
0.0479407
0.0479407
0.0479407
0.0479407
0.0479407
0
0
0
0
0
0
0
0
0
0
0
0
0
0
0
0
0
0
0
0
0
0
0
0
0
0
0
0
0.0479407
0.0479407
0.0479407
0.0479407
0.0479407
0.0479407
0
0
0
0
0
0
0
0
0
0
0
0
0
0
0
0
0
0
0
0
0
0
0
0
0
0
0
0
0
0
0
0
0
0
0
0
0
0
0
0
0
0
0
0
0
0
0
0
0
0
0
0
0
0
0
0
0
0
0
0
0
0
0
0
0
0
0
0
0
0
0
0
0
0
0
0
0
0
0
0
0
0
0
0
0
0
0
0
0
0
0
0
0
0
0
0
0
0
0
0
0
0
0
0
0
0
0
0
0
0
0
0
0
0
0
0
0
0
0
0
0
0
0
0
0
0
0
0
0
0
0
0
0
0
0
0
0
0
0
0
0
0
0
0
0
0
0
0
0
0
0
0
0.134298
0.134298
0.134298
0.134298
0.156386
0.156386
0.162459
0.162459
0.156386
0.156386
0
0
0
0
0.134298
0.134298
0.134298
0.134298
0.134298
0.138086
0.138086
0.134298
0.138086
0.138086
0.138086
0.138086
0.138086
0.100377
0.100377
0.0269582
0.100377
0.134298
0.134298
0
0
0
0
0
0
0
0
0
0
0
0
0
0
0.0643268
0.0643268
0.0643268
0.0643268
0.0643268
0.0643268
0.0643268
0.0643268
0.0643415
0.0643415
0.0643268
0.0643268
0.0643268
0.0643268
0.0643268
0.0643268
0.0643268
0.0643268
0.0643268
0.0643268
0.0643268
0.0643268
0.0643268
0.0651405
0.0643268
0.0643268
0.0643268
0.0643268
0.0643268
0.0643268
0
0
0.0643268
0.0643268
0.0643268
0.0643268
0
0
0
0
0.0594789
0.0594789
0.0594789
0.0594789
0.0594789
0.0594789
0.0594789
0.0594789
0.0594789
0.0594789
0.0594789
0.0594789
0.0594789
0.0594789
0.0594789
0.0594789
0.0594789
0.0594789
0.0594789
0.0594789
0
0
0
0
0
0
0.0594789
0.0594789
0
0.0594789
0.0594789
0.0594789
0.0594789
0.0594789
0.0594789
0.0594789
0.0594789
0.101477
0.0594789
0.0594789
0.0594789
0.0594789
0.0594789
0.0594789
0.0594789
0.0594789
0.0594789
0.0635856
0
0
0.0666502
0
0
0.0594789
0.0594789
0
0
0
0
0
0.0600842
0
0
0
0.059514
0.0594789
0
0
0
0
0
0
0
0
0
0
0
0
0
0
0.0594789
0.0594789
0
0
0.0616366
0.0616366
0
0
0
0
0
0
0
0
0
0
0.0377964
0.0377964
0
0
0
0.0698809
0.0698809
0
0
0
0
0
0
0
0
0
0
0
0
0
0
0
0
0
0
0
0
0
0
0
0
0
0
0
0
0
0
0
0
0
0
0
0
0
0
0
0
0
0
0
0
0
0
0
0
0
0
0
0
0
0
0
0
0
0
0
0
0
0.0594789
0.0594789
0
0.0594789
0.0594789
0.0676941
0.0594789
0.059514
0.0630219
0.0594789
0.0595023
0
0.0595609
0.127228
0.0594789
0
0
0
0
0
0.0616366
0.0616366
0.0616366
0
0
0
0
0
0
0
0
0
0
0
0
0
0
0
0
0
0
0
0
0
0
0
0
0
0
0
0
0
0
0
0
0
0
0
0
0
0
0
0
0
0
0
0.0377964
0.0377964
0
0
0
0
0
0
0
0
0
0.0377964
0.0388955
0.0377964
0.0378506
0
0.0377964
0.0698809
0.0698809
0.0698809
0.0595491
0
0.0594089
0.0594089
0.0595374
0.0594672
0
0
0
0
0
0
0
0
0
0
0
0
0
0
0
0
0
0
0
0
0
0
0
0
0
0
0.0594789
0.0594789
0.0703018
0.0594789
0.0604122
0.0595844
0.0594555
0
0
0
0
0
0.0594555
0.0594789
0.0594789
0.0594789
0.0594789
0.0597496
0
0
0
0
0
0
0
0
0
0
0
0
0
0
0
0
0.0601324
0
0
0
0
0
0
0
0
0
0
0
0
0
0
0.059655
0.0612883
0.143674
0.0597141
0.0602779
0.0616496
0.0672335
0
0
0
0
0
0
0
0
0
0
0
0
0
0
0
0
0
0
0
0.101535
0
0
0
0
0
0
0
0.0978492
0.0978492
0.0978492
0.0978492
0.10171
0.10171
0.10171
0.10171
0.10171
0.266207
0.266207
0.266207
0.266207
0.266207
0.266207
0.266207
0.266207
0.266207
0.266207
0
0
0
0
0
0.282216
0.282216
0
0.282216
0.282216
0.229416
0.282216
0.282216
0.377964
0.282216
0.282216
0.282216
0.282216
0.266207
0.266207
0.266207
0.266207
0.266207
0.266207
0.266207
0.266207
0.266207
0.266207
0.266207
0.0631754
0.0631754
0.0631754
0.0631754
0.0631754
0.0631754
0.0990687
0.0990687
0.0828552
0.0831092
0.0831092
0.0631754
0.0670151
0.0670151
0.0670151
0.0656218
0.0656375
0
0
0
0
0
0
0
0
0
0
0
0.0754971
0.0754971
0
0
0
0
0
0
0
0
0.0754971
0
0
0.0482357
0.0482357
0.0482357
0.0482357
0.0482357
0.0482357
0.0482357
0.0482357
0
0
0
0
0
0
0
0.0482357
0.0482357
0
0
0.0482357
0.0482357
0.0482357
0.0482357
0
0
0.0482357
0
0.0482862
0.0482357
0.0482357
0
0.283473
0.283473
0.283473
0.283473
0.283473
0.283473
0.283473
0.283473
0.283473
0.283473
0.283473
0.283473
0.283473
0.283473
0.283473
0.301511
0.301511
0.283473
0.283473
0.283473
0.283473
0.447214
0.447214
0.283473
0.283473
0.284747
0.284747
0.284747
0.283473
0.283473
0.283473
0.290021
0.290021
0.290021
0.290021
0.290021
0.290021
0
0
0
0.301511
0.301511
0.301511
0.283473
0.283473
0.283473
0.283473
0.333333
0.333333
0.283473
0.283473
0
0.283473
0.405554
0.405554
0.283473
0.287348
0.287348
0.287348
0.287348
0.288675
0.287348
0.290021
0.287348
0.287348
0.287348
0
0.287348
0.301511
0.287348
0.284747
0
0
0
0
0
0
0
0
0
0
0
0.0638298
0.0638298
0.0638298
0.0638298
0.0638298
0.0638298
0.0638298
0.0638298
0.0638298
0.0638298
0.0638298
0.0638298
0.0638298
0.0638298
0.0638298
0.0638298
0.0638298
0.0638298
0.0638298
0.0638298
0.0479317
0.0479317
0.0479317
0.0479317
0.0479317
0.0479317
0.0479317
0.0479317
0.0479317
0.0479317
0.0479317
0.0639312
0.0639312
0.0639312
0.0639312
0
0
0
0
0
0
0
0
0
0
0
0
0
0
0
0
0
0
0
0
0
0
0
0.0638298
0.0711468
0.0711468
0.0638298
0
0.0638298
0.0639312
0.0704956
0.0589583
0.0589583
0.0644853
0.0644853
0.0644853
0.0644853
0.0644853
0.0644853
0.070014
0.070014
0.0644853
0.0644853
0.0644853
0.0974601
0.0644853
0.0644853
0.0668392
0.0668392
0.0589583
0.0638298
0.0660979
0.0660979
0.0660979
0
0
0
0
0
0
0.0660979
0.0672335
0.0672335
0
0
0
0
0.0672335
0
0
0
0
0
0.0859955
0
0.0638298
0
0
0
0
0.0638298
0.0638298
0
0.0638298
0
0
0.0638298
0.137649
0.137649
0.137649
0.137649
0.0638298
0
0
0
0
0
0.0638298
0
0
0
0.0638298
0.0638298
0
0.0638298
0.0638298
0.0638298
0.0638298
0.0638298
0.0688247
0.0688247
0.0688247
0.0688247
0.0688247
0.0688247
0.0702825
0.0578315
0
0
0
0.0594438
0.0688247
0
0
0
0.0688247
0.0688247
0
0.0688247
0.0638298
0
0.0638298
0
0
0.0638298
0.0638298
0.0688247
0.0721688
0.0689701
0.0689701
0.0688247
0.0722734
0.0688973
0.0688973
0.0638298
0.0660979
0.0660979
0.0638298
0.0688247
0.0688247
0.0718576
0
0
0.0690066
0.0719816
0
0
0.0692636
0
0
0
0
0.0688247
0.0638298
0.0695608
0.0638298
0
0.0638298
0.067352
0.0732361
0
0
0
0
0.0746278
0.0746278
0.0638298
0.0672335
0.0638298
0.0638298
0.0639457
0
0.0639457
0.067352
0.067352
0.067352
0.0724207
0.0724207
0.0724207
0.0724207
0.0724207
0.0724207
0
0.0724207
0.0675566
0.0675566
0.0676424
0.0675566
0
0
0
0
0.124035
0.067437
0.067437
0
0
0
0
0.0682524
0
0
0
0.104573
0.104573
0
0
0
0
0
0
0
0
0
0
0
0
0
0
0
0
0
0
0
0
0
0
0
0
0
0
0
0
0
0
0
0
0
0
0
0
0
0
0
0
0
0
0
0
0
0
0
0
0
0
0
0
0
0
0
0
0
0
0
0
0
0
0
0
0
0
0
0
0
0
0
0
0
0
0
0
0
0
0
0
0
0
0
0
0
0
0
0
0
0
0
0
0
0
0
0
0
0
0
0
0
0
0
0
0
0
0
0
0
0
0
0
0
0
0
0
0
0
0
0
0
0
0
0
0.0642972
0.0642972
0.0642972
0.0642972
0.0642972
0.0642972
0.0642972
0.0642972
0.0890871
0.0642972
0.0690477
0.0690477
0.0690477
0.0690477
0.118958
0.118958
0.151523
0.151523
0
0.0690477
0.147087
0.147087
0.181902
0
0
0
0
0
0
0
0
0
0
0.283473
0.333333
0.333333
0.333333
0.150756
0.150756
0.333333
0
0
0.333333
0.375
0.288675
0.288675
0
0
0
0
0
0
0
0
0.707107
0
0
0
0.333333
0.0630915
0.103633
0.103633
0.103633
0.103633
0.103633
0.12946
0
0.0624053
0.0624053
0.0624053
0.0624053
0.0624053
0.0624053
0.0624053
0.0624053
0.0624053
0.0624053
0.0624053
0.0624053
0.0624053
0.0624053
0.0624053
0.0630636
0
0.0624053
0.0581484
0.0581484
0.0581484
0.0581484
0.0581484
0.0671492
0.0671492
0.137361
0.154765
0.137361
0.0671492
0.108536
0
0.0628833
0.0338255
0.0338255
0.0342594
0.0345033
0.0636571
0
0.0624053
0.0624053
0
0
0
0.0624053
0
0
0
0
0
0
0
0
0
0
0
0
0
0
0
0
0
0
0
0
0
0.0630497
0.0630497
0.0631055
0.0630497
0.0630497
0.0630497
0.0630497
0
0.0630636
0.0631754
0
0
0
0
0
0
0
0
0
0
0
0
0
0
0
0
0
0
0
0
0
0
0
0
0
0
0
0
0
0
0
0
0
0
0
0
0.0630776
0.0624053
0.0624053
0.0624053
0.0624053
0.0624053
0.0624053
0.0624053
0
0
0
0
0
0
0
0
0
0
0
0
0
0
0
0
0
0
0
0
0
0
0
0
0
0
0
0
0
0
0
0
0
0
0
0.0636571
0
0.0637289
0.0624053
0.0581484
0.0581484
0.0581484
0.0581484
0.0581484
0.0581484
0.0581484
0.0581484
0.0323254
0.0323254
0.0366126
0.0323254
0.0479317
0.0479317
0.0479317
0
0
0
0
0
0
0
0
0
0
0
0
0.0654498
0.0654498
0.0654498
0.0654498
0.066965
0.066965
0.0654498
0.0654498
0.0654498
0.0654498
0.0654498
0.0655747
0
0.0655747
0.065732
0.0657794
0.0657794
0.065811
0.0657794
0.0657794
0
0.0657794
0.0995585
0.0671829
0.0671829
0.0816799
0.0672673
0.0672673
0.067437
0.0675395
0.0675395
0.0993944
0.0675395
0.0702632
0.0702632
0.0702632
0.0702632
0.0702825
0.0702632
0.0702632
0.0702632
0.0654498
0.0666502
0.0666831
0.0681818
0.0683941
0.0683941
0.0683941
0
0
0.0686803
0.133103
0.0666831
0
0
0
0
0.0479272
0
0.0479272
0
0
0
0
0
0
0
0
0
0
0
0
0
0
0
0
0
0.0482816
0.0482816
0
0
0
0
0
0
0
0
0.238667
0.238667
0.238667
0.238667
0.238667
0.238667
0.238667
0.253546
0.262111
0.262111
0.262111
0.262111
0.286039
0.286039
0.286039
0.258199
0.258199
0.258199
0
0.238667
0
0
0
0
0
0
0
0
0
0
0
0
0
0
0
0
0
0
0
0
0
0
0
0.213201
0.213201
0.213201
0.213201
0.213201
0.213201
0
0
0
0
0
0
0
0.0625407
0
0
0
0
0
0
0
0
0
0
0
0
0
0
0
0
0.0479003
0.0479003
0
0
0.0482816
0.0559503
0.0559503
0
0
0
0
0
0
0
0
0
0
0
0
0
0
0
0
0
0
0
0
0
0
0
0
0
0
0
0
0
0
0
0
0
0
0
0
0
0
0
0
0
0
0
0
0
0
0
0
0
0
0
0
0
0
0
0
0
0
0
0
0
0
0
0
0
0
0
0
0
0
0
0
0
0
0
0
0
0
0
0
0
0
0
0
0
0
0
0
0
0
0
0
0
0
0
0
0
0
0
0
0
0
0
0
0
0.0578208
0.0578208
0.0578208
0.0578208
0.0578208
0
0
0
0.0587671
0.0587671
0.0587671
0.0578208
0.058465
0.0578208
0.0578208
0.058465
0.0578208
0.0588575
0
0.0578208
0.0594789
0.101535
0.0430199
0.0430199
0.0430199
0.0430199
0.0430199
0
0.0430199
0.0430199
0.0430199
0.0430199
0
0.0430199
0.0430199
0.0430199
0.0430199
0
0.0430199
0.0430199
0.0430199
0.0430199
0
0
0
0
0.0430199
0.0430199
0.0430199
0.0430199
0.0430199
0.0430199
0.0430199
0.0430199
0.0430199
0
0
0
0
0
0
0
0
0
0
0
0.0480309
0.0480309
0.0480309
0.0480309
0.0480309
0.0480309
0.0480309
0.0480309
0.0480309
0.0480309
0.0480309
0
0.062773
0
0
0
0
0
0
0
0
0
0
0
0
0
0.0978492
0.0978492
0.0978492
0.0978492
0.243332
0.0978492
0.0978492
0.0984798
0.0984798
0.0984798
0.0984798
0.0871214
0.0871214
0.0984798
0.168763
0.168763
0.168763
0.168763
0.283473
0.290021
0.290021
0.290021
0.283473
0.168763
0.290021
0.290021
0.0984798
0.0984798
0.0978492
0.136505
0.136505
0.143509
0.143509
0.144505
0.144505
0.144505
0.290021
0.290021
0.290021
0.290021
0
0.143509
0.143509
0.143509
0.143509
0.0978492
0.143509
0.143509
0.0631474
0.0631474
0.0631474
0.0631474
0.0631474
0.0828552
0.0828552
0.0828552
0.0828552
0.0646846
0.0646846
0.0993399
0.0670318
0.0631474
0.0638877
0.0655904
0.0675909
0
0.0677113
0
0.0655904
0
0.0638877
0.0479317
0.0480309
0
0
0
0
0
0
0
0
0
0
0
0
0
0
0
0
0
0.0631754
0.0631754
0.0631754
0.0631754
0.0631754
0.0631754
0.0631754
0
0.0631754
0.0631754
0.0631754
0
0
0
0
0
0
0
0
0
0.0479317
0.0479317
0.0479317
0.0479317
0.0479317
0.0479317
0
0
0
0
0
0
0
0
0
0
0
0
0
0
0
0
0
0
0
0
0.0480309
0
0
0
0
0
0
0
0
0
0
0
0
0
0
0
0.266207
0.266207
0.266207
0.266207
0.266207
0.283473
0.283473
0.283473
0.283473
0.283473
0.283473
0.283473
0.283473
0.283473
0.283473
0.283473
0.287348
0.29277
0.287348
0.287348
0.331133
0.331133
0.331133
0.3849
0.334077
0.405554
0.405554
0
0
0.436436
0.436436
0.436436
0.447214
0.447214
0.447214
0.447214
0
0
0.218218
0.301511
0
0.287348
0.283473
0.283473
0.283473
0.283473
0.283473
0.283473
0.283473
0.284747
0.288675
0.288675
0.288675
0.436436
0.436436
0.288675
0.288675
0
0
0
0.288675
0.284747
0.284747
0.284747
0.328798
0
0
0
0
0
0
0
0.408248
0.452267
0.5
0.5
0.5
0.5
0.5
0.447214
0.301511
0.5
0
0.328798
0.405554
0
0.405554
0
0.405554
0.405554
0.283473
0.283473
0.283473
0.283473
0.283473
0.283473
0.283473
0.287348
0.287348
0.287348
0.288675
0.283473
0.283473
0.283473
0.283473
0.283473
0.283473
0.290021
0.290021
0.290021
0
0.283473
0.290021
0.290021
0.290021
0
0.283473
0.283473
0.284747
0.284747
0
0.283473
0.283473
0.283473
0.286039
0.288675
0.283473
0.287348
0.287348
0.287348
0
0
0.283473
0.283473
0.283473
0.283473
0.290021
0.283473
0.283473
0.287348
0.283473
0.283473
0.283473
0.283473
0.283473
0.283473
0.283473
0
0
0
0
0
0
0
0
0
0
0
0
0
0
0
0
0
0
0
0
0
0
0
0
0
0
0
0
0
0
0
0
0
0
0
0
0
0
0.0479317
0.0479317
0.0479317
0.0479317
0.0479317
0.0479317
0.0479317
0
0
0
0
0
0
0
0
0
0
0
0
0
0
0
0
0
0
0
0
0
0
0
0
0
0
0
0
0
0
0
0
0
0
0
0
0
0
0
0
0
0
0
0
0
0
0
0
0
0
0
0
0
0
0
0
0
0
0.0631754
0
0
0
0
0
0
0
0
0
0
0
0
0
0.0479048
0
0.0479048
0
0
0
0
0
0
0
0
0
0
0
0
0
0
0
0
0
0
0
0
0
0
0
0
0
0
0
0.0479317
0.0479317
0
0
0
0
0
0
0
0
0
0
0
0
0
0
0
0
0
0
0
0
0
0
0
0
0
0
0
0
0
0
0
0
0
0
0
0
0
0
0
0
0
0
0.107624
0.107624
0.107624
0.107624
0.107624
0
0
0
0
0
0
0
0
0
0
0
0
0
0
0
0
0
0
0
0
0.0481307
0
0
0
0
0
0
0
0
0
0
0
0
0
0
0
0
0.0671492
0.0671492
0.0671492
0.0671492
0.0671492
0.0671492
0.0671492
0.0671492
0.0671492
0.0671492
0.0671492
0.0671492
0.0671492
0
0
0
0
0
0
0
0
0
0
0
0
0
0
0
0
0
0
0
0
0
0
0
0
0
0
0
0
0
0
0
0
0
0
0
0
0
0
0
0
0
0
0
0
0
0
0
0
0
0
0
0
0
0
0
0
0
0
0
0
0
0
0
0
0
0
0
0
0
0
0
0
0
0
0
0
0
0
0
0
0
0
0
0
0
0
0
0
0
0
0
0
0
0
0
0
0
0
0
0
0.0479497
0.0479497
0
0.0479497
0.0479497
0.0643415
0.0643415
0
0.0643415
0.0643415
0.0484154
0
0
0
0
0.0582552
0
0
0
0.040996
0.040996
0.040996
0
0
0
0.0533191
0
0
0.0546562
0
0
0
0
0
0
0
0
0
0
0
0
0
0
0
0.29277
0.29277
0.29277
0
0
0
0.29277
0
0
0.319801
0.319801
0.319801
0
0
0.13484
0.13484
0.13484
0.13484
0.196116
0.196116
0.516398
0.516398
0
0
0.375
0.375
0.321634
0.321634
0
0
0
0
0.0479003
0.0479003
0
0
0
0
0
0
0
0
0
0
0
0
0
0
0
0
0
0
0
0
0
0
0
0
0
0.0479003
0
0
0
0
0
0
0
0
0
0
0
0
0
0
0
0
0
0
0
0
0
0
0
0
0
0
0
0
0
0
0
0
0
0
0
0
0
0
0
0
0
0
0
0
0
0
0
0
0
0
0
0
0
0
0
0
0
0
0
0
0
0
0
0
0
0
0
0
0
0
0
0
0
0
0
0
0
0
0
0
0
0
0
0
0
0
0
0
0
0
0
0
0
0
0
0
0
0
0
0
0
0
0
0
0
0
0
0
0
0
0
0
0
0
0
0
0
0
0
0
0
0
0
0
0
0
0
0
0
0
0
0
0
0
0
0
0
0
0
0
0
0
0
0
0
0
0
0
0
0
0
0
0
0
0
0
0
0
0
0
0
0
0
0
0
0
0
0
0
0
0
0
0
0
0
0
0
0
0
0
0
0
0
0
0
0
0
0
0
0
0
0
0
0
0
0
0
0
0
0
0
0
0
0
0
0
0
0
0
0
0
0
0
0
0.0479003
0.0479003
0.0479003
0.0479003
0.0479003
0
0
0
0
0
0
0
0
0
0
0
0
0
0
0
0
0
0
0
0
0
0
0
0
0
0
0
0
0
0
0
0
0
0
0
0
0
0
0
0
0
0
0
0
0
0
0
0
0
0
0
0
0
0
0
0
0
0
0
0
0
0
0
0
0
0
0
0
0
0
0
0
0
0
0
0
0
0
0
0
0
0
0
0
0
0
0
0
0
0
0
0
0
0
0
0
0
0
0
0
0
0
0
0
0
0
0
0
0
0
0
0
0
0
0
0
0
0
0
0
0
0
0
0
0
0
0
0
0
0
0
0
0
0
0
0
0
0
0
0
0
0
0
0
0
0
0
0
0
0
0
0
0
0
0
0
0
0
0
0
0
0
0
0
0
0
0
0
0
0
0
0
0
0.0479003
0
0
0
0
0
0
0
0
0.0479003
0.0479003
0.0479003
0.0479003
0.0479003
0.0479003
0
0
0.0479003
0.0479003
0
0
0
0
0
0
0
0
0
0
0
0
0
0
0
0
0
0
0
0
0
0
0
0
0
0
0
0
0
0
0
0
0
0
0
0
0
0
0
0
0
0
0
0
0
0
0
0
0
0
0
0
0
0
0
0.0587671
0.0587671
0.0587671
0.0587671
0.0587671
0.0479948
0.0479948
0.0482311
0.0482311
0.0479407
0.0479407
0.0479407
0.0479407
0.0479407
0.0479407
0
0
0
0
0
0
0
0
0
0
0
0.0430199
0.0430199
0.0430199
0.0430199
0.0430199
0.0430199
0
0
0
0
0
0
0
0
0.0724841
0
0
0
0
0
0
0
0
0
0
0
0
0
0
0
0
0.0631754
0.0430199
0.0430199
0.0430199
0.0430199
0.0430199
0.0430199
0.0430199
0
0
0
0
0
0
0
0
0
0
0
0
0
0
0
0
0
0
0
0
0
0
0
0
0.0695983
0.0695983
0.0695983
0.0702439
0.0702439
0.0702439
0.0702439
0
0
0
0.0703018
0.0703018
0.0703018
0.0696545
0.0695421
0
0.0695421
0.0695421
0
0.0695983
0.0700713
0.0700713
0.0700713
0.0700713
0
0.0700713
0.0700713
0.0700713
0.0708881
0.0708881
0.0708881
0.0708881
0.0708881
0.0700713
0
0
0
0
0
0.0631754
0.0631754
0.0631754
0.0631754
0.0631754
0.0631754
0
0
0
0
0
0
0
0
0
0.0430199
0.0430199
0.0430199
0.0430199
0.0430199
0.0430199
0.0430199
0.0430199
0.0452267
0.0452267
0
0.0452267
0.0430199
0.0430199
0
0
0.158114
0
0
0
0
0
0
0.0430199
0.0430199
0.0667326
0.0430199
0.0430199
0.0430199
0.045053
0.0430199
0.0430199
0.0430199
0
0
0.0430199
0.0430199
0.0430199
0.0430199
0.0430199
0.0660979
0.0660979
0.0660979
0
0
0
0
0.0659859
0.0659859
0.0659859
0
0.0659859
0.0659859
0.0659859
0
0.0659859
0
0
0
0
0
0
0
0
0
0
0
0
0
0
0
0
0
0
0
0
0
0
0
0
0
0
0
0
0
0
0
0
0
0
0
0
0
0
0
0
0
0
0
0
0
0
0
0
0
0
0
0
0
0
0
0
0
0
0
0.0448411
0.0448411
0.0448411
0.0448411
0.0448411
0.0448411
0.0448411
0.0430199
0.0430199
0
0
0
0
0
0
0
0
0
0
0.0430199
0.0430199
0
0
0.0628971
0.0430199
0.0430199
0.0430199
0.0631754
0
0
0
0
0
0
0
0
0
0
0
0
0
0
0
0
0
0
0
0
0
0
0
0
0
0
0
0
0
0
0
0
0
0
0
0
0
0
0
0
0
0
0
0
0
0
0
0
0
0
0
0
0
0
0
0
0
0
0
0
0
0
0
0
0
0
0
0
0
0
0
0
0
0
0
0
0
0
0
0
0
0
0
0
0
0
0
0
0
0
0
0
0
0
0
0
0
0
0
0
0
0
0
0
0
0
0
0
0
0
0
0
0.0430199
0.0430199
0.0430199
0.0631754
0.183942
0.0824786
0.109109
0
0
0
0
0
0
0.112272
0.22486
0
0
0.215945
0.1905
0
0
0.113961
0.111648
0
0
0
0
0.217072
0.228086
0
0.0631754
0
0
0
0
0.0430199
0.0430199
0
0
0
0
0
0
0
0
0
0
0
0
0.0430199
0.0430199
0
0
0.0430199
0.0430199
0.0430199
0
0
0
0
0
0.0691898
0
0
0
0
0
0
0
0
0.0430199
0.0430199
0
0
0.0444457
0.0430199
0.0430199
0
0
0
0
0
0
0
0
0
0
0
0.0430199
0.0430199
0
0
0.0729756
0.0430199
0.0430199
0.0430199
0
0
0
0
0
0
0
0.121268
0
0
0.0430199
0.0430199
0
0
0
0.0430199
0.0430199
0.0430199
0
0.0430199
0
0
0
0
0
0
0
0
0
0
0
0
0
0.0631754
0.0430199
0.0430199
0
0.0430199
0
0
0
0
0
0
0
0
0
0
0
0
0.0430199
0.0430199
0.0430199
0.0430199
0
0.0430199
0.0430199
0.0430199
0.0430199
0
0
0
0
0
0
0
0
0
0
0
0
0
0
0
0
0
0
0
0
0
0
0
0
0
0
0
0
0
0
0
0
0
0
0
0
0
0
0
0
0
0
0
0
0
0
0
0
0
0
0
0
0
0
0
0
0
0
0
0
0
0
0
0
0
0
0
0
0
0
0
0
0
0
0
0
0
0
0
0
0
0
0
0
0
0
0
0
0
0
0
0
0
0
0
0
0
0
0
0
0
0
0
0
0.0430199
0
0
0
0
0
0
0
0
0
0
0
0
0
0
0.0479317
0
0.0430199
0.0430199
0.0430199
0.0430199
0.0430199
0.0430199
0.0430199
0.0430199
0.0430199
0.201347
0.201347
0.205557
0
0.0430199
0.0685546
0.0430199
0.0430199
0.0430199
0.0430199
0.183942
0.0430199
0.0430199
0.0718988
0.0718988
0.0718988
0.0718988
0.0718988
0.0430199
0
0.0430199
0.0430199
0.0430199
0.0430199
0
0
0.0430199
0.0430199
0.0430199
0.0730838
0.0430199
0.0430199
0.0430199
0.0430199
0.180579
0.0430199
0.0430199
0
0.0430199
0.204124
0
0.207514
0.0430199
0.0430199
0
0.0430199
0.0430199
0.067352
0.067352
0
0.0430199
0.0430199
0.0430199
0.0430199
0.0430199
0.0430199
0.0430199
0.0430199
0.0430199
0.0430199
0.0430199
0.0430199
0.0430199
0.0430199
0.0430199
0.0430199
0.0430199
0.0430199
0.0430199
0.0746278
0.0746278
0.0746278
0.0746278
0
0
0.0430199
0.0430199
0.0430199
0.0430199
0.0746278
0.0746278
0.0746278
0
0
0
0.0742156
0.0742156
0.0746278
0.0746278
0
0
0
0
0
0
0
0
0
0
0
0
0
0
0
0.0430199
0.0430199
0.0430199
0.0430199
0
0
0
0
0
0
0
0
0
0
0
0
0
0
0
0
0
0
0
0.100167
0
0
0
0
0
0
0
0
0
0
0
0
0
0
0
0
0
0
0
0
0
0
0
0
0
0
0
0
0
0
0
0.34641
0
0
0.139422
0
0
0
0.167705
0.0771517
0
0
0.359211
0
0
0
0
0
0
0
0
0
0
0
0
0
0
0
0
0
0
0
0
0
0
0
0
0
0
0
0
0
0
0
0
0
0
0
0
0
0
0
0
0
0
0
0
0
0
0
0
0
0
0
0
0
0
0
0
0
0
0
0
0
0
0
0
0
0
0
0
0
0
0
0
0
0
0
0
0
0
0
0
0
0
0
0
0
0
0
0
0
0
0
0
0
0
0
0
0
0
0
0
0
0
0
0
0
0
0
0
0
0
0
0
0
0
0
0
0
0
0
0
0.056634
0.056634
0.056634
0.056634
0.056634
0.056634
0.056634
0.056634
0
0.056634
0.056634
0
0.056634
0.056634
0
0.056634
0
0
0
0
0
0
0
0
0
0
0
0
0
0
0
0
0
0
0
0
0
0
0
0
0
0
0
0
0
0
0
0
0
0
0
0
0
0
0
0
0
0
0
0
0
0
0
0
0
0
0
0
0
0
0
0
0
0
0
0
0
0
0
0
0
0
0
0
0
0
0
0
0
0
0
0
0
0
0
0
0
0
0
0
0
0
0
0
0
0
0
0
0
0
0
0
0
0
0
0
0
0
0
0
0
0
0
0
0
0
0
0
0
0
0
0
0
0
0
0
0
0
0
0
0
0
0
0
0
0
0
0
0
0
0
0
0
0
0
0
0
0
0
0
0
0
0
0
0
0
0
0
0
0
0
0
0
0
0
0
0
0
0
0
0
0
0
0
0
0
0
0
0
0
0
0
0
0
0.138972
0.138972
0
0.139422
0.189737
0.189737
0
0
0
0
0.139422
0
0
0
0
0
0
0
0
0
0
0
0
0
0
0
0
0
0
0
0
0
0
0
0
0
0
0
0
0
0
0
0
0
0
0
0
0
0
0
0
0
0
0
0
0
0
0
0
0
0
0
0
0
0
0
0
0
0
0
0
0
0
0
0
0
0
0
0
0
0
0
0
0
0
0
0
0
0
0
0
0
0
0
0
0
0
0
0
0
0
0
0
0
0
0
0
0
0
0
0
0
0
0
0
0
0
0
0
0
0
0
0
0
0
0
0
0
0
0
0
0
0
0
0
0
0
0
0
0
0
0
0
0
0
0
0
0
0
0
0
0
0
0
0
0
0
0
0
0
0
0
0
0
0
0
0
0
0
0
0
0
0
0
0
0
0
0
0
0
0
0
0
0
0
0
0
0
0
0
0
0
0
0
0
0
0
0
0
0
0
0
0
0
0
0
0
0
0
0
0
0
0
0
0
0
0
0
0
0
0
0
0
0
0
0
0
0
0
0
0
0
0
0
0
0
0
0
0
0
0
0
0
0
0
0
0
0
0
0
0
0
0
0
0
0
0
0
0
0
0
0
0
0
0
0
0
0
0
0
0
0
0
0
0
0
0
0
0
0
0
0
0
0
0
0
0
0
0
0
0
0
0
0
0
0
0
0
0
0
0
0
0
0
0
0
0
0
0
0
0
0
0
0
0
0
0
0
0
0
0
0
0
0
0
0
0
0
0
0
0
0
0
0
0
0
0
0
0
0
0
0
0
0
0
0
0
0
0
0
0
0
0
0
0
0
0
0
0
0
0
0
0
0
0
0
0
0
0
0
0
0
0
0
0
0
0
0
0
0
0
0
0
0
0
0
0
0
0
0
0
0
0
0
0
0
0
0
0
0
0
0
0
0
0
0
0
0
0
0
0
0
0
0
0
0
0
0
0
0
0
0
0
0
0
0
0
0
0
0
0
0
0
0
0
0
0
0
0
0
0
0
0
0
0
0
0
0
0
0
0
0
0
0
0
0
0
0
0
0
0
0
0
0
0
0
0
0
0
0
0
0
0
0
0
0
0
0
0
0
0
0
0
0
0
0
0
0
0
0
0
0
0
0
0
0
0
0
0
0
0
0
0
0
0
0
0
0
0
0
0
0
0
0
0
0
0
0
0
0
0
0
0
0
0
0
0
0
0
0
0
0
0
0
0
0
0
0
0
0
0
0
0
0
0
0
0
0
0
0
0
0
0
0
0
0
0
0
0
0
0
0
0
0
0
0
0
0
0
0
0
0
0
0
0
0
0
0
0
0
0
0
0
0
0
0
0
0
0
0
0
0
0
0
0
0
0
0
0
0
0
0
0
0
0
0
0
0
0
0
0
0
0
0
0
0
0
0
0
0
0
0
0
0
0
0
0
0
0
0
0
0
0
0
0
0
0
0
0
0
0
0
0
0
0
0
0
0
0
0
0
0
0
0
0
0
0
0
0
0
0
0
0
0
0
0
0
0
0
0
0
0
