0
0
0
0
0
0
0
0
0
0
0
0
0
0
0
0
0
0
0
0
0
0
0
0.0573068
0.0573068
0.0573068
0
0
0
0
0
0
0
0
0
0
0
0
0
0.0705785
0.0705785
0.0705785
0.0705785
0.0705785
0.0735961
0.0735961
0.0735961
0.0735961
0.0735961
0.0735961
0.0735961
0.0735961
0.0735961
0.0735961
0.0721101
0.0721101
0.0721101
0.0721101
0.0721101
0.0721101
0.0721101
0.0721101
0.0721101
0.0721101
0.0721101
0.0721101
0.0721101
0.0721101
0.0721101
0
0
0
0
0
0
0
0
0
0
0
0
0
0
0
0
0
0
0
0
0
0
0
0
0
0
0
0
0
0
0
0
0
0
0
0
0
0
0
0
0
0
0.075271
0.075271
0.075271
0.075271
0.075271
0.0805987
0.0805987
0.0805987
0
0
0
0
0
0
0
0
0
0
0
0
0
0
0
0
0
0
0
0
0
0
0
0
0
0
0
0
0
0
0
0
0
0
0
0
0
0
0
0
0
0
0
0
0
0
0
0
0
0
0
0
0
0.0573068
0
0.0750587
0.0706665
0.0754314
0
0.0705895
0
0
0.0787499
0.0705895
0.0706886
0.0705895
0
0
0
0
0
0
0
0
0.107951
0.107951
0.107951
0.107951
0.107951
0
0
0
0
0
0
0
0
0
0
0
0
0.0809445
0.0809445
0.0809445
0.0809445
0.0809445
0.0809445
0.0817861
0.0809445
0.0706005
0.0706005
0.0706005
0.0706005
0.0706005
0.0706225
0.0706225
0.0708436
0.0708436
0.0708436
0
0
0
0
0
0
0
0
0
0
0
0
0
0
0
0
0
0
0
0
0
0
0
0
0
0
0
0
0
0
0
0
0
0
0
0
0
0
0
0
0
0
0
0
0
0
0
0
0
0
0
0
0
0
0
0
0
0
0
0
0
0
0
0
0
0
0
0
0
0
0
0
0
0
0
0
0
0
0.0706225
0.0706225
0.0707438
0.0706225
0.070877
0.070877
0.070877
0.0706225
0.0706225
0.070877
0.0706225
0.0706225
0.0706225
0.070877
0.070877
0.070877
0.070877
0.070877
0.070877
0.0706555
0.0706555
0.0706555
0.070766
0.0710333
0.0710109
0.0710109
0.0711231
0.0742142
0
0
0
0
0.070766
0.070766
0.070766
0.070766
0.0706225
0.0706225
0.0706225
0.0706225
0.0706225
0.0706225
0.070766
0.0706225
0
0
0
0
0
0
0
0
0
0
0
0
0
0
0
0
0
0
0
0
0
0
0
0
0
0
0
0
0
0
0
0
0
0
0
0
0
0
0
0
0
0
0
0
0
0
0
0
0
0
0
0
0
0
0
0
0
0
0
0
0
0
0
0
0
0
0
0
0
0
0
0
0
0
0
0
0
0
0.070877
0.070877
0
0
0.070766
0.070766
0.070766
0.070766
0.070766
0.070766
0.0755929
0.0755929
0
0.075418
0.075418
0.070877
0.070877
0
0
0
0
0
0
0
0
0.070877
0.070877
0.070877
0.070877
0.070877
0.070877
0.070877
0
0
0
0
0
0
0
0.070877
0.0743294
0.070877
0
0.070877
0.070877
0.070877
0.070877
0.070877
0.070877
0.0721923
0.0743166
0.0760698
0.0767247
0.0862662
0
0.0708547
0
0
0
0
0
0
0.0719816
0.0733852
0.0708547
0.0708547
0.0708547
0.0708547
0.0784314
0.0784314
0.0784314
0
0
0
0
0
0
0
0
0
0
0
0
0
0
0
0
0
0
0
0
0
0
0
0
0
0
0
0
0
0
0
0
0
0
0
0
0
0
0
0
0
0
0
0
0
0
0
0
0
0
0
0
0
0
0
0
0
0
0
0.0726912
0.0727513
0.0727513
0.0753511
0.0758234
0.0758234
0.258738
0.0758643
0.160514
0
0.199254
0.0720867
0.0738591
0
0.0770514
0.0724405
0
0
0
0
0
0
0
0
0
0
0
0
0
0
0
0
0
0
0
0
0
0
0
0
0
0
0
0
0
0
0
0
0
0
0
0
0
0
0
0
0
0
0
0
0
0
0
0
0
0
0
0
0
0
0
0
0
0
0
0
0
0
0
0
0
0
0
0
0
0
0
0
0
0
0
0
0
0
0
0
0
0
0
0
0
0
0
0.0735961
0.0726553
0.0726553
0.070877
0.0706555
0.0738717
0.0738717
0
0
0
0.0726553
0.0726553
0.0816157
0.0726553
0.0726553
0.0817007
0.0706555
0.0706555
0.0734223
0
0
0
0
0
0
0
0
0
0
0
0
0
0
0
0
0
0
0
0
0
0
0
0
0
0
0
0
0.0714856
0
0.0710445
0
0.071935
0
0.0846288
0
0
0
0
0.078072
0
0
0
0
0.0733236
0
0.0752177
0.0706335
0
0.0751646
0.07144
0
0
0
0.078072
0
0
0
0.0712132
0
0.0746393
0
0
0
0.070877
0
0.0722629
0
0.0752044
0.0706335
0
0.0722747
0
0
0.0779978
0
0
0.0734099
0
0.0708103
0
0
0
0.0706225
0.0706225
0
0.0706225
0.0706225
0.075418
0.075418
0
0.075418
0.075418
0.0708325
0
0
0
0
0
0
0
0
0.070766
0.070766
0.070766
0.0744452
0.070877
0.0899615
0.0899615
0.0899615
0.0899615
0
0
0
0
0
0
0
0
0
0
0
0
0
0
0
0
0
0
0
0
0
0
0
0
0
0
0
0
0
0
0
0
0
0
0.0726553
0.0726553
0.0726553
0.0726553
0.0726553
0.0726553
0.0726553
0.0726553
0.0726553
0.0705895
0.0705895
0.0726553
0
0
0
0
0
0.0726553
0.0726553
0.0726553
0.0726553
0
0
0
0
0
0
0
0
0
0
0
0
0
0
0
0.0726553
0.0726553
0.14462
0.0726553
0.0796187
0.0796187
0.0796187
0.0796187
0
0.0796187
0.0796187
0.0796187
0.0796187
0.0799201
0
0.0805496
0.0805496
0.0805496
0.0805496
0
0.0805496
0.0805496
0.0805496
0.0805496
0.0807792
0
0.0726553
0
0.0726553
0.0726553
0.0740868
0
0
0.0787499
0.0788263
0
0.0726553
0.0726553
0.0726553
0.0726553
0
0.0726553
0.0726553
0
0.0726553
0.0726553
0.0726553
0.0726553
0.0726553
0
0.0726553
0.0726553
0
0
0
0.0847617
0.0726553
0
0
0
0
0
0
0
0
0.0808783
0.0839736
0
0.0726553
0.0867518
0
0.0726553
0.0740995
0.0726553
0.0726553
0.0726553
0.0778352
0
0.0778352
0
0.0778352
0
0.0726553
0
0.0726553
0.0856117
0.0726553
0
0.0726553
0.0726553
0.0726553
0
0.0726553
1
0.0726553
0
0.0726553
0.0855921
0.0726553
0
0
0.0726553
0
0
0
0
0
0
0
0
0
0
0
0.0793364
0
0.0726553
0.0792896
0.0792896
0.0792896
0.0793988
0
0
0
0
0
0
0
0
0
0
0
0
0
0
0
0
0
0
0
0
0
0
0
0
0.417029
0.0643489
0
0.0665558
0.06506
0.06506
0
0
0
0
0
0
0
0
0
0
0
0
0
0
0
0
0
0
0
0
0
0
0
0
0
0
0
0
0
0
0
0
0
0
0.0700569
0
0.0700569
0.0894427
0.0894427
0.0894427
0.0894427
0
0
0.0894427
0.0894427
0
0
0
0
0
0
0
0.0700569
0
0
0
0
0
0
0
0
0
0
0
0
0
0
0
0
0
0
0
0
0
0
0
0
0
0
0
0
0
0.0755255
0.0726553
0.0726553
0.0809776
0.0726553
0
0.0726553
0.0788876
0.0726553
0.0798087
0.0798087
0.0798087
0.0815139
0.0799361
0.0803543
0.0726553
0.0726553
0.0726553
0.0726553
0.0726553
0.0726553
0.0726553
0.0726553
0.0726553
0.0726553
0.0726553
0
0.0726553
0
0.0726553
0
0.0726553
0.0726553
0.0726553
0.0763325
0.0763325
0
0.0763325
0.0763325
0.0763325
0.0763325
0.0763325
0.0763325
0.0763325
0.0763325
0
0
0
0
0.0763325
0
0.0726553
0
0
0.125
0.070877
0
0
0
0
0
0
0
0
0
0.0738843
0.0738717
0.0738717
0.0738717
0.0738717
0.0738717
0.0738717
0.0738717
0.0738717
0.0738843
0.0738843
0
0
0
0
0
0
0
0
0
0.076444
0.076444
0
0
0
0
0
0
0
0
0
0
0
0
0
0
0
0
0
0
0
0
0
0
0
0
0
0
0
0
0
0
0
0
0
0
0
0
0
0
0.0760974
0.0760974
0
0.0760974
0
0
0
0.07698
0.0739095
0.0778794
0.0778942
0.0769658
0
0.0797611
0
0.0852222
0
0
0.0739095
0
0
0
0
0.0840292
0.082061
0.0739095
0.0787652
0.0739095
0
0.0738843
0.0739095
0.0739095
0.0770086
0.0770086
0.0770086
0.0739095
0.0746914
0
0
0
0.0739221
0.0747044
0
0
0
0
0
0
0
0
0
0
0
0
0
0
0
0
0
0
0
0
0
0
0
0
0
0.0840292
0.0840292
0
0.0840292
0.0840292
0
0
0
0
0
0
0
0
0
0
0
0
0
0
0
0
0
0
0
0
0
0
0
0
0
0
0
0
0
0
0
0
0
0
0
0
0
0
0
0
0
0
0
0
0
0
0
0
0
0
0
0
0
0.0808948
0.0808948
0.0808948
0.0808948
0.0808948
0.0808948
0
0.0860862
0.0860862
0
0.0860862
0.0860862
0
0
0
0
0
0.0738969
0.0824086
0
0.0826192
0
0
0
0.0824086
0.0779237
0.0793364
0.0826192
0.076584
0.0767388
0.0848189
0.0782511
0.0782511
0.0787347
0.0787347
0
0
0
0
0.0766402
0
0.0766402
0.0766402
0.0766402
0
0
0
0.0738969
0.0739221
0.0739221
0.0739853
0.0738969
0.0823736
0.0787347
0
0
0.0766402
0.0804844
0.0787347
0.0871834
0.0852415
0.0852415
0.0739853
0
0
0
0.0740106
0
0
0
0
0
0
0
0
0.0779237
0
0
0
0
0
0
0
0
0
0
0
0
0
0
0
0
0
0
0
0
0
0
0
0
0
0
0
0
0
0
0
0
0
0
0
0
0
0.0740106
0
0
0
0
0
0
0
0
0
0
0.0779237
0.0779385
0
0
0
0
0
0
0
0
0
0
0
0.0779237
0.0779237
0
0
0
0
0
0
0
0
0
0
0
0
0
0
0
0
0
0.0739095
0
0
0.0739095
0.0739095
0
0
0.0779237
0.0782211
0.0861461
0
0
0
0
0
0
0
0
0
0
0
0
0
0
0
0
0
0
0
0
0
0
0
0
0
0
0
0.082061
0
0
0
0
0
0
0
0
0.0770086
0.0770086
0.0770086
0.0770086
0.0770086
0.0770086
0.0770086
0.0770086
0.0770086
0.0770086
0.0770086
0.0770086
0.0770086
0.0770086
0.0770086
0.0770086
0.0770086
0.0770086
0.0770086
0.0770086
0.0706225
0.0706225
0.0706225
0.0742142
0
0
0.070877
0.0706225
0.0706225
0.0706225
0.0706225
0.0707438
0.0707438
0
0
0
0
0
0
0
0
0
0
0
0
0
0
0
0
0
0
0
0
0
0
0
0
0
0
0
0
0
0
0
0
0
0
0
0
0.0738969
0.0738969
0.0738969
0.0738969
0.0738969
0
0
0
0
0
0
0
0
0
0
0
0
0
0
0
0
0.0705895
0.126239
0
0
0.0726553
0.0726553
0.0726553
0.0726553
0.0726553
0.0726553
0.0726553
0.0726553
0.0726553
0.0726553
0.0726553
0.0726553
0.0726553
0.0726553
0.0726553
0.0726553
0.0726553
0.0726553
0.0726553
0.0726553
0
0
0.0747696
0.081211
0.0726553
0.0726553
0.0726553
0.0726553
0.0726553
0.0726553
0.0726553
0.0726553
0.0726553
0.0726553
0.0726553
0.0726553
0.0726553
0.0726553
0.0726553
0.0726553
0.0726553
0.0726553
0.0726553
0.0726553
0.0726553
0.0726553
0.0726553
0.0726553
0.0726553
0.0726553
0.0726553
0.0726553
0.0726553
0.0726553
0.0726553
0.0726553
0.0726553
0.0726553
0.0726553
0.0726553
0.0726553
0.0726553
0.0726553
0.0726553
0.0726553
0.0726553
0.0726553
0.0726553
0.0726553
0.0726553
0.0726553
0.0726553
0.0726553
0.0726553
0.0726553
0.0726553
0.0726553
0.0726553
0.0726553
0.0726553
0.0726553
0.0726553
0.0726553
0.0726553
0.0726553
0.0726553
0.0726553
0.0726553
0.0726553
0.0726553
0.0726553
0.0726553
0.0726553
0.0726553
0.0726553
0.0726553
0.0726553
0.0726553
0.0726553
0.0726553
0.0726553
0.0726553
0.0726553
0.0726553
0.0726553
0.0726553
0.0726553
0.0726553
0.0726553
0.0726553
0.0726553
0.0726553
0.0726553
0.0726553
0.0726553
0.0726553
0.0726553
0.0726553
0.0726553
0.0726553
0.0726553
0.0726553
0.0726553
0.0726553
0.0726553
0.0726553
0.0726553
0.0726553
0.0726553
0.0726553
0.0726553
0.0726553
0.0726553
0.0726553
0.0726553
0.0726553
0.0726553
0.0726553
0.0726553
0.0726553
0.0726553
0.0726553
0.0726553
0.0726553
0.0726553
0.0726553
0.0726553
0.0726553
0.0726553
0.0726553
0.0726553
0.0726553
0.0726553
0.0726553
0.0726553
0.0726553
0.0726553
0.0726553
0.0726553
0.0726553
0.0726553
0.0726553
0.0726553
0.0726553
0.0726553
0.0726553
0.0726553
0.0726553
0.0726553
0.0726553
0.0726553
0.0726553
0.0726553
0.0726553
0.0726553
0.0726553
0.0726553
0.0726553
0.0726553
0.0726553
0.0726553
0.0726553
0.0726553
0.0726553
0.0726553
0.0726553
0.0726553
0.0726553
0.0726553
0.0726553
0.0726553
0.0726553
0.0726553
0.0726553
0
0
0.0726553
0.0726553
0.0726553
0.0726553
0.0726553
0.0726553
0.0726553
0.0726553
0.0726553
0.0726553
0.0726553
0.0726553
0.0726553
0.0726553
0.0726553
0.0726553
0.0726553
0.0726553
0.0726553
0
0.0818374
0
0
0
0.0726553
0
0
0
0
0
0
0
0
0
0
0
0
0
0
0
0
0
0
0
0
0
0
0
0
0
0
0
0
0
0
0
0
0
0
0
0
0
0
0
0
0
0
0
0
0
0
0
0
0
0
0
0
0
0
0
0
0
0
0.079603
0
0.079603
0.079603
0
0
0
0
0
0
0
0.0754314
0.0754314
0.0861861
0.0754314
0.0726553
0.0726553
0.0726553
0.0788723
0.0788723
0.0788723
0.0791033
0.0788723
0.0791033
0.0791033
0
0
0.078903
0.078903
0
0
0
0.078903
0
0
0
0.0763325
0
0
0.0763325
0.0763325
0.0763325
0.0763325
0.0763325
0
0
0
0
0.0763325
0.0726553
0.0726553
0.0863265
0.0809942
0.0861461
0.081211
0.0753645
0
0.0726553
0.0726553
0.0726553
0.0726553
0.0747696
0.0747696
0.0747696
0.0747696
0
0.0726553
0.0726553
0
0
0
0.0726553
0.0726553
0
0
0
0
0
0
0
0.0726553
0.0726553
0.0726553
0.0726553
0.0726553
0.0726553
0.0726553
0.0726553
0.0726553
0.0726553
0.0726553
0.0726553
0.0726553
0
0
0
0.0726553
0.0726553
0
0
0
0
0
0
0
0
0
0
0
0
0
0
0
0
0
0
0
0.0804193
0
0
0
0
0
0
0
0.0861461
0.0726553
0.0726553
0.0726553
0.0863868
0
0
0
0
0
0
0
0
0
0
0
0
0
0
0.0786889
0
0
0
0
0
0
0
0.0786889
0.0866093
0.0830097
0
0
0
0
0.0858678
0.0869771
0.0854163
0
0.0861861
0.0861861
0.0861861
0.0861861
0.0861861
0
0
0.0788723
0.0788723
0.0810108
0.0810108
0.0810108
0.0864272
0.0864272
0
0.0864272
0.0864272
0.0864272
0
0.0864272
0.0864272
0.0864272
0.0864272
0.0810108
0.0814463
0.16169
0.16169
0.16169
0.16169
0
0
0
0
0
0
0.16169
0.16169
0.177471
0.177471
0
0
0
0.1849
0.1849
0
0
0
0
0.202031
0.177471
0.177471
0.16169
0.16169
0
0.0866093
0.0866093
0.0866093
0.0866093
0.0866093
0.0866093
0.0866093
0.0866093
0.0866093
0.0866093
0
0.0866093
0.0866093
0.0866093
0
0.0866093
0
0.0866093
0.0866093
0.0855921
0.0855921
0.0857099
0.0857099
0.0855921
0.075674
0.075674
0.0726553
0.0726553
0.0726553
0.0726553
0.0726553
0.0726553
0
0
0
0.0775275
0.0756199
0
0
0.0779385
0.0775858
0.0775858
0
0
0
0
0
0
0
0
0
0
0
0
0
0
0
0
0
0
0
0
0.0705895
0
0
0
0
0
0
0
0.0756605
0.0756605
0.0756605
0
0
0
0
0
0
0
0
0
0
0
0
0
0.0818032
0.0818032
0
0.0798246
0.0786129
0.0786129
0.135691
0
0.13632
0
0.136558
0.07954
0.0776882
0.0756199
0.0840848
0.0806806
0.0806806
0.0802088
0.0802088
0.0756334
0
0
0.0896672
0
0
0
0
0
0.478091
0
0.0766261
0.0766261
0.0766261
0
0.0766261
0.0778499
0.0766261
0.0766965
0
0.0726553
0.0726553
0.0726553
0.0726553
0.0726553
0
0
0
0
0.0792896
0.0726553
0.0790261
0.0726553
0
0
0
0.0762354
0.0726553
0
0
0
0
0
0.0726553
0.0726553
0.0726553
0.0726553
0.0726553
0.0726553
0.0726553
0.0726553
0.0726553
0.0726553
0.0726553
0.0726553
0.0726553
0.0726553
0.0726553
0
0
0
0
0
0
0
0
0
0
0.0862061
0.0726553
0.0726553
0.083189
0.0797769
0
0.0797769
0
0.0797769
0.0797769
0
0
0.0797769
0.080697
0
0.080697
0
0.080697
0.080697
0
0
0.080697
0
0
0
0
0.0726553
0.131876
0
0
0
0
0
0
0.080697
0.080697
0.080697
0
0.0757418
0.114239
0.114239
0.114239
0.151947
0.151947
0.181071
0.151947
0.114239
0.114239
0.114239
0.114239
0.114239
0.116891
0
0.0818203
0.0889768
0.0726553
0.0798882
0.0800641
0.0800641
0
0
0
0
0
0
0.0726553
0.0726553
0.0726553
0
0.0726553
0.0726553
0.0726553
0.0726553
0.0726553
0.0726553
0.0726553
0.0726553
0
0
0.0726553
0
0.0726553
0
0.0726553
0.0726553
0.0726553
0.0726553
0.0726553
0.0726553
0
0.0726553
0.0726553
0.0726553
0.0726553
0.0726553
0
0
0
0
0.0726553
0
0.0726553
0.0810275
0.0810275
0
0
0.0810275
0
0
0
0
0
0
0
0
0
0.0803219
0.0803219
0.0803219
0.0805333
0
0
0
0
0
0
0
0
0
0
0
0
0
0
0
0
0
0
0
0
0
0.0726553
0
0
0
0
0
0
0
0
0.0821995
0.0822342
0.0822342
0.0822342
0
0.0822342
0
0
0
0.0821995
0
0
0
0
0
0
0
0
0
0
0
0
0
0
0
0
0
0
0
0
0
0
0
0
0
0
0
0
0
0
0
0
0
0
0
0
0
0
0
0
0
0
0
0
0
0
0
0
0
0
0
0
0
0
0
0
0
0
0
0
0
0
0
0
0
0
0
0
0
0
0
0.0726553
0.0726553
0.0726553
0.0726553
0.0726553
0
0
0
0
0
0
0
0
0
0
0
0
0
0
0
0
0
0
0.0856117
0
0
0
0.0878962
0
0
0
0.0879812
0
0.0879812
0.0825664
0.086711
0.101929
0
0.103975
0.103975
0.103975
0.103975
0.103975
0.103975
0
0
0
0
0.103975
0.137361
0
0.137361
0.137361
0.137361
0.137361
0
0
0
0.103975
0.103975
0.103975
0.103975
0.137361
0
0.141421
0
0.162758
0.137361
0
0
0
0
0
0
0
0
0.0803868
0.115857
0.0812444
0.0882162
0.0882162
0
0.0882162
0
0.0882162
0.0882162
0.0813957
0.0883452
0
0.0726553
0.0726553
0.0726553
0.0726553
0.0726553
0.0760561
0.0859669
0.086711
0.086711
0.086711
0.086711
0.086711
0.0726553
0.0726553
0.0726553
0.0726553
0
0
0
0
0
0
0
0
0
0
0
0
0.0726553
0.0763325
0.0763325
0.0763325
0.0763325
0.0763325
0.0763325
0.0763325
0.0763325
0.0763325
0.0763325
0.0763325
0.0763325
0
0
0
0
0.0763325
0
0.0763325
0.0763325
0.0763325
0.0763325
0
0
0
0
0
0
0
0
0
0
0
0
0
0
0
0
0
0
0
0
0
0
0
0
0
0
0
0
0
0.0853774
0.0726553
0.0726553
0.0726553
0.0726553
0.0726553
0.0726553
0.0726553
0.0726553
0.0726553
0.0726553
0.0726553
0.0726553
0.0726553
0.0726553
0.0755524
0.0756334
0
0.0756334
0.0756334
0.0756334
0
0.0834784
0.0834784
0
0.0834784
0.0834784
0.0834784
0.0834784
0
0
0
0
0
0
0
0
0
0
0
0
0
0
0
0
0
0.142857
0.169031
0
0
0
0
0
0
0
0
0
0
0
0
0
0
0
0
0
0
0
0
0
0
0
0
0
0.0726553
0.0726553
0.101929
0.0756334
0.0726553
0.0726553
0.0726553
0.0726553
0.0726553
0.0726553
0.0742525
0.0742525
0.0839181
0.0726553
0.0726553
0
0.0726553
0.0807957
0.0726553
0.0866499
0.0726553
0.0726553
0.0726553
0
0
0
0
0.0726553
0
0
0
0
0
0.0726553
0
0.0726553
0.0726553
0.0726553
0.0726553
0
0.0726553
0.0726553
0.0726553
0.0726553
0.0726553
0.0726553
0.0726553
0.0726553
0.144905
0.0726553
0.0763325
0.0763325
0.0763325
0.0763325
0.0763325
0.0763325
0.0763325
0.0763325
0.097474
0.105851
0
0
0
0
0
0
0
0
0
0
0
0
0
0
0
0
0
0.0726553
0.0726553
0
0
0
0
0
0
0
0
0
0
0
0
0.0726553
0.0726553
0
0
0
0.0726553
0.0726553
0.0763325
0
0
0.0726553
0.0726553
0
0
0
0
0
0.081278
0
0
0
0
0
0
0
0
0.0726553
0.0726553
0
0
0
0.0726553
0.0726553
0
0
0
0
0
0
0
0
0
0
0
0.0726553
0.0726553
0
0.0888669
0.0872872
0
0.0726553
0.0726553
0
0
0
0
0
0
0
0
0
0
0.0726553
0.0726553
0
0
0
0
0.0726553
0.0726553
0.0726553
0.0756876
0
0
0
0
0
0
0
0.0726553
0.0889328
0
0
0
0
0.0855725
0
0
0
0
0.0763604
0.0726553
0.0726553
0.0670402
0
0
0
0
0
0
0
0
0
0.0726553
0.0726553
0
0
0
0.0726553
0.0726553
0.0726553
0
0
0
0
0
0
0
0
0
0
0.0763325
0.0726553
0.0726553
0
0.0726553
0
0.204124
0
0
0
0
0
0
0
0.0726553
0.0726553
0.0726553
0.0726553
0
0
0
0
0
0.122859
0.328798
0
0
0
0
0
0
0
0
0
0
0
0
0.0726553
0.0726553
0
0
0
0
0
0
0
0.0726553
0.0726553
0.0726553
0.0726553
0.0824786
0
0
0
0
0
0
0
0
0
0
0
0
0
0
0
0
0
0
0
0
0
0
0
0
0
0
0
0
0
0
0
0
0
0
0
0
0
0
0
0
0
0
0
0
0
0
0
0
0
0
0
0
0
0
0
0
0
0
0
0
0
0
0
0
0
0
0
0
0
0
0
0
0
0
0
0
0
0
0
0
0
0
0
0
0
0
0
0
0
0
0
0
0
0
0
0
0
0
0
0
0
0
0
0
0
0
0
0
0
0
0
0
0
0
0
0
0
0
0
0.0726553
0.0726553
0.0726553
0.0726553
0.0726553
0
0.0854358
0
0.0726553
0.0726553
0.0850294
0.0726553
0.0726553
0
0
0
0
0
0
0.0852029
0
0.0857493
0.0851642
0
0
0
0
0.301511
0
0
0
0.0852997
0
0
0
0.0862863
0.0852415
0.0851642
0
0
0.204124
0
0
0.0863466
0
0
0
0
0
0
0
0
0
0
0
0
0
0
0
0
0.0851257
0.0851257
0
0
0
0
0
0
0
0
0
0
0.0853385
0
0.0850871
0
0
0
0
0
0.0863868
0.0863868
0.0863868
0.0863868
0.0863868
0.0863868
0.0863868
0.0863868
0.0863868
0
0
0
0
0
0
0
0
0
0
0
0
0
0
0
0
0
0
0
0
0
0
0
0
0
0
0
0
0.0863868
0.086407
0
0.0863868
0.0726553
0.0726553
0.0726553
0.0857099
0
0.0861461
0.0864878
0.0862662
0
0.0861461
0
0
0
0
0
0
0
0
0
0
0
0
0
0
0
0
0
0
0
0
0
0
0
0
0
0
0
0
0
0
0.0866093
0.0866093
0.0866093
0.0866093
0.0866093
0.0866093
0.0866093
0
0.0866093
0.0866093
0
0.0866093
0.0866093
0.0866093
0
0
0
0
0
0
0
0
0
0
0.0866093
0.0866093
0
0.0866093
0
0
0
0
0
0
0
0
0
0
0
0
0
0
0
0
0
0
0
0
0
0
0
0
0
0
0
0
0.0866499
0.0866906
0
0.086711
0
0.086711
0.0867314
0
0.0866499
0.0866499
0
0.0866499
0.0866499
0.0866499
0.0867518
0
0
0
0.0866499
0.0866499
0.0726553
0.0726553
0.0726553
0.0726553
0.0726553
0.0726553
0.0726553
0.0726553
0.0726553
0.0726553
0.0863868
0.0863868
0.0726553
0.0726553
0.0787652
0.0726553
0.0861661
0.0863064
0.609994
0.0864272
0.0863064
0.0806642
0.0861861
0.336861
0.0726553
0.0726553
0.0791033
0
0
0
0.0791343
0.0726553
0.0726553
0.0863868
0.0863868
0.0726553
0.0726553
0.0726553
0.0726553
0.0726553
0.0726553
0.0726553
0.0726553
0.0726553
0.0726553
0.0726553
0.0726553
0.0782211
0.0782211
0.0782211
0
0
0
0
0
0
0
0.0726553
0.0726553
0.0726553
0.0726553
0.0726553
0.0726553
0.0726553
0
0
0.0863868
0.0863868
0
0.0863868
0
0
0
0
0
0
0
0.084591
0.084591
0
0
0
0
0
0
0.0726553
0.086407
0.0866296
0
0.0726553
0
0
0
0
0
0
0
0
0
0
0
0
0
0.0726553
0.0726553
0.0726553
0.0726553
0.0726553
0.0726553
0.0726553
0.0726553
0.0726553
0.0726553
0.0726553
0.0726553
0.0726553
0.0726553
0.0726553
0.0726553
0.0726553
0.0726553
0.0726553
0.0726553
0.0726553
0.0726553
0.0726553
0.0726553
0.0726553
0.0726553
0.0726553
0.0726553
0.0726553
0.0726553
0.0726553
0.0726553
0.0726553
0.0726553
0.0726553
0.0726553
0.0726553
0.0726553
0.0726553
0.0726553
0.0726553
0.0726553
0.0726553
0.0726553
0.0726553
0.0726553
0.0726553
0.0726553
0.0726553
0.0726553
0.0726553
0.0726553
0.0726553
0.0726553
0.0726553
0.0726553
0.0726553
0
0
0
0
0
0
0
0
0
0
0
0
0
0
0
0
0
0
0
0
0
0
0
0
0
0
0
0
0
0
0
0
0
0
0
0
0
0
0
0.0726553
0.0726553
0.0726553
0.0726553
0.0726553
0.0726553
0.0726553
0.0726553
0
0.0726553
0.0726553
0.0726553
0.077123
0
0.0776151
0.0776151
0.0772235
0
0.0777175
0.0777175
0.0777175
0
0.0775275
0.0792584
0.0778499
0.0778499
0.0785371
0.0785371
0.167248
0.0781018
0
0
0
0
0
0.0781018
0.0756199
0.0896672
0.0896672
0
0.0896672
0.0896672
0.0896672
0
0
0.0840848
0.089398
0.089398
0.089398
0.089398
0.089398
0.089398
0.089398
0
0
0
0.089398
0
0.0756334
0.0756334
0
0.0756334
0.0756334
0.0763325
0.0726553
0.0726553
0.0726553
0.0726553
0.0726553
0.0726553
0.0726553
0.086711
0.0861261
0
0
0
0.0726553
0.079603
0
0.0763325
0.0763325
0.0819404
0.0832431
0.0832431
0.0801283
0.0801283
0.07954
0.0726553
0.0726553
0.0726553
0.0726553
0.0806314
0.0806314
0
0
0.0806314
0.0806314
0.0768804
0.0768804
0.0768804
0.0768804
0.0768804
0.0768804
0.0768804
0
0
0
0
0
0
0
0
0
0
0
0
0
0
0
0
0
0
0
0
0
0
0
0
0
0
0
0
0
0
0
0
0
0
0
0
0
0.0815987
0.0815987
0.0815987
0.0815987
0.0815987
0
0
0
0
0
0
0
0
0
0
0
0
0
0
0.0790261
0.0790261
0
0.0790415
0.0790415
0
0
0
0
0
0
0
0
0
0
0
0
0
0
0
0
0
0
0
0
0
0
0
0
0
0
0
0
0
0
0
0
0
0
0
0
0
0
0
0
0
0
0
0
0
0
0
0
0
0
0
0
0
0.0774548
0
0
0
0
0
0
0
0
0
0
0
0
0
0
0
0
0.126239
0.126239
0.126239
0.126239
0.126239
0.126239
0.126239
0.126239
0.126239
0.126239
0.126239
0.126239
0.126239
0.0891756
0
0.0963366
0
0.0963366
0.0963366
0.109764
0.146647
0
0
0
0
0
0
0
0
0
0
0
0
0
0
0
0
0
0
0
0
0
0
0
0
0
0
0
0
0
0
0
0
0
0
0
0
0
0
0
0
0
0
0
0.206284
0
0.0768804
0.0768804
0.0768804
0.0768804
0.0768804
0.0768804
0
0
0
0
0
0
0
0
0
0
0
0
0
0
0
0
0
0
0
0
0
0
0
0
0
0
0
0
0
0
0
0
0
0
0
0.0726553
0.0726553
0.0726553
0.0726553
0
0
0
0
0.0705895
0
0
0
0
0
0
0
0
0
0
0
0
0
0
0
0
0
0
0
0
0
0
0
0
0
0
0
0
0
0
0
0
0
0
0
0
0
0
0
0
0
0
0
0
0
0
0
0
0
0
0.0726553
0.0726553
0.0726553
0.0726553
0.0726553
0.0726553
0.0726553
0.0882377
0
0.0882377
0.0882377
0.4
0.0883883
0.0883883
0.0883883
0.0887575
0.0887575
0.0887575
0.0887575
0.5547
0.0888012
0.0888012
0.0888012
0.0888012
0.0888012
0.0895099
0.0895099
0
0.0888012
0.089398
0.0888012
0.264906
0.0888012
0.089398
0.089398
0.0888012
0.0884315
0
0.0884315
0.0864675
0.0864675
0.0864675
0.0866703
0.0866703
0.0866703
0.0866703
0
0
0
0.086813
0
0.086813
0
0.086854
0.086854
0.086854
0.0866499
0.0857887
0.232495
0.0864878
0.0825664
0.0825664
0.0825664
0.0825664
0
0.0825664
0.0825664
0.0825664
0.0833153
0.0833153
0.0833153
0.0833153
0.0833153
0.0825664
0
0
0
0
0
0
0.0763325
0.0763325
0.0763325
0.0763325
0.0763325
0.0763325
0
0
0
0
0
0
0
0
0.0854358
0.0855138
0.0855138
0.0855138
0.0857099
0.0857099
0
0.0855138
0
0
0.0726553
0.0726553
0.0726553
0.0726553
0.0726553
0.0726553
0.0726553
0.0726553
0.0757554
0.0757554
0
0.0757554
0.0726553
0.0726553
0
0
0.0844213
0
0
0
0
0
0
0.0726553
0.0726553
0.0726553
0
0
0.0726553
0.0726553
0.0726553
0.0726553
0.0726553
0.0726553
0.0726553
0.0726553
0.0726553
0.0726553
0.0726553
0
0.0726553
0.0726553
0.0726553
0.0726553
0
0.0726553
0.0726553
0.0726553
0.0726553
0
0.0726553
0.0726553
0.0726553
0.0726553
0.0894204
0.0894204
0.0894204
0.0894204
0
0
0
0
0.0726553
0.0726553
0.0726553
0.0726553
0.0726553
0.0726553
0.0726553
0.0726553
0.0726553
0.0726553
0
0.0726553
0.0726553
0.0726553
0
0
0
0
0
0.0884748
0
0.0887575
0.872872
0.0889328
0.0889328
0.0889328
0.0889328
0
0.0889328
0.0889328
0.0889328
0.58346
0.0889328
0.0889328
0.0890871
0.0890871
0.0890871
0.58346
0.0890871
0
0.0890871
0.0894651
0.603023
0.0890871
0.0889328
0.512148
0.512148
0.512148
0.512148
0.512148
0.512148
0.0894651
0.0889328
0.596285
0
0
0
0
0
0
0
0
0
0
0
0
0
0
0
0.089065
0
0.0891978
0
0
0.365148
0.365148
0.365148
0.365148
0.365148
0.4
0.365148
0.365148
0.365148
0.4
0.4
0.4
0.4
0.4
0.516398
0
0.0887357
0.0884748
0.0884099
0
0.0726553
0.0726553
0.0726553
0.0726553
0.0864878
0.730297
0.970143
0
0
0
0
0
0.0866296
0.730297
0
0
0
0.730297
0.0864878
0.0866093
0.0866093
0.0866093
0.0866093
0.0866093
0.0866093
0.0866093
0.0866093
0.0866093
0.0866093
0.0866093
0.0866093
0
0
0.0866093
0.0866093
0
0.0866093
0.0866093
0.0866093
0
0.0866093
0.0726553
0.0726553
0.0726553
0.0726553
0.0726553
0.0726553
0.0726553
0.0726553
0.0726553
0.0726553
0.0726553
0.0726553
0.0774548
0.0774548
0.0774548
0.0774548
0.282843
0.282843
0.0726553
0.0726553
0.0726553
0.0726553
0.0774548
0.0774548
0.0774548
0
0
0
0.0774403
0.0774403
0.0774403
0.0774403
0
0
0.16169
0.16169
0.0726553
0.0726553
0
0
0
0
0
0
0
0
0
0.0726553
0.0726553
0.0726553
0
0
0
0
0
0
0
0
0
0.0726553
0.0726553
0.0726553
0.0726553
0.0726553
0.0726553
0.0726553
0.0726553
0.0726553
0.0726553
0.0726553
0.0726553
0.0768662
0.0768662
0
0.0768804
0.0726553
0.0808783
0.0726553
0.0726553
0.0726553
0.0726553
0
0.0726553
0.0726553
0.0853774
0.0853774
0.0853774
0.0853774
0.0853774
0.0726553
0
0.0726553
0
0
0
0
0
0.0726553
0.0726553
0.0726553
0.0726553
0.0726553
0.0726553
0.0854748
0
0.0726553
0
0
0
0
0
0
0
0
0
0
0
0
0
0
0
0.0726553
0.0766542
0.0726553
0.086589
0.0726553
0.086589
0.086589
0
0.0866093
0
0
0.0726553
0.0726553
0.0726553
0.0726553
0.0726553
0.0726553
0.0726553
0.0726553
0
0.0726553
0.0726553
0
0.0726553
0
0
0
0.0726553
0.0726553
0
0.0726553
0.0726553
0.0805659
0.0805659
0
0.0726553
0.0726553
0.0726553
0.0726553
0.0726553
0.0726553
0.075271
0.075271
0.075271
0.075271
0
0
0
0
0.0826898
0.0826545
0.0786889
0.0786889
0.0786889
0
0
0
0
0
0
0
0
0
0
0
0
0
0
0
0
0
0
0
0
0
0
0
0.0741377
0.0741377
0
0
0
0
0
0
0
0
0
0
0
0
0
0
0
0.0738843
0.0738843
0
0
0
0
0
0
0
0
0
0
0
0
0
0
0
0
0
0
0
0
0
0
0
0
0
0
0
0
0
0
0
0
0
0
0
0
0
0
0
0
0
0
0
0
0
0
0
0
0
0
0
0
0
0
0
0
0
0
0
0
0
0
0
0
0
0
0
0
0
0
0
0
0
0
0
0
0
0
0
0
0
0
0
0
0
0
0
0
0
0
0
0
0
0
0
0
0
0
0
0
0
0
0
0
0
0
0
0
0
0
0
0
0
0
0
0
0
0
0
0
0
0
0
0
0
0
0
0
0
0
0
0
0
0
0
0
0
0
0
0
0.0752177
0
0.0574722
0
0
0
0
0
0
0
0
0
0
0
0
0
0
0
0
0
0
0
0
0
0
0
0
0
0
0
0
0
0
0.070766
0.070766
0.070766
0
0.070766
0
0
0
0
0
0
0
0
0
0
0
0
0
0
0
0
0
0
0
0
0
0
0
0
0
0
0
0.0705895
0
0
0.0705895
0.0705895
0.0705895
0.0705895
0.0705895
0
0
0.0705895
0.0705895
0.0767247
0.0767247
0.0767247
0.0767247
0.0767247
0.0767247
0.0767247
0.0767247
0
0.0767247
0.0767247
0
0.0767247
0.0767247
0
0.0767247
0.0739095
0.0739095
0.0739095
0.0739095
0.0739095
0.0739095
0.0739095
0.0739095
0
0.0739095
0.0739095
0
0.0739095
0.0739095
0.0739095
0.0739095
0
0.0739095
0.0739095
0.0739095
0.0739095
0.0739095
0.0739095
0.0739095
0
0.0739095
0.0739095
0.0739095
0.0739221
0.0739221
0
0
0
0
0
0.0739221
0.0739221
0.0859074
0
0
0
0
0.0859074
0.0753912
0
0
0
0
0
0.0753912
0
0
0.0808948
0
0
0
0
0
0
0
0
0
0
0
0.0808948
0
0
0
0
0
0
0
0.0808948
0.0808948
0.0808948
0
0
0
0
0
0.0860862
0.0860862
0.0860862
0
0
0
0
0
0
0
0
0
0
0
0
0
0
0
0
0
0
0
0
0
0
0
0
0
0
0
0
0
0
0
0
0
0
0
0
0
0
0
0
0
0
0
0
0
0.0840292
0.0840292
0.0840292
0
0.0782511
0.0782511
0.0782511
0.0782511
0
0
0
0
0
0
0
0
0
0
0
0.0787347
0.0787347
0.0787347
0.0787347
0
0
0
0
0
0
0
0
0
0
0
0
0
0
0
0.0852415
0.0852415
0.0852415
0.0852415
0
0
0
0
0
0
0
0
0
0
0
0
0
0
0
0
0
0
0
0
0
0
0
0
0
0
0
0
0
0
0
0
0
0
0
0
0
0
0
0
0.076444
0.076444
0.076444
0.076444
0
0
0
0
0
0
0
0
0
0
0
0
0
0
0
0
0
0
0
0
0
0
0
0
0
0
0
0
0
0
0
0
0
0
0
0
0
0
0
0
0
0
0
0
0
0
0
0
0
0
0
0
0
0
0
0
0
0
0
0
0
0
0
0
0
0
0
0
0
0
0
0
0
0
0
0
0
0
0
0
0
0
0
0
0
0
0
0
0
0
0
0
0
0
0
0
0
0
0
0
0
0
0
0
0
0
0
0
0
0
0
0
0
0
0
0
0
0
0
0
0
0
0
0
0
0.0779237
0.0739853
0.082061
0
0
0.0705895
0.0705895
0.0705895
0.0705895
0
0
0
0
0
0
0
0
0
0
0
0
0
0
0
0
0
0
0
0
0
0
0
0
0
0
0
0
0
0
0
0
0
0
0
0
0
0
0
0
0
0
0
0
0
0
0
0
0
0
0
0
0
0
0
0
0
0
0
0
0
0
0
0
0
0
0
0
0
0
0
0
0
0
0
0
0
0
0
0
0
0
0
0
0
0
0
0
0
0
0
0
0
0
0
0
0
0
0
0
0
0
0
0
0
0
0
0
0
0
0
0
0
0
0
0
0
0
0
0
0
0
0
0
0
0
0
0
0
0
0
0
0
0
0
0
0
0
0
0
0
0
0
0
0
0
0
0
0
0
0
0
0
0
0
0
0
0
0
0
0
0
0
0
0
0
0
0
0
0
0
0
0
0
0
0
0
0
0
0
0
0
0
0
0
0
0
0
0
0
0
0
0
0
0
0
0
0
0
0
0
0
0
0
0
0
0
0
0
0
0
0
0
0
0
0
0
0
0
0
0
0
0
0
0
0
0
0
0
0
0
0
0
0
0
0
0
0
0
0
0
0
0
0
0
0
0
0
0
0
0
0
0
0
0
0
0
0
0
0
0
0
0
0
0
0
0
0
0
0
0
0
0
0
0
0
0
0
0
0
0
0
0
0
0
0
0
0
0
0
0
0
0
0
0
0
0
0
0
0
0
0
0
0
0
0
0
0
0
0
0
0
0
0
0
0
0
0
0
0
0
0
0
0
0
0
0
0
0
0
0
0
0
0
0
0
0
0
0
0
0
0
0
0
0
0
0
0
0
0
0
0
0
0
0
0
0
0
0
0
0
0
0
0
0
0
0
0
0
0
0
0
0
0
0
0
0
0
0
0
0
0
0
0
0
0
0
0
0
0
0
0
0
0
0
0
0
0
0
0
0
0
0
0
0
0
0
0
0
0
0
0
0
0
0
0
0
0
0
0
0
0
0
0
0
0
0
0
0
0
0
0
0
0
0
0
0
0
0
0
0
0
0
0
0
0
0
0
0
0
0
0
0
0
0
0
0
0
0
0
0
0
0
0
0
0
0
0
0
0
0
0
0
0
0
0
0
0
0
0
0
0
0
0
0
0
0
0
0
0
0
0
0
0
0
0
0
0
0
0
0
0
0
0
0
0.0705455
0.0705455
0.0705455
0
0
0.0705895
0.0705895
0.0705895
0.0705895
0.103005
0.0729689
0.0709327
0.0772235
0.0772235
0.0772812
0.0772235
0.0729689
0
0.0705455
0.0705455
0.0709104
0
0
0.0705895
0.0705895
0.0705895
0.0705895
0.0705895
0.0705895
0
0
0
0
0
0
0.0705895
0.0705895
0.0705895
0.0705895
0.0705895
0.0705895
0.0705895
0.0705895
0
0
0
0.103005
0.0709327
0.0776443
0.0776443
0.0776443
0.0892421
0.0892421
0.0706115
0
0.0705346
0.0705346
0.0705346
0.0705346
0.0706115
0.101797
0.101797
0.101797
0.101797
0.101797
0.101797
0.101797
0.101797
0.101797
0.101797
0.113776
0.113776
0
0
0
0.113776
0
0
0.103005
0
0
0
0
0.471405
0.11176
0
0
0
0.109109
0
0
0
0
0
0
0
0
0
0
0
0
0
0
0
0
0
0
0
0
0
0
0
0
0
0
0
0
0
0
0
0
0
0
0
0
0
0
0
0
0
0
0
0
0
0
0
0
0
0
0
0.0718653
0.0718653
0.0705895
0.0705895
0.0705895
0.0705895
0.0705895
0.0705895
0.0705895
0.0705895
0.0705895
0.0705895
0.0705895
0.0705895
0.0705895
0.0705895
0.0705895
0.0705895
0.0705895
0.0705895
0.0705895
0.0705895
0.0705895
0.0705895
0.0705895
0.0705895
0.0705895
0.0705895
0.0705895
0
0
0
0.0705895
0.0705895
0.0705895
0.0705895
0.0705895
0.0705895
0.0705895
0.0705895
0.0705895
0.0705895
0.0705895
0.0706115
0.0706115
0.0706115
0.0706115
0.0706115
0.0706115
0.0706115
0.0706115
0.0718653
0
0
0
0.0706115
0.0706115
0.0706115
0.0706115
0.0706115
0.0706115
0.0706115
0.0779237
0
0
0
0
0.0706115
0
0.0706115
0
0.0706115
0.0791033
0.0706115
0
0
0.0748875
0.0748875
0.0748875
0.0748875
0.0748875
0.0748875
0
0
0.0745615
0.0745615
0.0745615
0.0745615
0.0745615
0.0745615
0
0
0
0
0
0.0746004
0.0745615
0.0745615
0.0745615
0.0745615
0.0745615
0
0
0.0745615
0.0745615
0.0745615
0.0745615
0.0745615
0.0745615
0.0745615
0
0.0745615
0
0.0745615
0
0.0745615
0.0745615
0
0.0745615
0.0745615
0
0
0
0.0745615
0.0745615
0.0745615
0.0745615
0.0745615
0.0745615
0.0745615
0.0745615
0.0745615
0.0745615
0.0745615
0.0745615
0.0745615
0.0745615
0.0745615
0
0.0745615
0.0745615
0.0745615
0.0745615
0.0745615
0
0.0745615
0.0745615
0
0
0
0
0
0
0
0
0
0
0
0
0
0
0
0
0
0
0
0
0
0
0
0
0
0
0
0
0
0
0
0
0
0
0
0
0
0
0
0
0
0
0
0
0
0
0
0
0
0
0
0
0
0
0
0
0
0
0
0
0
0
0
0
0
0
0
0
0
0
0
0
0
0
0
0
0
0
0
0
0
0
0
0
0
0
0
0
0
0
0
0
0
0
0
0
0
0
0
0
0
0
0
0
0
0
0
0
0
0
0
0
0
0
0
0
0
0
0
0
0
0
0
0
0
0
0
0
0
0
0
0
0
0
0
0
0
0
0
0
0
0
0
0
0
0
0
0
0
0
0
0
0
0
0
0
0.0712132
0.0733852
0
0
0
0
0
0
0
0
0
0.0716574
0
0
0
0
0
0
0
0
0
0
0
0
0
0
0
0
0
0
0.070877
0.070877
0
0
0
0
0
0
0
0
0
0
0
0
0
0
0
0
0
0
0
0
0
0
0
0
0
0
0
0
0
0
0
0
0
0
0
0
0
0
0.0726553
0.0726553
0.0726553
0
0
0
0
0
0
0
0
0
0
0
0
0
0
0
0
0
0
0
0
0
0
0
0
0
0
0
0
0
0
0
0
0.0747696
0.0747696
0.0747696
0
0
0
0
0
0
0
0
0
0
0
0
0
0
0
0
0
0
0
0
0
0
0
0
0
0
0
0
0
0
0
0
0
0
0
0
0
0
0
0
0
0
0
0
0
0
0
0
0
0
0
0
0
0
0
0
0
0
0
0
0
0
0
0
0
0
0
0
0
0
0
0
0
0
0
0
0
0
0
0
0
0
0
0
0
0
0
0
0
0
0
0
0
0
0
0
0
0
0
0
0
0
0
0
0
0
0
0
0
0
0
0
0
0
0
0
0
0
0
0
0
0
0
0
0
0
0
0
0
0
0
0
0
0
0
0
0
0
0
0
0
0
0
0
0
0
0
0
0
0
0
0
0
0
0
0
0
0
0
0
0
0
0
0
0.070877
0
0
0
0
0
0
0
0
0
0
0
0
0
0
0
0
0
0
0
0
0
0
0
0
0
0
0
0
0
0
0
0
0
0
0
0
0
0
0
0
0
0
0.070877
0.070877
0.070877
0
0
0
0
0
0
0
0.0705895
0.0705895
0
0
0.0706335
0
0.0706335
0
0
0
0
0
0
0
0
0
0
0
0
0
0
0
0
0
0.0715199
0.0715199
0.0715199
0.070877
0
0
0
0
0
0.070877
0.070877
0.070877
0
0
0.0744323
0.0744323
0
0
0
0.070877
0.070877
0
0.0705895
0.10919
0.10919
0.10919
0.10919
0
0.10919
0.11176
0
0.11176
0.10919
0
0
0
0
0
0
0
0.0724405
0
0
0
0
0
0
0
0
0
0
0
0
0
0
0
0
0
0
0
0
0
0
0
0
0
0
0
0
0
0
0
0
0
0
0
0.0776443
0
0
0
0
0
0
0
0
0.070877
0
0.070877
0
0
0
0
0
0
0
0
0
0
0
0
0
0
0
0
0
0
0
0
0
0
0
0
0
0
0
0
0
0
0
0
0
0
0
0
0
0
0
0
0
0
0
0
0
0
0
0
0
0
0
0
0
0
0
0
0
0
0
0
0
0
0
0
0
0
0
0
0
0
0
0
0
0
0
0
0
0
0
0
0
0
0
0
0
0
0
0
0
0
0
0
0
0
0
0
0
0
0
0
0
0
0
0
0
0.070877
0
0
0.0705895
0.0705895
0.0705895
0.0705895
0.0705895
0
0
0
0.0734223
0.0734223
0.0734223
0.0734223
0.073509
0.0735463
0
0.073509
0.073509
0.073509
0.0734223
0.0734223
0.0734223
0.0734223
0.0734223
0.0734223
0
0
0
0
0.0740741
0.0740741
0
0
0
0
0
0
0
0.0740741
0
0
0
0
0
0.0732498
0.0732498
0.0732498
0.0732498
0.0732498
0
0
0
0
0
0.0733359
0.0733359
0.0733359
0.0733359
0.0733359
0.0733359
0
0
0
0
0
0
0
0
0
0
0.0732866
0.0732498
0.0733359
0
0
0.073509
0.073509
0.0732498
0.0732498
0.0732498
0.0732498
0.0732498
0
0
0
0
0
0
0
0
0
0
0
0
0
0
0
0
0
0
0.0732498
0
0
0
0
0
0
0
0
0
0.0733852
0.0733852
0.0733852
0.0733852
0.0733852
0
0.0733852
0.0733852
0
0
0.073509
0
0.073509
0.073509
0.073509
0.073509
0.073509
0.0734223
0
0.0734223
0.0734223
0.0734223
0.0734223
0.0734223
0
0
0
0
0
0
0
0
0
0
0
0
0
0
0
0
0
0
0
0
0
0
0
0
0
0
0
0
0
0
0
0
0
0
0.0732498
0.0732498
0
0.0734223
0.0732375
0.0732375
0.0734223
0.0734223
0.0734223
0
0
0.0733236
0.0733236
0
0.0733236
0
0
0
0
0
0
0
0
0
0
0
0
0
0
0
0
0
0
0
0
0
0
0
0
0
0
0
0
0
0
0
0
0.0732498
0.0732498
0.0732498
0.0732498
0.0732498
0.0732498
0
0
0
0
0
0
0.0733359
0.0732498
0
0
0.0734223
0.0734223
0.0734347
0.0734347
0.0734347
0.0733359
0.0733359
0.0733359
0.0733359
0.0733359
0.0734966
0.0733359
0
0
0
0
0.0733482
0
0
0
0
0
0
0
0
0
0
0
0
0
0
0.0734223
0.0734223
0.0734223
0.0734223
0.0734223
0.0734223
0
0.0705455
0
0.0728841
0.0728841
0.0705346
0.0705346
0.0705346
0.0705455
0.0705455
0.0705455
0.0705455
0.0705455
0
0.0705455
0.0705455
0.0705455
0.0705455
0.0705455
0.0705455
0.0705455
0.0705455
0.0705455
0.0705455
0.0705455
0.0705455
0.0705455
0.0705455
0.0705455
0.0705455
0.0705455
0.0705455
0.0705455
0.0705455
0.0705455
0.0705455
0.0705455
0.0705455
0.0705455
0.0705455
0.0705455
0.0705455
0.0705455
0.0705455
0.0705455
0.0705455
0.0705455
0.0705455
0.0705455
0.0705455
0.0705455
0.0705455
0.0705455
0.0705455
0.0705455
0.0705455
0.0705455
0.0705455
0.0705455
0.0705455
0.0705455
0.0705455
0.0705455
0.0705455
0.0705455
0.0705455
0.0705455
0.0705455
0.0705455
0.0705455
0.0705455
0.0705455
0.0705455
0.0705455
0.0705455
0.0705455
0.0705455
0.0705455
0.0705455
0.0705455
0.0705455
0.0705455
0.0705455
0.0705455
0.0705455
0.0705455
0.0705455
0.0705455
0.0705455
0.0705455
0.0705455
0.0705455
0.0705455
0.0705455
0.0705455
0.0705455
0.0705455
0.0705455
0.0705455
0.0705455
0.0705455
0.0705455
0.0705455
0.0705455
0.0705455
0.0705455
0.0705455
0.0705455
0.0705455
0.0705455
0.0705455
0.0705455
0.0705455
0.0705455
0.0705455
0.0705455
0.0705455
0.0705455
0.0705455
0.0705455
0.0705455
0.0705455
0.0705455
0.0705455
0.0705455
0.0705455
0.0705455
0.0705455
0.0705455
0.0705455
0.0705455
0.0705455
0.0705455
0.0705455
0.0705455
0.0705455
0.0705455
0.0705455
0.0705455
0.0705455
0.0705455
0.0705455
0.0705455
0.0705455
0.0705455
0.0705455
0.0705455
0.0705455
0.0705455
0.0705455
0.0705455
0.0705455
0.0705455
0.0705455
0.0705455
0.0705455
0.0705455
0.0705455
0.0705455
0.0705455
0.0705455
0.0705455
0.0705455
0.0705455
0.0705455
0
0
0
0
0
0
0
0
0
0
0
0
0
0
0
0
0
0
0
0
0
0
0
0
0
0
0
0
0
0
0
0
0
0
0
0
0
0
0
0
0
0
0
0
0
0
0
0
0
0
0
0
0
0
0
0
0
0
0
0
0
0
0
0
0
0
0
0
0
0
0
0
0
0
0
0
0
0
0
0
0
0
0
0
0
0
0
0
0
0
0
0
0
0
0
0
0
0
0
0
0.0706115
0
0.0709104
0.0709104
0.0706115
0
0
0
0
0.0709104
0.0709104
0
0
0
0
0
0
0
0
0
0
0
0
0
0
0
0
0
0
0
0
0
0
0
0
0
0
0
0
0
0
0
0
0
0
0
0
0
0
0
0
0
0
0
0
0
0
0
0
0
0
0
0
0
0
0
0
0
0
0
0
0
0
0
0
0
0
0
0
0
0
0
0
0
0
0
0.0706115
0
0
0
0
0
0
0
0
0
0
0
0
0
0
0
0.0741377
0.0741377
0.0715199
0
0
0
0
0
0
0
0
0
0
0
0
0
0
0
0
0
0
0
0
0
0
0
0
0
0.0737335
0.0737335
0.0737335
0.0706115
0
0
0
0
0
0
0
0
0
0
0
0
0
0
0
0
0
0
0
0
0
0
0
0
0
0
0
0
0
0
0
0
0
0
0
0
0
0
0
0
0
0
0
0
0
0
0
0
0
0
0
0
0
0
0
0
0
0
0
0
0
0
0
0
0
0
0
0
0
0
0
0
0
0
0
0
0
0
0
0
0
0
0
0
0
0
0
0
0
0
0
0
0
0
0
0
0
0
0
0
0
0
0
0
0
0
0
0
0
0
0
0
0
0
0
0
0
0
0
0
0
0
0
0
0
0
0
0
0
0
0
0
0
0
0
0
0
0
0
0
0
0
0
0
0
0
0
0
0
0
0
0
0
0
0
0
0
0
0
0
0
0
0
0
0
0
0
0
0
0
0
0
0
0
0
0
0
0
0
0
0
0
0
0
0
0
0
0
0
0
0
0
0
0
0
0
0
0
0
0
0
0
0
0
0
0
0
0
0
0
0
0
0
0
0
0
0
0
0
0
0
0
0
0
0
0
0
0
0
0
0
0
0
0
0
0
0
0
0
0
0
0
0
0
0
0
0
0
0
0
0
0
0
0
0
0.0705346
0.0705346
0.0705346
0.0705346
0
0
0
0
0
0
0
0
0
0
0
0
0
0
0
0
0
0
0
0
0
0
0
0.070877
0
0
0.0757826
0.0757826
0.0757826
0.0757826
0.0757826
0.0758234
0.0763604
0.0761939
0.0698005
0.0698005
0.0763464
0.0763464
0.0757826
0
0
0
0
0
0
0
0
0
0.0757826
0.0797611
0.0797611
0.075674
0.075674
0.075674
0.075674
0.075674
0.075674
0.075674
0.075674
0.075674
0.075674
0.075674
0.075674
0.075674
0.075674
0.075674
0.075674
0.075674
0.075674
0.075674
0.075674
0.075674
0.075674
0.075674
0.075674
0.0705895
0.0705895
0.0705895
0.0705895
0.0705895
0.0705895
0.0705895
0.0705895
0.0705895
0.0705895
0.0705895
0.0705895
0.0705895
0
0.075674
0.0758234
0.075674
0.075674
0.075674
0.0890429
0.0890429
0.0890429
0.0890429
0
0
0
0.0890871
0.0890871
0.0890871
0.0890871
0.0890871
0.0890871
0.0894875
0.0894875
0.0894875
0.0894875
0.0894875
0
0
0.0894875
0
0.0890871
0
0.0890871
0.0890429
0.0757962
0.083207
0.083207
0.083207
0.083207
0.0757962
0.075674
0.0779237
0.0779237
0.0779237
0.0779237
0.0779237
0
0.0779237
0
0.0779237
0.0779237
0.0861461
0.624695
0.624695
0.624695
0.624695
0.624695
0.624695
0.0779237
0
0
0
0
0
0
0.0779237
0
0
0
0
0
0
0
0
0
0
0
0
0
0
0
0
0
0.0779237
0
0
0
0
0
0
0.075674
0.0832611
0.0832611
0.0833153
0.0833153
0.0833153
0.0832611
0.075674
0.075674
0.0871834
0.075674
0.0871834
0.075674
0
0
0
0
0
0.075674
0
0
0
0.075674
0.075674
0.0890429
0.075674
0.075674
0.075674
0.075674
0.075674
0.0809776
0.0809776
0.0809776
0.0809776
0.0809776
0.0809776
0.0826192
0
0
0
0
0
0
0
0.0809776
0.0809776
0.0894427
0.0809776
0.075674
0.0757826
0
0
0.075674
0
0
0.075674
0.075674
0.0809776
0.086711
0.0811107
0.0811107
0.0809776
0.0872872
0.0810441
0.0810441
0.075674
0.0861461
0.0861461
0.0861461
0.0861461
0.0861461
0.075674
0.075674
0.0832972
0.0832972
0.087142
0.087142
0.087142
0.087142
0.075674
0.0857296
0.075674
0.0809776
0.0809776
0.0850487
0
0
0.0811942
0.0857296
0
0
0.0815478
0
0
0
0
0.0809776
0.075674
0.0760698
0.0920575
0.0920575
0.075674
0.0824261
0.075674
0
0.075674
0.0804193
0.0771804
0
0
0
0
0.0774548
0.0774548
0.075674
0
0.075674
0
0.075674
0.075674
0.0757826
0
0
0.0757826
0.0804193
0.0804193
0.0804193
0
0.0804681
0
0.0804193
0.0866703
0.0866703
0.086711
0.086711
0.086711
0.086711
0
0.086711
0.080615
0.080615
0.0807463
0.080615
0
0
0
0
0.0827606
0.0803057
0.0803057
0
0
0
0
0.081211
0
0
0
0
0
0
0
0
0
0
0
0
0
0
0
0
0
0
0
0
0
0.0786129
0.0786129
0.0786129
0.0786129
0.0786129
0.0786129
0.0786129
0.0786129
0.0786129
0.0786129
0.0786129
0.0786129
0.0786129
0.0786129
0.0786129
0.0786129
0.0786129
0.0786129
0.0786129
0
0.0786129
0.0786129
0.0786129
0.0992583
0.0992583
0
0
0.0705895
0.0705895
0.0705895
0.0705895
0.0705895
0.0705895
0.0705895
0.0705895
0.0705895
0.0705895
0.0705895
0.0705895
0.0705895
0.0705895
0.0705895
0.0705895
0.0705895
0.0705895
0.0705895
0.0705895
0.0705895
0.0705895
0.0705895
0.0705895
0.0705895
0.0705895
0.0705895
0.0705895
0.0705895
0.0705895
0.0705895
0.0705895
0.0705895
0.0705895
0
0
0.0786129
0.0786129
0.0786129
0.0786129
0.0786129
0.0786129
0.0809113
0.0786129
0.0786129
0.0805007
0.0805007
0.0805007
0.0805007
0.0805007
0.0805007
0.0805007
0.0805007
0.0805007
0.0805007
0.0786129
0.0786129
0.0786129
0.0786129
0.0786129
0.0809113
0.0786129
0.0786129
0.0786129
0.0787652
0.0787652
0
0
0
0.0787652
0.0786129
0
0
0
0.0786129
0.0786129
0.0792429
0.0792429
0.0792429
0
0.0786129
0.0786129
0.0786129
0
0
0
0
0
0
0
0
0.0787347
0.0787347
0.0792429
0.0792429
0
0
0
0
0
0
0
0
0.0644491
0.0644491
0.0804193
0.0804193
0
0
0
0
0
0
0
0.080615
0.080615
0.080615
0
0
0
0.0804193
0.0804193
0.0804193
0.166667
0.166667
0.126302
0.126302
0.126302
0.0696311
0.0696311
0.0696311
0
0
0
0
0
0
0
0
0
0
0
0
0
0
0
0
0
0
0
0
0
0
0
0
0
0
0
0
0
0
0
0
0
0
0
0
0
0
0
0
0
0
0
0
0
0
0
0
0
0
0
0
0
0
0
0
0
0
0
0
0
0
0
0
0
0
0
0
0
0
0
0
0
0.080961
0.080961
0.080961
0
0
0
0
0
0
0
0
0
0
0
0
0
0
0
0.0792429
0.0792429
0.0787652
0.0787652
0
0
0
0
0
0
0
0
0
0
0
0
0
0
0
0
0
0
0
0
0
0.0786129
0.0786129
0.0791033
0.0786129
0.0786129
0
0
0
0.0791033
0.0791033
0
0.0791033
0
0
0
0.0791033
0.0791033
0.080961
0.080961
0.080961
0.080961
0.0811274
0.0811274
0.0811274
0.0811274
0.0811274
0.0824086
0.0824086
0
0.0811274
0.0811274
0.0811274
0
0
0
0
0
0
0
0
0
0.0811441
0.0811441
0.0811441
0.081992
0.081992
0.0821995
0.0821995
0.0821995
0
0
0
0
0
0
0
0
0
0
0
0
0
0
0
0
0
0.0810774
0.081094
0.081094
0.081094
0
0.0810774
0.0811441
0.0824086
0.0824086
0.0824086
0.083225
0.083225
0.083225
0.083225
0.0832791
0.0811441
0
0
0
0
0
0
0
0
0
0
0
0
0
0
0
0
0
0
0
0
0
0
0
0
0
0
0
0
0.0818888
0.0818888
0.0818888
0
0.0819576
0.0832791
0
0.0833153
0.0833153
0.0833153
0.0833153
0.0833153
0.0833153
0
0
0
0
0.0833153
0.0833153
0.0833153
0.0834058
0
0
0
0
0
0
0
0
0
0.0833153
0.0834421
0
0
0
0
0
0
0
0
0
0
0
0
0
0
0
0
0
0
0
0
0
0
0.0832791
0.0832791
0.0832791
0.0832791
0.0833153
0.0832972
0
0.0833333
0.0833333
0
0.0833333
0.0833333
0
0
0
0
0
0
0
0
0.0787347
0.0787347
0.0789491
0.079274
0.079274
0
0
0
0
0
0
0.079274
0.079274
0.080615
0.080615
0.080615
0.080615
0
0.080615
0.080615
0.080615
0.080615
0.080615
0.080615
0
0
0
0
0
0
0
0
0.080615
0
0
0
0
0
0
0
0
0
0
0
0
0
0
0
0
0
0
0
0
0
0
0
0
0
0
0
0
0
0
0
0
0
0
0
0
0
0
0
0
0
0
0
0
0
0
0
0
0
0
0
0
0.0804193
0.0804193
0.0804193
0.0804193
0.0804193
0.103074
0.103074
0.103074
0.103074
0.103074
0.10328
0.103074
0.103074
0
0.126051
0.0804193
0.0804193
0.166667
0.166667
0.166667
0.171499
0.171499
0.172774
0.172774
0
0.171499
0
0
0.166667
0
0
0
0
0
0
0
0
0
0
0
0
0
0
0
0.0792429
0.0792429
0.0792429
0.0811775
0.0811775
0
0.0811775
0.0862863
0.0862863
0
0.0862863
0
0.0811775
0
0
0
0
0
0
0
0
0
0
0
0.0811775
0.0811775
0
0
0
0
0
0
0
0
0
0
0
0
0.0792429
0.126302
0.126302
0.126302
0
0
0
0.126554
0.132164
0.132164
0.132164
0.132164
0
0.132164
0
0.132164
0
0.132164
0.132164
0.132164
0
0.126554
0.114239
0.114239
0.114239
0.114239
0.114239
0.114239
0.114239
0.16426
0.16426
0.16426
0.16426
0.16426
0.114239
0.114239
0.114239
0.114239
0
0.114239
0.0696311
0.0696311
0.0696311
0.0696311
0.0696311
0
0.0696311
0.0696311
0
0
0.0707992
0.0696311
0.0696311
0
0
0
0
0
0
0
0
0
0
0
0
0
0
0
0
0
0
0
0.0802249
0.0802572
0
0
0
0
0
0
0
0.0792429
0.0792429
0
0.0792429
0.0802734
0.0802734
0.0795557
0.0795557
0.0789799
0.0789799
0.0789799
0.0840292
0
0
0.0789799
0
0.0789799
0
0
0.0790724
0.0706335
0.0706335
0.0706335
0.0706335
0.0706335
0.0706335
0.0706335
0.0706335
0.0719234
0.0706335
0.0706335
0.0706335
0.0706335
0.0706335
0.0706335
0
0
0
0
0
0
0
0
0.0706335
0.0706335
0.0706335
0.0706335
0.0706335
0.0706335
0.0706335
0
0
0.0706335
0
0
0.0719117
0
0.0719117
0.0719117
0.0719117
0.0719117
0.0719117
0.0719117
0.0719117
0.0719117
0.0719117
0.0719117
0.0719117
0.0719117
0
0
0.0719117
0
0
0
0
0
0
0
0
0
0.0763325
0.0763325
0.0763325
0.0763325
0.0763325
0.0763325
0.0763325
0.0763325
0
0
0
0
0
0
0
0
0
0
0
0
0
0
0
0
0
0
0
0
0
0
0
0
0
0
0
0
0
0
0
0
0.145962
0.0721688
0
0
0.0746393
0
0
0
0
0
0
0.0706335
0.0706335
0.0706335
0.0733236
0.0733236
0.0733236
0
0
0
0.0706335
0.0706335
0.070766
0.070766
0.0706335
0.0706335
0.0732498
0.0706335
0.0719466
0.0706335
0.0706555
0.0706555
0.0706555
0.0706555
0.0706335
0.0706335
0.0706335
0.0719466
0.0719466
0.0719466
0.0719466
0.0719466
0.0722629
0.0719466
0.0719466
0.0719466
0.0743294
0.0719466
0.0719466
0.0719466
0.0719466
0.0719466
0.0719466
0.0719466
0.0644826
0
0.0667781
0
0.0741249
0.0706335
0.0706335
0.0706335
0.0706335
0.0706335
0.0719234
0.0706335
0.0749663
0.0749663
0.0749663
0.0749663
0.0749663
0.0763325
0.0749663
0.0706335
0.0719234
0.0706335
0.07144
0.0706335
0.0706335
0.0706335
0.0719466
0.0706335
0.07144
0.07144
0.0716804
0.0719234
0.0719234
0.0719234
0.0719234
0.0719234
0.0719234
0
0
0
0
0
0
0.0719117
0.0725119
0.0719117
0.0714172
0.0714172
0.0706335
0
0
0
0.070766
0.070766
0.0747958
0
0
0
0.0727032
0.0714172
0.0727032
0.0727032
0.0727032
0.0727032
0.0727032
0.0727032
0.0727032
0.0714172
0.0714172
0.0714172
0.0714172
0.0714172
0.0714172
0.0714172
0.0714172
0.0747958
0
0
0.0716574
0.0719234
0
0
0
0
0.0763186
0.0787652
0.0793207
0
0
0
0
0
0.0738339
0.0716459
0.0716459
0.0716459
0.0716459
0.0716459
0.0857099
0.0857099
0.0857099
0.0857099
0.0756064
0
0.0719932
0.0719932
0.0720166
0.0733976
0.0738969
0.0741249
0
0
0
0.0724642
0.0724642
0.080016
0.0724761
0
0.0724761
0.072393
0
0
0
0
0
0.0735712
0.0725596
0.0747958
0.0763325
0.0763325
0.0763325
0.0763325
0.0747958
0.0747958
0.0790724
0.0705346
0.0705346
0.0705346
0.0705346
0.0705346
0.0705346
0.0705346
0.0705455
0.0705895
0.0705346
0
0.0705895
0.0705895
0
0
0
0
0
0.070877
0.070877
0
0
0.070877
0.070877
0.070877
0.070877
0.070877
0.070877
0.070877
0.070877
0.070877
0.070877
0.070877
0.070877
0.070877
0.070877
0.0744452
0
0
0.070877
0.070877
0.070877
0.070877
0.070877
0
0
0
0
0
0
0.070877
0.070877
0
0
0
0
0
0
0
0
0
0
0
0
0
0
0
0
0
0
0
0
0
0
0
0
0
0
0
0
0
0
0
0
0
0
0
0
0
0
0
0
0
0
0
0
0.0745615
0.0745615
0.0745615
0
0
0.0737962
0
0.0737962
0
0
0
0
0
0
0
0.0745615
0.0745615
0.0745615
0.0745615
0.0745615
0.0745615
0.0745615
0
0
0
0
0
0
0
0
0.0745615
0.0745615
0
0
0.0745615
0.0745615
0.0745615
0
0
0
0
0
0
0
0
0
0
0
0
0
0
0
0
0
0
0
0
0
0
0
0
0
0
0
0
0
0
0
0
0
0
0
0
0
0
0
0
0
0
0.0745615
0
0
0
0
0
0
0
0
0
0
0
0
0
0
0
0
0
0
0
0
0
0
0
0
0
0
0
0
0
0
0
0
0
0
0
0
0.0747696
0.0747696
0.0747696
0.0747696
0.0747696
0.0747696
0.0747696
0.0747696
0.0705895
0.0705895
0.0705895
0.0705895
0.0705895
0.0705895
0.0705895
0.0705895
0.0705895
0.0705895
0
0.0787652
0.0787652
0
0
0
0
0
0
0
0
0
0
0
0
0
0
0
0
0
0
0
0
0
0
0
0
0
0.080615
0
0
0
0
0.080615
0
0
0
0
0
0
0
0
0
0
0
0
0
0
0
0
0
0
0
0
0
0
0
0
0.0819748
0
0
0
0
0
0
0
0.0821648
0.0979698
0.0971286
0.0971286
0.0523066
0.16426
0.152057
0.16426
0
0
0
0
0
0
0
0
0
0
0
0
0
0
0
0
0
0
0.0854358
0.0854358
0.0854358
0
0
0
0
0.0854358
0.0854358
0.085947
0.0861661
0.0861661
0.0861661
0.0861661
0.0861661
0
0
0.0861661
0.0861661
0.0861661
0
0
0.0854358
0.0811775
0.0811775
0
0
0
0
0
0.0811775
0
0
0
0
0
0
0
0
0
0
0
0
0
0
0
0
0
0
0
0
0.15097
0.15097
0
0
0.15097
0.15097
0.147542
0.147542
0.147542
0.162758
0.0826898
0.0826898
0.534522
0.534522
0.534522
0.534522
0.534522
0.816497
0.534522
0.0826898
0.534522
0
0.534522
0.15097
0.106149
0.106149
0
0
0
0.106149
0
0.121942
0.248069
0.248069
0.248069
0.248069
0
0.248069
0.377964
0.248069
0.365148
0
0
0
0
0
0
0.106
0.106
0
0.106
0
0.14387
0.144338
0.14387
0.0716459
0.0716459
0.0716459
0.0716459
0.0716459
0.0716459
0.0716459
0.0716459
0.0716459
0.0716459
0.0716459
0.0716459
0
0
0
0
0
0
0.0732498
0
0.0784918
0
0
0
0
0
0
0.0777616
0.0748875
0.0800962
0
0.0783561
0.0783561
0.0783561
0.0763325
0.0763325
0.0763325
0.0751646
0
0
0
0
0
0
0
0
0
0
0
0
0
0
0.0804681
0.0804681
0
0
0
0
0
0
0
0
0
0
0
0.0705895
0.0705895
0.0705895
0.0705895
0.0705895
0.0705895
0.0705895
0.0705895
0.0705895
0.0705895
0.0705895
0
0
0
0
0
0
0
0
0
0
0
0
0
0
0
0
0
0
0
0
0
0
0
0
0
0
0
0
0
0
0
0
0
0
0
0
0
0
0
0
0
0
0
0
0
0
0
0
0
0
0
0
0
0
0
0
0
0
0
0
0
0
0
0
0
0
0
0
0
0
0
0
0
0
0
0
0
0
0
0
0
0
0
0
0
0
0
0
0
0
0
0
0
0
0
0
0
0
0
0
0
0
0
0
0
0
0
0
0
0
0
0
0
0
0
0
0
0
0
0
0
0
0
0
0
0
0
0
0
0
0
0
0
0
0
0
0
0
0
0
0
0
0
0
0
0
0
0
0
0
0
0
0
0
0
0
0
0
0
0
0
0
0
0
0
0
0
0
0
0
0
0
0
0
0
0
0
0
0
0
0
0
0
0
0
0
0
0
0
0
0
0
0
0
0
0
0
0
0
0
0
0
0
0
0
0
0
0
0
0
0
0
0
0
0
0
0
0
0
0
0
0
0
0
0
0
0
0
0
0
0
0
0
0
0
0
0
0
0
0
0
0
0
0
0
0
0
0
0
0
0
0
0
0
0
0
0
0
0
0
0
0
0
0
0
0
0
0
0
0
0
0
0
0
0
0
0
0
0
0
0
0
0
0
0
0
0
0
0
0.0705455
0.0705455
0.0705455
0.0705455
0.0705455
0.0705455
0
0
0
0
0
0
0
0
0
0
0
0
0
0
0
0
0
0
0
0
0
0
0
0
0
0
0
0
0
0
0
0
0
0
0
0
0
0
0
0
0
0
0
0
0
0
0
0
0
0
0
0
0
0
0
0
0
0
0
0
0
0
0
0
0
0
0.0705895
0
0
0.0705895
0.0705895
0.0705895
0.0705895
0.0705895
0.0705895
0.0705895
0.0705895
0.0705895
0.0705895
0.0705895
0
0
0
0
0
0
0
0
0
0
0
0
0
0
0
0
0
0
0
0
0
0
0
0
0
0
0
0
0
0
0
0
0
0
0.0821648
0.0821648
0
0
0
0
0
0
0
0
0
0
0
0
0
0
0
0
0
0
0
0
0
0
0
0
0
0
0
0
0
0
0
0
0
0
0
0
0
0
0
0
0
0
0
0
0
0
0
0
0
0
0
0
0
0
0
0
0
0
0
0
0
0
0
0
0
0
0
0
0
0
0
0
0
0
0
0
0
0
0
0
0
0
0
0
0
0
0
0
0
0
0
0
0
0
0
0
0
0
0
0
0
0
0
0
0
0
0
0
0
0
0
0
0
0
0
0
0
0
0
0
0
0
0
0
0
0
0
0
0
0
0
0
0
0
0
0
0
0
0
0
0
0
0
0
0
0
0
0
0
0
0
0
0
0
0
0
0
0
0
0
0
0
0
0
0
0
0
0
0
0
0
0
0
0
0
0
0
0
0
0
0
0
0
0
0
0
0
0
0
0
0
0
0
0
0
0
0
0
0
0
0
0
0
0
0
0
0
0
0
0
0
0
0
0
0
0
0
0
0
0
0
0
0
0
0
0
0
0
0
0
0
0
0
0
0
0
0
0
0
0
0
0
0
0
0
0
0
0
0
0
0
0
0
0
0
0
0
0
0
0
0
0
0
0
0
0
0
0
0
0
0
0
0
0
0
0
0
0
0
0
0
0
0
0
0
0
0
0
0
0
0
0
0
0
0
0
0
0
0
0
0
0
0
0
0
0
0
0
0
0
0
0
0
0
0
0
0
0
0
0
0
0
0
0
0
0
0
0
0
0
0
0
0
0
0
0
0.0725715
0
0.0725715
0
0
0
0
0
0
0
0
0
0
0
0
0
0
0
0
0.0736834
0
0
0
0
0
0
0
0
0
0
0.0752577
0
0
0
0
0
0
0
0
0
0
0
0
0
0
0.07144
0
0.07144
0
0
0
0
0
0
0
0
0
0
0
0
0
0
0
0
0
0
0
0.07144
0.0711006
0.0711006
0.0711006
0.0714058
0.0711568
0
0
0
0
0
0
0
0
0
0
0
0
0
0
0
0
0
0
0
0
0
0
0
0
0
0
0
0
0
0
0
0
0
0
0
0
0
0
0
0
0
0
0
0
0
0
0
0
0
0.0756064
0
0
0.0719234
0.0720516
0.0719466
0.0772812
0
0
0
0
0
0
0
0
0
0
0
0
0
0
0.0771517
0.0771517
0.0771517
0
0.0771517
0.0716574
0
0.0716574
0
0
0
0
0
0
0
0
0
0
0
0
0
0
0
0
0
0
0
0
0
0
0
0
0
0
0
0
0
0
0
0
0
0
0
0
0
0
0
0
0
0
0
0
0
0
0
0
0
0
0
0
0
0
0
0
0
0
0
0
0
0
0
0
0
0
0
0
0
0
0
0
0
0
0
0
0
0
0
0
0
0
0
0
0
0
0
0
0
0
0
0
0
0
0
0
0
0
0
0
0
0
0
0
0
0
0
0
0
0
0
0
0
0
0
0
0
0
0
0
0
0
0
0
0
0
0
0
0
0
0
0
0
0
0
0
0
0
0
0
0
0
0
0
0
0
0
0
0
0
0
0
0
0
0
0
0
0
0
0
0
0
0
0
0
0
0
0
0
0
0
0
0
0
0
0
0
0
0
0
0
0
0
0
0
0
0
0
0
0
0
0
0
0
0
0
0
0
0
0
0
0
0
0
0
0
0
0
0
0
0
0
0
0
0
0
0
0
0
0
0
0.0741122
0.0764021
0
0
0
0
0
0
0
0
0
0
0
0
0
0
0.0748743
0.0748743
0.0748743
0.0748743
0.0748743
0
0
0
0
0
0.0706335
0.0712923
0.0706335
0
0
0
0
0
0
0
0
0
0
0
0
0
0
0
0
0
0
0
0
0
0
0
0
0
0
0
0
0
0
0
0
0
0
0
0.0747958
0.0747958
0
0
0
0
0
0.0721805
0.0721805
0.0730175
0.0730175
0
0.0730175
0.0602475
0.0730175
0.0804681
0.0731028
0
0.0731028
0
0.0732007
0.0751248
0
0
0
0
0.0729932
0.0750191
0.0750191
0.0750191
0.0798246
0.0775858
0.0598149
0.0785523
0.0808948
0
0
0
0
0
0
0
0.0747435
0.0747435
0
0.134459
0.0787042
0
0.075512
0
0.0769515
0
0.077123
0.0807299
0.0781465
0.0749269
0.0765139
0.0763604
0
0
0
0
0
0
0.0763604
0
0
0
0
0
0
0
0
0
0
0
0
0
0
0
0
0
0
0
0
0
0
0
0
0
0
0
0
0
0
0
0
0
0
0
0
0
0
0
0
0
0
0
0
0
0
0
0
0
0
0
0
0
0
0
0
0
0
0
0
0
0
0
0
0
0
0
0
0
0
0
0
0.0747958
0.0747958
0.0747958
0.0747958
0.0747958
0.0747958
0.0747958
0.0747958
0.0747958
0.0747958
0.0747958
0.0747958
0.0747958
0.0747958
0.0747958
0.0747958
0
0.0747958
0
0
0
0
0
0.0797452
0.0797452
0
0
0
0.0797452
0
0.0699284
0
0.0755524
0
0
0
0
0.0756605
0
0.0747958
0.0747958
0
0
0
0.0747958
0
0
0
0
0
0
0
0
0
0
0
0
0
0
0
0
0
0
0
0
0
0
0.0747958
0.0747958
0.0747958
0.0747958
0.0747958
0.0747958
0.0747958
0
0.0747958
0.0747958
0
0
0
0
0
0
0
0
0
0
0
0
0
0
0
0
0
0
0
0
0
0
0
0
0
0
0
0
0
0
0
0
0
0
0
0
0
0.0747958
0.0747958
0.0747958
0.0747958
0.0747958
0.0747958
0.0747958
0.0747958
0
0
0
0
0
0
0
0
0
0
0
0
0
0
0
0
0
0
0
0
0
0
0
0
0
0
0
0
0
0
0
0
0
0
0
0.0756605
0
0.075674
0.0747958
0
0
0
0
0
0
0.0705895
0
0
0
0
0.0705895
0
0
0
0
0
0
0
0
0
0
0
0
0
0
0
0
0
0
0
0
0
0
0.0747958
0.0747958
0.0747696
0.0747696
0.0747696
0.0747696
0.0747696
0.0747696
0.0747696
0.0747696
0.0747696
0.0747696
0.0747696
0.0705895
0.0705895
0.0705895
0.0705895
0.0705895
0.0705895
0.0705895
0.0705895
0.0747958
0.0747958
0.0747958
0.0747958
0.0747958
0.0747958
0.0747958
0.0747958
0.0747958
0.0747958
0.0747958
0.0747958
0.0747958
0.0757826
0.0757826
0.0757826
0.0757826
0.0747958
0.0747958
0.0823561
0.0823561
0.0823561
0.0823561
0.0823561
0.117851
0.0823561
0.0747958
0.0747958
0.0747958
0.0747958
0
0
0
0
0
0
0
0
0
0
0
0
0
0
0
0
0
0
0
0
0
0
0
0
0.0747696
0.0747696
0.0747696
0.0747696
0.0747696
0.0747696
0.0747696
0.0747696
0.0747696
0.0747696
0.0747696
0.0747696
0.0747696
0.0747696
0.0747696
0.0747696
0.0747696
0.0747696
0.0747696
0.0747696
0.0747696
0.0747696
0.0747696
0.0747696
0.0747696
0.0747696
0.0747696
0.0747696
0.075674
0.0756334
0
0.0757826
0.0747958
0.070877
0.070877
0.070877
0.070877
0.070877
0.070877
0
0
0
0.070877
0
0.070877
0
0.070877
0.070877
0.070877
0
0
0
0
0
0
0
0
0
0
0
0
0
0
0
0
0
0.0705895
0
0
0
0
0
0
0
0
0
0
0
0
0
0
0
0
0
0
0
0
0
0
0
0
0
0
0
0
0
0
0
0
0
0
0
0
0
0
0
0
0
0
0
0
0
0
0
0
0
0.0747958
0.0747958
0.0747958
0.0747958
0.0747958
0
0.0747958
0.0747958
0.0747958
0.0757826
0.0757826
0.0747958
0.0747958
0.0747958
0.0757826
0.0698005
0.0757826
0
0.0757826
0.0772812
0.0772812
0.0772812
0.0772812
0.0797452
0.0797452
0.0797611
0.0797452
0
0.0772812
0
0
0
0
0
0
0
0.0757826
0.0747827
0.0747827
0
0.0747827
0.0747958
0
0
0
0
0
0
0
0.0735463
0.0747827
0.0747827
0.0747827
0.0747958
0
0
0
0
0
0
0
0
0
0
0
0
0
0
0
0
0
0
0
0
0
0
0
0
0
0
0
0
0
0
0
0
0
0
0
0
0
0
0
0
0
0
0
0
0
0
0
0
0
0
0
0
0
0
0
0
0
0
0
0
0
0
0
0
0
0
0
0
0
0
0
0
0
0
0
0
0
0
0
0
0
0
0
0
0
0
0
0
0
0
0
0
0
0
0
0
0
0
0
0
0
0
0
0
0
0
0
0
0
0
0
0
0
0
0
0
0
0
0
0
0
0
0
0
0
0
0
0
0
0
0
0
0
0
0
0
0
0
0
0
0
0
0
0
0
0
0
0
0
0
0
0
0
0
0
0
0
0
0
0
0
0
0
0
0
0
0
0
0
0
0
0
0
0
0
0
0
0
0
0
0
0
0
0
0
0
0
0
0
0
0
0
0
0
0
0
0
0
0
0
0
0
0
0
0
0
0
0
0
0
0
0
0
0
0
0
0
0
0
0
0
0
0
0
0
0
0
0
0
0
0
0
0
0
0
0
0
0
0
0
0
0
0
0
0
0
0
0
0
0
0
0
0
0
0
0
0
0
0
0
0
0
0
0
0
0
0
0
0
0
0
0
0
0
0
0
0
0
0
0
0
0
0
0
0
0
0
0
0
0
0
0
0
0
0
0
0
0
0
0.0705895
0.0705895
0.0705895
0.0705895
0.0705895
0.0705895
0.0705895
0.0705895
0.0705895
0.0705895
0.0705895
0.0705895
0.0705895
0
0
0
0
0
0
0
0
0
0
0
0
0
0
0
0
0
0
0
0
0
0
0
0
0
0
0
0
0
0
0
0
0
0
0
0
0
0
0
0
0
0
0
0
0
0
0
0
0
0
0
0
0
0
0
0
0
0
0
0
0
0
0
0
0
0
0
0
0
0
0.074471
0.074471
0.074471
0.074471
0.074471
0.074471
0.074471
0
0
0.0705455
0
0
0
0.0705455
0.0705455
0.0705455
0.0705455
0.0705455
0.0705455
0
0
0
0.0705455
0.0706115
0.0706115
0.0706115
0.0705455
0
0
0
0.074471
0.074471
0.074471
0
0.0705895
0.0705895
0.0705895
0.0705895
0.0705895
0.0705895
0.0705895
0.0705895
0.0705895
0
0
0
0
0
0.118678
0.118678
0
0.118678
0.118678
0.118678
0
0
0
0
0
0
0
0
0
0
0
0
0
0
0
0
0
0
0.120277
0.118678
0.118678
0.173585
0
0
0
0
0
0.118678
0.173097
0
0.177822
0
0.120277
0
0
0
0
0
0
0
0
0
0
0
0
0
0
0
0
0
0
0
0
0
0
0
0
0
0
0
0
0.118783
0.118783
0.118783
0.11894
0
0
0
0
0
0
0
0
0.121604
0.121604
0.121604
0
0.121604
0.121604
0.121886
0
0
0
0
0
0
0
0
0
0
0.074471
0.109028
0.109028
0
0.109109
0.157378
0.129983
0.129983
0.129983
0
0
0
0
0
0
0
0
0
0
0
0
0
0
0.129983
0
0
0
0
0.0705895
0.0705895
0.0705895
0
0
0
0
0
0
0
0
0.118678
0
0
0
0
0
0
0
0
0
0.118835
0
0
0
0.121604
0
0
0
0.121604
0.121604
0.0748088
0.0748088
0
0.0791652
0
0.109028
0
0
0.121604
0
0
0
0
0
0
0
0.0705895
0.0705895
0.0705895
0.0705895
0.0705895
0.0705895
0.0705895
0
0
0
0
0
0
0
0
0
0
0
0
0
0
0
0
0
0
0
0
0
0
0
0
0
0
0
0
0
0
0
0
0
0
0
0
0
0
0
0
0
0
0
0
0
0
0
0
0
0
0
0
0
0
0
0
0
0
0
0
0
0
0
0
0
0
0
0
0
0
0
0
0.0705895
0.0705895
0.0705895
0.0705895
0.0705895
0.0705895
0.0705895
0.0705895
0
0
0
0
0
0
0
0
0
0
0
0
0
0
0
0
0
0
0
0
0
0
0
0
0
0
0
0
0
0
0
0
0
0
0
0
0
0
0
0
0
0
0
0
0
0
0
0
0
0
0
0
0
0
0
0
0
0
0
0
0
0
0
0
0
0
0
0
0
0
0
0
0
0
0
0
0
0
0
0
0
0
0
0
0
0
0
0
0
0
0
0.0705895
0.0705895
0.0705895
0
0
0
0
0
0
0
0
0
0
0
0
0
0
0
0
0
0
0
0
0
0
0
0
0
0
0
0
0
0
0
0
0
0
0
0
0
0
0
0
0
0
0
0
0
0
0
0
0
0
0
0
0
0
0
0
0
0
0
0
0
0
0
0
0
0
0
0
0
0
0
0
0
0
0
0
0
0
0
0
0
0
0
0
0
0
0
0
0
0
0
0
0.0784314
0.0784314
0.0784314
0.0784314
0.0807134
0.0807134
0.0784314
0.0784314
0.0784314
0.0784314
0
0
0
0
0
0.0784314
0.0785523
0
0.0785523
0.0787499
0.0787347
0.0787347
0.0787652
0.0787347
0.0787347
0
0.0787347
0
0.0802088
0.0802088
0.0856117
0.0803381
0.0803381
0.0804355
0.0806314
0.0806314
0.0807957
0.0806314
0.0834239
0.0834239
0.0834239
0.0834239
0.0834784
0.0834239
0.0834239
0.0834239
0.0784314
0.0795243
0.0795715
0.0809445
0.0818888
0.0818888
0.0818888
0
0
0.0820437
0.0825313
0.0795715
0.0705455
0.0705455
0.0705455
0.0705455
0.0705455
0.0705455
0.0705455
0.0705455
0.0705455
0.0705455
0.0705895
0.0706115
0.0706115
0
0.0706115
0.0706115
0.0705895
0.0705895
0.0705895
0.0705895
0.0705895
0.0705455
0.0706115
0.0706115
0.0705455
0.101963
0.101963
0.101963
0
0
0
0.102195
0.105851
0
0
0
0
0
0
0
0
0
0
0.0706115
0.0709327
0.0772812
0.0729689
0.0892421
0.0729689
0.0726193
0
0
0
0
0
0
0
0
0
0
0.0705346
0
0.0705346
0.0705346
0.0705346
0.0705346
0.0705346
0.0705346
0
0.0705346
0
0.0705346
0
0
0
0
0
0
0
0
0
0
0
0
0
0
0
0
0
0
0
0.0705895
0
0
0
0
0
0
0
0
0
0
0
0
0
0
0
0
0
0
0
0
0
0
0
0
0
0
0
0
0
0
0
0
0
0
0
0
0
0
0
0
0
0
0
0
0
0
0
0
0
0
0
0
0.0705895
0
0
0
0
0
0
0
0
0
0
0
0
0
0
0
0
0
0
0
0
0
0
0
0
0
0
0
0
0
0
0
0
0
0
0.0706115
0.0706115
0.0706115
0.0706115
0.0706115
0.0706115
0.0706115
0
0
0
0
0
0
0
0
0
0
0
0
0
0
0
0
0
0
0
0
0
0
0
0
0
0
0
0
0.0706115
0.0706115
0.0706115
0.0706115
0.0706115
0.0706115
0
0
0
0
0
0
0
0
0
0.0706115
0.0706115
0.0706115
0
0
0
0
0
0
0
0
0
0
0
0
0
0
0
0
0
0
0
0
0
0
0
0
0
0
0
0
0
0
0
0
0
0
0
0
0
0
0
0
0
0
0
0
0
0
0
0
0
0
0
0
0
0
0
0
0
0
0
0
0
0
0
0
0
0
0
0
0
0
0
0
0
0
0
0
0
0
0
0
0
0
0
0
0
0
0
0
0
0
0
0
0
0
0
0
0
0
0
0
0
0
0
0
0
0
0
0
0
0
0
0
0
0
0
0
0
0
0
0
0
0
0
0
0
0
0
0
0
0
0
0
0
0
0
0
0
0
0
0
0
0
0
0
0
0
0
0
0
0
0
0
0
0
0
0
0
0
0
0
0
0
0
0
0
0
0
0
0
0
0
0
0
0
0
0
0
0
0
0
0
0
0
0
0
0
0
0
0
0
0
0
0
0
0
0
0
0
0
0
0
0
0
0
0
0
0
0
0
0
0.0705455
0.0705455
0.0705455
0.0705455
0.0705455
0
0
0
0
0
0
0
0
0
0
0
0
0
0
0
0
0
0
0.0705895
0
0
0
0
0
0.0705895
0.0705895
0.0705895
0
0
0
0
0
0
0
0
0
0
0
0
0
0
0
0
0
0
0
0
0
0
0
0
0
0
0
0
0
0
0
0
0
0.117851
0.117851
0.117851
0.117851
0
0
0
0
0
0.117851
0
0
0
0
0
0
0
0
0
0
0
0
0
0
0
0.0747174
0.0747174
0
0
0
0
0
0
0
0
0
0
0
0
0
0
0
0
0
0
0
0
0
0
0
0
0
0
0
0
0
0
0
0
0
0
0
0
0
0
0
0
0
0
0
0
0
0
0
0
0
0
0
0
0
0
0
0
0
0
0
0
0
0
0
0
0
0
0
0
0
0
0
0
0
0
0
0
0
0
0
0
0
0
0
0
0
0
0
0
0
0
0.0706335
0
0
0
0
0
0
0
0
0
0
0
0
0
0
0
0
0
0
0
0
0.0705895
0.0705895
0.0705895
0.0705895
0
0
0
0
0
0
0
0
0
0
0
0
0
0
0
0
0
0
0
0
0
0
0
0
0
0
0
0
0
0
0
0
0
0
0
0
0
0
0
0
0
0
0
0
0
0
0
0
0
0
0
0
0
0
0
0
0
0
0
0
0
0
0
0
0
0
0
0
0
0
0
0
0
0
0
0
0
0
0
0
0
0
0
0
0
0
0
0
0
0
0
0
0
0
0
0
0
0
0
0
0
0
0
0
0
0
0
0
0
0
0
0
0
0
0
0
0
0
0
0
0
0
0
0
0
0
0
0
0
0
0
0
0
0
0
0
0
0
0
0
0
0
0
0
0
0
0
0
0
0
0
0
0
0
0
0
0
0
0
0
0
0
0
0
0
0
0
0
0
0
0
0
0
0
0
0
0
0
0
0
0
0
0
0
0
0
0
0
0
0
0
0
0
0
0
0
0
0
0
0
0
0
0
0
0
0
0
0
0
0
0
0
0
0
0
0
0
0
0
0
0
0
0
0
0
0
0
0
0
0
0
0
0
0
0
0
0
0
0
0
0
0
0
0
0
0
0
0
0
0
0
0
0
0
0
0
0
0
0
0
0
0
0
0
0
0
0
0
0
0
0
0
0
0
0
0
0
0
0
0
0
0
0
0
0
0
0
0
0.0705895
0.0705895
0.0705895
0.0705895
0.0705895
0.0705895
0.0705895
0.0705895
0.0705895
0.0705895
0
0
0
0
0
0
0
0
0
0
0
0
0
0
0
0
0
0
0
0
0
0
0
0
0
0
0
0
0
0
0
0
0
0
0
0
0
0
0
0
0
0
0
0
0
0
0
0
0
0
0
0
0
0
0
0
0
0
0
0
0
0
0
0
0
0
0
0.070766
0.070766
0.070766
0.070766
0.070766
0.070766
0
0.070766
0.070766
0
0
0
0
0
0
0
0
0
0
0
0
0
0
0
0
0
0.070877
0
0
0.070766
0.070766
0
0.070766
0.070766
0
0
0.070877
0.0737335
0.070877
0.070877
0
0
0
0
0
0
0
0
0
0
0
0
0
0
0
0
0
0
0
0
0
0
0
0
0
0
0
0
0
0
0
0
0
0
0
0
0
0
0
0
0
0
0
0
0
0
0
0
0
0
0
0
0
0
0
0
0.070766
0
0
0
0
0
0.070766
0.070766
0
0
0.070877
0.070877
0.070877
0
0.070877
0.070877
0.11094
0.11094
0.0719466
0.070877
0
0
0
0
0
0
0.11094
0.11094
0.11094
0
0.11094
0
0.11094
0
0.11094
0.0719466
0.0719466
0
0
0
0.0719466
0
0
0
0
0.0706115
0.0706115
0.0706115
0.0706115
0.0706115
0.0706115
0.102029
0.102029
0.112287
0.112287
0.112287
0.112287
0.112287
0.112287
0
0
0.112287
0.112598
0.112287
0.078326
0.078326
0.0789953
0
0.0789953
0
0.112287
0
0
0
0
0
0
0
0.112287
0.102195
0.0706115
0
0
0
0
0
0.0705785
0
0
0
0
0
0
0
0
0
0
0
0
0
0
0
0
0
0
0
0.0763325
0.0763325
0.0763325
0.0763325
0
0
0
0
0
0
0
0.0763325
0.0763325
0.0763325
0.0763325
0.0769515
0.0763325
0.0763325
0
0
0
0
0
0
0
0.0763325
0.0763325
0.0763325
0.0763325
0.0763325
0.0763325
0.0763325
0.0763464
0.0763464
0.0763325
0.0763325
0.0763325
0.0763325
0.0763325
0.0763325
0.0763325
0.0763325
0.0763325
0.0763325
0.0763325
0.0763325
0.0763325
0.0763325
0.0763325
0.0763325
0.0763325
0
0
0.0763325
0.0763325
0.0763325
0.0763325
0.0705895
0.0705895
0.0705895
0.0705895
0.0705895
0.0705895
0.0705895
0.0705895
0.0705895
0.0705895
0.0705895
0
0.0705895
0
0.0705895
0
0
0
0
0
0
0
0
0
0
0
0
0
0
0
0
0
0
0
0
0
0
0
0
0
0
0
0
0
0
0
0
0
0
0
0
0
0
0
0
0
0
0
0
0
0
0
0
0
0
0
0
0
0
0
0
0
0
0
0
0
0
0
0
0.0718653
0.0718653
0.0718653
0.0718653
0
0
0
0
0
0
0
0
0
0
0
0
0
0
0.0706115
0.0706115
0.0706115
0.0706115
0.0706115
0.0706115
0.11176
0.11176
0
0.116445
0.116445
0.11176
0
0
0
0
0
0.070877
0
0.0712132
0.0733852
0
0
0
0.0710333
0.0710333
0.112287
0.112331
0.112287
0.0710333
0
0
0.0705455
0.0705455
0.0705455
0.0705455
0
0
0
0
0
0
0
0
0
0
0
0
0
0
0
0
0
0
0
0
0
0
0
0
0
0
0
0
0
0
0
0
0
0
0
0
0
0
0
0
0
0
0
0
0
0
0
0
0.0705895
0
0
0
0
0
0
0
0
0
0
0
0
0
0
0
0
0
0
0
0
0
0
0
0
0
0
0
0
0
0
0
0
0
0
0
0
0
0
0
0
0
0
0
0
0
0
0.0747958
0.0747958
0.0747958
0.0747958
0.0747958
0.0747958
0.0747958
0
0.0747958
0.0747958
0.0747958
0
0
0
0
0
0
0
0
0
0.073509
0.073509
0.073509
0.073509
0.073509
0.073509
0
0.073509
0.073509
0
0
0
0
0.073509
0.073509
0.073509
0.073509
0.073509
0.073509
0
0.073509
0.073509
0.073509
0.073509
0.073509
0.073509
0.073509
0.0745227
0.073509
0.073509
0.073509
0.073509
0.0735463
0.073509
0
0
0
0
0
0
0
0
0
0
0
0
0
0
0
0
0
0
0
0
0
0
0
0
0
0
0
0
0
0
0
0
0
0
0
0
0
0
0
0
0
0
0
0
0
0
0
0
0
0
0
0
0
0
0
0.0705346
0
0.0705346
0
0
0
0
0
0
0
0
0
0
0
0
0
0
0
0
0
0
0
0
0
0
0
0
0
0
0
0
0
0
0
0
0
0
0
0
0
0
0
0
0
0
0
0
0
0
0
0
0
0
0
0
0
0
0
0
0
0
0
0
0
0
0
0
0
0
0
0
0
0
0
0
0
0
0
0
0
0
0
0
0
0
0
0
0
0
0
0
0
0
0
0
0
0
0
0
0
0
0
0
0
0
0
0
0
0
0
0
0
0
0
0
0
0
0
0
0
0
0
0
0
0
0
0
0
0
0
0
0
0
0
0
0
0
0
0
0
0
0
0
0
0
0
0
0
0
0
0
0
0
0
0
0
0
0
0
0
0
0
0
0
0
0
0
0
0
0
0
0
0
0
0
0
0
0
0
0
0
0
0
0
0
0
0
0
0
0
0
0
0
0
0
0
0
0
0
0
0
0
0
0
0
0
0
0
0
0
0
0
0
0
0
0
0
0
0
0
0
0
0
0
0
0
0
0
0
0
0
0
0
0
0
0.0705895
0.0705895
0.0705895
0.0705895
0.0705895
0.0705895
0.0705895
0.0705895
0.0705895
0.0705895
0.0705895
0.0705895
0.0705895
0.0705895
0
0
0
0
0
0
0
0
0
0
0
0
0
0
0
0
0
0
0
0
0
0
0
0
0
0
0
0
0
0
0
0
0
0
0
0
0
0
0
0
0
0
0
0
0
0
0
0
0
0
0
0
0
0
0
0
0
0
0
0
0
0
0
0
0
0
0
0
0
0
0
0
0
0
0
0
0
0
0
0
0
0
0
0
0
0
0
0
0
0
0
0
0
0
0
0
0
0
0
0
0
0
0
0
0
0
0
0
0
0
0
0
0
0
0
0
0
0
0
0
0
0
0
0
0
0
0
0
0
0
0
0
0
0
0
0
0
0
0
0
0
0
0
0
0
0
0
0
0
0
0
0
0
0
0
0
0
0
0
0
0
0
0
0
0
0
0
0
0
0
0
0
0
0
0
0
0
0
0
0
0
0
0
0
0
0
0
0
0
0
0
0
0
0
0
0
0
0
0
0
0
0
0
0
0
0
0
0
0
0
0
0
0
0
0
0
0
0
0
0
0
0
0
0
0
0
0
0
0
0
0
0
0
0
0
0
0
0
0
0
0
0
0
0
0
0
0
0
0
0
0
0
0
0
0
0
0
0
0
0
0
0
0
0
0
0
0
0
0
0
0
0
0
0
0
0
0.0705455
0.0705455
0.0705455
0.0705455
0
0
0
0
0
0
0
0.0705346
0.0705346
0.0705346
0.0705346
0.0705346
0
0
0
0
0.0705455
0.0705455
0.0705455
0.0705455
0.0705455
0.0705455
0.0705455
0
0
0
0
0
0
0
0
0
0
0
0.0705895
0.0705895
0
0
0
0
0
0
0
0
0
0
0
0
0
0
0
0
0
0
0
0
0
0
0
0
0
0
0
0
0
0
0
0
0
0
0
0
0
0
0
0
0
0
0
0
0
0
0
0
0
0
0
0
0
0
0
0
0
0
0
0
0
0
0
0
0
0
0
0
0
0
0
0
0
0
0
0
0
0
0
0
0
0
0
0
0
0
0
0
0
0
0
0
0
0
0
0
0
0
0
0
0
0
0
0
0
0
0
0
0
0
0
0
0
0
0
0
0
0
0
0
0
0
0
0
0
0
0
0
0
0
0
0
0
0
0
0
0
0
0
0
0
0
0
0
0
0
0
0
0
0
0
0
0
0
0
0
0
0
0
0
0
0
0
0
0
0
0
0
0
0
0
0
0
0
0
0
0
0
0
0
0
0
0
0
0
0
0
0
0
0
0
0
0
0
0
0
0
0
0
0
0
0
0
0
0
0
0
0
0
0
0
0
0
0
0
0
0
0
0
0
0
0
0
0
0
0
0
0
0
0
0
0
0
0
0
0
0
0
0
0
0
0
0
0
0
0
0
0
0
0
0
0
0
0
0
0
0
0
0
0
0
0
0
0
0
0
0
0
0
0
0
0
0
0
0
0
0
0
0
0
0
0
0
0
0
0
0
0
0
0
0
0
0
0
0
0
0
0
0
0
0
0
0
0
0
0
0
0
0
0
0
0
0
0
0
0
0
0
0
0
0
0
0
0
0
0
0
0
0
0
0
0
0
0
0
0
0
0
0
0
0
0
0
0
0
0
0
0
0
0
0
0
0
0
0
0
0
0
0
0
0
0
0
0
0
0
0
0
0
0
0
0
0
0
0
0
0
0
0
0
0
0
0
0
0
0
0
0
0
0
0
0
0
0
0
0
0
0
0
0
0
0
0
0
0
0
0
0
0
0
0
0.0705785
0
0
0
0
0
0
0
0
0.118626
0
0
0
0
0
0
0
0
0
0
0.118888
0
0
0
0.121547
0
0
0.121547
0.0747958
0
0
0
0.121547
0
0
0.108987
0.157378
0.129777
0.129777
0.129777
0
0
0
0
0
0
0
0.129777
0
0
0
0
0
0
0
0
0
0.129914
0.0705895
0
0
0
0
0
0
0
0
0
0
0
0
0
0
0
0
0
0
0
0
0
0.0706115
0.11176
0
0
0
0.11176
0
0.11176
0.11176
0.11176
0.112022
0.112022
0
0.112022
0
0
0
0.11176
0.11176
0.11176
0
0.11176
0
0.11176
0
0.11176
0.11176
0.11176
0
0.11176
0
0.11176
0
0.11176
0.11176
0.11176
0.11176
0.11176
0
0
0
0
0
0
0
0
0
0
0
0
0
0
0
0
0
0
0
0
0
0
0
0
0
0.070877
0.070877
0.070877
0.070877
0.070877
0.070877
0.070877
0.070877
0.070877
0.070877
0
0
0
0.070877
0.070877
0
0
0
0.070877
0.070877
0.070877
0.070877
0.070877
0
0
0.070877
0
0.070877
0.070877
0.070877
0
0
0
0
0
0
0
0
0
0
0
0
0
0
0
0
0
0
0
0
0
0
0
0
0
0
0
0
0
0
0
0
0
0
0
0
0
0
0
0
0
0
0
0
0
0
0
0
0
0
0.0747958
0.0747958
0.0747958
0.0747958
0.0747958
0.0747958
0.0747958
0.0747958
0.0747958
0
0
0
0
0
0
0
0
0
0
0
0
0
0
0
0
0
0
0
0
0
0
0
0
0
0
0
0
0
0
0
0
0
0
0
0
0
0
0
0
0
0
0
0
0
0
0
0
0
0
0
0
0
0
0
0
0
0
0
0
0
0.0747958
0.0747958
0.0747958
0.0747958
0.0747958
0.0747958
0.0747958
0
0
0
0
0
0
0
0
0
0
0
0
0
0
0
0
0
0
0
0
0
0
0
0
0
0
0
0
0
0
0
0
0
0
0
0
0
0
0
0
0
0
0
0
0
0
0
0
0
0
0
0
0
0
0
0
0
0
0
0
0
0
0
0
0
0
0
0
0
0
0
0
0
0
0
0
0
0
0
0
0
0
0
0
0
0
0
0
0
0
0
0
0
0
0
0
0
0
0
0
0
0
0
0
0
0
0
0
0
0
0
0
0
0
0
0
0
0
0
0
0
0
0
0
0
0
0
0
0
0
0
0
0
0
0
0
0
0
0
0
0
0
0
0
0
0
0
0
0
0
0
0.0747958
0
0
0
0
0
0
0
0
0
0
0
0
0
0
0
0
0
0
0
0
0
0
0
0
0
0
0
0
0
0
0
0
0
0
0
0
0
0
0.0747958
0
0
0
0.0747958
0
0
0
0
0
0
0
0
0
0
0
0
0
0
0
0
0
0
0.0747958
0
0
0
0
0
0
0
0
0
0
0
0
0
0
0
0
0
0
0.0747958
0
0
0
0.0747958
0
0
0
0
0
0
0
0
0
0
0
0
0
0
0
0
0
0
0
0
0
0
0.0747958
0
0
0
0.070877
0.070877
0.070877
0.070877
0
0.070877
0.070877
0.070877
0
0.070877
0.070877
0.0712358
0
0
0.070877
0
0
0.070877
0
0.070877
0.070877
0.070877
0.070877
0.070877
0.070877
0.070877
0.070877
0.070877
0.070877
0.070877
0.070877
0.070877
0.070877
0.070877
0.070877
0.070877
0.070877
0.070877
0.070877
0.070877
0.070877
0.070877
0.070877
0.070877
0.070877
0.070877
0
0
0.070877
0.070877
0.070877
0.070877
0.070877
0.070877
0.070877
0.070877
0.070877
0.070877
0.070877
0.070877
0.070877
0.070877
0.070877
0.070877
0.070877
0.070877
0
0
0.0744323
0.0744323
0
0
0
0.070877
0.070877
0.070877
0.070877
0.070877
0.070877
0.070877
0.070877
0.070877
0.070877
0.0738969
0.0738969
0
0.0738969
0
0.0738969
0.070877
0.070877
0.070877
0.070877
0
0
0.070877
0
0
0
0
0.070877
0
0
0
0
0
0
0
0
0
0
0
0
0
0
0
0.0739095
0
0
0.0739095
0
0
0
0
0.070877
0.070877
0.0739095
0.0739095
0.0739095
0.0739095
0.0739095
0.0739095
0.0739095
0.070877
0.0739095
0.078266
0.078266
0
0
0.0803706
0.0803706
0
0
0
0
0
0
0
0
0
0
0.0814463
0.0814463
0
0.078266
0
0.0739095
0
0.0798405
0.070877
0.070877
0.070877
0.0740741
0.0740741
0.070877
0.070877
0.0740741
0
0.0740741
0.0719466
0.0719466
0.0719466
0
0
0
0.0719466
0.0719466
0.0735215
0.0735215
0.0735215
0
0.0735215
0.0735215
0
0
0
0
0
0
0
0
0
0
0.070877
0.070877
0.070877
0.070877
0.070877
0.070877
0.070877
0.0739095
0.0739095
0.0739095
0.0739095
0.0739095
0.0739095
0.0739095
0.0739095
0.0739095
0
0
0
0
0
0
0.070877
0
0.070877
0.070877
0.070877
0.070877
0.0754851
0.070877
0.0712132
0
0
0
0
0
0
0
0
0
0
0
0
0
0
0
0
0
0
0
0
0
0
0.15162
0
0
0
0
0.11094
0
0
0
0
0
0
0
0
0
0
0
0
0
0
0
0
0
0
0.0739474
0
0
0
0
0
0
0
0
0
0
0
0
0
0
0
0
0
0
0
0
0
0
0
0
0
0
0
0
0
0
0
0.0718885
0
0.0720867
0
0
0
0
0
0
0.070877
0.0927478
0.0726912
0
0.076753
0.0709438
0.0579528
0.070877
0.070877
0.070877
0.070877
0.070877
0.070877
0.070877
0.070877
0.070877
0.070877
0.070877
0.070877
0.070877
0.070877
0.070877
0.070877
0.0739095
0.0739095
0.0739095
0.0739095
0.0739095
0.0739095
0.0739095
0.0739095
0.0739095
0.0739095
0.0739095
0.0739095
0.0739095
0.0739095
0.0739095
0.0739095
0.0739095
0.0739095
0.0739095
0.0739095
0.0739095
0.0739095
0.0739095
0.0752577
0
0
0
0
0
0
0
0
0
0
0
0.0753912
0.0753912
0.0753912
0.0753912
0.0753912
0
0
0
0.0739095
0.0739095
0.0739095
0.0739095
0
0
0
0
0
0.0746914
0
0.0739095
0.0739095
0.0739221
0.0739221
0.0739221
0
0
0.0739095
0
0.0739095
0.0739095
0
0
0
0
0.0775713
0.0860464
0.0775713
0.0775713
0.078281
0.0783411
0.0834966
0.0834966
0.0834966
0.0739221
0.0739221
0.0739221
0.0739221
0.0739221
0
0.0739221
0.0739221
0
0
0
0
0
0
0
0
0
0
0
0
0
0
0
0
0
0
0
0
0
0
0
0
0
0
0
0
0
0
0
0
0
0
0
0.076444
0
0
0
0.076444
0
0
0
0
0
0
0
0
0
0
0
0
0
0
0
0
0
0
0
0
0
0
0
0
0
0
0
0
0
0
0
0
0
0
0
0
0
0
0
0
0
0
0
0
0
0
0
0
0
0
0
0
0
0
0
0
0
0
0
0
0
0
0
0
0
0
0
0
0
0
0
0
0
0
0
0
0
0
0
0
0
0
0
0
0
0
0
0
0
0
0
0
0
0
0
0
0
0
0
0
0
0
0
0
0
0
0
0
0
0
0
0
0
0
0
0
0
0
0
0
0
0
0
0
0
0
0
0
0
0
0
0
0
0
0
0
0
0
0
0
0
0
0
0
0
0
0.0808948
0.0808948
0.0808948
0.0808948
0.0808948
0.0808948
0.0808948
0.0808948
0
0.0808948
0.0808948
0.0808948
0.0808948
0.0808948
0.0808948
0.0808948
0
0.0808948
0
0.0808948
0.0808948
0
0
0
0
0
0
0
0
0
0.0808948
0
0.0808948
0
0
0
0.0808948
0
0
0.0808948
0.0808948
0
0
0
0
0
0
0.0818032
0.0808948
0
0
0
0
0
0
0
0
0
0.0840292
0.0840292
0
0
0
0.0876426
0
0
0
0
0
0
0
0.0887138
0.0876426
0
0
0
0
0
0.0860862
0.0860862
0.0860862
0
0.0860862
0
0.0860862
0.0860862
0
0
0
0
0
0
0
0
0
0
0
0
0
0
0
0
0
0
0
0
0
0.076753
0.076753
0.076753
0.076753
0.076753
0.076753
0.076753
0.076753
0.0768662
0.0768662
0.0768662
0.0768662
0.0852415
0.0768662
0.076753
0.076753
0.076753
0.078266
0
0.076753
0
0
0
0
0
0
0
0
0
0
0
0
0
0
0.0787347
0
0.0787347
0
0
0.0787347
0
0
0
0
0
0
0.0795872
0.0787347
0.0852415
0
0
0
0.0780126
0
0
0
0
0
0
0
0.0739095
0
0
0
0
0
0
0.0739095
0
0
0
0
0
0
0
0
0
0
0
0
0
0
0
0
0
0
0
0.0840292
0.0840292
0.0840292
0.0840292
0.0840292
0
0.0840292
0.0840292
0.0840292
0
0
0.0840292
0
0.0840292
0
0.0840292
0.0840292
0
0.0840292
0
0
0
0
0
0
0
0
0
0
0
0
0
0
0
0
0
0
0
0
0
0
0
0
0
0
0
0.0767106
0
0.0808948
0.0808948
0.0808948
0.0808948
0.0808948
0.0808948
0.0762078
0.0762078
0
0.0767106
0.0762078
0.0762078
0
0
0
0
0
0
0
0
0
0
0
0
0
0
0
0
0
0
0
0
0.075271
0.0860265
0.0860265
0.0860265
0.0860265
0.0860265
0.0860265
0.0860265
0
0
0
0
0
0
0
0
0
0
0
0
0
0
0
0
0
0
0
0
0
0
0
0
0
0
0
0
0
0
0
0
0
0
0
0
0
0
0
0
0
0
0
0
0
0
0
0
0
0
0
0
0
0
0
0
0
0
0
0
0
0
0
0
0
0
0
0
0
0
0
0
0
0
0
0
0
0
0
0
0
0
0
0
0
0
0
0
0.0767106
0.0770514
0.0770514
0.0770514
0.0770514
0.0770514
0
0.0770514
0.0770514
0
0.0808948
0.0808948
0.0808948
0.0808948
0.0808948
0.0850871
0.0850871
0
0.0850871
0.0808948
0.0808948
0.0808948
0.0808948
0.0850871
0.0809942
0.0840663
0.0840663
0.0840663
0.0808948
0
0.0808948
0.0808948
0
0
0
0
0
0
0
0
0
0
0.0761111
0.0761111
0.0761111
0.0859074
0.0859074
0
0.0859074
0.0859074
0.0859074
0.0762354
0.0859669
0.0859669
0
0.0859669
0.0859669
0.0859669
0
0
0
0
0
0
0.0859669
0.0757826
0
0
0
0
0
0.0758507
0.0823911
0.0759874
0.0759874
0.0759874
0
0
0.0759874
0
0
0.0759874
0.0757962
0.0832791
0.0759463
0
0
0.0759463
0.0865485
0.0865485
0.0759463
0
0
0.0759463
0.0759463
0.0759463
0.160128
0.160128
0.07596
0
0.07596
0
0
0.0755524
0
0.0755524
0.0755524
0.0755524
0.0755524
0
0
0
0
0.0755524
0.0755524
0.0859669
0.0859669
0.0859669
0.0859669
0.0859669
0.0859669
0.0859669
0
0.0859669
0.0755524
0.160128
0
0
0.160128
0.160128
0.160128
0.160128
0.171499
0.171499
0.171499
0.179605
0.179605
0.179605
0.179605
0
0
0
0
0
0
0
0
0
0
0
0
0
0
0.171499
0.17609
0.17609
0
0.161165
0.177471
0.161165
0.161165
0
0.161165
0.161165
0.161165
0
0.161165
0.161165
0.17609
0.17609
0.17609
0.17609
0.17609
0
0
0
0.17609
0
0
0
0
0
0
0
0
0
0
0
0
0
0
0
0.1849
0.1849
0
0
0
0.17609
0
0.17609
0.17609
0
0.1849
0.17609
0
0.177471
0.161165
0.161165
0
0.205196
0.205196
0.205196
0
0
0.208514
0
0.0857493
0.0857493
0.0859074
0.0857493
0.0857493
0
0
0
0
0
0
0
0
0.0857493
0.0857493
0
0.0857493
0.0857493
0.0857493
0
0
0
0
0.0857493
0
0
0
0
0
0
0
0
0
0
0
0
0
0
0
0
0
0
0
0
0
0
0.0865485
0.0865485
0.0865485
0
0.0865485
0.0865485
0
0.0865485
0.0865485
0.0865485
0.0865485
0.0865485
0.0865485
0
0.0865485
0.0865485
0.0865485
0.0865485
0
0
0
0
0.0865485
0.0865485
0.0865485
0
0.0865485
0.0865485
0
0.0865485
0.0865485
0.0865485
0.0865485
0
0.0865485
0.0865485
0.0865485
0.0865485
0.0865485
0.0865485
0.0865485
0
0.0805987
0.0823038
0.085769
0.0754314
0.0754314
0.0754314
0.0739095
0.0739095
0.0739095
0
0
0
0.0749269
0.0739095
0.0739095
0.0739095
0.077513
0.077513
0
0
0.0739095
0.0739095
0.0855921
0.0855921
0.0739095
0.0739095
0.0739095
0.0739095
0.0739095
0.0739095
0.0739095
0.0819748
0.0819748
0.0819748
0.0739095
0.0856706
0.0856706
0.0856706
0.0739095
0
0.0739095
0.0739095
0.076753
0.076753
0.076753
0.076753
0.076753
0.0772091
0.0772091
0.076753
0.076753
0
0.070877
0.0718885
0.0718885
0.0496751
0.0496751
0.0718885
0.0734347
0.0735215
0
0
0
0
0
0.0734347
0.0734347
0
0
0
0
0
0
0
0
0.0739221
0.0739221
0.0739221
0
0.0739221
0.070877
0.070877
0.070877
0.070877
0.070877
0.070877
0.070877
0.070877
0
0
0
0
0
0.070877
0
0.070877
0.070877
0.0730175
0.070877
0.070877
0.0719117
0
0
0
0
0
0
0
0
0
0
0
0
0
0
0
0
0
0
0
0
0
0
0
0
0
0.0720867
0.0720867
0.0720867
0
0
0
0
0
0
0
0.11094
0.11094
0.13901
0.13901
0.11094
0.11094
0.11094
0.11094
0.0719466
0.0719466
0.0719466
0.0743294
0.0743294
0
0
0.0743294
0.0743294
0.0743294
0.0719466
0.0719466
0.0719466
0.0743294
0.0743294
0.0743294
0.0743294
0.0719466
0.0719466
0.0719466
0.0719466
0.07596
0.0743294
0.0719466
0.0719466
0.0719466
0.0767671
0.0767671
0.0767671
0
0.0767671
0.0719466
0.0719466
0.0719466
0
0
0.0719466
0.0719466
0.0719466
0
0
0
0
0
0
0.0736086
0.0736086
0.0736086
0.0736086
0.0736086
0
0
0
0
0
0
0
0
0
0
0
0
0
0
0
0
0
0
0.070955
0.0709438
0.0735215
0.070955
0
0.070955
0.0735215
0
0.0774548
0.070955
0
0.0744968
0.15162
0.15162
0
0
0.15162
0.15162
0.15162
0.15162
0.0579528
0
0
0
0
0
0
0
0
0
0
0
0
0
0
0
0
0
0
0
0
0
0
0
0
0
0
0
0
0
0
0
0
0
0
0
0
0.0738339
0.0738339
0.0738339
0.0738339
0
0.0738339
0.0738339
0.0738339
0.0738339
0.0738339
0
0
0
0
0
0
0
0
0
0
0
0.0650256
0.0650256
0.0661541
0.0650256
0
0.0771517
0.0771517
0.0771517
0
0
0
0
0.0771517
0
0
0
0
0
0
0
0
0
0
0
0
0
0
0
0
0
0
0
0
0
0
0
0
0
0
0
0
0
0
0
0
0
0
0
0
0
0
0
0
0
0
0
0
0
0
0
0
0
0
0
0
0
0
0
0.0738717
0.0738717
0
0.0729204
0
0.0729204
0.0729204
0.0729204
0.0729204
0.0729204
0.0729204
0.0729204
0
0.0729204
0.0729204
0.0899843
0.0899843
0.0729204
0
0
0
0
0
0
0
0
0
0
0
0
0
0
0.070877
0.070877
0
0
0.0739221
0
0.0718885
0.0719117
0
0
0
0
0.11094
0
0
0
0
0
0
0.072075
0.0720867
0
0
0
0
0
0
0
0
0
0.0719466
0
0.0738339
0
0
0
0
0.070955
0.15162
0.0579528
0
0
0.0650256
0.070877
0.0771517
0
0
0
0.0729204
0.0729204
0.0729204
0.0729204
0
0
0
0
0.0739095
0.0739095
0.0739095
0.0739095
0.0739095
0.0739095
0.0739095
0.0739095
0.0739095
0.0739095
0.0739095
0.0739095
0.0739095
0.0739095
0.0739095
0.0739095
0.0739095
0.0739095
0.0739095
0.0739095
0.0739095
0.0739095
0.0739095
0.0739095
0.0739095
0.0739095
0.0739095
0
0
0
0
0
0
0
0
0.070877
0.070877
0.070877
0.070877
0.070877
0.070877
0.070877
0.070877
0.070877
0.070877
0.070877
0.070877
0.070877
0.070877
0.070877
0.070877
0.070877
0.070877
0.070877
0.070877
0.070877
0.070877
0.070877
0.070877
0.070877
0.070877
0.070877
0.070877
0.070877
0.070877
0.070877
0.070877
0.070877
0.070877
0.070877
0.070877
0.070877
0.070877
0.070877
0.070877
0.070877
0.070877
0.070877
0.070877
0.070877
0.070877
0.070877
0.070877
0.070877
0.070877
0.070877
0.070877
0.070877
0.070877
0.070877
0.070877
0.070877
0.070877
0.070877
0.070877
0.070877
0.0856509
0.0856509
0.0856509
0.0856509
0.0856509
0
0
0
0
0
0
0
0
0.0739095
0.0739095
0.0739095
0.0739095
0.0739095
0.0739095
0.0739095
0.0739095
0.0739095
0.0739095
0.0739095
0.0739095
0.0739095
0.0739095
0.0739095
0.0739095
0.0739095
0.0739095
0.0739095
0.0739095
0.0739095
0
0.0739095
0.0774984
0.0739095
0.0739095
0.0739095
0.0739221
0.0739221
0.0739221
0.0739221
0.0739221
0.0739221
0.0739221
0.0739095
0.0739095
0.0779089
0
0.0859669
0.117851
0.117851
0.0757962
0.0757962
0
0
0
0.0823736
0.0862061
0.0840663
0.0857493
0.0857493
0.0835148
0.0835148
0.0859669
0.0846857
0.0850487
0.0850487
0.0850487
0
0
0
0.0753778
0.0753778
0.0753778
0.0753778
0.0817007
0.0817007
0.0817007
0.0817007
0.0756469
0.0756469
0.0756469
0.0859669
0.0859669
0.0859669
0.0859669
0.0859669
0.0756469
0.0757282
0.0756469
0.0756469
0.0756469
0.0756469
0.0756469
0.0856706
0.0856706
0
0
0
0.0856706
0.0856706
0.0856706
0.0856706
0.0856706
0.0856706
0.0739221
0.0739221
0.0739221
0
0.0739095
0.0739095
0.0739095
0.0739095
0
0
0
0.0739095
0.0739095
0.0739095
0.0739095
0.0739095
0.0739095
0.0739095
0.0739095
0.0739095
0.0739095
0.0739095
0.0775858
0.0775858
0.0739221
0.0739221
0.0739221
0.0753778
0.075919
0.075512
0.0739095
0.0739095
0
0
0.0856902
0.0856902
0
0
0
0.0739095
0.0739095
0.0739095
0.0739095
0.0739095
0.0739095
0.0739095
0
0
0
0
0.0739095
0.0739095
0.0739095
0.0774984
0
0
0.0774984
0.0774984
0.0774984
0.0739095
0.0739095
0.0774984
0.0774984
0
0
0
0
0
0.0739095
0.0739095
0.0739095
0.0739095
0
0
0
0
0
0.0739095
0
0
0
0
0.0739095
0.0739095
0.0739095
0.0739095
0
0
0
0
0
0
0
0.0739095
0
0.0739095
0.0775858
0.0775858
0.0775858
0.0739095
0
0
0
0
0
0.0739095
0.0739095
0.070877
0
0
0
0
0
0
0
0
0
0
0
0
0
0
0
0
0
0
0
0
0
0
0
0
0
0
0
0
0
0
0
0
0
0
0
0
0
0
0
0
0
0
0
0
0
0
0
0
0
0
0
0
0
0
0
0
0
0
0
0
0
0
0
0
0
0
0
0
0
0
0
0
0
0
0
0
0
0
0
0
0.0705455
0.0705455
0.0705455
0.0705455
0.0705895
0.0705895
0.0709327
0.0705895
0
0
0
0
0
0
0
0
0
0
0
0
0
0
0
0
0
0
0
0
0
0
0
0
0
0
0
0
0
0
0
0
0
0
0
0
0
0
0
0
0
0
0
0
0
0
0
0
0
0
0
0
0
0
0
0
0
0
0
0
0
0
0
0
0
0
0
0
0
0
0
0
0
0
0
0
0
0
0
0
0
0
0
0
0
0
0
0
0
0
0
0
0
0
0
0
0
0
0
0
0
0
0
0
0
0
0
0
0
0.0705895
0.0705895
0.0705895
0
0
0
0
0
0
0
0
0
0
0
0
0
0
0
0
0
0
0
0
0
0
0
0
0
0
0
0
0
0
0
0
0
0
0
0
0
0
0
0
0
0
0
0
0
0
0
0
0
0
0
0
0.070766
0.070766
0.070766
0
0
0
0
0
0
0.070766
0
0
0
0
0
0
0
0
0
0
0.0705895
0.0705895
0.0705895
0
0
0
0
0
0
0
0
0
0
0
0
0
0
0
0
0
0
0
0
0
0
0
0
0
0
0
0
0
0
0
0
0
0
0
0
0
0
0
0
0
0
0
0
0
0
0
0
0
0
0
0
0
0
0
0
0
0
0
0
0
0.0705895
0.0705895
0
0
0
0
0
0.0763325
0.0763325
0.0763325
0.0763325
0
0
0.0714172
0.0747958
0
0
0
0
0
0
0.0763325
0.0763325
0.0763325
0.0763325
0.0763325
0
0
0
0
0
0
0
0
0.0796661
0.0797611
0
0
0.0833695
0.0833695
0
0
0.0705895
0.0705895
0.0705895
0.0705895
0.0705895
0.0705895
0.0705895
0.0705895
0.0705895
0.0705895
0.0705895
0.0705895
0.0705895
0.0705895
0.0705895
0.0705895
0.0705895
0.0705895
0.0705895
0.0705895
0.0705895
0.0705895
0.0705895
0.0705895
0.0705895
0.0705895
0.0705895
0.0705895
0.0705895
0.0705895
0.0705895
0.0705895
0.0705895
0.0705895
0.0705895
0.0705895
0.0705895
0.0705895
0.0705895
0.0705895
0.0705895
0.0705895
0.0705895
0.0705895
0.0705895
0.0705895
0.0705895
0.0705895
0.0705895
0.0705895
0.0706115
0
0
0
0
0
0
0
0.0826898
0.0826898
0.0826898
0.0826898
0.0826898
0
0
0
0
0
0
0.0747696
0.0747696
0.0747696
0.0747696
0.0785069
0.0785069
0.0785069
0.0785069
0.0767812
0.0767812
0.0801766
0.0786585
0.0747696
0.0755255
0.0776882
0.0798882
0
0.0801444
0
0.0755255
0.0706115
0
0.0706115
0
0
0
0
0
0
0
0
0
0
0
0
0
0
0.0705895
0
0
0
0
0
0
0
0.070766
0.070766
0.070766
0.070766
0.0735463
0.0735463
0
0
0
0
0
0
0
0
0
0
0
0.0751779
0.0751779
0.0751779
0.0751779
0.0751779
0.0751779
0.0751779
0.0767388
0.0767388
0.0747958
0.0747958
0.0747958
0.0747958
0.0747958
0.0747958
0.0785069
0.0785371
0.0747958
0.0797135
0.0797135
0.0797135
0.0777469
0.0777616
0
0
0
0
0
0
0
0
0
0
0
0.0747958
0.0747958
0.0747958
0.0747958
0.0747958
0.0747958
0.0747958
0.0747958
0.0747958
0.0751779
0.0751779
0.0763325
0.0767388
0.0767388
0.0763325
0.0763325
0.0763325
0.0763325
0.0763325
0.0747958
0.0747958
0.0749269
0.0749269
0.0747958
0.0747958
0.0747958
0.0747958
0.0747958
0.0747958
0.0801122
0.0747958
0.0747958
0.0747958
0.0747958
0.0747958
0.121547
0.121547
0.121547
0.0757826
0.0823561
0.0757826
0.0787347
0.0783561
0.0783561
0.080032
0
0
0.0772091
0.0772091
0.0784012
0.0830813
0.0747958
0
0
0
0
0.0747958
0.0747958
0
0
0
0
0.0778794
0.0778794
0.0616334
0.0616334
0
0
0
0
0
0
0
0
0
0
0.0747958
0
0
0
0
0
0
0
0
0
0
0
0
0
0
0
0
0
0
0
0
0
0
0
0
0
0
0
0
0
0
0
0
0
0
0
0
0
0
0
0
0
0
0.0769658
0.0769658
0.0823038
0.0830813
0.0830813
0.0830813
0.0830813
0.0830813
0.0844213
0.0844213
0.0846288
0.0846288
0.0861062
0.0830813
0.0876426
0.0830813
0.0830813
0.0876426
0.0830813
0
0
0.0769658
0.0751116
0.0751116
0.0751116
0
0
0
0
0.0772091
0.0772091
0.0772091
0
0
0
0
0
0.0772379
0.0772379
0.0772091
0.0757826
0.0757826
0.0757826
0.0757826
0.0757826
0.0757826
0.0757826
0.0801122
0.0757826
0.0772091
0.0772091
0.0772091
0
0.0772091
0.0772091
0.0807957
0.0825313
0
0
0
0.0756334
0.0756334
0
0
0
0
0
0
0
0.0756334
0.0756334
0.0756334
0.0756334
0.0756334
0.0756334
0
0
0
0
0
0.0756334
0.075674
0.075674
0.075674
0.075674
0.075674
0.075674
0.0811441
0.0811441
0.0815308
0.0811441
0.0811775
0.075674
0.075674
0.075674
0.0832972
0.075674
0.075674
0.083171
0.075674
0.075674
0.0760698
0.0761939
0.0761939
0.0761939
0.083207
0.075674
0.075674
0.0832972
0.0832972
0.0757418
0
0
0
0.075674
0.0757418
0.075674
0.0756334
0.0756334
0.0828315
0.0757011
0.083171
0.083171
0.083171
0.089065
0.146944
0
0
0
0
0
0.083171
0.0894651
0.083171
0
0
0
0
0
0
0
0
0
0
0
0
0
0
0
0
0
0
0
0
0
0
0
0
0.075769
0.075769
0.0757282
0.0757282
0.075769
0.080016
0.0757282
0.0757282
0.0757011
0.0757011
0.0757011
0.0757011
0.0757011
0
0
0
0.0757011
0.0757011
0.0757011
0.0854358
0.0854358
0.0854358
0.0757147
0.0768095
0.0757147
0.0757147
0
0
0
0
0.0757011
0.0757011
0.0771948
0.0801283
0.0757011
0.0767671
0.0767671
0
0.0778204
0.0757011
0
0
0
0
0.0757011
0.0801283
0.0801283
0.0801283
0.0801283
0.0801283
0.0801283
0.0867518
0.0801283
0.0801283
0
0.0801283
0
0
0
0
0
0
0
0
0.0764579
0.0830813
0.0768662
0.0808948
0
0
0
0
0
0
0
0
0
0
0
0
0
0
0
0
0
0
0
0
0
0
0
0
0.121547
0.121547
0.121547
0.121547
0
0
0
0
0
0
0
0
0
0
0
0.121547
0.121547
0
0
0
0
0
0
0.121547
0.121547
0
0.121547
0.121547
0
0
0
0
0
0
0
0
0.121547
0
0
0
0
0
0
0
0
0
0
0
0
0
0
0
0
0.079274
0.079274
0.079274
0.079274
0.079274
0.079274
0.079274
0
0.079274
0
0
0
0
0
0
0
0
0.079274
0
0
0
0.0796819
0.0796819
0.080403
0.080403
0.0823911
0.0823911
0.0824611
0.080403
0.080403
0
0
0
0
0
0
0
0
0.0796819
0.0796819
0
0.0796819
0
0
0
0
0
0.0797928
0.0797928
0.0823561
0.0797928
0
0
0
0
0
0
0
0
0
0
0
0.0809113
0.0772523
0
0.077513
0
0.0806806
0
0.080032
0.080032
0.0802572
0.0802572
0
0.0747958
0
0
0
0
0
0
0
0
0
0
0
0
0
0
0.0747958
0
0
0
0.0705895
0
0
0
0
0
0.0705895
0
0
0
0
0
0
0
0
0
0
0
0
0.0734223
0.0734223
0.0734223
0.0734223
0.0734223
0.0734223
0.0734223
0.0734223
0.0734223
0.0734223
0.0734223
0.0734223
0.0734223
0.0734223
0.0734223
0.0734223
0.0734223
0.0734223
0.0734223
0.0734223
0
0
0
0
0
0
0.0734223
0.0734223
0
0.0734223
0.0734223
0.0734223
0.0734223
0.0734223
0.0734223
0.0734223
0.0734223
0
0.0734223
0.0734223
0.0734223
0.0734223
0.0734223
0.0734223
0.0734223
0.0734223
0.0734223
0.0751381
0.0751381
0.0751381
0.0795715
0
0
0.0734223
0.0734223
0
0
0
0
0.0751381
0.0739727
0
0
0
0.0734347
0.0734223
0
0
0
0
0
0
0
0
0
0
0
0
0
0
0.0734223
0.0734223
0.0751381
0.0751381
0.0758916
0.0758916
0
0
0
0
0
0
0
0
0
0
0.0678064
0.0678064
0
0
0
0.075512
0.075512
0
0
0
0
0
0
0
0
0
0
0
0
0
0
0
0
0
0
0
0
0
0
0
0
0
0
0
0
0
0
0
0
0
0
0
0
0
0
0
0
0
0
0
0
0
0
0
0
0
0
0
0
0
0
0
0
0
0
0
0
0
0
0.0734223
0.0734223
0
0.0734223
0.0734223
0.0814126
0.0734223
0.0734347
0.0748612
0.0734223
0.0734223
0
0.0734223
0
0.0734223
0.0751381
0.0751381
0.0751381
0.0751381
0.0751381
0.0758916
0.0758916
0.0758916
0
0
0
0
0
0
0
0
0
0
0
0
0
0
0
0
0
0
0
0
0
0
0
0
0
0
0
0
0
0
0
0
0
0
0
0
0
0
0
0
0
0
0
0
0
0
0
0
0
0
0.0678064
0.0678064
0.0678844
0.0678844
0.0678844
0
0
0
0
0
0
0.0678064
0.0690889
0.0678064
0.0678064
0
0.0678064
0.075512
0.075512
0.075512
0.0734347
0
0.0733852
0.0733852
0.0734347
0.0733976
0
0
0
0
0
0
0
0
0
0
0
0
0
0
0
0
0
0
0
0
0
0
0
0
0
0
0.0733976
0.0733976
0.0834784
0.0733976
0.0742525
0.0734594
0.0734223
0
0
0
0
0
0.0734223
0.0734223
0.0734223
0.0734223
0.0734223
0.0737085
0
0
0
0
0
0
0
0
0
0
0
0
0
0
0
0
0.0742781
0
0
0
0
0
0
0
0
0
0
0
0
0
0
0.0737085
0.0754717
0.0821302
0.073721
0.0740868
0.0756064
0.0757011
0
0
0
0
0
0
0
0
0
0
0
0
0
0
0
0
0
0
0
0
0
0
0
0
0
0
0
0
0
0
0
0
0
0
0
0
0
0
0
0.0705895
0.0705895
0.0705895
0.0705895
0.0705895
0.0705895
0.0705895
0.0705895
0.0705895
0.0705895
0.0705895
0.0705895
0.0705895
0.0705895
0.0705895
0.0705895
0.0705895
0
0
0
0
0
0
0
0
0
0
0
0
0
0
0
0
0
0
0
0
0
0
0
0
0
0
0
0
0
0
0
0
0
0
0
0
0
0
0
0
0
0
0
0
0
0
0.0705895
0.0705895
0.0705895
0.0705895
0.0705895
0.0705895
0.0705895
0.0705895
0.0705895
0.0705895
0.0705895
0.0705895
0.0705895
0.0705895
0.0705895
0.0705895
0.0705895
0.0705895
0.0705895
0.0705895
0.0705895
0.0705895
0.0705895
0.0705895
0
0
0
0
0.0705895
0
0
0
0
0
0
0
0
0.0705895
0.0705895
0.0705895
0
0
0
0
0
0
0
0
0
0
0
0
0
0
0
0
0
0
0
0
0
0
0
0
0
0
0
0
0.0705895
0
0
0
0
0
0
0
0
0
0
0
0
0
0
0
0
0
0
0
0
0
0
0
0
0
0
0
0
0
0
0
0
0
0
0
0
0
0
0
0
0
0
0
0
0
0
0
0
0
0
0
0
0
0
0
0
0
0
0
0
0
0
0
0
0
0
0
0
0
0
0
0
0
0
0
0
0
0
0
0
0
0
0
0
0
0
0
0
0
0
0
0
0
0
0
0
0
0
0
0
0
0
0
0
0
0
0
0
0
0
0
0
0
0
0
0
0
0
0
0
0
0
0
0
0
0
0
0
0
0
0
0
0
0
0
0
0
0
0
0
0
0
0
0
0
0
0
0
0
0
0
0
0
0
0
0
0
0
0
0
0
0
0
0
0
0
0.0747958
0.0747958
0.0747958
0.0747958
0.0747958
0.0747958
0.0747958
0.0747958
0.0747958
0.0747958
0.0747958
0
0
0
0
0
0.0747958
0.0747958
0.0747958
0.0747958
0.0747958
0.0747958
0.0747958
0
0.0747958
0.0747958
0.0757826
0.0757826
0.0757826
0.0757826
0.0812277
0.0812277
0.0812277
0.083171
0.083171
0
0.083171
0.083207
0.083171
0.083207
0.083207
0.0812277
0.0812277
0.0812277
0
0.0812277
0.0747958
0.0747958
0.0747958
0.0747958
0
0.0747958
0.0747958
0.0747958
0.0747958
0.0747958
0.0747958
0.0747958
0.0747958
0.0747958
0.0747958
0.0747958
0.0747958
0.0747958
0
0
0
0
0
0
0
0
0
0
0
0
0
0
0
0
0
0
0
0
0
0
0
0
0
0
0
0
0
0
0
0.0747958
0.0747958
0.0747958
0.0747958
0.0783561
0.0783561
0.0752044
0.0752044
0.0784012
0.0784012
0
0
0
0
0
0
0
0
0.121547
0.121547
0.16
0.16
0
0
0
0
0
0
0
0
0
0
0
0
0
0
0
0
0
0
0
0
0
0
0
0
0
0
0.0768095
0.0768095
0.0830634
0
0
0.0686803
0.0686803
0.0771948
0.0771948
0
0
0
0
0
0
0.0747958
0.0686803
0.0686803
0.0686803
0.0699284
0.0699284
0.0699284
0.0699284
0.0699284
0.0686803
0
0
0
0
0
0
0
0
0.0783561
0.0783561
0.0783561
0.0783561
0.0783561
0.0783561
0.0783561
0.0783561
0.0764719
0.0764719
0.0943596
0.0943596
0.0943596
0.0943596
0
0.0943596
0.0943596
0
0
0
0.0798882
0.0798882
0.080032
0.0798882
0.0798882
0.0764719
0.0798882
0.0798882
0.0798882
0.0798882
0.0798882
0.0798882
0
0.0798882
0
0
0
0
0
0
0
0
0
0.0799042
0
0.0807792
0
0
0
0
0
0
0
0.0807792
0.0830634
0.0830634
0.0830634
0.0830634
0.079274
0.079274
0.079274
0.079274
0.079274
0.0803868
0
0.0802249
0.0752044
0.0752044
0.0752044
0.0752044
0.0970714
0.0970714
0.0970714
0.0756199
0.0756199
0.0758234
0.0758234
0.0758234
0.0758234
0
0
0
0.0758234
0.0758507
0.0758507
0
0.0756199
0.0756199
0
0
0
0
0
0
0
0
0
0
0
0
0
0
0
0
0
0
0
0
0
0
0
0
0
0
0
0
0
0
0
0
0
0
0
0
0
0
0
0
0
0
0
0
0
0
0
0
0
0
0
0
0
0
0
0
0
0
0
0
0
0
0
0
0
0
0
0.121547
0.121547
0.121547
0.121547
0.129777
0.129777
0.129777
0.129777
0
0.121547
0.121547
0.121547
0.121547
0.121547
0.121547
0.123267
0
0
0
0
0
0
0
0
0
0
0
0
0
0
0
0
0
0
0
0
0
0.111197
0.111197
0.589768
0.111197
0.111197
0.111197
0.111197
0.111197
0.111283
0
0
0
0
0
0.111197
0.111197
0.111197
0.14825
0
0.160385
0.160385
0.160385
0.160385
0.160385
0.160385
0.377964
0
0.160385
0.160385
0.116346
0.160385
0
0.4
0.4
0.4
0.942809
0.942809
0.4
0.596285
0.4
0.571429
0.589768
0.640513
0.417029
0.417029
0.417029
0.417029
0.417029
0.436436
0.436436
0.436436
0.534522
0.534522
0.534522
0.436436
0
0
0
0
0
0
0
0
0.571429
0.596285
0.596285
0.596285
0.596285
0.596285
0.596285
0
0
0.596285
0.596285
0.589768
0.589768
0.596285
0.596285
0.894427
0.894427
0.589768
0.111197
0.111197
0
0.4
0.4
0.4
0.4
0.4
0.4
0.4
0.4
0.16
0.16
0.16
0.16
0.16
0.160128
0.160128
0
0.160904
0.160904
0
0.160904
0.165238
0.165238
0.165238
0.165238
0.165663
0
0.16
0.16
0
0.0752577
0.0752577
0.0752577
0
0
0
0
0
0
0.0784012
0.0784012
0.0784012
0.0784012
0.0784012
0.113273
0
0.113684
0.113684
0.078326
0.0783862
0.0783862
0.0783862
0
0.078326
0.0784012
0.0784012
0.0784012
0.0784012
0.0784012
0.0794772
0.0794772
0.0794772
0.0794772
0.0794772
0.0801605
0.0784012
0.0798246
0.0798246
0.0804681
0.0784012
0.0787652
0.0787652
0.894427
0.894427
0.894427
0.0784012
0
0
0
0.0784012
0
0.0787347
0
0.0787347
0
0
0
0
0
0
0
0
0
0
0
0
0
0
0
0
0
0
0
0
0
0
0
0
0
0
0
0
0
0
0
0
0
0
0
0
0
0
0
0
0
0.0757826
0.0757826
0
0.0757962
0
0.0747958
0.0747958
0.0747958
0.0747958
0.0747958
0.0747958
0.0747958
0.0747958
0.0747958
0.0747958
0.0747958
0.0747958
0.0747958
0.0747958
0
0
0
0.0747958
0.0747958
0.0747958
0.0747958
0.0747958
0.0747958
0.0747958
0.0747958
0
0.0747958
0.0747958
0.0747958
0.0747958
0.0747958
0.0747958
0.0747958
0.0747958
0.0747958
0.0747958
0.0747958
0.0747958
0.0747958
0
0
0
0
0
0
0
0
0
0
0
0
0
0
0
0
0
0
0
0
0
0
0
0
0
0
0
0
0
0.0705455
0.0705455
0.0705455
0.0705455
0.0705455
0.0705455
0.0705455
0.0705455
0.0705455
0.0705455
0.0705455
0
0
0
0
0
0
0
0
0
0
0
0
0
0
0
0
0
0
0
0
0
0
0
0
0
0
0
0
0
0
0
0.0734223
0
0
0
0
0
0
0
0
0
0
0
0
0
0
0
0
0
0
0
0.0706335
0.0706335
0.0706335
0.0706335
0
0
0
0
0.0729932
0.0729932
0.0729932
0.0734471
0.0729932
0.0729932
0.0729932
0.0729932
0.0729932
0.0729932
0.0734471
0.0734471
0.0734471
0.0734471
0.0734471
0.0734471
0.0734471
0
0.0734471
0.0734471
0.0773389
0.0773389
0.0773389
0.0734471
0.0734471
0.0729932
0.0729932
0.0729932
0.0729932
0.0747566
0.0747566
0.0747566
0.0747566
0.0747566
0.0747566
0.0747566
0.0772091
0
0.0772091
0.0772091
0
0.0772091
0.0772091
0
0
0
0
0
0
0
0.0729932
0.0729932
0.0729932
0.0729932
0.0729932
0.0729932
0.0729932
0.0729932
0.0729932
0.0729932
0.0738465
0.0738465
0.0738465
0.0738465
0
0.0738465
0.0738465
0
0
0
0
0
0
0
0
0
0
0
0
0
0
0
0
0
0
0
0
0
0
0
0
0
0
0
0
0
0
0
0
0
0
0
0
0
0
0
0
0
0
0
0
0
0
0
0
0
0
0
0
0
0
0
0
0
0
0
0
0
0
0
0
0.0705895
0.0705895
0
0
0
0
0
0
0
0
0
0
0
0
0
0
0
0
0
0
0
0
0
0
0
0
0
0
0
0
0
0.0757826
0.0757826
0.0757826
0.0757826
0.0757826
0.0757826
0.0757826
0.0757826
0
0
0
0
0.0757826
0.0797611
0.0797611
0.0797611
0.0804681
0.0797611
0.0757826
0.0757826
0.0757826
0.0757826
0.0757826
0.0757826
0.0757826
0.0757826
0.0757826
0.0757826
0.0757826
0.0801927
0.0801927
0
0.0757826
0.0757826
0.0757826
0.0757826
0.0757826
0
0.0757826
0.0757826
0.0757826
0.0757826
0.0757826
0.0757826
0.0812277
0.0812277
0.0812277
0
0
0
0
0.0812277
0
0.0812277
0.0812277
0.0812277
0.0812277
0
0.0812277
0.0757826
0.4
0.4
0.4
0.4
0.4
0.589768
0.589768
0.589768
0.589768
0
0
0
0
0
0
0
0
0
0
0
0
0
0
0
0
0
0
0
0
0
0.0705895
0.0705895
0.0705895
0
0
0
0
0
0
0
0
0
0
0
0
0
0
0
0
0
0
0
0
0
0
0
0
0
0
0
0
0
0
0
0
0
0
0
0
0
0
0.0705895
0.0705895
0.0705895
0.0705895
0
0
0
0.074471
0.074471
0
0
0
0
0
0
0
0
0
0
0
0
0
0
0
0
0
0
0
0
0
0
0
0
0
0
0
0
0
0
0
0
0
0
0
0
0
0
0
0
0
0
0
0
0
0
0
0
0
0
0
0
0
0
0
0
0.0763325
0.0763325
0.0763325
0.0763325
0.0705455
0
0
0
0
0
0
0
0
0
0
0
0
0
0
0
0
0
0
0
0
0
0
0
0
0
0
0
0
0
0
0
0
0
0
0
0
0
0
0
0
0
0
0
0
0
0
0
0
0
0
0
0
0
0
0
0
0
0
0.0705895
0
0
0
0
0
0
0
0
0
0
0
0
0
0
0
0
0
0
0
0
0
0
0
0
0
0
0.0705895
0
0
0
0
0
0
0
0
0
0
0
0
0.075674
0.075674
0.075674
0
0
0
0
0
0
0
0.0747958
0
0
0
0.0705895
0
0
0
0
0
0
0
0
0
0
0
0
0
0
0
0
0
0
0
0
0
0
0.0706115
0
0
0
0
0
0
0
0
0
0
0
0
0
0
0
0
0
0
0
0
0
0
0
0
0
0
0
0
0
0
0
0
0
0
0
0
0
0
0
0
0
0
0
0
0
0
0
0
