0.326164
0.0289109
0.0289109
0.0289109
0.0289109
0
0
0.326164
0
0.326164
0.476731
0
0
0.326164
0
0
0.0558494
0.0558494
0.0558494
0.0558494
0.0558494
0.0558494
0.0558494
0.0558494
0.0558494
0
0
0
0.130632
0
0
0
0
0
0
0
0
0
0.0597401
0
0
0
0
0
0
0
0
0
0
0
0
0
0
0
0
0
0
0
0
0
0
0
0
0
0.0288147
0.0288147
0.0288147
0.0288147
0.0288147
0.0288147
0.0288387
0
0
0.0288147
0
0
0
0
0
0
0.0288123
0.0288123
0.0288123
0.0288123
0
0
0
0
0.0289715
0.0289715
0.0289715
0.0289715
0.0289715
0.0289715
0.0289109
0
0.476731
0
0.326164
0.326164
0.326164
0.326164
0.340997
0.340997
0.340997
0.340997
0.340997
0.326164
0.326164
0.326164
0.326164
0.326164
1
1
1
1
0
0
0
0
0
0
0.326164
0.0289109
0.0289109
0.0289109
0.0289109
0.326164
0.0289109
0
0.326164
0.326164
0.326164
0.326164
0.326164
0.326164
0.326164
0
0.0288916
0.326164
0
0
0
0
0
0
0
0
0
0
0
0
0
0
0
0
0
0
0
0
0
0
0
0
0
0
0
0
0
0
0
