0.0866296
0.0866296
0.0866296
0.0866296
0.0866296
0.0866296
0.0866296
0.0866296
0.0866296
0.0866296
0
0.0866296
0.0866296
0.0866296
0.0866296
0.0867852
0
0
0.0866296
0.0866296
0
0.0866296
0.0866296
0
0
0.0866296
0
0
0
0
0
0
0
0
0
0
0
0
0
0
0
0
0
0
0
0
0
0
0
0
0
0
0
0
0
0
0
0
0
0
0
0
0
0
0
0
0
0
0
0
0
0
0
0
0
0
0.0866296
0
0
0
0
0
0.0866296
0
0
0
0
0
0
0
0
0
0
0
0
0
0
0
0
0
0
0
0
0
0
0
0
0
0
0
0
0
0
0
0
0
0.086088
0.086088
0.086088
0.086088
0.086088
0
0
0
0
0
0
0
0
0
0
0
0
0
0
0
0
0
0
0
0
0
0
0
0
0
0
0
0
0
0
0
0
0
0
0
0
0
0
0
0
0
0
0
0
0
0
0
0
0
0
0
0
0
0
0
0
0
0
0
0
0
0
0
0
0
0
0
0
0
0
0
0
0
0
0
0
0
0
0
0
0
0
0
0
0
0
0
0
0
0
0
0
0
0
0
0
0
0
0
0
0
0
0
0
0
0
0
0
0
0
0
0
0
0
0
0
0
0
0
0
0
0
0
0
0
0
0
0
0
0
0
0
0
0
0
0
0
0
0
0
0
0
0
0
0
0
0
0
0
0
0
0
0
0
0
0
0
0
0
0
0
0
0
0
0
0
0
0
0
0
0
0
0
0
0
0
0
0
0
0
0
0
0
0
0
0
0
0
0
0
0
0
0
0
0
0
0
0
0
0
0
0
0
0
0
0
0
0
0
0
0
0
0
0
0
0
0
0
0
0
0
0
0
0
0
0
0
0
0
0
0
0
0
0
0
0
0
0
0
0
0
0
0
0
0
0
0
0
0
0
0
0
0
0
0
0
0
0
0
0
0
0
0
0
0
0
0
0
0
0
0
0
0
0
0
0
0
0
0
0
0
0
0
0
0
0
0
0
0
0
0
0
0
0
0
0
0
0
0
0
0
0
0
0
0
0
0
0
0
0
0
0
0
0
0
0
0
0
0
0
0
0
0
0
0
0
0
0
0
0
0
0
0
0
0
0
0
0
0
0
0
0
0
0
0
0
0
0
0
0
0
0
0
0
0
0
0
0
0
0
0
0
0
0
0
0
0
0
0
0
0
0
0
0
0
0
0
0
0
0
0
0
0
0
0
0
0
0
0
0
0
0
0
0
0
0
0
0
0
0
0
0
0
0
0
0
0
0
0
0
0
0
0
0
0
0
0
0
0
0
0
0
0
0
0
0
0
0
0
0
0
0
0
0
0
0
0
0
0
0
0
0
0.0860953
0.0860953
0.0860953
0.0860953
0.0860953
0
0
0
0
0
0
0
0
0
0
0.0883256
0.0883256
0.0883256
0.0883256
0.0883256
0.0883256
0.0883256
0.0883256
0.0883256
0.0883256
0.0883256
0.0883256
0.0883256
0.0883256
0.0883256
0
0
0
0
0
0
0
0
0
0
0
0
0
0
0
0
0
0
0
0
0
0
0
0
0
0
0
0
0
0
0
0
0
0
0
0
0
0
0
0
0
0
0.0684605
0.0684605
0.0684605
0.0684605
0.0684605
0
0
0
0
0
0
0
0
0
0
0
0
0
0
0
0
0
0
0
0
0
0
0
0
0
0
0
0
0
0
0
0
0
0
0
0
0
0
0
0
0
0
0
0
0
0
0
0
0
0
0
0
0
0
0
0
0
0
0
0
0
0
0
0
0
0
0
0
0
0
0
0
0
0
0
0
0
0
0
0
0
0
0
0
0
0
0
0
0
0.128856
0
0
0.0864162
0.0705186
0
0.0863722
0
0
0.0945295
0.0864088
0.0871289
0.0866814
0
0
0
0
0
0
0
0
0
0
0
0
0
0
0
0
0
0.194843
0.194843
0.194843
0.194843
0.194843
0.194843
0.210712
0.194843
0.0863942
0.0863942
0.0863942
0.0863942
0.0863942
0.0863942
0.0863942
0.0867332
0.0867332
0.0867332
0
0
0
0
0
0
0
0
0
0
0
0
0
0
0
0
0
0
0
0
0
0
0
0
0
0
0
0
0
0
0
0
0
0
0
0
0
0
0
0
0
0
0
0
0
0
0
0
0
0
0
0
0
0
0
0
0
0
0
0
0
0
0
0
0
0
0
0
0
0
0
0
0.0865117
0.0865117
0.0867555
0.0865117
0.0869267
0.0869267
0.0869267
0.0863283
0.0863283
0.0869341
0.0863283
0.0863283
0.0863283
0.0869117
0.0869341
0.0869117
0.0869117
0.0869341
0.0869117
0.0865117
0.0865117
0.0865117
0.0869043
0.0898109
0.0895241
0.0895241
0.0944815
0
0
0
0
0
0.0868149
0.0868149
0.0868149
0.0868149
0.0864162
0.0864162
0.0864162
0.0864162
0.0864162
0.0864162
0
0
0
0
0
0
0
0
0
0.0869267
0.0869192
0
0
0
0
0
0
0
0
0
0
0
0
0
0
0
0
0
0
0
0
0
0
0
0
0
0
0
0
0
0
0
0
0
0
0
0
0
0
0
0
0
0
0
0
0
0
0
0
0
0
0
0
0
0
0
0
0
0
0
0
0
0
0
0
0
0
0
0
0
0
0
0
0
0
0
0
0
0
0
0
0
0
0
0
0
0
0
0
0
0
0
0
0
0
0
0
0
0
0
0
0
0
0
0
0
0
0
0.0869192
0.0869192
0.0869192
0.0869192
0.0869192
0.0869267
0.0869267
0
0
0
0
0
0.0869192
0
0.0869192
0
0.0869192
0.0869267
0.0869267
0.0869267
0.0869192
0.0869192
0.0450253
0.118112
0
0.121512
0
0.087174
0
0
0
0
0
0
0
0
0
0
0
0
0
0
0
0
0
0
0
0
0
0
0
0
0
0
0
0
0
0
0
0
0
0
0
0
0
0
0
0
0
0
0
0
0
0
0
0
0
0
0
0
0
0
0
0
0
0
0
0
0
0
0
0
0
0
0
0
0
0
0
0
0
0
0
0
0
0
0
0
0
0
0
0
0
0
0
0
0
0
0
0
0
0
0
0
0
0
0
0
0
0
0
0
0
0
0
0
0
0
0
0
0
0
0
0
0
0
0
0
0
0
0
0
0
0
0
0
0
0
0
0
0
0
0
0
0
0
0
0
0
0
0
0
0
0
0
0
0
0
0
0
0
0
0
0
0
0
0
0
0
0
0
0
0
0
0
0
0
0
0
0
0
0
0
0
0
0
0
0
0
0
0
0
0
0
0
0
0
0
0
0
0
0
0
0
0
0
0
0
0
0
0
0
0
0
0
0
0
0
0
0
0
0.111899
0.112122
0
0
0
0
0
0
0
0
0.131487
0.136485
0
0.0672673
0
0
0
0
0
0
0
0
0
0
0
0
0
0
0
0
0
0
0
0
0
0
0
0
0
0
0
0
0
0
0
0
0
0
0
0
0
0
0
0
0
0
0
0
0
0
0
0
0
0
0
0
0
0
0
0
0
0
0
0
0
0
0
0
0.104477
0.090142
0.090142
0.0869267
0.0865558
0.0869267
0.0869267
0.090142
0.090142
0
0.090142
0.090142
0
0.0867332
0.0867332
0.124537
0
0
0
0
0
0
0
0
0
0
0
0
0
0
0
0
0
0
0
0
0
0
0
0
0
0.134507
0
0.134507
0.134507
0.134507
0.134507
0.134507
0.134507
0.134507
0
0
0
0
0
0
0
0
0
0
0
0
0
0
0
0
0
0
0
0
0
0
0
0
0
0
0
0
0
0
0
0
0
0
0
0
0
0
0
0
0
0
0
0
0
0
0
0
0
0
0
0
0
0
0
0
0
0
0
0
0
0
0
0
0
0
0
0
0
0
0
0
0
0
0
0
0
0
0
0
0
0
0
0
0
0
0
0
0
0
0
0
0
0
0
0
0
0
0
0
0
0
0
0
0
0
0
0
0
0
0
0
0
0
0
0
0
0
0
0
0
0
0
0
0
0
0
0
0
0
0
0
0
0
0
0
0
0
0
0
0
0
0
0
0
0
0
0
0
0
0
0
0
0
0
0
0
0
0
0
0.134039
0.134039
0.134039
0.134039
0.134039
0.134039
0.134039
0.134039
0.134039
0
0
0
0
0
0
0
0
0
0
0
0
0
0
0
0
0
0
0
0
0
0
0
0
0
0
0
0
0
0
0
0
0
0
0
0
0
0
0
0
0
0
0
0
0
0
0
0
0
0
0
0
0
0
0
0
0
0
0
0
0
0
0
0
0.0861752
0.0861752
0.0861752
0.0861752
0.0861752
0.0861752
0.0861752
0.0861752
0.0861752
0.0861752
0.0861752
0.0861752
0.0861752
0.0861752
0.0861752
0.0861752
0.0861752
0.0861752
0.0861752
0.0861752
0.0861752
0.0861752
0.0861752
0.0861752
0.0861752
0.0861752
0.0861752
0.0861752
0.0861752
0.0861752
0.0861752
0.0861752
0.0861752
0.0861752
0.0861752
0.0861752
0.0861752
0.0861752
0.0861752
0.0861752
0.0861752
0.0861752
0.0861752
0.0861752
0.0861752
0.0861752
0.0861752
0.0861752
0.0861752
0.0861752
0.0861752
0.0861752
0.0861752
0.0861752
0.0861752
0.0861752
0.0861752
0.0861752
0.0861752
0.0861752
0.0861752
0.0861752
0.0861752
0.0861752
0.0861752
0.0861752
0.0861752
0.0861752
0.0861752
0.0861752
0.0861752
0.0861752
0.0861752
0.0861752
0.0861752
0.0861752
0.0861752
0.0861752
0.0861752
0.0861752
0.0861752
0.0861752
0.0861752
0.0861752
0.0861752
0.0861752
0.0861752
0.0861752
0.0861752
0.0861752
0.0861752
0.0861752
0.0861752
0.0861752
0.0861752
0.0861752
0.0861752
0.0861752
0.0861752
0.0861752
0.0861752
0.0861752
0.0861752
0.0861752
0.0861752
0.0861752
0.0861752
0.0861752
0.0861752
0.0861752
0.0861752
0.0861752
0.0861752
0.0861752
0.0861752
0.0861752
0.0861752
0.0861752
0.0861752
0.0861752
0.0861752
0.0861752
0.0861752
0.0861752
0.0861752
0.0861752
0.0861752
0.0861752
0.0861752
0.0861752
0.0861752
0.0861752
0.0861752
0.0861752
0.0861752
0.0861752
0.0861752
0.0861752
0.0861752
0.0861752
0.0861752
0
0
0
0
0
0
0
0
0
0
0
0
0
0
0
0
0
0
0
0
0
0
0
0
0
0
0
0
0
0
0
0
0
0
0.0861752
0
0.0863137
0.0863137
0.0861752
0
0
0
0
0.0863137
0.0863137
0
0
0
0
0
0
0
0
0
0
0
0
0
0
0
0
0
0
0
0
0
0
0
0
0
0
0
0
0.0861897
0
0
0
0
0
0
0
0
0
0
0
0.0921729
0.0921729
0.0867778
0
0
0
0
0
0
0
0
0
0
0
0
0
0
0
0
0.090502
0.090502
0.090502
0.0868372
0
0
0
0
0
0
0
0
0
0
0
0.0861752
0.0861752
0.0863137
0.127562
0.127562
0.0861752
0.0861752
0.0861752
0.0861752
0
0.123905
0.0863356
0.0934724
0.0934724
0.093491
0.0934817
0.123905
0
0.0861752
0.0861752
0.0861752
0.0861752
0.0861752
0.0861752
0.0861752
0.0861752
0.0861752
0.0861752
0.0861752
0.0861752
0.0861752
0.0861752
0.0861752
0.0861752
0.0861752
0.0861752
0.0861752
0.0861752
0
0
0
0
0
0
0
0
0
0
0
0
0
0
0
0
0.0861752
0.0863356
0.093491
0.123905
0
0.123905
0.127
0
0
0
0
0
0
0
0
0
0
0
0
0
0
0
0.0861679
0.0861679
0.0861679
0.0861679
0.0861679
0.0861679
0
0
0
0
0
0
0.0861679
0.0861679
0.0861679
0.0861679
0.0861679
0.0861679
0.0861679
0.0861679
0
0
0
0
0.0863283
0
0
0
0
0
0.0861752
0
0.0861752
0.0861752
0.0861752
0.0861752
0.0861679
0.0861679
0.0861679
0.0861679
0
0
0.0859362
0.0859362
0.0859362
0.0859362
0.0861752
0.0861752
0.0861752
0.0861752
0.0861752
0.0861752
0.0861752
0.0861752
0.0861752
0.0861752
0.0861752
0.0861752
0.0861679
0.0861679
0.0861679
0.0861679
0.0861679
0.0861752
0.0861752
0.0861752
0.0861752
0.0861752
0.0861752
0.0861752
0
0.0861752
0.0861752
0.0861752
0.0861752
0.0869117
0.0861752
0.0861752
0.0861752
0.0861752
0.0861752
0.0861243
0.0861243
0.0861243
0.0861679
0.0861679
0.0861679
0.0861679
0.0861679
0
0
0.0867258
0.0867258
0.0867258
0.0867258
0
0
0
0
0
0
0
0
0
0
0
0
0
0.0861752
0.0861752
0.0861752
0.0861752
0.0861752
0.0861752
0
0
0
0
0
0
0
0
0
0
0
0.0867555
0
0
0
0
0
0
0
0
0
0
0
0
0
0
0
0
0
0
0
0
0
0.127023
0.127023
0.127023
0.127023
0.127023
0.127023
0
0.127023
0.127023
0.127023
0.127023
0.127023
0.127023
0
0
0
0
0.12871
0.12871
0
0
0
0
0
0
0
0.12871
0.119581
0.119581
0.119581
0.119581
0.119581
0
0
0
0
0
0.120031
0.120031
0.120031
0.120031
0.120031
0.120031
0
0
0
0
0
0
0
0
0
0
0.120724
0.120031
0.120031
0
0
0.131435
0.131435
0.120031
0.120031
0.120031
0.120031
0.120031
0
0
0
0
0
0
0
0
0
0
0
0
0
0
0
0
0
0
0.120031
0
0
0
0
0
0
0
0
0
0.121268
0.121268
0.121268
0.121268
0.123007
0
0.123475
0.121268
0
0
0.130114
0
0.130114
0.130114
0.130114
0.130114
0.130114
0.127023
0
0.127023
0.127023
0.127023
0.127023
0.127023
0
0
0
0
0
0
0
0
0
0
0
0
0
0
0
0
0
0
0
0
0
0
0
0
0
0
0
0
0
0
0
0
0
0
0.119581
0.119581
0
0.127023
0.119562
0.119562
0.127023
0.127023
0.127023
0
0
0.120011
0.120011
0
0.120011
0
0
0
0
0
0
0
0
0
0
0
0
0
0
0
0
0
0
0
0
0
0
0
0
0
0
0
0
0
0
0
0
0
0
0
0
0.0860156
0.0860156
0.0860156
0
0
0
0
0
0
0
0
0
0
0
0
0
0
0
0
0
0
0
0
0
0
0
0
0
0
0
0
0
0
0
0
0
0
0
0
0
0
0
0
0
0
0
0
0
0
0
0
0
0
0
0
0
0
0
0
0
0
0
0
0
0
0
0
0
0
0
0
0
0
0
0
0
0
0
0
0
0
0
0
0
0
0
0
0
0
0
0
0
0
0
0.134924
0.0859723
0
0
0
0
0
0
0
0
0
0
0
0
0
0
0
0
0
0
0
0
0
0
0
0
0.135316
0
0
0
0
0.090142
0.090142
0.090142
0.090142
0.090142
0.0861679
0.090142
0.071779
0
0
0
0.090142
0.090142
0.090142
0.090142
0
0
0
0
0
0
0
0
0
0
0
0
0
0
0
0.090142
0.090142
0
0
0
0
0
0
0
0
0
0.0765126
0.0944719
0
0
0
0.090142
0
0.090142
0
0
0.090142
0
0
0
0
0
0
0
0
0
0
0.145444
0.14583
0
0.071165
0
0.090142
0.0711486
0.0711486
0.0711486
0
0
0
0
0
0
0
0
0
0
0
0
0
0
0
0
0
0
0
0
0
0
0
0
0
0
0
0
0
0
0
0
0
0
0
0
0
0
0
0
0
0
0
0
0
0
0
0
0
0
0
0
0
0
0
0
0
0
0
0
0
0
0
0
0
0
0
0
0
0
0
0
0
0
0
0
0
0
0
0
0
0
0
0
0
0
0
0
0
0.135316
0
0
0
0.090142
0.14983
0.090142
0.090142
0.090142
0
0.090142
0
0
0
0
0
0.090142
0
0.090142
0
0
0
0
0
0.135316
0.135316
0
0.135316
0.135316
0.135316
0.135316
0.135316
0.135316
0.135316
0.135316
0
0
0
0
0.135316
0
0
0.090142
0.090142
0.090142
0.090142
0.090142
0.090142
0.090142
0.090142
0.090142
0.090142
0.090142
0.090142
0.090142
0
0
0
0
0
0
0
0
0
0
0.090142
0.090142
0
0.090142
0
0
0
0
0
0
0
0
0
0
0
0
0
0
0
0
0
0
0
0
0
0
0
0
0
0
0
0
0.090142
0.090142
0.090142
0.090142
0.090142
0.090142
0
0.090142
0.090142
0
0.090142
0
0.090142
0.090142
0.090142
0.090142
0.090142
0.090142
0.090142
0
0
0
0
0.090142
0.090142
0.090142
0
0
0
0
0
0
0
0
0
0
0
0
0
0
0
0
0
0
0
0
0
0
0
0
0
0
0
0
0
0
0
0
0
0
0
0.090142
0
0
0
0
0
0
0
0
0
0
0
0
0
0
0
0
0
0
0
0
0
0
0
0
0
0.090142
0.090142
0.090142
0.090142
0
0.090142
0
0
0
0
0
0
0
0
0
0
0
0
0
0
0
0
0
0
0
0
0
0
0
0
0
0
0
0
0
0
0
0
0
0
0
0
0
0
0
0
0
0
0
0
0.090142
0.090142
0.090142
0
0.090142
0
0
0
0
0
0
0
0
0
0
0
0
0
0
0
0
0
0
0
0.090142
0
0.090142
0.090142
0
0.090142
0.090142
0.090142
0
0
0
0
0
0
0
0
0
0
0
0
0
0
0
0
0
0
0
0
0
0
0
0
0
0
0
0
0
0
0
0
0
0
0
0
0
0
0
0
0
0
0.090142
0.090142
0
0
0
0
0
0
0
0
0
0
0.090142
0.090142
0.090142
0.090142
0.090142
0
0
0
0
0.090142
0.090142
0.090142
0.090142
0.090142
0.090142
0.13526
0.13526
0.13526
0.090142
0
0
0
0
0.090142
0
0.090142
0
0.135316
0.135316
0.135316
0.135316
0.135316
0.135316
0.135316
0.135316
0.135316
0.135316
0.135316
0
0
0
0
0.135316
0
0.135316
0.135316
0.135316
0.135316
0
0
0
0
0
0
0
0
0
0
0
0
0
0
0
0
0
0
0
0
0
0
0
0
0
0
0.090142
0.22672
0.22672
0.090142
0.090142
0.090142
0.090142
0.090142
0.090142
0.090142
0.090142
0.090142
0.156304
0.156304
0.156304
0.156304
0.156304
0.156304
0.156304
0.156304
0.156304
0.138675
0.144577
0.138949
0.138949
0.0928477
0
0.13901
0
0
0
0.13901
0.0940815
0
0
0
0
0
0
0
0
0
0
0
0
0
0
0
0.265543
0.265543
0
0
0
0
0.265543
0.0719139
0.0719139
0.0726346
0
0
0
0
0
0
0
0
0
0
0
0.0940815
0
0.0940815
0.0940815
0.0940815
0
0.0940815
0.0940815
0
0
0
0
0
0
0
0.151699
0.151699
0.152177
0.152017
0
0
0
0
0
0
0
0
0
0
0
0
0
0
0
0
0
0
0
0
0
0
0
0
0
0
0
0
0
0
0
0
0
0
0
0
0
0
0
0
0
0
0
0
0
0
0
0
0
0
0.135514
0.135514
0.090142
0.090142
0.090142
0.090142
0.090142
0.090142
0.090142
0
0.090142
0.090142
0.139408
0.090142
0
0.090142
0
0.090142
0.090142
0.090142
0
0
0
0
0
0.090142
0
0
0
0
0.090142
0.090142
0
0.090142
0
0.090142
0.090142
0.090142
0
0.090142
0.090142
0.090142
0.090142
0.135316
0.135316
0.135316
0.135316
0.135316
0.137626
0.137626
0.135316
0.090142
0.090142
0.090142
0.090142
0
0
0.0717286
0
0.071779
0.0782171
0.071779
0
0
0
0
0
0
0
0
0
0
0
0
0
0
0
0
0
0
0
0
0
0.0861679
0
0
0
0
0
0
0
0.090142
0.090142
0.090142
0.109346
0
0
0.109346
0.109346
0.109346
0
0
0
0
0
0
0.0940815
0
0
0
0
0
0.090142
0.090142
0.090142
0.0946353
0.090142
0.090142
0
0.090142
0.090142
0.090142
0.090142
0.090142
0
0
0
0
0.090142
0.090142
0
0.090142
0.090142
0.090142
0
0.090142
0
0.090142
0.090142
0.090142
0.090142
0.090142
0.090142
0.0933335
0
0.0933335
0.0943858
0
0.090142
0
0.090142
0.090142
0.090142
0.090142
0.0866888
0.0866888
0.0866888
0.0866888
0.0866888
0.0866888
0.0866888
0.0866888
0.102305
0.0866888
0.0866888
0.0866888
0.0866888
0.0866888
0
0
0
0
0
0
0
0
0.0866962
0.0866962
0.0866962
0.0866962
0.0866962
0.0866962
0
0
0.0866962
0
0
0
0
0
0
0
0
0
0
0
0
0
0
0
0
0
0
0
0
0
0
0
0
0
0
0.137626
0.137626
0.137626
0.137626
0.137626
0.137626
0.137626
0
0
0
0
0
0
0
0
0
0
0
0
0
0
0
0
0
0
0
0
0
0
0
0
0
0
0
0
0
0
0.0628243
0
0
0
0.134812
0.0866962
0.0866962
0.0866962
0
0
0
0.0866962
0.0866962
0.0868447
0.0866962
0.0866962
0.086711
0
0
0.086711
0.0867629
0.0867629
0.0867629
0.0867629
0.086711
0.086711
0.086711
0
0
0
0
0
0
0
0
0
0
0
0
0
0
0
0
0
0
0
0
0
0
0.0866962
0.0866962
0.0866962
0.0866962
0
0.0866962
0.131746
0.131746
0.131746
0.131746
0.137243
0.131746
0.0866962
0.102305
0.0866962
0.0984569
0.0866962
0.0866962
0.0866962
0.0984569
0.0984569
0.101004
0
0
0
0
0
0
0
0
0
0
0
0
0
0
0
0
0
0
0
0
0
0.0868447
0.0868447
0
0
0
0
0
0
0
0
0
0
0
0
0
0
0.0859434
0.0859434
0.0859434
0.0859434
0.0859434
0.0859434
0.0860156
0.0859723
0.0861679
0.0859434
0
0.0861679
0.0861679
0
0
0
0
0
0
0
0
0
0.090142
0.090142
0.090142
0.090142
0.090142
0.090142
0.090142
0.090142
0.090142
0.090142
0.090142
0.090142
0.090142
0.090142
0.090142
0.090142
0.090142
0.090142
0
0
0
0.13526
0
0.090142
0.090142
0.090142
0.090142
0.090142
0.090142
0.090142
0.090142
0.090142
0.090142
0.090142
0.090142
0.090142
0.090142
0.090142
0.090142
0.090142
0.090142
0.090142
0.090142
0.090142
0.090142
0.090142
0.090142
0.090142
0.090142
0.090142
0.090142
0.090142
0.090142
0.090142
0.090142
0.090142
0.090142
0.090142
0.090142
0.090142
0.090142
0.090142
0.090142
0.090142
0.090142
0.090142
0.090142
0.090142
0.090142
0.090142
0.090142
0.090142
0.090142
0.090142
0.090142
0.090142
0.090142
0.090142
0.090142
0.090142
0.090142
0.090142
0.090142
0.090142
0.090142
0.090142
0.090142
0.090142
0.090142
0.090142
0.090142
0.090142
0.090142
0.090142
0.090142
0.090142
0.090142
0.090142
0.090142
0.090142
0.090142
0.090142
0.090142
0.090142
0.090142
0.090142
0.090142
0.090142
0.090142
0.090142
0.090142
0.090142
0.090142
0.090142
0.090142
0.090142
0.090142
0.090142
0.090142
0.090142
0.090142
0.090142
0.090142
0.090142
0.090142
0.090142
0.090142
0.090142
0.090142
0.090142
0.090142
0.090142
0.090142
0.090142
0.090142
0.090142
0.090142
0.090142
0.090142
0.090142
0.090142
0.090142
0.090142
0.090142
0.090142
0.090142
0.090142
0.090142
0.090142
0.090142
0.090142
0.090142
0.090142
0.090142
0.090142
0.090142
0.090142
0.090142
0.090142
0.090142
0.090142
0.090142
0.090142
0.090142
0.090142
0.090142
0.090142
0.090142
0.090142
0.090142
0.090142
0.090142
0.090142
0.090142
0.090142
0.090142
0.090142
0.090142
0.090142
0.090142
0.090142
0.090142
0.090142
0.090142
0.090142
0.090142
0.090142
0
0
0.090142
0.090142
0.090142
0.090142
0.090142
0.090142
0.090142
0.090142
0.090142
0.090142
0.090142
0.090142
0.090142
0.090142
0.090142
0.090142
0.090142
0.090142
0.090142
0
0.131306
0
0
0
0.090142
0
0
0
0
0
0
0
0
0
0
0
0
0
0
0
0
0
0
0
0
0
0
0
0
0
0
0
0
0
0
0
0.0724264
0
0.0724264
0.0724264
0
0
0
0
0
0
0
0.134341
0
0.134341
0.090142
0.090142
0.090142
0.0725476
0.0725476
0
0
0
0.0725476
0
0
0
0.135316
0
0
0.135316
0.135316
0.135316
0.135316
0.135316
0
0
0
0
0.135316
0.090142
0.090142
0
0
0.0940248
0
0.090142
0.090142
0.090142
0.090142
0.13526
0.13526
0.13526
0.13526
0.289775
0.090142
0.090142
0
0
0
0.090142
0
0
0
0
0
0
0
0.090142
0.090142
0.090142
0.090142
0.090142
0.090142
0.090142
0.090142
0.090142
0.090142
0.090142
0.090142
0.090142
0
0
0
0.090142
0
0
0
0
0
0
0.135514
0.135514
0.135514
0
0
0
0
0.274486
0.274486
0.274486
0.0723402
0
0
0
0.0723402
0
0
0
0
0
0
0
0.0723402
0
0
0
0
0
0
0
0
0
0
0
0
0
0
0
0
0
0.0725476
0.0725476
0
0.0725476
0
0
0
0
0
0
0
0
0.0750491
0
0
0
0
0
0
0
0
0
0
0
0
0
0
0
0
0
0
0
0
0
0
0
0
0
0
0
0
0
0
0
0
0
0
0
0
0
0
0
0
0
0
0
0
0
0
0
0
0
0
0
0
0
0
0
0
0.0969003
0
0
0
0
0
0
0
0
0
0
0
0.0969003
0.0969003
0.0969003
0.0969003
0.0969003
0.0969003
0.0969003
0.135316
0.135316
0.135316
0.135316
0.135316
0.135316
0.135316
0.0969003
0
0
0.119893
0
0
0
0
0
0.135316
0.135316
0
0.0980366
0.0980366
0.0980366
0.0980366
0.0980366
0.0980366
0
0
0
0
0.136659
0
0.100057
0.100057
0
0.111566
0
0.144372
0
0
0
0
0
0
0
0
0
0.12143
0
0.0988058
0.0988278
0.135316
0
0
0
0.0866148
0
0
0.0866148
0.0866148
0.0866148
0.0866148
0.0866148
0.0866148
0.0866148
0.0866148
0.0866148
0
0
0
0
0
0
0
0
0
0
0
0
0
0
0
0
0
0
0
0
0
0
0
0
0
0
0
0
0
0
0
0.125446
0.125988
0
0
0
0
0
0
0
0
0
0
0
0
0
0
0
0
0
0
0
0
0
0
0
0
0
0
0
0
0
0
0
0
0
0
0
0
0
0
0
0
0
0
0
0
0
0
0
0
0
0
0
0
0
0
0
0
0
0
0
0
0
0
0
0
0
0
0
0
0
0
0
0
0
0
0
0
0
0
0
0
0
0
0
0
0
0
0
0
0
0
0
0
0
0
0
0
0
0
0
0
0
0
0
0
0
0
0
0
0
0
0
0
0
0
0
0
0
0
0
0
0
0
0
0
0
0
0
0
0
0
0
0
0
0
0
0
0
0
0
0
0
0
0
0
0
0
0
0
0
0
0
0
0
0
0
0
0
0
0
0
0
0
0
0
0
0
0
0
0
0
0
0
0
0
0
0
0
0
0
0
0
0
0
0
0
0
0
0
0
0
0
0
0
0
0
0
0
0
0
0
0
0
0
0
0
0
0
0
0
0
0
0
0
0
0
0
0
0
0
0
0
0
0
0
0
0
0
0
0
0
0
0
0
0
0
0
0
0
0
0
0
0
0
0
0
0
0
0
0
0
0
0
0
0
0
0
0
0
0
0
0
0
0
0
0
0
0
0
0
0
0
0
0
0
0
0
0
0
0
0
0
0
0
0
0
0
0
0
0
0
0
0
0
0
0
0
0
0
0
0
0
0
0
0
0
0
0
0
0
0
0
0
0
0
0
0
0
0
0
0
0
0
0
0
0
0
0
0
0
0
0
0
0
0
0
0
0
0
0
0
0
0
0
0
0
0
0
0
0
0
0
0
0
0
0.0968693
0
0.0968693
0
0
0
0
0
0
0
0
0
0
0
0
0
0
0
0
0
0
0
0.0956233
0
0.0956929
0.0956929
0.100573
0.109525
0
0
0
0
0
0
0
0
0
0
0
0
0
0
0
0
0
0
0
0
0
0
0
0
0
0
0
0
0
0
0
0
0
0
0
0
0
0
0
0
0
0
0
0
0
0
0
0
0
0
0
0
0
0
0
0
0
0
0.10367
0.114349
0
0
0
0
0
0
0
0
0
0
0
0
0
0
0
0
0
0
0
0
0
0
0
0
0.104607
0.116283
0
0.105025
0.42465
0.42465
0
0.42465
0.425523
0
0
0
0
0
0
0
0
0
0
0
0.42465
0
0
0
0
0
0
0
0
0
0
0
0
0
0
0
0
0
0
0
0
0
0
0
0
0
0
0
0
0
0
0
0
0
0
0
0
0
0
0
0
0
0
0
0
0
0
0
0
0
0
0
0
0
0
0
0
0
0
0
0
0
0
0
0
0
0
0
0
0
0
0
0
0
0
0
0
0
0
0
0
0
0
0
0
0
0
0
0
0
0
0
0
0
0
0
0
0
0
0
0
0
0
0
0
0
0
0
0
0
0
0
0
0
0
0
0
0
0
0
0
0
0
0
0
0
0
0
0
0
0
0
0
0
0
0
0
0
0
0
0
0
0
0
0
0
0
0
0
0
0
0
0
0
0
0
0
0
0
0
0
0
0
0
0
0
0
0
0
0
0
0
0
0
0
0
0
0
0
0
0
0
0
0
0
0
0
0
0
0
0
0
0
0
0
0
0
0
0
0
0
0
0
0
0
0
0
0
0
0
0.0980366
0.0980366
0.0980366
0
0
0.0980366
0
0.0980366
0
0
0
0
0
0
0
0
0
0.135457
0.135457
0.135457
0.135457
0.135457
0
0
0
0
0
0
0
0
0
0
0
0
0
0
0
0
0
0
0
0
0
0
0
0
0
0
0
0
0
0
0
0
0
0
0
0
0
0
0
0
0
0
0
0
0
0
0
0
0
0
0
0
0
0
0
0
0
0
0
0
0
0
0
0
0
0.0861897
0.0861897
0.0861897
0
0
0
0
0
0
0
0
0
0
0
0
0
0
0
0
0
0
0
0
0
0
0
0
0
0
0
0
0
0
0
0
0
0
0
0
0
0
0
0
0.289775
0.289775
0.289775
0.289775
0.289775
0
0
0
0
0
0
0
0
0
0
0
0
0
0
0
0
0
0
0
0
0
0
0
0
0
0
0
0
0
0
0
0
0
0
0
0
0
0
0
0
0.294303
0.294303
0.294303
0.090142
0.090142
0.090142
0.090142
0
0
0
0
0
0
0
0
0
0
0
0
0
0
0
0
0
0
0
0
0
0
0
0
0
0
0
0
0
0
0
0
0
0
0
0
0
0
0
0
0
0
0
0
0
0
0
0
0
0
0
0
0
0
0
0
0
0
0
0
0
0
0
0
0
0
0
0
0
0
0
0
0
0
0
0
0
0
0
0
0
0
0
0
0
0
0
0
0
0
0
0
0
0
0
0
0
0
0
0
0
0
0
0
0
0
0
0
0
0
0
0
0
0
0
0
0
0
0
0
0
0
0
0
0
0
0
0
0
0
0
0
0
0
0
0
0
0
0
0
0
0
0
0
0
0
0
0
0
0
0
0
0
0
0
0
0
0
0
0
0
0
0
0
0
0
0
0
0
0
0
0
0
0
0
0
0
0
0
0
0
0
0
0
0
0
0.139562
0.139562
0.139562
0.139562
0.139562
0.139562
0.139562
0.139562
0.139562
0
0
0
0.139562
0
0
0
0
0
0
0
0
0
0
0
0.134039
0
0
0
0
0
0
0
0
0
0
0
0
0
0
0
0
0.0869341
0.0869341
0.0869341
0.0869341
0.0869341
0.0869341
0
0
0
0.0869341
0
0.0869341
0
0.0869341
0.0869341
0.0869341
0
0
0
0
0
0
0
0
0
0
0
0
0
0
0
0
0
0
0
0
0
0
0
0.086088
0.086088
0.086088
0.086088
0
0
0
0
0
0
0
0
0.0870613
0.0870613
0.0870613
0.0870613
0
0
0
0
0.0870688
0.0870688
0.0870688
0.0870688
0.0870688
0.0870688
0.0870688
0.0870613
0
0.0872192
0
0
0
0
0
0
0
0
0
0
0
0
0
0
0
0
0
0
0
0
0
0
0
0
0
0
0
0
0
0
0
0
0
0
0
0
0
0
0
0
0
0
0
0
0
0
0
0
0
0
0
0
0
0
0
0
0
0
0
0
0
0
0
0
0
0
0
0
0
0
0.0866222
0.0866222
0.086088
0.086088
0.086088
0.086088
0.086088
0.086088
0.086088
0.086088
0.086088
0.086088
0.086088
0.086088
0.086088
0.086088
0.086088
0.086088
0.086088
0.086088
0.086088
0.086088
0.086088
0
0
0
0.086088
0.086088
0.086088
0.086088
0.086088
0.086088
0.086088
0.086088
0.086088
0.0861752
0.0861752
0.0861752
0.0861897
0.0861897
0.0861752
0.0861752
0.0861897
0.0867258
0
0
0
0.0861752
0.0935933
0
0
0
0
0.0861752
0
0.0861752
0.0861752
0.0861752
0.0861752
0.0861752
0.127586
0.0861752
0.0861752
0
0
0
0
0
0
0
0
0
0
0
0
0
0
0
0
0
0
0
0
0
0
0
0
0
0
0
0
0
0
0
0
0
0
0
0
0
0
0
0
0
0
0
0
0
0
0
0
0
0
0
0
0
0
0
0
0
0
0
0
0
0
0
0
0
0
0
0
0
0
0
0
0
0
0
0
0
0
0
0
0
0
0
0
0
0
0
0
0
0
0
0
0
0
0
0
0
0
0
0
0
0
0
0
0
0
0
0
0
0
0
0
0
0
0
0
0
0
0
0
0
0
0
0
0
0
0
0
0
0
0
0
0
0
0
0
0
0
0
0
0
0
0
0
0
0
0
0
0
0
0
0
0
0
0
0
0
0
0
0
0
0
0
0
0
0
0
0
0
0
0
0
0
0
0
0
0
0
0
0
0
0
0
0
0
0
0
0
0
0
0
0
0
0
0
0
0
0
0
0
0
0
0
0
0
0
0
0
0
0
0
0.0869117
0.0869117
0
0.0869117
0.0869117
0.0869117
0
0.0869117
0
0
0
0
0
0
0
0
0
0
0
0
0
0
0
0
0
0
0
0
0
0
0
0
0
0
0
0
0
0
0
0
0
0
0
0
0
0
0
0
0
0
0
0
0
0
0
0
0
0
0
0.090142
0.090142
0.090142
0
0
0
0
0
0
0
0
0.13526
0.13526
0.13526
0
0
0
0
0
0
0
0
0
0
0
0
0
0
0
0
0
0
0
0
0
0
0
0
0
0
0
0
0
0
0
0
0
0
0
0
0
0
0
0
0
0
0
0
0
0
0
0
0
0
0
0
0
0
0
0
0
0
0
0
0
0
0
0
0
0
0
0
0
0
0
0
0
0
0
0
0
0
0
0.106697
0
0.106697
0
0
0.250178
0.250178
0.250178
0.252341
0.250178
0.250178
0.0868447
0
0
0
0
0
0
0
0
0
0
0
0
0
0
0
0
0
0
0
0
0
0
0
0
0
0
0
0
0
0
0
0
0
0
0
0
0
0
0
0
0
0
0
0
0.0869341
0.0869341
0.0869341
0.0869341
0.0869341
0
0
0
0
0
0
0
0.086088
0.086088
0
0
0
0
0
0
0.0867778
0.0867778
0.0867778
0.0867406
0
0
0
0
0.0868447
0.0868447
0.0868447
0
0
0.0912094
0.0912094
0
0
0
0.0868447
0.0868447
0
0.0861752
0
0
0
0
0
0
0
0
0
0
0
0
0
0
0
0.0872494
0
0.0868223
0
0
0
0
0
0
0
0
0
0
0
0
0
0
0
0
0
0
0
0
0
0
0
0
0
0
0
0
0
0
0
0
0
0
0
0
0
0
0
0
0
0
0
0
0
0
0
0
0
0
0
0
0
0
0
0
0
0
0
0
0
0
0
0
0
0
0
0
0
0
0
0
0
0
0
0
0.0861752
0.0861752
0.0861752
0
0
0.137656
0.137656
0.137656
0.137656
0.137656
0.137656
0.137656
0.137656
0.137686
0.137686
0.137656
0.137656
0.137656
0.137656
0.137656
0.137656
0.137656
0.137656
0.137656
0.137656
0.137656
0.137656
0.137656
0
0.137656
0.137656
0.137656
0.137656
0.137656
0.137656
0
0
0.137656
0.137656
0.137656
0.137656
0
0
0.0866296
0.0866296
0.0866296
0
0
0
0
0.0866296
0
0
0.0867852
0
0
0
0.0868149
0.0868149
0.0868149
0.0868149
0.0868149
0.0868149
0.0868149
0.0868149
0
0
0
0
0
0
0
0.0868149
0.0868149
0.0868149
0
0
0
0
0
0
0
0
0
0
0.0868149
0.0868149
0.0868149
0.0868149
0.0868149
0
0
0
0
0
0
0
0
0
0
0
0
0
0
0
0
0
0
0
0
0
0
0
0
0
0
0
0
0
0
0
0
0
0
0.0868149
0.0868149
0.0868149
0.0868149
0
0
0
0
0
0
0
0
0
0.0868149
0
0
0
0
0
0
0
0
0
0
0
0
0
0
0
0
0
0
0
0
0
0
0
0
0
0
0
0
0
0
0
0
0
0
0
0
0
0
0
0
0
0
0
0.0868149
0.0868149
0.0868149
0.0868149
0.0868149
0.0868149
0
0
0
0.0861897
0
0
0
0
0
0
0
0
0
0
0
0
0
0
0
0
0
0
0
0
0
0
0
0
0
0
0
0
0
0
0
0
0
0
0
0.0861897
0.0861897
0.0861897
0.0861897
0.0861897
0.0861897
0.0861897
0
0
0
0
0
0
0
0
0
0
0
0
0
0
0
0
0
0
0
0
0
0
0
0
0
0
0
0
0.0861897
0.0861897
0.0861897
0.0861897
0.0861897
0.0861897
0
0
0
0
0
0
0
0
0
0
0
0
0
0
0
0
0
0
0
0
0.0935467
0.0935747
0.130039
0.130039
0.130039
0.130039
0.130039
0.130039
0
0.130039
0.130039
0
0
0
0
0.130039
0.130039
0.130039
0.130039
0.130039
0.130039
0
0.130039
0.130039
0.130039
0.130039
0.130516
0.130516
0.130516
0.130541
0.130516
0.130039
0.130039
0.130039
0.132559
0.130039
0
0
0
0
0
0
0
0
0
0
0
0
0
0
0
0
0
0
0
0
0
0
0
0
0
0
0
0
0
0
0
0
0
0
0
0
0
0
0
0
0
0
0
0
0
0
0
0
0
0
0
0
0
0
0
0
0
0
0
0
0
0.0861679
0.0861679
0.0861679
0.0861679
0.0861679
0.0861679
0.0861679
0
0
0
0
0
0
0
0
0
0
0
0
0
0
0
0
0
0
0
0
0
0
0
0
0
0
0
0
0
0
0
0
0
0
0
0
0
0
0
0
0
0
0
0
0
0
0
0
0
0
0
0
0
0
0.0926753
0.0926753
0
0
0
0
0
0
0
0
0
0
0
0.312002
0
0
0
0
0
0
0
0
0
0
0
0
0
0
0
0
0
0
0
0
0
0
0
0
0
0
0
0
0
0
0
0
0
0
0
0
0
0
0
0
0
0
0
0
0
0
0
0
0
0
0
0
0
0
0
0
0
0.135316
0.135316
0.135316
0.135316
0.135316
0.135316
0.135316
0.135316
0.136111
0.136111
0.135316
0.136111
0.136111
0.135316
0.135316
0.135316
0.135316
0.135316
0.135316
0.135599
0.135316
0.135316
0.135316
0.135316
0.135316
0.135316
0
0.135316
0.135316
0.135316
0.135316
0
0
0
0
0
0
0.191805
0.191805
0
0
0
0
0
0
0
0.135316
0.135316
0
0
0
0
0.141037
0
0.222222
0.222222
0
0
0
0
0
0
0.261998
0.135316
0.261998
0.261998
0.261998
0
0
0
0
0
0
0
0
0
0
0
0.261998
0.261998
0.261998
0.261998
0.261998
0.301511
0.301511
0.261998
0.142461
0.261998
0.261998
0.141938
0.261998
0.141938
0.284398
0.284398
0.284398
0.284398
0.284398
0.284398
0
0
0
0
0
0
0
0.284398
0.141938
0.0703123
0.0703123
0.0703123
0
0
0
0
0
0.0703123
0
0
0
0
0
0
0
0
0
0
0
0
0
0
0
0
0
0
0
0
0
0
0
0
0
0
0
0
0
0
0
0
0
0
0
0
0
0
0
0
0
0
0
0
0
0
0
0
0
0
0
0
0
0
0
0
0
0
0
0
0
0
0
0
0
0
0
0
0
0
0
0
0
0
0
0
0
0
0
0
0
0
0
0
0
0
0
0
0
0
0
0
0
0.294303
0.294303
0.294303
0.294303
0
0
0
0.294303
0.294303
0.294303
0.294303
0.301511
0.301511
0.312002
0.312002
0
0.312002
0
0.312002
0
0.3148
0.312002
0.312002
0.294303
0.296648
0.294303
0
0
0
0
0
0
0
0
0
0
0
0
0
0
0
0
0
0
0
0
0
0
0
0
0
0
0
0
0
0
0
0
0
0
0
0
0
0
0
0
0
0
0
0
0
0
0
0
0
0
0
0
0
0
0.0692016
0
0.0832545
0
0.0943
0
0
0
0
0
0
0
0
0
0
0
0
0
0
0
0
0
0.0991917
0
0
0
0
0
0
0
0
0
0
0
0
0
0
0
0
0
0
0
0
0
0
0
0
0
0
0
0
0
0
0
0
0
0
0
0
0
0
0
0
0
0
0
0
0
0
0
0
0
0
0
0
0
0
0
0
0
0
0
0
0
0
0
0
0
0
0
0
0
0
0
0
0
0
0
0
0
0
0
0
0
0
0
0
0
0
0
0
0
0
0.135316
0
0
0
0
0
0
0
0
0
0
0
0
0
0
0
0.135316
0.289775
0.289775
0.289775
0.289775
0.309277
0.294303
0
0.3148
0.3148
0.292013
0
0
0
0
0.42465
0
0
0
0
0
0
0
0.294303
0.294303
0.289775
0.0861243
0
0.0861243
0
0.137656
0.137656
0.137656
0.137656
0.137656
0.137656
0.137656
0.137656
0.137656
0
0.137656
0.137656
0.137656
0
0
0
0
0
0
0.127023
0.127023
0.127023
0.127023
0.127023
0.127023
0.127023
0.127023
0.127023
0.127023
0.127023
0.127023
0.127023
0.127023
0.127023
0.127023
0.127023
0.127023
0.127023
0.127023
0
0
0
0
0
0
0.127023
0.127023
0
0.127023
0.127023
0.127023
0.127023
0.127023
0.127023
0.127023
0.127023
0
0.127023
0.127023
0.127023
0.127023
0.127023
0.127023
0.127023
0.127023
0.127023
0
0
0
0
0
0
0.127023
0.127023
0
0
0
0
0
0.128252
0
0
0
0.12707
0.127023
0
0
0
0
0
0
0
0
0
0
0
0
0
0
0.127023
0.127023
0
0
0.132007
0.132007
0
0
0
0
0
0
0
0
0
0
0
0
0
0
0
0
0
0
0
0
0
0
0
0
0
0
0
0
0
0
0
0
0
0
0
0
0
0
0
0
0
0
0
0
0
0
0
0
0
0
0
0
0
0
0
0
0
0
0
0
0
0
0
0
0
0
0
0
0
0
0
0
0
0
0
0
0
0
0.127023
0.127023
0
0.127023
0.127023
0
0.127023
0.12707
0.13459
0.127023
0.127093
0
0.12721
0
0.127023
0
0
0
0
0
0.132007
0.132007
0.132007
0
0
0
0
0
0
0
0
0
0
0
0
0
0
0
0
0
0
0
0
0
0
0
0
0
0
0
0
0
0
0
0
0
0
0
0
0
0
0
0
0
0
0
0
0
0
0
0
0
0
0
0
0
0
0
0
0
0
0
0
0
0
0
0
0
0
0
0.127163
0
0.126814
0.126814
0.12728
0.12693
0
0
0
0
0
0
0
0
0
0
0
0
0
0
0
0
0
0
0
0
0
0
0
0
0
0
0.126954
0.126954
0
0.126954
0.129075
0.127257
0.126837
0
0
0
0
0
0.126837
0.127023
0.127023
0.127023
0.127023
0.127562
0
0
0
0
0
0
0
0
0
0
0
0
0
0
0
0
0.128348
0
0
0
0
0
0
0
0
0
0
0
0
0
0
0.127562
0.131255
0
0.127657
0.128734
0.131928
0
0
0
0
0
0
0
0
0
0
0
0
0
0
0
0
0
0
0
0
0
0.127023
0.127023
0.127023
0.127023
0.129939
0.132453
0
0.129939
0.129939
0.129939
0
0
0
0
0
0
0
0
0
0
0
0
0
0
0
0
0
0
0
0
0
0
0
0
0
0
0
0
0
0
0
0
0
0
0
0.0868447
0
0
0
0
0
0
0
0
0
0
0
0.086088
0.086088
0.086088
0.086088
0
0
0
0
0
0
0
0
0
0
0
0
0.0866148
0
0.0866148
0
0
0
0
0
0
0
0
0
0
0
0
0
0
0
0
0
0
0
0.0861679
0.0861679
0.0861679
0.0861679
0.0861679
0.0861679
0.0861679
0.0861679
0.0861679
0.0861679
0.0861679
0.0861679
0.0861679
0
0
0
0
0
0
0
0
0
0
0
0
0
0
0
0
0
0
0
0
0
0
0
0
0
0
0
0
0
0
0
0
0
0
0
0
0
0
0
0
0
0
0
0
0
0
0
0
0
0
0
0
0
0
0
0
0
0
0
0
0
0
0
0
0
0
0
0
0
0.086088
0
0.0868149
0.0868149
0.0868149
0.0868149
0.0868149
0.0868149
0.0868149
0.0868149
0
0
0.0868149
0
0
0
0
0
0
0
0
0
0
0
0
0
0
0
0
0
0
0
0
0
0
0
0
0
0
0
0
0
0
0
0
0
0
0
0
0
0
0
0
0
0
0
0
0
0
0
0
0
0
0
0
0
0
0
0
0
0
0
0
0
0
0
0
0
0
0
0
0
0
0
0
0
0
0
0
0
0
0
0
0
0
0
0
0
0
0
0
0
0
0
0
0
0
0
0
0
0
0
0
0
0.0868149
0
0
0
0
0
0
0
0
0
0
0
0
0
0
0
0
0
0
0.0626113
0.0626113
0.0626113
0.0626113
0.0626113
0.0626113
0.0626113
0.0626113
0.0626113
0.0626113
0.0626113
0.0626113
0.0626113
0.0626113
0.0626113
0.0626113
0.0626113
0.0626113
0.0626113
0.0626113
0
0
0
0.0626113
0.0626113
0.0626113
0.0626113
0.0626113
0
0
0
0
0
0.0628356
0
0.0626113
0.0626224
0.0626224
0.0626224
0.0626224
0.0626224
0.0626224
0.0626224
0
0.0626224
0.0626224
0
0
0
0
0
0
0
0
0
0
0
0
0
0
0
0
0
0
0
0
0
0
0
0
0
0
0
0
0
0
0
0
0
0
0
0
0
0
0
0
0
0
0
0
0
0
0
0
0
0
0
0
0
0
0
0
0
0
0
0.272625
0.272625
0.272625
0.272625
0.272625
0.40519
0.272625
0
0.272625
0
0.272625
0.272625
0
0
0
0
0
0
0
0
0
0
0
0
0
0
0
0
0
0
0
0
0
0
0
0
0
0
0
0
0
0
0
0
0
0
0
0
0
0
0
0
0
0
0
0
0
0
0
0
0
0
0
0
0
0
0
0
0
0
0
0
0
0
0
0
0
0
0
0
0
0
0
0
0
0
0
0
0
0
0
0
0
0
0
0
0
0
0
0
0
0
0
0
0
0
0
0
0
0
0
0
0
0
0
0
0
0
0
0
0
0
0
0
0
0
0
0
0
0
0
0
0
0
0
0
0
0
0
0
0
0
0
0
0
0
0
0
0
0
0
0
0
0
0
0
0
0
0
0
0
0
0
0
0
0
0
0
0
0
0
0
0
0
0
0
0
0
0
0
0
0
0
0
0
0
0
0
0
0
0
0
0
0
0
0
0
0
0
0
0
0
0
0
0
0
0
0
0
0
0
0
0
0
0
0
0
0
0
0
0
0
0
0
0
0
0
0
0
0
0
0
0
0
0
0
0
0
0
0
0
0
0
0
0
0
0
0
0
0
0
0
0
0
0
0
0
0
0
0
0
0
0
0.0626113
0
0.0626113
0.0626113
0
0
0
0
0
0
0
0
0
0
0
0
0
0
0
0.0626113
0
0
0
0
0
0
0.0626113
0
0
0
0
0
0
0
0
0
0
0
0
0
0
0
0
0
0
0
0
0
0
0
0
0
0
0
0
0
0
0
0
0
0
0
0
0
0
0.4022
0.4022
0
0
0
0
0
0
0
0
0
0.07128
0.07128
0
0.0722201
0.07128
0
0.07128
0.07128
0.07128
0
0
0
0
0
0
0
0
0
0
0
0
0
0
0
0
0
0
0
0
0.0703439
0
0
0
0
0
0
0
0
0
0
0
0
0
0
0
0
0
0
0
0
0
0
0
0
0
0
0
0
0
0
0
0
0
0
0
0
0
0
0
0
0
0
0
0
0
0
0
0
0
0
0
0
0
0
0
0
0
0
0
0
0
0
0
0
0
0
0
0
0
0
0
0
0
0
0
0
0
0
0
0
0
0
0
0
0
0.0722201
0.0727043
0.0727043
0.0727043
0.0727043
0.0727043
0
0.0727043
0.0727043
0
0
0
0
0
0
0
0
0
0
0
0
0
0
0
0
0
0
0
0
0
0
0
0
0
0
0
0
0
0
0
0
0
0.0718126
0.0718126
0.0718126
0
0
0
0
0
0
0.0721688
0
0
0
0
0
0
0
0
0
0
0
0
0
0.0713459
0
0
0
0
0
0.0714451
0
0.0715448
0.0715448
0.0715448
0
0
0.0715448
0
0
0.0715448
0.0713624
0
0.0715448
0
0
0.0715448
0
0
0.0715448
0
0
0.0715448
0.0715448
0.0715448
0
0
0.0715448
0
0.0715448
0
0
0.0707107
0
0.0707107
0.0707107
0
0
0
0
0.0707107
0.0707107
0
0
0
0
0
0
0
0
0
0.0707107
0
0
0
0
0
0
0
0
0
0
0
0
0
0
0
0
0
0
0
0
0
0
0
0
0
0
0
0
0
0
0
0
0
0
0
0
0
0
0
0
0
0
0
0
0
0
0
0
0
0
0
0
0
0
0
0
0
0
0
0
0
0
0
0
0
0
0
0
0
0
0
0
0
0
0
0
0
0
0
0
0
0
0
0
0
0
0
0
0
0
0
0
0
0
0
0
0
0
0
0
0
0
0
0
0
0
0
0
0
0
0
0
0
0
0
0
0
0
0
0
0
0
0
0
0
0
0
0
0
0
0
0
0
0
0
0
0
0
0
0
0
0
0
0
0
0
0
0
0
0
0
0
0
0
0
0
0
0
0
0
0
0
0
0
0
0
0
0
0
0
0
0
0
0
0
0
0
0
0
0
0
0.0705186
0.0626113
0.0626113
0.0626113
0
0
0
0
0.06296
0.06296
0.06296
0.073252
0.073252
0
0
0.0626113
0.0626113
0
0
0.0626113
0.0626113
0.0626113
0.0626113
0.0626113
0.0626113
0.0626113
0
0
0
0.0626113
0.0626113
0
0.0626113
0.0626113
0
0
0
0
0
0
0
0
0
0
0.0626113
0.0626113
0.0626113
0.0626113
0.0626113
0.0626113
0.0626113
0.0626113
0.0626113
0.0626113
0.0626113
0.0626113
0.0626113
0.0626113
0.0626113
0.0626113
0.0626113
0.0626113
0.0626113
0.0626113
0.0626113
0.0626113
0.0703439
0.0703439
0.0703439
0.0703439
0
0
0
0
0
0.0723402
0
0
0
0.0869267
0
0
0
0
0
0
0
0
0
0.0620174
0.0620065
0.0620065
0.0620065
0.0620065
0.0620065
0.0620065
0.0620065
0.0620065
0.0620174
0.0620174
0
0
0
0
0
0
0
0
0
0
0
0
0
0
0
0
0
0
0
0
0
0
0
0
0
0
0
0
0
0
0
0
0
0
0
0
0
0
0
0
0.0646723
0
0
0.071779
0
0
0
0
0.0646723
0
0
0.0784574
0
0.0626224
0
0.0626224
0
0.0621152
0.0621588
0.0621588
0
0
0
0.0626113
0.0628356
0
0
0
0.0626224
0.0628469
0
0
0
0
0
0
0
0
0
0
0
0
0
0
0
0
0
0
0
0
0
0
0
0
0
0
0
0
0
0
0
0
0
0
0
0
0
0
0
0
0
0
0
0
0
0
0
0
0
0
0
0
0
0
0
0
0
0
0
0
0
0
0
0
0
0
0
0
0
0
0
0
0
0
0
0
0
0
0
0
0
0
0
0
0
0
0
0
0
0
0
0
0
0
0
0
0
0
0
0
0.0621479
0
0
0
0
0
0
0
0
0
0
0.0705027
0.0705985
0
0
0
0
0
0.272625
0.272625
0
0
0.0721688
0
0.0721688
0.0721688
0.0721688
0
0
0
0.0643914
0.0644521
0.0644035
0.0678418
0.0643187
0
0
0.294303
0
0.0729501
0.0743668
0
0
0
0
0.0677003
0
0
0
0.0681562
0
0
0
0
0
0
0
0
0.073612
0
0
0
0
0
0
0
0
0.0681562
0
0
0
0
0
0
0
0
0
0
0
0
0
0
0
0
0
0
0
0
0
0
0
0.073612
0.073612
0
0
0
0
0
0
0
0
0
0
0
0
0
0
0
0
0
0.0626559
0
0
0
0.0621588
0.0621588
0
0
0
0
0
0
0
0
0
0
0
0
0
0
0
0
0
0
0
0
0
0
0
0
0
0
0
0
0
0
0
0
0
0
0
0
0
0
0
0
0
0
0
0
0
0
0
0
0
0.0626113
0.0626113
0.0626113
0.0626113
0.0626113
0.0626113
0.0626113
0.0626113
0.0626113
0.0626113
0.0626113
0.0626113
0.0626113
0.0626113
0.0626113
0.0626113
0.0626113
0.0626113
0.0626113
0.0626113
0.0626113
0
0.0626113
0
0.0626113
0.0626113
0.0626113
0.0626224
0.0626224
0.0626224
0.0626224
0.0626224
0.0626224
0.0626224
0.0626113
0.0626113
0
0
0
0
0
0.0707912
0.0707912
0
0
0
0
0
0
0
0
0
0
0
0
0
0
0
0
0
0
0.0701391
0.0701391
0.0701391
0.0701391
0
0
0
0
0.0703598
0.0703598
0.0703598
0
0
0
0
0
0.0703598
0.0704232
0.0703598
0.0703598
0.0703598
0.0703598
0.0703598
0
0
0
0
0
0
0
0
0
0
0
0.0626224
0.0626224
0.0626224
0
0.0626113
0.0626113
0.0626113
0.0626113
0
0
0
0.0626113
0.0626113
0.0626113
0.0626113
0.0626113
0.0626113
0.0626113
0.0626113
0.0626113
0.0626113
0.0626113
0
0
0.0626224
0.0626336
0.0626224
0.0701391
0.0709043
0.070202
0.0626113
0.0626113
0
0
0
0
0
0
0
0.0626113
0.0626113
0.0626113
0.0626113
0.0626113
0.0626113
0.0626113
0
0
0
0
0.0626113
0.0626113
0.0626113
0
0
0
0
0
0
0.0626113
0.0626113
0
0
0
0
0
0
0
0.0626113
0.0626113
0.0626113
0.0626113
0
0
0
0
0
0.0628695
0
0
0
0
0.0628695
0.0628695
0.0628695
0.0628695
0
0
0
0
0
0
0
0.0628695
0
0.0628695
0
0
0
0.0626113
0.0621261
0.0621261
0.0621261
0.0621261
0.0621261
0.0621261
0.0621261
0.0626113
0
0.0626113
0.0626113
0.0626113
0.0626113
0
0.0621261
0.0621588
0.0621588
0.0621588
0.0621588
0.0621588
0.0621588
0
0.0621588
0.0622135
0.0621588
0.0626224
0.0626224
0
0
0
0.0626224
0.0626224
0
0
0
0
0
0.0705346
0
0
0
0
0.0705346
0
0
0
0
0
0
0
0
0
0
0
0
0
0
0
0
0
0
0
0
0
0
0
0
0
0
0
0
0
0
0
0
0
0
0
0
0
0
0
0
0
0
0
0
0
0
0
0
0
0
0
0
0
0
0
0
0
0
0
0
0
0
0
0
0
0
0
0
0
0
0
0
0
0
0
0
0
0
0
0
0
0.272625
0.272625
0.272625
0.272625
0
0
0
0
0
0
0
0
0
0
0
0
0
0
0
0
0
0
0
0
0
0
0
0
0
0
0
0
0
0
0
0
0
0
0
0
0
0
0
0
0
0
0
0
0
0
0
0
0
0
0
0
0
0
0
0
0
0
0
0
0
0
0
0
0
0
0
0
0
0
0
0
0
0
0
0
0
0
0
0
0
0
0
0
0
0
0
0
0
0
0
0
0
0
0
0
0
0
0
0
0
0
0
0
0
0
0
0
0
0
0
0
0
0
0
0
0
0
0
0
0
0
0.073612
0.0648204
0
0.0626113
0
0
0
0
0
0
0
0
0.0626113
0.0626113
0.0626113
0.0626113
0.0869267
0.0869267
0.0869267
0.0869267
0.0869267
0.0869267
0.0869267
0.0869267
0.0869267
0.0869267
0.0869267
0.0869267
0.0869267
0
0
0.0912094
0.0912094
0
0
0
0.0869267
0.0869267
0.0869267
0.0869267
0.0869267
0.0869267
0.0869267
0.0869267
0.0869267
0.0625778
0.0625778
0
0.0625778
0
0.0625778
0.0869267
0.0869267
0.0869267
0.0869267
0
0
0
0.0869267
0
0
0
0
0
0
0
0
0
0
0
0
0
0
0.0626113
0
0
0.0626113
0
0
0
0
0.0869267
0.0869267
0.0626113
0.0626113
0.0626113
0.0626113
0.0869267
0.0869267
0.0869267
0.0869267
0.0628243
0.0869267
0.0869267
0.105556
0.105556
0.105556
0
0.105556
0.105556
0
0
0
0
0
0
0
0
0
0
0.0869267
0
0
0.0869267
0.0869267
0.0869267
0.0869267
0.0869267
0.0869267
0.0626113
0.0626113
0.0626113
0.0626113
0.0626113
0.0626113
0.0626113
0.0626113
0.0626113
0.0869267
0.0869267
0.0869267
0
0.0869267
0.0876675
0
0
0
0
0
0
0
0
0
0
0
0
0
0
0
0
0
0
0
0
0
0
0
0
0
0
0
0
0
0
0
0
0
0
0
0
0
0
0
0
0
0
0
0
0
0
0
0
0.123176
0
0
0
0
0
0
0
0
0
0
0
0
0
0
0
0
0
0
0
0
0
0
0
0
0
0
0
0
0
0
0
0
0
0
0
0
0.0916786
0
0
0
0
0
0
0.0869267
0
0.0954054
0
0
0.0872796
0.12979
0.0869267
0.0626113
0.0626113
0.0868447
0.0868447
0.0868447
0.0868447
0.0868447
0.0868447
0.0868447
0.0868447
0.0868447
0.0868447
0.0868447
0.0868447
0.0868447
0.0868447
0.0868447
0.0868447
0.0868447
0.0868447
0.0868447
0
0.0868447
0.0868447
0
0.0868447
0.0868447
0.0868447
0
0.0868447
0.0868447
0.0868447
0.0868447
0.0868447
0.0868447
0.0868447
0.0868447
0.0868447
0.0868447
0.0868447
0.0868447
0.0868447
0.0868447
0.0868447
0.0868447
0.0868447
0.0868447
0.0906456
0.0906456
0.0868447
0
0.0868447
0.0868447
0.0868447
0.0869267
0.0869267
0
0
0.0868447
0.0868447
0.0869267
0.0869267
0.0868447
0.0869267
0.0869267
0
0
0.122502
0
0
0
0
0
0
0
0
0
0
0
0
0
0
0.0915475
0.0916786
0
0
0
0
0
0
0
0
0
0
0
0
0
0
0
0
0.0873325
0
0.12979
0.171901
0
0
0.0869267
0
0
0
0
0
0
0
0
0
0
0
0
0.0868447
0.0868447
0.0868447
0.0868447
0.0868447
0.0868447
0.0868447
0.0868447
0.0868447
0.0868447
0.0868447
0.0868447
0.0868447
0.0868447
0.0868447
0.0868447
0.0868447
0.0868447
0.0868447
0.0868447
0.0868447
0.0868447
0.0868447
0.0868447
0.0868447
0.0868447
0.0868447
0.0868447
0.0868447
0.0868447
0.0868447
0.0868447
0.0868447
0.0868447
0.0868447
0.0868447
0.0868447
0.0868447
0.0868447
0.0868447
0.0868447
0.0868447
0.0868447
0.0868447
0.0868447
0
0
0
0
0
0.0869267
0
0
0
0
0
0.105356
0.105556
0
0
0
0
0
0.105356
0.105356
0
0
0
0
0
0
0
0
0.122502
0.122502
0.122502
0
0.122502
0.0869267
0.0869267
0.086964
0.086964
0.0869267
0.0869267
0.0869267
0.0869267
0
0
0
0
0
0.0869267
0
0.0869267
0.0869267
0.086964
0.086964
0
0
0
0
0
0
0
0
0
0
0
0
0
0
0
0
0
0
0
0
0
0
0
0
0.0916786
0.0916786
0.0916786
0
0
0
0
0
0
0
0
0
0
0
0
0
0
0
0
0
0
0
0
0
0
0
0
0
0
0
0
0
0
0
0
0
0
0
0
0
0
0
0
0
0
0
0
0
0
0
0
0
0.111819
0.111819
0.111819
0.111819
0
0
0
0
0
0
0
0
0
0
0
0
0
0
0
0
0
0.0873325
0.0872947
0.105556
0.0873325
0
0.0873325
0.0873325
0
0.12979
0.171901
0
0.171901
0.171901
0.258395
0
0
0
0
0
0
0.258395
0.258395
0.258395
0
0
0
0
0.262407
0
0
0
0
0.258395
0.258395
0.258395
0.171901
0
0
0
0
0
0
0
0
0
0
0
0
0
0
0
0
0
0
0
0
0
0
0
0
0
0
0
0
0
0
0
0
0
0
0
0
0
0
0
0
0
0
0
0
0
0
0
0
0
0
0
0
0
0
0
0
0
0
0
0
0
0
0
0
0
0
0
0
0
0
0
0
0.120724
0.120724
0
0
0
0
0
0
0
0
0
0
0
0
0
0
0
0
0
0
0
0
0
0
0
0
0
0
0
0
0
0
0
0
0
0
0
0
0
0
0
0
0
0
0
0
0
0
0
0
0
0
0
0
0
0
0
0.135316
0.135316
0.13526
0.13526
0.13526
0.13526
0.13526
0.13526
0.13526
0.13526
0.0861679
0.0861679
0.0861679
0.0861679
0.0861679
0.0861679
0.0861679
0.0861679
0.135316
0.135316
0.135316
0.135316
0.135316
0.135316
0.135316
0.135316
0
0
0
0
0.135316
0.135316
0.135316
0
0
0
0
0
0
0
0.135316
0.135316
0.135316
0
0
0
0
0
0
0
0
0
0
0
0
0
0
0
0
0
0
0.13526
0.13526
0.13526
0.13526
0.13526
0.13526
0.13526
0.13526
0.13526
0.13526
0.13526
0.13526
0.13526
0.13526
0.13526
0.13526
0.13526
0.13526
0.13526
0.13526
0.13526
0.13526
0.13526
0.13526
0.13526
0.13526
0.13526
0.13526
0
0
0
0
0
0
0
0.136804
0.136399
0.136399
0.173185
0.173185
0.173185
0
0
0
0.198829
0.235851
0
0
0.136399
0.136399
0.136399
0.136399
0.136399
0
0.179737
0
0.21146
0.234521
0
0
0
0.136399
0
0.138554
0
0
0
0
0
0
0.138554
0.135316
0.135316
0.135316
0.135316
0.135316
0.135316
0.135316
0
0
0.135316
0
0
0
0
0
0
0
0
0
0
0
0
0
0
0
0
0.090142
0.090142
0.090142
0.090142
0.090142
0.090142
0.090142
0.090142
0.090142
0.090142
0.090142
0.090142
0.090142
0.090142
0.090142
0.090142
0.090142
0.090142
0.090142
0.090142
0.090142
0.090142
0.090142
0.090142
0.090142
0.090142
0.090142
0.090142
0.090142
0.090142
0.090142
0.090142
0.090142
0.090142
0.090142
0.090142
0.090142
0.090142
0.090142
0.090142
0.090142
0.090142
0.090142
0.090142
0.090142
0.090142
0.090142
0.090142
0.090142
0.090142
0.090142
0.090142
0.090142
0.090142
0.090142
0.090142
0.13526
0.13526
0.13526
0.13526
0.13526
0.13526
0.13526
0.13526
0.0861679
0.0861679
0.0861679
0.0861679
0.0861679
0.0861679
0.0861679
0.0861679
0
0.141229
0.141229
0
0
0
0
0
0
0
0
0
0
0
0
0
0
0
0
0
0
0
0
0
0
0
0
0
0
0
0
0
0
0
0
0
0
0
0
0
0
0
0
0
0
0
0
0
0
0
0
0.250893
0
0
0
0
0.254561
0.184044
0
0
0
0
0.200731
0
0
0
0
0
0
0
0
0
0
0
0
0
0
0
0
0
0
0
0
0
0
0
0
0
0
0
0
0
0
0
0
0
0
0
0
0
0
0
0
0
0
0
0
0
0
0
0
0
0
0
0
0
0
0
0
0
0
0
0
0
0
0
0
0
0
0
0
0
0
0
0
0
0
0
0
0
0
0
0
0
0
0
0
0
0
0
0
0
0
0
0
0
0
0
0
0
0
0
0
0
0
0
0
0
0
0
0
0
0
0
0
0
0
0
0
0
0
0
0
0
0
0
0
0
0
0
0.086088
0.086088
0.086088
0.086088
0.086088
0.0860808
0.0860808
0.0860808
0.0860808
0.0860808
0.0860808
0.086088
0.086088
0.086088
0.086088
0
0
0
0
0
0
0
0
0
0
0
0
0
0
0
0
0
0
0
0
0
0
0
0
0
0
0
0
0
0
0
0
0
0
0
0
0
0
0
0
0
0
0
0
0
0
0
0
0
0
0
0
0
0
0
0
0
0
0.0980366
0.0980366
0.0980366
0.0980366
0.0980366
0.0980366
0.0980366
0.0980366
0.0980366
0.0980366
0.0980366
0.0980366
0
0.123219
0
0
0
0
0
0
0
0
0
0
0
0
0
0
0
0
0
0
0
0
0
0
0.135316
0.135316
0.135316
0
0
0
0
0
0
0
0
0
0
0
0
0
0
0
0
0
0
0
0
0
0
0
0
0
0
0
0
0
0
0
0
0
0
0
0
0
0
0
0
0
0
0
0
0
0
0
0
0
0
0
0
0
0
0
0
0
0
0
0
0
0
0
0
0
0
0
0
0
0
0
0
0
0
0
0
0
0
0
0
0
0
0
0
0
0
0
0
0
0
0
0
0
0
0
0
0
0
0
0
0
0
0
0
0
0
0
0
0
0
0
0
0
0
0
0
0
0
0
0
0
0
0
0
0
0
0
0.0861679
0.0861679
0.0861679
0
0
0
0
0
0
0
0
0
0
0
0
0
0
0
0
0
0
0
0
0
0
0
0
0
0
0
0
0
0
0
0
0
0
0
0
0
0
0
0
0
0
0
0.134924
0.134924
0.134924
0.134924
0.134924
0.134924
0.134924
0
0
0
0
0
0
0
0
0
0
0
0
0
0
0
0
0
0
0
0
0
0
0
0
0
0
0
0
0
0
0
0
0
0
0
0
0
0
0
0.134039
0
0
0
0
0
0
0
0
0
0
0
0
0
0
0
0
0
0
0
0
0
0.0861897
0
0.0861897
0
0
0
0
0
0
0
0
0
0
0
0
0
0
0
0
0
0
0
0
0
0
0
0
0
0
0
0
0
0
0
0
0
0
0
0
0
0
0.0861679
0.0861679
0.0861679
0.0861679
0.0861679
0.0861679
0.0861679
0.0861679
0.0861679
0.0861679
0.0861679
0.0861679
0.0861679
0.0861679
0.0861679
0.0861679
0.0861679
0.0861679
0.0861679
0.0861679
0.0861679
0.0861679
0.0861679
0.0861679
0
0
0.0861679
0.0861679
0.0861679
0.0861679
0.0861679
0.0861679
0.0861752
0
0
0
0
0
0
0
0
0
0
0
0
0
0
0
0
0
0
0
0
0
0
0
0.086674
0
0
0
0
0
0
0
0
0
0
0
0
0
0
0
0
0
0
0
0
0
0
0.135316
0
0
0.135316
0.135316
0.135316
0.135316
0.135316
0.135316
0.135316
0.135316
0.135316
0.135316
0
0
0
0
0.135316
0.135316
0
0
0
0
0
0.135316
0.135316
0.135316
0.135316
0.135316
0.135316
0.135316
0.135316
0.137656
0.135316
0
0.135316
0.135316
0.135316
0.135316
0.135316
0.135316
0.135316
0.135316
0.135316
0.135316
0.135316
0.135316
0.135316
0
0
0
0
0
0
0
0
0
0
0
0
0
0
0
0
0
0
0
0
0
0
0
0
0
0
0
0
0
0
0
0.135316
0.135316
0.135316
0.135316
0.191805
0.191805
0.136312
0.136312
0
0
0
0
0
0
0
0
0.261998
0.261998
0
0
0
0
0
0
0
0
0
0
0
0
0
0
0
0
0
0
0
0
0
0
0
0
0
0
0
0
0
0
0.138888
0.138888
0
0
0
0
0
0
0.135316
0.135316
0.135316
0
0
0
0
0.135316
0
0
0
0
0
0.191805
0.191805
0.191805
0.191805
0.191805
0.191805
0.191805
0.191805
0.138645
0.138645
0.172481
0.172481
0.172481
0
0.172481
0.172481
0.228326
0.172481
0.172481
0
0
0
0
0
0
0
0
0.138645
0
0
0
0
0
0
0
0
0
0
0
0
0
0
0
0
0
0
0
0
0
0
0
0
0
0
0
0
0.136312
0.136312
0.136312
0.136312
0
0
0
0.136979
0.136979
0
0
0
0
0
0
0
0.136979
0.136979
0
0
0
0.261998
0.261998
0.261998
0.420365
0.261998
0.261998
0
0.261998
0.261998
0.296648
0.142069
0.288675
0.288675
0.288675
0.288675
0.288675
0.288675
0
0.288675
0.288675
0
0.288675
0.142069
0
0
0
0
0
0
0
0
0
0
0
0
0
0
0
0
0
0
0
0
0
0
0
0
0
0
0
0
0
0
0
0
0
0
0
0
0
0
0
0
0
0
0
0
0
0
0
0
0
0
0
0
0
0
0
0
0
0
0
0
0
0
0
0
0
0
0
0
0
0
0
0
0
0
0
0
0
0
0
0
0
0
0
0
0
0
0
0
0
0
0
0
0
0
0
0
0
0
0
0
0
0
0
0
0
0
0
0
0
0
0
0
0
0
0
0
0
0
0
0
0
0
0
0
0
0
0
0
0
0
0
0
0
0
0
0
0
0
0
0
0
0
0
0
0
0
0
0
0
0
0
0
0
0
0
0
0
0.136226
0.136226
0.136226
0
0
0
0
0
0
0
0
0
0
0
0
0
0
0
0
0
0
0
0
0
0
0
0
0
0
0
0
0
0
0
0
0
0
0
0
0
0
0
0
0
0
0
0
0
0
0
0
0
0
0
0
0
0
0
0
0
0
0
0
0
0
0
0
0
0
0
0
0
0
0
0
0
0
0
0
0
0
0
0
0.212
0
0.212
0
0.212
0.212
0.137331
0.137331
0
0.13742
0
0.135316
0.135316
0.135316
0.135316
0.135316
0.135316
0.135316
0.135316
0.135316
0.135316
0.135316
0.135316
0.135316
0.135316
0
0
0
0.135316
0.135316
0.135316
0.135316
0.135316
0.135316
0.135316
0.135316
0
0.135316
0.135316
0.135316
0.135316
0.135316
0.135316
0.135316
0.135316
0.135316
0.135316
0.135316
0.135316
0.135316
0
0
0
0
0
0
0
0
0
0
0
0
0
0
0
0
0
0
0
0
0
0
0
0
0
0
0
0
0
0
0
0
0
0
0
0
0
0
0
0
0
0
0
0
0
0
0
0
0
0
0
0
0
0
0
0
0
0
0
0
0
0
0
0
0
0
0
0
0
0
0
0
0
0
0
0
0
0
0
0
0
0
0
0
0
0
0
0
0
0
0
0
0
0
0
0
0
0
0
0
0
0
0
0
0
0
0
0
0
0
0
0
0
0
0
0
0
0
0
0
0
0
0
0
0
0
0
0
0
0
0
0
0
0
0
0
0
0
0
0
0
0
0
0
0
0
0
0
0
0
0
0
0
0
0
0
0
0
0
0
0
0
0
0
0
0
0
0
0
0
0
0
0
0
0
0
0
0
0
0
0
0
0
0
0
0
0
0
0
0
0
0
0
0
0
0
0
0.14072
0.14072
0.14072
0.14072
0
0
0.14072
0.14072
0.14072
0.14072
0
0
0
0
0
0.14072
0.140974
0
0.140974
0
0.141389
0.141389
0.141454
0.141389
0.141389
0
0.141389
0.106163
0.072652
0.072652
0
0.0727393
0.0727393
0
0
0
0
0
0
0
0
0
0
0
0
0
0.14072
0.0716282
0.0716616
0.0733415
0
0
0
0
0
0
0
0.0716616
0.14091
0.14091
0.14091
0.14091
0.14091
0.14091
0.14091
0.14091
0.14091
0.14091
0.14091
0.14091
0.14091
0.14091
0.14091
0.14091
0.14091
0.18355
0.18355
0
0
0.0861679
0.0861679
0.0861679
0.0861679
0.0861679
0.0861679
0.0861679
0.0861679
0.0861679
0.0861679
0.0861679
0.0861679
0.0861679
0.0861679
0.0861679
0.0861679
0.0861679
0.0861679
0.0861679
0.0861679
0.0861679
0.0861679
0.0861679
0.0861679
0.0861679
0.0861679
0.0861679
0.0861679
0.0861679
0.0861679
0.0861679
0
0
0.14091
0.14091
0.14091
0.14091
0.14091
0.14091
0
0.14091
0.14091
0.141938
0.141938
0.141938
0.141938
0.141938
0.141938
0.141938
0.141938
0.141938
0.141938
0.14091
0.14091
0.14091
0.14091
0.14091
0
0.14091
0.14091
0.14091
0.141229
0.141229
0
0
0
0.141229
0.14091
0
0
0
0.14091
0.14091
0
0
0
0
0
0
0.14091
0.14091
0.14091
0.141165
0.141165
0
0
0
0
0
0
0
0
0
0
0
0
0
0
0
0
0.231502
0.231502
0.144646
0
0
0
0
0
0
0
0
0
0
0
0
0
0
0
0
0
0
0
0
0
0
0
0
0
0
0
0
0
0
0
0
0
0
0
0
0
0
0
0
0
0
0
0
0
0
0
0
0
0
0
0
0
0
0
0
0
0
0
0
0
0
0
0
0
0
0
0
0
0
0
0
0
0
0
0
0
0
0
0
0
0
0
0
0
0
0
0
0
0
0
0
0
0.201564
0.201564
0.201564
0
0
0
0
0
0
0
0
0
0
0
0
0
0
0
0
0
0
0.141229
0.141229
0
0
0.245676
0.246353
0
0
0
0.245676
0.275907
0.446201
0.446201
0
0
0.14091
0.14091
0.141712
0.14091
0.14091
0.141712
0.141712
0.51484
0.141712
0
0
0
0.141712
0.141712
0.201564
0.201564
0.201564
0.201564
0
0
0
0
0
0
0
0
0
0
0
0
0
0
0
0
0
0
0
0
0
0
0
0
0
0
0
0
0
0
0
0
0
0
0
0
0.552771
0.552771
0.552771
0
0
0.684167
0.684167
0.684167
0.684167
0.787222
0
0.684167
0.446201
0.446201
0.446201
0
0.446201
0.446201
0.446201
0.446201
0.448233
0
0.446201
0.446201
0.446201
0.44926
0.44926
0.289775
0.44926
0
0.140404
0.140404
0.140404
0
0.14091
0
0
0
0
0
0
0
0
0
0
0
0
0
0
0
0
0
0
0
0
0
0
0
0
0
0
0
0
0
0
0
0
0
0
0
0
0
0
0
0
0
0
0
0
0
0
0
0
0
0
0
0
0
0
0
0
0
0
0
0
0
0
0
0
0
0
0.141165
0.141165
0
0.142428
0.142428
0
0
0
0
0
0
0.142428
0.142428
0
0
0
0
0
0
0
0
0
0
0
0
0
0
0
0
0
0
0
0
0
0
0
0
0
0
0
0
0
0
0
0
0
0
0
0
0
0
0
0
0
0
0
0
0
0
0
0
0
0
0
0
0
0
0
0
0
0
0
0
0
0
0
0
0
0
0
0
0
0
0
0
0
0
0
0
0
0
0
0
0
0
0
0
0
0
0
0
0
0
0
0
0
0
0
0
0
0
0
0
0
0
0
0
0
0
0
0
0
0
0
0
0
0
0
0
0
0
0
0
0
0
0
0
0
0
0
0
0
0
0
0
0
0
0
0
0
0
0
0
0
0
0
0
0
0
0
0
0
0
0
0
0
0
0
0
0
0
0
0
0
0
0
0
0
0
0
0
0
0
0
0
0
0
0
0
0
0
0
0
0
0
0
0
0
0
0
0
0
0
0
0
0
0
0
0
0
0
0
0
0.142199
0.142199
0.374933
0.142199
0
0
0
0
0
0
0.144887
0.144887
0.14309
0.14309
0.141647
0.141647
0.141647
0.0784574
0
0
0
0.0784574
0
0
0.141647
0.26533
0.141647
1
1
0
1
0.141938
0.137597
0.137597
0.137597
0.137597
0.137597
0.137597
0.137597
0.137597
0
0.137597
0
0
0
0
0
0
0
0
0
0
0
0
0
0
0
0
0
0
0
0
0
0
0
0
0
0
0
0
0
0
0
0
0
0
0
0
0
0
0
0
0
0
0
0
0
0
0
0
0
0
0
0
0
0
0
0
0
0
0
0
0
0
0
0
0
0
0
0
0
0
0
0
0
0
0
0
0
0
0
0
0
0
0
0
0
0
0
0
0
0
0
0
0
0
0
0
0
0
0
0
0
0
0
0
0
0
0
0
0
0
0
0
0
0
0
0
0
0
0
0
0
0
0
0
0
0
0
0
0
0
0
0
0
0
0
0
0
0
0
0
0
0
0
0
0
0
0
0
0
0
0
0.0861679
0
0.0861679
0
0.0861679
0
0.0861679
0
0
0
0
0
0
0
0
0
0
0
0
0
0
0
0
0
0
0
0
0
0.0861752
0
0
0
0.0861752
0.0861897
0.0861897
0.0861897
0.0861752
0
0
0
0.0861752
0
0
0
0
0
0
0
0
0
0
0
0
0
0
0
0
0
0
0
0
0
0
0
0
0
0
0
0
0
0
0
0
0
0
0
0
0
0
0
0
0
0
0
0
0
0
0
0
0
0
0
0
0
0
0
0
0
0
0
0
0
0
0
0
0
0
0
0
0
0
0
0
0
0
0
0
0
0
0
0
0
0
0
0
0
0
0
0
0
0
0
0
0
0
0
0
0
0
0
0
0
0
0
0
0
0
0
0
0
0
0
0
0
0
0
0
0
0
0
0
0
0
0
0
0
0
0
0
0
0
0
0
0
0
0
0
0
0
0
0
0
0
0
0
0
0
0
0
0
0.120031
0.120031
0.120031
0.120031
0.120031
0.120031
0
0
0
0
0
0
0.120031
0.120031
0
0
0.127023
0.127023
0.128252
0.128252
0.128252
0.120031
0.120031
0.120031
0.120031
0.120031
0.129394
0.120031
0
0
0
0
0.122211
0
0
0
0
0
0
0
0
0
0
0
0
0
0
0
0
0
0
0
0
0
0
0
0
0
0
0
0
0
0
0
0
0
0.13526
0.13526
0.1324
0.134562
0.134562
0.134562
0.13526
0
0
0
0
0
0
0
0
0
0
0
0
0
0
0
0
0
0
0
0
0
0
0
0
0
0
0
0
0
0
0
0
0
0
0
0
0
0
0
0
0.0861679
0.0861679
0.0861679
0.0861679
0.0861679
0.0861679
0.0861679
0.0861679
0.0861679
0.0861679
0.0861679
0
0
0
0
0
0
0
0
0
0
0
0
0
0
0
0
0
0
0
0
0
0
0
0
0
0
0
0
0
0
0
0
0
0
0
0
0
0
0
0
0
0
0
0
0
0
0
0
0
0
0
0
0
0
0
0
0
0
0
0
0
0
0
0
0
0
0
0
0
0
0
0
0
0
0
0
0
0
0
0
0
0
0
0
0
0
0
0
0
0
0
0
0
0
0
0
0
0
0
0
0
0
0
0
0
0
0
0
0
0
0
0
0
0
0
0
0
0
0
0
0
0
0
0
0
0
0
0
0
0
0
0
0
0
0
0
0
0
0
0
0
0
0
0
0
0
0
0
0
0
0
0
0
0
0
0
0
0
0
0
0
0
0
0
0
0
0
0
0
0
0
0
0
0
0
0
0
0
0
0
0
0
0
0
0
0
0
0
0
0
0
0
0
0
0
0
0
0
0
0
0
0
0
0
0
0
0
0
0
0
0
0
0
0
0
0
0
0
0
0
0
0
0
0
0
0
0
0
0
0
0
0
0
0
0
0.090142
0.090142
0.090142
0.090142
0.090142
0
0.090142
0.090142
0.090142
0.090142
0
0.090142
0.090142
0.090142
0.090142
0
0.090142
0.090142
0.090142
0.090142
0
0
0
0
0.090142
0.090142
0.090142
0.090142
0.090142
0.090142
0.090142
0.090142
0.090142
0
0
0
0
0
0
0
0
0
0
0
0
0
0
0
0
0
0
0
0
0
0
0
0
0
0
0
0
0
0
0
0
0
0
0
0
0
0
0
0
0
0
0
0
0
0
0
0
0
0
0
0
0
0
0
0
0
0
0
0
0
0
0
0
0
0
0
0
0
0
0
0
0
0
0
0
0
0
0
0
0
0
0
0
0
0
0
0
0
0
0
0
0
0
0
0
0
0
0
0
0
0
0
0
0
0
0
0
0
0
0
0
0
0
0
0
0
0
0
0
0
0
0
0
0
0
0
0
0
0
0
0
0
0
0
0
0
0.0861679
0
0
0
0
0
0
0
0
0
0
0
0
0
0
0
0
0
0
0
0
0
0
0
0
0
0
0
0
0
0
0
0
0
0
0
0
0
0
0
0
0
0
0
0
0
0
0
0
0
0
0
0
0
0
0.135316
0.135316
0.135316
0.135316
0.135316
0.135316
0.135316
0
0.135316
0.135316
0.135316
0
0
0
0
0
0
0
0
0
0
0
0
0.0861679
0
0
0
0
0
0
0
0
0
0
0
0
0
0
0
0
0
0
0
0
0
0
0
0
0
0
0
0
0
0
0.132453
0.132453
0
0
0
0
0
0.0861679
0.0861679
0.0861679
0
0
0
0
0
0
0
0.0861679
0.0861679
0.0861679
0.0861679
0.0861679
0.0861679
0.0861679
0.0861679
0.0861679
0.0861679
0.0861679
0.0861679
0.0861679
0.0861679
0.0861679
0.0861679
0.0861679
0.0861679
0.0861679
0.0861679
0.0861679
0.0861679
0.0861679
0.0861679
0
0
0
0
0.0861679
0
0
0
0
0
0
0
0
0
0
0.0861679
0
0
0
0
0
0
0
0
0
0
0
0
0
0
0
0
0
0.0861679
0.0861679
0
0
0
0
0
0
0
0
0
0
0
0
0
0
0
0
0
0
0
0
0
0
0
0
0
0
0
0
0
0
0
0
0
0
0
0
0
0
0
0
0
0
0
0
0
0
0
0
0
0
0
0
0
0
0
0
0
0
0
0
0
0
0
0
0
0
0
0
0
0
0
0
0
0
0
0
0
0
0
0
0
0
0
0
0
0
0
0
0
0
0
0
0
0
0
0
0
0
0
0
0
0
0
0
0
0
0
0
0
0
0
0
0
0
0
0
0
0
0
0
0
0
0
0
0
0
0
0
0.0861752
0.0861752
0.0861752
0.0861752
0.0861752
0.0861752
0.0863137
0.0861752
0
0
0
0
0
0
0
0
0.086088
0.086088
0
0
0.0868149
0
0
0
0
0
0
0
0
0
0
0
0
0.0861679
0.0861679
0.0861679
0.0861679
0.0861679
0.0861679
0.0861679
0
0
0
0
0
0
0
0
0
0
0
0
0
0
0
0
0
0
0
0
0
0
0
0
0
0
0
0
0
0
0
0
0
0
0
0
0
0
0
0
0
0
0
0
0
0
0
0
0
0
0
0
0
0
0
0
0
0
0
0
0
0
0
0
0
0
0
0
0
0
0
0
0
0
0.133766
0.133766
0.133766
0.133766
0.133766
0.133766
0.133766
0
0
0
0
0
0
0
0
0
0
0
0
0
0
0
0
0
0
0
0
0
0
0
0
0
0
0
0
0
0
0
0
0
0
0
0.136717
0
0.136863
0.133766
0
0
0
0
0
0
0
0
0
0
0
0
0
0
0
0
0
0
0
0
0
0
0
0
0
0
0
0
0
0
0
0
0
0
0
0
0
0
0
0
0
0
0
0
0
0
0
0
0
0
0
0.0861679
0
0
0
0
0
0
0
0
0
0
0
0
0
0
0
0
0
0
0
0
0
0
0
0
0
0
0
0
0
0
0
0
0.134507
0
0
0
0
0
0
0
0
0
0
0
0
0
0
0
0
0
0
0
0
0
0
0
0
0
0
0
0
0
0
0
0
0
0
0
0
0
0
0
0
0
0
0
0
0
0
0
0
0
0
0
0
0
0
0
0
0
0
0
0
0
0
0
0
0
0
0
0
0
0
0
0
0
0
0
0
0
0
0
0
0
0
0
0
0
0
0
0
0
0
0
0
0
0
0
0
0
0
0
0
0
0
0.135147
0
0
0
0
0
0
0
0.133766
0.133766
0.133766
0.133766
0.133766
0.133766
0.133766
0.133766
0.133766
0.133766
0.133766
0.133766
0.133766
0.133766
0.133766
0.135091
0
0.133766
0.185333
0.185333
0.185333
0.185333
0.185333
0
0
0
0
0
0
0
0
0.135119
0
0
0
0
0.136717
0
0.133766
0.133766
0
0
0
0.133766
0
0
0
0
0
0
0
0
0
0
0
0
0
0
0
0
0
0
0
0
0
0.135063
0.135063
0.135176
0.135063
0.135063
0.135063
0.135063
0
0.135091
0.135316
0
0
0
0
0
0
0
0
0
0
0
0
0
0
0
0
0
0
0
0
0
0
0
0
0
0
0
0
0
0
0
0
0
0
0
0
0.135119
0.185333
0.185333
0.185333
0.185333
0.185333
0.185333
0.185333
0.185333
0
0
0
0
0
0
0
0
0
0
0
0
0
0
0
0
0
0
0.134507
0
0
0
0
0
0
0
0
0
0
0
0
0
0
0
0
0
0
0
0
0
0
0
0
0
0
0
0
0
0
0
0
0
0
0
0
0
0
0
0
0
0
0
0
0
0.0861752
0
0
0
0
0
0
0
0
0
0
0
0
0
0
0
0
0
0
0
0
0
0
0
0
0
0
0
0
0
0
0
0
0
0
0
0
0
0
0
0
0
0
0
0
0
0
0
0
0
0
0
0
0
0
0
0
0
0
0
0
0
0
0
0
0
0
0
0
0
0
0
0
0
0
0
0
0
0
0
0
0
0
0
0
0
0
0
0
0
0
0
0
0
0
0
0
0
0
0
0
0
0
0
0
0
0
0
0
0
0
0
0
0
0
0
0
0
0
0
0
0
0
0
0
0
0
0
0
0
0
0
0
0
0
0
0
0
0
0
0
0
0
0
0
0
0
0
0
0
0
0
0
0
0
0
0
0
0
0
0
0
0
0
0
0
0
0
0
0
0
0
0
0
0
0
0
0
0
0
0
0
0
0
0
0
0
0
0
0
0
0
0
0
0
0
0
0
0
0
0
0
0
0
0
0
0
0
0
0
0
0
0
0
0.086088
0.086088
0.086088
0
0.086088
0.086088
0.086088
0
0
0
0
0
0
0
0
0
0
0
0
0
0
0
0
0
0
0
0
0
0
0
0
0
0
0
0
0
0
0
0
0
0
0
0
0
0
0
0
0
0
0
0
0
0
0
0
0
0
0
0
0
0
0
0
0
0
0
0
0
0
0
0
0
0
0
0.0861752
0.0861752
0.0861752
0.0861752
0.0861752
0.0861752
0.0861752
0.0861752
0.0861752
0.0861752
0.0861752
0
0.0969003
0.135316
0.0867629
0.0867629
0.0867629
0.0867629
0.0867629
0.0868447
0.0868447
0.0868447
0
0
0
0
0
0
0
0.0868447
0.0868447
0
0
0.0868447
0.0868447
0.0868447
0.0868447
0
0
0.0868447
0
0.0869341
0.0868447
0.0868447
0
0.0861679
0
0
0
0
0
0
0
0
0
0
0
0
0
0
0
0
0
0
0
0
0
0
0
0
0
0
0
0
0
0
0
0
0
0
0
0
0
0
0
0
0
0
0
0
0
0
0
0
0
0
0
0
0
0
0
0
0
0
0
0
0
0
0
0
0
0
0
0
0
0
0
0
0
0
0
0
0
0
0
0
0
0
0
0
0
0
0
0
0
0
0
0
0
0
0
0
0
0
0
0
0
0
0
0
0
0
0
0
0
0
0
0
0
0
0
0
0
0
0
0
0
0
0
0
0
0
0.13526
0.13526
0.13526
0.13526
0.13526
0
0
0
0
0.139132
0.139132
0.211353
0
0.13526
0.137038
0.140625
0.0727043
0.296648
0
0
0.137038
0.0869341
0.0869341
0.0869341
0.0869341
0.172017
0.0869341
0.0869341
0
0
0
0
0.0869341
0.172017
0.172017
0.172017
0.258591
0.258591
0.172017
0
0
0
0
0
0
0
0
0
0
0
0
0
0.258591
0.258591
0
0.258591
0
0
0
0
0
0
0
0
0
0
0
0
0
0
0
0
0
0
0
0
0
0
0
0
0
0
0
0
0
0
0
0
0
0
0
0
0
0
0
0
0
0
0
0
0
0
0
0
0
0
0
0
0
0
0
0
0
0
0
0
0
0
0
0.127023
0
0.136111
0.136111
0.136111
0.136111
0.136111
0.136111
0.136111
0.136111
0.136111
0
0
0
0
0
0
0
0
0
0
0
0
0
0
0
0.134507
0
0
0
0
0
0
0
0
0
0
0
0
0
0
0
0.0861679
0.0861679
0.0861679
0.0861679
0.0861679
0.0861679
0.0861679
0.0861679
0.0861679
0.0861679
0.0861679
0.0861679
0
0
0
0
0
0
0
0
0
0
0
0
0
0
0
0
0
0
0
0
0
0
0
0
0
0
0
0
0
0
0
0
0
0
0
0
0
0
0
0
0
0
0
0
0
0
0
0
0
0
0
0
0
0
0
0
0
0
0
0
0
0
0
0
0
0
0
0
0
0
0
0
0
0
0
0
0
0
0
0
0
0
0
0
0
0
0
0
0
0
0
0
0
0
0
0
0
0
0
0
0
0
0
0
0
0
0
0
0
0
0
0
0
0
0
0
0
0
0
0
0
0
0
0
0
0
0
0
0
0
0
0
0
0
0
0
0
0
0
0
0
0
0
0
0
0
0
0
0
0
0
0
0
0
0
0
0
0
0
0
0
0
0
0
0
0
0
0
0
0
0
0
0
0
0
0
0
0
0
0
0
0
0
0
0
0
0
0
0
0
0
0
0
0
0
0
0
0
0
0
0
0
0
0
0
0
0
0
0
0
0
0
0.134507
0
0
0
0
0
0
0
0
0.086674
0.086674
0.086674
0.086674
0
0
0
0
0.0861316
0.0861316
0
0
0
0
0
0
0
0
0
0
0
0
0
0
0
0
0
0
0
0
0
0
0
0
0
0
0
0
0
0
0
0
0
0
0
0
0
0
0
0
0
0
0
0
0
0
0
0
0
0
0
0
0
0
0
0
0
0
0
0
0
0
0
0
0
0
0
0
0
0
0
0
0
0
0
0
0
0
0
0
0
0
0
0
0
0
0
0
0
0
0
0
0.0861752
0.0861752
0.0861752
0.0861752
0.0861752
0.0861752
0
0
0
0
0
0
0
0
0
0
0
0
0
0
0
0
0
0
0
0
0.0861752
0.0861752
0
0
0
0
0
0
0
0
0
0
0
0
0
0.128856
0.128856
0.128856
0
0
0
0
0
0
0
0.0863868
0.0863868
0
0.0863868
0.0863868
0.0692468
0.0692468
0
0.0692468
0.0692468
0.0870388
0
0
0
0
0
0
0
0
0
0
0
0
0
0
0
0
0
0
0
0
0
0
0
0
0
0
0
0
0
0
0
0
0
0
0
0
0
0
0
0
0
0
0
0
0
0
0
0
0
0
0
0
0
0
0
0
0
0.0621479
0.0621479
0.0621479
0.0621479
0.0621479
0
0
0
0
0
0
0
0
0
0
0
0
0
0
0
0
0
0
0
0
0
0
0
0
0
0.121512
0.121512
0.121512
0.121512
0.121512
0.121512
0.121512
0.121512
0
0.121512
0.121512
0
0.121512
0.121512
0
0.121512
0
0
0
0
0.086088
0.086088
0.086088
0.086088
0.086088
0
0
0
0
0
0
0
0
0
0
0
0
0
0
0
0
0
0
0
0
0
0
0
0
0
0
0
0
0
0
0
0
0
0
0
0
0
0
0
0
0
0
0
0
0
0
0
0
0
0
0
0
0
0
0
0
0
0
0
0
0
0
0
0
0
0
0
0
0
0
0
0
0
0
0
0
0
0
0
0
0
0
0
0
0
0
0
0
0
0
0
0
0
0
0
0
0
0
0
0
0
0
0
0
0
0
0
0
0
0
0
0
0
0
0
0
0
0
0
0
0
0
0
0
0
0
0
0
0
0
0
0
0
0
0
0
0
0
0
0
0
0
0
0
0
0
0
0
0
0
0
0
0
0
0
0
0
0
0
0
0
0
0
0
0
0
0
0
0
0
0
0
0
0.086088
0
0
0
0
0
0
0
0
0.086088
0.086088
0.086088
0.086088
0.086088
0.086088
0
0
0.086088
0.086088
0
0
0
0
0
0
0
0
0
0
0
0
0
0
0
0
0
0
0
0
0
0
0
0
0
0
0
0
0
0
0
0
0
0
0
0
0
0
0
0
0
0
0
0
0
0
0
0
0
0
0
0
0.086088
0.086088
0
0
0
0
0
0
0
0
0
0
0
0
0
0
0
0
0
0
0
0
0
0
0
0
0
0.086088
0
0
0
0
0
0
0
0
0
0
0
0
0
0
0
0
0
0
0
0
0
0
0
0
0
0
0
0
0
0
0
0
0
0
0
0
0
0
0
0
0
0
0
0
0
0
0
0
0
0
0
0
0
0
0
0
0
0
0
0
0
0
0
0
0
0
0
0
0
0
0
0
0
0
0
0
0
0
0
0
0
0
0
0
0
0
0
0
0
0
0
0
0
0
0
0
0
0
0
0
0
0
0
0
0
0
0
0
0
0
0
0
0
0
0
0
0
0
0
0
0
0
0
0
0
0
0
0
0
0
0
0
0
0
0
0
0
0
0
0
0
0
0
0
0
0
0
0
0
0
0
0
0
0
0
0
0
0
0
0
0
0
0
0
0
0
0
0
0
0
0
0
0
0
0
0
0
0
0
0
0
0
0
0
0
0
0
0
0
0
0
0
0
0
0.0864162
0.0864162
0.0868149
0.0868149
0.0863283
0.0863283
0.0863283
0.0863283
0.0863283
0.0863283
0.090142
0.090142
0.090142
0.090142
0.090142
0.090142
0.090142
0.090142
0.090142
0
0
0
0
0.090142
0
0.090142
0.090142
0.090142
0.090142
0
0.090142
0.090142
0
0
0
0
0
0.090142
0
0.090142
0.090142
0.090142
0.090142
0
0
0.090142
0.090142
0.090142
0
0.090142
0.090142
0.090142
0.090142
0
0.090142
0.090142
0
0.090142
0
0
0
0.090142
0.090142
0
0.090142
0.090142
0
0
0
0.090142
0.090142
0.090142
0.090142
0.090142
0.090142
0.090142
0.090142
0.090142
0
0
0
0
0
0
0
0
0
0
0
0
0.090142
0.090142
0
0
0.090142
0.090142
0.090142
0.090142
0.135316
0
0.090142
0.090142
0
0
0
0
0
0
0
0
0
0
0
0
0
0
0.090142
0.090142
0
0
0.0933335
0.090142
0.090142
0
0
0
0
0
0
0
0
0
0
0
0.090142
0.090142
0
0
0
0.090142
0.090142
0.090142
0
0
0
0
0
0
0
0
0
0
0.090142
0.090142
0
0
0
0.090142
0.090142
0.090142
0.090142
0.14072
0
0.204902
0
0
0
0
0
0
0
0
0
0
0
0
0
0
0
0
0
0
0
0
0
0
0.135316
0.090142
0.090142
0
0
0
0
0
0
0
0
0
0
0.090142
0.090142
0
0
0.134756
0.090142
0.090142
0
0.090142
0
0
0
0
0
0
0
0
0
0.135316
0.090142
0.090142
0
0.090142
0
0
0
0
0
0
0
0
0.090142
0.090142
0.090142
0.090142
0
0
0
0
0
0
0
0
0
0
0
0
0
0
0
0
0
0
0
0
0
0
0.135316
0.090142
0.090142
0
0
0
0
0
0
0
0.090142
0.090142
0.090142
0.090142
0
0
0
0
0
0
0
0
0
0
0
0
0
0
0
0
0
0
0
0
0
0
0
0
0
0
0
0
0
0
0
0
0
0
0
0
0
0
0
0
0
0
0
0
0
0
0
0
0
0
0
0
0
0
0
0
0
0
0
0
0
0
0
0
0
0
0
0
0
0
0
0
0
0
0
0
0
0
0
0
0
0
0
0
0
0
0
0
0
0
0
0
0
0
0
0
0
0
0
0
0
0
0
0
0
0
0
0
0
0
0
0
0
0
0
0
0
0
0
0
0
0
0
0
0
0
0
0
0
0
0
0
0
0
0
0
0
0
0
0
0
0
0
0
0
0
0
0
0
0
0
0
0
0
0
0
0
0
0
0
0
0
0
0
0
0
0
0
0
0
0
0
0
0
0
0
0
0
0
0
0
0
0
0
0
0
0
0
0
0
0
0
0
0
0
0
0
0
0
0
0
0
0
0
0
0
0
0.090142
0.090142
0.090142
0.090142
0
0
0
0
0
0
0
0
0
0
0
0
0
0
0
0
0
0
0
0
0
0
0
0
0
0
0
0
0
0
0
0
0
0
0
0
0
0
0
0
0
0
0
0
0
0
0
0
0
0
0
0
0
0
0
0
0
0
0
0
0
0
0
0
0
0
0
0
0
0
0
0
0
0
0
0
0
0
0
0
0
0
0
0
0
0
0
0
0
0
0
0
0
0
0
0
0
0
0
0
0
0
0
0
0
0
0
0
0.090142
0.090142
0.090142
0.090142
0.090142
0.090142
0.090142
0
0
0
0
0
0
0
0
0
0
0
0
0
0
0
0
0
0
0
0
0
0
0
0
0
0
0
0
0
0
0
0
0
0
0
0
0
0
0
0
0
0
0
0
0
0
0
0
0
0
0
0
0
0
0
0
0
0
0
0
0
0
0
0.135316
0.135316
0.135316
0.135316
0.135316
0.135316
0
0
0
0
0
0
0
0
0
0.090142
0.090142
0.090142
0.090142
0.090142
0.090142
0.090142
0.090142
0.094091
0.094091
0
0.094091
0.090142
0.090142
0
0
0
0
0
0
0
0
0
0.090142
0.090142
0
0.090142
0.090142
0.090142
0.0945679
0.090142
0.090142
0.090142
0
0
0.090142
0.090142
0.090142
0.090142
0.090142
0.090142
0.0861679
0
0
0
0
0
0
0
0
0
0
0
0
0
0
0
0
0
0
0
0
0.090142
0.090142
0.090142
0.090142
0.090142
0.090142
0.090142
0.090142
0.090142
0.090142
0.090142
0.090142
0
0
0
0
0
0
0.090142
0.090142
0.090142
0.090142
0
0
0
0
0
0
0
0
0
0
0
0
0
0
0
0
0
0
0
0
0
0
0
0
0
0.090142
0
0
0
0
0
0
0
0
0
0
0.0940815
0.0940815
0.0940815
0.0940815
0.0940815
0.0940815
0.0940815
0.0940815
0.090142
0.090142
