0
0
0
0
0
0
0
0
0
0
0
0
0
0
0
0
0
0
0
0
0
0
0
0
0
0
0
0
0.0394822
0.0394745
0.0394745
0.0394745
0.0394745
0.0394745
0.0394745
0.0394745
0.0394745
0.0394822
0.0394822
0
0
0
0
0
0.0407654
0.0407654
0
0
0
0
0
0
0
0
0
0
0
0
0
0
0
0
0
0
0
0
0
0
0
0
0
0
0
0
0
0
0
0
0.0405137
0.0405137
0
0.0405137
0
0.041712
0.0394899
0.0396916
0
0.0421918
0
0.0453843
0
0
0.0395053
0
0
0
0.0458349
0
0.0394976
0.04222
0.0394976
0
0.0394822
0.0394976
0.0394976
0.0415765
0.0415765
0.0415765
0.0394976
0.0400401
0
0
0
0.0395053
0.0400481
0
0
0
0
0
0
0
0
0
0
0
0
0
0
0
0
0
0
0
0
0
0
0
0
0
0
0
0
0
0
0
0
0
0
0
0
0
0
0
0
0
0
0
0
0
0
0
0
0
0
0
0
0
0
0
0
0
0
0
0
0
0
0
0
0
0
0
0
0
0
0
0
0
0
0
0
0
0
0
0
0
0
0
0.0438318
0.0438318
0.0438318
0.0438318
0.0438318
0.0438318
0
0
0
0
0
0
0
0
0
0
0
0.0394899
0.0434783
0.164957
0.0438318
0
0
0
0.0443569
0.0415227
0.0533951
0.0447325
0.0409444
0.0410305
0.0460044
0.0426498
0.0426498
0.0426692
0.0426692
0
0
0
0
0.0415945
0
0.0415945
0.0415945
0.0415945
0
0
0
0.0394976
0.0395362
0.0395594
0.0395594
0.0394899
0.0448223
0.0426692
0
0
0.0415945
0.0435917
0.0426692
0
0
0
0.0395594
0
0
0
0.0395981
0
0
0
0
0
0
0
0
0.0424381
0
0
0
0
0
0
0
0
0.0395981
0
0
0
0
0
0
0
0.0425918
0.0426208
0
0.0435917
0.0435917
0
0
0
0
0
0
0
0
0
0
0
0.0424381
0.0424381
0
0
0.0863064
0.0863064
0
0
0
0
0
0
0
0
0
0
0
0
0
0.0394976
0
0
0.0394976
0.0394976
0
0
0.0415227
0.0537798
0.0437061
0
0
0
0
0
0
0
0
0
0
0
0
0
0
0
0
0
0
0
0
0
0
0
0
0
0
0
0
0
0
0
0
0
0
0
0
0
0
0
0
0
0
0
0
0
0
0
0
0
0
0
0
0
0
0
0
0
0
0
0
0
0
0
0
0
0
0
0
0
0
0
0
0
0
0
0
0
0
0
0
0
0
0
0
0
0
0
0
0
0
0.0394822
0.0394822
0
0
0.0394822
0
0
0
0
0
0
0
0
0
0
0
0
0
0
0
0
0
0
0
0
0
0
0
0
0
0
0
0
0
0
0
0
0
0
0
0
0
0
0
0
0
0
0
0
0
0
0
0
0
0
0
0
0
0
0
0
0
0
0
0
0
0
0
0
0
0
0
0
0
0
0
0
0
0
0
0
0
0
0
0
0
0
0
0
0
0
0
0
0
0
0
0
0
0
0
0
0
0
0
0
0
0
0
0
0
0
0
0
0
0
0
0
0
0
0
0
0
0
0
0
0
0
0
0
0
0
0
0
0
0.0616334
0
0
0
0
0
0
0
0
0
0
0
0
0
0
0
0
0
0
0
0.0377023
0.0377023
0.0377023
0.0377023
0.0377023
0.0394669
0.0394669
0.0394669
0.0394669
0.0394669
0.0394669
0.0394669
0.0394669
0.0394669
0.0394669
0.0385472
0.0385472
0.0385472
0.0385472
0.0385472
0.0385472
0.0385472
0.0385472
0.0385472
0.0385472
0.0385472
0.0385472
0.0385472
0.0385472
0.0385472
0
0
0
0
0
0
0
0
0
0
0
0
0
0
0
0
0
0
0
0
0
0
0
0
0
0
0
0
0
0
0
0
0
0
0
0
0
0
0
0
0
0
0.0406642
0.0406642
0.0406642
0.0406642
0.0406642
0.0435814
0.0435814
0.0435814
0
0
0
0
0
0
0
0
0
0
0
0
0
0
0
0
0
0
0
0
0
0
0
0
0
0
0
0
0
0
0
0
0
0
0
0
0
0
0
0
0
0
0
0
0
0
0
0
0
0
0
0
0
0
0.0614585
0
0
0.0377291
0.0408248
0
0.0377023
0
0
0.0423429
0.0377023
0.0377426
0.0377157
0
0
0
0
0
0
0
0
0
0
0
0
0
0
0
0
0
0
0
0
0
0
0
0
0
0.0880451
0.0880451
0.0880451
0.0880451
0.0880451
0.0880451
0.0947027
0.0880451
0.0377157
0.0377157
0.0377157
0.0377157
0.0377157
0.0377224
0.0377224
0.0378235
0.0378235
0.0378235
0
0
0
0
0
0
0
0
0
0
0
0
0
0
0
0
0
0
0
0
0
0
0
0
0
0
0
0
0
0
0
0
0
0
0
0
0
0
0
0
0
0
0
0
0
0
0
0
0
0
0
0
0
0
0
0
0
0
0
0
0
0
0
0
0
0
0
0
0
0
0
0
0.0377291
0.0377291
0.0377358
0.0377291
0.0378709
0.0378709
0.0378709
0.0377224
0.0377224
0.0378709
0.0377224
0.0377224
0.0377224
0.0378709
0.0378709
0.0378709
0.0378709
0.0378709
0.0378709
0.0377358
0
0.0377358
0.0377358
0.0377358
0.0378032
0.0380143
0.0379869
0.0379869
0.0380762
0.0395208
0
0
0
0
0.0378032
0
0
0.0378032
0.0378032
0.0378032
0.0378032
0.0377224
0.0377224
0.0377224
0.0377224
0.0377224
0.0377224
0.0378032
0.0377224
0
0
0
0
0
0
0
0
0
0
0
0
0
0
0
0
0
0
0
0
0
0
0
0
0
0
0
0
0
0
0
0
0
0
0
0
0
0
0
0
0
0
0
0
0
0
0
0
0
0
0
0
0
0
0
0
0
0
0
0
0
0
0
0
0
0
0
0
0
0
0
0
0
0
0
0
0
0
0.0378709
0.0378709
0
0
0.0378032
0.0378032
0.0378032
0.0378032
0.0378032
0.0378032
0.040008
0.040008
0
0.0407063
0.0407063
0.0378709
0.0378709
0
0
0
0
0
0
0
0
0.0378709
0.0378709
0.0378709
0.0378709
0.0378709
0.0378709
0.0378709
0
0
0
0
0
0
0
0.0378709
0.0398964
0.0378709
0
0.0378709
0.0378709
0.0378709
0.0378709
0.0378709
0.0378709
0.0385186
0.0396526
0.0475921
0.0410564
0
0
0.0377964
0
0
0
0
0
0
0.0450606
0.0462745
0.0379322
0.0379322
0.0379322
0.0379322
0.0414959
0.0414959
0.0414959
0
0
0
0
0
0
0
0
0
0
0
0
0
0
0
0
0
0
0
0
0
0
0
0
0
0
0
0
0
0
0
0
0
0
0
0
0
0
0
0
0
0
0
0
0
0
0
0
0
0
0
0
0
0
0
0
0
0.0388441
0.0388808
0.0403321
0.0405387
0.0405387
0
0.0405387
0
0
0
0.0395517
0.040572
0.0416848
0.039841
0
0
0
0
0
0
0
0
0
0
0
0
0
0
0
0
0
0
0
0
0
0
0
0
0
0
0
0
0
0
0
0
0
0
0
0
0
0
0
0
0
0
0
0
0
0
0
0
0
0
0
0
0
0
0
0
0
0
0
0
0
0
0
0
0
0
0
0
0
0
0
0
0
0
0
0
0
0
0
0
0
0
0
0
0
0
0
0
0
0.0381454
0.0380693
0.0380693
0.0378709
0.0377358
0.0394745
0.0394745
0.0380693
0.0380693
0.0442374
0.0380693
0.0380693
0.0450263
0.0377358
0.0377358
0.0392383
0
0
0
0
0
0
0
0
0
0
0
0
0
0
0
0
0
0
0
0
0
0
0
0.0406894
0
0.0380212
0
0.0379117
0
0
0
0.0610563
0.0388881
0
0
0.0417301
0
0
0
0
0.0392837
0
0.0403157
0.0377224
0
0.0402585
0.0381316
0.0407231
0
0
0.0417301
0
0
0
0.0380693
0
0
0
0
0
0.0378506
0.040639
0.0386767
0
0.040161
0.0377224
0
0.038619
0
0
0
0.104685
0.0392308
0
0.0378573
0
0
0
0.0377224
0.0377224
0.0377224
0.0377224
0.0377358
0.0377358
0.0377157
0.0377157
0
0.0377157
0.0377157
0.0408163
0.0408163
0
0.0408163
0.0408163
0.037783
0
0
0
0
0
0
0
0
0.0614585
0.0614585
0.0614585
0
0
0
0
0
0
0
0
0
0
0
0
0
0.0378032
0.0378032
0.0378032
0.0395749
0.0378709
0.0475114
0.0475114
0.0475114
0.0475114
0
0
0
0
0
0
0.0380693
0.0380693
0.0380693
0.0380693
0.0380693
0.037709
0.0380693
0.042061
0
0
0
0.0380693
0.0380693
0.0380693
0.0380693
0
0
0
0
0
0
0
0
0
0
0
0
0
0
0
0.0380693
0.0380693
0
0.0380693
0.0380693
0
0.0380693
0.0380693
0.0394669
0.0940721
0.106149
0.0422483
0.0423239
0
0.0380693
0.0380693
0
0
0.0446433
0.0407909
0
0
0
0
0
0
0
0
0.0433759
0.0444444
0
0.0380693
0
0.0380693
0
0.0407485
0.0380693
0
0
0
0
0
0
0
0
0
0
0.0428255
0.0429735
0.0798723
0.0419961
0
0.0380693
0.0419683
0.0419683
0.0419683
0.0420239
0
0
0
0
0
0
0
0
0
0
0
0
0
0
0
0
0
0
0
0
0
0
0.0665927
0
0.0687208
0.0672293
0.0672293
0
0
0
0
0
0
0
0
0
0
0
0
0
0
0
0
0
0
0
0
0
0
0
0
0
0
0
0
0
0
0.0748481
0
0.0748481
0.0979404
0.0979404
0.0979404
0.0979404
0
0
0.0979404
0.0979404
0
0
0
0
0
0
0.0748481
0.117444
0.117444
0.118888
0
0
0
0
0
0
0
0
0
0
0
0
0
0
0
0
0
0
0
0
0
0
0
0
0.0398252
0.0380693
0
0
0
0.0380693
0.0440012
0.0380693
0.0426887
0.0380693
0
0.0380693
0.0425628
0.0425628
0.0425628
0.0860663
0.0426692
0.0380693
0
0.0380693
0
0
0
0
0
0.0398252
0.0398252
0
0.0398252
0.0398252
0.0398252
0.0398252
0.0398252
0.0398252
0.0398252
0.0398252
0
0
0
0
0.0398252
0
0.0380693
0
0
0
0.0378709
0
0
0
0
0
0
0
0
0
0
0
0
0
0
0
0
0
0
0
0
0
0
0
0
0
0
0
0
0
0
0
0
0
0
0
0
0
0
0
0
0
0
0
0
0
0
0
0
0.0377224
0.0377224
0.0377224
0.0395208
0
0
0.0378709
0.0410564
0.0410564
0.0410564
0.0410564
0.0410564
0.0410564
0.0410564
0.0410564
0
0.0410564
0.0410564
0
0.0410564
0.0410564
0
0.0410564
0.0378032
0.0378032
0.0378032
0
0.0378032
0
0
0.0406642
0.0406642
0.0406642
0.0406642
0
0
0
0.043874
0.0438529
0.0423904
0.0423904
0.0423904
0
0
0
0.0394899
0.0394899
0.0394899
0.0394899
0.0394899
0.0415765
0.0415765
0.0415765
0.0415765
0.0415765
0.0415765
0.0415765
0.0415765
0.0415765
0.0415765
0.0415765
0.0415765
0.0415765
0.0415765
0
0
0
0
0
0
0
0
0
0.0380693
0.0380693
0
0
0
0
0
0
0
0
0
0
0.0380693
0.0380693
0
0
0
0.0380693
0.0380693
0.0398252
0
0.0380693
0.0380693
0.0380693
0.0380693
0.0380693
0.0380693
0.0380693
0.0380693
0.0380693
0.0380693
0.0380693
0.0380693
0.0380693
0.0380693
0
0
0
0
0
0
0
0
0
0
0.0461143
0.0380693
0.0380693
0
0.0380693
0
0
0
0
0
0
0
0.0433148
0.0433148
0.0433148
0
0.0404061
0
0
0
0
0
0
0
0
0
0
0
0
0
0
0.0437165
0.0471012
0.0380693
0.0425243
0.0425725
0.0425725
0
0
0
0
0
0
0.0380693
0.0380693
0.0380693
0.0380693
0.0380693
0.0380693
0.0380693
0.0380693
0.0380693
0.0380693
0
0.0380693
0
0.0380693
0.0380693
0.0380693
0.0380693
0.0380693
0
0.0380693
0.0380693
0.0380693
0.0380693
0.0380693
0
0
0
0
0.0380693
0
0.0380693
0.0431834
0.0431834
0
0
0.0431834
0
0
0
0
0
0
0
0
0
0.0429339
0.0429339
0.0429339
0.0430232
0
0.0425918
0
0
0.0425918
0.0425918
0
0
0
0
0
0
0
0
0
0
0
0
0.0380693
0
0
0
0
0
0
0
0
0
0
0
0
0
0
0
0
0
0
0
0
0
0
0
0
0
0
0
0
0
0
0
0
0
0
0
0
0
0
0
0
0
0
0
0
0
0
0
0
0
0
0
0
0
0
0
0
0
0
0
0
0
0
0
0
0
0
0
0
0
0
0
0
0
0
0
0
0
0
0
0
0
0
0
0
0
0.0380693
0.0380693
0.0380693
0.0380693
0.0380693
0
0
0
0
0
0
0
0
0
0
0
0
0
0
0
0
0
0
0
0.0416215
0.0416215
0.0426595
0.0416757
0.0424955
0.0424955
0
0
0
0
0
0
0
0
0.0447437
0.0462621
0
0
0
0
0
0
0
0
0
0
0
0
0
0
0
0
0
0
0
0
0
0
0
0
0
0
0
0
0
0
0
0
0
0
0
0
0
0
0
0
0.0427569
0.0444335
0.0435091
0
0
0
0
0
0
0
0.04354
0
0.0380693
0.0380693
0.0380693
0.0380693
0.0380693
0.0404309
0.0452216
0.0462621
0.0462621
0.0462621
0.0462621
0.0462621
0.0380693
0.0380693
0.0380693
0.0380693
0
0
0
0
0
0
0
0
0
0
0
0
0.0380693
0
0.0398252
0.0398252
0.0398252
0.0398252
0.0398252
0.0398252
0.0398252
0.0398252
0.0398252
0.0398252
0.0398252
0.0398252
0
0
0
0
0.0398252
0
0.0398252
0.0398252
0.0398252
0.0398252
0
0
0
0
0
0
0
0
0
0
0
0
0
0
0
0
0
0
0
0
0
0
0
0
0
0
0.0380693
0.0380693
0.0380693
0.0380693
0.0380693
0.0380693
0.0380693
0.0380693
0.0380693
0.0380693
0.0380693
0.0380693
0.0380693
0.0416396
0.0421637
0.0418121
0.0418121
0.0534522
0.0534522
0
0.0419683
0
0
0
0
0.0419683
0.0471274
0.0471274
0.0471274
0.0471274
0.0471274
0
0
0
0.0471274
0.0418395
0.0401448
0.129914
0.0426111
0.0426111
0.113961
0.0433453
0
0
0
0
0
0
0
0.0443242
0.0443242
0
0.0443242
0.042286
0.042286
0
0.0426498
0
0
0
0
0
0
0
0.0401448
0
0.0401448
0.0401448
0.0401448
0
0.0401448
0.0401448
0
0
0
0
0
0
0
0
0
0
0
0
0.0442482
0.0442482
0
0.0442482
0.0442482
0.0442482
0.0442482
0
0
0
0
0
0
0
0
0
0
0
0
0
0
0
0
0
0.186501
0
0.328798
0.328798
0.328798
0.328798
0.328798
0.328798
0.328798
0.328798
0.328798
0.328798
0.328798
0.392232
0
0.392232
0.392232
0.392232
0.392232
0.392232
0
0
0.392232
0.328798
0.328798
0.328798
0
0.0380693
0.0380693
0
0.0402015
0.0380693
0.0380693
0.0380693
0.0380693
0.0380693
0.0380693
0.0395053
0.0395053
0
0.0380693
0.0380693
0.0807134
0.0380693
0.0430531
0.0380693
0.447214
0.0380693
0.0380693
0.0380693
0
0
0
0
0
0.0380693
0
0
0
0
0.0380693
0
0.0380693
0.0380693
0.0380693
0.0380693
0
0.0380693
0.0380693
0.0380693
0.0380693
0.0380693
0.0380693
0.0380693
0.0380693
0
0.0380693
0.0398252
0.0398252
0.0398252
0.0398252
0.0398252
0.0404805
0.0404805
0.0398252
0
0
0
0
0
0
0
0
0
0
0
0.0380693
0.0380693
0.0380693
0.0380693
0
0
0
0
0
0
0
0
0.0420331
0.0478091
0.042061
0.045727
0.042061
0.0422012
0.0422012
0
0
0
0
0
0
0
0
0
0
0
0
0
0
0
0
0
0
0
0.037709
0
0
0
0
0
0
0
0.040161
0.040161
0.040161
0.0640513
0
0
0.0640513
0.0640513
0.0640513
0
0
0
0
0.072981
0
0
0.0401448
0
0
0
0
0
0.0380693
0.0380693
0.0380693
0.0411955
0.0380693
0.0380693
0
0.0380693
0.0380693
0.0380693
0.0380693
0.0380693
0
0
0
0
0.0426014
0.0380693
0
0.0380693
0
0
0
0.0380693
0.0380693
0
0
0
0
0.117041
0.117041
0.117041
0.117041
0.117041
0
0
0
0
0
0
0
0
0.117444
0
0
0
0.157622
0
0
0.0380693
0.0380693
0.0380693
0.0380693
0.0436021
0
0
0
0
0
0
0
0
0
0
0
0
0
0
0
0
0
0
0
0
0
0
0
0
0
0
0
0.132453
0.132453
0.132453
0
0.136083
0.136083
0.136083
0
0
0
0
0
0
0
0
0
0
0.0439693
0.0439693
0.0439693
0.0439693
0.0439693
0
0
0
0
0
0
0
0
0
0
0
0
0
0
0.0423144
0.0423144
0
0.0423334
0.0423334
0
0
0
0
0
0
0
0
0
0
0
0
0
0
0
0
0
0
0
0
0
0
0
0
0
0
0
0
0
0
0
0
0
0
0
0
0
0
0
0
0
0
0.041398
0
0
0
0
0
0
0
0
0
0
0
0
0
0
0
0
0.162758
0.162758
0.162758
0.162758
0.162758
0.162758
0.162758
0.162758
0.162758
0.162758
0.162758
0.162758
0.162758
0
0
0
0
0
0
0
0
0
0
0
0
0
0
0
0
0
0
0
0
0
0
0
0
0
0
0
0
0
0
0
0
0
0
0
0
0
0
0
0
0
0
0
0
0
0
0
0
0
0
0
0
0.0410651
0.0410651
0.0410651
0.0410651
0.0410651
0.0410651
0.0410651
0.0410651
0.0410651
0
0
0
0.0410651
0
0
0
0
0
0
0
0
0
0
0
0
0
0
0
0
0
0
0
0
0
0
0
0
0
0
0
0
0
0
0
0
0
0
0
0
0
0
0
0
0
0
0
0
0
0
0
0
0
0
0
0
0
0
0
0
0
0
0
0
0
0
0
0
0
0
0
0
0
0
0
0
0
0
0
0
0
0
0
0
0
0
0
0
0
0
0
0
0
0
0
0
0
0
0
0
0
0
0
0
0
0
0
0
0
0
0
0
0
0
0
0
0
0.4
0.4
0.4
0.4
0.4
0.4
0.4
0
0.4
0.4
0.4
0.4
0.516398
0.632456
0
0
0
0
0
0
0
0
0
0
0
0
0.4
0.4
0
0.4
0.4
0.4
0
0
0
0
0
0
0
0
0
0
0
0
0
0
0
0
0
0
0
0
0
0
0
0
0
0
0
0
0.417029
0.534522
0
0.632456
0
0.632456
0.632456
0
0.447214
0.447214
1
0.447214
0.447214
0.447214
0.447214
0
0
0.5
0
0.5
0.5
0.4
0.4
0.4
0.4
0
0.4
0.4
0.0380693
0.0380693
0.0380693
0.0380693
0.0380693
0.0380693
0.0380693
0.0380693
0.0380693
0.0380693
0.0380693
0.0380693
0.0380693
0.0380693
0.0380693
0.0380693
0.0380693
0.0380693
0.0380693
0.0380693
0.0380693
0.0380693
0.0380693
0.0380693
0.0380693
0.0380693
0.0380693
0.0380693
0.0380693
0.0380693
0.0380693
0.0380693
0.0380693
0.0380693
0.0380693
0.0380693
0.0380693
0.0380693
0.0380693
0.0380693
0.0380693
0.0380693
0.0380693
0.0380693
0.0380693
0.0380693
0.0380693
0.0380693
0.0380693
0.0380693
0.0380693
0.0380693
0.0380693
0.0380693
0.0380693
0.0380693
0
0
0
0
0
0
0.0380693
0.0380693
0.0380693
0.0380693
0.0380693
0.0380693
0.0380693
0.0380693
0.0380693
0.0380693
0.0380693
0.0380693
0.0380693
0.0380693
0.0380693
0.0380693
0.0380693
0.0380693
0
0
0
0.0398094
0.0438213
0.0380693
0.0380693
0.0380693
0.0380693
0.0380693
0.0380693
0.0380693
0.0380693
0.0380693
0.0380693
0.0380693
0.0380693
0.0380693
0.0380693
0.0380693
0.0380693
0.0380693
0.0380693
0.0380693
0.0380693
0.0380693
0.0380693
0.0380693
0.0380693
0.0380693
0.0380693
0.0380693
0.0380693
0.0380693
0.0380693
0.0380693
0.0380693
0.0380693
0.0380693
0.0380693
0.0380693
0.0380693
0.0380693
0.0380693
0.0380693
0.0380693
0.0380693
0.0380693
0.0380693
0.0380693
0.0380693
0.0380693
0.0380693
0.0380693
0.0380693
0.0380693
0.0380693
0.0380693
0.0380693
0.0380693
0.0380693
0.0380693
0.0380693
0.0380693
0.0380693
0.0380693
0.0380693
0.0380693
0.0380693
0.0380693
0.0380693
0.0380693
0.0380693
0.0380693
0.0380693
0.0380693
0.0380693
0.0380693
0.0380693
0.0380693
0.0380693
0.0380693
0.0380693
0.0380693
0.0380693
0.0380693
0.0380693
0.0380693
0.0380693
0.0380693
0.0380693
0.0380693
0.0380693
0.0380693
0.0380693
0.0380693
0.0380693
0.0380693
0.0380693
0.0380693
0.0380693
0.0380693
0.0380693
0.0380693
0.0380693
0.0380693
0.0380693
0.0380693
0.0380693
0.0380693
0.0380693
0.0380693
0.0380693
0.0380693
0.0380693
0.0380693
0.0380693
0.0380693
0.0380693
0.0380693
0.0380693
0.0380693
0.0380693
0.0380693
0.0380693
0.0380693
0.0380693
0.0380693
0.0380693
0.0380693
0.0380693
0.0380693
0.0380693
0.0380693
0.0380693
0.0380693
0.0380693
0.0380693
0.0380693
0.0380693
0.0380693
0.0380693
0.0380693
0.0380693
0.0380693
0.0380693
0.0380693
0.0380693
0.0380693
0.0380693
0.0380693
0.0380693
0.0380693
0.0380693
0.0380693
0.0380693
0.0380693
0.0380693
0.0380693
0.0380693
0.0380693
0.0380693
0.0380693
0.0380693
0.0380693
0.0380693
0.0380693
0.0380693
0.0380693
0
0
0.0380693
0.0380693
0.0380693
0.0380693
0.0380693
0.0380693
0.0380693
0.0380693
0.0380693
0.0380693
0.0380693
0.0380693
0.0380693
0.0380693
0.0380693
0.0380693
0.0380693
0.0380693
0.0380693
0
0.0769231
0
0
0
0.0380693
0
0
0
0
0
0
0
0
0
0
0
0
0
0
0
0
0
0
0
0
0
0
0
0
0
0
0
0
0
0
0
0
0
0
0
0
0
0
0
0
0
0
0
0
0
0
0
0
0
0
0
0
0.0425918
0
0.0425918
0.0425918
0
0
0
0
0
0
0
0.0397151
0
0.0397151
0.0380693
0.0380693
0.0380693
0.0425821
0.0425821
0
0
0
0.0425821
0
0
0
0.0398252
0
0
0.0398252
0.0398252
0.0398252
0.0398252
0.0398252
0
0
0
0
0.0398252
0.0380693
0.0380693
0.0465999
0.0438213
0.0401367
0
0.0380693
0.0380693
0.0380693
0.0380693
0.0398094
0.0398094
0.0398094
0.0398094
0
0.0380693
0.0380693
0
0
0
0.0380693
0
0
0
0
0
0
0
0.0380693
0.0380693
0.0380693
0.0380693
0.0380693
0.0380693
0.0380693
0.0380693
0.0380693
0.0380693
0.0380693
0.0380693
0.0380693
0
0
0
0.0380693
0
0
0
0
0.4
0
0.0824086
0.0824086
0.0824086
0
0
0
0
0
0
0
0
0
0.0427179
0
0
0
0
0
0
0.0423904
0
0
0
0.0423904
0
0
0
0
0
0
0
0.0423904
0.4
0.0448449
0
0
0
0
0.0465116
0
0.0458229
0
0.133038
0.133038
0.133038
0.133038
0.133038
0
0
0.0425821
0.0425821
0
0.0425821
0.0438529
0.0438529
0
0
0
0
0
0.0438529
0.0440225
0
0
0
0
0
0
0
0
0
0
0
0
0
0
0
0
0
0
0
0
0
0
0
0
0
0
0
0
0
0
0.4
0.4
0.4
0.4
0.4
0.4
0.408248
0.408248
0.4
0.4
0
0.4
0.4
0.408248
0
0.4
0
0.4
0.4
0.0415227
0.0415227
0.0415227
0.0403567
0.0403567
0.0403567
0
0.0380693
0.0380693
0.0380693
0.0380693
0.0380693
0
0.0380693
0.0380693
0.0380693
0.0380693
0
0.0380693
0.0380693
0.0380693
0.0380693
0
0.0380693
0.0380693
0.0380693
0.0380693
0.0474045
0.0474045
0.0474045
0.0474045
0
0
0
0
0.0380693
0.0380693
0.0380693
0.0380693
0.0380693
0.0380693
0.0380693
0.0380693
0.0380693
0.037709
0.162758
0.0380693
0.0380693
0.0380693
0.0380693
0.0380693
0.0380693
0.0380693
0.0462621
0.0461757
0
0
0
0.0380693
0.0422294
0
0.0398252
0.0398252
0
0.0441081
0.0441081
0.0426014
0.0426014
0.0426498
0
0
0
0
0
0
0
0
0
0.041487
0.041487
0.041487
0
0
0
0
0
0.041487
0.041487
0.041487
0
0.041487
0
0
0
0
0
0
0
0
0
0
0
0
0
0
0
0
0
0
0
0
0
0
0
0
0
0
0
0
0
0
0
0
0
0
0
0
0
0
0
0
0
0
0
0
0
0
0
0
0
0
0
0
0
0
0
0
0
0
0
0
0
0
0
0
0
0
0
0
0
0
0
0
0
0
0
0
0
0
0
0
0.0380693
0.0380693
0.0380693
0
0.0414158
0.111111
0
0
0
0
0
0
0
0
0
0
0
0
0
0
0
0
0
0
0
0
0
0
0.316228
0.0398252
0
0.0380693
0.0380693
0
0.0380693
0
0
0
0
0
0
0
0
0.0380693
0.0380693
0.0380693
0.0380693
0
0
0
0
0
0.046188
0
0
0
0
0
0
0
0
0
0
0
0
0
0
0
0
0
0.0398252
0.0380693
0.0380693
0.0380693
0.0380693
0.0380693
0.0380693
0.0380693
0
0
0
0
0
0
0
0
0
0
0
0
0
0
0
0
0
0
0
0
0
0
0
0
0
0
0
0
0
0
0
0
0.0442591
0.0442591
0.0442591
0.0447998
0.0447998
0.0447998
0.0447998
0
0
0
0.0448336
0.0448336
0.0448336
0.0442916
0.0442266
0
0.0442266
0.0442266
0
0.0442591
0.0447437
0.0447437
0.0447437
0.0447437
0
0.0447437
0.0447437
0.0447437
0.0452331
0.0452331
0.0452331
0.0452331
0.0452331
0.0447437
0
0
0
0
0
0.0398252
0.0398252
0.0398252
0.0398252
0.0398252
0.0398252
0
0
0
0
0
0
0
0
0
0
0.0380693
0.0380693
0.0380693
0.0380693
0.0380693
0.0380693
0.0380693
0.0380693
0.0401529
0.0401529
0
0.0401529
0.0380693
0.0380693
0
0
0.0450377
0
0
0
0
0
0
0.0380693
0.0380693
0.0422483
0.0380693
0.0380693
0.0380693
0.0410911
0.0380693
0.0380693
0.0380693
0
0
0.0380693
0.0380693
0.0380693
0.0380693
0.0380693
0.0380693
0.0464489
0.0380693
0.0380693
0
0
0
0
0
0
0
0
0
0
0
0.0380693
0.0380693
0
0
0.0464363
0
0.0555341
0.0555341
0.0555341
0.0555341
0.0555341
0.0618984
0.0618984
0.0699711
0
0
0.0628695
0.0380693
0.0380693
0.0380693
0.0380693
0.0380693
0.0380693
0.0380693
0.0380693
0.0380693
0.0380693
0.0380693
0.0380693
0
0
0
0
0.0380693
0.0434783
0.0380693
0.0380693
0.0380693
0.0380693
0.111111
0.0380693
0.0380693
0.0460165
0.0460165
0.0460165
0.0460165
0.0460165
0.0380693
0
0.0380693
0
0
0
0
0
0.0380693
0.0380693
0.0380693
0.0380693
0.0380693
0
0
0.0380693
0.0408419
0.0380693
0.0473514
0.0473514
0
0.0473646
0
0
0.0380693
0.0380693
0.0380693
0.0380693
0.0380693
0.0380693
0.0380693
0.0380693
0.108947
0.0380693
0.0380693
0
0.0380693
0.113047
0
0.115087
0.0380693
0.0380693
0
0.0380693
0.0380693
0.0434065
0.0434065
0
0.0380693
0.0380693
0.0380693
0.0380693
0.0380693
0.0380693
0.0380693
0.0380693
0
0
0
0
0
0
0
0
0
0
0
0
0.0380693
0.0380693
0
0
0
0.0380693
0.0380693
0
0
0
0
0
0.0438213
0
0
0
0
0
0
0
0
0.0380693
0.0380693
0
0
0
0.0380693
0.0380693
0
0
0
0
0
0
0
0
0
0
0.0380693
0.0380693
0
0
0
0
0.0380693
0.0380693
0.0380693
0
0
0
0
0
0
0
0
0
0.0398252
0.0380693
0.0380693
0
0
0
0
0
0
0
0.0380693
0.0380693
0.0380693
0
0
0
0
0
0
0
0
0
0
0
0
0
0
0
0
0
0
0
0
0
0
0
0
0
0
0
0
0
0
0
0
0
0
0
0
0
0
0
0
0
0
0
0
0
0
0
0
0
0
0
0
0
0
0
0
0
0
0
0
0
0
0
0
0
0
0
0
0
0
0
0
0
0
0
0
0
0
0
0
0
0
0
0
0
0
0
0
0
0
0
0
0
0
0
0
0
0
0
0
0
0
0
0
0
0
0
0
0
0
0
0
0
0
0
0
0
0
0
0
0
0
0
0
0
0
0
0
0.0415227
0.0415227
0.0415227
0
0
0
0
0.0380693
0.0380693
0.0380693
0.0380693
0.0380693
0.0380693
0.0380693
0.0380693
0.0380693
0.0380693
0.0380693
0.0380693
0.0380693
0.0380693
0.0380693
0.0380693
0.0414069
0.0414069
0.0414069
0.0414069
0
0
0.0380693
0.0380693
0.0380693
0.0380693
0.0414069
0.0414069
0.0414069
0
0
0
0.0414069
0.0414069
0.0414069
0.0414069
0
0
0
0
0
0
0
0
0
0
0
0
0
0
0
0.0380693
0.4
0.4
0.4
0.4
0.4
0.4
0.4
0.4
0.4
0.4
0.4
0.4
0.4
0
0.4
0.4
0.4
0
0.4
0
0
0.037709
0.037709
0
0
0
0
0
0
0
0
0
0
0
0
0
0
0
0
0
0
0
0
0
0
0
0
0
0
0
0
0
0
0
0
0
0
0
0
0
0
0
0
0
0
0
0
0
0
0
0
0
0
0
0
0
0
0
0
0
0
0
0
0
0
0
0
0
0
0
0
0
0
0
0
0
0
0
0
0
0
0
0
0
0
0
0
0
0
0
0
0
0
0
0
0
0
0
0
0
0
0
0
0
0
0
0
0
0
0
0
0
0
0
0
0
0
0
0
0
0
0
0
0
0
0
0
0
0
0
0
0
0
0
0
0
0
0
0
0
0
0
0
0
0
0
0
0
0
0
0
0
0
0
0
0.037709
0
0
0.037709
0.037709
0.037709
0.037709
0.037709
0
0
0.037709
0.037709
0
0
0
0
0
0
0
0.0394976
0.0394976
0.0394976
0.0394976
0.0394976
0.0394976
0.0394976
0.0394976
0
0.0394976
0.0394976
0.0394976
0.0394976
0
0.0394976
0.0394976
0.0394976
0.0394976
0.0394976
0.0394976
0.0394976
0
0.0394976
0.0395285
0.0394976
0.0395053
0.0395053
0
0
0
0
0
0.0395053
0.0395053
0
0
0
0
0
0
0.04074
0
0
0
0
0
0.04074
0
0
0.0438318
0
0
0
0
0
0
0
0
0
0
0
0.0438318
0
0
0
0
0
0
0
0.0438318
0.0438318
0.0438318
0
0
0
0
0
0
0
0
0
0
0
0
0
0
0
0
0
0
0
0
0
0
0
0
0
0
0
0
0
0
0
0
0
0
0
0
0
0
0
0
0
0
0
0
0
0
0
0.0426498
0.0426498
0.0426498
0.0426498
0
0
0
0
0
0
0
0
0
0
0
0.0426692
0.0426692
0.0426692
0.0426692
0
0
0
0
0
0
0
0
0
0
0
0
0
0
0
0
0
0
0
0
0
0
0
0
0
0
0
0
0
0
0
0
0
0
0
0
0
0
0
0
0
0
0
0
0
0
0
0
0
0
0
0
0
0
0
0
0
0
0
0.0407654
0.0407654
0.0407654
0.0407654
0
0
0
0
0
0
0
0
0
0
0
0
0
0
0
0
0
0
0
0
0
0
0
0
0
0
0
0
0
0
0
0
0
0
0
0
0
0
0
0
0
0
0
0
0
0
0
0
0
0
0
0
0
0
0
0
0
0
0
0
0
0
0
0
0
0
0
0
0
0
0
0
0
0.0424381
0.039637
0
0
0
0
0
0
0
0
0
0.037709
0.037709
0.037709
0.037709
0.037709
0.037709
0.037709
0.037709
0.037709
0.037709
0.037709
0.037709
0.037709
0
0
0
0
0
0
0
0
0
0
0
0
0
0
0
0
0
0
0
0
0
0
0
0
0
0
0
0
0
0
0
0
0
0
0
0
0
0
0
0
0
0
0
0
0
0
0
0
0
0
0
0
0
0
0
0
0
0
0
0
0
0
0
0
0
0
0
0
0
0
0
0
0
0
0
0
0
0
0
0
0
0
0
0
0
0
0
0
0
0
0
0
0
0
0
0
0
0
0
0
0
0
0
0
0
0
0
0
0
0
0
0
0
0
0
0
0
0
0
0
0
0
0
0
0
0
0
0
0
0
0
0
0
0
0
0
0
0
0
0
0
0
0
0
0
0
0
0
0
0
0
0
0
0
0
0
0
0
0
0
0
0
0
0
0
0
0
0
0
0
0
0
0
0
0
0
0
0
0
0
0
0
0
0
0
0
0
0
0
0
0
0
0
0
0
0
0
0
0
0
0
0.0377224
0.0377224
0.0377224
0.0377224
0.0377224
0.0377224
0.0377224
0.0377224
0.0384189
0.0377224
0.0377224
0.0377224
0.0377224
0.0377224
0.0377224
0
0
0
0
0
0
0
0
0.0377224
0.0377224
0.0377224
0.0377224
0.0377224
0.0377224
0.0377224
0
0
0.0377224
0
0
0.0384189
0
0.0384189
0.0384189
0.0384189
0.0384189
0.0384189
0.0384189
0.0384189
0.0384189
0.0384189
0.0384189
0.0384189
0.0384189
0
0
0.0384189
0
0
0
0
0
0
0
0
0.0404805
0.0404805
0.0404805
0.0404805
0.0404805
0.0404805
0.0404805
0.0404805
0
0
0
0
0
0
0
0
0
0
0
0
0
0
0
0
0
0
0
0
0
0
0
0
0
0
0
0
0
0
0
0
0.0411519
0.038583
0
0
0.0397307
0.0377224
0.0377224
0.0377224
0.038426
0.038426
0.038426
0
0
0
0.0377224
0.0377224
0.0378032
0.0378032
0.0377224
0.0377224
0.0377224
0.0384687
0.0384687
0.0377224
0.0377358
0.0377358
0.0377358
0.0377358
0.0377224
0.0377224
0.0377224
0.0384687
0.0384687
0.0384687
0.0384687
0.0384687
0.0386695
0.0384687
0.0384687
0.0384687
0.0398964
0.0384687
0.0384687
0.0384687
0.0384687
0.0384687
0.0384687
0.0384687
0.0688021
0
0.0715199
0.12356
0
0.0377224
0.0377224
0.0377224
0.0377224
0.0384189
0.0377224
0.0402422
0.0402422
0.0402422
0.0402422
0.0404805
0.0402422
0.0377224
0.0384189
0.0377224
0.0381316
0.0377224
0.0377224
0.0377224
0.0381316
0.0381316
0.038278
0.0384402
0.0384402
0.0384402
0.0384402
0.0384402
0.0384402
0
0
0
0
0
0
0.0390137
0.0709773
0.0390211
0.0381177
0.0381177
0
0
0
0
0.0378032
0.0378032
0.0398252
0
0
0.037709
0.037709
0.037709
0.037709
0.037709
0.037709
0.037709
0.037709
0.037709
0.037709
0
0.037709
0.037709
0
0
0
0.037709
0.037709
0.037709
0.037709
0
0
0
0.0398094
0.0398094
0.0398094
0.0398094
0.0398094
0.0398094
0.0398094
0.0398094
0.037709
0.037709
0.037709
0.037709
0.037709
0.037709
0.037709
0.037709
0
0.0416035
0.0416035
0
0
0
0
0
0
0
0
0
0
0
0
0
0
0
0
0
0
0
0
0
0
0
0.0430033
0
0
0
0
0.0430033
0
0
0
0
0
0
0
0
0
0
0
0
0
0
0
0
0
0
0
0
0
0
0.0750587
0
0
0
0
0.0763048
0.0537798
0.103142
0
0.103142
0.103142
0
0.0970143
0
0
0
0
0
0
0
0
0
0
0
0
0
0
0
0.0460776
0.0460776
0.0460776
0
0.0460776
0.0458831
0.0458831
0.0458831
0
0
0
0
0.0458831
0.0458831
0.0462127
0.0462745
0.0462745
0.0462745
0.0462745
0.0462745
0
0
0.0462745
0.0462745
0.0462745
0
0
0.0458831
0.0432742
0.0432742
0
0
0
0
0
0.0432742
0
0
0
0
0
0
0
0
0
0
0
0
0
0
0
0
0.0801927
0.0801927
0
0
0.0801927
0.0801927
0.0783862
0.0783862
0.0783862
0
0.0883022
0.0883022
0
0
0
0
0
0
0
0.0883022
0
0
0
0.0801927
0
0
0
0
0
0
0
0
0
0
0
0
0
0
0
0
0
0
0
0
0
0
0
0
0
0
0
0
0.0764719
0.0766965
0.0764719
0
0
0.037709
0.037709
0.037709
0.037709
0.037709
0
0
0
0
0
0
0
0
0
0
0
0
0
0
0
0
0
0
0
0
0
0
0
0
0
0
0
0
0
0
0
0
0
0
0
0
0
0
0
0
0
0
0
0
0
0
0
0
0
0
0
0
0
0
0
0
0
0
0
0
0
0
0
0
0
0
0
0
0
0
0
0
0
0
0
0
0
0
0
0
0
0
0
0
0
0
0
0
0
0
0
0
0
0
0
0
0
0
0
0
0
0
0
0
0
0
0
0
0
0
0
0
0
0
0
0
0
0
0
0
0
0
0
0
0
0
0
0
0
0
0
0
0
0
0
0
0
0
0
0
0
0
0
0
0
0
0
0
0
0
0
0
0
0
0
0
0
0
0
0
0
0
0
0
0
0
0
0
0
0
0
0
0
0
0
0
0
0
0
0
0
0
0
0
0
0
0
0
0
0
0
0
0
0
0
0
0
0
0
0
0
0
0
0
0
0
0
0
0
0
0
0
0
0
0
0
0
0
0
0
0
0
0
0
0
0
0
0
0
0
0
0
0
0
0
0
0
0
0
0
0
0
0
0
0
0
0
0
0
0
0
0
0
0
0
0
0
0
0
0
0
0
0
0
0
0
0
0
0
0
0
0
0
0
0
0
0
0
0
0
0
0
0
0
0
0
0
0
0
0
0
0
0
0
0
0
0
0
0
0
0
0
0
0
0
0
0
0
0
0
0
0
0
0
0
0
0
0
0
0
0
0
0
0
0
0
0
0
0
0
0
0
0
0
0
0
0
0
0
0
0
0
0
0
0
0
0
0
0
0
0
0
0
0
0
0
0
0
0
0
0
0
0
0
0
0
0
0
0
0
0
0
0
0
0
0
0
0
0
0
0
0
0
0
0
0
0
0
0
0
0
0
0
0
0
0
0
0
0
0
0
0
0
0
0
0
0
0
0
0
0
0
0
0
0
0
0
0
0
0
0
0
0
0
0
0
0
0
0
0
0
0
0
0
0
0
0
0
0
0
0
0
0
0
0
0
0
0
0
0
0
0
0
0
0
0
0.0398252
0.0398252
0.0398252
0.0398252
0.0398252
0.0398252
0.0398252
0.0398252
0.0398252
0.0712923
0.0712923
0
0.0713376
0.0713376
0.0398252
0.0398252
0.0398252
0.0398252
0.0398252
0.0398252
0.0398252
0.0398252
0
0.0398252
0.0398252
0.0398252
0.0398252
0.0398252
0.0398252
0.0398252
0.0398252
0.0398252
0.0398252
0.0398252
0.0398252
0.0398252
0.12356
0
0
0
0
0
0
0
0
0
0
0
0
0
0
0
0
0.12356
0.12356
0.12356
0
0
0
0.12356
0.125245
0
0
0
0.130744
0.137038
0.130744
0.0398252
0.0398252
0.0398252
0.0398252
0.0418212
0.0418212
0.0401205
0.0401205
0.041867
0.041867
0
0
0
0
0
0
0.0768095
0.0768095
0
0
0
0
0
0
0
0
0
0
0
0
0
0
0
0
0
0
0
0
0
0
0
0
0
0
0
0
0
0
0.0409101
0.0409101
0.0450835
0
0
0.0733729
0.0733729
0.0494771
0.0494771
0
0.0398252
0.0398252
0.0398252
0.045072
0.045072
0.0461143
0.045072
0.0398252
0.0733729
0.0733729
0.0733729
0.0749006
0.0749006
0.0749006
0.0749006
0.0749006
0.0733729
0
0
0
0
0
0.0418212
0.0418212
0.0418212
0.0418212
0.0418212
0.0418212
0.0418212
0.0418212
0.0407739
0.0407739
0.0509813
0.0509813
0.0509813
0.0509813
0.0680414
0.0509813
0.0509813
0.0717958
0.0717958
0.0717958
0.0424285
0.0424285
0.0424285
0.0424285
0.0424285
0.0407739
0.0424285
0.0424285
0.0424285
0.0424285
0
0.0424285
0
0.0427667
0.0871214
0.0942809
0
0.0986527
0
0
0
0.0427667
0.0450835
0.0450835
0.0450835
0.0450835
0.0421731
0.0421731
0.0421731
0.0421731
0.0421731
0.0429834
0
0.0425436
0.0401205
0.0401205
0.0401205
0.0401205
0
0
0
0.0403567
0.0403567
0.0404805
0.0404805
0.0404805
0.0404805
0.0405137
0.0405137
0
0.0403567
0.0403567
0
0
0
0.0768095
0.0768095
0.0768095
0.11931
0.0768095
0.0768095
0
0.0768095
0.0768095
0
0.0833333
0.0833333
0.16169
0.16169
0.16169
0.16169
0.16169
0.16169
0
0.16169
0.16169
0.1849
0.1849
0.1849
0.1849
0.208514
0.1849
0.16169
0
0.16169
0.0833333
0
0
0
0
0
0
0
0
0
0
0
0
0
0
0
0
0
0
0
0
0
0
0
0
0
0
0
0
0
0
0
0
0
0
0
0
0
0
0
0
0
0
0
0
0
0
0
0
0
0
0
0
0
0
0
0
0
0
0
0
0
0
0
0
0
0
0
0
0
0
0
0
0
0
0
0
0
0
0
0
0
0
0
0
0
0
0
0
0
0
0
0
0
0
0
0
0
0
0
0
0
0
0
0
0
0
0
0
0
0
0
0
0
0
0
0
0
0
0
0
0
0
0
0
0
0
0
0
0
0
0
0
0
0
0
0
0
0
0
0
0
0
0
0
0
0
0
0
0
0
0
0
0
0
0
0
0
0
0
0
0
0
0
0
0
0
0
0
0
0
0
0
0.0400802
0.0400802
0.0400802
0
0
0
0
0
0
0
0.041867
0.041867
0.041867
0.041867
0.041867
0.0617508
0
0.0627765
0.0627765
0.57735
0.57735
0
0
0
0
0
0
0
0
0.0627765
0.0418212
0.0418212
0.0418212
0.0418212
0
0.0418212
0.041867
0.041867
0.041867
0.0424094
0.0424094
0.0424094
0
0.0424094
0.0709773
0.0709773
0.0725476
0.0709773
0.0921551
0.0921551
0
0.0709773
0
0
0
0
0
0
0
0
0
0
0
0
0
0
0
0
0
0
0
0
0
0
0
0
0
0
0
0
0
0
0
0
0.063088
0.063088
0.063088
0
0.063088
0
0.0631194
0.0631194
0.0596816
0.0403979
0.0403979
0
0.0404391
0.040876
0.0398252
0.0398252
0.0398252
0.0398252
0.0398252
0.0398252
0.0398252
0.0398252
0.0398252
0.0398252
0.0398252
0.0398252
0.0398252
0.0398252
0
0
0
0.0398252
0.0398252
0.0398252
0.0398252
0.0398252
0.0398252
0.0398252
0.0398252
0
0.0398252
0.0398252
0.0398252
0.0398252
0.0398252
0.0398252
0.0398252
0.0398252
0.0398252
0.0398252
0.0398252
0.0398252
0.0398252
0.0395981
0.0395981
0.0395981
0.0395981
0.0395981
0.0395981
0
0.0395981
0.0395981
0
0
0
0
0.0395981
0.0395981
0.0395981
0.0395981
0.0395981
0.0395981
0
0.0395981
0.0395981
0.0395981
0.0395981
0.0396994
0.0396994
0.0396994
0.0397072
0.0396994
0.0395981
0.0395981
0.0395981
0.0396292
0.0395981
0
0
0
0
0
0
0
0
0
0
0
0
0
0
0
0
0
0
0
0
0
0
0
0
0
0
0
0
0
0
0
0
0
0
0
0
0
0
0
0
0
0
0
0
0
0
0
0
0
0
0
0
0
0
0
0
0
0
0
0
0
0
0
0
0
0
0
0
0
0
0
0
0.0382569
0.0382569
0.0382569
0.0382569
0.0382569
0.0382569
0.0382569
0.0382569
0.0382569
0.0382569
0.0382569
0.0382569
0.0382569
0.0654771
0
0
0
0
0
0.0391255
0
0.0425147
0
0.0544937
0.0668153
0
0
0.0413803
0.0413803
0.0413803
0.0423999
0
0
0
0
0
0.0398885
0.0424572
0
0.0695048
0.0695048
0.0695048
0.0398252
0.0398252
0.0398252
0.0401205
0
0
0
0
0
0
0
0
0
0
0
0
0
0
0.0993808
0.0389323
0.0381177
0.0389323
0.0389323
0.0389323
0.0389323
0.0389323
0.0389323
0.0404309
0.0397464
0.0389323
0.0389323
0.0389323
0.0381177
0.0381177
0.0381177
0.0381177
0.0381177
0.0381177
0.0381177
0.0398252
0.0398252
0.0398252
0.0398252
0.0398252
0.0398252
0.0398252
0.0381177
0
0.075919
0.0390509
0.038619
0
0
0
0
0.0398173
0.0398173
0.039375
0.0382569
0.0382569
0.0382569
0.0382569
0.0382569
0.0382569
0.0460044
0.0460044
0.0460044
0.0460044
0.0402748
0
0.0384758
0.0384758
0.03849
0.0392534
0.0395285
0.0396682
0
0
0
0.0386478
0.0386478
0.0426111
0.038655
0
0.038655
0.0386478
0
0
0
0
0
0.038278
0.038278
0.0398252
0
0.0392232
0.0392232
0.0392232
0.0392232
0.0392232
0.0392232
0
0
0
0
0.0395904
0.0395904
0
0
0
0
0
0
0
0.0395904
0.0391181
0.0391181
0.0391181
0.0391181
0.0391181
0
0
0
0
0
0.0391705
0.0391705
0.0391705
0.0391705
0.0391705
0.0391705
0
0
0
0
0
0
0
0
0
0
0.0391405
0.0391181
0.0391705
0
0
0.0396059
0.0396059
0.0391181
0.0391181
0.0391181
0.0391181
0.0391181
0
0
0
0
0
0
0
0
0
0
0
0
0
0
0
0
0
0
0.0391181
0
0
0
0
0
0
0
0
0
0.0392006
0.0392006
0.0392006
0.0392006
0.0392006
0
0.0392006
0.0392006
0
0
0.0396059
0
0.0396059
0.0396059
0.0396059
0.0396059
0.0396059
0.0392232
0
0.0392232
0.0392232
0.0392232
0.0392232
0.0392232
0
0
0
0
0
0
0
0
0
0
0
0
0
0
0
0
0
0
0
0
0
0
0
0
0
0
0
0
0
0
0
0
0
0
0.0391181
0.0391181
0
0.0392232
0.0391106
0.0391106
0.0392232
0.0392232
0.0392232
0
0
0.039163
0.039163
0
0.039163
0
0
0
0
0
0
0
0
0
0
0
0
0
0
0
0
0
0
0
0
0
0
0
0
0
0
0
0
0
0
0
0
0
0
0
0
0
0
0
0
0
0.0383201
0.0383201
0.037709
0.037709
0.037709
0.037709
0.037709
0.037709
0.037709
0.037709
0.037709
0.037709
0.037709
0.037709
0.037709
0.037709
0.037709
0.037709
0.037709
0.037709
0.037709
0.037709
0.037709
0.037709
0.037709
0.037709
0
0
0
0.037709
0.037709
0.037709
0.037709
0.037709
0.037709
0.037709
0.037709
0.037709
0.0377157
0.0377157
0.0377157
0.0377157
0.0377157
0.0377157
0.0377157
0.0377157
0.0383201
0
0
0
0.0377157
0.0413626
0
0
0
0
0.0377157
0
0.0377157
0
0.0377157
0.0377157
0.0377157
0.0377157
0.0377157
0.0419406
0.0377157
0.0377157
0
0
0.0397464
0.0397464
0.0397464
0.0397464
0.0397464
0.0397464
0
0
0.0395981
0.0395981
0.0395981
0.0395981
0.0395981
0.0395981
0
0
0
0
0
0.0396137
0.0395981
0.0395981
0.0395981
0.0395981
0.0395981
0
0
0.0395981
0.0395981
0.0395981
0.0395981
0.0395981
0.0395981
0.0395981
0
0.0395981
0
0.0395981
0
0.0395981
0.0395981
0
0.0395981
0.0395981
0
0
0
0.0395981
0.0395981
0.0395981
0.0395981
0.0395981
0.0395981
0.0395981
0.0395981
0.0395981
0.0395981
0.0395981
0.0395981
0.0395981
0.0395981
0.0395981
0
0.0395981
0.0395981
0.0395981
0.0395981
0.0395981
0
0.0395981
0.0395981
0
0
0
0
0
0
0
0
0
0
0
0
0
0
0
0
0
0
0
0
0
0
0
0
0
0
0
0
0
0
0
0
0
0
0
0
0
0
0
0
0
0
0
0
0
0
0
0
0
0
0
0
0
0
0
0
0
0
0
0
0
0
0
0
0
0
0
0
0
0
0
0
0
0
0
0
0
0
0
0
0
0
0
0
0
0
0
0
0
0
0
0
0
0
0
0
0
0
0
0
0
0
0
0
0
0
0
0
0
0
0
0
0
0
0
0
0
0
0
0
0
0
0
0
0
0
0
0
0
0
0
0
0
0
0
0
0
0
0
0
0
0
0
0
0
0
0
0
0
0
0
0
0
0
0.0380556
0.0392534
0
0
0
0
0
0
0
0
0
0.0382709
0
0
0
0
0
0
0
0
0
0
0
0
0
0
0
0
0
0
0
0
0
0
0
0
0
0
0
0
0
0
0
0
0
0
0
0
0
0
0
0
0
0
0
0
0
0
0
0
0
0
0
0
0
0
0
0
0.0380693
0.0380693
0.0380693
0
0
0
0
0
0
0
0
0
0
0
0
0
0
0
0
0
0
0
0
0
0
0
0
0
0
0
0
0
0
0
0
0.0398094
0.0398094
0.0398094
0
0
0
0
0
0
0
0
0
0
0
0
0
0
0
0
0
0
0
0
0
0
0
0
0
0
0
0
0
0
0
0
0
0
0
0
0
0
0
0
0
0
0
0
0
0
0
0
0
0
0
0
0
0
0
0
0
0
0
0
0
0
0
0
0
0
0
0
0
0
0
0
0
0
0
0
0
0
0
0
0
0
0
0
0
0
0
0
0
0
0
0
0
0
0
0
0
0
0
0
0
0
0
0
0
0
0
0
0
0
0
0
0
0
0
0
0
0
0
0
0
0
0
0
0
0
0
0
0
0
0
0
0
0
0.0378709
0
0
0
0
0
0
0
0
0
0
0
0
0
0
0
0
0
0
0
0
0
0
0
0
0
0
0
0
0
0
0
0
0
0
0
0
0
0
0
0
0
0
0
0
0
0.0378709
0.0378709
0.0378709
0
0
0
0
0
0
0
0.037709
0.037709
0
0
0
0
0
0
0.0377291
0.0377291
0.0377291
0.0378709
0
0
0
0
0.0378709
0.0378709
0.0378709
0
0
0.0396838
0.0396838
0
0
0
0.0378709
0.0378709
0
0.037709
0.0582469
0.0582469
0.0582469
0.0582469
0
0.0582469
0.0599491
0.0582469
0
0
0
0
0
0
0
0.0383765
0
0.0378709
0
0
0
0
0
0
0
0
0
0
0
0
0
0
0
0
0
0
0
0
0
0
0
0
0
0
0
0
0
0
0
0
0
0.0487081
0
0
0
0
0
0
0
0
0
0
0
0
0
0
0
0
0
0
0
0
0
0
0
0
0
0
0
0
0
0
0
0
0
0
0
0
0
0
0
0
0
0
0
0
0
0
0
0
0
0
0
0
0
0
0
0
0
0
0
0
0
0
0
0
0
0
0
0
0
0
0
0
0
0
0
0
0
0
0
0
0
0
0
0
0
0
0
0
0
0
0
0.0377224
0.0377224
0.0377224
0.0377224
0
0
0
0
0.037709
0.037709
0.0392383
0.0392383
0.0392383
0.039676
0.0392383
0.0392383
0.0392383
0.0392383
0.0392383
0.0392383
0.039676
0.039676
0.039676
0.039676
0.039676
0.039676
0.039676
0
0.039676
0.039676
0.0428353
0.0428353
0.0428353
0.039676
0.039676
0.0392383
0.0392383
0.0392383
0.0392383
0.0479463
0.0479463
0.0479463
0.0479463
0.0479463
0.0479463
0.0479463
0.0413449
0
0.0413449
0.0413449
0
0.0413449
0.0413449
0
0
0
0
0
0
0
0.0392383
0.0392383
0.0392383
0.0392383
0.0392383
0.0392383
0.0392383
0.0392383
0.0392383
0.0392383
0.039637
0.039637
0.039637
0.039637
0
0.039637
0.039637
0
0
0
0
0
0
0
0
0
0
0
0
0
0
0
0
0
0
0
0
0
0
0
0
0
0
0
0
0
0
0
0.0398252
0.0398252
0.0398252
0.0398252
0.0398252
0.0398252
0.0398252
0
0.0398252
0.0398252
0.0398252
0
0
0
0
0
0
0
0
0
0.037709
0.037709
0.037709
0.037709
0.037709
0.037709
0.037709
0.037709
0.037709
0.037709
0.037709
0.037709
0.037709
0.037709
0.037709
0
0
0
0
0
0
0
0
0
0
0
0
0
0
0
0
0
0
0
0
0
0
0
0
0
0
0
0
0
0
0
0
0
0
0
0
0
0
0
0
0
0
0
0
0
0
0
0
0
0
0
0
0
0
0
0.0398252
0.0398252
0.0398252
0.0398252
0.0398252
0.0398252
0.0398252
0.0398252
0.0398252
0
0
0
0
0
0
0
0.0972433
0.10993
0.10993
0.111283
0.111283
0
0.111283
0
0
0
0
0
0
0
0
0
0
0
0
0
0
0.101274
0.111283
0.111283
0
0
0
0
0
0
0
0.101274
0
0
0
0
0
0
0
0
0
0
0
0
0
0
0
0
0
0
0
0
0
0.0398252
0.0398252
0.0398252
0.0398252
0.0398252
0.0398252
0.0398252
0.0922531
0.0922531
0
0
0
0
0
0
0
0
0
0
0
0
0
0
0
0
0
0
0
0
0
0.0954548
0
0
0
0
0
0
0
0
0
0
0
0
0
0
0
0
0
0
0.124757
0
0
0
0
0
0
0
0
0
0
0
0
0
0
0
0
0
0
0
0
0
0
0
0
0
0
0
0
0
0
0
0
0
0
0
0
0
0
0
0
0
0
0
0
0
0
0
0
0
0
0
0
0
0
0
0
0
0
0
0
0
0
0
0
0
0
0
0
0
0
0
0.124757
0.124757
0.125988
0.125988
0.125988
0.125988
0
0
0
0
0
0
0
0
0
0
0
0
0
0
0
0
0
0
0
0
0
0
0
0
0
0
0
0
0
0
0
0
0
0
0
0
0
0
0
0
0.0398173
0.0398173
0
0.0398173
0
0
0.037709
0.037709
0.037709
0.037709
0.037709
0
0
0
0
0.0395981
0.0395981
0.0395981
0.0395981
0.0395981
0.0395981
0.0395981
0
0
0
0
0
0
0
0
0.0395981
0.0395981
0
0
0.0395981
0.0395981
0.0395981
0
0
0
0
0
0
0
0
0
0
0
0
0
0
0
0
0
0
0
0
0
0
0
0
0
0
0
0
0
0
0
0
0
0
0
0
0
0
0
0
0
0.0395981
0
0
0
0
0
0
0
0
0
0
0
0
0
0
0
0
0
0
0
0
0
0
0
0
0
0
0
0
0
0
0
0
0
0
0
0
0
0
0
0
0
0
0
0
0
0
0
0.037709
0.037709
0.037709
0.037709
0.037709
0.037709
0
0
0
0
0
0
0
0
0
0
0
0
0
0
0
0
0
0
0
0
0
0
0
0
0
0
0
0
0
0
0
0
0
0
0
0
0
0
0
0
0
0
0
0
0
0
0
0
0
0
0
0
0
0
0
0
0
0
0
0
0
0
0
0
0
0
0
0
0
0
0
0
0
0
0
0
0
0
0
0
0
0
0
0
0
0
0
0
0
0
0
0
0
0
0.0397151
0
0
0
0
0
0
0
0
0
0
0
0
0
0
0
0
0
0
0
0
0
0
0
0
0
0
0.037709
0.037709
0.037709
0
0
0
0
0
0
0
0
0
0
0
0
0
0
0
0
0
0
0
0
0
0
0
0
0
0
0
0.0398331
0.0398331
0
0.0421918
0
0
0
0
0
0
0
0
0
0
0
0
0
0
0
0
0
0
0
0
0
0
0
0
0
0.0883022
0.0883022
0.0883022
0.0883022
0.0883022
0
0
0
0
0
0
0.0543727
0.0543727
0.0543727
0.0543727
0.0543727
0.0543727
0.0543727
0.0543727
0.0543727
0.0543727
0.0611418
0.0611418
0
0
0
0.0611418
0
0.0549028
0
0
0
0
0.285714
0.0599491
0
0
0.0581976
0
0
0
0
0
0
0
0
0
0
0
0
0
0
0
0
0
0
0
0
0
0
0
0
0
0.0398252
0.0398252
0.0398094
0.0398094
0.0398094
0.0398094
0.0398094
0.0398094
0.0398094
0.0398094
0.0398094
0.0398094
0.037709
0.037709
0.037709
0.037709
0.037709
0.037709
0.037709
0.037709
0.0398252
0.0398252
0.0398252
0.0398252
0.0398252
0.0398252
0.0398252
0.0398252
0.0398252
0.0404309
0.0404309
0.0404309
0.0404309
0.0398252
0.0398252
0.0398252
0.044205
0.044205
0.044205
0.044205
0.044205
0
0.044205
0.0398252
0.0398252
0.0398252
0
0
0
0
0
0
0
0
0
0
0
0
0
0
0
0
0
0
0
0
0
0
0
0
0.0398094
0.0398094
0.0398094
0.0398094
0.0398094
0.0398094
0.0398094
0.0398094
0.0398094
0.0398094
0.0398094
0.0398094
0.0398094
0.0398094
0.0398094
0.0398094
0.0398094
0.0398094
0.0398094
0.0398094
0.0398094
0.0398094
0.0398094
0.0398094
0.0398094
0.0398094
0.0398094
0.0398094
0.0401853
0.0403403
0
0.0404309
0.0398252
0
0
0
0
0
0
0
0
0
0
0
0
0
0
0
0
0
0
0
0
0
0
0
0
0
0.0377157
0.0377157
0.0377157
0.0377157
0.0377157
0.0377157
0.0544937
0.0544937
0.0598953
0.0598953
0.0598953
0.0598953
0.0598953
0.0863064
0.0598953
0.0600571
0.0598953
0
0
0
0.0598953
0.0953463
0
0
0
0
0
0
0.0598953
0.0545748
0.0377157
0.037709
0.037709
0.0378438
0.0419314
0.0419314
0.0377023
0.0377023
0.0377023
0.0377023
0.0377157
0.037709
0.037709
0.037709
0.037709
0.037709
0.037709
0
0
0
0
0
0
0.037709
0.037709
0.037709
0.037709
0.037709
0.037709
0.037709
0.037709
0
0
0
0.0549028
0.0378506
0
0
0
0
0
0.0377157
0
0.0377157
0.0377157
0.0377157
0.0377157
0.0377157
0.0377157
0
0
0
0
0
0
0
0
0
0
0
0
0
0
0
0.0377023
0
0
0
0
0
0
0
0
0
0
0
0
0
0
0
0
0
0
0
0
0
0
0
0
0
0
0.0398252
0
0
0
0
0
0
0
0.0377023
0
0.0377023
0.0377023
0.0377023
0.0377023
0.0377023
0.0377023
0
0.0377023
0
0.0377023
0
0.0599491
0.0599491
0.0599491
0.0599491
0.0377157
0.0377157
0.0377157
0.0377157
0.0377157
0.0377157
0.0599491
0.0599491
0
0.0625
0.0625
0.0599491
0
0
0
0
0
0.0378709
0
0.0380556
0.0392534
0
0
0
0.0379663
0.0379663
0.0603023
0.0603847
0.0603023
0.0379663
0.0398094
0.0398094
0.0398094
0.0398094
0.0398094
0
0
0
0
0.040996
0.040996
0.0427471
0.0426208
0.0398094
0.0403157
0.0413361
0.0425339
0
0.0426887
0
0.0403157
0.0397936
0.0397936
0.0378235
0.0378235
0.0378235
0.0378235
0.0378235
0.0378235
0
0.0378235
0.0378235
0.0378235
0.0378235
0
0
0
0
0
0
0
0
0
0
0
0
0
0
0
0
0
0.0378709
0
0
0.0378235
0.0378235
0
0.0378235
0.0378235
0
0
0.0378235
0.0393521
0.0378709
0.0378709
0
0
0
0
0
0
0
0
0
0
0
0
0
0
0
0
0
0
0
0
0
0
0
0
0
0
0
0
0
0
0
0
0
0
0
0
0
0
0
0
0
0
0
0
0
0
0
0
0
0
0
0
0
0
0.0378235
0
0
0
0
0
0.0378235
0.0378235
0.0378235
0.0378235
0.0378235
0
0
0
0
0
0
0.0378235
0
0
0
0
0
0
0
0
0
0
0
0
0.0398252
0.0398252
0.0398252
0.0398252
0.0398252
0.0398252
0.0398252
0.0398252
0.0398252
0.0400561
0.0400561
0.0398252
0.0400561
0.0400561
0.0398252
0.0398252
0.0398252
0.0398252
0.0398252
0.0398252
0.0398252
0.0399043
0.0399043
0.0398252
0.0398252
0.0398252
0.0398252
0.0398252
0.0398252
0.0424859
0.0398252
0.0398252
0.0398252
0.0398252
0.0398252
0
0
0
0.0404309
0.044205
0.0404309
0.0421918
0.0418212
0.0418212
0.0426208
0
0
0.0495074
0.0495074
0.041867
0.0450949
0.0398252
0
0
0
0
0.0398252
0.0398252
0
0
0
0
0.0414424
0.0415945
0.0657952
0.0657952
0
0
0
0
0.0768095
0.0768095
0
0
0
0.0772667
0.0398252
0.0768095
0.0768095
0.0768095
0
0
0
0
0
0
0
0
0
0
0
0.0768095
0.0768095
0.0768095
0.0768095
0.0768095
0
0
0.0768095
0.0836974
0.0768095
0.0768095
0.0768095
0.0768095
0.11931
0.11931
0.11931
0.11931
0.11931
0.11931
0.11931
0.125
0.125
0.125
0
0.11931
0
0
0.11931
0.0768095
0.0413449
0.0413449
0.0413449
0.0444116
0.0451409
0
0
0
0.0413449
0.040024
0.040024
0.040024
0
0
0
0
0.0495074
0.0495074
0.0495074
0
0
0
0
0
0.0496292
0.0496292
0.0495074
0.0404309
0.0404309
0.0404309
0.0404309
0.0404309
0.0404309
0.0404309
0.0424859
0.0404309
0.0495074
0.0495074
0.0495074
0.0653023
0.0495074
0.0495074
0.0431231
0.0440119
0
0
0
0.0403403
0.0403403
0
0
0
0
0
0
0
0.0403403
0.0403403
0.0403403
0.0403403
0.0403403
0.0403403
0.0403403
0
0
0
0
0
0.0403403
0.0403567
0.0403567
0.0403567
0.0403567
0.0403567
0.0403567
0.0432945
0.0432945
0.0434885
0.0432945
0.0433148
0.0403567
0.0403567
0.0443025
0.0403567
0.0403567
0.0403567
0.0444554
0.0444554
0.0403979
0
0
0.0403567
0.0403979
0.0403567
0.0403403
0.0443025
0.0443025
0.0471405
0
0
0
0
0
0
0
0
0
0
0
0
0
0
0
0
0
0
0
0
0
0
0
0
0
0
0
0
0
0
0.040283
0.040283
0.0402666
0.0402666
0.040283
0.0427081
0.0402666
0.0402666
0.0402503
0.0402503
0.0402503
0.0402503
0.0402503
0
0
0
0.0402503
0.0402503
0.0402503
0.0402503
0.0458831
0.0458831
0.0458831
0.0402585
0.0408333
0.0402585
0.0402585
0
0
0
0
0.0402503
0.0402503
0.0410564
0.0426014
0.0426014
0.0426014
0.0426014
0.0426014
0.0426014
0.0462869
0.0426014
0.0426014
0
0.0402503
0.0407231
0.0407231
0
0.0413449
0.0402503
0
0
0
0
0.0402503
0
0
0
0
0
0
0
0
0.0406978
0.0451409
0.0409016
0.0431834
0.0550482
0
0
0
0
0
0
0
0
0
0
0
0
0
0
0
0
0
0.0559235
0
0
0
0
0
0
0
0
0
0
0
0
0
0
0
0
0
0
0
0
0
0
0
0
0
0
0
0
0
0
0
0
0
0
0
0
0
0
0
0
0
0
0
0
0
0
0
0
0
0
0
0
0.0421731
0.0421731
0.0421731
0.0421731
0.0421731
0.0421731
0.0421731
0.0986527
0.0421731
0
0
0
0
0
0
0
0
0
0.0421731
0
0
0
0.0424285
0.0424285
0.0430033
0.0430033
0.0440012
0.0440012
0.0440546
0.0430033
0.0430033
0
0
0
0
0
0
0
0.0424285
0.0424285
0
0.0424285
0.0424285
0.0438634
0.0424285
0
0
0
0
0.0424285
0.0427179
0.0427179
0.042855
0.042855
0
0.0398252
0
0
0
0
0
0
0
0
0
0
0
0
0
0
0
0.0398252
0.0403567
0.0403567
0.0403567
0.0403567
0.0403567
0.0403567
0.0403567
0.0403567
0.0403567
0.0403567
0.0403567
0.0403567
0.0403567
0.0403567
0.0403567
0.0403567
0.0403567
0.0403567
0.0403567
0.0403567
0.0403567
0.037709
0.037709
0.037709
0.037709
0.037709
0.037709
0.037709
0.037709
0.037709
0.037709
0.037709
0.0403567
0.0404474
0.0403567
0.0403567
0.0403567
0.0471274
0.0471274
0.0471274
0
0
0
0.0471536
0.0471536
0.0471536
0.0471536
0.0471536
0.0471536
0.0474445
0.0474445
0.0474445
0.0474445
0.0474445
0
0
0.0474445
0
0.0471536
0
0.0471536
0.0471274
0.0403567
0.0449921
0.0449921
0.0403567
0
0.0403567
0.0403567
0.0415227
0.0415227
0.0415227
0
0
0
0
0
0
0.0415227
0.0425918
0.0425918
0
0
0
0
0.0435917
0
0.0415227
0
0
0
0
0
0
0.0403567
0.0444335
0.0444335
0.0444335
0.0444335
0.0444335
0.0444335
0.0403567
0.0403567
0
0.0403567
0
0
0.0403567
0
0
0
0
0
0.0403567
0
0
0
0.0403567
0.0403567
0.0471274
0.0403567
0.0403567
0.0403567
0.0403567
0.0403567
0.0403567
0.0437479
0.0437479
0.0437479
0.0437479
0.0437479
0.0437479
0.0447325
0.102463
0
0
0
0.104828
0.0437479
0
0
0
0.0437479
0.0437479
0.0474179
0.0437479
0.0403567
0.0404226
0
0
0.0403567
0
0.0403567
0
0
0.0403567
0.0403567
0.0437479
0.046778
0.0438318
0.0438318
0.0437479
0.046855
0.0437898
0.0437898
0.0403567
0.0415227
0.0415227
0.0403567
0.0437479
0.0437479
0.0459315
0
0
0.0438634
0.0466252
0
0
0.0440439
0
0
0
0
0.0437479
0.0403567
0
0
0.0403567
0.0442374
0.0403567
0
0.0403567
0.0427179
0.0412568
0
0
0
0
0.0414069
0.0414069
0.0403567
0.0425918
0.0403567
0
0.0403567
0.0403567
0.0404226
0
0.0404226
0.0427179
0.0427179
0.0427179
0.0462621
0.0462621
0.0462621
0.0462621
0.0462621
0.0462621
0
0.0462621
0.0428353
0.0428353
0.0428845
0.0428353
0
0
0
0
0.0438213
0.0427081
0.0427081
0
0
0
0
0.0432035
0
0
0
0
0
0
0
0
0
0
0
0
0
0.0397151
0.0397151
0.0397151
0.0397151
0.0397151
0.0397151
0.0397151
0
0
0
0
0
0
0
0
0
0
0
0
0
0
0
0
0
0
0
0
0
0
0
0
0
0
0
0
0
0
0
0
0
0
0
0
0
0
0
0
0
0
0
0
0.037709
0
0
0
0
0
0
0
0
0
0
0
0
0
0.0377023
0.0377023
0.0377023
0.0377023
0.0377023
0.037709
0.037709
0.037709
0.037709
0.037709
0.037709
0.037709
0.037709
0.037709
0.037709
0.037709
0.037709
0.037709
0.037709
0.037709
0.037709
0.037709
0.037709
0.037709
0.037709
0.037709
0.037709
0.037709
0.037709
0.037709
0.037709
0.037709
0.037709
0.037709
0.037709
0.037709
0.037709
0.037709
0.037709
0.037709
0.037709
0.037709
0.037709
0.037709
0.037709
0.037709
0.037709
0.037709
0.037709
0.037709
0.037709
0.037709
0.037709
0.037709
0.037709
0.037709
0.037709
0.037709
0.037709
0.037709
0.037709
0.037709
0.037709
0.037709
0.037709
0.037709
0.037709
0.037709
0.037709
0.037709
0.037709
0.037709
0.037709
0.037709
0.037709
0.037709
0.037709
0.037709
0.037709
0.037709
0.037709
0.037709
0.037709
0.037709
0.037709
0.037709
0.037709
0.037709
0.037709
0.037709
0.037709
0.037709
0.037709
0.037709
0.037709
0.037709
0.037709
0.037709
0.037709
0.037709
0.037709
0.037709
0.037709
0.037709
0.037709
0.037709
0.037709
0.037709
0.037709
0.037709
0.037709
0.037709
0.037709
0.037709
0.037709
0.037709
0.037709
0.037709
0.037709
0.037709
0.037709
0.037709
0.037709
0.037709
0.037709
0.037709
0.037709
0.037709
0.037709
0.037709
0.037709
0.037709
0.037709
0.037709
0.037709
0.037709
0.037709
0.037709
0.037709
0.037709
0.037709
0.037709
0.037709
0
0
0
0
0
0
0
0
0
0
0
0
0
0
0
0
0
0
0
0
0
0
0
0
0
0
0
0
0
0
0
0
0
0
0
0
0
0
0
0
0
0
0
0
0
0
0
0
0
0
0
0
0
0
0
0
0
0
0
0
0
0
0
0
0
0
0
0
0
0
0
0
0
0
0
0
0
0
0
0
0
0
0.0377157
0
0.0379049
0.0379049
0.0377157
0
0
0
0
0.0379049
0.0379049
0
0
0
0
0
0
0
0
0
0
0
0
0
0
0
0
0
0
0
0
0
0
0
0
0
0
0
0
0
0
0
0
0
0
0
0
0
0
0
0
0
0
0
0
0
0
0
0
0
0
0
0
0
0
0
0
0
0
0
0
0
0
0
0
0
0
0.0377157
0
0
0
0
0
0
0
0
0
0
0
0.0395671
0.0395671
0.0377291
0
0
0
0
0
0
0
0
0
0
0
0
0
0
0
0
0
0
0
0
0
0
0
0.0393141
0.0393141
0.0393141
0.0377157
0
0
0
0
0
0
0
0
0
0
0
0
0
0
0
0
0
0
0
0
0
0
0
0
0
0
0
0
0
0
0
0
0
0
0
0
0
0
0
0
0
0
0
0
0
0
0
0
0
0
0
0
0
0
0
0
0
0
0
0
0
0
0
0
0
0
0
0
0
0
0
0
0
0
0
0
0
0
0
0
0
0
0
0
0
0
0
0
0
0
0
0
0
0
0
0
0
0
0
0
0
0
0
0
0
0
0
0
0
0
0
0
0
0
0
0
0
0
0
0
0
0
0
0
0
0
0
0
0
0
0
0
0
0
0
0
0
0
0
0
0
0
0
0
0
0
0
0
0
0
0
0
0
0
0
0
0
0
0
0
0
0
0
0
0
0
0
0
0
0
0
0
0
0
0
0
0
0
0
0
0
0
0
0
0
0
0
0
0
0
0
0
0
0
0
0
0
0
0
0
0
0
0
0
0
0
0
0
0
0
0
0
0
0
0
0
0
0
0
0
0
0
0
0
0
0
0.037709
0.037709
0.037709
0
0
0.0377023
0.0377023
0.0377023
0.0377023
0
0
0.037709
0.037709
0.037709
0.037709
0
0
0
0
0
0
0
0
0
0
0.037709
0.037709
0.037709
0.037709
0.037709
0.037709
0.037709
0.037709
0.037709
0
0
0
0
0
0
0
0
0
0
0
0
0
0
0
0
0
0
0
0
0
0
0
0
0
0
0
0
0
0
0
0
0
0
0
0
0
0
0
0
0
0
0
0
0
0
0
0
0
0
0
0
0
0
0
0
0
0
0
0
0
0
0
0
0
0
0
0
0
0
0
0
0
0
0
0
0
0
0
0
0
0
0
0
0
0
0
0
0
0
0
0
0
0
0
0
0
0
0
0
0
0
0
0
0
0
0
0
0
0
0
0
0
0
0
0
0
0
0
0
0
0
0
0
0
0
0
0
0
0
0
0
0
0
0
0
0
0
0
0
0
0
0
0
0
0
0
0
0
0
0
0
0
0
0
0
0
0
0
0
0
0
0
0
0
0
0
0
0
0
0
0
0
0
0
0
0
0
0
0
0
0
0
0
0
0
0
0
0
0
0
0
0
0
0
0
0
0
0
0
0
0
0
0
0
0
0
0
0
0
0
0
0
0
0
0
0
0
0
0
0
0
0
0
0
0.0387783
0.0387783
0
0
0
0
0
0
0
0
0
0
0
0
0
0
0
0
0
0
0
0
0
0
0
0
0
0
0
0
0
0
0
0
0
0.0404805
0.0404805
0.0404805
0.0404805
0
0
0
0
0
0
0
0.0404805
0.0404805
0.0404805
0.0404805
0.0803219
0.0404805
0
0
0
0
0
0
0
0
0.0404805
0.0404805
0.0404805
0.0404805
0.0404805
0.0404805
0.0404805
0.0404888
0.0404888
0.0404805
0.0404805
0.0404805
0.0404805
0.0404805
0.0404805
0.0404805
0.0404805
0.0404805
0.0404805
0.0404805
0.0404805
0.0404805
0.0404805
0
0
0.0404805
0.0404805
0.0404805
0.0404805
0.0414513
0.0414513
0.0414513
0.0414513
0.0425436
0.0425436
0.0414513
0.0414513
0.0414513
0.0414513
0
0
0
0
0
0.0414513
0.0415227
0
0.0415227
0.0417029
0.0416396
0.0416396
0.0416576
0.0416396
0.0416396
0
0.0416396
0.0620472
0.0425147
0.0425147
0.0499844
0.0425725
0.0425725
0.042679
0.0427667
0.0427667
0.0428845
0.0427667
0.0442158
0.0442158
0.0442158
0.0442158
0.0442374
0.0442158
0.0442158
0.0442158
0.0414513
0.0420983
0.0421076
0.0431733
0.0433657
0.0433657
0.0433657
0
0
0.0434167
0.0439057
0.0421076
0.0415138
0.0415138
0.0415138
0.0415138
0.0415138
0.0415138
0.0415138
0.0415138
0.0415138
0.0415138
0.0415138
0.0415138
0.0415138
0.0415138
0.0415138
0.0415138
0.0415138
0.0547176
0.0547176
0
0
0.037709
0.037709
0.037709
0.037709
0.037709
0.037709
0.037709
0.037709
0.037709
0.037709
0.037709
0.037709
0.037709
0.037709
0.037709
0.037709
0.037709
0.037709
0.037709
0.037709
0.037709
0.037709
0.037709
0.037709
0.037709
0.037709
0.037709
0.037709
0.037709
0.037709
0.037709
0
0
0.0415138
0.0415138
0.0415138
0.0415138
0.0415138
0.0415138
0.0426111
0.0415138
0.0415138
0.0424094
0.0424094
0.0424094
0.0424094
0.0424094
0.0424094
0.0424094
0.0424094
0.0424094
0.0424094
0.0415138
0.0415138
0.0415138
0.0415138
0.0415138
0.0426111
0.0415138
0.0415138
0.0415138
0.0416035
0.0416035
0
0
0
0.0416035
0.0415138
0
0
0
0.0415138
0.0415138
0.0419038
0.0419038
0.0419038
0
0.0415138
0.0415138
0.0415138
0.0415855
0.0415855
0.0419038
0
0.0419038
0.0419038
0
0
0
0
0
0
0
0
0.0685591
0.0685591
0.0425821
0.0426208
0.131024
0.131024
0
0
0
0
0
0.0427374
0.0427374
0.0427374
0
0
0
0.0520579
0.0520579
0.0520579
0
0
0
0
0
0
0.0738717
0.0738717
0.0738717
0
0
0
0
0
0
0
0
0
0
0
0
0
0
0
0
0
0
0
0
0
0
0
0
0
0
0
0
0
0
0
0
0
0
0
0
0
0
0
0
0
0
0
0
0
0
0
0
0
0
0
0
0
0
0
0
0
0
0
0
0
0
0
0
0
0
0
0
0
0.0429438
0.0429438
0.0429438
0
0
0
0
0
0
0
0
0
0
0
0
0
0
0.0419038
0.0419038
0.0416035
0.0416035
0.139686
0.139686
0.0725476
0.0727393
0
0
0
0.0725476
0.0811775
0.127515
0.127515
0
0
0.0415138
0.0415138
0.0417756
0.0415138
0.0415138
0.0417756
0.0417756
0
0.0417756
0.0917663
0
0.0917663
0.0417756
0.0417756
0.0429438
0.0429438
0.0429438
0.0429438
0.0430331
0.0430331
0.0430331
0.0430331
0.0437898
0.0437898
0
0.0430331
0
0
0.0430531
0.0430531
0
0
0
0
0
0
0.0430531
0.0438108
0.0438108
0.0438108
0.0442699
0.0442699
0.0442699
0.0442699
0.0443025
0.0442699
0.0796187
0.0796187
0.0799361
0
0.0799361
0
0.163846
0.163846
0.163846
0.166091
0.232495
0
0
0
0
0
0
0
0.127515
0
0
0.137361
0.137361
0.137361
0
0.137361
0.137361
0.137361
0.137361
0
0.137361
0.137361
0.140372
0
0.137361
0.137361
0.137361
0.138343
0.138343
0
0.138343
0
0
0
0
0
0
0.0443025
0
0.0443242
0.0443242
0.0443242
0.0443242
0
0
0
0.0443242
0.0443242
0.0443242
0.044346
0
0
0
0
0
0
0
0
0
0.0443242
0.0443678
0
0
0
0
0
0
0
0
0
0
0
0
0
0
0
0
0
0
0
0
0.0443025
0.0443025
0.0443025
0.0443025
0.0443242
0.0443025
0
0.0443242
0.0443242
0
0.0443242
0.0443242
0
0
0
0
0
0
0
0
0
0
0.0415855
0.0415855
0.041712
0.0419683
0.0419683
0.1066
0.1066
0.1066
0.134535
0.134535
0.135769
0.0419683
0.0419683
0.0427374
0.0430331
0.0430033
0.0430033
0.0430033
0.0430033
0
0
0.0430033
0.0430033
0.0430033
0.0430033
0.0430033
0
0
0
0
0
0
0
0
0.0430033
0
0
0
0
0
0
0
0
0
0
0
0
0
0
0
0
0
0.0520579
0.0520579
0.0520579
0.0520579
0.0520579
0
0
0
0
0
0
0
0
0
0
0.0520579
0.0520579
0
0
0
0
0
0
0
0
0
0
0
0
0
0
0
0
0
0
0
0
0
0
0
0
0.0419038
0.0419038
0.0419038
0.0432742
0.0432742
0
0.0432742
0
0
0
0
0
0
0
0
0
0
0
0.0432742
0.0432742
0
0
0
0
0
0
0
0
0
0
0
0
0
0
0.0419038
0
0
0
0
0
0
0
0
0
0
0
0
0
0
0
0
0
0
0
0
0
0
0
0
0
0
0
0
0
0
0
0
0
0
0
0
0
0
0
0.0738717
0.0738717
0
0.0738717
0.0738717
0.0738717
0.0738717
0.0738717
0
0.0738717
0.0738717
0
0
0.075271
0.0738717
0.0738717
0
0
0
0
0
0
0
0
0
0
0
0
0
0
0
0
0
0
0
0.0424859
0.0425051
0
0
0
0
0
0
0
0.0418762
0.0418762
0.136083
0.0418762
0.0426498
0.0426498
0.0421263
0.0421263
0.041721
0.041721
0.041721
0.0458349
0.0460776
0.0460776
0.0460776
0.0458349
0
0
0.041721
0.0827606
0.041721
0
0
0
0
0.041803
0
0
0
0
0
0
0
0
0
0
0
0
0
0.0398252
0.0398252
0.0398252
0.0398252
0.0398252
0.0398252
0
0
0.0398252
0.042419
0.042419
0.042419
0.0413714
0.0413803
0
0
0
0
0
0
0
0
0
0
0
0.0404309
0.0404309
0.0404309
0.0404309
0.0404309
0.0404309
0.0404309
0.0404309
0
0
0
0
0.0404309
0.0404309
0.0404309
0.0404309
0.0404309
0.0404309
0.0404309
0.0404309
0.0404309
0.0404309
0.0424955
0.0424955
0
0.0404309
0.0404309
0.0404309
0.0404309
0.0404309
0.0404309
0.0404309
0.0404309
0.0404309
0.0404309
0.0438424
0.0438424
0.0438424
0
0.0438424
0.0404309
0.0404309
0.0404309
0.0404309
0.0404309
0.0404474
0.040681
0.0405804
0.0747958
0.0747958
0.0404309
0
0
0
0
0.0400561
0.0400561
0.0400561
0.0400561
0.0400561
0.0400561
0.0400561
0.0400561
0.0400561
0
0
0
0
0
0
0
0
0
0
0
0
0
0
0
0
0
0
0
0
0
0
0
0
0
0
0
0
0
0
0
0
0
0
0
0
0
0
0
0
0
0
0
0
0
0
0
0
0
0
0
0
0
0
0
0
0
0
0
0
0
0
0
0
0
0
0
0
0
0
0
0
0
0
0
0
0
0
0
0
0
0
0
0
0
0
0
0.0398252
0
0
0
0
0
0
0
0
0
0
0
0
0
0
0
0
0
0
0
0
0
0
0
0
0
0
0
0
0
0
0
0
0
0
0
0
0
0
0
0
0
0
0
0
0
0
0
0
0
0
0
0
0
0
0
0
0
0
0
0
0
0
0
0
0
0
0
0
0
0
0
0
0.037709
0
0
0
0.0376822
0
0.0376822
0.0376822
0.0376822
0.0376822
0
0
0
0.0378709
0.0378709
0.0378709
0.0378709
0.0721688
0.0378709
0.0378709
0
0
0.0384687
0.0384687
0.0378709
0.0721688
0.0721688
0.0721688
0.11341
0.11341
0.0721688
0
0
0
0
0
0
0
0.0384687
0.0384687
0
0
0
0.0384687
0.11341
0.11341
0
0.11341
0.0384687
0.0384687
0.0384687
0.0384687
0.0425436
0.0425436
0.0425436
0.0450377
0.0425436
0.0456792
0.0425436
0.0384687
0.0378709
0.0378709
0.0378709
0.0378709
0.0378709
0.0378709
0
0
0
0.0378709
0
0.0378709
0
0.0378709
0.0378709
0.0378709
0
0
0
0
0
0
0
0
0
0
0
0
0
0
0
0
0
0
0
0
0
0
0
0
0
0
0
0.0377023
0.0377023
0
0
0
0
0
0
0
0
0
0
0
0
0
0
0
0
0
0
0
0
0
0
0
0
0
0.0398252
0
0
0
0
0
0
0
0
0
0
0
0
0
0
0
0
0
0
0
0
0
0
0
0
0
0
0
0
0
0
0.0396292
0.0398252
0.0398252
0.0398252
0.0398252
0.063693
0.063693
0
0
0
0
0
0
0
0.037709
0
0
0
0
0
0
0
0
0
0
0
0
0
0
0
0
0
0
0
0
0
0
0
0
0
0
0
0
0
0
0
0
0
0
0
0
0
0
0
0
0
0
0
0
0
0
0
0
0
0
0
0
0
0
0
0
0
0
0
0
0
0
0
0
0
0
0
0
0
0
0
0
0
0
0
0
0
0
0
0
0
0
0
0
0
0
0
0
0
0
0
0
0
0
0
0
0
0
0
0
0
0
0
0
0
0
0
0
0
0
0
0
0
0
0
0
0
0
0
0
0
0
0
0
0
0
0
0
0
0
0
0
0
0
0
0
0
0
0
0
0
0
0
0
0
0
0
0
0
0
0
0
0
0
0
0
0
0
0
0
0
0
0
0
0
0
0
0
0
0
0
0
0
0
0
0
0
0
0
0
0
0
0
0
0
0
0
0
0
0
0
0
0
0
0
0
0
0
0
0
0
0
0
0
0
0
0
0
0
0
0
0
0
0
0
0
0
0
0
0
0
0
0
0
0
0
0
0
0
0
0
0
0
0
0
0
0
0
0
0
0
0
0
0
0
0
0
0
0
0
0
0
0
0
0
0
0
0
0
0
0
0
0
0
0
0
0
0
0
0
0
0
0
0
0
0
0
0
0
0
0
0
0
0
0
0
0
0
0
0
0
0
0
0
0
0
0
0
0
0
0
0
0
0
0
0
0
0
0
0
0
0
0
0
0
0
0
0
0
0
0
0
0
0
0
0
0
0
0
0
0
0
0
0
0
0
0
0
0
0
0
0
0
0
0
0
0
0
0
0
0
0
0
0
0
0
0
0
0
0
0
0
0
0
0
0
0
0
0
0
0
0
0
0
0
0
0
0
0
0
0
0
0
0
0
0
0
0
0
0
0
0
0
0
0
0
0
0
0
0
0
0
0
0
0
0
0
0
0
0
0
0
0
0
0
0
0
0
0
0
0
0
0
0.0377157
0.0377157
0.0377157
0.0377023
0
0
0.0377023
0.0377023
0.0377023
0.0377023
0.0377023
0.0377023
0.0377023
0.0377023
0.0377023
0.0377023
0
0
0
0
0
0
0
0
0
0
0
0
0
0
0
0
0
0
0
0
0
0
0
0
0
0
0
0
0
0
0
0
0
0
0.0436748
0.0436748
0
0
0
0
0
0
0
0
0
0
0
0
0
0
0
0
0
0
0
0
0
0
0
0
0
0
0
0
0
0
0
0
0
0
0
0
0
0
0
0
0
0
0
0
0
0
0
0
0
0
0
0
0
0
0
0
0
0
0
0
0
0
0
0
0
0
0
0
0
0
0
0
0
0
0
0
0
0
0
0
0
0
0
0
0
0
0
0
0
0
0
0
0
0
0
0
0
0
0
0
0
0
0
0
0
0
0
0
0
0
0
0
0
0
0
0
0
0
0
0
0
0
0
0
0
0
0
0
0
0
0
0
0
0
0
0
0
0
0
0
0
0
0
0
0
0
0
0
0
0
0
0
0
0
0
0
0
0
0
0
0
0
0
0
0
0
0
0
0
0
0
0
0
0
0
0
0
0
0
0
0
0
0
0
0
0
0
0
0
0
0
0
0
0
0
0
0
0
0
0
0
0
0
0
0
0
0
0
0
0
0
0
0
0
0
0
0
0
0
0
0
0
0
0
0
0
0
0
0
0
0
0
0
0
0
0
0
0
0
0
0
0
0
0
0
0
0
0
0
0
0
0
0
0
0
0
0
0
0
0
0
0
0
0
0
0
0
0
0
0
0
0
0
0
0
0
0
0
0
0
0
0
0
0
0
0
0
0
0
0
0
0
0
0
0
0
0
0
0
0
0
0
0
0
0
0
0
0
0
0
0
0
0
0.0388368
0.0811775
0.0388588
0
0
0
0
0
0
0
0
0
0
0
0
0
0
0
0
0.0394132
0
0
0
0
0
0
0
0
0
0
0.0403403
0
0
0
0
0
0
0
0
0
0
0
0
0
0
0.0381316
0.121716
0.0381316
0
0
0
0
0
0
0
0
0
0
0.122398
0.137038
0
0
0
0
0
0
0
0.0381316
0.0379458
0.0379458
0.0379458
0.0381385
0.03798
0
0
0
0
0
0
0
0
0
0
0
0
0
0
0
0
0
0
0
0
0
0
0
0
0
0
0
0
0
0
0
0
0
0
0
0
0
0
0
0
0
0
0
0
0
0
0
0
0
0
0
0
0
0.038426
0.0384829
0.0384687
0
0
0
0
0
0
0
0
0
0
0
0
0
0
0
0
0
0
0
0.0412481
0.0412481
0.0412481
0.0382011
0.0394745
0
0.038229
0.11931
0.11931
0
0.121491
0.121716
0
0
0
0
0
0
0
0
0
0
0
0.121491
0
0
0
0
0
0
0
0
0
0
0
0
0
0
0
0
0
0
0
0
0
0
0
0
0
0
0
0
0
0
0
0
0
0
0
0
0
0
0
0
0
0
0
0
0
0
0
0
0
0
0
0
0
0
0
0
0
0
0
0
0
0
0
0
0
0
0
0
0
0
0
0
0
0
0
0
0
0
0
0
0
0
0
0
0
0
0
0
0
0
0
0
0
0
0
0
0
0
0
0
0
0
0
0
0
0
0
0
0
0
0
0
0
0
0
0
0
0
0
0
0
0
0
0
0
0
0
0
0
0
0
0
0
0
0
0
0
0
0
0
0
0
0
0
0
0
0
0
0
0
0
0
0
0
0
0
0
0
0
0
0
0
0
0
0
0
0
0
0
0
0
0
0
0
0
0
0
0
0
0
0
0
0
0
0
0
0
0
0
0
0
0
0
0
0
0
0
0
0
0
0
0
0
0.0384687
0.0384687
0.0384687
0.0399601
0.0399601
0.0411693
0
0
0.0384687
0.0398726
0.0398726
0.0398726
0.0398726
0.0398726
0
0
0
0
0
0.0377224
0.0380487
0.0377224
0
0
0
0
0
0
0
0
0
0
0
0
0
0
0
0
0
0
0
0
0
0
0
0
0
0
0
0
0
0
0
0
0
0
0
0
0
0
0
0.0384189
0.0384189
0.0384331
0.0384331
0
0.0384331
0
0.0384331
0.0428353
0.0384402
0
0.0384402
0.0406474
0.0389471
0.0467908
0.040757
0
0.0395053
0.040032
0.040032
0.040032
0.0423809
0.0416035
0
0.0421918
0.043254
0
0
0
0
0
0.0403567
0
0.0410132
0
0.0410911
0.0434577
0.0418304
0.040016
0.0410651
0.0406474
0.11931
0.11931
0.124515
0.124515
0.125
0
0.0406474
0
0
0
0
0
0
0
0
0
0
0
0
0
0
0
0
0
0
0
0
0
0
0.0377023
0
0
0
0
0
0
0
0
0.0377023
0
0.0377023
0
0
0
0
0
0
0
0
0
0
0
0
0
0
0
0
0
0
0
0
0
0
0
0
0
0
0
0
0
0
0
0
0
0
0
0
0
0
0
0
0
0
0
0
0
0
0
0
0
0
0
0
0
0
0
0
0
0
0
0
0
0
0
0
0
0
0
0
0
0
0
0
0
0
0
0
0
0
0
0
0
0.0392232
0.0392232
0.0392232
0.0392232
0.0392232
0.0392232
0.0392232
0.0392232
0.0392232
0.0392232
0.0392232
0.0392232
0.0392232
0.0392232
0.0392232
0.0392232
0.0392232
0.0392232
0.0392232
0.0392232
0
0
0
0
0
0
0.0392232
0.0392232
0
0.0392232
0.0392232
0.0392232
0.0392232
0.0392232
0.0392232
0.0392232
0.0392232
0.0650256
0.0392232
0.0392232
0.0392232
0.0392232
0.0392232
0.0392232
0.0392232
0.0392232
0.0392232
0.0414158
0
0
0.0422294
0
0
0.0392232
0.0392232
0
0.136399
0
0
0
0.0395285
0
0
0
0.0392308
0.0392232
0.140372
0.140372
0
0
0
0
0
0
0
0
0
0
0
0
0.0392232
0.0392232
0
0
0.040547
0.040547
0
0
0
0
0
0
0
0
0
0
0.0724999
0.0724999
0
0
0
0.0463864
0.0463864
0.140372
0.140372
0.140372
0.140372
0
0.26968
0.140372
0.140372
0
0
0
0
0
0
0
0
0
0
0
0
0
0
0
0
0
0
0
0
0
0
0
0
0
0
0
0
0
0
0
0
0
0
0
0
0
0
0
0
0
0
0
0
0
0
0
0
0
0
0
0
0
0.0392232
0.0392232
0
0.0392232
0.0392232
0.043103
0.0392232
0.0392308
0.0401125
0.0392232
0.0392232
0
0.0392232
0
0.0392232
0
0
0
0
0
0.040547
0.040547
0.040547
0
0
0
0
0
0
0
0
0
0
0
0
0
0
0
0
0
0
0
0
0
0
0
0
0
0
0
0
0
0
0
0
0
0
0
0
0
0
0
0
0
0
0
0
0
0
0
0
0
0
0.0724999
0.0724999
0
0
0
0
0
0
0
0
0
0.0724999
0.0740741
0.0724999
0.0724999
0
0.0724999
0.0463864
0.0463864
0.0463864
0.0392308
0
0.0391931
0.0391931
0.0392459
0.0392006
0.172133
0
0
0
0
0
0
0
0
0
0
0
0
0
0
0
0
0
0
0
0
0
0
0
0
0
0.0392006
0.0392006
0.0445657
0.0392006
0.039637
0.0392383
0.0392157
0
0
0
0
0
0.0392157
0.0392232
0.0392232
0.0392232
0.0392232
0.0393673
0
0
0
0
0
0
0
0
0
0
0
0
0
0
0
0
0.0395439
0
0
0
0
0
0
0
0
0
0
0
0
0
0
0.0393673
0.0403732
0
0.039375
0.0395981
0.0404557
0.0450949
0
0
0
0
0
0
0
0
0
0
0
0
0
0
0
0
0
0
0
0.0649227
0.0392232
0.0392232
0.0392232
0.0392232
0.0395981
0.0396292
0
0.0395981
0.0395981
0.0395981
0.0392232
0.0392232
0.0392232
0.0392232
0.0392232
0.0392232
0
0
0
0
0
0
0
0
0
0
0.037709
0.037709
0.037709
0.037709
0.037709
0.037709
0
0
0
0
0
0
0
0
0
0
0
0
0
0
0
0
0
0
0
0
0
0
0
0
0
0
0
0
0
0
0
0
0
0
0
0
0
0
0
0
0
0
0
0
0
0
0
0
0
0
0
0
0
0
0
0
0
0
0
0
0
0
0.0378709
0.0378709
0
0
0.0378709
0.0378709
0.0378709
0.0378709
0.0378709
0.0378709
0.0378709
0.0378709
0.0378709
0.0378709
0.0378709
0.0378709
0.0378709
0.0378709
0.0395749
0
0
0.0378709
0.0378709
0.0378709
0.0378709
0.0378709
0
0
0
0
0
0
0
0
0
0
0
0
0
0
0
0
0
0
0
0
0
0
0
0
0
0
0
0
0
0
0
0
0
0
0
0
0
0
0
0
0
0
0
0
0
0
0
0
0
0
0
0
0.0395981
0.0395981
0.0395981
0
0
0.0394592
0
0.0394592
0
0
0
0
0
0
0
0
0
0
0
0
0
0
0
0
0
0
0
0
0
0
0
0
0
0
0
0
0
0
0.037709
0
0
0
0.037709
0.037709
0.037709
0.037709
0.037709
0.037709
0
0
0
0.037709
0.0377157
0.0377157
0.0377157
0.037709
0
0
0
0.0398252
0
0
0
0
0
0
0.037709
0
0
0
0
0
0
0
0
0
0
0
0
0
0
0
0
0
0
0
0
0
0.037709
0.037709
0.037709
0.037709
0.037709
0.037709
0.037709
0.037709
0.037709
0.037709
0.0377157
0.037709
0.037709
0.037709
0.037709
0.037709
0.037709
0.0377157
0.0377157
0.037709
0.0544533
0.0544533
0.0544533
0
0.0545748
0.0564333
0
0
0
0
0
0
0
0
0
0
0.0377157
0.0378506
0.0411171
0.0403979
0
0.0403979
0.0411868
0
0
0
0
0
0
0
0
0
0
0
0
0
0
0
0.037709
0.037709
0.037709
0.037709
0.0549028
0.0404722
0.0379117
0.0410651
0.0410651
0.0411171
0.0410651
0.0404722
0
0
0
0
0
0.037709
0.037709
0.037709
0.037709
0.037709
0.037709
0.037709
0
0
0
0
0
0.0398252
0
0
0
0.040681
0.040681
0.040681
0.040681
0.040681
0
0
0
0
0
0
0
0
0
0
0
0
0.0444994
0.0444994
0
0
0
0
0
0
0
0
0
0
0
0.037709
0.037709
0.037709
0.037709
0.037709
0.037709
0.037709
0
0
0
0
0
0
0
0
0
0
0
0
0
0
0
0
0
0
0
0
0
0.0378235
0.0378235
0.0378235
0
0
0
0
0.0378235
0
0
0.0378709
0
0
0
0
0
0
0
0
0
0
0
0
0
0
0
0
0
0
0
0
0
0
0
0
0
0
0
0
0
0
0
0
0
0
0
0
0
0
0
0
0
0
0
0
0
0
0
0
0
0
0
0
0
0
0
0
0
0
0
0
0
0
0
0
0
0
0
0
0
0
0
0
0
0
0
0
0
0
0
0
0
0
0
0
0
0
0
0
0
0
0
0
0
0
0
0
0
0
0
0
0
0
0
0
0
0
0
0
0
0
0
0
0
0
0
0
0
0
0
0
0
0
0
0
0
0
0
0
0
0
0
0
0
0
0
0
0
0
0
0
0
0
0
0
0
0
0
0
0
0
0
0
0
0
0
0
0
0
0
0
0
0
0
0
0
0
0
0
0
0
0
0
0
0
0
0
0
0
0
0
0
0
0
0
0
0
0
0
0
0
0
0
0
0
0
0
0
0
0
0
0
0
0
0
0
0
0
0
0
0
0.037709
0
0
0
0
0
0
0
0
0
0
0
0
0
0
0
0
0
0
0
0
0
0
0
0
0
0
0
0
0
0
0
0
0
0
0
0
0
0
0
0
0
0
0
0
0
0
0
0
0
0
0
0
0
0
0
0
0
0
0
0
0
0
0
0
0
0
0
0
0
0
0
0
0
0
0
0
0
0
0
0
0
0
0
0
0
0
0
0
0
0
0
0
0
0
0
0
0
0
0
0.0378709
0
0
0
0
0
0
0
0
0
0
0
0
0
0
0
0
0
0
0
0
0
0
0
0
0.037709
0.037709
0
0
0
0
0
0
0
0
0
0
0
0
0
0
0
0
0
0
0
0
0
0.0391181
0.0391181
0.0391181
0.0391181
0.0391181
0.0391181
0
0
0
0
0
0
0.0391705
0.0391181
0
0
0.0392232
0.0392232
0.0392308
0.0392308
0.0392308
0.0391705
0.0391705
0.0391705
0.0391705
0.0391705
0.0395981
0.0391705
0
0
0
0
0.0391931
0
0
0
0
0
0
0
0
0
0
0
0
0
0
0
0
0
0
0
0
0
0
0
0.037709
0.037709
0.037709
0.037709
0.037709
0.037709
0.037709
0.037709
0.037709
0
0
0
0
0
0
0
0
0
0
0
0
0
0
0
0
0
0
0
0
0
0
0
0
0
0
0
0
0
0
0
0
0
0
0
0
0
0
0
0
0
0
0
0
0
0
0
0
0
0
0
0
0
0
0
0
0
0
0
0
0
0
0
0
0
0
0
0
0
0
0
0
0
0
0
0
0
0
0
0
0
0
0
0
0
0
0
0
0
0
0
0
0
0
0
0
0
0
0
0
0
0
0
0
0
0
0
0
0
0
0
0
0
0
0
0
0
0
0
0
0
0
0
0
0
0
0
0
0
0
0
0
0
0
0
0
0
0
0
0
0
0
0
0
0
0
0
0
0
0
0
0
0
0
0
0
0
0
0
0
0
0
0
0
0
0
0
0
0
0
0
0
0
0
0
0
0
0
0
0
0
0
0
0
0
0
0
0
0
0
0
0
0
0
0
0
0
0
0
0
0
0
0
0
0
0
0
0
0
0
0
0
0
0
0
0
0
0
0
0
0
0
0
0
0
0
0
0
0
0
0
0
0
0
0
0
0
0
0.037709
0.037709
0.037709
0.037709
0.037709
0
0
0
0
0
0
0
0
0
0
0
0
0
0
0
0
0
0
0
0
0
0
0
0
0
0
0
0
0
0
0
0
0
0
0
0
0
0
0
0
0
0
0
0
0
0
0
0
0
0
0
0
0
0
0
0
0
0
0
0
0
0
0
0
0
0
0
0
0
0
0
0
0
0
0
0
0
0
0
0
0
0
0
0
0
0
0
0
0
0
0
0
0
0
0
0
0
0
0
0
0
0
0
0
0
0
0
0
0
0
0
0
0
0
0
0
0
0
0
0
0.0381177
0.0398252
0
0
0
0
0
0
0
0
0
0
0
0
0
0
0
0
0
0
0
0
0
0
0
0
0
0
0
0
0
0
0
0
0
0
0
0
0
0
0
0
0
0
0
0
0
0
0
0
0
0
0
0
0
0
0
0
0
0
0
0
0
0
0
0
0
0
0
0
0
0
0
0
0
0
0
0
0
0
0
0
0
0
0
0
0
0
0
0
0
0
0
0
0
0
0.0396292
0.0396292
0.0398252
0.0398252
0.0398252
0.0398252
0.0398252
0.0398252
0.0398252
0.0398252
0.0398252
0.0398252
0.0398252
0.0398252
0.0398252
0.0398252
0.0398252
0.0398252
0.0834784
0.0398252
0.0560772
0.0560772
0.0560772
0.0560772
0.0560772
0.0422671
0.0422671
0.121716
0.142494
0.121716
0.0422671
0
0.0749006
0
0.0402585
0.0665927
0.0665927
0.0675352
0.0680414
0.0403157
0
0.0398252
0.0398252
0
0
0
0.0398252
0
0
0
0
0
0
0
0
0
0
0
0
0
0
0
0
0
0
0
0
0
0.0398252
0.0398252
0.0398252
0.0398252
0.0398252
0.0398252
0.0398252
0
0.0398252
0.0398252
0
0
0
0
0
0
0
0
0
0
0
0
0
0
0
0
0
0
0
0
0
0
0
0
0
0
0.0834784
0.0834784
0.0834784
0.0843649
0.0843649
0.0834784
0
0
0
0.0834784
0.0398252
0.0398252
0.0398252
0.0398252
0.0398252
0.0398252
0.0398252
0.0398252
0
0
0
0
0
0
0.0834784
0.0834784
0.0834784
0.0834784
0.0834784
0.0834784
0.0834784
0.0834784
0.0834784
0.0843649
0.0843649
0.0843649
0.0843649
0.1849
0.1849
0.1849
0.210819
0.1849
0.2
0.2
0.2
0
0.206284
0.2
0.0927478
0.0843649
0.0847427
0.0843649
0.0834784
0.0403157
0.181071
0.0403239
0.0398252
0.0560772
0.0560772
0.0560772
0
0
0
0
0
0
0
0
0
0
0
0
0
0
0
0
0
0
0
0
0
0
0
0
0
0
0
0
0
0
0
0
0
0
0
0
0
0.037709
0.037709
0.037709
0
0
0
0
0
0
0
0
0
0
0
0
0
0
0
0
0
0
0
0
0
0
0
0
0
0
0
0
0
0
0
0
0
0
0
0
0
0
0
0
0
0
0
0
0
0
0
0
0
0
0
0
0
0
0
0.0398252
0.063693
0.063693
0.063693
0.063693
0.063693
0
0.0834784
0
0
0.0403567
0.0403567
0.0403567
0
0
0
0
0.037709
0.037709
0.037709
0.037709
0.037709
0.037709
0
0
0
0
0
0
0
0
0
0
0
0
0
0
0
0
0
0
0
0
0
0
0
0.037709
0.037709
0.037709
0
0
0
0
0
0.037709
0.037709
0.037709
0
0
0
0
0
0
0
0
0
0
0
0
0
0
0
0
0
0
0
0
0
0
0
0
0
0
0
0
0
0
0
0
0
0
0
0
0
0
0
0
0
0
0
0
0
0
0
0
0
0
0
0
0
0
0
0
0
0
0
0
0
0
0
0
0
0
0
0
0
0
0
0
0
0
0.037709
0
0.0378709
0.0378709
0.0378709
0.0378709
0.0378709
0.0378709
0.0378709
0.0378709
0.0378709
0.0378709
0.0378709
0.0378709
0.0378709
0.0378709
0.0378709
0
0
0.0396838
0.0396838
0
0
0
0.0378709
0.0378709
0.0378709
0.0378709
0.0378709
0.0378709
0.0378709
0.0378709
0.0378709
0.0394899
0.0394899
0
0.0394899
0
0.0394899
0.0378709
0.0378709
0.0378709
0.0378709
0
0
0.0378709
0
0
0
0
0.0378709
0.117242
0.117242
0
0
0
0
0
0
0
0
0.117242
0
0
0
0
0.0394976
0
0
0.0394976
0
0
0
0
0.0378709
0.0378709
0.0394976
0.0394976
0.0394976
0.0394976
0.0378709
0.0378709
0.0378709
0.0378709
0.0396137
0.0378709
0.0378709
0.0393217
0.0393217
0.0393217
0
0.0393217
0.0393217
0
0
0
0
0
0
0
0
0
0
0.0378709
0.0378709
0.0378709
0.0378709
0.0378709
0.0378709
0.0378709
0.0394976
0.0394976
0.0394976
0.0394976
0.0394976
0.0394976
0.0394976
0.0394976
0.0394976
0.0378709
0
0.0378709
0.0378709
0.0378709
0.0378709
0.0408248
0.0378709
0.0380693
0
0
0
0
0
0
0
0
0
0
0
0
0
0
0
0
0
0
0
0
0
0
0
0
0
0
0
0
0
0
0
0
0
0
0
0
0
0
0
0
0
0
0
0
0
0
0.0395749
0
0
0
0
0
0
0
0
0
0
0
0
0
0
0
0
0
0
0
0
0
0
0
0
0
0
0
0
0
0
0
0.0384473
0
0.0385114
0
0
0
0
0
0
0.0378709
0
0.0388808
0
0
0.0378981
0.062137
0.0378709
0.0378709
0.0378709
0
0
0.0395671
0
0.0384473
0.0384615
0.131876
0.131876
0
0
0
0
0
0
0
0
0
0.0385043
0.0385114
0
0
0
0
0
0
0
0
0
0.0384687
0
0.0395053
0
0.130466
0
0
0.0379049
0
0.062137
0.0721218
0
0.0691714
0.0378709
0
0
0
0
0.045859
0.045859
0.045859
0.045859
0
0
0
0
0
0.0378709
0.0378709
0
0
0.0378709
0.0378709
0.0378777
0
0
0.0378709
0.0378709
0
0.0378709
0.0378709
0.0378709
0.0378709
0.0378709
0.0378709
0.0378709
0.0378709
0.0378709
0.0378709
0.0378709
0.0378709
0.0378709
0.0378709
0.0378709
0.0378709
0.0378709
0.0378709
0.0378709
0.0378709
0.0378709
0.0378709
0.0378709
0.0378709
0.0378709
0.0378709
0.0378709
0.0378709
0
0
0.0378709
0.0378709
0.0378709
0.0378709
0.0378709
0.0378709
0.0378709
0.0378709
0.0378709
0.0378709
0.0378709
0.0378709
0.0378709
0.0378709
0.0378709
0.0378709
0.0378709
0.0378709
0.0378709
0.0378709
0.0378709
0.0378709
0.0378709
0.0378709
0.0378709
0.0378709
0.0378709
0.0378709
0.0378709
0.0378709
0.0378709
0.0378709
0.0378709
0.0378709
0.0378709
0.0378709
0.0378709
0.0378709
0.0378709
0.0378709
0.0378709
0.0378709
0.0378709
0.0378709
0.0378709
0.0378709
0.0378709
0.0378709
0.0378709
0.0378709
0.0378709
0.0378709
0.0378709
0.0378709
0.0378709
0.0378709
0.0378709
0.0378709
0.0378709
0.0378709
0.0378709
0.0378709
0.0378709
0.0378709
0.0378709
0.0378709
0.0378709
0.0378709
0.0378709
0.0378709
0.0378709
0
0
0
0
0.0394976
0.0394976
0.0394976
0.0394976
0.0394976
0.0394976
0.0394976
0.0394976
0.0394976
0.0394976
0.0394976
0.0394976
0.0394976
0.0394976
0.0394976
0.0394976
0.0394976
0.0394976
0.0394976
0.0394976
0.0394976
0
0.0394976
0.0419591
0.0394976
0.0394976
0.0394976
0.0395053
0.0395053
0.0395053
0.0395053
0.0395053
0.0395053
0.0395053
0.0394976
0.0394976
0.0419961
0
0
0.141421
0.141421
0.0409702
0.0409702
0
0
0
0.0447325
0.0472061
0.0455842
0.15162
0.15162
0
0
0
0
0
0
0
0
0
0
0.0407824
0.0407824
0.0407824
0.0407824
0
0
0
0
0.040893
0.040893
0.040893
0
0
0
0
0
0.040893
0.0409273
0.040893
0.040893
0.040893
0.040893
0.040893
0
0
0
0
0
0
0
0
0
0
0
0.0395053
0.0395053
0.0395053
0
0.0394976
0.0394976
0.0394976
0.0394976
0
0
0
0.0394976
0.0394976
0.0394976
0.0394976
0.0394976
0.0394976
0.0394976
0.0394976
0.0394976
0.0394976
0.0394976
0.0418854
0.0418854
0.0395053
0.0395053
0.0395053
0.0407824
0.0411084
0.0408163
0.0394976
0.0394976
0
0
0
0
0
0
0
0.0394976
0.0394976
0.0394976
0.0394976
0.0394976
0.0394976
0.0394976
0
0
0
0
0.0394976
0.0394976
0.0394976
0.0419591
0
0
0.0419591
0.0419591
0.0419591
0.0394976
0.0394976
0.0419591
0.0419591
0
0
0
0
0
0.0394976
0.0394976
0.0394976
0.0394976
0
0
0
0
0
0.0395671
0
0
0
0
0.0395671
0.0395671
0.0395671
0.0395671
0
0
0
0
0
0
0
0.0395671
0
0.0395671
0.0418854
0.0418854
0.0418854
0.0394976
0.0394976
0.0394976
0.0394976
0.0394976
0.0394976
0.0394976
0.0394976
0.0394976
0.0394976
0.0394976
0.0394976
0.0394976
0.0394976
0.0394976
0.0394976
0.0394976
0.0394976
0.0394976
0.0394976
0.0394976
0.0394976
0.0394976
0
0
0
0
0
0.0378709
0.0384473
0.0384473
0.0537798
0.0537798
0.0384473
0.0392761
0.0393217
0
0
0
0
0
0.0392761
0.0392761
0
0
0
0
0
0
0
0
0.0395671
0.0395671
0.0395671
0
0.0395671
0.0378709
0.0378709
0.0378709
0.0378709
0.0378709
0.0378709
0.0378709
0.0378709
0
0
0
0
0
0.0378709
0
0.0378709
0.0378709
0.0378709
0.0378709
0.0384615
0
0
0
0
0
0
0
0
0
0
0
0
0
0
0
0
0
0
0
0
0
0
0
0.0385114
0.0385114
0.0385114
0
0
0
0
0
0
0
0
0
0
0
0
0
0
0
0.0384687
0.0384687
0.0384687
0.0398964
0.0398964
0
0
0.0398964
0.0398964
0.0398964
0.0384687
0.0384687
0.0384687
0.0398964
0.0398964
0.0398964
0.0398964
0.0384687
0.0384687
0.0384687
0.0384687
0.0404557
0.0398964
0.0384687
0.0384687
0.0384687
0.0425436
0.0425436
0.0384687
0.0384687
0.0384687
0
0
0.0384687
0.0384687
0.0384687
0.130466
0.130466
0.130466
0.130466
0.256074
0.130466
0.0394132
0.0394132
0.0394132
0.0394132
0.0394132
0
0
0
0
0
0
0
0
0
0
0
0
0
0
0
0
0
0
0.0379049
0.0378981
0.0393217
0.0379049
0
0.0379049
0.0379049
0
0.062137
0.0721218
0
0.0721218
0.0721218
0.11341
0
0
0
0
0
0
0.11341
0.11341
0.11341
0
0
0
0
0.115663
0
0
0
0
0.11341
0.11341
0.11341
0.0721218
0
0
0
0
0
0
0.0395053
0.0395053
0.0395053
0.0395053
0.0395053
0.0395053
0
0
0
0
0
0
0
0
0
0
0
0.0691714
0.0691714
0.0705346
0.0691714
0.131876
0
0
0
0
0
0
0
0
0
0
0
0
0
0
0
0
0
0
0
0
0
0
0
0
0
0
0
0
0
0
0
0
0
0
0
0
0
0
0
0
0
0
0
0
0
0
0
0
0
0
0
0
0
0
0
0
0
0
0
0
0
0
0
0.0395439
0.0395439
0
0.045859
0
0.045859
0.045859
0.045859
0.045859
0.045859
0.045859
0.045859
0
0
0.045859
0
0
0
0
0
0
0
0
0
0
0
0
0
0
0
0
0
0
0
0.0394976
0.0394976
0.0394976
0.0394976
0.0394976
0.0394976
0.0394976
0.0394976
0.0394976
0.0394976
0.0394976
0.0394976
0.0394976
0.0394976
0.0394976
0.0394976
0.0394976
0.0394976
0.0394976
0.0394976
0.0394976
0.0406558
0
0
0
0.0394976
0.0394976
0.0394976
0.0394976
0.0394976
0
0
0
0
0
0.0400401
0
0.0394976
0.0395053
0.0395053
0.0395053
0.0395053
0.0395053
0.0395053
0.0395053
0
0.0395053
0.0395053
0
0
0
0
0
0
0
0
0
0
0
0
0
0
0
0
0
0
0.0407654
0
0
0
0.0407654
0.0407654
0
0
0
0
0
0
0
0
0
0
0
0
0
0
0
0
0
0
0
0
0
0
0
0
0
0
0
0
0
0
0
0
0
0
0
0
0
0
0
0
0
0
0
0
0
0
0
0
0
0
0
0
0
0
0
0
0
0
0
0
0
0
0
0
0
0
0
0
0
0
0
0
0
0
0
0
0
0
0
0
0
0
0
0
0
0
0
0
0
0
0
0
0
0
0
0
0
0
0
0
0
0
0
0
0
0
0
0
0
0
0
0
0
0
0
0
0
0
0
0
0
0
0
0
0
0
0
0
0
0
0
0
0
0
0
0
0
0
0
0
0
0
0
0
0
0
0
0
0
0
0
0
0
0
0
0
0.0438318
0.0438318
0.0438318
0.0438318
0.0438318
0.0438318
0.0438318
0.0438318
0
0
0.0438318
0.0438318
0.0438318
0.0438318
0.0438318
0.0438318
0.0438318
0
0.0438318
0
0.0438318
0.0438318
0
0
0
0
0
0
0
0
0
0.0438318
0
0.0438318
0
0
0
0.0438318
0
0
0.0438318
0.0438318
0
0
0
0
0
0
0.0444664
0.0444664
0
0
0
0
0
0
0
0
0
0
0
0
0
0
0
0
0
0
0
0
0
0
0
0
0
0
0
0
0
0
0.0467652
0
0
0
0
0
0
0
0.0473912
0.0473912
0
0
0
0
0
0
0
0
0
0
0
0
0
0
0
0
0
0
0
0
0
0
0.0417574
0.0417574
0.0417574
0.0417574
0
0.0417574
0.0417574
0.0417574
0.0417574
0
0
0
0.0417574
0.0417574
0.0417574
0
0
0.0426692
0
0
0.0426692
0
0
0
0
0
0
0.0432338
0.0432338
0
0
0.0426498
0
0
0
0.0426305
0.0426305
0
0.0394976
0
0.0394976
0.0394976
0
0
0
0
0.0420517
0
0.0420517
0.0420517
0.0426305
0.0426498
0.0426498
0
0
0
0
0.0394976
0
0
0
0
0
0
0.0394976
0
0
0
0
0
0
0
0
0
0
0
0
0
0
0
0
0
0
0
0
0
0
0
0
0
0
0
0
0
0
0
0
0
0
0
0
0
0
0.0416757
0.0416757
0
0.0438318
0.0438318
0.0438318
0.0438318
0.0438318
0.0438318
0.0438318
0.0438318
0.0438318
0.0411693
0.0411693
0
0.0416757
0.0411693
0
0.0411693
0.0411693
0.0411693
0.0411693
0.0411693
0
0
0
0
0
0
0
0
0
0
0
0
0
0
0
0
0
0
0
0
0.0406642
0
0
0
0
0
0
0
0
0
0
0
0
0
0
0
0
0
0
0
0
0
0
0
0
0
0
0
0
0
0
0
0
0
0
0
0
0
0
0
0
0
0
0
0
0
0
0
0
0
0
0
0
0
0
0
0
0
0
0
0
0
0
0
0
0
0
0
0
0
0
0
0
0
0
0
0
0
0
0
0
0
0
0
0
0
0.0416757
0.0418762
0.0418762
0.0418762
0.0418762
0.0418762
0
0.0418762
0.0418762
0
0.0438318
0.0438318
0.0438318
0.0438318
0.0438318
0
0
0
0
0.0438318
0.0438318
0.0438318
0.0438318
0
0.0438846
0.0455842
0.0455842
0.0455842
0.0438318
0
0.0438318
0.0438318
0
0
0
0
0
0
0
0
0
0
0.0413714
0.0413714
0.0413714
0
0
0
0
0
0
0.0414247
0
0
0
0
0
0
0
0
0
0
0
0
0
0.0411781
0
0
0
0
0
0.0412393
0.0447437
0.0413096
0.0413096
0.0413096
0
0
0.0413096
0
0
0.0413096
0.0411868
0.0447102
0.0413537
0
0
0.0413537
0.4
0.4
0.0413537
0.19803
0.19803
0.0413537
0.0413537
0.0413537
0
0
0.0413537
0.160128
0.0413537
0
0
0.0409016
0
0.0409016
0.0409016
0.0409016
0.0409016
0
0
0
0
0.0409016
0.0409016
0
0
0
0
0
0
0
0
0
0.0409016
0
0
0
0
0
0
0
0
0
0
0
0
0
0
0
0
0
0
0
0
0
0
0
0
0
0
0
0
0
0
0
0
0
0
0
0
0
0
0
0
0
0
0
0
0
0
0
0
0
0
0
0
0
0
0
0
0
0
0
0
0
0
0
0
0
0
0
0
0
0
0
0
0
0
0
0
0
0
0
0
0
0
0
0
0
0
0
0
0
0
0.19803
0.127775
0.127775
0
0.127775
0.127775
0.191565
0.191565
0.191565
0.191565
0.191565
0
0.191565
0.191565
0.127775
0.127775
0
0.127775
0.127775
0.127775
0.19803
0.19803
0
0.19803
0.127775
0
0
0
0
0
0
0
0
0
0
0
0
0
0
0
0
0
0
0
0
0
0
0.4
0.4
0.4
0
0.4
0.4
0
0.4
0.4
0.4
0.4
0.4
0.4
0
0.4
0.4
0.4
0.4
0
0
0
0
0.4
0.4
0.4
0
0.4
0.4
0
0.408248
0.408248
0.408248
0.408248
0
0.408248
0.408248
0.408248
0.408248
0.4
0.4
0.4
0
0.0435814
0.0443678
0.124515
0.0408248
0.0408248
0.0408248
0.0394976
0.0394976
0.0394976
0
0
0
0.0402178
0.0396059
0.0396059
0.0396059
0.0419222
0.0419222
0
0
0.0394976
0.0394976
0.127775
0.127775
0.0394976
0.0394976
0.0394976
0.0394976
0.0394976
0.0394976
0.0394976
0.0445215
0.0445215
0.0445215
0.0394976
0.0394976
0
0.0394976
0.0394976
0.0417574
0.0417574
0.0417574
0.0417574
0.0417574
0.0419591
0.0419591
0.0417574
0.0417574
0
0
0
0
0
0.0394976
0
0
0
0
0
0
0
0
0.0394976
0.0394976
0.0394976
0.0394976
0.0394976
0.0394976
0
0
0
0
0
0
0
0
0
0
0
0
0
0
0
0
0
0
0
0
0
0
0
0
0
0
0
0
0
0
0
0
0
0
0
0
0
0.0377224
0
0
0
0
0
0
0
0
0
0
0
0
0
0
0
0.037709
0
0
0
0
0
0.037709
0.037709
0.037709
0.037709
0.037709
0.037709
0.037709
0.037709
0.037709
0.037709
0.037709
0
0
0
0
0
0
0
0
0
0
0
0
0
0
0
0
0
0
0
0
0
0
0
0.037709
0
0
0
0
0
0
0
0
0
0
0
0
0
0
0
0
0
0
0.037709
0
0
0
0
0
0
0
0
0
0
0
0
0
0
0
0
0
0
0
0
0
0
0
0
0
0
0
0
0
0
0
0
0
0
0
0
0
0
0
0
0
0.037709
0.037709
0.037709
0.037709
0.037709
0.037709
0.0378506
0.037709
0
0.0383201
0.0383201
0.0383201
0.0383201
0
0
0
0
0
0
0
0
0
0
0
0
0
0
0
0
0
0
0
0
0
0
0
0
0
0
0
0
0
0
0
0
0
0
0
0
0
0
0
0.0398252
0
0
0
0.0398252
0.0398252
0.0398252
0.0398252
0.0398252
0
0.0398252
0.0398252
0.0398252
0.0404309
0.0404309
0.0398252
0.0398252
0.0398252
0.0404309
0.0747958
0.0404309
0.0413714
0.0413714
0.0413714
0.0413714
0.0431231
0.0431231
0
0.0404309
0
0
0
0
0
0
0
0
0
0
0
0
0
0
0
0
0
0
0
0
0
0
0
0
0
0
0
0
0
0
0
0
0
0
0
0
0
0
0.037709
0.037709
0.037709
0.037709
0
0
0
0
0
0
0
0
0.0378709
0.0378709
0.0378709
0.0378709
0.0378709
0.0378709
0.0378709
0.0378709
0.0378709
0.0378709
0
0
0
0.0378709
0.0378709
0
0
0
0.0378709
0.0378709
0.0378709
0
0
0.0378709
0
0.0378709
0.0378709
0.0378709
0.0398252
0
0
0
0
0
0
0
0
0
0
0
0
0
0
0
0
0
0
0
0
0
0
0
0
0
0
0
0
0
0
0
0
0
0
0
0
0
0
0
0
0
0
0
0
0
0
0
0
0
0
0
0
0
0
0
0
0
0.037709
0.037709
0.037709
0.037709
0.037709
0.037709
0.037709
0
0
0
0
0
0
0
0
0
0
0
0
0
0
0
0
0
0
0
0
0
0
0
0
0
0
0
0
0
0
0
0
0
0
0
0
0
0
0
0
0
0
0
0
0
0
0
0
0
0
0
0
0
0
0
0.0377157
0
0
0
0
0
0
0
0
0
0
0
0
0
0
0
0
0
0
0
0
0
0
0
0
0
0
0
0
0
0
0
0
0
0
0
0.0377157
0.0377157
0.0377157
0.0377157
0.0377157
0.0377157
0.0377157
0
0
0
0
0
0
0
0
0
0
0
0
0
0
0
0
0
0
0
0
0
0
0
0
0
0
0
0
0
0
0
0
0
0
0.037709
0.037709
0.037709
0.037709
0.037709
0.037709
0.037709
0.037709
0.037709
0.037709
0.037709
0.037709
0.037709
0
0
0
0
0
0
0
0
0
0
0
0
0
0
0
0
0
0
0
0
0
0
0
0
0
0
0
0
0
0
0
0
0
0
0
0
0
0
0
0
0
0
0
0
0
0
0
0
0
0
0
0
0
0
0
0
0
0
0
0
0
0
0
0.0392232
0.0649227
0
0
0
0
0.0378235
0.0378235
0.0378235
0.0378235
0
0
0
0
0
0
0
0
0.0377157
0.0599491
0
0
0
0.0599491
0
0.0599491
0.0599491
0.0599491
0.0600842
0.0600842
0
0.0600842
0
0
0
0.0599491
0.0599491
0.0599491
0
0.0599491
0
0.0599491
0
0.0599491
0.0599491
0.0599491
0
0.0599491
0
0.0599491
0
0.0599491
0
0
0
0
0
0
0
0
0
0
0
0
0
0
0
0
0
0
0
0
0
0.0404805
0.0404805
0.0404805
0.0404805
0.0404805
0.0404805
0.0404805
0.0404805
0.0404805
0.0411171
0.0404805
0.0404805
0.0404805
0
0
0
0
0
0
0
0
0
0
0
0
0
0
0
0
0.037709
0.037709
0.037709
0.037709
0.037709
0.037709
0.037709
0.037709
0.037709
0.037709
0.037709
0.037709
0.037709
0.037709
0.037709
0.037709
0.037709
0.037709
0.037709
0.037709
0.037709
0.037709
0.037709
0.037709
0.037709
0.037709
0.037709
0.037709
0.037709
0.037709
0
0
0.037709
0.037709
0.037709
0.037709
0.037709
0.037709
0.0377157
0
0
0
0
0
0
0
0
0
0
0
0
0
0
0
0
0
0
0
0
0
0
0
0
0
0
0
0
0
0
0
0
0
0
0
0
0
0
0
0
0
0
0
0
0
0
0
0
0
0
0
0
0
0
0
0
0
0
0
0
0
0
0
0
0
0
0
0
0
0
0
0
0
0
0
0
0
0
0
0
0
0
0
0
0
0
0
0
0
0
0
0
0
0
0
0
0
0
0
0
0
0
0
0
0
0
0
0
0
0
0
0
0
0
0
0
0
0
0
0
0
0
0
0
0
0
0
0
0
0.0377157
0
0.0377157
0
0.037709
0.037709
0.037709
0.037709
0.037709
0.037709
0.037709
0.037709
0.037709
0.037709
0.037709
0.037709
0.037709
0.037709
0.037709
0.037709
0.037709
0.037709
0.037709
0.037709
0.037709
0.037709
0.037709
0.037709
0
0
0
0
0.037709
0
0
0
0
0
0
0
0
0
0
0
0
0.037709
0
0
0
0
0
0
0
0
0
0
0
0
0
0
0
0
0
0
0
0
0
0
0
0
0
0
0
0
0
0
0
0
0
0
0
0
0
0
0
0
0
0
0
0
0
0
0
0
0
0
0
0
0
0
0
0
0
0
0
0
0
0
0
0
0
0
0
0
0
0
0
0
0
0
0
0
0
0
0
0
0
0
0
0
0
0
0
0
0
0
0
0
0
0
0
0
0
0
0
0
0
0
0
0
0
0
0
0
0
0
0
0
0
0.0398252
0
0
0
0
0
0
0
0
0
0
0
0
0
0
0
0
0
0
0
0
0
0
0
0
0
0
0
0
0
0
0
0
0
0
0
0
0
0
0
0
0
0
0
0
0
0
0
0
0
0
0
0
0
0
0
0
0
0
0
0
0
0
0
0
0
0
0
0
0.0398252
0.037709
0.037709
0
0
0
0
0
0
0
0
0
0
0
0
0
0
0
0
0
