0.0786349
0.0786349
0.0786349
0.0786349
0
0.0786349
0.0786349
0.109362
0.109362
0.0873889
0.0873889
0.0786349
0
0
0
0
0
0
0.109362
0.109362
0.109362
0.131369
0.109362
0
0.109362
0.0873889
0.0873889
0
0
0
0.0873889
0
0
0
0
0.0873889
0.0873889
0.0873889
0.0873889
0.106718
0.106718
0.106718
0.13838
0.106718
0.138786
0.106718
0.0873889
0.0786349
0.0786349
0.0786349
0.0786349
0.0786349
0.0786349
0
0
0
0.0786349
0
0.0786349
0
0.0786349
0.0786349
0.0786349
0
0
0
0
0
0
0
0
0
0
0
0
0
0
0
0
0
0
0
0
0
0
0
0.078413
0.078413
0.078413
0.078413
0.078413
0.078413
0.078413
0.078413
0.092516
0.078413
0.078413
0.078413
0.078413
0.078413
0
0
0
0
0
0
0
0
0.0784196
0.0784196
0.0784196
0.0784196
0.0784196
0.0784196
0
0
0.0784196
0
0
0
0
0
0
0
0
0
0
0
0
0
0
0
0
0
0
0
0
0
0
0
0
0
0
0.124141
0.124141
0.124141
0.124141
0.124141
0.124141
0.124141
0
0
0
0
0
0
0
0
0
0
0
0
0
0
0
0
0
0
0
0
0
0
0
0
0
0
0
0
0
0
0.113491
0.0970016
0
0
0.121616
0.0784196
0.0784196
0.0784196
0
0
0
0.0784196
0.0784196
0.078554
0.0784196
0.0784196
0.078433
0.0873889
0.0873889
0.078433
0.07848
0.07848
0.07848
0.07848
0.078433
0.078433
0.078433
0.0873889
0.0873889
0.0873889
0.0873889
0.0873889
0.0922313
0.0873889
0.0873889
0.0873889
0.0849719
0.0873889
0.0873889
0.0873889
0.0873889
0.0873889
0.0873889
0.0873889
0
0
0
0
0
0.0784196
0.0784196
0.0784196
0.0784196
0.093183
0.0784196
0.118864
0.118864
0.118864
0.118864
0.123797
0.118864
0.0784196
0.092516
0.0784196
0.089038
0.0784196
0.0784196
0.0784196
0.089038
0.089038
0.09134
0.0898429
0.0898429
0.0898429
0.0898429
0.0898429
0.0898429
0
0
0
0
0
0
0
0
0
0
0
0
0
0
0
0.078554
0.078554
0
0
0.0778761
0.0778761
0.0778761
0.0778761
0.0778761
0.0854184
0.0854184
0.0854184
0.0854184
0.0854184
0.0854184
0.0854184
0.0854184
0.0854184
0.0854184
0.0798935
0.0798935
0.0798935
0.0798935
0.0798935
0.0798935
0.0798935
0.0798935
0.0798935
0.0798935
0.0798935
0.0798935
0.0798935
0.0798935
0.0798935
0.0965609
0.0965609
0.0965609
0.0965609
0.0965609
0.0965609
0.0965609
0.0965609
0.0965609
0.0965609
0.0965609
0.0965609
0.0965609
0.0965609
0.0965609
0.0965609
0.0965609
0.0965609
0.0965609
0
0
0
0
0
0
0
0
0
0
0
0
0
0
0
0
0
0
0
0
0
0
0
0.123482
0.123482
0.123482
0.123482
0.123482
0.124114
0.124114
0.124114
0
0
0
0
0
0
0
0
0
0
0
0
0
0
0
0
0
0
0
0
0
0
0
0
0
0
0
0
0
0
0
0
0
0
0
0
0
0
0
0
0
0
0
0
0
0
0
0
0
0
0
0
0
0
0
0
0
0
0
0
0
0
0
0
0
0
0
0
0
0
0
0
0
0
0
0
0
0
0
0
0
0
0
0
0
0
0.0388661
0
0
0.0781664
0.127171
0
0.0781266
0
0
0.0565572
0.0781597
0.078811
0.0784063
0
0
0
0
0
0
0
0
0.0366864
0.0366864
0.0366926
0.0366926
0.0366864
0
0
0
0
0.0589
0.0589
0.0589
0.0589
0.0589
0.0589
0.0637253
0.0589
0.0781465
0.0781465
0.0781465
0.0781465
0.0781465
0.0781465
0.0781465
0.0784532
0.0784532
0.0784532
0
0
0
0
0
0
0
0
0
0
0
0
0
0
0
0
0
0
0
0
0
0
0
0
0
0
0
0
0
0
0
0
0
0
0
0
0
0
0
0
0
0
0
0
0
0
0
0
0
0
0
0
0
0
0
0
0
0
0
0
0
0
0
0
0
0
0
0
0
0
0
0
0.0782527
0.0782527
0.0784733
0.0782527
0.0786281
0.0786281
0.0786281
0.0780869
0.0780869
0.0786349
0.0780869
0.0780869
0.0780869
0.0786146
0.0786349
0.0786146
0.0786146
0.0786349
0.0786146
0.0782527
0.0782527
0.0782527
0.0786079
0.0812296
0.0809703
0.0809703
0.0854531
0.0840086
0
0
0
0
0.078527
0.078527
0.078527
0.078527
0.0781664
0.0781664
0.0781664
0.0781664
0.0781664
0.0781664
0
0
0
0
0
0
0
0
0
0.0786281
0.0786214
0
0
0
0
0
0
0
0
0
0
0
0
0
0
0
0
0
0
0
0
0
0
0
0
0
0
0
0
0
0
0
0
0
0
0
0
0
0
0
0
0
0
0
0
0
0
0
0
0
0
0
0
0
0
0
0
0
0
0
0
0
0
0
0
0
0
0
0
0
0
0
0
0
0
0
0
0
0
0
0
0
0
0
0
0
0
0
0
0
0
0
0
0
0
0
0
0
0
0
0
0
0
0
0
0
0
0
0.0786214
0.0786214
0.0786214
0.0786214
0.0786214
0.0786281
0.0786281
0
0
0
0
0
0.0786214
0.0855725
0.0786214
0
0.0786214
0.0786281
0.0786281
0.0786281
0.0786214
0.0786214
0.0814388
0.106617
0.129975
0.109673
0
0.0788451
0
0
0
0
0
0
0.0592219
0.0634282
0.079319
0.079319
0.0793676
0.079319
0.102808
0.102808
0.102808
0
0
0
0
0
0
0
0
0
0
0
0
0
0
0
0
0
0
0
0
0
0
0
0
0
0
0
0
0
0
0
0
0
0
0
0
0
0
0
0
0
0
0
0
0
0
0
0
0
0
0
0
0
0
0
0
0
0
0
0
0
0
0
0
0
0
0
0
0
0
0
0
0
0
0
0
0
0
0
0
0
0
0
0
0
0
0
0
0
0
0
0
0
0
0
0
0
0
0
0
0
0
0
0
0
0
0
0
0
0
0
0
0
0
0
0
0
0
0
0
0
0
0
0
0
0
0
0
0
0
0
0
0
0
0
0
0
0
0
0
0
0
0
0
0
0
0
0
0
0
0
0
0
0
0
0
0
0
0
0
0
0
0
0
0
0
0
0
0
0
0
0
0
0
0
0
0
0
0
0
0
0
0
0
0
0
0
0
0
0
0
0
0
0
0
0
0
0
0.101044
0.101245
0.105069
0.106349
0.106349
0.145865
0.106366
0.0959478
0
0.0972433
0.118655
0.123143
0.127057
0.121367
0
0
0
0
0
0
0
0
0
0
0
0
0
0
0
0
0
0
0
0
0
0
0
0
0
0
0
0
0
0
0
0
0
0
0
0
0
0
0
0
0
0
0
0
0
0
0
0
0
0
0
0
0
0
0
0
0
0
0
0
0
0
0
0
0.0944209
0.081529
0.081529
0.0786281
0.0782927
0.0786281
0.0786281
0.081529
0.081529
0.134399
0.081529
0.081529
0.0785069
0.0784532
0.0784532
0.11239
0
0
0
0
0
0
0
0
0
0
0
0
0
0
0
0
0
0
0
0
0
0
0
0.11124
0.11124
0.11124
0.11124
0.11124
0.11124
0.11124
0.11124
0.123208
0.123208
0.139771
0.123208
0.081529
0.081529
0.081529
0.081529
0.081529
0.0779418
0.081529
0.129429
0
0
0
0.081529
0.081529
0.081529
0.081529
0
0
0
0
0
0
0
0.254
0
0
0
0
0
0
0
0.081529
0.081529
0
0.128713
0.13281
0.210819
0.132357
0
0.0877058
0
0
0.137904
0.0854444
0.1321
0.139159
0
0.081529
0
0.081529
0
0.12356
0.081529
0
0
0
0
0
0
0
0
0
0
0.131149
0.131495
0
0.128329
0
0.081529
0.1283
0.1283
0.1283
0
0.184115
0.184115
0
0.188144
0.188144
0.188144
0
0
0
0.205196
0
0
0
0
0
0.210819
0
0.210819
0
0
0.0683986
0
0.0704033
0.0685591
0.0685591
0
0
0
0
0
0
0
0
0
0
0
0
0
0
0
0
0
0
0
0
0
0
0
0
0
0
0
0
0
0
0
0
0
0
0
0
0
0
0
0
0.272166
0
0
0.272166
0
0.274721
0
0.272166
0
0
0.272166
0
0
0.298142
0
0
0
0
0
0
0
0
0
0.122068
0.248069
0.251976
0
0.081529
0.135079
0.081529
0.081529
0.081529
0
0.081529
0.12949
0.12949
0.12949
0.083189
0.130128
0.081529
0
0.081529
0
0
0
0
0
0.122068
0.122068
0
0.122068
0.122068
0.122068
0.122068
0.122068
0.122068
0.122068
0.122068
0
0
0
0
0.122068
0
0
0
0
0
0
0.0778696
0.0778696
0.0778696
0.0778696
0.0778696
0
0
0
0
0
0
0
0
0
0
0
0
0
0
0
0
0
0
0
0
0
0
0
0
0
0
0
0
0
0
0
0
0
0
0
0
0
0
0
0
0
0
0
0
0
0
0
0
0
0
0
0
0
0
0
0
0
0
0
0
0
0
0
0
0
0
0
0
0
0
0
0
0
0
0
0
0
0
0
0
0
0
0
0
0
0
0
0
0
0
0
0
0
0
0
0
0
0
0
0
0
0
0
0
0
0
0
0
0
0
0
0
0
0
0
0
0
0
0
0
0
0
0
0
0
0
0
0
0
0
0
0
0
0
0
0
0
0
0
0
0
0
0
0
0
0
0
0
0
0
0
0
0
0
0
0
0
0
0
0
0
0
0
0
0
0
0
0
0
0
0
0
0
0
0
0
0
0
0
0
0
0
0
0
0
0
0
0
0
0
0
0
0
0
0
0
0
0
0
0
0
0
0
0
0
0
0
0
0
0
0
0
0
0
0
0
0
0
0
0
0
0
0
0
0
0
0
0
0
0
0
0
0
0
0
0
0
0
0
0
0
0
0
0
0
0
0
0
0
0
0
0
0
0
0
0
0
0
0
0
0
0
0
0
0
0
0
0
0
0
0
0
0
0
0
0
0
0
0
0
0
0
0
0
0
0
0
0
0
0
0
0
0
0
0
0
0
0
0
0
0
0
0
0
0
0
0
0
0
0
0
0
0
0
0
0
0
0
0
0
0
0
0
0
0
0
0
0
0
0
0
0
0
0
0
0
0
0
0
0
0
0
0
0
0
0
0
0
0
0
0
0
0
0
0
0
0
0
0
0
0
0
0
0
0
0
0
0
0
0
0
0
0
0
0
0
0
0
0
0
0
0
0
0
0
0
0
0
0
0
0
0
0
0
0
0
0
0
0
0
0
0
0
0
0
0
0
0
0
0
0
0
0
0
0
0
0
0
0
0
0
0
0
0
0
0
0
0
0
0
0
0
0
0
0
0
0
0
0
0
0
0
0
0
0
0
0
0
0
0
0
0
0
0
0
0
0
0
0
0
0
0
0
0.117332
0.117332
0.117332
0.117332
0.117332
0.117332
0
0.117332
0.117332
0
0
0
0
0.117332
0.117332
0.117332
0.117332
0.117332
0.117332
0
0.117332
0.117332
0.117332
0.117332
0.11776
0.11776
0.11776
0.117783
0.11776
0.117332
0.117332
0.117332
0.119594
0.117332
0
0
0
0
0
0
0
0
0
0
0
0
0
0
0
0
0
0
0
0
0
0
0
0
0
0
0
0
0
0
0
0
0
0
0
0
0
0
0
0
0
0
0
0
0
0
0
0
0
0
0
0
0
0
0
0.122068
0.122068
0.122068
0.122068
0.122068
0.122068
0.122068
0
0.122068
0.122068
0.122068
0
0
0
0
0
0
0
0
0
0.122068
0.122068
0.122068
0.122068
0.122068
0.122068
0.122068
0.122068
0.122068
0.122068
0.122068
0.122068
0.122068
0
0
0
0.122068
0.122068
0.122068
0.122068
0.122068
0.122068
0.122068
0.122068
0.219529
0.122068
0.122068
0.122068
0.122068
0.122068
0.122068
0.122068
0.122068
0.122068
0.122068
0.122068
0.122068
0.122068
0
0
0.122068
0.122068
0.122068
0.122068
0.122068
0.122068
0.126365
0.126365
0.0530558
0.0532058
0.0532058
0.122068
0.129914
0.129914
0.129914
0.126886
0.126915
0
0
0
0
0
0
0
0
0
0
0
0.0969572
0.0969572
0
0
0
0
0
0
0
0
0.0969572
0.122068
0.122068
0.122068
0.122068
0.122068
0.122068
0.122068
0.122068
0.122782
0.122782
0.122068
0.122782
0.122782
0.122068
0.122068
0.122068
0.122068
0.122068
0.122068
0.122322
0.122068
0.122068
0.122068
0.122068
0.122068
0.122068
0.130837
0.122068
0.122068
0.122068
0.122068
0.203536
0.203536
0.123718
0.135595
0.123718
0.12044
0.115087
0.115087
0.126554
0
0
0.100567
0.100567
0.128329
0.138972
0.122068
0.122068
0
0
0
0
0.1272
0.127515
0.0669274
0.0669274
0
0
0
0
0
0
0
0.122068
0
0
0
0
0
0
0
0
0
0
0
0
0
0
0
0
0
0
0
0
0
0
0
0
0
0
0
0
0
0
0
0
0
0
0
0
0
0
0
0
0
0
0
0.126801
0.126801
0.126801
0.137109
0.139122
0
0
0
0.126801
0.122628
0.122628
0.122628
0
0
0
0
0.100567
0.100567
0.100567
0
0
0
0
0
0.100823
0.100823
0.100567
0.123718
0.123718
0.123718
0.123718
0.123718
0.123718
0.123718
0.130837
0.123718
0.100567
0.100567
0.100567
0.131804
0.131804
0.131804
0.100567
0.100567
0.129573
0
0.190476
0
0.19245
0.12343
0.12343
0
0
0
0
0
0
0
0.12343
0.12343
0.12343
0.12343
0.12343
0.12343
0.12343
0.333333
0.333333
0.333333
0.353553
0.353553
0.12343
0.123482
0.123482
0.145479
0.145479
0.148352
0.148352
0.172452
0.172452
0.123482
0.123482
0.123482
0.145095
0.145095
0.179425
0.179425
0
0
0
0.123482
0.123613
0.123482
0.12343
0.172452
0.172452
0
0.173749
0
0
0
0
0.173749
0
0
0
0
0
0
0
0
0
0
0
0
0
0
0
0
0
0
0
0
0
0
0
0
0
0
0.123456
0.123456
0.123404
0.123404
0.123456
0.130806
0.123404
0.123404
0.123404
0.123404
0.123404
0.123404
0.123404
0
0
0
0.123404
0.14103
0.14103
0.14103
0.12343
0.125163
0.12343
0.12343
0.12343
0.12343
0.126915
0.126915
0.0799361
0.13467
0.12343
0
0
0
0
0.12343
0.12596
0.12596
0.185963
0.185963
0.185963
0
0.123404
0
0
0
0
0.123404
0
0
0
0
0
0
0.124811
0.139122
0.1
0.130258
0.113137
0
0
0
0
0
0
0
0
0
0
0
0
0
0
0
0
0
0.11894
0.203536
0.203536
0
0
0
0
0
0
0
0
0
0.203536
0.203536
0
0
0
0
0
0
0.203536
0.203536
0
0.203536
0.203536
0
0
0
0
0.203536
0
0
0
0
0
0
0
0
0
0
0
0
0
0
0
0
0.129189
0.129189
0.129189
0.129189
0.129189
0.129189
0
0
0
0
0
0
0.129189
0.129189
0
0.129189
0
0
0
0.130005
0.130005
0.135319
0.130005
0.153619
0.130005
0.131654
0.131654
0.135526
0.135526
0.135699
0.131654
0.131654
0
0
0
0
0
0
0
0.130005
0.130837
0.130837
0.131244
0.131244
0
0.122068
0
0
0
0
0
0
0
0
0
0
0
0
0
0
0
0.122068
0.081529
0.081529
0.081529
0.081529
0.081529
0.084415
0
0.084415
0.0853666
0
0.081529
0.181257
0.081529
0.081529
0.081529
0.081529
0
0
0.081529
0.081529
0.081529
0.081529
0.081529
0.081529
0.081529
0.081529
0.081529
0.140875
0.140875
0.140875
0.140875
0.140875
0.140875
0.140875
0.140875
0.140875
0.125081
0.130373
0.125327
0.125327
0.111412
0.152057
0.125382
0
0
0
0.125382
0.0850914
0
0.131464
0.131464
0
0
0
0
0.133333
0
0
0
0
0
0
0
0
0
0
0
0
0
0
0.129671
0.129671
0.130962
0.150756
0.150756
0.150756
0.172613
0
0
0
0
0
0
0
0.0850914
0
0.0850914
0.0850914
0.0850914
0
0.0850914
0.0850914
0
0
0
0
0
0
0
0
0
0
0
0.13654
0.13654
0
0.13654
0.13654
0.136575
0.13654
0
0
0
0
0
0
0
0
0
0
0
0
0
0
0
0
0
0.23094
0.136399
0.13961
0
0
0
0
0
0
0
0
0
0
0
0
0
0
0
0
0
0
0
0
0
0
0
0
0
0.081529
0.081529
0.081529
0.081529
0.081529
0.081529
0.081529
0
0.081529
0.081529
0
0.081529
0.13255
0.081529
0
0.081529
0.081529
0.081529
0
0
0
0
0
0.081529
0
0
0
0
0.081529
0.081529
0
0.081529
0
0.081529
0.081529
0.081529
0
0.081529
0.081529
0.081529
0.081529
0.122068
0.122068
0.122068
0.122068
0.122068
0.124141
0.124141
0.122068
0.081529
0.081529
0.081529
0.081529
0.29173
0.280056
0.129339
0.153443
0.129429
0.141186
0.129429
0.129762
0.129762
0
0
0
0
0
0
0
0
0
0
0
0
0
0
0
0
0
0
0
0.0779418
0
0
0
0
0
0
0
0.081529
0.081529
0.081529
0.0654771
0
0
0.0654771
0.0654771
0.0654771
0
0
0
0.150756
0
0
0.0850914
0
0
0
0
0
0.081529
0.081529
0.081529
0.0855921
0.081529
0.081529
0
0.081529
0.081529
0.081529
0.081529
0.081529
0
0
0
0
0.081529
0.081529
0
0.081529
0.081529
0.081529
0
0.081529
0
0.081529
0.081529
0.081529
0.081529
0.081529
0.081529
0.081529
0.081529
0.081529
0.081529
0.081529
0.081529
0.081529
0.081529
0
0
0
0
0
0
0
0
0
0
0.081529
0.081529
0.177471
0.081529
0.216225
0
0
0
0
0
0
0.177783
0.177783
0.177783
0
0.123639
0.186501
0.186501
0.186501
0.0842152
0.0842152
0.0984136
0.0842152
0.186501
0.186501
0.186501
0.186501
0.186501
0.191663
0
0.165837
0
0.081529
0.081529
0.081529
0.081529
0.081529
0.081529
0
0.081529
0.081529
0
0.081529
0
0.081529
0.081529
0.081529
0.081529
0.081529
0.081529
0.081529
0
0
0
0
0.081529
0.081529
0.081529
0.1321
0.1321
0
0
0.1321
0
0
0
0
0
0
0
0
0
0.131432
0.131432
0.131432
0.131844
0.130312
0
0
0.130312
0.130312
0
0
0
0
0
0
0
0
0
0
0
0
0.081529
0
0
0
0
0
0.134164
0
0
0
0
0
0
0
0
0
0
0
0
0
0
0
0
0
0
0
0.081529
0.081529
0.081529
0.081529
0
0.081529
0
0
0
0.164399
0
0.158114
0.324443
0.417029
0
0
0
0
0
0
0
0
0
0
0
0
0
0
0
0
0
0
0
0
0
0
0
0
0
0
0
0
0
0
0
0
0
0
0
0
0.081529
0.081529
0.081529
0
0.081529
0
0
0
0
0
0
0
0
0
0
0
0
0
0
0
0
0
0
0
0.081529
0.130527
0.081529
0.081529
0
0.081529
0.081529
0.081529
0
0.0766965
0
0
0
0.0840663
0
0.0840663
0.137361
0.142094
0.131749
0.141225
0.131812
0.131812
0.131812
0.131812
0.131812
0.134164
0.134568
0
0.134164
0.131812
0.138123
0.140758
0.138123
0.138123
0.141461
0.140066
0.138123
0.138123
0
0
0
0
0
0.131812
0.131812
0.131812
0.141461
0
0.141461
0.141461
0.081529
0.081529
0.133531
0
0
0
0
0
0
0
0.134064
0
0.081529
0.081529
0.081529
0.081529
0.081529
0.123718
0.141539
0.142094
0.142094
0.081529
0.081529
0.081529
0.081529
0.081529
0.081529
0.122018
0.122018
0.122018
0.081529
0.130373
0.130466
0.130373
0.130373
0.081529
0
0.081529
0.215945
0.122068
0.122068
0.122068
0.122068
0.122068
0.122068
0.122068
0.122068
0.122068
0.122068
0.122068
0
0
0
0
0.122068
0
0.122068
0.122068
0.122068
0.122068
0
0
0
0
0
0
0
0
0
0
0
0
0
0
0
0
0
0
0
0
0
0
0
0
0
0
0.081529
0
0
0
0
0
0
0
0
0
0
0
0
0
0
0
0
0
0
0
0
0
0
0
0
0
0
0
0
0
0
0
0
0
0
0
0
0
0
0
0
0
0
0
0
0
0
0
0
0
0
0
0
0
0
0
0
0
0
0
0
0
0
0
0
0
0
0
0
0
0
0
0
0
0
0
0
0
0
0
0
0
0
0
0
0
0.121716
0.121716
0.121716
0.121716
0.121716
0.121716
0.121716
0
0
0
0
0
0
0
0
0
0
0
0
0
0
0
0
0
0
0
0
0
0
0
0
0
0
0
0
0
0
0
0
0
0
0
0
0
0
0
0
0
0
0
0
0
0
0
0
0
0
0
0
0
0
0
0
0
0
0
0
0
0
0
0
0
0
0
0
0
0
0
0
0
0
0
0
0
0
0
0
0
0
0
0
0
0
0
0
0
0
0
0
0
0
0
0
0
0
0
0
0
0
0
0
0
0
0
0
0
0
0
0
0
0
0
0
0
0
0
0
0
0
0
0
0
0
0.0779418
0.0779418
0.0779418
0.0779418
0.0779418
0
0
0.121342
0.272166
0
0.272166
0.121342
0.121342
0.121342
0.121342
0.121342
0.121342
0.121342
0.0891756
0.0891756
0.174078
0
0
0.19245
0.19245
0.174078
0.174078
0.174078
0
0
0.210819
0
0
0.174078
0
0
0
0
0
0
0
0.0922531
0
0
0
0
0
0
0.294884
0.308607
0.308607
0
0
0
0
0
0
0
0
0
0
0
0
0.353553
0.359211
0
0
0
0
0
0
0
0
0.175412
0.197066
0.181071
0.181071
0.201008
0
0
0.181071
0.181071
0.348155
0.210819
0.210819
0.181071
0.181071
0.19518
0.19518
0.201008
0.19518
0.348155
0.19518
0
0
0
0
0
0
0
0
0
0
0
0
0
0
0
0
0
0
0
0
0
0
0
0
0
0
0
0
0
0
0
0
0
0
0
0
0
0
0
0
0
0
0
0
0
0
0
0
0
0
0
0
0
0
0
0
0
0
0
0
0
0
0
0
0
0
0
0
0
0
0
0
0
0
0
0
0
0
0
0
0
0
0
0
0
0.120923
0.120923
0.120923
0.120923
0.120923
0.120923
0.120923
0.120923
0.120923
0
0
0
0
0
0
0.167248
0.0919601
0.102869
0.102869
0.103975
0.103975
0
0.103975
0
0.222222
0.222222
0
0.222222
0.222222
0.222222
0.234082
0.222222
0.237356
0.222222
0
0.222222
0.181071
0.0953463
0.103975
0.103975
0.222222
0.222222
0.222222
0.222222
0.222222
0.222222
0
0.0953463
0.301511
0
0
0
0
0
0
0
0.165521
0
0
0
0
0
0
0
0
0
0
0
0
0.181071
0.181071
0.181071
0.181071
0
0
0.0779418
0.0779418
0.0779418
0.0779418
0.0779418
0.0779484
0.0779484
0.0779484
0.0779484
0.0779484
0.0779484
0.0779484
0.0779484
0.0779484
0.0779484
0.0779484
0.0779484
0.0779484
0.0779484
0.0779484
0.0779484
0.0779484
0.0779484
0.0779484
0.0779484
0.0779484
0.0779484
0.0779484
0.0779484
0.0779484
0.0779484
0.0779484
0.0779484
0.0779484
0.0779484
0.0779484
0.0779484
0.0779484
0.0779484
0.0779484
0.0779484
0.0779484
0.0779484
0.0779484
0.0779484
0.0779484
0.0779484
0.0779484
0.0779484
0.0779484
0.0779484
0.0779484
0.0779484
0.0779484
0.0779484
0.0779484
0.0779484
0.0779484
0.0779484
0.0779484
0.0779484
0.0779484
0.0779484
0.0779484
0.0779484
0.0779484
0.0779484
0.0779484
0.0779484
0.0779484
0.0779484
0.0779484
0.0779484
0.0779484
0.0779484
0.0779484
0.0779484
0.0779484
0.0779484
0.0779484
0.0779484
0.0779484
0.0779484
0.0779484
0.0779484
0.0779484
0.0779484
0.0779484
0.0779484
0.0779484
0.0779484
0.0779484
0.0779484
0.0779484
0.0779484
0.0779484
0.0779484
0.0779484
0.0779484
0.0779484
0.0779484
0.0779484
0.0779484
0.0779484
0.0779484
0.0779484
0.0779484
0.0779484
0.0779484
0.0779484
0.0779484
0.0779484
0.0779484
0.0779484
0.0779484
0.0779484
0.0779484
0.0779484
0.0779484
0.0779484
0.0779484
0.0779484
0.0779484
0.0779484
0.0779484
0.0779484
0.0779484
0.0779484
0.0779484
0.0779484
0.0779484
0.0779484
0.0779484
0.0779484
0.0779484
0.0779484
0.0779484
0.0779484
0.0779484
0.0779484
0.0779484
0.0779484
0.0779484
0.0779484
0.0779484
0.0779484
0
0
0
0
0
0
0
0
0
0
0
0
0
0
0
0
0
0
0
0
0
0
0
0
0
0
0
0
0
0
0
0
0
0
0.0779484
0
0.0780737
0.0780737
0.0779484
0
0
0
0
0.0780737
0.0780737
0
0
0
0
0
0
0
0
0
0
0
0
0
0
0
0
0
0
0
0
0
0
0
0
0
0
0
0
0.0779615
0
0
0
0
0
0
0
0
0
0
0
0.0833655
0.0833655
0.0784934
0
0
0
0
0
0
0
0
0
0
0
0
0
0
0
0
0.0818546
0.0818546
0.0818546
0.0785472
0
0
0
0
0
0
0
0
0
0
0
0.0779484
0.0779484
0.0779484
0
0
0.0779418
0.0779418
0.0779418
0.0779418
0
0
0.0779484
0.0779484
0.0779484
0.0779484
0.0786146
0
0
0
0
0
0
0
0
0.124167
0.124167
0.124167
0.124167
0.124167
0.124167
0.124167
0.124167
0.124194
0.124194
0.124167
0.124167
0.124167
0.124167
0.124167
0.124167
0.124167
0.124167
0.124167
0.124167
0.124167
0.124167
0.124167
0.125905
0.124167
0.124167
0.124167
0.124167
0.124167
0.124167
0
0
0.124167
0.124167
0.124167
0.124167
0.0957948
0.0876309
0.0957948
0.0957948
0.0957948
0.0957948
0.0957948
0.0957948
0.123718
0
0.0957948
0.0957948
0.0957948
0.0876309
0.0876309
0.0876309
0.0876309
0.0876309
0.0876309
0.0876309
0.122068
0.122068
0.122068
0.122068
0.122068
0.122068
0.122068
0.0876309
0
0.0771517
0.108306
0.0887745
0
0
0
0
0.122068
0.122068
0.0383694
0.0886581
0.0886581
0.0886581
0.0886581
0.0886581
0.0886581
0
0
0
0
0.123273
0
0.0904843
0.0904843
0.0912977
0.100887
0.112568
0.0872664
0
0
0
0.0896822
0.0896822
0.126127
0.0896922
0
0.0896922
0.109691
0
0.0893534
0.0893732
0.122068
0
0.114624
0.114624
0.114624
0.114624
0.114624
0.114624
0
0
0
0
0.116139
0.116139
0
0
0
0
0
0
0
0.116139
0.108042
0.108042
0.108042
0.108042
0.108042
0
0
0
0
0
0.108448
0.108448
0.108448
0.108448
0.108448
0.108448
0
0
0
0
0
0
0
0
0
0
0.108965
0.108448
0.108448
0
0
0.118585
0.118585
0.108448
0.108448
0.108448
0.108448
0.108448
0
0
0
0
0
0
0
0
0
0
0
0
0
0
0
0
0
0
0.108448
0
0
0
0
0
0
0
0
0
0.109453
0.109453
0.109453
0.109453
0.111016
0
0.111436
0.109453
0
0
0.117399
0
0.117399
0.117399
0.117399
0.117399
0.117399
0.114624
0
0.114624
0.114624
0.114624
0.114624
0.114624
0
0
0
0
0
0
0
0
0
0
0
0
0
0
0
0
0
0
0
0
0
0
0
0
0
0
0
0
0
0
0
0
0
0
0.108042
0.108042
0
0.114624
0.108025
0.108025
0.114624
0.114624
0.114624
0
0
0.10843
0.10843
0
0.10843
0
0
0
0
0
0
0
0
0
0
0
0
0
0
0
0
0
0
0
0
0
0
0
0
0
0
0
0
0
0
0
0
0.0777387
0.0777387
0.0777387
0.0777387
0.0777387
0.0777387
0.0778041
0.0777648
0.0779418
0.0777387
0
0.0779418
0.0779418
0
0
0
0.0778696
0.0778696
0.0778696
0.0778696
0
0
0
0
0
0
0
0
0
0
0
0
0
0
0
0
0
0
0
0
0
0
0
0
0
0
0
0
0
0
0
0
0
0
0
0
0.120678
0.120678
0.120678
0.120678
0.120678
0.120678
0.120678
0
0
0
0
0
0
0.0837708
0.0837708
0.0837708
0.0837708
0.0837708
0.0837708
0.0837708
0.0837708
0.0837708
0.0846668
0.0846668
0.0846668
0.0846668
0.177471
0.177471
0.177471
0
0.177471
0.191565
0.191565
0.191565
0
0.2
0.191565
0.0928477
0.0846668
0.0851257
0.0846668
0.0837708
0.123325
0.172133
0.123456
0.120678
0
0
0
0
0
0
0
0
0
0
0
0
0
0
0
0
0
0
0
0
0.0779418
0.0779418
0.0779418
0.0779418
0.0779418
0.0779418
0.0779418
0
0
0
0
0
0
0
0
0
0
0
0
0
0
0
0
0
0
0
0
0
0
0
0
0
0
0
0
0
0
0
0
0
0
0
0
0
0
0
0
0
0
0
0
0
0
0
0
0
0
0
0
0
0
0
0
0
0
0
0
0
0
0
0.0846078
0.0846331
0
0
0
0
0
0
0
0
0
0
0
0
0
0
0
0
0
0
0
0
0
0
0.122068
0.122068
0.122018
0.122018
0.122018
0.122018
0.122018
0.122018
0.122018
0.122018
0.0779418
0.0779418
0.0779418
0.0779418
0.0779418
0.0779418
0.0779418
0.0779418
0.122068
0.122068
0.122068
0.122068
0.122068
0.122068
0.122068
0.122068
0.123718
0.123718
0.123718
0.123718
0.122068
0.122068
0.122068
0.135595
0.135595
0.135595
0.135595
0.135595
0.196854
0.135595
0.122068
0.122068
0.122068
0.122018
0.122018
0.122018
0.122018
0.122018
0.122018
0.122018
0.122018
0.122018
0.122018
0.122018
0.122018
0.122018
0.122018
0.122018
0.122018
0.122018
0.122018
0.122018
0.122018
0.122018
0.122018
0.122018
0.122018
0.122018
0.122018
0.122018
0.122018
0.122018
0
0
0
0
0
0
0
0.123404
0.12304
0.12304
0.10401
0.10401
0.10401
0
0
0
0.119898
0.142224
0.0836242
0
0.12304
0.12304
0.12304
0.12304
0.12304
0.130837
0.107911
0
0.127515
0.141421
0
0
0
0.12304
0
0.124973
0
0
0
0
0
0
0.124973
0.122068
0.123718
0.123718
0.123718
0.123718
0.123718
0.123718
0.123718
0.123718
0.123718
0.123718
0.123718
0.123718
0.123718
0.123718
0.123718
0.130868
0.130868
0
0.123718
0.123718
0.123718
0.123718
0.123718
0.123718
0.123718
0.123718
0.123718
0.123718
0.134265
0.134265
0.134265
0
0.134265
0.123718
0.081529
0.081529
0.081529
0.081529
0.081529
0.081529
0.081529
0.081529
0.081529
0.081529
0.081529
0.081529
0.081529
0.081529
0.081529
0.081529
0.081529
0.081529
0.081529
0.081529
0.081529
0.081529
0.081529
0.081529
0.081529
0.081529
0.081529
0.081529
0.081529
0.081529
0.081529
0.081529
0.081529
0.081529
0.081529
0.081529
0.081529
0.081529
0.081529
0.081529
0.081529
0.081529
0.081529
0.081529
0.081529
0.081529
0.081529
0.081529
0.081529
0.081529
0.081529
0.081529
0.081529
0.081529
0.081529
0.081529
0.11192
0.111901
0.111901
0.111901
0.111901
0.111901
0.111901
0.111901
0.111901
0.11192
0.11192
0
0
0
0.121268
0.121268
0
0
0
0
0
0
0
0
0
0
0
0
0
0
0
0
0
0
0
0
0
0
0
0
0
0
0
0
0
0
0.115449
0.115449
0
0.115449
0
0.116686
0.116401
0
0.129429
0
0
0
0
0.116686
0
0
0.141382
0
0.113007
0
0.113007
0
0.112096
0.112174
0.112174
0.130527
0.130527
0.130527
0.112987
0.113389
0
0
0
0.113007
0.11341
0
0
0
0
0
0
0
0
0
0
0
0
0
0
0
0
0
0
0
0
0
0
0
0
0
0
0
0
0
0
0
0
0
0
0
0
0
0
0
0
0
0
0
0
0
0
0
0
0
0
0
0
0
0
0
0
0
0
0
0
0
0
0
0
0
0
0
0
0
0
0
0
0
0
0
0
0
0
0
0
0
0
0
0.135079
0.135079
0.135079
0.135079
0.135079
0.135079
0
0
0
0
0
0
0
0
0
0
0
0.112154
0.134164
0
0.135147
0
0
0
0.13654
0.127746
0.166218
0.137505
0.127143
0.127314
0
0.13403
0.13403
0.136469
0.136469
0
0
0
0
0.130128
0
0.130128
0.130128
0.130128
0
0
0
0.116182
0.116291
0.116204
0.122373
0.116052
0.137325
0.136469
0
0
0.131527
0.134064
0.136469
0
0
0
0.122119
0
0
0
0.122936
0
0
0
0
0
0
0
0
0.132712
0
0
0
0
0
0
0
0
0.122936
0
0
0
0
0
0
0
0.130312
0.130404
0
0
0
0
0
0
0
0
0
0
0
0
0
0
0.132712
0.132712
0
0
0
0
0
0
0
0
0
0
0
0
0
0
0
0
0
0.113067
0
0.242734
0
0.112174
0.112174
0.127746
0.167444
0.134772
0
0
0
0
0
0
0
0
0
0
0
0
0
0
0
0
0
0
0
0
0
0
0
0
0
0
0
0
0
0
0
0
0
0
0
0.081529
0.081529
0.081529
0.081529
0.081529
0.081529
0.081529
0.081529
0.081529
0.081529
0.081529
0.081529
0.081529
0.081529
0.081529
0.081529
0.081529
0.081529
0
0
0
0.122018
0.135045
0.081529
0.081529
0.081529
0.081529
0.081529
0.081529
0.081529
0.081529
0.081529
0.081529
0.081529
0.081529
0.081529
0.081529
0.081529
0.081529
0.081529
0.081529
0.081529
0.081529
0.081529
0.081529
0.081529
0.081529
0.081529
0.081529
0.081529
0.081529
0.081529
0.081529
0.081529
0.081529
0.081529
0.081529
0.081529
0.081529
0.081529
0.081529
0.081529
0.081529
0.081529
0.081529
0.081529
0.081529
0.081529
0.081529
0.081529
0.081529
0.081529
0.081529
0.081529
0.081529
0.081529
0.081529
0.081529
0.081529
0.081529
0.081529
0.081529
0.081529
0.081529
0.081529
0.081529
0.081529
0.081529
0.081529
0.081529
0.081529
0.081529
0.081529
0.081529
0.081529
0.081529
0.081529
0.081529
0.081529
0.081529
0.081529
0.081529
0.081529
0.081529
0.081529
0.081529
0.081529
0.081529
0.081529
0.081529
0.081529
0.081529
0.081529
0.081529
0.081529
0.081529
0.081529
0.081529
0.081529
0.081529
0.081529
0.081529
0.081529
0.081529
0.081529
0.081529
0.081529
0.081529
0.081529
0.081529
0.081529
0.081529
0.081529
0.081529
0.081529
0.081529
0.081529
0.081529
0.081529
0.081529
0.081529
0.081529
0.081529
0.081529
0.081529
0.081529
0.081529
0.081529
0.081529
0.081529
0.081529
0.081529
0.081529
0.081529
0.081529
0.081529
0.081529
0.081529
0.081529
0.081529
0.081529
0.081529
0.081529
0.081529
0.081529
0.081529
0.081529
0.081529
0.081529
0.081529
0.081529
0.081529
0.081529
0.081529
0.081529
0.081529
0.081529
0.081529
0.081529
0.081529
0.081529
0.081529
0.081529
0.081529
0.081529
0.081529
0.081529
0
0
0.081529
0.081529
0.081529
0.081529
0.081529
0.081529
0.081529
0.081529
0.081529
0.081529
0.081529
0.081529
0.081529
0.081529
0.081529
0.081529
0.081529
0.081529
0.081529
0
0
0
0
0
0.081529
0
0
0
0
0
0
0
0
0
0
0
0
0
0
0
0
0
0
0
0
0
0
0
0
0
0
0
0
0
0
0
0.130589
0
0.130589
0.130589
0
0
0
0
0
0
0
0.121194
0
0.121194
0.081529
0.081529
0.081529
0.130806
0.130806
0
0
0
0.130806
0
0
0
0.122068
0
0
0.122068
0.122068
0.122068
0.122068
0.122068
0
0
0
0
0.122068
0.081529
0.081529
0.143019
0.135045
0.0850401
0
0.081529
0.081529
0.081529
0.081529
0.122018
0.122018
0.122018
0.122018
0
0.081529
0.081529
0
0
0
0.081529
0
0
0
0
0
0
0
0.081529
0.081529
0.081529
0.081529
0.081529
0.081529
0.081529
0.081529
0.081529
0.081529
0.081529
0.081529
0.081529
0
0
0
0.081529
0
0
0
0
0
0
0
0
0
0.130713
0
0
0
0
0
0
0.130435
0
0
0
0.130435
0
0
0
0
0
0
0
0.130435
0
0.137795
0
0
0
0
0.142857
0
0.142054
0
0
0
0
0
0
0.285714
0
0.130806
0.130806
0
0.130806
0.135147
0.135147
0
0
0
0
0
0.135147
0.135285
0.239046
0.239046
0.239046
0.239046
0.458831
0.458831
0.458831
0
0.458831
0.458831
0.239046
0.239046
0
0
0
0
0
0
0
0
0
0
0
0
0
0
0
0.239046
0.239046
0
0
0
0
0
0
0
0
0
0
0
0
0
0
0
0
0
0
0
0
0.127746
0.127746
0.127746
0.123482
0.123482
0.123482
0.122018
0.122018
0.122018
0.122018
0.122018
0.122018
0.122018
0.122018
0.0779418
0.0779418
0.0779418
0.0779418
0.0779418
0.0779418
0.0779418
0.0779418
0
0.127372
0.127372
0
0
0
0
0
0
0
0
0
0
0
0
0
0
0.223607
0
0.223607
0
0
0
0.666667
0
0.666667
0.132421
0
0
0
0
0.132421
0
0
0
0
0
0
0
0
0
0.226455
0.666667
0.235702
0
0.246183
0.417029
0
0
0
0.226455
0
0
0
0
0
0
0
0
0
0
0
0
0
0.0932505
0
0.0932505
0
0
0
0
0
0
0
0
0
0
0
0
0
0
0
0
0.141975
0.141975
0.141975
0
0
0
0.141975
0.14103
0.14103
0
0
0
0
0.14103
0.14103
0.141935
0.142134
0.142134
0
0
0.142134
0.142134
0
0
0
0.14103
0.132389
0.132389
0
0
0
0
0
0.132389
0
0
0
0
0
0
0
0
0
0
0
0
0
0
0
0
0
0
0
0
0
0
0
0
0
0
0
0
0
0
0
0
0
0
0
0
0
0
0
0
0
0
0
0
0
0
0
0
0
0
0
0
0
0
0
0
0
0
0
0
0
0
0
0
0
0
0
0
0
0
0
0
0
0
0
0
0.0787499
0.0787499
0.0787499
0.0787499
0
0
0
0
0.0787567
0.0787567
0.0787567
0.0787567
0.0787567
0.0787567
0.0787567
0.0787499
0
0.0788928
0
0
0
0
0
0
0
0
0
0
0
0
0
0
0
0
0
0
0
0
0
0
0
0
0
0
0
0
0
0
0
0
0
0
0
0
0
0
0
0
0
0
0
0
0.0835107
0.0835107
0.0835107
0.121766
0
0
0
0
0
0
0
0
0
0
0
0
0
0
0
0
0
0
0
0
0
0
0
0
0
0
0
0
0
0
0
0
0
0
0
0
0
0
0
0
0
0
0
0
0
0
0
0
0
0
0
0
0
0
0
0
0
0
0
0
0
0
0
0
0
0
0
0
0
0
0
0
0
0
0
0
0
0
0
0
0
0
0
0
0
0
0
0
0
0
0
0
0.0777322
0.0777322
0.0777322
0.0777322
0.0779484
0
0
0.121342
0.359211
0
0
0
0
0
0.0783528
0.0783528
0.0778696
0.0778696
0.0778696
0.0778696
0.0778696
0.0778696
0.0778696
0.0778696
0.0778696
0.0778696
0.0778696
0.0778696
0.0778696
0.0778696
0.0778696
0.0778696
0.0778696
0.0778696
0.0778696
0.0778696
0.0778696
0
0
0
0.0778696
0.0778696
0.0778696
0.0778696
0.0778696
0.0778696
0.0778696
0.0778696
0.0778696
0.0779484
0.0779484
0.0779484
0.0779615
0.0779615
0.0779484
0.0779484
0.0779615
0.0784465
0
0
0
0.0779484
0.0846499
0
0
0
0
0.0779484
0
0.0779484
0.0779484
0.0779484
0.0779484
0.0779484
0.115151
0.0779484
0.0779484
0
0
0.0836161
0.0836161
0.0836323
0.0836323
0.0836161
0.0836161
0
0
0.0835431
0.0835431
0.0835431
0.0835431
0.0835431
0.0835431
0
0
0
0
0
0.083608
0.0835431
0.0835431
0.0835431
0.0835431
0.0835431
0
0.0835431
0.0835431
0.0835431
0.0837218
0.0837218
0.0835431
0.0835431
0
0.0835431
0
0.0835431
0.0835431
0.0835431
0
0.0835431
0.0835431
0
0
0
0.0835431
0.0835431
0.0835431
0.0835431
0.0835431
0.0835431
0.0835431
0.0835431
0.0835431
0.0835431
0.0835431
0.0835431
0.0837218
0.0837218
0.0837218
0
0.0837218
0.0835431
0.0835431
0.0835431
0.0835431
0
0.0835431
0.0835431
0
0
0
0
0
0
0
0
0
0
0
0
0
0
0
0
0
0
0
0
0
0
0
0
0
0
0
0
0
0
0
0
0
0
0
0
0
0
0
0
0
0
0
0
0
0
0
0
0
0
0
0
0
0
0
0
0
0
0
0
0
0
0
0
0
0
0
0
0
0
0
0
0
0
0
0
0
0
0
0
0
0
0
0
0
0
0
0
0
0
0
0
0
0
0
0
0
0
0
0
0
0
0
0
0
0
0
0
0
0
0
0
0
0
0
0
0
0
0
0
0
0
0
0
0
0
0
0
0
0
0
0
0
0
0
0
0
0
0
0
0.0786146
0.0786146
0
0.0786146
0.0786146
0.0786146
0
0.0786146
0
0
0
0.0819997
0.0842816
0
0
0
0
0
0
0
0
0
0.0880167
0
0
0
0
0
0
0
0
0
0
0
0
0
0
0
0
0
0
0
0
0
0
0
0
0
0
0
0
0
0
0
0
0
0
0
0
0.081529
0.081529
0.081529
0
0
0
0
0
0
0
0
0.122018
0.122018
0.122018
0
0
0
0
0
0
0
0
0
0
0
0
0
0
0
0
0
0
0
0
0
0
0
0
0
0
0
0
0
0
0
0
0
0
0
0
0
0
0
0
0
0
0
0
0
0
0
0
0
0
0
0
0
0
0
0
0
0
0
0
0
0
0
0
0
0
0
0
0
0
0
0
0
0
0
0
0
0
0
0
0
0
0
0
0
0
0
0
0
0
0.078554
0
0
0
0
0
0
0
0
0
0
0
0
0
0
0
0
0
0
0
0
0
0
0
0
0
0
0
0
0
0
0
0
0
0
0
0
0
0
0
0
0
0
0
0
0.0786349
0.0786349
0.0786349
0.0786349
0.0786349
0
0
0
0
0
0
0
0.0778696
0.0778696
0
0
0
0
0
0
0.0784934
0.0784934
0.0784934
0.0784599
0
0
0
0
0.078554
0.078554
0.078554
0
0
0.0824942
0.0824942
0
0
0
0.078554
0.078554
0
0.0779484
0
0
0
0
0
0
0
0
0
0
0
0
0
0
0
0.07892
0
0.0785338
0
0
0
0
0
0
0
0
0
0
0
0
0
0
0
0
0
0
0
0
0
0
0
0
0
0
0
0
0
0
0
0.145736
0
0
0
0
0
0
0
0
0
0
0
0
0
0
0
0
0
0
0
0
0
0
0
0
0
0
0
0
0
0
0
0
0
0
0
0
0
0
0
0
0
0
0
0
0
0
0.0778696
0.0778696
0.0778696
0.0778696
0
0
0
0.078527
0.078527
0.078527
0.078527
0.078527
0.078527
0.078527
0.078527
0
0
0
0
0
0
0
0.078527
0.078527
0.078527
0
0
0
0
0
0
0
0
0
0
0.078527
0.078527
0.078527
0.078527
0.078527
0
0
0
0
0
0
0
0
0
0
0
0
0
0
0
0
0
0
0
0
0
0
0
0
0
0
0
0
0
0
0
0
0
0
0.078527
0.078527
0.078527
0.078527
0
0
0
0
0
0
0
0
0
0.078527
0
0
0
0
0
0
0
0
0
0
0
0
0
0
0
0
0
0
0
0
0
0
0
0
0
0
0
0
0
0
0
0
0
0
0
0
0
0
0
0
0
0
0
0.078527
0.078527
0.078527
0.078527
0.078527
0.078527
0
0
0
0
0
0
0
0
0
0
0
0
0
0
0
0
0
0
0
0
0
0
0
0
0
0
0
0
0
0
0
0
0
0
0
0
0
0
0.0778696
0
0
0
0.122068
0.122068
0.122068
0.122068
0.122068
0.122068
0.122068
0.122068
0.122068
0.122068
0
0
0
0
0.122068
0.122068
0.142857
0.142857
0
0.142857
0.142857
0.122068
0.122068
0.122068
0.122068
0.122068
0.122068
0.122068
0.122068
0.124167
0.122068
0
0.122068
0.122068
0.122068
0.122068
0.122068
0.122068
0.122068
0.122068
0.122068
0.122068
0.122068
0.122068
0.122068
0.121491
0
0
0
0
0
0
0
0
0
0
0
0
0
0
0
0
0.121491
0.121491
0.121491
0
0
0
0.121491
0.123091
0
0
0
0.1283
0.13484
0.1283
0.122068
0.122068
0.122068
0.122068
0.115087
0.115087
0.122962
0.122962
0.128329
0.128329
0
0
0
0
0.201008
0.201008
0
0
0.203536
0.203536
0.180517
0.180517
0
0
0
0
0
0.280056
0.280056
0
0
0.282843
0.282843
0.282843
0
0
0
0
0
0
0
0
0
0.120605
0.120605
0.120605
0.222222
0.222222
0.125272
0.125272
0.138935
0
0
0.0922286
0.0922286
0
0.122068
0.122068
0.122068
0.138898
0.138898
0.142174
0.138898
0.122068
0
0
0
0
0
0.115087
0.115087
0.115087
0.115087
0.115087
0.115087
0.115087
0.115087
0.125054
0.125054
0.103556
0.103556
0.103556
0
0.103556
0.103556
0.136717
0.103556
0.103556
0.143963
0.143963
0.143963
0.130005
0.130005
0.130005
0.130005
0.130005
0.125054
0.130005
0.130005
0.130005
0.130005
0
0.130005
0
0.131972
0
0
0
0
0
0
0
0.131972
0.138935
0.138935
0.138935
0.138935
0.129189
0.129189
0.129189
0.129189
0.129189
0.13159
0
0.131244
0.122962
0.122962
0.122962
0.122962
0.106299
0.106299
0.106299
0.12356
0.12356
0.123797
0.123797
0.123797
0.123797
0.123902
0.123902
0
0.12356
0.12356
0.280056
0.280056
0.280056
0
0
0
0
0
0
0
0
0
0
0
0
0
0
0
0
0
0
0
0
0
0
0
0
0
0
0
0
0
0
0
0
0
0
0
0
0
0
0
0
0
0
0
0
0
0
0.201008
0.201008
0.201008
0.201008
0.201008
0.201008
0.201008
0.201008
0.201008
0.201008
0.201008
0.208514
0
0.201008
0.203536
0.203536
0.203536
0.203536
0.203536
0.215945
0.215945
0.215945
0.215945
0.215945
0
0.203536
0.203536
0.203536
0.203536
0.203536
0.203536
0.205557
0
0
0
0
0
0
0
0
0
0
0
0
0
0
0
0
0
0
0
0
0
0
0
0
0
0.215945
0.215945
0.215945
0.0928477
0
0.0979404
0.0979404
0.0979404
0.0979404
0.0979404
0
0
0
0.0979404
0.0979404
0.224387
0.215945
0.21793
0
0
0
0
0
0
0
0
0
0
0
0
0
0
0
0
0
0
0
0
0
0
0
0
0
0
0
0
0
0
0
0
0
0
0
0
0
0
0
0
0
0
0.180517
0.180517
0.180517
0.180517
0.180517
0.180886
0.180886
0
0.182006
0.185496
0.185496
0.187729
0.180517
0.180517
0
0.180517
0
0.122885
0.122885
0.122885
0.222222
0.222222
0.222222
0.227921
0.227921
0
0.222222
0.128329
0.128329
0.128329
0.128329
0.128329
0.0979404
0.0979404
0
0
0
0
0
0
0
0
0
0
0.0979404
0.128183
0.128535
0.128535
0.128535
0
0
0.128183
0.128329
0.128329
0.128329
0.129914
0.129914
0.129914
0
0.129914
0.146647
0.146647
0.149801
0.146647
0
0
0
0.146647
0
0
0
0
0
0
0
0
0
0
0
0
0
0
0
0
0
0
0
0
0
0
0
0
0
0
0
0
0
0
0
0
0.127064
0
0.127064
0
0.127064
0.127064
0.123876
0.123876
0.119098
0.123955
0.125299
0.122068
0
0
0
0
0
0
0
0
0
0
0
0
0
0
0
0
0
0
0
0
0
0
0
0
0
0.0783594
0.0783594
0.0783594
0.0783594
0
0.0783594
0.0783594
0.0783594
0.0783594
0.0785001
0
0
0.0783594
0.0783594
0
0.0783594
0.0783594
0
0
0.0783594
0
0
0
0
0
0
0
0
0
0
0
0
0
0
0
0
0
0
0
0
0
0
0
0
0
0
0
0
0
0
0
0
0
0
0
0
0
0
0
0
0
0
0
0
0
0
0
0
0
0
0.0783594
0
0
0
0
0
0.0783594
0
0
0
0
0
0
0
0
0
0
0
0
0
0
0
0
0
0
0
0
0
0.0783594
0.0783594
0.0783594
0.0783594
0.0783594
0.0783594
0
0
0
0
0
0
0
0
0
0.0779484
0.0779484
0.0779484
0.0779484
0.0779484
0.0779484
0.0780737
0.115129
0.115129
0.0779484
0.0779484
0.0779484
0.0779484
0
0.111842
0.0780935
0.0845406
0.0845406
0.0845574
0.084549
0.111842
0
0.0779484
0.0779484
0.0779484
0.0779484
0.0779484
0.0779484
0.0779484
0.0779484
0.0779484
0.0779484
0.0779484
0.0779484
0.0779484
0.0779484
0.0779484
0.0779484
0.0779484
0.0779484
0.0779484
0.0779484
0
0
0
0
0
0
0
0
0
0
0
0
0
0
0
0
0.0779484
0.0780935
0.0845574
0.111842
0
0.111842
0.114624
0
0
0
0
0
0
0
0
0
0
0
0
0
0
0
0.0779418
0.0779418
0.0779418
0.0779418
0.0779418
0.0779418
0
0
0
0
0
0
0.0779418
0.0779418
0.0779418
0.0779418
0.0779418
0.0779418
0.0779418
0.0779418
0
0
0
0
0.0780869
0
0
0
0
0
0.0779484
0
0.0779484
0.0779484
0.0779484
0.0779484
0.0779484
0.0779484
0.0779484
0.0779484
0.0779484
0.0779484
0.0779484
0.0779484
0.0779484
0.0779484
0.0779484
0.0779484
0.0779484
0.0779484
0
0.0779484
0.0779484
0.0779484
0.0779484
0.0779484
0.0779024
0.0779024
0.0779024
0.0783996
0
0
0
0
0
0
0
0
0
0
0
0
0
0
0
0
0
0
0
0
0.0779024
0
0.0779024
0
0
0
0
0
0
0
0
0
0
0
0
0
0
0
0
0
0
0
0
0
0
0
0
0
0
0
0
0
0
0
0
0
0
0
0
0
0
0
0
0
0
0
0
0
0
0
0
0
0
0
0
0
0
0
0
0
0
0
0
0
0
0
0
0
0
0
0
0
0
0
0
0.0779418
0
0
0
0
0
0
0
0
0
0
0
0
0
0
0
0
0
0
0
0
0
0
0
0
0
0
0
0
0
0
0
0
0.0886581
0.0886581
0.0886581
0.0886581
0.0886581
0.0886581
0.0886581
0.0886581
0.0886581
0.0886581
0.0886581
0.0886581
0.110138
0.111321
0
0.0936586
0
0.0897574
0.13728
0
0
0.136399
0.136399
0.136399
0.152894
0
0
0
0
0
0.122169
0.13025
0
0.143963
0.143963
0.143963
0.122068
0.122068
0.122068
0.122988
0
0
0
0
0
0
0
0
0
0
0
0
0
0
0
0
0
0
0
0
0.0784465
0.0784465
0.0784465
0.0784465
0
0
0
0
0
0
0
0
0
0
0
0
0
0.0779484
0.0779484
0.0779484
0.0779484
0.0779484
0.0779484
0
0
0
0
0
0
0
0
0
0
0
0.0784733
0
0.0819997
0.0842816
0
0
0
0.0819003
0.0819003
0
0
0
0.0819003
0
0
0.121342
0
0
0
0.0779484
0
0
0
0.0779484
0
0
0
0.0779484
0.0779615
0.0779615
0.0779615
0.0779484
0
0
0
0
0
0
0
0
0
0
0
0
0
0
0
0
0
0
0
0
0
0
0
0
0
0
0
0
0
0
0
0
0
0
0
0
0
0
0
0
0
0
0
0
0
0
0
0
0
0
0
0
0
0
0
0
0
0
0
0
0
0
0
0
0
0
0
0
0
0
0
0
0
0
0
0
0
0
0
0
0
0
0
0
0
0
0
0
0
0
0
0
0
0
0
0
0
0
0
0
0
0
0
0
0
0.114624
0.114624
0.114624
0.114624
0.114624
0.114624
0.114624
0.114624
0.114624
0.114624
0.114624
0.114624
0.114624
0.114624
0.114624
0.114624
0.114624
0.114624
0.114624
0.114624
0
0
0
0
0
0
0.114624
0.114624
0
0.114624
0.114624
0.114624
0.114624
0.114624
0.114624
0.114624
0.114624
0.0637901
0.114624
0.114624
0.114624
0.114624
0.114624
0.114624
0.114624
0.114624
0.114624
0.123456
0
0
0.12958
0
0
0.114624
0.114624
0.267261
0
0
0
0
0.115728
0
0
0
0.114666
0.114624
0
0
0
0
0
0
0.267261
0.267261
0
0
0
0
0
0
0.114624
0.114624
0
0
0.119098
0.119098
0
0
0
0
0
0
0
0
0
0
0
0
0
0
0
0.089398
0.089398
0
0
0
0
0
0
0
0
0
0
0
0
0
0
0
0
0.267261
0.301511
0.301511
0.301511
0.301511
0.301511
0.301511
0.301511
0.301511
0.301511
0.301511
0.301511
0.301511
0
0
0
0
0
0
0.267261
0
0
0
0
0
0
0
0
0
0
0
0
0
0
0
0
0
0
0
0
0
0
0
0
0
0.114624
0.114624
0
0.114624
0.114624
0.13194
0.114624
0.114666
0.121417
0.114624
0.114687
0
0.114792
0
0.114624
0
0
0
0
0
0.119098
0.119098
0.119098
0
0
0
0
0
0
0
0
0
0
0
0
0
0
0
0
0
0
0
0
0
0
0
0
0
0
0
0
0
0
0
0
0
0
0
0
0
0
0
0
0
0
0
0
0
0
0
0
0
0
0
0
0
0
0
0
0
0
0
0
0
0
0
0
0.089398
0.089398
0.089398
0.11475
0
0.114436
0.114436
0.114855
0.114541
0
0
0
0
0
0
0
0
0.274721
0
0.316228
0
0
0
0
0
0
0
0
0
0
0
0
0
0
0
0.114561
0.114561
0.137253
0.114561
0.116466
0.114834
0.114457
0
0.267261
0
0.301511
0
0.114457
0.114624
0.114624
0.114624
0.114624
0.115108
0
0
0
0
0
0
0
0
0
0
0
0
0
0
0
0
0.115814
0
0
0
0
0
0
0
0
0
0
0
0
0
0
0.115108
0.118424
0
0.115193
0.11616
0.119028
0.0432035
0
0
0
0
0
0
0
0
0
0
0
0
0
0
0
0
0
0
0
0.0638226
0.114624
0.114624
0.114624
0.114624
0.117242
0.119499
0
0.117242
0.117242
0.117242
0.114624
0.114624
0.114624
0.114624
0.114624
0.114624
0
0.0779615
0.0779615
0.0779615
0.0779615
0.0779615
0.0779615
0
0
0
0
0
0
0
0
0
0
0
0
0
0
0
0
0
0
0
0
0
0
0
0
0
0
0
0
0
0
0
0
0
0
0
0
0
0
0
0
0
0
0
0
0
0
0
0
0
0
0
0
0
0
0
0
0
0
0
0
0
0
0
0
0
0
0
0
0
0
0.0783461
0.0783461
0.0783461
0.0783461
0.0783461
0.0783461
0.0783461
0.0783461
0.0783461
0
0
0
0
0
0
0
0
0
0
0
0
0
0
0
0
0
0
0
0
0
0
0
0
0
0
0
0
0
0
0
0.151402
0.152057
0
0
0
0
0
0
0
0
0
0
0
0
0
0
0
0
0
0
0
0
0
0
0
0
0
0
0
0
0
0
0
0
0
0
0
0
0
0
0
0
0
0
0
0
0
0
0
0
0
0
0
0
0
0
0
0
0
0
0
0
0
0
0
0
0
0
0
0
0
0
0
0
0
0
0
0
0
0
0
0
0
0
0
0
0
0
0
0
0
0
0
0
0
0
0
0
0
0
0
0
0
0
0
0
0
0
0
0
0
0
0
0
0
0
0
0
0
0
0
0
0
0
0
0
0
0
0
0
0
0
0
0
0
0
0
0
0
0
0
0
0
0
0
0
0
0
0
0
0
0
0
0
0
0
0
0
0
0
0
0
0
0
0
0
0
0
0
0
0
0
0
0
0
0
0
0
0
0
0
0
0
0
0
0
0
0
0
0
0
0
0
0
0
0
0
0
0
0
0
0
0
0
0
0
0
0
0
0
0
0
0
0
0
0
0
0
0
0
0
0
0
0
0
0
0
0
0
0
0
0
0
0
0
0
0
0
0
0
0
0
0
0
0
0
0
0
0
0
0
0
0
0
0
0
0
0
0
0
0
0
0
0
0
0
0
0
0
0
0
0
0
0
0
0
0
0
0
0
0
0
0
0
0
0
0
0
0
0
0
0
0
0
0
0
0
0
0
0
0
0
0
0
0
0
0
0
0
0
0
0
0
0
0
0
0
0
0
0
0.10224
0
0
0
0.105231
0
0
0
0
0
0
0
0
0
0
0
0
0
0
0
0
0.077791
0
0
0
0
0
0
0
0
0
0
0
0
0
0
0.0876029
0.0821995
0.0876029
0
0
0
0
0
0
0
0
0
0
0.101929
0
0
0.274721
0
0.298142
0
0
0
0.0864765
0.0870847
0.0865035
0.0865035
0.0909091
0.0989878
0
0
0
0
0
0
0
0
0
0
0
0
0
0
0
0
0
0
0
0
0
0
0
0
0
0
0
0
0
0
0
0
0
0
0
0
0
0
0
0
0
0
0
0
0
0
0
0
0
0
0
0
0
0
0
0
0
0
0.09375
0.10331
0.0872502
0
0
0
0
0
0
0
0
0
0
0
0
0
0
0
0
0
0
0
0
0
0
0
0.0945263
0.105053
0
0.0949039
0
0
0
0
0
0
0
0
0
0
0
0
0
0
0
0
0
0
0
0
0
0
0
0
0
0
0
0
0
0
0
0
0
0
0
0
0
0
0
0
0
0
0
0
0
0
0
0
0
0
0
0
0
0
0
0
0
0
0
0
0
0
0
0
0
0
0
0
0
0
0
0
0
0
0
0
0
0
0
0
0
0
0
0
0
0
0
0
0
0
0
0
0
0
0
0
0
0
0
0
0
0
0
0
0
0
0
0
0
0
0
0
0
0
0
0
0
0
0
0
0
0
0
0
0
0
0
0
0
0
0
0
0
0
0
0
0
0
0
0
0
0
0
0
0
0
0
0
0
0
0
0
0
0
0
0
0
0
0
0
0
0
0
0
0
0
0
0
0
0
0
0
0
0
0
0
0
0
0
0
0
0
0
0
0
0
0
0
0
0
0
0
0
0
0
0
0
0
0
0
0
0
0
0
0
0
0
0
0
0
0
0
0
0
0
0
0
0
0
0
0
0
0
0
0
0
0.0886581
0.0886581
0.0886581
0.089294
0.089294
0.0886581
0.0907737
0.0886581
0.0873889
0.0873889
0.0873889
0.0855921
0.0855921
0.10993
0
0
0.0873889
0.122195
0.122195
0.122195
0.122195
0.122195
0
0
0
0
0
0
0
0
0
0
0
0
0
0
0
0
0
0
0
0
0
0
0
0
0
0
0
0
0
0
0
0
0
0
0
0
0
0
0
0
0
0
0
0
0
0
0.196854
0.196854
0.196854
0.196854
0
0
0
0
0
0.196854
0
0
0
0
0
0
0
0
0
0.122018
0.122018
0
0
0
0
0
0
0
0
0
0
0
0
0
0
0
0
0
0
0
0
0
0
0
0
0
0
0
0
0
0
0
0
0
0
0
0
0
0
0
0
0
0
0
0
0
0
0
0
0
0
0
0
0
0
0
0
0
0
0
0
0
0
0
0
0
0
0
0
0
0
0
0
0
0
0
0
0
0
0
0
0
0
0
0
0
0
0
0
0
0
0
0
0
0
0
0
0
0
0
0
0
0
0
0
0
0
0
0
0
0
0
0
0
0
0
0
0
0
0
0
0
0
0
0
0
0
0
0
0
0
0
0
0
0
0
0
0
0
0
0
0
0
0
0
0
0
0
0
0
0
0
0
0.0834622
0.0834622
0.0834622
0.0834622
0.0834622
0.0834622
0.0834622
0
0
0
0
0
0
0
0
0.0835269
0.0835269
0
0
0.0835107
0.0835107
0.0835107
0
0
0
0
0
0
0
0
0
0
0
0
0
0
0
0
0
0
0
0
0
0
0
0
0
0
0
0
0
0
0
0
0
0
0
0
0
0
0.0835107
0
0
0
0
0
0
0
0
0
0
0
0
0
0
0
0
0
0
0
0
0
0
0
0
0
0
0
0
0
0
0
0
0
0
0
0
0
0
0
0
0
0.0779418
0.0779418
0.0779418
0
0
0
0
0
0
0
0.078527
0
0
0
0
0
0
0
0
0
0
0
0
0
0
0
0
0.078527
0.078527
0.078527
0.078527
0.078527
0.078527
0.078527
0.078527
0
0
0.078527
0
0
0
0
0
0
0
0
0
0
0
0
0
0
0
0
0
0
0
0
0
0
0
0
0
0
0
0
0
0
0
0
0
0
0
0
0
0
0
0
0
0
0
0
0
0
0
0
0
0
0
0
0
0
0
0
0
0
0
0
0
0
0
0
0
0
0
0
0
0
0
0
0
0
0
0
0
0
0
0
0
0
0
0
0
0
0
0
0
0
0
0
0
0
0
0
0
0
0
0
0
0
0
0
0
0
0
0
0
0
0
0
0
0
0
0
0
0
0
0
0
0
0
0
0
0
0
0
0
0.0778696
0.0778696
0.0778696
0.0778696
0.0778696
0.077863
0.077863
0.077863
0.077863
0.077863
0.077863
0.0778696
0.0778696
0.0778696
0.0778696
0
0
0
0
0
0
0
0
0
0
0
0
0
0
0
0
0.078554
0
0
0
0
0
0
0
0
0
0
0.0779418
0
0.0779418
0
0.0779418
0
0.0779418
0
0
0
0
0
0
0
0
0
0
0
0
0
0
0
0
0
0
0
0
0.108448
0.108448
0.108448
0.108448
0.108448
0.108448
0
0
0
0
0
0
0.108448
0.108448
0
0
0.114624
0.114624
0.115728
0.115728
0.115728
0.108448
0.108448
0.108448
0.108448
0.108448
0.116753
0.108448
0
0
0
0
0.110413
0
0
0
0
0
0
0
0
0
0
0
0
0
0
0.122068
0
0
0
0
0
0.078554
0.078554
0.078554
0.078554
0.078554
0.078554
0.078554
0.078554
0.078554
0.078554
0.078554
0.078554
0.078554
0.078554
0.078554
0.078554
0.078554
0.078554
0.078554
0.112987
0.112987
0.112987
0.112987
0.112987
0.112987
0.112987
0.112987
0.112987
0.112987
0.112987
0.112987
0.112987
0.112987
0.112987
0.112987
0.112987
0.112987
0.112987
0.112987
0.112987
0.112987
0
0
0
0.112987
0.112987
0.112987
0.112987
0.112987
0
0
0
0
0
0.113389
0
0.112987
0.113007
0.113007
0.113007
0.113007
0.113007
0.113007
0.113007
0
0.113007
0.113007
0
0
0
0
0
0
0
0
0
0
0
0
0
0
0.121268
0
0
0
0.121268
0.121268
0
0
0
0
0
0
0
0
0
0
0
0
0
0
0
0
0
0
0
0
0
0
0
0
0
0
0
0
0
0
0
0
0
0
0
0
0
0
0
0
0
0
0
0
0
0
0
0
0
0
0
0
0
0
0
0
0
0
0
0
0
0
0
0
0
0
0
0
0
0
0
0
0
0
0
0
0
0
0
0
0
0
0
0
0
0
0
0
0
0
0
0
0
0
0
0
0
0
0
0
0
0
0
0
0
0
0
0
0
0
0
0
0
0
0
0
0
0
0
0
0
0
0
0
0
0
0
0
0
0
0
0
0
0
0
0
0
0
0
0
0
0
0
0
0
0
0
0
0
0
0
0
0
0
0
0
0.135079
0.135079
0.135079
0.135079
0.135079
0.135079
0.135113
0.135113
0
0
0.135113
0.135113
0.135113
0.135113
0.135079
0.135079
0.135079
0
0.135079
0
0.135079
0.135079
0
0
0
0
0
0
0
0
0
0.135079
0
0.135079
0
0
0
0.135079
0
0
0.135079
0.135079
0
0
0
0
0
0
0.135423
0.135423
0
0
0
0
0
0
0
0
0
0
0
0
0
0
0
0
0
0
0
0
0
0
0
0
0
0
0
0
0
0
0.143633
0
0
0
0
0
0
0
0.143633
0.143633
0
0
0
0
0
0
0
0
0
0
0
0
0
0
0
0
0
0
0.130713
0.130713
0.130713
0.130713
0
0.130713
0.130713
0.130713
0.130713
0
0
0
0.130713
0.130713
0.130713
0
0
0.136469
0
0
0.136469
0
0
0
0
0
0
0.136682
0.136682
0
0
0.135319
0
0
0
0.133465
0.133465
0
0.112987
0
0.112987
0.112987
0
0
0
0
0.133399
0
0.133399
0.133399
0.135147
0.135665
0.135665
0
0
0
0
0.112987
0
0
0
0
0
0
0.112987
0
0
0
0
0
0
0
0
0
0
0
0
0
0
0
0
0
0
0
0
0
0
0
0
0
0
0
0
0
0
0
0
0
0
0
0
0
0
0
0
0.130713
0
0.135113
0.135113
0.135113
0.135113
0.135113
0.135113
0.135113
0.128535
0.128535
0
0.13022
0.128535
0
0.128535
0.128535
0.128535
0
0
0
0
0
0
0
0
0
0
0
0
0
0
0
0
0
0
0
0
0.126858
0
0
0
0
0
0
0
0
0
0
0
0
0
0
0
0
0
0
0
0
0
0
0
0
0
0
0
0
0
0
0
0
0
0
0
0
0
0
0
0
0
0
0
0
0
0
0
0
0
0
0
0
0
0
0
0
0
0
0
0
0
0
0
0
0
0
0
0
0
0
0
0
0
0
0
0
0
0
0
0
0
0
0
0
0
0.13022
0.131087
0.131087
0.131087
0.131087
0.131087
0
0.131087
0.131087
0
0.135113
0.135113
0.135113
0.135113
0.135113
0
0
0
0
0.135113
0.135113
0.135113
0.135113
0
0.135285
0.140488
0.140488
0.140488
0.135113
0
0.135113
0.135113
0
0
0
0
0
0
0
0
0
0
0.12949
0.12949
0.12949
0
0
0
0
0
0
0.130128
0
0
0
0
0
0
0
0
0
0
0
0
0
0.128654
0
0
0
0
0
0.128831
0.137904
0.12901
0.12901
0.12901
0
0
0.12901
0
0
0.12901
0.128683
0.138972
0.12901
0
0
0.12901
0
0
0.12901
0
0
0.12901
0.12901
0.12901
0.232495
0.232495
0.12901
0
0.12901
0
0.127515
0
0.127515
0.127515
0
0
0
0
0.127515
0.127515
0
0
0
0
0
0
0
0
0
0.127515
0.232495
0
0.232495
0.232495
0.232495
0.232495
0.254
0.254
0.254
0.280056
0.280056
0.280056
0.280056
0.458831
0.458831
0.458831
0.458831
0.458831
0
0.458831
0.458831
0
0.458831
0
0
0
1
0.254
0
0
0
0.235702
0
0.235702
0.235702
0
0.235702
0.235702
0.235702
0
0.235702
0.235702
0
0
0
0
0
0
0
0
0
0
0
0
0
0
0
0
0
0
0
0
0
0
0
0
0
0
0
0
0
0
0
0
0
0
0
0
0
0
0.235702
0.235702
0.285714
0
0
0
0
0
0
0
0
0
0
0
0
0
0
0
0
0
0
0
0
0
0
0
0
0
0
0
0
0
0
0
0
0
0
0
0
0
0
0
0
0
0
0
0
0
0
0
0
0
0
0
0
0
0
0
0
0
0
0
0
0
0
0
0
0
0
0
0
0
0
0
0
0
0
0
0
0
0
0
0
0
0
0
0
0
0
0
0
0
0
0
0
0
0
0
0.133963
0.136859
0.127171
0.112987
0.112987
0.112987
0
0
0
0.114939
0.113613
0.113613
0.113613
0.132068
0.132068
0
0
0.112987
0.112987
0
0
0.112987
0.112987
0.112987
0.112987
0.112987
0.112987
0.112987
0.137145
0.137145
0.137145
0.112987
0.112987
0
0.112987
0.112987
0.130713
0.130713
0.130713
0.130713
0.130713
0.13159
0.13159
0.130713
0.130713
0
0.0786281
0.0786281
0.0786281
0.0786281
0.0786281
0.0786281
0.0786281
0.0786281
0.0786281
0.0786281
0.0786281
0.0786281
0
0
0.0824942
0.0824942
0
0
0
0.0786281
0.0786281
0.0786281
0.0786281
0.0786281
0.0786281
0.0786281
0.0786281
0.0786281
0.112926
0.112926
0
0.112926
0
0.112926
0.0786281
0.0786281
0.0786281
0.0786281
0
0
0
0.0786281
0.069843
0.069843
0
0
0
0
0
0
0
0.069843
0
0
0
0
0.112987
0
0
0.112987
0
0
0
0
0.0786281
0.0786281
0.112987
0.112987
0.112987
0.112987
0.0786281
0.0786281
0.0786281
0.0786281
0.113369
0.0786281
0.0786281
0.095479
0.095479
0.095479
0
0.095479
0.095479
0
0
0
0
0
0
0
0
0
0
0.0786281
0.0873889
0.0873889
0.0786281
0.0786281
0.0786281
0.0786281
0.0786281
0.0786281
0.112987
0.112987
0.112987
0.112987
0.112987
0.112987
0.112987
0.112987
0.112987
0.0786281
0.0786281
0.0786281
0.122195
0.0786281
0.0792982
0
0
0
0
0.162758
0
0.182574
0
0
0
0
0
0
0
0
0
0
0
0
0
0
0
0.140894
0
0
0
0
0
0
0.109362
0
0
0
0
0
0
0
0
0
0
0
0
0
0
0
0
0
0
0.0742653
0
0
0
0
0
0
0
0
0
0
0
0
0
0
0
0.151186
0
0
0
0
0
0
0
0
0
0
0
0
0
0
0
0
0
0
0.0859691
0
0.0829185
0
0
0
0
0
0
0.0786281
0.0977712
0.0862885
0.0996271
0
0.0789474
0.039148
0.0786281
0.0786281
0.0859691
0.0859691
0.036917
0.036917
0.0859691
0.0952981
0.095479
0
0
0
0
0
0.0952981
0.0952981
0.128831
0
0.128831
0.128831
0.171499
0.171499
0.171499
0.128831
0.0738591
0.0738591
0.0738591
0
0.0738591
0.0786281
0.0786281
0.0786619
0.0786619
0.0786281
0.0786281
0.0786281
0.0786281
0
0
0
0
0
0.0786281
0
0.0786281
0.0786281
0.0786619
0.0786619
0.0870938
0
0
0
0
0
0
0
0
0
0
0
0
0.129099
0
0
0
0
0
0
0
0.0992583
0
0
0.0829185
0.0829185
0.0829185
0
0.172774
0.172774
0.172774
0.102945
0.102945
0.0461511
0.0461511
0.102945
0.102945
0.102945
0.102945
0.0873889
0.0873889
0.0873889
0.0869155
0.0869155
0
0.0869155
0.0869155
0.0869155
0.0873889
0.0873889
0.0873889
0.0869155
0.0869155
0.0869155
0.0873889
0.0873889
0.0873889
0.0873889
0.0944794
0.0869155
0.0873889
0.0873889
0.0873889
0.106718
0.106718
0.0873889
0.0873889
0.0873889
0.0873889
0.0873889
0
0
0
0
0
0
0.06742
0.06742
0.06742
0.06742
0
0
0
0
0
0
0
0
0
0
0
0
0
0
0
0
0
0.0789953
0.078961
0.095479
0.0789953
0
0.0789953
0.0789953
0.140894
0.039148
0
0
0
0
0
0
0
0
0
0
0
0
0
0
0
0
0
0
0
0
0
0
0
0
0
0
0
0
0
0
0.145962
0.145962
0.145962
0.096225
0
0
0
0
0
0
0
0
0
0
0
0
0
0.0721688
0
0
0
0
0
0
0
0
0
0
0
0
0
0
0
0
0
0
0
0
0
0
0
0
0
0
0
0
0
0
0
0
0
0
0
0
0
0
0.0910032
0.0910032
0.0910032
0
0
0.0928477
0.144715
0
0
0.0928477
0.0928477
0.151186
0.0928477
0.0727875
0.0727875
0
0.0624086
0
0.0624086
0.0624086
0.0624086
0.0624086
0.0624086
0.0624086
0.0624086
0.0683886
0.0683886
0.0624086
0
0
0
0
0
0
0
0
0
0
0
0
0
0
0.0786281
0.0786281
0.0602202
0.128831
0.0738591
0.0910032
0.0859691
0.0870938
0.0721688
0.0721688
0
0
0.109362
0
0
0
0
0
0
0.0828
0.0829185
0
0
0
0
0.143592
0
0.172774
0.172774
0
0.0873889
0.0992583
0.096225
0.129099
0
0
0.145962
0.0789953
0.140894
0.039148
0
0
0
0.0786281
0
0
0
0
0.0624086
0.0624086
0.0624086
0.0624086
0
0
0
0
0.0786281
0
0
0
0
0
0
0
0
0
0
0
0
0
0.112987
0.112987
0.112987
0.112987
0.112987
0.112987
0.112987
0.112987
0.112987
0.112987
0.112987
0.112987
0.112987
0.112987
0.112987
0.112987
0.112987
0.112987
0.112987
0.112987
0.112987
0
0.112987
0.132973
0.112987
0.112987
0.112987
0.113007
0.113007
0.113007
0.113007
0.113007
0.113007
0.113007
0.112987
0.112987
0.134332
0
0
0.145865
0.145865
0.12766
0.12766
0
0
0
0.137867
0.143101
0.140488
0
0
0
0
0
0
0
0
0
0
0
0
0.126491
0.126491
0.126491
0.126491
0.0718421
0.0718421
0.0718421
0.0718421
0.126886
0.126886
0.126886
0
0
0
0
0
0.126886
0.127
0.126886
0.126886
0.126886
0.126886
0.126886
0
0
0
0
0
0
0
0
0
0
0
0.113007
0.113007
0.113007
0
0.112987
0.112987
0.112987
0.112987
0
0
0
0.112987
0.112987
0.112987
0.112987
0.112987
0.112987
0.112987
0.112987
0.112987
0.112987
0.112987
0.133071
0.133071
0.113007
0.113027
0.113007
0.126491
0.127862
0.126604
0.112987
0.112987
0
0
0
0
0
0
0
0.112987
0.112987
0.112987
0.112987
0.112987
0.112987
0.112987
0
0
0
0
0.112987
0.112987
0.112987
0.132973
0
0
0.132973
0.132973
0.132973
0.112987
0.112987
0.132973
0.132973
0
0
0
0
0
0.112987
0.112987
0.112987
0.112987
0
0
0
0
0
0.11345
0
0
0
0
0.11345
0.11345
0.11345
0.11345
0
0
0
0
0
0
0
0.11345
0
0.11345
0.133071
0.133071
0.133071
0.112987
0.112987
0.112987
0.112987
0.112987
0.112987
0.112987
0.112987
0.112987
0.112987
0.112987
0.112987
0.112987
0.112987
0.112987
0.112987
0.112987
0.112987
0.112987
0.112987
0.112987
0.112987
0.112987
0.0786281
0
0.078554
0.078554
0
0.078554
0.078554
0.078554
0
0.078554
0.078554
0.078554
0.078554
0.078554
0.078554
0.078554
0.078554
0.078554
0.078554
0.078554
0.078554
0.078554
0.078554
0.078554
0.078554
0.078554
0.078554
0.0819844
0.0819844
0.078554
0
0.078554
0.078554
0.078554
0.0786281
0.0786281
0
0
0.078554
0.078554
0.0786281
0.0786281
0.078554
0.112987
0
0
0
0
0
0
0
0
0
0
0
0
0
0.126858
0.126858
0.126858
0.126858
0
0
0
0.135285
0.135216
0.130435
0
0
0
0
0
0
0
0.112115
0.112115
0.112115
0.112115
0.112115
0.112115
0.112115
0.112987
0
0.112987
0.112987
0.112987
0.112987
0
0.112115
0.112174
0.112174
0.112174
0.112174
0.112174
0.112174
0
0.112174
0.112272
0.112174
0.113007
0.113007
0
0
0
0.113007
0.113007
0
0
0
0
0
0.1272
0
0
0
0
0.1272
0.135079
0
0
0
0.135079
0
0
0
0
0
0
0
0.135079
0.135079
0.135079
0
0
0
0
0
0
0
0
0
0
0
0
0
0
0
0
0
0
0
0
0
0
0
0
0
0
0
0
0
0
0
0
0
0
0
0
0
0
0
0
0
0
0.13403
0.13403
0.13403
0.13403
0
0
0
0
0
0
0.136469
0.136469
0.136469
0.136469
0
0
0
0
0
0
0
0
0
0
0
0
0
0
0
0
0
0
0
0
0
0
0
0
0
0
0
0
0
0
0
0
0
0
0
0
0
0
0
0
0
0
0
0
0
0
0
0
0
0
0
0
0
0
0
0
0
0
0
0.121268
0.121268
0.121268
0.121268
0
0
0
0
0
0
0
0
0
0
0
0
0
0
0
0
0
0
0
0
0
0
0
0
0
0
0
0
0
0
0
0
0
0
0
0
0
0
0
0
0
0
0
0
0
0
0
0
0
0
0
0
0
0
0
0
0
0
0
0
0
0
0
0
0
0
0
0
0
0
0
0
0
0.132712
0.116952
0
0.112987
0.112987
0.112987
0.112987
0.078554
0.078554
0.078554
0.078554
0.078554
0.078554
0.078554
0.078554
0.078554
0.078554
0.078554
0.078554
0.078554
0.078554
0.078554
0.078554
0.078554
0.078554
0.078554
0.078554
0.078554
0.078554
0.078554
0.078554
0.078554
0.078554
0.078554
0.078554
0.078554
0.078554
0.078554
0.078554
0.078554
0.078554
0.078554
0.078554
0.078554
0.078554
0.078554
0.078554
0.078554
0.078554
0.078554
0.078554
0.078554
0.0779484
0.0779484
0.0779484
0.0779484
0.0779484
0.0779484
0.0780737
0.0779484
0.0777648
0
0
0
0
0
0
0
0
0
0
0
0
0
0
0
0
0
0
0
0
0
0
0.203536
0
0
0.122068
0
0
0
0
0
0
0.0778696
0.0778696
0
0
0.078527
0
0
0
0
0.0778041
0.0778041
0.0778041
0
0
0
0
0.175412
0.175412
0.175412
0
0
0
0
0
0
0
0
0
0
0
0
0
0
0
0
0
0.180989
0.175412
0.175412
0
0.218074
0.147743
0.147743
0.147743
0
0.175412
0
0
0
0
0.181651
0
0
0
0
0
0
0
0
0
0
0
0
0
0
0
0
0
0
0
0
0
0
0
0
0
0.0969857
0.0969857
0.0969857
0.126365
0
0.0532246
0.0562544
0
0.0970143
0
0.188052
0.188052
0.188052
0.188422
0
0
0
0
0
0
0
0.203653
0.203653
0.203653
0.204242
0
0
0
0
0
0
0
0
0
0
0
0.121716
0
0
0
0
0
0
0
0
0
0
0
0
0
0
0
0
0
0
0
0
0
0
0
0
0.126915
0.126915
0.126915
0.126915
0.130128
0.130128
0.126915
0.126915
0.126915
0.126915
0.126915
0.127143
0
0.127143
0.127573
0.127515
0.127515
0.127573
0.127515
0.127515
0
0.127515
0.127193
0.130993
0.130993
0.160128
0.131149
0.131149
0.130713
0.130962
0.130962
0.126681
0.130962
0.136469
0.136469
0.136469
0.136469
0.136505
0.136469
0.136469
0.136469
0.126915
0.129159
0.129219
0.132228
0.132712
0.132712
0.132712
0
0
0.134131
0
0.129219
0.127086
0.127086
0.127086
0.127086
0.127086
0.127086
0.127086
0.127086
0.127086
0.127086
0.127086
0.127086
0.127086
0.127086
0.127086
0.127086
0.127086
0.165647
0.165647
0
0
0.0779418
0.0779418
0.0779418
0.0779418
0.0779418
0.0779418
0.0779418
0.0779418
0.0779418
0.0779418
0.0779418
0.0779418
0.0779418
0.0779418
0.0779418
0.0779418
0.0779418
0.0779418
0.0779418
0.0779418
0.0779418
0.0779418
0.0779418
0.0779418
0.0779418
0.0779418
0.0779418
0.0779418
0.0779418
0.0779418
0.0779418
0
0
0.127086
0.127086
0.127086
0.127086
0.127086
0.127086
0.130312
0.127086
0.127086
0.128008
0.128008
0.128008
0.128008
0.128008
0.128008
0.128008
0.128008
0.128008
0.128008
0.127086
0.127086
0.127086
0.127086
0.127086
0.130312
0.127086
0.127086
0.127086
0.127372
0.127372
0
0
0
0.127372
0.127086
0
0
0
0.127086
0.127086
0.128154
0.128154
0.128154
0.128154
0.128154
0
0.127086
0.127086
0.127086
0.127314
0.127314
0.128154
0
0.128154
0.128154
0
0
0
0
0
0
0
0
0
0
0
0
0.0697156
0.0697156
0.130435
0.130496
0
0.282843
0.282843
0
0
0.130868
0.130868
0.130868
0.226455
0.226455
0.226455
0.105483
0.105483
0.105483
0.185296
0.185296
0.185296
0.207267
0.207267
0.207267
0
0
0
0.4
0.4
0.4
0.4
0
0
0
0
0
0
0
0
0
0
0
0
0
0
0
0.18334
0.18334
0.18334
0.18334
0.18334
0.18334
0
0
0
0.18334
0.18334
0
0
0
0
0
0
0
0
0.262613
0.262613
0.262613
0.324443
0
0
0
0
0
0
0
0
0
0.262613
0.262613
0
0
0
0
0
0
0
0
0
0
0
0
0
0
0
0
0.12088
0.12088
0.12088
0
0
0
0
0
0
0
0
0
0
0
0
0
0
0
0
0.128154
0.128154
0.127372
0.127372
0.137361
0.137361
0.0734718
0.0736709
0
0
0
0.0734718
0
0
0
0
0
0.127086
0.127086
0.127804
0.127086
0.127086
0.127804
0.127804
0
0.127804
0
0
0
0.127804
0.127804
0.12088
0.12088
0.12088
0.12088
0.128234
0.128234
0.128234
0.128234
0.161955
0.161955
0
0.128234
0
0
0.132745
0
0
0.134231
0
0
0
0
0
0
0.135535
0.16888
0.16888
0.16888
0.171815
0.171815
0.171973
0.171973
0.172613
0.171815
0
0
0
0
0
0
0
0
0
0
0
0
0
0
0
0
0
0
0
0
0
0
0
0
0
0
0
0
0
0
0
0
0
0
0
0
0
0
0
0
0
0.172613
0
0.173422
0.173422
0.173422
0.173422
0
0
0
0.173422
0.173422
0.173422
0.178351
0
0
0
0
0
0
0
0
0
0.173422
0.17592
0
0
0
0
0
0
0
0
0
0
0
0
0
0
0
0
0
0
0
0
0.172613
0.172613
0.172613
0.172613
0
0.172613
0
0.173422
0.173422
0.173422
0.173913
0.173913
0
0
0
0
0
0
0
0
0
0
0.127314
0.127314
0.12766
0.128447
0.128447
0
0
0
0
0
0
0.128447
0.128447
0.130868
0.127841
0.132421
0.132421
0.132421
0.132421
0
0
0.132421
0.132421
0.132421
0.132421
0.132421
0.132453
0.132453
0
0
0
0
0
0.132421
0
0
0
0
0
0
0
0
0.226455
0.226455
0.226455
0.226455
0.226455
0.105483
0.105483
0.105483
0.105483
0.105483
0.111499
0.111499
0.111499
0.111499
0.111499
0.111716
0.111499
0
0.114992
0.159872
0
0.105483
0.105483
0.185296
0.185296
0.185296
0.191565
0.191565
0
0
0
0
0
0
0.185296
0
0
0
0
0
0
0
0
0
0
0
0
0.128154
0.128154
0.128154
0.132389
0.132389
0
0.132389
0
0
0
0
0
0
0
0
0
0
0
0.132389
0.132389
0
0
0
0
0
0
0
0
0
0
0
0
0
0
0.128154
0.207267
0.207267
0.207267
0
0
0
0.207763
0.216789
0.216789
0.216789
0.216789
0.249567
0.249567
0.249567
0.216789
0
0.216789
0.216789
0.216789
0
0.207763
0.186501
0.186501
0.186501
0.186501
0.186501
0.186501
0.186501
0.0932505
0.0932505
0.0932505
0.0932505
0.0932505
0.186501
0.186501
0.186501
0.186501
0
0.186501
0
0
0
0
0
0
0
0
0
0
0
0
0
0
0
0
0
0
0
0
0
0
0
0
0
0
0
0
0
0
0
0
0
0
0
0
0
0
0
0
0
0
0
0
0
0
0
0
0.128241
0.128241
0
0.128241
0.185296
0.185296
0
0.186908
0.190693
0
0.130651
0.130651
0.12904
0.12904
0.127746
0.127746
0.127746
0.141382
0.141975
0.141975
0.141975
0.141382
0
0
0.127746
0.0800641
0.127746
0
0
0
0
0.128008
0.124114
0.124114
0.124114
0.124114
0.124114
0.124114
0.124114
0.124114
0.0823387
0.124114
0
0.120678
0.120678
0.120678
0.120678
0.120678
0.120678
0.120678
0.120678
0.120678
0.120678
0.120678
0.120678
0.120678
0.120678
0.120678
0.121867
0.0837708
0.120678
0.11124
0.11124
0.11124
0.11124
0.11124
0.129975
0.129975
0.124035
0.140028
0.124035
0.129975
0
0
0.121892
0.129573
0.129573
0.131095
0.13202
0.123325
0
0.120678
0.120678
0
0
0
0.120678
0
0
0
0
0
0
0
0
0
0
0
0
0
0
0
0
0
0
0
0
0
0.121842
0.121842
0.121942
0.121842
0.121842
0.121842
0.121842
0
0.121867
0.122068
0.246183
0
0
0
0
0
0.25
0.25
0.25
0.267261
0
0.274721
0.274721
0.256074
0.458831
0.458831
0
0.256074
0
0.262613
0.262613
0.262613
0
0.262613
0.447214
0.262613
0.0837708
0.0837708
0.0837708
0.0846668
0.0846668
0.0837708
0.188982
0.210819
0.188982
0.0837708
0.121892
0
0
0
0
0
0
0
0
0
0
0
0.0783594
0.0783594
0.0783594
0
0
0
0
0.0783594
0
0
0.0785001
0
0
0
0.0779615
0
0.0779615
0.0779615
0.0779615
0.0779615
0
0
0
0
0
0
0
0
0
0
0
0
0
0
0
0
0
0
0
0
0
0
0
0
0
0
0
0
0
0
0
0
0
0
0
0
0
0
0
0
0
0
0
0
0
0
0
0
0
0
0
0
0
0
0
0
0
0
0
0
0
0
0
0
0
0
0
0
0
0
0
0
0
0
0
0
0
0.121342
0.272166
0
0.272166
0
0
0
0
0
0
0
0
0
0
0
0
0
0
0
0
0
0
0
0
0
0
0
0
0
0
0
0
0
0
0
0
0
0
0
0
0
0
0
0
0
0
0
0
0
0
0
0
0
0
0
0
0
0
0
0
0
0
0
0
0
0
0
0
0
0
0
0
0
0
0
0
0
0
0
0
0
0
0
0
0
0
0
0
0
0
0
0
0
0
0
0
0
0
0
0
0
0
0
0
0
0
0
0
0
0
0
0
0
0
0
0
0
0
0
0
0
0
0
0
0
0
0
0
0
0
0
0
0
0
0
0
0
0
0
0
0
0
0
0
0
0
0
0
0
0
0
0
0
0
0
0
0
0
0
0
0
0.0783996
0.0783996
0.0783996
0.0783996
0
0
0
0
0.0779089
0.0779089
0
0
0
0
0
0
0
0
0
0
0
0
0
0
0
0
0
0
0
0
0
0
0
0
0
0
0
0
0
0
0
0
0
0
0
0
0
0
0
0
0
0
0
0
0
0
0
0
0
0
0
0
0
0
0
0
0
0
0
0
0
0
0
0
0
0
0
0
0
0.119452
0.121392
0.121392
0.121392
0.122018
0.0651635
0.0651635
0
0
0
0
0
0
0
0
0
0
0
0
0
0
0
0
0
0
0
0
0
0
0
0
0
0
0
0
0
0
0
0
0
0
0
0
0
0
0
0
0
0
0
0
0
0
0
0
0
0
0
0
0
0
0
0
0
0
0
0
0
0
0
0
0
0
0
0
0
0
0
0
0
0
0
0
0
0
0
0
0
0
0
0
0
0
0
0
0
0
0
0
0
0
0
0
0
0
0
0
0
0
0
0
0
0
0
0
0
0
0
0
0
0
0
0
0
0
0
0
0
0
0
0
0
0
0
0
0
0
0
0
0
0
0
0
0
0
0
0
0
0
0
0
0
0
0
0
0
0
0
0
0
0
0
0
0
0
0
0
0
0
0
0
0
0
0
0
0
0
0
0
0
0
0
0
0
0
0
0
0
0
0
0
0
0
0
0
0
0
0
0
0
0
0
0
0
0
0
0.081529
0.081529
0.081529
0.081529
0.13268
0
0
0
0
0
0
0
0
0
0
0
0
0
0
0
0
0
0
0
0
0
0
0
0
0
0
0
0
0
0
0
0
0
0
0
0
0
0
0
0.134942
0.134942
0.134942
0.134942
0.134942
0
0
0
0
0
0
0
0
0
0
0
0
0
0
0.128594
0.128594
0
0.128654
0.128654
0
0
0
0
0
0
0
0
0
0
0
0
0
0
0
0
0
0
0
0
0
0
0
0
0
0
0
0
0
0
0
0
0
0
0
0
0
0
0
0
0
0
0
0
0
0
0
0
0
0
0
0
0
0
0
0
0
0
0
0
0
0
0
0
0
0
0
0
0
0
0
0
0
0
0
0
0
0
0
0
0
0
0
0
0
0
0
0
0
0
0
0
0
0
0
0
0
0
0
0
0
0
0
0
0
0
0
0
0
0
0
0
0
0
0
0
0
0
0
0
0
0
0.125877
0.125877
0.125877
0.125877
0.125877
0.125877
0.125877
0.125877
0.125877
0
0
0
0.125877
0
0
0
0
0
0
0
0
0
0
0
0.122782
0.122782
0.122782
0.122782
0.122782
0.122782
0.122782
0.122782
0.122782
0
0
0
0
0
0.123482
0.123482
0.123482
0.123482
0.123482
0.123482
0.123482
0.123482
0.123482
0.123482
0.123482
0.123482
0.123482
0.123482
0.123482
0.123482
0.123482
0.123482
0.123482
0.123482
0.123482
0.0779418
0.0779418
0.0779418
0.0779418
0.0779418
0.0779418
0.0779418
0.0779418
0.0779418
0.0779418
0.0779418
0.123482
0.123482
0.123482
0.123482
0
0
0
0
0
0
0
0
0
0
0
0
0
0
0
0
0
0
0
0
0
0
0
0.123482
0.139459
0.139459
0.123482
0
0.123482
0.123482
0.137649
0.136188
0.136188
0.148386
0.148386
0.148386
0.148386
0.148386
0.148386
0
0
0.148386
0.148386
0.148386
0.0744839
0.148386
0.148386
0.153343
0.153343
0.136188
0.123482
0.127746
0.127746
0.127746
0
0
0
0
0
0
0.127746
0.130312
0.130312
0
0
0
0
0
0
0.127746
0
0
0
0
0
0
0.123482
0
0
0
0
0
0
0.123482
0.123482
0
0.123482
0
0
0.123482
0.179787
0.179787
0.179787
0.179787
0.179787
0.179787
0.180702
0.123482
0
0
0
0
0
0.123482
0
0
0
0.123482
0.123482
0
0.123482
0.123482
0.123482
0.123482
0.123482
0.133963
0.133963
0.133963
0.133963
0.133963
0.133963
0.137505
0.110096
0
0
0
0.112867
0.133963
0
0
0
0.133963
0.133963
0
0.133963
0.123482
0
0.123482
0
0
0.123482
0.123482
0.133963
0.141816
0.134231
0.134231
0.133963
0.142054
0.134064
0.134064
0.123482
0.127746
0.127746
0.123482
0.133963
0.133963
0.141069
0
0
0.134332
0.141382
0
0
0.13484
0
0
0
0
0.133963
0.123482
0.136293
0.123482
0
0.123482
0.130713
0.0947559
0
0
0
0
0.0969288
0.0969288
0.123482
0.130312
0.123482
0
0.123482
0.123482
0.123692
0
0.123692
0.130713
0.130713
0.130713
0.142094
0.142094
0.142094
0.142094
0.142094
0.142094
0
0.142094
0.131087
0.131087
0.131244
0.131087
0
0
0
0
0
0.130682
0.130682
0
0
0
0
0.133071
0
0
0
0
0
0
0
0
0
0
0
0
0
0
0
0
0
0
0
0
0
0
0
0
0
0
0
0
0
0
0
0
0
0
0
0
0
0
0
0
0
0
0
0
0
0
0
0
0
0
0
0
0
0
0
0
0
0
0
0
0
0
0
0
0
0
0
0
0
0
0
0
0
0
0
0
0
0
0
0
0
0
0
0
0
0
0
0
0
0
0
0
0
0
0
0
0
0
0
0
0
0
0
0
0
0
0
0
0
0
0
0.0779615
0.0779615
0.0779615
0.0779615
0.0779615
0.0779615
0.0779615
0
0
0
0
0
0
0
0
0
0
0
0
0
0
0
0
0
0
0
0
0
0
0
0
0
0
0
0
0.119499
0.119499
0
0
0
0
0
0
0.0779418
0.0779418
0.0779418
0.0779418
0.0779418
0.0779418
0.0779418
0.0779418
0.0779418
0.0779418
0.0779418
0.0779418
0.0779418
0.0779418
0.0779418
0.0779418
0.0779418
0.0779418
0.0779418
0.0779418
0.0779418
0.0779418
0.0779418
0.0779418
0
0
0
0
0.0779418
0
0
0
0
0
0
0.121917
0.0659022
0.0659022
0.0659022
0.0659022
0.0659022
0
0.0837708
0
0
0
0
0
0
0
0
0
0
0
0
0
0
0
0
0
0
0
0
0
0
0
0
0
0
0
0
0
0
0
0
0
0
0
0
0
0
0
0
0
0
0
0
0
0
0
0
0
0
0
0
0
0
0
0
0
0
0
0
0
0
0
0
0
0.0778696
0.0778696
0.0778696
0
0
0
0
0
0
0.0779418
0.0779418
0.0779418
0
0
0
0
0
0
0
0
0
0
0
0
0
0
0
0
0
0
0
0
0
0
0
0
0
0
0
0
0
0
0
0
0
0
0
0
0
0
0
0
0
0
0
0
0
0
0
0
0
0.0779418
0.0779418
0.0779418
0.0779418
0.0779418
0.0779418
0.0779418
0.0779418
0.0779418
0.0779418
0.0779418
0.0779418
0.0779418
0
0
0
0
0
0
0
0
0
0
0
0
0
0
0
0
0
0
0
0
0
0
0
0
0
0
0
0
0
0
0
0
0
0
0
0
0
0
0
0
0
0
0
0
0
0
0
0
0
0
0
0
0
0
0
0
0
0
0
0
0
0
0
0
0
0
0.0779615
0
0
0
0
0
0
0
0
0
0
0
0
0
0
0
0
0
0
0
0
0
0
0
0
0
0
0
0
0
0
0
0
0
0
0
0
0
0
0
0.0779418
0.0779418
0.0779418
0.0779418
0.0779418
0.0779418
0.0779418
0
0
0
0
0
0
0
0
0
0
0
0
0
0
0
0
0
0
0
0
0
0
0
0
0
0
0
0
0
0
0
0
0
0
0
0
0
0
0
0
0
0
0
0
0
0
0
0
0
0
0
0
0
0
0
0
0
0
0
0
0
0
0.0779418
0.0779418
0.0779418
0.0779418
0.0779418
0.0779418
0.0779418
0.0779418
0.0779418
0.0779418
0.0779418
0.0779418
0
0
0
0
0
0
0
0
0
0
0
0
0
0
0
0
0
0
0
0
0
0
0
0
0
0
0
0
0
0
0
0
0
0
0
0
0
0
0
0
0
0
0
0
0
0
0
0
0
0
0
0
0
0
0
0
0
0
0
0
0
0
0
0
0
0
0
0
0
0
0
0
0
0
0
0
0
0
0
0
0
0
0
0
0
0
0
0
0
0
0
0
0
0
0
0
0
0
0
0
0
0
0
0
0
0
0
0
0
0
0
0
0
0
0
0
0
0
0
0
0
0
0
0
0
0
0
0
0
0
0
0
0
0
0
0
0
0
0
0
0
0
0
0
0
0
0
0
0
0
0
0
0
0
0
0
0
0
0
0
0
0
0
0
0
0
0
0
0
0
0
0
0
0
0
0
0
0
0
0
0
0
0
0
0
0
0
0
0
0
0
0
0
0
0
0
0
0.114708
0.114708
0.114708
0.114708
0
0.0783461
0
0.0783461
0
0.0783461
0
0
0
0
0
0
0
0
0
0
0
0
0
0
0
0
0
0
0
0
0
0
0
0
0
0
0
0
0
0
0
0
0
0
0
0
0
0
0
0
0
0
0
0
0
0
0
0
0
0
0
0
0
0
0
0
0
0
0
0
0
0
0
0
0
0
0
0
0
0
0
0
0
0
0
0
0
0
0
0
0
0
0
0
0
0
0
0.0779418
0
0
0
0
0
0
0
0
0
0
0
0
0
0
0
0
0
0
0
0
0
0
0
0
0
0
0
0
0
0
0
0
0
0
0
0
0
0
0
0
0
0
0
0
0.0779484
0.0779484
0.0779484
0.0779484
0.0779484
0.0779484
0.0779484
0.0779484
0.0779484
0.0779484
0.0779484
0
0
0
0
0
0
0
0
0
0
0
0
0
0
0
0
0.122018
0.122018
0.122018
0.122018
0.122018
0.0530558
0.0530558
0.0530558
0.0530558
0.125491
0.125491
0.126681
0.131181
0.122018
0.123613
0.12683
0.131087
0
0.131338
0
0.12683
0
0.123613
0
0
0
0
0
0
0
0
0
0
0
0
0
0
0
0
0
0
0
0
0
0
0
0
0
0
0
0
0
0
0
0
0
0
0
0
0
0
0
0
0
0
0
0
0
0
0
0
0
0
0
0
0
0
0
0
0.0779484
0
0
0
0
0
0
0
0
0
0
0
0
0
0
0
0
0
0
0
0
0
0
0
0
0
0
0
0
0
0
0
0
0
0
0
0
0
0
0
0
0
0
0
0
0
0
0
0
0
0
0
0
0
0
0
0
0
0
0
0
0
0
0
0
0
0
0
0.124167
0.124167
0.124167
0.124167
0.124167
0.124167
0.124167
0.124167
0.124167
0.125905
0.124167
0.124167
0.124167
0
0
0
0
0
0
0
0
0
0
0
0
0
0
0
0
0
0
0
0
0
0
0
0
0
0
0
0
0
0
0
0
0
0
0
0
0
0
0
0
0
0
0
0
0
0
0.0779484
0.0779484
0.0779484
0.0779484
0.0779484
0.0779484
0
0
0
0
0
0
0
0
0
0
0
0
0
0
0
0
0
0
0
0
0.0779484
0
0
0
0
0.0779418
0
0
0
0
0
0
0
0
0
0
0
0
0
0.0779484
0
0
0
0
0.0779418
0
0
0
0
0
0
0
0
0
0
0
0
0
0
0
0
0
0
0
0
0
0
0
0
0
0
0
0
0
0
0
0
0
0
0
0
0
0
0
0
0
0
0
0
0.0779418
0
0
0
0
0
0
0
0
0
0
0
0
0.0876309
0.122068
0.121342
0
0
0
0
0
0
0
0
0
0
0
0
0
0
0
0
0
0
0
0
0
0
0
0
0
0
0
0
0
0
0
0
0
0
0
0
0
0
0
0
0
0
0
0
0
0
0
0
0
0
0
0
0
0
0
0
0
0
0
0
0
0
0
0
0
0
0.0779418
0.0779418
0
0
0
0
0
0
0
0
0
0
0
0
0
0
0
0
0
0
0
0.120923
0
0
0
0
0
0
0
0
0
0
0.377964
0
0
0
0
0
0.0778696
0.0778696
0.0778696
0
0
0
0
0
0
0
0
0
0
0
0
0
0
0
0
0
0
0
0
0
0
0
0
0
0
0
0
0
0
0
0
0
0
0
0
0
0
0
0
0
0
0
0
0
0
0
0
0
0
0
0
0
0
0
0
0
0
0
0
0
0
0
0
0
0
0
0
0
0
0
0
0
0
0
0
0
0
0
0
0
0
0
0
0
0
0
0
0
0
0
0
0
0
0
0
0
0
0
0
0
0
0
0
0
0
0
0
0
0
0
0
0
0
0.0838198
0.0838198
0
0
0
0
0
0
0
0
0
0
0
0
0.111803
0.111803
0
0
0
0
0
0
0
0
0
0
0
0
0
0
0
0
0
0
0
0
0
0
0
0
0
0
0
0
0
0
0
0
0
0
0
0
0
0
0
0
0
0
0
0
0
0
0
0.07848
0.07848
0.07848
0.07848
0.07848
0.078554
0.078554
0.078554
0
0
0
0
0
0
0
0.078554
0.078554
0
0
0.078554
0.078554
0.078554
0.078554
0
0
0.078554
0
0.0786349
0.078554
0.078554
0
0
0
0
0
0
0
0
0
0
0
0
0
0
0
0
0
0
0
0
0
0
0
0
0
0
0
0
0
0
0
0
0
0
0
0
0
0
0
0.0779418
0.0779418
0.0779418
0.0779418
0.0779418
0.0779418
0.0779418
0.0779418
0.0779418
0.0779418
0.0779418
0.0779418
0.0779418
0.0779418
0.0779418
0.0779418
0.0779418
0.0779418
0.0779418
0.0779418
0.0779418
0.0779418
0.0779418
0.0779418
0
0
0.0779418
0.0779418
0.0779418
0.0779418
0.0779418
0.0779418
0.0779484
0
0
0
0
0
0.081529
0.081529
0.081529
0.081529
0.081529
0
0.081529
0.081529
0.081529
0.081529
0
0.081529
0.081529
0.081529
0.081529
0
0.081529
0.081529
0.081529
0.081529
0
0
0
0
0.081529
0.081529
0.081529
0.081529
0.081529
0.081529
0.081529
0.081529
0.081529
0.114624
0.0638226
0.120923
0
0
0
0
0
0
0
0
0
0
0
0
0
0
0
0
0
0
0
0
0
0
0
0
0
0
0
0
0
0
0
0
0
0
0
0
0
0
0
0
0
0
0
0
0
0
0
0
0
0
0
0
0
0
0
0
0
0
0
0
0
0
0
0
0.0781398
0.0781398
0
0.0781398
0.0781398
0.124892
0.124892
0
0.124892
0.124892
0.0787296
0
0
0
0
0
0
0
0
0.0388661
0.0388661
0.0388661
0
0
0
0
0
0
0
0
0
0
0
0
0
0
0
0
0
0
0
0
0
0
0
0
0
0
0
0
0
0
0
0
0
0
0
0
0
0
0
0
0
0
0
0
0
0
0
0
0
0
0
0
0
0
0
0
0
0
0
0.081529
0.081529
0.081529
0.081529
0
0
0
0
0
0.141658
0
0
0
0
0
0
0
0
0
0
0
0
0
0
0
0
0.122068
0.081529
0.081529
0.081529
0.081529
0.081529
0.081529
0.081529
0
0
0
0
0
0
0
0
0
0
0
0
0
0
0
0
0
0
0
0
0
0
0
0
0.136364
0.136364
0.136364
0.137577
0.137577
0.137577
0.137577
0
0
0
0.137686
0.137686
0.137686
0.136469
0.136258
0
0.136258
0.136258
0
0.136364
0.137361
0.137361
0.137361
0.137361
0
0.137361
0.137361
0.137361
0.138935
0.138935
0.138935
0.138935
0.138935
0.137361
0
0
0
0
0
0.122068
0.122068
0.122068
0.122068
0.122068
0.122068
0
0
0
0
0
0
0
0
0
0.081529
0.081529
0.081529
0.081529
0.081529
0.081529
0.081529
0.081529
0.0851
0.0851
0
0.0851
0.081529
0.081529
0
0
0
0.3849
0
0
0
0
0
0.081529
0.081529
0.129279
0.081529
0.081529
0.081529
0.0855312
0.081529
0.081529
0.081529
0
0
0.081529
0.081529
0.081529
0.081529
0.081529
0.081529
0.114708
0
0
0
0
0
0
0.114708
0
0
0
0
0
0
0.114708
0
0
0
0
0
0
0
0
0
0
0
0
0
0
0
0
0
0
0
0
0
0
0
0
0
0
0
0
0
0
0
0
0
0
0
0
0
0
0
0
0
0
0
0
0
0
0
0
0
0
0
0
0
0
0
0
0
0
0
0
0
0
0
0
0
0
0
0
0
0
0
0
0
0
0
0
0
0
0
0
0
0
0
0
0
0
0
0
0
0
0
0
0
0
0
0
0
0
0
0
0
0
0
0
0
0
0
0
0
0
0
0
0
0.0850914
0.0850914
0.0850914
0.0850914
0.0850914
0.0850914
0.0850914
0.0850914
0
0
0
0
0.127631
0.127631
0.127631
0
0
0.127631
0.127631
0.127631
0
0.127631
0
0
0
0
0
0
0
0
0
0
0
0
0
0
0
0
0
0
0
0
0
0
0
0
0
0
0
0
0
0
0
0
0
0
0
0
0
0
0
0
0
0
0
0
0
0
0
0
0
0
0
0
0
0
0
0
0
0
0
0.0779418
0
0.081529
0
0.081529
0.081529
0.081529
0.122068
0
0.081529
0.081529
0
0
0
0
0
0
0
0
0
0
0
0
0.081529
0.081529
0
0
0.081529
0.081529
0.081529
0
0
0
0
0
0.13525
0
0
0
0
0
0
0
0
0.081529
0.081529
0
0
0.084415
0.081529
0.081529
0
0.353553
0.353553
0
0.426401
0.603023
0
0
0.258199
0
0
0.081529
0.081529
0
0.288675
0.142776
0.081529
0.081529
0.081529
0
0
0
0
0
0
0
0
0
0
0.081529
0.081529
0
0
0
0.081529
0.081529
0.081529
0.081529
0.126943
0
0.123797
0
0
0
0
0
0
0
0
0.135113
0
0
0
0
0
0
0
0.135113
0
0
0
0
0
0.122068
0.081529
0.081529
0
0
0
0
0
0
0
0
0
0
0.081529
0.081529
0
0
0.121566
0.081529
0.081529
0
0.081529
0
0
0
0
0.141108
0
0
0
0
0.122068
0.081529
0.081529
0
0.081529
0
0
0
0
0
0
0
0
0.081529
0.081529
0
0
0
0
0
0
0
0.081529
0.081529
0.081529
0
0
0
0
0
0
0
0
0
0
0
0
0
0
0
0
0
0
0
0
0
0
0
0
0
0
0
0
0
0
0
0
0
0
0
0
0
0
0
0
0
0
0
0
0
0
0
0
0
0
0
0
0
0
0
0
0
0
0
0
0
0
0
0
0
0
0
0
0
0
0
0
0
0
0
0
0
0
0
0
0
0
0
0
0
0
0
0
0
0
0
0
0
0
0
0
0
0
0
0
0
0
0
0
0
0
0
0
0
0
0
0
0
0
0
0
0
0
0
0
0
0
0
0
0
0
0.127746
0.127746
0.127746
0
0
0
0
0.081529
0.081529
0.081529
0.081529
0.081529
0.081529
0.081529
0.081529
0.081529
0.081529
0.081529
0.081529
0.081529
0.081529
0.081529
0
0
0
0
0.081529
0.13393
0.081529
0.081529
0.081529
0.081529
0
0.081529
0.081529
0.141108
0.141108
0.141108
0.141108
0.141108
0.081529
0
0.081529
0.081529
0.081529
0.081529
0
0
0.081529
0.081529
0.081529
0.143427
0.081529
0.081529
0.081529
0.081529
0
0.081529
0.081529
0
0.081529
0
0
0
0.081529
0.081529
0
0.081529
0.081529
0.133071
0.133071
0
0.081529
0.081529
0.081529
0.081529
0.081529
0.081529
0.081529
0
0
0
0
0
0
0
0
0
0
0.262613
0
0
0
0
0
0
0
0
0
0
0
0
0
0
0
0
0
0
0
0.081529
0.081529
0.081529
0.081529
0.081529
0.081529
0.081529
0.081529
0.081529
0.081529
0.081529
0.081529
0.0969288
0.0969288
0.0969288
0.0969288
0.226455
0.226455
0.081529
0.081529
0.081529
0.081529
0.0969288
0.0969288
0.0969288
0
0
0
0.144505
0.144505
0.0969288
0.0969288
0
0
0.239046
0.239046
0
0
0
0
0
0
0
0
0
0
0
0.081529
0.109673
0.109673
0.109673
0.109673
0.109673
0.109673
0.109673
0.109673
0
0.109673
0.109673
0
0.109673
0.109673
0
0.109673
0.130527
0.130527
0.130527
0.130527
0.130527
0.130527
0.130527
0.130527
0.130527
0.130527
0.130527
0.130527
0.130527
0.130527
0.112154
0.112154
0.112154
0.112154
0.112154
0
0
0
0
0
0
0
0
0
0.0781664
0.0781664
0.078527
0.078527
0.0780869
0.0780869
0.0780869
0.0780869
0.0780869
0.0780869
0
0
0
0
0.0778696
0.0778696
0.0778696
0.0778696
0.0778696
0
0
0
0
0
0
0
0
0
0
0
0
0
0
0
0
0
0
0
0
0
0
0
0
0
0
0
0
0
0
0
0
0
0
0
0
0
0
0
0
0
0
0
0
0
0
0
0
0
0
0
0
0
0
0
0
0
0
0
0
0
0
0
0
0
0
0
0
0
0
0
0
0
0
0
0
0
0
0
0
0
0
0
0
0
0
0
0
0
0
0
0
0
0
0
0
0
0
0
0
0
0
0
0
0
0
0
0
0
0
0
0
0
0
0
0
0
0
0
0
0
0
0
0
0
0
0
0
0
0
0
0
0
0
0
0
0
0
0
0
0
0
0
0
0
0
0
0
0
0
0
0
0
0
0
0
0
0
0
0
0
0
0
0
0
0
0
0
0
0
0
0
0
0.0778696
0
0
0
0
0
0
0
0
0.0778696
0.0778696
0.0778696
0.0778696
0.0778696
0.0778696
0
0
0.0778696
0.0778696
0
0
0
0
0
0
0
0
0
0
0
0
0
0
0
0
0
0
0
0
0
0
0
0
0
0
0
0
0
0
0
0
0
0
0
0
0
0
0
0
0
0
0
0
0
0
0
0
0
0
0
0
0.0778696
0.0778696
0
0
0
0
0
0
0
0
0
0
0
0
0
0
0
0
0
0
0
0
0
0
0
0
0
0.0778696
0
0
0
0
0
0
0
0
0
0
0
0
0
0
0
0
0
0
0
0
0
0
0
0
0
0
0
0
0
0
0
0
0
0
0
0
0
0
0
0
0
0
0
0
0
0
0
0
0
0
0
0
0
0
0
0
0
0
0
0
0
0
0
0
0
0
0
0
0
0
0
0
0
0
0
0
0
0
0
0
0
0
0
0
0
0
0
0
0
0
0
0
0
0
0
0
0
0
0
0
0
0
0
0
0
0
0
0
0
0
0
0
0
0
0
0
0
0
0
0
0
0
0
0
0
0
0
0
0
0
0
0
0
0
0
0
0
0
0
0
0
0
0
0
0
0
0
0
0
0
0
0
0
0
0
0
0
0
0
0
0
0
0
0
0
0
0
0
0
0
0
0
0
0
0
0
0
0
0
0
0
0
0
0
0
0
0
0
0
0
0
0
0
0
0
0
0
0
0
0
0
