0.100868
0.100868
0.100868
0.100868
0.100868
0.100868
0.100868
0
0
0
0
0
0
0
0
0
0
0
0
0
0
0
0
0
0
0
0
0
0
0
0
0
0.100868
0.100868
0.100868
0.100868
0.100868
0.100868
0.100868
0.100868
0.100868
0.100868
0.100868
0.100868
0.100868
0
0
0
0
0
0
0
0
0
0
0
0
0
0
0
0
0
0
0
0
0
0
0
0
0
0
0
0
0
0
0
0
0
0
0
0
0
0
0
0
0
0
0
0
0
0
0
0
0
0
0
0
0
0
0
0
0
0
0
0
0
0
0
0
0
0
0
0
0
0
0
0
0
0
0
0
0
0
0
0
0
0
0
0
0
0
0
0
0
0
0
0
0
0
0
0
0
0
0
0
0
0
0
0
0
0
0
0
0
0
0
0
0
0
0
0
0
0
0
0
0
0
0
0
0
0
0
0
0
0
0
0
0
0
0
0
0
0
0
0
0
0
0
0
0
0
0
0
0
0
0
0
0
0
0
0
0
0
0
0
0
0
0
0
0
0
0
0
0
0
0
0
0
0
0
0
0
0
0
0
0
0
0
0
0
0
0
0
0
0
0
0
0
0
0
0
0
0
0
0
0
0
0
0
0
0
0
0
0
0
0
0
0
0
0
0
0
0
0
0
0
0
0
0
0
0
0
0
0
0
0
0
0
0
0
0
0
0
0
0
0
0
0
0
0
0
0
0
0
0
0
0
0
0
0
0
0
0
0
0
0
0
0
0
0
0
0
0
0
0
0
0
0
0
0
0
0
0
0
0
0
0
0
0
0
0
0
0
0
0
0
0
0
0
0
0
0
0
0
0
0
0
0
0
0
0
0
0.101089
0.101089
0.101089
0.101089
0.101089
0.101089
0.101089
0.101089
0.110528
0.101089
0.101089
0.101089
0.101089
0.101089
0.101089
0
0
0
0
0
0
0
0
0.101089
0.101089
0.101089
0.101089
0.101089
0.101089
0.101089
0
0
0.101089
0.111704
0.111704
0.110432
0
0.110432
0.110432
0.110432
0.110432
0.110432
0.110432
0.110432
0.110432
0.110432
0.110432
0.110432
0.110432
0
0
0.110432
0
0
0
0
0
0
0
0
0
0
0
0
0
0
0
0
0
0
0
0
0
0
0
0
0
0
0
0
0
0
0
0
0
0
0
0
0
0
0
0
0.115251
0
0
0
0
0
0
0
0
0
0.109859
0.111308
0.111308
0
0
0
0
0
0
0
0.101089
0.101089
0.101089
0.130189
0.130189
0.130189
0
0
0
0.101089
0.101089
0.101089
0.101089
0.101089
0.101089
0
0.101089
0.101609
0.101089
0.101089
0.101089
0.101089
0.101089
0.101089
0.101089
0.101089
0.101609
0.101609
0.101609
0.101609
0.101609
0.0890184
0.101609
0.101609
0.101609
0.0385758
0.101609
0.101609
0.101609
0.101609
0.101609
0.101609
0.101609
0
0
0
0
0
0.101089
0.101089
0.101089
0.101089
0.101089
0.110528
0.101089
0
0
0
0
0
0
0
0.101089
0.110528
0.101089
0.110144
0.101089
0.101089
0.101089
0.101609
0.101089
0.110144
0.110144
0.111704
0.110144
0.110144
0.110144
0.110144
0.110144
0.110144
0
0
0
0
0
0
0.101311
0.110528
0.101311
0.10583
0.10583
0.101089
0
0
0
0.101089
0.101089
0
0
0
0
0.100868
0.100868
0.100868
0
0
0
0
0
0
0
0.100868
0
0
0
0
0
0
0
0
0
0
0
0
0.101089
0.101089
0.101089
0.101089
0.101089
0.106342
0.106342
0.106342
0.106342
0.106342
0.106342
0.106342
0.106342
0.106342
0.106342
0.0969636
0.0969636
0.0969636
0.0969636
0.0969636
0.0969636
0.0969636
0.0969636
0.0969636
0.0969636
0.0969636
0.0969636
0.0969636
0.0969636
0.0969636
0
0
0
0
0
0
0
0
0
0
0
0
0
0
0
0
0
0
0
0
0
0
0
0
0
0
0
0
0
0
0
0
0
0
0
0
0
0
0
0
0
0
0
0
0
0
0
0
0
0
0
0
0
0
0
0
0
0
0
0
0
0
0
0
0
0
0
0
0
0
0
0
0
0
0
0
0
0
0
0.180439
0
0
0
0
0
0.180439
0
0
0
0.104828
0
0
0
0
0.190445
0.180439
0.180439
0
0
0
0
0
0
0.125988
0
0
0.101089
0
0
0.101089
0.105851
0.105851
0.108556
0.101089
0.101835
0.101089
0.122826
0.138107
0.129099
0.129099
0.152204
0.152204
0
0.129099
0.117041
0.117041
0.117041
0.117041
0.117041
0
0
0
0
0
0
0
0
0.126872
0.126872
0
0.126872
0.0276395
0.0276395
0.0276395
0.0276395
0.0276395
0.0276395
0
0.0276395
0.101089
0.101089
0.101089
0.101089
0.101089
0.101089
0.101089
0.101089
0.101089
0.101089
0
0
0
0
0
0
0
0
0
0.102869
0.102869
0.146845
0.146845
0.146845
0.146845
0.128388
0.128388
0.128388
0.128388
0.118056
0.118056
0.118056
0.143499
0.143499
0.143499
0.13012
0.13012
0.13012
0.13012
0.13012
0.13012
0.134687
0.134687
0.134687
0.134687
0.0937614
0.134687
0.142857
0
0.142857
0.142857
0.13012
0.125703
0.125703
0.14122
0.134491
0.125703
0.127589
0.125703
0.125703
0.125703
0.131631
0.131631
0.131631
0.131631
0.131631
0.131631
0.145204
0.177571
0.177571
0.131631
0.133631
0.131631
0.131631
0.131631
0
0
0
0
0
0
0
0
0
0
0
0
0
0.101089
0.101089
0.101089
0.101089
0.101163
0.101163
0.101163
0.101089
0.101089
0.101163
0.101089
0.101089
0.101089
0.101089
0.101163
0.101089
0.101089
0.101163
0.101089
0.101089
0.101089
0.101089
0.101089
0.108832
0.107299
0.107299
0.107299
0.114708
0
0
0
0
0.101089
0.101089
0.101089
0.101089
0.101089
0.101089
0.101089
0.101089
0.101089
0.101089
0.101089
0.101089
0.180439
0.180439
0.180439
0.180439
0.180439
0.180439
0.180439
0.180439
0.180439
0
0
0
0
0
0
0
0
0
0
0
0
0.180439
0.180021
0.180021
0.180021
0.180021
0.180021
0.180021
0.180021
0.180021
0.18086
0.18086
0
0.18086
0.180021
0.147122
0.147122
0.180021
0.180439
0.180439
0.180439
0.180439
0.180021
0.180439
0.180439
0.180439
0.180439
0.180439
0.180439
0.180439
0.180439
0.180439
0.180439
0.180439
0.180021
0.180439
0
0
0
0
0.180021
0.180439
0.180439
0.180439
0.180439
0
0
0.180439
0.180439
0.180439
0.180439
0.180439
0.180439
0.180439
0.180439
0.180439
0.180439
0.180439
0.101089
0.101089
0
0
0.101089
0.101089
0.101089
0.101089
0.101089
0.101089
0
0
0
0
0
0.101163
0.101089
0
0
0
0
0
0
0
0
0.101089
0.101089
0.101089
0.101089
0.101089
0.101163
0.101163
0
0
0
0
0
0
0
0.101089
0.0386767
0.101089
0
0.101089
0.101163
0.101163
0.101163
0.101089
0.101089
0.102214
0.123493
0.128489
0.126854
0
0
0.101089
0
0
0
0
0
0.141461
0.10967
0.120636
0.101163
0.101163
0.101163
0.101163
0.153781
0.153781
0.153781
0
0.114173
0.114173
1
0
0.114173
1
0.114173
0.114173
0.114173
0.114173
0
0.114173
0.114173
1
0.0491144
0.0491144
0
0
0
0
0
0
0
0
0
0
0.160128
0
0
0.114066
0.180021
0.114066
0
0.114066
0
0
0
0
0
0.0581484
0
0
0
0
0.0581484
0.0581484
0.0581484
0
0.0581484
0.142857
0
0.114066
0.161314
0.161314
0.165359
0.179193
0.165359
0.114066
0.0250864
0.0253673
0.0253673
0.0276395
0.0277885
0.0277885
0
0.0277885
0
0
0
0
0
0
0
0
0
0
0
0
0.136992
0.136992
0.136992
0.0910765
0.0910765
0.0910765
0.0910765
0
0
0
0
0
0
0
0
0
0
0
0
0
0
0
0
0
0
0
0
0
0
0
0
0.141624
0.141624
0.141624
0.141624
0.141624
0.141624
0
0
0.141624
0.142031
0.142031
0.147442
0.147442
0.147442
0.149308
0.147442
0.147442
0.147442
0.142031
0.127294
0.127441
0.127294
0.131958
0.131958
0.127294
0.149547
0.149547
0.149547
0.151248
0.149547
0.1624
0.1624
0.1624
0.1624
0.1624
0
0
0
0
0
0
0
0
0
0
0
0
0
0
0
0
0
0
0.129875
0.129875
0.101163
0.101089
0
0
0
0
0.151744
0.130032
0.130032
0
0.130032
0.130032
0
0.101089
0.101089
0
0
0
0
0
0
0
0
0
0
0
0
0
0
0
0
0.109659
0.0394055
0.109659
0.109659
0
0
0
0.109659
0
0
0
0.128641
0
0.107123
0
0.101163
0
0.103142
0
0.103616
0.145644
0.119038
0
0
0
0
0
0.0480015
0.0884022
0.104828
0
0.153522
0.101163
0
0.114386
0.103064
0.128641
0
0
0
0
0.111803
0.161165
0.101609
0
0.137732
0
0
0.0599491
0.101163
0.128641
0.110432
0
0.138107
0.101089
0
0.0845154
0.111604
0
0.138485
0
0
0.141624
0
0.105076
0
0
0
0.100795
0.100795
0.100795
0.100795
0.101015
0.100868
0.100868
0.100868
0.100868
0.100868
0.111803
0.111803
0.111803
0.100795
0.100795
0.100795
0.100795
0.100795
0.100795
0.100795
0.100868
0.100868
0.100795
0
0.100868
0.100868
0
0
0
0
0
0
0
0
0
0
0
0
0
0
0
0
0
0.100868
0.100868
0.100868
0.100868
0
0
0
0.100795
0
0
0
0
0
0.127147
0
0
0
0
0
0
0
0
0
0
0
0
0
0
0
0.162527
0.162527
0
0
0
0
0
0
0
0
0
0
0
0
0
0
0
0
0
0
0
0
0
0
0
0
0
0
0
0
0
0
0
0
0
0
0.100868
0
0
0
0.130032
0.130032
0.130032
0.130032
0.130032
0.130032
0.130032
0.130032
0.130032
0.130032
0.130032
0.130032
0.130032
0.130032
0.130032
0
0
0
0
0
0
0
0
0
0
0
0.130032
0.130032
0
0
0
0
0
0
0
0
0
0
0
0
0
0
0
0
0
0
0
0
0
0
0
0.130032
0
0
0
0
0
0
0
0
0
0
0
0
0
0
0
0
0
0
0
0
0
0
0
0
0
0
0
0
0.130032
0
0
0
0
0
0
0
0
0
0.130032
0.130032
0.130032
0
0.130032
0.130032
0.130032
0.130032
0.130032
0.130032
0.130032
0.130032
0
0
0.130032
0
0.130032
0
0.130032
0.130032
0.130032
0.130032
0.130032
0.130032
0
0.130032
0.130032
0.130032
0.130032
0.130032
0
0
0
0
0.130032
0
0.130032
0
0
0
0
0
0
0
0
0
0
0
0
0
0
0
0
0
0
0
0
0
0
0
0
0
0
0
0
0
0
0
0
0
0
0
0
0
0
0
0.130032
0
0
0
0
0
0
0
0
0
0
0
0
0
0
0
0
0
0
0
0
0
0
0
0
0
0
0
0
0
0
0
0
0
0
0
0
0
0
0
0
0
0
0
0
0
0
0
0
0
0
0
0
0
0
0
0
0
0
0
0
0
0
0
0
0
0
0
0
0
0
0
0
0
0
0
0
0
0
0
0
0
0
0
0
0
0
0
0
0
0.130032
0.130032
0.130032
0.130032
0.130032
0
0
0
0
0
0
0
0
0
0
0
0
0
0
0
0
0
0
0
0
0
0
0
0
0
0
0
0
0
0
0
0
0
0
0
0
0
0
0
0
0
0
0
0
0
0
0
0
0
0
0
0
0
0
0
0
0
0
0
0
0
0
0
0
0
0
0
0
0
0
0
0
0
0
0
0
0
0
0
0
0
0
0
0
0.130032
0.130032
0.130032
0.130032
0.130032
0
0
0
0
0
0
0
0.130032
0.130032
0.130032
0.130032
0
0
0
0
0
0
0
0
0
0
0
0
0.130032
0
0
0
0
0
0
0
0
0
0
0
0
0
0
0
0
0
0
0
0
0
0
0
0
0
0
0
0
0
0
0
0
0
0
0
0
0
0
0
0
0
0
0
0
0
0
0
0
0
0
0
0
0.130032
0.130032
0.130032
0.130032
0.130032
0.130032
0.130032
0.130032
0.130032
0.130032
0.130032
0.130032
0.130032
0.130032
0.156996
0.156996
0
0.156996
0.156996
0.156996
0
0
0
0
0
0
0
0
0
0
0
0
0
0
0
0
0
0
0
0
0
0
0
0
0
0
0
0
0
0
0
0
0
0
0
0
0
0
0
0
0
0
0
0
0
0
0
0
0
0
0
0
0.130032
0.130032
0
0.156996
0.130032
0.130032
0.130032
0.130032
0.130032
0.130032
0.156996
0.156996
0
0.130032
0.130032
0
0.130032
0
0.130032
0
0.130032
0.130032
0.130032
0
0
0
0
0.130032
0
0
0
0
0
0.130032
0
0.130032
0.130032
0.130032
0.130032
0
0.130032
0.130032
0.130032
0.130032
0.130032
0.130032
0.130032
0.130032
0
0.130032
0
0
0
0
0
0
0
0
0
0
0
0
0
0
0
0
0
0
0
0
0
0
0
0
0
0
0
0.130032
0.130032
0.130032
0.130032
0.130032
0.130032
0
0
0
0
0.156996
0
0
0
0
0
0
0
0
0
0
0
0
0
0
0
0
0
0
0
0
0
0
0
0
0
0.100868
0
0
0
0
0
0
0
0.157274
0.157274
0.157274
0
0
0
0
0
0
0
0
0
0
0
0
0
0
0
0
0
0
0
0
0
0
0
0
0
0
0.156996
0
0
0
0
0
0.156996
0
0
0
0
0
0
0
0
0
0
0.170075
0.170075
0.170075
0
0.170075
0.171139
0.170075
0.170075
0
0.130032
0.130032
0.130032
0.130032
0.130032
0
0
0
0
0
0.130032
0
0.130032
0
0
0
0
0.130032
0
0
0
0
0
0.130032
0.130032
0.130032
0.130032
0.130032
0.130032
0.130032
0.130032
0.130032
0.100868
0.100868
0.130032
0
0
0
0
0
0.130032
0.130032
0.130032
0.130032
0
0
0
0
0
0
0
0
0
0
0
0
0
0
0
0.130032
0.130032
0
0.130032
0
0
0
0
0
0
0
0
0
0
0
0
0
0
0
0
0
0
0
0
0
0
0.130032
0
0.130032
0.130032
0
0
0
0
0
0
0.130032
0.130032
0.130032
0.130032
0
0.130032
0.130032
0
0.130032
0.130032
0.130032
0.130032
0.130032
0
0.130032
0.130032
0
0
0
0
0.130032
0
0
0
0
0
0
0
0
0
0
0
0.130032
0
0
0.130032
0.153008
0.130032
0.130032
0.130032
0
0
0
0
0
0
0.130032
0
0.130032
0
0.130032
0
0.130032
0.130032
0.130032
0
0.130032
0
0.130032
0
0.130032
0
0.130032
0
0
0.130032
0
0
0
0
0
0
0
0
0
0
0
0
0
0.130032
0
0
0
0
0
0
0
0
0
0
0
0
0
0
0
0
0
0
0
0
0
0
0
0
0
0
0
0
0
0
0
0
0
0
0
0
0
0
0
0
0
0
0
0
0
0
0
0
0
0
0
0
0
0
0
0
0
0
0
0
0
0
0
0
0
0
0
0
0
0
0
0
0
0
0
0
0
0
0
0
0
0
0
0
0
0
0
0
0
0
0
0
0
0
0
0
0
0
0
0
0
0
0
0
0
0
0
0
0
0
0
0
0
0
0
0
0
0.130032
0.130032
0
0.130032
0
0.130032
0
0.130032
0
0
0
0
0
0
0.130032
0.130032
0.130032
0.130032
0.130032
0.130032
0.130032
0.130032
0.130032
0.130032
0.130032
0
0.130032
0
0.130032
0
0.130032
0.130032
0.130032
0
0
0
0
0
0
0
0
0
0
0
0
0
0
0
0
0
0.130032
0
0
0
0
0
0
0
0
0
0.130032
0.130032
0.130032
0.130032
0.130032
0.130032
0.130032
0.130032
0.130032
0.130032
0.130032
0.130032
0.130032
0.130032
0.130032
0.130032
0.130032
0.130032
0.130032
0.130032
0
0
0
0
0.130032
0.130032
0.130032
0.130032
0.130032
0.130032
0.130032
0.130032
0.130032
0.130032
0.130032
0.130032
0.130032
0.130032
0.130032
0.130032
0.130032
0.130032
0.130032
0.130032
0.130032
0.130032
0.130032
0.130032
0.130032
0.130032
0.130032
0.130032
0.130032
0.130032
0.130032
0.130032
0.130032
0.130032
0.130032
0.130032
0.130032
0.130032
0.130032
0.130032
0.130032
0.130032
0.130032
0.130032
0.130032
0.130032
0.130032
0.130032
0.130032
0.130032
0.130032
0.130032
0.130032
0.130032
0.130032
0.130032
0.130032
0.130032
0.130032
0.130032
0.130032
0.130032
0.130032
0.130032
0.130032
0.130032
0.130032
0.130032
0.130032
0.130032
0.130032
0.130032
0.130032
0.130032
0.130032
0.130032
0.130032
0.130032
0.130032
0.130032
0.130032
0.130032
0.130032
0.130032
0.130032
0.130032
0.130032
0.130032
0.130032
0.130032
0.130032
0.130032
0.130032
0.130032
0.130032
0.130032
0.130032
0.130032
0.130032
0.130032
0.130032
0.130032
0.130032
0.130032
0.130032
0.130032
0.130032
0.130032
0.130032
0.130032
0.130032
0.130032
0.130032
0.130032
0.130032
0.130032
0.130032
0.130032
0.130032
0.130032
0.130032
0.130032
0.130032
0.130032
0.130032
0.130032
0.130032
0.130032
0.130032
0.130032
0.130032
0.130032
0.130032
0.130032
0.130032
0.130032
0.130032
0.130032
0.130032
0.130032
0.130032
0.130032
0.130032
0.130032
0.130032
0.130032
0.130032
0.130032
0.130032
0.130032
0.130032
0.130032
0.130032
0.130032
0.130032
0.130032
0.130032
0.130032
0.130032
0.130032
0.130032
0.130032
0.130032
0.130032
0.130032
0.130032
0.130032
0.130032
0.130032
0.130032
0
0
0.130032
0.130032
0.130032
0.130032
0.130032
0.130032
0.130032
0.130032
0.130032
0.130032
0.130032
0.130032
0.130032
0.130032
0.130032
0.130032
0.130032
0.130032
0.130032
0
0
0
0
0
0.130032
0
0
0
0
0
0
0
0
0
0
0
0
0
0
0
0
0
0
0
0
0
0
0
0
0
0
0
0
0
0
0
0
0
0
0
0
0
0
0
0
0
0
0
0
0
0
0
0
0
0
0
0
0
0
0
0
0
0
0
0
0
0
0
0
0
0
0
0
0
0
0
0
0
0.130032
0.130032
0.130032
0
0
0
0
0
0
0
0
0
0
0
0
0
0
0
0
0
0
0
0
0
0
0
0
0
0
0
0
0
0
0
0.130032
0.130032
0
0
0
0
0.157274
0
0.130032
0.130032
0.130032
0.130032
0
0
0
0
0
0.130032
0.130032
0
0
0
0.130032
0.130032
0
0
0
0
0
0
0
0.130032
0.130032
0.130032
0.130032
0.130032
0.130032
0.130032
0.130032
0.130032
0.130032
0.130032
0.130032
0.130032
0
0
0
0.130032
0.130032
0
0
0
0
0
0
0
0
0
0
0
0
0
0
0
0
0
0
0
0
0
0
0
0
0
0
0
0
0.130032
0.130032
0.130032
0
0
0
0
0
0
0
0
0
0
0
0
0
0
0
0
0
0
0
0
0
0
0
0
0
0
0
0
0
0
0
0
0
0
0
0
0
0
0
0
0
0
0
0
0
0
0
0
0
0
0
0
0
0
0
0
0
0
0
0
0
0
0
0
0
0
0
0
0
0
0
0
0
0
0
0
0
0
0
0
0
0
0
0
0
0
0
0
0
0
0
0
0
0
0
0
0
0
0
0
0
0
0
0
0
0
0
0
0
0
0
0
0
0
0
0
0
0
0
0
0
0
0
0
0
0
0
0
0
0
0
0
0
0
0
0
0.100868
0.100868
0.118918
0.118918
0.108102
0.13346
0.13346
0
0
0
0
0
0
0
0.100868
0.100868
0.100868
0.100868
0.100868
0.100868
0.100868
0.100868
0.100868
0.100868
0
0
0
0
0
0
0
0
0
0
0
0
0
0
0
0
0
0
0
0
0
0
0
0
0
0
0
0
0
0
0
0
0
0
0
0
0
0
0
0
0
0
0
0
0
0
0
0
0
0
0
0
0
0
0
0
0
0
0
0
0
0
0
0
0
0
0
0.109109
0.109109
0.100868
0.100868
0.100868
0.100868
0.100868
0.100868
0.100868
0.100868
0.100868
0
0
0
0
0
0
0
0
0
0
0
0
0
0
0
0
0
0
0
0
0
0
0
0
0
0
0
0
0
0
0
0
0
0
0
0
0
0
0
0
0
0
0
0
0
0
0
0
0
0
0
0
0
0
0
0
0
0
0
0
0
0
0
0
0
0
0
0
0
0
0
0
0
0
0
0
0
0
0
0
0
0
0
0
0
0
0
0
0
0
0
0
0
0
0
0
0
0
0
0
0
0
0
0
0
0
0
0
0
0
0
0
0
0
0
0
0
0
0
0
0
0
0
0
0
0
0
0
0
0.100868
0.100868
0.100868
0
0
0
0
0
0.127147
0.128037
0
0
0
0
0
0
0
0
0
0
0
0
0
0
0.162527
0
0
0
0
0
0
0
0
0
0
0
0
0
0
0
0
0.116813
0
0
0
0
0.116813
0.116813
0.116813
0
0
0
0
0
0.166667
0.166667
0.166667
0.166667
0.166667
0.166667
0.116813
0.116813
0.116813
0.116813
0.116813
0.116813
0.116813
0.116813
0.116813
0.116813
0.116813
0.116813
0.169031
0.169031
0.201234
0.201234
0.0875443
0.0875443
0
0
0
0
0
0
0
0
0
0
0.214286
0.214286
0.0918863
0.0918863
0.121652
0.121652
0.175993
0.175993
0
0
0
0
0.19518
0.19518
0
0
0
0
0
0
0
0
0.116813
0
0
0.124461
0.124461
0.110657
0.110657
0.120192
0.120192
0
0
0
0
0.109844
0.109844
0.117851
0.117851
0.0944911
0.0944911
0.043571
0.043571
0
0
0
0
0
0
0.143066
0.143066
0.0557278
0.0557278
0.0414247
0.0414247
0
0
0.117271
0.117271
0.144769
0.117271
0
0
0
0
0
0.116813
0
0.116813
0.116813
0.116813
0
0.116813
0.116813
0.116813
0
0.116813
0.169031
0.169031
0.169031
0.169031
0.169031
0.169031
0.169031
0.169031
0.169031
0.117041
0.117041
0
0.117041
0.116813
0
0.116813
0.117502
0.117502
0.117502
0.117502
0.0414247
0.0414247
0.0414247
0.0414247
0.0875443
0.0875443
0.0875443
0.0875443
0.0875443
0.0875443
0.0414247
0.0414247
0.0414247
0.0414247
0.0414247
0.0414247
0.117271
0.117271
0.135015
0.117271
0.143066
0.143066
0.143066
0.143066
0.143066
0.0557278
0.0557278
0.0557278
0.0557278
0.0557278
0.0918863
0.0918863
0.0918863
0.0918863
0.0918863
0.0918863
0.0918863
0.09919
0.0918863
0
0
0
0
0
0
0
0
0
0
0
0
0
0
0
0
0
0
0
0
0
0
0
0
0
0
0
0
0
0
0
0
0
0
0
0
0
0.214286
0.214286
0.214286
0.214286
0.214286
0.214286
0.19518
0.214286
0.121652
0.121652
0.121652
0.121652
0.175993
0.175993
0.175993
0.179605
0.175993
0
0
0
0
0.19518
0.19518
0.19518
0.19518
0.19518
0
0
0
0
0
0
0
0
0
0
0
0
0
0
0
0
0
0
0
0
0
0
0
0
0
0
0
0
0
0
0
0
0
0
0
0
0
0
0
0
0
0
0
0
0
0
0
0
0
0
0
0
0
0
0
0
0
0
0
0
0.120192
0.120192
0.120192
0.120192
0.119856
0.119856
0.119856
0
0
0.043571
0.043571
0.043571
0.043571
0.043571
0.043571
0.043571
0
0
0
0
0
0
0
0
0
0
0
0
0
0.109844
0.109844
0.109844
0.109844
0
0
0.109844
0
0
0
0
0
0
0
0
0
0
0
0
0
0
0
0
0
0
0
0
0
0
0
0
0
0
0
0
0
0
0
0
0
0
0
0
0
0
0
0
0
0
0
0
0
0
0
0
0
0
0
0.124461
0.124461
0.124461
0.138592
0.138592
0.138592
0.138592
0
0
0
0
0
0
0
0
0.116813
0
0.116813
0.116813
0.116813
0.116813
0.116927
0.121395
0.116927
0.116813
0
0.116813
0.117041
0.117041
0.117041
0.177084
0.203653
0
0.117041
0
0.117041
0.121141
0.121141
0.121141
0.172917
0.121141
0
0.121141
0.100868
0.100868
0.100868
0.100868
0
0
0
0
0
0
0
0.100868
0.100868
0.100868
0.100868
0.100868
0.100868
0.100868
0.100868
0.100868
0.100868
0.100868
0.100868
0.100868
0.100868
0.100868
0.100868
0.100868
0.100868
0.100868
0.100868
0.100868
0.100868
0.100868
0.100868
0.100868
0.100868
0.100868
0.100868
0.100868
0.100868
0.100868
0.100868
0.100868
0.100868
0.100868
0.100868
0.100868
0.100868
0.100868
0.100868
0.100868
0.100868
0.100868
0.100868
0.100868
0.100868
0.100868
0.100868
0.100868
0.100868
0.100868
0.100868
0.100868
0.100868
0.100868
0.100868
0.100868
0.100868
0.100868
0.100868
0.100868
0.100868
0.100868
0.100868
0.100868
0.100868
0.100868
0.100868
0.100868
0.100868
0.100868
0.100868
0.100868
0.100868
0.100868
0.100868
0.100868
0.100868
0.100868
0.100868
0.100868
0.100868
0.100868
0.100868
0.100868
0.100868
0.100868
0.100868
0.100868
0.100868
0.100868
0.100868
0.100868
0.100868
0.100868
0.100868
0.100868
0.100868
0.100868
0.100868
0.100868
0.100868
0.100868
0.100868
0.100868
0.100868
0.100868
0.100868
0.100868
0.100868
0.100868
0.100868
0.100868
0.100868
0.100868
0.100868
0.100868
0.100868
0.100868
0.100868
0.100868
0.100868
0.100868
0.100868
0.100868
0.100868
0.100868
0.100868
0.100868
0.100868
0.100868
0.100868
0.100868
0.100868
0.100868
0.100868
0.100868
0.100868
0.100868
0.100868
0.100868
0.100868
0.100868
0.100868
0.100868
0.100868
0.100868
0.100868
0.100868
0.100868
0.100868
0
0
0
0
0
0
0
0
0
0
0
0
0
0
0
0
0
0
0
0
0
0
0
0
0
0
0
0
0
0
0
0
0
0
0
0
0
0
0
0
0
0
0
0
0
0
0
0
0
0
0
0
0
0
0
0
0
0
0
0
0
0
0
0
0
0
0
0
0
0
0
0
0
0
0
0
0
0
0
0
0
0
0
0
0
0
0
0
0
0
0
0
0
0
0
0
0
0
0
0
0.101015
0
0.100868
0.100868
0.101015
0
0
0
0
0.100868
0.100868
0
0
0
0
0
0
0
0
0
0
0
0
0
0
0
0
0
0
0
0
0
0
0
0
0
0
0
0
0
0
0
0
0
0
0
0
0
0
0
0
0
0
0
0
0
0
0
0
0
0
0
0
0
0
0
0
0
0
0
0
0
0
0
0
0
0
0
0
0
0
0
0
0
0
0
0.101015
0
0
0
0
0
0
0
0
0
0
0
0
0
0
0
0.108556
0.108556
0.110624
0
0
0
0
0
0
0
0
0
0
0
0
0
0
0
0
0
0
0.108832
0
0
0.112205
0
0
0
0.138107
0.138107
0.138107
0.101015
0.112205
0
0
0.117041
0.117041
0
0
0
0
0
0
0
0
0
0
0
0
0
0
0
0
0
0
0
0
0
0
0
0
0
0
0
0
0
0
0
0
0
0
0
0
0
0
0
0
0
0
0
0
0
0
0
0
0
0
0
0
0
0
0
0
0
0
0
0
0
0
0
0
0
0
0
0
0
0
0
0
0
0
0
0
0
0
0
0
0
0
0
0
0
0
0
0
0
0
0
0
0
0
0
0
0
0
0
0
0
0
0
0
0
0
0
0
0
0
0
0
0
0
0
0
0
0
0
0
0
0
0
0
0
0
0
0
0
0
0
0
0
0
0
0
0
0
0
0
0
0
0
0
0
0
0
0
0
0
0
0
0
0
0
0
0
0
0
0
0
0
0
0
0
0
0
0
0
0
0
0
0
0
0
0
0
0
0
0
0
0
0
0
0
0
0
0
0
0
0
0
0
0
0
0
0
0
0
0
0
0
0
0
0
0
0
0
0
0
0
0
0
0
0
0
0
0
0
0
0
0
0
0
0
0
0
0
0
0
0
0
0
0
0
0
0
0
0
0
0
0
0
0
0
0
0
0
0
0
0.100795
0.100795
0.100795
0.100795
0
0
0.100868
0.100868
0.100868
0.100868
0.100868
0.108102
0.100795
0.100795
0.100795
0.100795
0.100795
0.101015
0
0
0
0
0
0
0
0
0
0
0
0
0
0
0
0
0
0
0
0
0
0
0
0
0
0
0
0
0
0
0
0
0
0
0
0.101015
0.101015
0.101015
0.101015
0.101015
0.101015
0.101015
0
0
0
0
0
0
0
0
0
0
0
0
0
0
0
0
0
0
0
0
0
0
0
0
0
0
0
0
0.101015
0.101015
0.101015
0.101015
0.101015
0.101015
0
0
0
0
0
0
0
0
0
0
0
0
0
0
0
0
0
0
0
0
0.110335
0.110335
0.100868
0.100868
0.100868
0.100868
0.100868
0.100868
0.100868
0.100868
0.100868
0.100868
0.100868
0.100868
0.100868
0.100868
0.100868
0.100868
0.100868
0.100868
0.100868
0.100868
0.100868
0.100868
0.100868
0.100868
0.100868
0.100868
0.100868
0
0
0
0.100868
0.100868
0.100868
0.100868
0.100868
0.100868
0.100868
0.100868
0.100868
0.100868
0.100868
0.101015
0.101015
0.101015
0.101015
0.101015
0.101015
0.101015
0.101015
0.110335
0
0
0
0.101015
0.101015
0.101015
0.101015
0.101015
0.101015
0.101015
0.159836
0
0
0
0
0.101015
0
0.101015
0
0.101015
0
0.101015
0
0
0.110528
0.110528
0.110528
0.110528
0.110528
0.110528
0
0
0.108102
0.108102
0.108102
0.108102
0.108102
0.108102
0
0
0
0
0
0.108374
0.108102
0.108102
0.108102
0.108102
0.108102
0
0
0.108102
0.108102
0.108102
0.108465
0.108465
0.108102
0.108102
0
0.108102
0
0.108102
0
0.108102
0.108102
0
0.108102
0.108102
0
0
0
0.108102
0.108102
0.108102
0.108102
0.108102
0.108102
0.108102
0.108102
0.108102
0.108102
0.108102
0.108102
0.108465
0.108465
0.108465
0
0.108465
0.108102
0.108102
0.108102
0.108102
0
0.108102
0.108102
0
0
0
0
0
0
0
0
0
0
0
0
0
0
0
0
0
0
0
0
0
0
0
0
0
0
0
0
0
0
0
0
0
0
0
0
0
0
0
0
0
0
0
0
0
0
0
0
0
0
0
0
0
0
0
0
0
0
0
0
0
0
0
0
0
0
0
0
0
0
0
0
0
0
0
0
0
0
0
0
0
0
0
0
0
0
0
0
0
0
0
0
0
0
0
0
0
0
0
0
0
0
0
0
0
0
0
0
0
0
0
0
0
0
0
0
0
0
0
0
0
0
0
0
0
0
0
0
0
0
0
0
0
0
0
0
0
0
0
0
0
0
0
0
0
0.108102
0.108102
0
0.108102
0.108102
0.108102
0
0.108102
0
0
0
0.108465
0.112815
0
0.172917
0.14062
0.14062
0.118322
0.118322
0
0
0
0.109859
0
0
0
0
0
0
0
0
0
0
0
0
0
0
0
0
0
0
0.101089
0.101089
0
0
0
0
0
0
0
0
0
0
0
0
0
0
0
0
0
0
0
0
0
0
0
0
0
0
0
0
0
0
0
0
0
0
0
0
0.130505
0
0.130032
0.130032
0.130032
0
0
0
0
0
0
0
0
0
0
0
0
0
0
0
0
0
0
0
0
0
0
0
0
0
0
0
0
0
0
0
0
0
0
0
0.108102
0.108102
0
0.108102
0
0.108102
0.108102
0.108102
0.108102
0.108102
0.108102
0.108102
0
0
0.108102
0.108102
0.108465
0.108465
0
0
0.108465
0.108465
0.108102
0
0.108102
0.108102
0.108102
0
0
0
0
0
0
0
0
0
0
0
0
0
0
0
0
0.10874
0.10874
0
0.10874
0.10874
0.10874
0
0.10874
0
0
0
0.10874
0
0
0.10874
0.10874
0.10874
0
0.10874
0.108102
0.108102
0.108102
0
0
0.109016
0.109016
0
0.109016
0.109016
0
0
0
0
0
0.109016
0.108102
0
0.108102
0.10874
0.10874
0.10874
0.10874
0
0.10874
0.10874
0
0
0.10874
0.10874
0
0.10874
0
0
0
0
0
0
0
0
0
0
0
0
0
0
0
0
0
0
0
0
0
0
0
0
0
0
0
0
0
0
0
0
0
0
0
0
0
0
0
0
0
0
0
0
0
0
0
0
0
0
0
0
0
0
0
0
0
0
0
0.106
0
0.106
0
0
0
0
0
0
0
0
0.101163
0
0
0
0
0
0
0.11928
0.11928
0.117041
0.117041
0.117041
0.117041
0.117041
0
0
0
0
0
0
0
0
0
0
0
0
0
0
0
0
0
0
0
0
0
0
0
0
0
0
0
0
0
0.101163
0.101163
0.101163
0
0
0
0
0
0
0
0.100868
0.100868
0
0
0.101089
0
0.101089
0
0
0
0
0.163768
0
0
0
0
0.18345
0.163768
0
0
0.118918
0.118918
0.118918
0.118918
0.110624
0.110624
0.110624
0.101089
0
0
0
0
0
0.101163
0.101163
0.101163
0
0
0.144553
0.144553
0
0
0
0.101163
0.101163
0
0.100868
0
0
0
0
0
0
0
0
0
0
0
0
0
0
0
0
0
0.101684
0
0.108102
0.108102
0.14062
0.14062
0.14062
0.14062
0
0
0
0
0
0
0
0
0
0
0
0
0
0
0
0
0
0
0
0
0
0
0
0
0
0
0
0
0
0
0
0
0
0
0
0
0
0.101163
0
0.101163
0
0
0
0
0
0
0
0
0
0
0
0
0
0
0
0
0
0
0
0
0
0
0
0
0
0
0
0
0.0402911
0
0
0
0
0
0
0
0
0
0
0
0
0
0
0
0
0
0
0
0
0
0
0
0
0
0
0
0
0
0
0
0
0
0
0
0
0
0
0
0
0
0
0
0
0
0
0
0
0
0
0
0
0
0
0
0
0
0
0
0
0
0
0
0
0
0
0
0
0
0
0
0
0
0
0
0
0.101163
0
0.105736
0.100868
0
0.100868
0.100868
0.100868
0.100868
0.100868
0.100868
0.100868
0.100868
0.100868
0.100868
0.100868
0.100868
0.100868
0.100868
0.100868
0.100868
0.100868
0
0
0
0
0
0
0
0
0
0
0
0
0
0
0
0
0
0
0
0
0
0
0
0
0
0
0
0
0
0
0
0
0
0
0
0
0
0
0
0
0
0
0
0
0
0
0
0
0
0
0
0
0
0
0
0
0
0
0
0
0
0
0
0
0
0
0
0
0
0
0
0
0
0
0
0
0
0
0.139058
0.139058
0.139058
0.139058
0.118798
0.118798
0.118798
0.118798
0.118798
0.118798
0.118798
0.118798
0.118798
0.118798
0.118798
0.166337
0.166337
0
0.166337
0.166337
0.166337
0.166337
0.166337
0.140422
0
0.141827
0
0
0
0
0.142031
0
0.142442
0.21183
0.151186
0.140422
0
0
0
0
0
0
0
0
0.141827
0.165359
0.165359
0.106199
0.176547
0.106199
0.106199
0.106199
0.106199
0
0
0
0.113961
0.113961
0.113961
0.113961
0.113961
0.113961
0.106199
0.106199
0.151186
0.151186
0.151186
0.0687208
0.146845
0
0.155113
0.190476
0.18334
0.18334
0.186097
0.186097
0.186097
0.222911
0.13159
0.13159
0
0
0.245256
0.245256
0.245256
0.245256
0.176547
0.176547
0.176547
0.176547
0.176547
0.176547
0.176547
0.176547
0
0
0.192006
0.192006
0.0783862
0.0783862
0.0783862
0
0
0
0.176547
0.176547
0.176547
0.176547
0.192006
0.192006
0.192006
0.192006
0
0
0
0.0783862
0.0783862
0.0783862
0
0.176547
0.154831
0.154831
0
0.161314
0.167332
0.208514
0.0938417
0.151186
0.151186
0
0.151862
0
0.155023
0
0.155386
0.20025
0.119523
0.155023
0.155023
0.155023
0.155023
0.123718
0.123718
0.123718
0.123718
0.155023
0
0.155386
0
0
0
0
0
0
0
0.155386
0.21183
0
0.213201
0.213201
0.213201
0.230283
0.230283
0.230283
0.230283
0.213201
0.213201
0
0
0
0
0
0.216025
0.216025
0.305505
0.330719
0.336011
0.935414
0.196827
0
0.209657
0.190476
0.193574
0
0.211702
0.0998337
0.179193
0.179193
0
0.179193
0.179193
0.179193
0.179193
0.179193
0.197386
0.179193
0.184787
0
0
0.179193
0.179193
0.179193
0.122271
0.18334
0.18334
0.18334
0.18334
0.18334
0.18334
0.18334
0.211472
0
0.211472
0.152894
0.152894
0.152894
0.18334
0.18334
0.18334
0.18334
0.247436
0.18334
0
0.18334
0.18334
0.18334
0.18334
0.18334
0.18334
0
0.187044
0.187044
0.187044
0.187044
0.187044
0.187044
0.187044
0.187044
0.187044
0.187044
0.187044
0.187044
0.163455
0.163455
0.163455
0.245256
0.176547
0
0
0
0
0
0
0
0
0
0
0
0
0
0
0
0
0
0
0
0
0.111803
0.111803
0.111803
0.111803
0.111803
0.112205
0.112205
0.112205
0.112205
0.112205
0.112815
0.112815
0.113332
0.123493
0.123493
0.123493
0.123493
0.0932055
0.123493
0.112815
0.111803
0.0932055
0.113332
0.113332
0.123493
0.0932055
0.111803
0.111803
0.111803
0.111803
0.111803
0.111803
0
0.111803
0.111803
0.111803
0.111803
0.111803
0.112205
0.111803
0.111803
0.111803
0.111803
0.111803
0.112205
0.111803
0.111803
0.112205
0.112205
0.112205
0
0.112205
0.112205
0.112205
0.112205
0.130032
0.130032
0.112205
0.112205
0.112205
0.112205
0
0
0
0
0.111803
0.111803
0.111803
0.111803
0.148888
0.148888
0
0.148888
0.148888
0.148888
0.112205
0.112205
0.112205
0.112205
0
0.111803
0.111803
0.111803
0.111803
0.148888
0.111803
0.111803
0.111803
0.111803
0.0719117
0.111803
0.0834377
0.0834377
0.111803
0.111803
0.111803
0
0
0
0
0
0
0
0
0
0
0.138485
0.138485
0.138485
0.138485
0.138485
0.138485
0.138485
0.138485
0.138485
0.138485
0.138485
0.138485
0.164717
0.164717
0.164717
0.164717
0.164717
0
0
0.138485
0.138485
0.138485
0.139838
0.164717
0.164717
0.164717
0
0.169377
0.169377
0.169377
0.169377
0.0509647
0.180021
0.180021
0.180021
0.180021
0.180021
0.164717
0.164717
0.164717
0
0.164717
0.164717
0.164717
0.205971
0.164717
0
0.164717
0.167668
0.167668
0.167668
0.167668
0
0
0.167668
0.167668
0
0.167668
0
0
0
0.164717
0.102658
0
0.164717
0
0
0
0.164717
0.164717
0
0.165683
0
0.166009
0
0.166337
0.166337
0.164717
0.164717
0.164717
0.164717
0.166998
0.173329
0.19245
0
0
0
0.195047
0.164717
0.164717
0.164717
0
0.164717
0.164717
0.169377
0.169377
0.169377
0.179193
0.179193
0
0.179193
0.0534522
0.169377
0.169377
0.179193
0.247436
0.303046
0.303046
0.303046
0.303046
0
0.182141
0.179193
0.180021
0.180021
0.180021
0.180021
0.180021
0.314485
0.182141
0.182141
0.182141
0.159364
0.159364
0.159364
0.267261
0.267261
0.341882
0.159364
0.159364
0.182141
0.182141
0.182141
0.182141
0.182141
0.182141
0.209165
0.159364
0.182141
0.190445
0.182141
0.180021
0.180021
0.180021
0.182141
0.338062
0.182141
0.180021
0.180021
0.180021
0.180021
0.184338
0.184338
0.184338
0.184338
0.184338
0
0.184338
0.180021
0.180021
0.184338
0.186617
0
0.186617
0.184338
0.138485
0
0
0
0
0
0
0
0
0
0
0
0
0
0
0
0
0
0
0
0
0
0
0
0
0
0
0
0
0
0
0
0
0
0
0
0
0
0
0
0
0
0
0
0
0
0
0
0
0
0
0
0
0
0
0
0
0
0
0
0
0
0
0
0
0
0
0
0
0
0
0
0
0
0
0
0
0
0
0
0
0
0
0
0
0
0
0
0
0
0
0
0
0
0
0
0
0
0
0
0
0
0
0
0
0
0
0
0
0
0
0
0
0
0
0
0
0
0
0
0
0
0
0
0
0
0
0
0
0
0
0
0
0
0
0
0
0
0
0
0
0
0
0
0
0
0
0
0
0
0
0
0
0
0
0
0
0
0
0
0
0
0
0
0
0
0
0
0
0
0
0
0
0
0
0
0
0
0
0
0
0
0
0
0
0
0
0
0
0
0
0
0
0
0
0
0
0
0
0
0
0
0
0
0
0
0
0
0
0
0
0
0
0
0
0
0
0
0
0
0
0
0
0
0
0
0
0
0
0
0
0
0
0
0
0
0
0
0
0
0
0
0
0
0
0
0
0
0
0
0
0
0
0
0
0
0
0
0
0
0
0
0
0
0
0
0
0
0
0
0
0
0
0
0
0
0
0
0
0
0
0
0
0
0
0
0
0
0
0
0
0
0
0
0
0
0
0
0
0
0
0
0
0
0
0
0
0
0
0
0
0
0
0
0
0
0
0
0
0
0
0
0
0
0
0
0
0
0
0
0
0
0
0
0
0
0
0
0
0
0
0
0
0
0
0
0
0
0
0
0
0
0
0
0
0
0
0
0
0
0
0
0
0
0
0
0
0
0
0
0
0
0
0
0
0
0
0
0
0
0
0
0
0
0
0
0
0
0
0
0
0
0
0
0
0
0
0
0
0
0
0
0
0
0
0
0
0
0
0
0
0
0
0
0
0
0
0
0
0
0
0
0
0
0
0
0
0
0
0
0
0
0
0
0
0
0
0
0
0
0
0
0
0
0
0
0
0
0
0
0
0
0
0
0
0
0
0
0
0
0
0
0
0
0
0
0
0
0
0
0
0
0
0
0
0
0
0
0
0
0
0
0
0
0
0
0
0
0
0
0
0
0
0
0
0.100795
0
0.100795
0.100795
0.100795
0.100795
0.100795
0.100795
0
0.100795
0
0.100795
0
0.164717
0.164717
0.164717
0.164717
0.164717
0.164717
0.164717
0.164717
0.164717
0.164717
0.164717
0.164717
0
0
0.174078
0
0
0.174078
0.303046
0.303046
0.303046
0.303046
0.303046
0.303046
0.247436
0.247436
0.303046
0
0
0.172224
0.164717
0.164717
0.164717
0.182141
0.159364
0.159364
0.164717
0.118864
0.118864
0.118864
0.118864
0.118864
0.169377
0.172292
0.172292
0.168345
0.201737
0.201737
0.169377
0.177173
0
0.179193
0.179193
0.179193
0.179193
0.179193
0.177173
0.182141
0.174078
0.180439
0
0
0
0.167668
0.167668
0.179193
0.179193
0.179193
0.179193
0.179193
0.179193
0.179193
0.179193
0.179193
0.179193
0.179193
0.108102
0.108102
0.108102
0.108102
0.108102
0.108102
0.108102
0
0
0
0
0
0
0
0
0.108193
0.108193
0
0
0.108102
0.108102
0.108102
0
0
0
0
0
0
0
0
0
0
0
0
0
0
0
0
0
0
0
0
0
0
0
0
0
0
0
0
0
0
0
0
0
0
0
0
0
0
0
0
0
0
0.108102
0
0
0
0
0
0
0
0
0
0
0
0
0
0
0
0
0
0
0
0
0
0
0
0
0
0
0
0
0
0
0
0
0
0
0
0
0.118322
0.172917
0
0
0
0
0
0
0
0
0
0.166667
0.166667
0.0692959
0.0692959
0
0.0692959
0
0.166667
0
0.101089
0.101089
0.101089
0.101089
0.101089
0.101089
0.101089
0.101089
0.101089
0.101089
0.101089
0
0
0
0
0
0
0
0
0
0
0
0
0
0
0
0
0
0
0
0
0
0
0
0
0
0
0
0
0
0
0
0
0
0
0
0
0
0
0
0
0
0
0
0
0
0
0
0
0
0
0
0
0
0
0
0
0
0
0
0
0
0
0
0
0
0
0
0
0
0
0
0
0
0
0
0
0
0
0
0
0
0
0
0
0
0
0
0
0
0
0
0
0
0
0
0
0
0
0
0
0
0
0
0
0
0
0
0
0
0
0
0
0
0
0
0
0
0
0
0
0
0
0
0
0
0
0
0
0
0
0
0
0
0
0.129099
0.0360375
0
0
0.0714286
0.0714286
0.139832
0
0
0
0
0
0
0
0
0
0
0
0
0.0698857
0
0
0
0
0
0
0
0
0
0
0
0
0
0
0
0
0
0.0707992
0
0
0
0
0
0
0
0
0
0
0
0
0
0.103295
0.103295
0.120532
0.0437898
0.204479
0.176014
0.181711
0.160759
0.109954
0.109954
0.116488
0
0
0
0
0
0
0
0
0
0.163144
0
0
0
0
0
0
0
0.121734
0
0.121734
0.103295
0.131149
0.0437898
0.0668153
0.0668153
0
0.0759737
0
0.0759737
0.0763604
0.0763604
0
0.0763604
0
0.0763604
0
0
0.130505
0.122449
0
0.134665
0
0
0
0
0
0
0
0
0
0
0
0.0824786
0.111166
0
0.111166
0
0.111166
0
0.111166
0.111166
0.13041
0.13041
0
0.13041
0.0394055
0
0.0394055
0
0.0394055
0.0436436
0
0.0394055
0
0
0
0
0
0
0.111166
0
0
0
0
0
0
0
0
0
0
0
0
0
0
0
0
0
0
0.202326
0.202326
0.19245
0.09759
0.356753
0.119523
0
0
0.169031
0.180989
0.338062
0.169031
0.1146
0.1146
0.1146
0
0.1146
0
0.156866
0
0
0
0
0
0
0
0
0
0.119523
0
0.0730405
0.116248
0
0
0
0
0
0
0
0
0
0
0
0
0
0
0
0
0
0
0
0
0
0
0
0
0
0
0
0
0
0
0
0
0
0
0
0
0
0
0
0
0
0
0
0
0
0
0.114173
0.142575
0.114173
0
0
0
0
0
0
0
0
0
0
0
0
0
0.130505
0.136992
0.136992
0.110144
0.111505
0
0
0
0
0
0
0
0.108102
0.135769
0.154303
0.16764
0
0.16764
0
0
0
0
0.16764
0.16764
0
0.16764
0.150188
0.16764
0.169502
0.106514
0.151523
0.106514
0
0
0
0
0
0
0
0
0
0
0
0
0
0
0
0
0
0
0
0.106514
0.101535
0.101535
0.101535
0.101535
0.112104
0
0
0.18086
0.18086
0.18086
0.18086
0
0
0
0.18086
0
0
0
0
0
0
0
0
0
0.18086
0.18086
0
0
0
0
0
0
0
0
0
0
0
0.18086
0
0
0
0
0
0
0
0
0
0
0
0
0
0
0
0
0
0.134145
0.134145
0.106514
0.0827153
0.101609
0
0
0
0
0.142857
0.143066
0.143066
0.048795
0.048795
0.048795
0.048795
0.151495
0.146535
0.165683
0
0
0
0
0
0
0.11024
0
0.11024
0
0
0
0
0
0
0
0
0
0
0
0
0
0
0
0
0
0
0
0
0.112205
0
0
0
0
0
0
0
0.119523
0
0
0
0
0
0
0
0
0
0
0
0
0
0
0.120192
0
0
0
0.158004
0
0
0
0
0
0
0
0
0
0
0
0.101015
0
0
0.112205
0.138527
0.138527
0
0.138527
0.127441
0.130347
0
0
0
0
0
0
0
0
0
0
0
0
0
0
0
0
0
0
0
0
0
0
0
0
0
0
0
0
0
0
0
0
0
0
0
0
0
0
0
0
0
0
0
0
0
0
0
0
0
0
0
0
0
0
0
0
0
0
0
0
0
0
0
0
0
0
0
0
0
0
0
0
0.114816
0.114816
0.114816
0.114816
0
0.114816
0
0
0
0
0
0
0
0
0
0
0
0
0
0
0
0
0
0
0
0
0
0
0
0
0
0.167668
0.167668
0.167668
0.167668
0.152721
0.152721
0.160257
0.160257
0.160257
0.152721
0.152721
0.165395
0.162835
0
0.16764
0.125846
0.0805823
0.125846
0.158389
0.125846
0.133801
0.0810441
0.125988
0.158777
0.158777
0.181568
0.158777
0.158777
0.159561
0.158777
0.163768
0.163768
0.163768
0.163768
0.163768
0.174964
0.174964
0.177627
0.174964
0.174964
0
0
0
0
0
0
0.136626
0.136626
0.125421
0.111406
0.042796
0.111406
0
0.111406
0.111406
0
0
0
0
0
0
0
0
0
0
0
0
0
0
0
0
0
0
0
0
0.101089
0.109388
0.101089
0
0
0
0
0
0
0.0744839
0.0744839
0
0
0
0
0
0
0
0
0
0.0937614
0
0
0
0
0
0
0
0
0
0
0
0
0
0
0
0
0
0
0
0
0
0
0
0
0.111505
0.111505
0.111604
0.111604
0
0.111604
0
0.111604
0
0.111604
0
0.111604
0.082954
0.117502
0.0891862
0.128793
0
0.128793
0
0.128187
0
0
0
0
0
0
0
0
0
0
0
0
0
0
0
0
0
0
0
0
0
0
0
0
0
0
0
0
0
0
0
0
0
0
0
0
0
0
0
0
0
0
0
0
0
0
0
0
0
0
0
0
0
0
0
0
0
0
0
0
0
0
0
0
0
0
0
0
0
0
0
0
0
0
0
0
0
0
0
0
0
0.166667
0.166667
0.166667
0.166667
0.166667
0.166667
0.166998
0.166667
0.166667
0.166667
0.166667
0.166667
0.166667
0.166667
0.166667
0.166667
0.166667
0
0.166667
0
0.166667
0.166667
0
0
0
0
0
0.109291
0.109291
0.109291
0.109291
0.109291
0.109291
0.14631
0.14631
0.14631
0
0
0
0
0
0
0
0.14391
0.14391
0
0.14391
0.116991
0.14391
0.14391
0.109844
0.0670778
0
0.14391
0.107624
0.14391
0
0.14391
0.20292
0.20292
0.14391
0
0
0
0
0
0
0
0
0
0
0
0
0
0
0
0
0
0.116991
0.116991
0.116991
0.116991
0.116991
0
0
0
0
0
0
0
0.116991
0.116991
0
0
0
0
0
0
0
0
0
0
0
0.107624
0.107624
0.107624
0.107624
0
0
0
0
0
0.107624
0.072075
0.100868
0.100868
0.100868
0.100868
0.111803
0
0.111803
0.101015
0.101015
0.101015
0
0
0
0
0.101015
0.101015
0.101015
0.101015
0.101015
0.101015
0
0
0
0
0
0
0
0
0
0
0
0.101089
0.112815
0.108374
0.112815
0
0
0
0.108374
0.108374
0
0
0
0.108374
0
0
0.101163
0.101163
0
0
0.101089
0.101089
0.101089
0.101089
0.101089
0.101089
0.101089
0.101163
0.101089
0.101163
0.101163
0.101163
0.101163
0.101089
0.108102
0
0
0.101089
0.101089
0.101089
0.101089
0.101089
0
0
0
0
0
0
0.101089
0.101089
0
0
0
0
0
0
0
0
0
0
0
0
0
0
0
0
0
0
0
0
0
0
0
0
0
0
0
0
0
0
0
0
0
0
0
0
0
0
0
0
0
0
0
0.110144
0.108102
0.108102
0.108102
0
0
0
0
0
0
0
0
0
0
0
0
0
0
0.112205
0
0.112205
0.112205
0.112205
0.112205
0.112205
0
0.112205
0.112205
0.112205
0.112205
0
0.112205
0.112205
0.112205
0.112205
0.112205
0.112205
0.112205
0.112205
0.112205
0.112205
0.112205
0.112205
0.112205
0.112205
0.112205
0
0
0
0
0
0
0
0
0.112205
0.112205
0
0
0
0
0
0.112205
0
0
0
0
0
0
0
0
0
0
0
0
0
0
0
0
0
0
0
0
0
0
0
0.112205
0.11354
0
0
0.112205
0.112205
0.112205
0.112205
0.150188
0.150188
0.112205
0.11536
0.11536
0.0804681
0.0804681
0.0804681
0.0804681
0
0
0
0
0.0892857
0
0.0804681
0
0
0.0804681
0.0804681
0.0804681
0.0804681
0
0
0.0804681
0.0804681
0
0.0804681
0.0804681
0
0
0
0.114708
0.114708
0.114493
0
0
0
0.114708
0.114708
0.114493
0.113436
0.105644
0.105644
0.105644
0.105644
0.113436
0.113436
0
0
0.0822342
0.0822342
0
0.0822342
0
0
0
0.113436
0.113436
0.0707992
0.113436
0.113436
0.0815139
0.114279
0
0.114279
0
0.113436
0.113436
0.128793
0.128793
0.128793
0.128793
0.128793
0.128793
0
0.128793
0
0.128793
0
0.128793
0.128793
0.131958
0.128793
0.110217
0.110217
0.110217
0
0.110217
0
0.110217
0.110217
0.110217
0.110217
0.110217
0
0
0
0.110217
0
0.110217
0.110217
0
0.110217
0.110217
0
0.110217
0.103098
0.103098
0.110217
0.113436
0.0613139
0.157243
0.0804681
0.112205
0.112205
0.112205
0.112205
0.112205
0.112205
0.112205
0.112205
0.112205
0.112205
0.113436
0.113436
0.113436
0
0
0
0
0
0
0
0
0.0902992
0
0
0
0.0902992
0.0902992
0.0937614
0.0937614
0.0937614
0.0902992
0.0902992
0.119038
0
0
0
0
0
0
0
0
0
0
0.119038
0.113436
0.113436
0.112205
0.112205
0.112205
0
0
0
0
0
0
0
0
0
0
0
0
0
0
0
0
0
0
0
0
0
0
0
0
0
0
0
0
0
0
0
0
0
0
0
0
0
0
0
0
0
0
0
0
0
0
0
0
0
0
0
0
0
0
0
0
0
0
0
0
0
0
0
0
0
0
0
0
0
0
0
0
0
0
0
0
0
0
0
0
0
0
0
0
0.0814088
0.111903
0.0814088
0.0814088
0.0814088
0.0814088
0.0814088
0.0814088
0.112205
0.112205
0.112205
0.112205
0.112205
0
0.112205
0.112205
0.112205
0.112205
0.111903
0.0814088
0
0
0.115251
0.115251
0.115033
0.115033
0.112205
0.112205
0.112205
0.327327
0.112205
0.112205
0.112205
0.112205
0.112205
0.112205
0.137253
0.137253
0.137253
0.137253
0
0
0
0.137253
0.137253
0.112205
0.112205
0
0
0
0
0
0
0
0
0
0
0
0
0
0
0
0
0
0
0
0
0
0
0
0
0
0.0829185
0.0829185
0.0840498
0
0.0829185
0.0829185
0.102945
0.102945
0.102945
0.161165
0.161165
0.161165
0.115801
0.120511
0.0672842
0.0672842
0.0672842
0.0672842
0
0.0672842
0.0672842
0
0
0
0
0.0821128
0.0821128
0.0821128
0.0821128
0
0
0
0.110217
0.110217
0.110217
0.138527
0.138527
0.138527
0.138527
0
0
0
0
0
0
0
0
0
0
0
0
0
0
0
0
0
0
0
0
0
0
0
0.0822342
0
0.0822342
0.0822342
0.0822342
0
0.0822342
0.0822342
0.0822342
0.0822342
0.0822342
0.0822342
0
0
0
0
0
0
0
0
0
0
0
0
0
0
0
0
0
0
0
0
0
0
0
0.112205
0
0.112205
0.112205
0.0804681
0.112205
0.112205
0.112306
0.112306
0.102945
0.112306
0
0.112306
0.113436
0.112205
0.0804681
0
0
0
0
0
0
0
0
0
0
0
0
0
0
0
0
0
0
0
0
0
0
0
0
0
0
0
0
0
0
0
0
0
0
0
0
0
0
0
0
0
0
0
0
0.0655474
0.0655474
0.0655474
0.0655474
0
0.0655474
0.0655474
0
0.0655474
0
0
0
0.0657952
0.0657952
0.0657952
0.0890871
0.0890871
0.0890871
0.0890871
0.0890871
0.0890871
0
0
0
0
0
0
0
0
0
0
0
0
0
0
0
0.0714286
0
0
0
0.0715707
0.0714286
0.0714286
0.0714286
0.0714286
0.203653
0.203653
0.203653
0
0.203653
0.203653
0.203653
0.203653
0.203653
0.203653
0.18334
0.18334
0.18334
0.18334
0.09759
0.09759
0.203653
0
0
0
0
0
0
0
0
0
0
0
0
0
0
0
0
0
0
0
0
0
0
0
0
0
0
0.18334
0.18334
0.18334
0.188982
0
0.188982
0.188982
0.18334
0.18334
0.131468
0.131468
0.131468
0.131468
0.0557278
0.0557278
0.0557278
0
0.0557278
0.0557278
0.0557278
0.154303
0.154303
0.154303
0
0
0
0
0
0
0
0
0
0
0
0
0
0
0
0
0
0
0
0
0
0
0
0
0
0
0
0
0
0
0
0
0
0
0
0
0
0
0
0
0
0
0
0
0
0
0
0
0.161165
0.161165
0
0.161165
0.161165
0.161165
0
0.161165
0.161165
0
0
0
0
0
0.112205
0.112205
0.137002
0.137002
0
0.137002
0.137002
0.137002
0.137002
0.137002
0.137002
0.137002
0
0
0
0
0
0
0
0
0
0
0
0
0
0
0
0.0714286
0.158777
0.158777
0
0.158777
0.158777
0.158777
0
0
0
0
0
0.172917
0.0714286
0.0714286
0.0714286
0
0
0
0
0
0.0714286
0.172917
0.173422
0.172917
0
0.172917
0.172917
0
0.172917
0.0714286
0
0
0
0
0
0
0.0714286
0.116248
0
0
0
0.116248
0.116248
0.0928797
0.0928797
0
0
0.0836827
0.0919951
0.0919951
0.0919951
0
0
0.0836827
0
0
0
0
0
0
0
0
0
0
0
0
0
0
0
0
0
0
0
0
0
0
0
0
0
0
0
0
0
0
0
0
0
0
0
0
0
0
0
0
0
0
0
0
0
0
0
0
0
0
0
0
0
0
0
0
0
0
0
0
0
0
0
0
0
0
0
0
0
0
0
0
0
0
0
0
0
0
0
0
0
0
0
0
0
0
0
0
0
0
0
0
0
0
0
0
0
0.115033
0.115033
0
0
0
0
0
0
0
0.158777
0.158777
0.158777
0.172917
0
0.172917
0.172917
0.158777
0.0714286
0.0714286
0
0
0
0
0.0714286
0
0.122628
0.129875
0
0
0
0
0
0
0
0
0
0
0
0
0
0
0
0
0
0
0
0
0
0
0
0
0
0
0
0
0
0
0
0
0
0
0
0
0
0
0
0
0
0
0
0
0
0
0
0
0
0
0
0
0
0
0
0
0
0
0
0
0
0
0
0
0
0
0
0
0
0
0
0
0
0
0
0
0
0
0
0
0
0
0
0
0
0
0
0
0
0
0
0
0
0
0
0
0
0
0
0
0
0
0
0
0
0
0
0
0
0
0.112205
0.112205
0.112205
0.112205
0
0
0
0
0
0
0
0
0
0
0
0
0
0
0
0
0
0
0
0
0
0
0
0
0
0
0
0
0
0
0
0
0
0
0
0
0
0
0
0
0
0
0
0
0
0
0
0
0
0
0
0.100868
0.100868
0.100868
0
0
0
0
0
0
0
0
0
0
0
0
0
0
0
0
0
0
0
0
0
0
0
0
0
0
0
0
0
0
0
0
0
0
0
0
0
0
0
0
0
0
0
0
0
0
0
0
0
0
0
0
0
0
0
0
0
0
0
0
0
0
0
0
0
0
0
0
0
0
0
0
0
0
0
0
0
0
0
0
0
0
0
0
0
0
0
0
0
0
0
0
0
0.100868
0.100868
0.100868
0.100868
0.100868
0
0
0
0
0
0
0
0
0
0.108102
0
0
0
0
0.100649
0.100649
0.100649
0.100649
0.100649
0.100649
0
0.100649
0.100649
0
0
0
0
0
0
0
0
0
0
0
0
0
0
0
0
0
0.101163
0
0
0.100722
0.100722
0
0.100722
0.100722
0
0
0.101089
0
0.101163
0.101163
0
0
0
0
0
0
0
0
0
0
0
0
0
0
0
0
0
0
0
0
0
0
0
0
0
0
0
0
0
0
0
0
0
0
0
0
0
0
0
0
0
0
0
0
0
0
0
0
0
0
0
0.180439
0
0
0
0
0.100722
0
0
0
0
0
0.100722
0.100722
0.100722
0.100722
0.100722
0
0
0
0
0
0
0.100722
0
0
0
0.176547
0.176547
0.176547
0.176547
0.176547
0.176547
0.176547
0.176547
0.215249
0.215249
0.215249
0.215249
0.215249
0
0.215249
0.218218
0.215249
0
0.215249
0.176547
0.176547
0.215249
0
0
0
0
0
0
0
0.100868
0.100868
0.100868
0.100868
0.100868
0.100868
0
0
0
0
0
0
0.100868
0.100868
0.100868
0.100868
0.100868
0.100868
0.100868
0.100868
0
0
0
0
0.101015
0
0
0
0
0
0.101015
0
0
0
0
0
0
0.100868
0.100868
0.100868
0
0
0
0
0
0
0
0.186097
0.186097
0.186097
0.186097
0.186097
0.186097
0.186097
0.186097
0.186097
0.186097
0.19518
0.19518
0.19518
0.19518
0.19518
0
0.19518
0.19518
0.19518
0.19518
0.19518
0.19518
0.251976
0.251976
0.251976
0.251976
0.251976
0.251976
0.251976
0.251976
0.251976
0.251976
0.251976
0.251976
0.19518
0.19518
0.19518
0.19518
0.19518
0.19518
0.19518
0.19518
0.19518
0.19518
0.202031
0.202031
0.202031
0
0
0
0
0
0
0
0
0
0.251976
0
0
0
0
0
0
0
0
0
0.251976
0.202031
0.202031
0.202031
0.19518
0
0
0
0.19518
0
0
0.19518
0.19518
0.19518
0.19518
0
0
0.19518
0.19518
0
0
0
0
0
0.202031
0.202031
0.202031
0.202031
0.202031
0.202031
0.202031
0.202031
0
0
0
0
0
0
0
0
0
0
0
0
0
0
0
0
0
0
0
0
0
0
0
0
0
0
0
0
0
0
0
0
0
0
0
0
0
0
0
0
0
0.202031
0.202031
0.202031
0.202031
0
0
0
0
0
0
0.202031
0.202031
0.202031
0
0
0
0
0
0
0
0
0
0.209657
0.209657
0.202031
0.202031
0.202031
0.202031
0.202031
0.202031
0
0
0
0
0
0
0
0
0
0
0
0
0
0
0
0
0
0
0
0
0
0
0
0.251976
0.202031
0.202031
0.202031
0.245256
0.245256
0.245256
0.245256
0.245256
0
0
0.245256
0.245256
0.0992583
0
0.110264
0.18334
0.18334
0.18334
0.18334
0.186097
0.186097
0
0.09759
0.09759
0
0.186097
0.186097
0.186097
0
0.186097
0.186097
0.186097
0.186097
0.186097
0.186097
0.0992583
0
0
0.110264
0.115278
0.115278
0.115278
0.121046
0.142857
0.142857
0.121046
0.115278
0.115278
0
0
0
0.0992583
0.0992583
0
0.110264
0.086711
0.086711
0.119523
0
0
0.129641
0.121046
0.121046
0
0.186097
0.186097
0.186097
0.186097
0.19518
0.101089
0
0.146385
0.146385
0.146385
0.101089
0.129719
0.153243
0.153243
0.127441
0.127441
0.127441
0.127441
0.127441
0.150756
0.150756
0.150756
0.150756
0.150756
0
0
0
0
0
0
0
0
0
0
0
0
0
0
0
0
0
0
0
0
0
0
0
0
0
0
0
0
0
0
0
0
0
0
0
0
0
0
0
0
0
0
0
0
0
0
0
0
0
0
0
0
0
0.100868
0
0
0
0
0
0.100868
0.100868
0.100868
0
0
0
0
0
0
0
0
0
0
0
0
0
0
0
0
0
0
0
0
0
0
0
0
0
0
0
0
0
0
0
0
0
0
0
0
0
0
0
0
0
0
0
0
0
0
0
0
0
0
0
0
0
0
0
0
0
0
0
0
0
0
0
0
0
0
0
0
0
0
0
0
0
0
0
0
0
0
0
0
0
0
0
0
0
0
0
0
0
0
0
0
0
0
0
0
0
0
0
0
0
0
0
0
0
0
0
0
0
0
0
0
0
0
0
0
0
0
0
0
0
0
0
0
0
0
0
0
0
0
0
0
0
0
0
0
0
0
0
0
0
0
0
0
0
0
0
0
0
0
0
0
0
0
0
0
0
0
0
0
0
0
0
0
0
0
0
0
0
0
0
0
0
0
0
0
0
0
0
0
0
0
0
0
0
0
0
0
0
0
0
0
0
0
0
0
0
0
0
0
0
0
0
0
0
0
0
0
0
0
0
0
0
0
0
0
0
0
0
0
0
0
0
0
0
0
0
0
0
0
0
0
0
0
0
0.338062
0.338062
0.338062
0.338062
0
0
0
0
0
0
0.100868
0
0
0
0
0
0
0
0
0
0
0
0
0
0
0
0
0
0
0
0
0
0
0
0
0
0
0
0
0
0
0
0
0
0
0
0
0
0
0
0
0
0
0
0
0
0
0
0
0
0
0
0
0
0
0
0
0
0
0
0
0
0
0
0
0
0
0
0
0
0
0
0
0
0
0
0
0
0
0
0
0
0
0
0
0
0
0
0
0
0
0
0
0
0
0
0
0
0
0
0
0
0
0
0
0
0
0
0
0
0
0
0
0
0
0
0
0
0
0
0
0
0
0
0
0
0
0
0
0
0
0
0
0
0
0
0
0
0
0
0
0
0
0
0
0
0
0
0
0
0
0
0
0
0
0
0
0
0
0
0
0
0
0
0
0
0
0
0
0
0
0
0
0
0
0
0
0
0
0
0
0
0
0
0
0
0
0
0
0
0
0
0
0
0
0
0
0
0
0
0
0
0
0
0
0
0
0
0
0
0
0
0
0
0
0
0
0
0
0
0
0
0
0
0
0
0
0
0
0
0
0
0
0
0
0
0
0
0
0
0
0
0
0
0
0
0
0
0
0
0
0
0
0
0
0
0
0
0
0
0
0
0.100868
0.100868
0.100868
0.100868
0.100868
0.100868
0.101015
0.100868
0.100868
0.100868
0.100868
0
0
0
0
0
0
0
0
0
0
0
0
0
0
0
0
0
0
0
0
0
0
0.130032
0.130032
0.130032
0.130032
0.130032
0.130032
0.130032
0.130032
0.130032
0.130032
0.130032
0.130032
0.130032
0.130032
0.130032
0.130032
0.130032
0.130032
0.130032
0.130032
0.130032
0.130032
0.130032
0.130032
0.130032
0.130032
0.130032
0.130032
0.130032
0.130032
0.130032
0.130032
0.130032
0.130032
0.130032
0.130032
0.130032
0.130032
0.130032
0.130032
0.130032
0.130032
0.130032
0.130032
0.130032
0.130032
0.130032
0.130032
0.130032
0.130032
0.130032
0.130032
0.130032
0.130032
0.130032
0.130032
0.130032
0.101089
0
0.14391
0.14391
0.14391
0.14391
0
0.14391
0.14391
0.14631
0.14631
0.14631
0.14631
0.0951542
0.0951542
0.14631
0
0
0
0
0
0
0
0
0
0
0
0
0.14631
0.14631
0.14391
0
0
0
0
0
0
0
0
0
0
0
0
0
0
0
0
0.14391
0
0
0.0951542
0.0951542
0
0.166667
0.166667
0.166667
0.166667
0.166667
0.166667
0.187083
0.197203
0
0
0
0
0
0
0
0
0
0
0
0
0
0
0
0
0
0
0
0
0
0
0
0
0
0
0
0
0
0
0
0
0
0
0
0
0
0
0
0
0
0
0
0
0
0
0
0
0
0
0
0
0
0
0
0
0
0
0
0
0
0
0
0
0
0
0
0
0
0
0
0
0
0
0
0
0
0
0
0
0
0
0
0
0
0
0
0
0
0
0
0
0
0
0
0
0
0
0
0
0
0
0
0
0
0
0
0
0
0
0
0
0
0
0
0
0
0
0
0
0
0
0
0
0
0
0
0
0
0
0
0
0
0
0
0
0
0
0
0
0
0
0
0
0
0
0
0
0
0
0
0
0
0
0
0
0
0
0
0
0
0
0
0
0
0
0
0
0
0
0
0
0
0.100795
0
0.100795
0.100795
0.100795
0.100795
0
0
0
0
0
0
0
0
0
0
0
0
0
0
0
0
0
0
0
0.100868
0.100868
0.100868
0.100868
0.100868
0.100868
0
0
0
0
0
0
0
0
0
0
0
0
0
0
0
0
0
0
0
0
0
0
0
0
0
0
0
0
0
0
0
0
0
0
0
0
0
0
0
0
0
0
0
0
0
0
0
0
0
0
0
0
0
0
0
0
0
0
0
0
0
0
0
0
0
0
0.111803
0.111803
0.111803
0.129488
0.129488
0.129488
0
0.129488
0
0.111803
0
0.111803
0.0711118
0.0711118
0.151186
0.151186
0.151186
0.151186
0.151186
0.151186
0.151186
0.138866
0.138866
0.138866
0
0
0
0
0
0
0
0
0
0
0
0
0
0
0
0
0
0
0
0
0
0
0
0.100795
0
0
0
0
0
0.135769
0.135769
0.135769
0.135769
0.135769
0.135769
0.135769
0.338062
0
0
0
0
0
0
0
0
0
0
0
0
0
0
0
0
0
0.100868
0.100868
0.100868
0.100868
0.100868
0.100868
0.100868
0
0
0
0
0
0
0
0
0
0
0
0
0
0
0
0
0
0
0
0
0
0
0
0
0
0
0
0
0
0
0
0
0
0
0
0
0
0
0
0
0
0
0
0
0
0
0
0
0
0
0
0
0
0
0
0
0
0
0
0.130032
0.130032
0.130032
0.130032
0.130032
0
0.130032
0.130032
0.130032
0.130032
0
0.130032
0.130032
0.130032
0.130032
0
0.130032
0.130032
0.130032
0.130032
0
0
0
0
0
0
0
0
0.130032
0.130032
0.130032
0.130032
0.130032
0.130032
0.130032
0.130032
0.130032
0.110916
0.110144
0.110916
0.110916
0.110916
0.110916
0.110916
0.110916
0.110916
0.110144
0.110144
0.110144
0.110144
0.110144
0.110144
0.110144
0.110144
0
0
0
0.110528
0.110144
0
0
0
0
0
0
0
0
0
0
0
0
0.111111
0.111111
0.111111
0.111111
0.111111
0.111111
0
0
0
0
0
0
0.110624
0.110624
0.111406
0.128338
0.100585
0.0993269
0
0
0
0.111111
0.111111
0
0.111111
0
0.111111
0
0
0
0
0
0
0
0.111111
0
0
0
0
0
0
0
0
0
0
0
0
0
0.100868
0
0
0
0
0
0
0
0
0
0
0
0
0.100868
0.100868
0.100868
0.100868
0.100868
0.100868
0.100868
0.100868
0.100868
0.100868
0.100868
0.101015
0.101015
0
0.101015
0.101015
0.100868
0.100868
0.100868
0.100868
0.100868
0.100868
0.101015
0.101015
0.100868
0
0
0
0
0
0
0
0
0
0
0
0
0
0
0
0
0
0
0.101015
0.101015
0.148366
0
0
0
0
0
0
0
0
0
0
0
0
0
0
0
0
0
0
0
0.20292
0.20292
0.20292
0.20292
0
0.109844
0.109844
0
0
0
0
0
0
0
0
0
0.100868
0
0
0
0
0
0
0
0
0
0
0
0
0
0
0
0
0
0
0
0
0
0
0
0
0
0
0
0
0
0
0
0
0.111111
0.111111
0.111111
0.111111
0.111111
0.111111
0.111111
0.111111
0.111111
0.111111
0.111111
0.111111
0
0
0
0
0
0
0
0
0
0
0
0
0
0
0
0
0
0
0.112815
0
0
0
0
0
0
0
0
0
0
0
0
0
0
0
0
0
0
0
0
0
0
0
0
0
0
0
0
0
0
0
0
0
0
0
0
0
0
0
0
0
0
0
0
0
0
0
0
0
0.100868
0.100868
0.100868
0.100868
0.100868
0.100868
0.100868
0.100868
0
0
0
0
0
0
0
0
0
0
0
0
0
0
0
0
0
0
0
0
0
0
0
0
0
0
0
0
0
0
0
0
0
0
0
0
0
0
0
0
0
0
0
0
0
0
0
0
0
0
0
0
0
0
0
0
0
0
0
0
0
0
0
0
0
0
0
0
0
0
0
0
0
0
0
0
0
0
0
0
0
0
0
0
0
0
0
0
0
0
0
0
0
0
0
0
0
0
0
0
0
0
0
0
0
0
0
0
0
0
0
0
0
0
0
0
0
0
0
0
0
0
0
0
0
0
0
0
0
0
0
0
0
0
0
0
0
0
0
0
0
0
0
0
0
0
0
0
0
0
0
0
0
0
0
0
0
0
0
0
0
0
0
0
0
0
0
0
0
0
0
0
0
0
0
0
0
0
0
0
0
0
0
0
0
0
0
0
0
0
0
0
0
0
0
0
0
0
0
0
0
0
0
0
0
0
0
0
0
0
0
0
0
0
0
0
0
0
0
0
0
0
0
0
0
0
0
0
0
0
0
0
0
0
0
0
0
0
0
0
0
0
0
0
0
0
0
0
0
0
0
0
0
0
0
0
0
0
0
0
0
0
0
0
0
0
0
0
0
0
0
0
0
0
0
0
0
0
0
0
0
0
0
0
0
0
0
0
0
0
0
0
0
0
0
0
0
0
0
0
0
0
0
0
0
0
0
0
0
0
0
0
0
0
0
0
0
0
0
0
0
0
0
0
0
0
0
0
0
0
0
0
0
0
0
0
0
0
0
0
0
0
0
0
0
0
0
0
0
0
0
0
0
0
0
0
0
0
0
0
0
0
0
0
0
0
0
0
0
0
0
0
0
0
0
0
0
0
0
0
0
0
0
0
0
0
0
0
0
0
0
0
0
0
0
0
0
0
0
0
0
0
0
0
0
0
0
0
0
0
0
0
0
0
0
0
0
0
0
0
0
0
0
0
0
0
0
0
0
0
0
0
0
0
0
0
0
0
0
0
0
0
0
0
0
0
0
0
0
0
0
0
0
0
0
0
0
0
0
0
0
0
0
0
0
0
0
0
0
0
0
0
0
0
0
0
0
0
0
0
0
0
0
0
0
0
0
0
0
0
0
0
0
0
0
0
0
0
0
0
0
0
0
0
0
0
0
0
0
0
0
0
0
0
0
0
0
0
0
0
0
0
0
0
0
0
0
0
0
0
0
0
0
0
0
0
0
0
0
0
0
0
0
0
0
0
0
0
0
0
0
0
0
0
0
0
0
0
0
0
0
0
0
0
0
0
0
0
0
0
0
0
0
0
0
0
0
0
0
0
0
0
0
0
0
0
0
0
0
0
0
0
0
0
0
0
0
0
0
0
0
0
0
0
0
0
0
0
0
0
0
0
0
0
0
0
0
0
0
0
0
0
0
0
0
0
0
0
0
0
0
0
0
0
0
0
0
0
0
0
0
0
0
0
0
0
0
0
0
0
0
0
0
0
0
0
0
0
0
0
0
0
0
0
0
0
0
0
0
0
0
0
0
0
0
0
0
0
0
0
0
0
0
0
0
0
0
0
0
0
0
0
0
0
0
0
0
0
0
0
0
0
0
0
0
0
0
0
0
0
0
0.100868
0.100868
0.100868
0.100868
0.100868
0.100868
0.100868
0.100868
0.100868
0.100868
0
0
0
0
0
0
0
0
0
0
0
0
0
0
0
0
0
0
0
0
0
0
0
0
0
0
0
0
0
0
0
0
0
0
0
0
0
0
0
0
0
0
0
0
0
0
0
0
0
0
0
0
0
0
0
0
0
0
0
0
0
0
0
0
0
0
0
0
0
0
0
0
0
0
0
0
0
0
0
0
0
0
0
0
0
0
0
0
0
0
0
0
0
0
0
0
0
0
0
0
0
0
0
0
0
0
0
0
0
0
0
0
0
0
0
0
0
0
0
0
0
0
0
0
0
0
0
0
0
0
0
0
0
0
0
0
0
0
0
0
0
0
0
0
0
0
0
0
0
0
0
0
0
0
0
0
0
0
0
0
0
0
0
0
0
0
0
0
0
0
0
0
0
0
0
0
0
0
0
0
0
0
0
0
0
0
0
0
0
0
0
0
0
0
0
0
0
0
0.138485
0.138485
0.138485
0.138485
0.151001
0.151001
0.138485
0.151001
0.151744
0.153264
0.145371
0.145371
0.145371
0.125988
0.131036
0.131036
0.131036
0.131036
0.153264
0.151001
0.158968
0.158968
0
0.161615
0
0
0
0.158968
0
0
0
0.151001
0.176547
0.176547
0.176547
0.436436
0.436436
0.176547
0.176547
0.176547
0.176547
0.176547
0.176547
0.176547
0.176547
0.176547
0.176547
0.176547
0.176547
0.176547
0.176547
0.176547
0.176547
0.176547
0.176547
0
0.176547
0.176547
0.176547
0.176547
0.176547
0
0
0
0
0
0
0
0
0.176547
0.179284
0.179284
0.176547
0
0
0
0
0
0
0
0
0
0
0
0.176547
0.176547
0.176547
0.176547
0.176547
0.176547
0
0.176547
0.202837
0.202837
0.202837
0.0551318
0.0551318
0.0551318
0.0551318
0.0551318
0.0551318
0
0
0
0
0
0
0
0
0
0.0569803
0.0569803
0.0569803
0.0569803
0.0551318
0.0551318
0.0551318
0.0551318
0.0551318
0.0551318
0.0551318
0.176547
0.176547
0.176547
0.176547
0.176547
0.176547
0.241747
0.241747
0.258438
0.258438
0.241747
0.202031
0.202031
0.202031
0.202031
0.202031
0.202031
0.176547
0.138013
0.176547
0.138013
0.138013
0.138013
0.138013
0.138013
0.138013
0.138013
0.258438
0.258438
0.258438
0.258438
0
0.260133
0.260133
0.258438
0.17695
0.17695
0.17695
0.241747
0.241747
0.241747
0.250435
0.241747
0.13159
0.135769
0.203859
0
0
0.203859
0.241747
0.241747
0.202031
0
0.202031
0.202031
0.202031
0.202031
0.202031
0.202031
0.202031
0.209657
0.209657
0.202031
0.202031
0.202031
0.202031
0.202031
0
0
0.159256
0.159256
0.159256
0.159256
0
0.159256
0.121046
0
0.159256
0.159256
0.159256
0.159256
0.159256
0.169031
0.169031
0
0.169031
0.169031
0.154303
0
0.154303
0.159256
0
0.159256
0.112205
0.112205
0.112205
0.112205
0.112205
0.112205
0.112205
0
0
0.101163
0.101163
0.101163
0.101163
0.101163
0.101163
0.101163
0.101163
0.101163
0.101163
0.101163
0.101163
0.101163
0.101163
0.101163
0.101163
0.101163
0.101163
0.101163
0.101163
0.101163
0.0932055
0
0.091348
0.116952
0.101609
0.101609
0.0854704
0.0854704
0
0.173422
0.116248
0
0
0
0
0
0
0.105409
0.105409
0.161165
0.161165
0
0
0
0
0
0
0
0.101609
0.0755929
0.039676
0
0.188982
0.161165
0
0.101163
0.0492068
0.0981147
0
0
0.14062
0.101163
0
0
0
0
0.0664914
0.0664914
0.0664914
0.0664914
0
0
0
0
0.101163
0.101609
0.101609
0.119768
0.119768
0.101609
0.039676
0.039676
0
0
0
0
0
0.039676
0.039676
0
0
0
0
0
0
0
0
0.091348
0.091348
0.091348
0
0.091348
0.101163
0.101163
0.101163
0.101163
0.101163
0.101163
0.101163
0.101163
0
0
0
0
0
0.101163
0
0.101163
0.101163
0.108102
0.101163
0.101163
0.101609
0.173422
0.173422
0.188982
0.188982
0.188982
0.173422
0
0
0
0
0
0
0
0
0
0
0
0
0
0
0.0755929
0
0
0
0
0.105409
0.105409
0.105409
0
0
0
0
0
0
0
0.116248
0.116248
0.140225
0.140225
0.116248
0.116248
0.116248
0.116248
0.101609
0.101609
0.101609
0.0387274
0.0387274
0
0
0.0387274
0.0387274
0.0387274
0.101609
0.101609
0.101609
0.0387274
0.0387274
0.0387274
0.0387274
0.101609
0.101609
0.101609
0.101609
0.0748188
0.0387274
0.101609
0.101609
0.101609
0.118798
0.118798
0.118798
0
0.118798
0.101609
0.101609
0.101609
0
0
0.101609
0.101609
0.101609
0.188982
0.188982
0.188982
0.188982
0.178174
0.188982
0.100915
0.100915
0.100915
0.100915
0.100915
0
0.161165
0.161165
0.161165
0.161165
0.161165
0.161165
0
0.161165
0.161165
0.161165
0.161165
0.161165
0.161165
0.161165
0.161165
0.161165
0.161165
0.101163
0.101163
0.039676
0.101163
0
0.101163
0.039676
0
0.0668153
0.101163
0
0.144123
0.0492068
0.0492068
0.154303
0.154303
0.0492068
0.0492068
0.0492068
0.0492068
0.0981147
0
0
0
0
0
0
0
0
0
0
0
0
0
0
0
0
0
0
0
0
0
0
0
0
0
0
0
0
0
0
0
0
0
0
0
0
0.039676
0.039676
0.039676
0.039676
0
0.039676
0.039676
0.039676
0.039676
0.039676
0
0
0
0
0
0
0
0
0
0
0
0.14062
0.14062
0.143275
0.14062
0.0854704
0
0
0
0
0
0
0
0
0
0
0
0
0
0
0
0
0
0
0
0
0
0
0
0
0
0
0
0
0
0
0
0
0
0
0
0
0
0
0
0
0
0
0
0
0
0
0
0.116952
0.116952
0.116952
0
0
0.117579
0
0
0
0
0
0
0.117579
0.117579
0
0.117579
0.0899915
0.0899915
0
0.0664914
0
0.0664914
0.0664914
0.0664914
0.0664914
0.0664914
0.0664914
0.0664914
0
0.0664914
0.0664914
0.0743937
0.0743937
0.0664914
0
0
0
0
0
0
0
0
0
0
0
0
0
0
0.101163
0.101163
0.101163
0.101163
0.101163
0.101163
0.101163
0.101163
0.101163
0.101163
0.101163
0.101163
0.101163
0.101163
0.101163
0.101163
0.101163
0.101163
0.101163
0.101163
0.101163
0.101163
0.101163
0.101163
0.101163
0.101163
0.101163
0.101163
0.101163
0.101163
0.101163
0.101163
0.101163
0.101163
0.101163
0.101163
0.101163
0.101163
0.101163
0.101163
0.101163
0.101163
0.101163
0.101163
0.101163
0.101163
0.101163
0.101163
0.101163
0.101163
0.101163
0.101163
0.101163
0.101163
0.101163
0.101163
0.101163
0.101163
0.101163
0.101163
0.101163
0.101163
0.101163
0.101163
0.101163
0.101163
0.101163
0.101163
0.101163
0.101163
0.101163
0
0
0.144553
0.144553
0
0
0
0.101163
0.101163
0.101163
0.101163
0.101163
0.101163
0.101163
0.101163
0.101163
0.101163
0
0
0
0
0
0
0.101163
0.101163
0.101163
0.101163
0
0
0.101163
0
0
0
0
0.101163
0.152894
0.152894
0.129641
0
0
0.145479
0.145479
0.145479
0.145479
0.145479
0.152894
0
0
0
0
0
0
0
0
0
0
0
0
0.101163
0.101163
0
0
0
0
0
0
0
0.101163
0
0
0
0
0
0
0
0
0
0
0
0
0
0
0
0
0
0
0
0
0
0
0
0
0
0.101163
0.101163
0.101163
0
0
0.101163
0.101163
0
0
0
0.118798
0.118798
0.118798
0
0
0
0.118798
0.118798
0.039676
0.039676
0.039676
0
0.039676
0.039676
0
0
0
0
0
0
0
0
0
0
0.101163
0.101163
0.101163
0.101163
0.101163
0.101163
0.101163
0
0
0
0
0
0
0
0
0
0
0
0
0
0
0
0.101163
0
0.101163
0.101163
0.101163
0.101163
0.0215365
0.101163
0.101237
0
0
0
0
0
0
0
0
0
0
0
0
0
0.104383
0
0
0
0
0.119523
0
0
0
0.0492068
0
0
0
0
0.116248
0
0
0
0
0
0
0
0
0
0
0
0
0
0
0
0
0
0
0.0917779
0
0
0
0
0
0
0
0
0
0
0
0
0
0
0
0
0
0
0
0
0
0
0
0
0
0
0
0
0
0.101015
0
0.101609
0
0.105409
0
0
0
0
0
0
0.101163
0.114173
0.09732
0
0
0.101163
0.0981147
0.101163
0
0.101163
0.101163
0.101163
0
0.101163
0.101163
0.103616
0
0
0.101163
0
0
0.101163
0.111406
0.101163
0.101163
0.101163
0.101163
0.101163
0.101163
0.101163
0.101163
0.101163
0.101163
0.101163
0.101163
0.101163
0.101163
0.101163
0.101163
0.101163
0.101163
0.101163
0.101163
0.101163
0.101163
0.101163
0.101163
0.101163
0.101163
0.101163
0
0
0.101163
0.101163
0.101163
0.101163
0.101163
0.101163
0.101163
0.101163
0.101163
0.101163
0
0
0
0
0
0
0
0
0
0
0
0
0
0
0
0
0
0
0
0
0
0
0
0
0
0
0
0
0
0
0
0
0
0
0
0
0
0
0
0
0
0
0
0
0
0
0
0
0
0
0
0
0
0
0
0
0
0
0
0
0
0
0
0.166337
0.166667
0.19245
0.166667
0
0
0
0
0
0
0
0
0
0
0
0
0
0
0
0
0
0
0
0
0
0
0
0
0
0
0
0
0
0
0
0
0
0
0
0
0
0
0
0
0
0
0
0
0
0
0
0
0
0
0
0
0
0
0
0
0
0
0
0
0
0
0
0
0
0
0
0
0
0
0
0
0
0
0
0
0
0
0
0
0
0
0
0
0
0
0
0
0
0
0
0
0
0
0
0
0
0
0
0
0
0
0
0
0
0
0
0
0
0
0
0
0
0
0
0
0
0
0
0
0
0
0
0
0
0
0
0
0
0
0
0
0
0
0
0
0
0
0
0
0
0
0
0
0
0
0
0
0
0
0
0
0
0
0
0
0
0
0
0
0
0
0
0.100868
0
0
0
0.100868
0.100868
0.100868
0.100868
0.100868
0.100868
0.101015
0.101015
0.101015
0.100868
0
0
0
0.100868
0
0
0
0
0
0
0
0
0
0
0
0
0
0
0
0
0
0
0
0.159256
0.159256
0.159256
0.159256
0.159256
0.159545
0.159545
0.10351
0.168345
0.168345
0.168345
0.168345
0.168345
0.168687
0.168687
0.169031
0
0
0
0
0
0
0
0
0
0
0
0
0
0
0
0
0
0
0
0
0
0
0
0
0
0
0
0
0
0
0
0
0
0
0
0
0
0
0
0
0
0
0
0
0
0
0
0.100868
0.100868
0.100868
0.100868
0.100868
0.100868
0.100868
0.100868
0.100868
0.100868
0.100868
0
0
0
0
0
0
0
0
0
0
0
0
0
0
0
0
0
0
0
0
0
0
0
0
0
0
0
0
0
0
0
0
0
0
0
0
0
0
0
0
0
0
0
0
0
0
0
0
0
0
0
0
0
0
0
0
0
0
0
0
0
0
0
0
0
0
0
0
0
0
0
0
0
0
0
0
0
0
0
0
0
0
0
0
0
0
0
0
0
0
0
0
0
0
0
0
0
0
0
0
0
0
0
0
0
0
0
0
0
0
0
0
0
0
0
0
0
0
0
0
0
0
0
0
0
0
0
0
0
0
0
0
0
0
0
0
0
0
0
0
0
0
0
0
0
0
0
0
0
0
0
0
0
0
0
0
0
0
0
0
0
0
0
0
0
0
0
0
0
0
0
0
0
0
0
0
0
0
0
0
0
0
0
0
0
0
0
0
0
0
0
0
0
0
0
0
0
0
0
0
0
0
0
0
0
0
0
0
0
0
0
0
0
0
0
0
0
0
0
0
0
0
0
0
0
0
0
0
0
0
0
0
0
0
0
0
0
0
0
0
0
0
0
0
0
0
0
0
0
0
0
0
0
0
0
0
0
0
0
0
0
0
0
0
0
0
0
0.100868
0
0
0
0
0
0
0
0
0
0
0
0
0
0
0
0
0
0
0
0
0.100868
0.100868
0.100868
0
0
0
0
0
0
0
0
0.112205
0.112205
0.112205
0.112205
0.112205
0.112205
0.117041
0.117041
0
0
0.117041
0
0
0
0
0
0
0
0
0.112205
0.112205
0.117041
0.117041
0.112205
0
0.112205
0.112205
0.150188
0.150188
0.150188
0.150188
0.150188
0.150188
0.150188
0.150188
0.150188
0.150188
0.150188
0.150188
0.150188
0.150188
0.150188
0.247436
0.150188
0.150188
0.150188
0
0
0
0
0
0
0
0
0
0
0
0
0
0
0
0
0
0
0
0
0
0
0
0.101163
0
0
0.151186
0.19518
0.19518
0.19518
0.19518
0.19518
0.151186
0
0.151186
0
0.151186
0
0.151186
0.251976
0.151186
0.251976
0.251976
0.251976
0.251976
0.251976
0.14631
0.14631
0.14631
0.14631
0.14631
0.14631
0.14631
0
0
0
0
0
0
0
0
0
0
0
0
0
0
0
0
0
0
0
0
0
0
0
0
0
0
0
0
0
0
0
0
0
0
0
0
0
0
0
0
0
0
0
0
0
0
0.100868
0.100868
0.100868
0.100868
0.100868
0.100868
0.100868
0.100868
0.100868
0.100868
0.100868
0.100868
0.100868
0.100868
0
0
0
0
0
0
0
0
0
0
0
0
0
0
0
0
0
0
0
0
0
0
0
0
0
0
0
0
0
0
0
0
0
0
0
0
0
0
0
0
0
0
0
0
0
0
0
0
0
0
0
0
0
0
0
0
0
0
0
0
0
0
0
0
0
0
0
0
0
0
0
0
0
0
0
0
0
0
0
0
0
0
0
0
0
0
0
0
0
0
0
0
0
0
0
0
0
0
0
0
0
0
0
0
0
0
0
0
0
0
0
0
0
0
0
0
0
0
0
0
0
0
0
0
0
0
0
0
0
0
0
0
0
0
0
0
0
0
0
0
0
0
0
0
0
0
0
0
0
0
0
0
0
0
0
0
0
0
0
0
0
0
0
0
0
0
0
0
0
0
0
0
0
0
0
0
0
0
0
0
0
0
0
0
0
0
0
0
0
0
0
0
0
0
0
0
0
0
0
0
0
0
0
0
0
0
0
0
0
0
0
0
0
0
0
0
0
0
0
0
0
0.100868
0.100868
0.100868
0.100868
0.100868
0
0
0
0
0
0
0
0
0
0
0
0
0
0
0
0
0
0
0
0
0
0
0
0
0
0
0
0
0
0
0
0
0
0
0
0
0
0
0
0
0
0
0
0
0
0
0
0
0
0
0
0
0
0
0
0
0
0
0
0
0
0
0
0
0
0
0
0
0
0
0
0
0
0
0
0
0
0
0
0
0
0
0
0
0
0
0
0
0
0
0
0
0
0
0
0
0
0
0
0
0
0
0
0
0
0
0
0
0
0
0
0
0
0
0
0
0
0
0
0
0
0
0
0
0
0
0
0
0
0
0
0
0
0
0
0
0
0
0
0
0
0
0
0
0
0
0
0
0
0
0
0
0
0
0
0
0
0
0
0
0
0
0
0
0
0
0
0
0
0
0
0
0
0
0
0
0
0
0
0
0
0
0
0
0
0
0
0
0
0
0
0
0
0
0
0
0
0
0
0
0
0
0
0
0
0
0
0
0
0
0
0
0
0
0
0
0
0
0
0
0
0
0
0
0
0
0
0
0
0
0
0
0
0
0
0
0
0
0
0
0
0
0
0
0
0
0
0
0
0
0
0
0
0
0
0
0
0
0
0
0
0
0
0
0
0
0
0
0
0
0
0
0
0
0
0
0
0
0
0
0
0
0
0
0
0
0
0
0
0
0
0
0
0
0
0
0
0
0
0
0
0
0
0
0
0
0
0
0
0
0
0
0
0
0
0
0
0
0
0
0
0
0
0
0
0
0
0
0
0
0
0
0
0
0
0
0
0
0
0
0
0
0
0
0
0
0
0
0
0
0
0
0
0
0
0
0
0
0
0
0
0
0
0
0
0
0
0
0
0
0
0
0
0
0
0
0
0
0
0
0
0
0
0
0
0
0
0
0
0
0
0
0
0
0
0
0
0
0
0.130032
0.130032
0.130032
0.130032
0.130032
0
0
0
0.130032
0.130032
0
0.130032
0.130032
0
0
0
0
0
0
0
0
0
0
0
0
0
0
0
0
0
0
0
0
0
0
0
0
0
0
0
0
0
0
0
0
0
0
0
0
0
0
0
0
0
0
0
0
0
0
0
0
0
0
0
0
0
0
0
0
0
0
0
0
0
0
0
0.130032
0.130032
0.130032
0
0
0
0
0
0
0
0.130032
0.130032
0.130032
0.130032
0
0
0
0
0
0
0
0
0
0
0
0
0
0
0
0
0
0
0
0
0
0
0
0
0
0
0
0
0
0
0
0
0
0
0
0
0
0
0
0
0
0
0
0
0
0
0
0
0
0
0
0
0
0
0
0
0
0
0
0
0
0
0
0
0
0
0
0
0
0
0
0
0
0
0
0
0
0
0
0
0
0
0
0
0
0
0
0
0
0
0
0
0
0
0
0
0
0
0
0
0
0
0
0
0
0
0
0
0
0
0
0
0
0
0
0
0
0
0
0
0
0
0
0
0
0
0
0
0
0
0
0
0
0
0
0
0
0
0
0
0
0
0
0
0
0
0
0
0
0
0
0
0
0
0
0
0
0
0
0
0
0
0
0
0
0
0
0
0
0
0
0
0
0
0
0
0
0
0
0
0
0
0
0
0
0
0
0
0
0
0
0
0
0
0
0
0
0
0
0
0
0
0
0
0
0
0
0
0
0
0
0
0
0
0
0
0
0
0
0
0
0
0
0
0
0
0
0
0
0
0
0
0
0
0
0
0
0
0
0
0
0
0
0
0
0
0
0
0
0
0
0
0
0
0
0
0
0
0
0
0
0
0
0
0
0
0
0
0
0
0
0
0
0
0
0
0
0
0
0
0
0
0
0
0
0
0
0
0
0
0
0
0
0
0
0
0
0
0
0
0
0
0
0
0
0
0
0
0
0
0
0
0
0
0
0
0
0
0
0
0
0
0
0
0
0
0
0
0
0
0
0
0
0
0
0
0
0
0
0
0
0
0
0
0
0
0
0
0
0
0
0
0
0
0
0
0
0
0
0
0.101089
0.101089
0.101089
0.108102
0.101089
0
0
0
0
0.180439
0.100868
0.100868
0.100868
0.100868
0
0
0.101015
0.147442
0.147442
0.148366
0.147442
0
0
0.100868
0.100868
0.100868
0.100868
0.100868
0.100868
0.100868
0.100868
0.100868
0.100868
0.101163
0.101163
0.101163
0
0.101163
0.101163
0.116248
0.116248
0.101609
0.101163
0
0
0
0
0
0
0.116248
0.116248
0.116248
0
0.116248
0.129253
0.116248
0
0.116248
0.101609
0.101609
0
0
0
0.101609
0
0
0
0
0.101163
0.101163
0.101163
0.101163
0.101163
0.101163
0
0
0
0.101163
0
0.101163
0
0.101163
0.101163
0.101163
0
0
0
0
0
0
0
0
0
0
0
0
0
0
0
0
0
0.100868
0.100868
0.100868
0.100868
0.100868
0.100868
0.100868
0.100868
0.100868
0.100868
0.100868
0
0.120761
0.120761
0.120761
0.120761
0.120761
0.122826
0.12514
0.0932181
0.0932181
0.140981
0.140981
0
0.0932181
0.110657
0.11159
0.0527964
0
0
0
0.144338
0
0
0
0.101089
0
0.101089
0
0
0
0
0
0
0
0
0
0
0
0
0
0
0
0
0
0
0
0
0
0
0
0
0
0
0
0
0
0
0
0
0
0
0
0
0
0
0
0
0
0
0
0
0
0
0
0
0
0
0
0
0.100868
0.100868
0.100868
0.100868
0.100868
0.100868
0.100868
0.100868
0.100868
0.100868
0.100868
0.100868
0.100868
0
0
0
0
0
0
0
0
0
0
0
0
0
0
0
0
0
0
0
0
0
0
0
0
0
0
0
0
0
0
0
0
0
0
0
0
0
0
0
0
0
0
0
0
0
0
0
0
0
0
0
0
0
0
0
0
0
0
0
0
0
0
0
0
0
0
0
0
0
0
0
0
0
0
0
0
0
0
0
0
0
0
0
0
0
0
0
0
0
0
0
0
0
0
0
0
0
0
0
0
0
0
0
0
0
0
0
0
0
0
0
0
0
0
0
0
0
0
0
0
0
0
0
0
0
0
0
0
0
0
0
0
0
0
0
0
0
0
0
0
0
0
0
0
0
0
0
0
0
0
0
0
0
0
0
0
0
0
0
0
0
0
0
0
0
0
0
0
0
0
0
0
0
0
0
0
0
0
0
0
0
0
0
0
0
0
0
0
0
0
0
0
0
0
0
0
0
0
0
0
0
0
0
0
0
0
0
0
0
0
0
0
0
0
0
0
0
0
0
0
0
0
0
0
0
0
0
0
0
0
0
0
0
0
0
0
0
0
0
0
0
0
0
0
0
0
0
0
0
0
0
0
0
0
0.100868
0.100868
0.100868
0.100868
0.100868
0.100868
0.100868
0.100868
0.100868
0.100868
0.100868
0.100868
0.100868
0.100868
0.100868
0.100868
0.100868
0.100868
0.100868
0.100868
0.100868
0.100868
0.100868
0.100868
0.100868
0.100868
0.100868
0.100868
0.100868
0.100868
0.100868
0.100868
0.100868
0.100868
0
0
0
0
0
0
0
0
0
0
0
0
0
0
0
0
0
0
0
0
0
0
0
0
0
0
0
0
0
0
0
0
0
0
0
0
0
0
0
0
0
0
0
0
0
0
0
0
0
0
0
0
0
0
0
0
0
0
0
0
0
0
0
0
0
0
0
0
0
0
0
0
0
0
0
0
0
0
0
0
0
0
0
0
0
0
0
0
0
0
0
0
0
0
0
0
0
0
0
0
0
0
0
0
0
0
0
0
0
0
0
0
0
0
0
0
0
0
0
0
0
0
0
0
0
0
0
0
0
0
0
0
0
0
0
0
0
0
0
0
0
0
0
0
0
0
0
0
0
0
0
0
0
0
0
0
0
0
0
0
0
0
0
0
0
0
0
0
0
0
0
0
0
0
0
0
0
0
0
0
0
0
0
0
0
0
0
0
0
0
0
0
0
0
0
0
0
0
0
0
0
0
0
0
0
0
0
0
0
0
0
0
0
0
0
0
0
0
0
0
0
0
0
0
0
0
0
0
0
0
0
0
0
0
0
0
0
0
0
0
0
0
0
0
0
0
0
0
0
0
0
0
0
0
0
0
0
0
0
0
0
0
0
0
0
0
0
0
0
0
0
0
0
0
0
0
0
0
0
0
0
0
0
0
0
0
0
0
0
0
0
0
0
0
0
0
0
0
0
0
0
0
0
0
0
0
0
0
0
0
0
0
0
0
0
0
0
0
0
0
0
0
0
0
0
0
0
0
0
0
0
0
0
0
0
0
0
0
0
0
0
0
0
0
0
0
0
0
0
0
0
0
0
0
0
0
0
0
0
0
0
0
0
0
0
0
0
0
0
0
0
0
0
0
0
0
0
0
0
0
0
0
0
0
0
0
0
0
0
0
0
0
0
0
0
0
0
0
0
0
0
0
0
0
0
0
0
0
0
0
0
0
0
0
0
0
0
0
0
0
0
0
0
0
0
0
0
0
0
0
0
0
0
0
0
0
0
0
0
0
0
0
0
0
0
0
0
0
0
0
0
0
0
0
0
0
0
0
0
0
0
0
0
0
0
0
0
0
0
0
0
0
0
0
0
0
0
0
0
0
0
0
0
0
0
0
0
0
0
0
0
0
0
0
0
0
0
0
0
0
0
0
0
0
0
0
0
0
0
0
0
0
0
0
0
0
0
0
0
0
0
0
0
0
0
0
0
0
0
0
0
0
0
0
0
0
0
0
0
0
0
0
0
0
0
0
0
0
0
0
0
0
0
0
0
0
0
0
0
0
0
0
0
0
0
0
0
0
0
0
0
0
0
0
0
0
0
0
0
0
0
0
0
0
0
0
0
0
0
0
0
0
0
0
0
0
0
0
0
0
0
0
0
0
0
0
0
0
0
0
0
0
0
0
0
0
0
0
0
0
0
0
0
0
0
0
0
0
0
0
0
0
0
0
0
0
0
0
0
0
0
0
0
0
0
0
0
0
0
0
0
0
0
0
0
0
0
0
0
0
0
0
0
0
0
0
0
0
0
0
0
0
0
0
0
0
0
0
0
0
0
0
0
0
0
0
0
0
0
0
0
0
0
0
0
0
0
0
0
0
0
0
0
0
0.101015
0.101015
0.101015
0.101015
0.101015
0.101015
0
0
0
0
0
0
0
0
0
0
0
0
0
0
0
0
0
0
0
0
0
0
0
0
0
0
0
0
0
0.101015
0
0
0
0
0
0
0
0
0
0
0
0
0
0
0
0
0
0
0
0
0
0
0
0
0
0
0
0
0
0
0
0
0
0
0
0
0
0
0
0
0
0
0
0
0
0
0
0
0
0
0
0
0
0
0
0
0
0
0
0
0
0
0
0
0
0
0
0
0
0
0
0
0
0
0
0
0
0
0
0
0
0
0
0
0
0
0
0
0
0
0
0
0
0
0
0
0
0
0
0
0
0
0
0
0
0
0
0
0
0
0
0
0
0
0
0
0
0
0
0
0
0
0
0
0
0
0
0
0
0
0
0
0
0
0
0
0
0
0
0
0
0
0
0
0
0
0
0
0
0
0
0
0
0
0
0
0
0
0
0
0
0
0
0
0
0
0
0
0
0
0
0
0
0
0
0
0
0
0
0
0
0
0
0
0
0
0
0
0
0
0
0
0
0
0
0
0
0
0
0
0
0
0
0
0
0
0
0
0
0
0
0
0
0
0
0
0
0
0
0
0.111803
0.111803
0.111803
0.111803
0.111803
0
0
0
0
0
0
0
0
0
0
0
0
0.111803
0.111803
0.111803
0.111803
0.111803
0.111803
0.111803
0.111803
0.111803
0
0.111803
0.111803
0.111803
0.111803
0.111803
0.111803
0.111803
0.111803
0
0
0
0.110335
0.110335
0.110335
0.110335
0
0
0
0
0
0
0
0
0
0
0
0
0
0
0.100868
0
0
0
0
0
0
0
0
0
0
0
0
0
0
0
0
0
0
0
0
0
0
0
0
0
0
0
0
0
0
0
0
0
0
0
0
0
0
0
0
0
0
0
0
0
0
0
0
0
0
0
0
0
0
0
0
0
0
0
0
0
0
0
0
0
0
0
0
0
0
0
0
0
0
0
0
0
0
0
0
0.14391
0.14391
0.14391
0.14391
0.150756
0.150756
0.150756
0.150756
0.150756
0.111803
0.111803
0.111803
0.111803
0
0
0
0
0.111803
0.111803
0.111803
0
0
0
0
0
0
0
0
0.112205
0.112205
0.111803
0.111803
0
0.111803
0.111803
0.111803
0.111803
0.111803
0.111803
0.111803
0.0557278
0
0
0.0557278
0.111803
0.112205
0.112205
0
0.112205
0
0
0
0
0
0
0
0
0
0.111803
0.164957
0.111803
0.111803
0.111803
0.111803
0.111803
0.112205
0.111803
0.164957
0.164957
0.164957
0.169031
0
0
0
0
0
0
0.111803
0.111803
0.111803
0.111803
0.111803
0.164957
0.164957
0
0
0
0
0
0
0
0
0
0
0
0
0
0
0
0
0
0
0.111803
0.111803
0.111803
0.111803
0.0719117
0
0.0719117
0
0
0
0
0
0
0.111803
0.112205
0.112205
0.112205
0.112205
0
0
0.112205
0.112205
0.135724
0.135724
0
0
0
0
0.135724
0.135724
0.135724
0.112205
0
0
0
0
0.111803
0.111803
0.111803
0.111803
0.111803
0.111803
0.111803
0.111803
0
0
0
0
0
0
0
0
0
0
0
0
0
0
0
0
0
0
0
0
0
0
0
0
0
0
0
0
0
0
0
0
0
0
0
0
0
0
0
0
0
0
0
0
0
0
0
0
0
0
0
0
0
0
0
0
0
0
0
0
0
0
0
0
0
0
0
0
0
0
0
0
0
0
0
0
0
0.164717
0.164717
0.164717
0.164717
0.164717
0.164717
0.165359
0.165359
0.165359
0.173329
0.0451754
0
0.0597614
0
0
0
0
0
0
0.165359
0.166009
0.166009
0.168687
0.164717
0
0
0.101089
0.101089
0.101089
0.101089
0.110528
0.110528
0.110528
0.110528
0.110144
0.110144
0.110144
0.110916
0.110144
0.110144
0.110144
0.110144
0.110144
0.110144
0.110916
0.110916
0.110916
0.110916
0.110916
0.110916
0.110916
0
0.110916
0.110916
0.128037
0.128037
0.128037
0.110916
0.110916
0.110144
0.110144
0.110144
0.110144
0.0881134
0.0881134
0.0881134
0.0881134
0.0881134
0.0881134
0.0881134
0.082244
0
0.082244
0.082244
0
0.082244
0.082244
0
0
0
0
0
0
0
0.110144
0.110144
0.110144
0.110144
0.110144
0.110144
0.110144
0.110144
0.110144
0.110144
0.111111
0.111111
0.111111
0.111111
0
0.111111
0.111111
0
0
0
0
0
0
0
0
0
0
0
0
0
0
0
0
0
0
0
0
0
0
0
0
0
0
0
0
0
0
0
0
0
0
0
0
0
0
0
0
0
0
0
0
0
0
0
0
0
0
0
0
0
0
0
0
0
0
0
0
0
0
0
0
0
0
0
0
0
0
0
0
0
0
0
0
0
0
0
0
0
0
0
0
0
0
0
0
0
0
0
0
0
0
0
0
0
0
0
0
0
0
0
0
0
0
0
0
0
0
0
0
0
0
0
0
0
0
0
0
0
0
0
0
0
0
0
0
0
0
0
0
0
0
0
0
0
0
0
0
0
0
0
0
0
0
0
0
0
0
0
0
0
0
0
0
0
0
0
0
0
0
0
0
0
0
0
0
0
0
0
0
0
0
0
0
0
0
0
0
0
0
0
0
0
0
0
0
0
0
0
0
0
0
0
0
0
0
0
0
0
0
0
0
0
0
0
0
0
0
0
0
0.14391
0.14391
0.14391
0.14391
0.14391
0.14391
0
0
0
0
0.14391
0.148366
0.14391
0.0445435
0.0445435
0
0.14391
0.14391
0.145865
0.145865
0.150756
0.137464
0.14391
0.14391
0.14391
0.14391
0.14391
0
0
0.14391
0.14391
0.14391
0.144769
0.0748481
0.14391
0.0861461
0.14391
0
0
0
0
0
0
0
0
0
0
0
0
0
0
0
0
0
0
0
0
0
0
0
0
0
0
0
0
0
0
0
0
0
0
0
0
0
0
0
0
0
0
0
0
0
0
0
0
0
0
0
0
0
0
0
0
0
0
0
0
0
0
0
0
0
0
0
0
0
0
0
0
0
0
0.14631
0.150756
0.150756
0.150756
0.150756
0.150756
0.150756
0
0.135769
0.135769
0
0
0
0
0
0
0
0
0
0
0
0
0
0
0
0
0
0
0
0
0
0
0
0
0
0
0
0
0
0
0
0
0
0
0
0
0
0
0
0
0.100868
0.100868
0.100868
0.100868
0
0
0
0
0
0
0
0
0
0
0
0
0
0
0
0
0
0
0
0
0
0
0
0
0
0
0
0
0
0
0
0
0
0
0
0
0
0
0
0
0
0
0
0
0
0
0
0
0
0
0
0
0
0
0
0
0
0
0
0
0
0
0
0
0
0
0
0
0
0
0
0
0
0
0
0
0
0
0
0
0
0
0
0
0
0
0
0
0
0
0
0
0
0
0
0
0
0
0
0
0
0
0
0
0
0
0
0
0
0
0
0
0
0
0
0
0
0
0
0
0
0
0
0
0
0
0
0
0
0
0
0
0
0
0
0
0
0
0
0
0
0
0
0
0
0
0
0
0
0
0
0
0
0
0
0
0
0
0.123718
0.123718
0.124461
0.123718
0
0.123718
0.100868
0
0
0
0
0
0
0
0
0
0
0
0
0
0
0
0
0
0
0
0
0
0
0
0
0
0
0
0
0
0
0
0
0
0
0
0
0
0
0
0
0
0
0
0
0
0
0
0
0
0
0
0
0
0
0
0
0
0
0
0
0
0
0
0
0
0
0
0
0
0
0
0
0
0
0
0
0
0
0
0
0
0
0
0
0
0
0
0
0
0
0
0
0
0
0
0
0
0
0
0
0
0
0
0
0
0
0
0
0
0
0
0
0
0
0.101015
0
0
0
0
0
0
0
0
0
0
0
0
0
0
0
0
0
0
0
0
0
0
0
0
0
0
0
0
0
0
0
0
0
0
0
0
0
0
0
0
0
0
0
0
0
0
0
0
0
0
0
0
0
0
0
0
0
0
0
0
0
0
0
0
0
0
0
0
0
0
0
0
0
0
0
0
0
0
0
0
0
0
0
0
0
0
0
0
0
0
0
0
0
0
0
0
0
0
0
0
0
0
0
0
0
0
0
0
0
0
0
0
0
0
0
0
0
0
0
0
0
0
0
0
0
0
0
0
0
0
0
0
0
0
0
0
0.118559
0
0.150188
0.150188
0.150188
0
0
0
0
0
0
0
0
0
0
0
0
0
0
0
0
0
0
0
0
0
0
0
0
0
0
0
0
0
0
0
0
0
0
0
0
0
0
0
0
0
0
0
0
0
0
0
0
0
0
0
0
0.180021
0.180021
0.180021
0.180021
0.182141
0.182141
0.182141
0.182141
0.182141
0
0
0
0.182141
0.182141
0.182141
0.182141
0.182141
0.182141
0.182141
0.182141
0.182141
0.182141
0
0
0
0
0
0
0
0
0
0
0
0
0
0
0
0
0
0
0
0
0
0
0
0
0
0
0
0
0
0.100868
0.100868
0.100868
0.100868
0.100868
0.100868
0.100868
0.100868
0
0
0
0
0
0
0
0
0
0
0
0
0
0
0
0
0
0
0
0
0
0
0
0
0
0
0
0
0
0
0
0
0
0
0
0
0
0
0
0
0
0
0
0
0
0
0
0
0
0
0
0
0
0
0
0
0
0
0
0
0
0
0
0
0
0
0
0
0
0
0
0
0
0
0
0
0
0
0
0
0.108102
0.108102
0.108102
0.108102
0.108102
0.108102
0.108102
0.108102
0
0
0
0
0
0
0
0.108102
0.108102
0.108102
0
0
0
0
0
0
0
0
0
0
0.108102
0.108102
0.108102
0.108102
0.108102
0
0
0
0
0
0
0
0
0
0
0
0
0
0
0
0
0
0
0
0
0
0
0
0
0
0
0
0
0
0
0
0
0
0
0.108102
0.108102
0.108102
0.108102
0
0
0
0
0
0
0
0
0
0.108102
0
0
0
0
0
0
0
0
0
0
0
0
0
0
0
0
0
0
0
0
0
0
0
0
0
0
0
0
0
0
0
0
0
0
0
0
0
0
0
0
0
0
0
0.108102
0.108102
0.108102
0.108102
0.108102
0.108102
0
0
0
0.131036
0.131036
0.131036
0.131036
0.131036
0.151307
0.151307
0.151307
0
0
0
0
0
0
0
0
0
0
0
0
0
0.125988
0.125988
0.125988
0.125988
0.125988
0.142857
0.142857
0.142857
0
0
0
0
0
0
0
0
0
0
0
0
0
0
0
0
0
0
0
0
0
0.108102
0
0
0
0
0.108102
0.108102
0.108102
0.108102
0.108102
0.108102
0.108102
0.108102
0
0
0.108102
0
0
0
0
0
0
0
0
0
0
0
0
0
0
0
0
0
0
0
0
0
0
0
0
0
0
0
0
0
0
0
0
0
0
0
0
0
0
0
0
0
0
0
0
0
0
0
0
0
0
0
0
0
0
0
0
0
0
0
0
0
0
0
0
0
0
0
0
0
0
0
0
0
0
0
0
0
0
0
0
0
0
0
0
0
0
0
0
0
0
0
0
0
0
0
0
0
0
0
0
0
0
0
0
0
0
0
0
0
0
0
0
0
0
0
0
0
0
0
0
0
0
0
0
0
0
0
0
0
0
0
0.170428
0.170428
0.197203
0.197203
0.309662
0.309662
0.309662
0.309662
0.125122
0
0
0
0
0
0
0
0
0
0
0.170428
0.172224
0.170428
0.165359
0.165359
0.165359
0
0
0.171139
0.171139
0.165359
0.238559
0.2446
0.2446
0
0
0.238559
0.165359
0
0
0
0
0.165359
0
0.136992
0.136992
0.136992
0.136992
0.136992
0.173329
0.233854
0
0.136992
0
0.136992
0.142442
0.142442
0.136992
0.238559
0.238559
0.176547
0
0.176547
0.176547
0.176547
0.176547
0.176547
0.176547
0.176547
0
0.176547
0.176547
0.176547
0.176547
0
0.176547
0
0.178174
0.188982
0.178174
0
0
0
0
0
0
0
0
0
0.176547
0.0727393
0.176547
0.176547
0.176547
0.176547
0.176547
0.176547
0.176547
0.176547
0
0
0
0.176547
0.201234
0.142857
0.176547
0.179284
0.176547
0.136992
0.136992
0.193996
0.193996
0.136992
0
0
0.164717
0.164717
0.164717
0.164717
0.164717
0.164717
0.164717
0.164717
0.168687
0.168687
0.168687
0
0.173702
0.173702
0.173702
0.173702
0.428571
0.428571
0.173702
0.0690066
0.173702
0.173702
0
0
0
0.174078
0.174078
0.179193
0.179193
0.179193
0.381881
0.164717
0.164717
0.164717
0.195047
0.195047
0.195047
0.198307
0
0
0
0
0
0
0
0
0
0
0
0.100868
0
0
0
0
0
0.100868
0.100868
0.100868
0
0
0
0
0
0
0
0
0
0
0
0
0
0
0
0
0
0
0
0
0
0
0
0
0
0
0
0
0
0
0
0
0
0
0
0
0
0
0
0
0
0
0
0
0
0
0
0
0.100868
0.100868
0
0
0
0
0
0
0
0
0
0
0
0
0
0
0
0
0
0
0
0
0
0
0
0
0
0
0
0
0
0
0
0
0
0
0
0
0
0
0
0
0
0
0
0
0
0
0
0
0
0
0
0
0
0
0
0
0
0
0
0
0
0
0
0
0
0
0
0
0
0
0
0
0
0
0
0
0
0
0
0
0
0
0
0
0
0
0
0
0
0
0
0
0
0
0
0
0
0
0
0
0
0
0
0
0
0
0
0
0
0
0
0
0
0
0
0
0
0
0
0
0
0
0
0
0
0
0
0
0
0
0
0
0
0
0
0
0
0
0
0
0
0
0
0
0
0
0
0
0
0
0
0
0
0
0
0
0
0
0
0
0
0
0
0
0
0
0
0
0
0
0
0
0
0
0
0
0
0
0
0
0
0
0
0
0
0
0
0
0.101015
0
0.101015
0
0
0
0
0
0
0
0
0
0.135769
0.135769
0.135769
0.135769
0.135769
0.135769
0.135769
0.135769
0.135769
0.135769
0.338062
0.338062
0.338062
0.338062
0.338062
0.338062
0.338062
0.338062
0.338062
0.338062
0.135769
0.135769
0.338062
0.338062
0.377964
0.135769
0.377964
0.377964
0.377964
0.377964
0.377964
0.377964
0.377964
0.377964
0.377964
0.377964
0.377964
0.377964
0.338062
0.338062
0.338062
0.338062
0.338062
0.338062
0.338062
0.338062
0.338062
0.338062
0
0
0
0
0
0
0.338062
0.338062
0.338062
0.338062
0.153522
0.153522
0.153522
0.153522
0.153522
0
0
0
0.166667
0.166667
0.166667
0.153522
0.166667
0.153522
0.153522
0.166667
0.153522
0.153522
0
0.153522
0.176547
0.176547
0.176547
0.176547
0.176547
0.176547
0.176547
0.176547
0.176547
0
0.176547
0.176547
0.176547
0
0
0
0.176547
0.176547
0.166957
0.176547
0.163984
0.0771517
0.0771517
0.119523
0.0771517
0
0.176547
0.176547
0.176547
0.176547
0.259281
0.259281
0.169031
0.259281
0.0944911
0.176547
0
0.176547
0
0.176547
0.259281
0.142857
0.142857
0.267261
0.176547
0
0
0
0
0
0
0
0
0
0
0
0
0
0
0
0
0
0
0
0
0
0
0
0
0
0
0
0
0
0
0
0
0
0
0
0
0
0
0
0
0
0
0
0
0
0
0
0
0
0
0
0
0
0
0
0
0
0
0
0
0
0
0
0
0
0
0
0
0
0
0
0
0
0
0
0
0
0
0
0
0
0
0
0
0
0
0
0
0
0
0
0
0.101089
0
0
0
0
0
0.100868
0
0
0
0
0
0
0
0
0
0
0
0
0
0
0
0
0
0
0
0
0
0
0
0
0
0
0
0
0
0
0
0
0
0
0
0
0
0
0
0
0
0
0
0
0
0
0
0
0
0
0.100868
0
0
0
0
0
0
0
0
0
0
0
0
0
0
0
0
0
0
0
0
0
0
0
0
0
0
0
0
0
0
0
0
0
0
0
0
0
0
0
0
0
0
0
0
0
0
0
0
0
0
0
0
0
0
0
0
0.100722
0.100722
0.100722
0.100722
0
0
0
0.100868
0
0
0
0
0
0
0
0
0
0
0
0
0
0
0
0
0
0
0
0
0
0
0
0
0
0
0
0
0
0
0
0
0
0
0
0
0
0
0
0
0
0.159256
0.159256
0.159256
0.159256
0.159256
0.159256
0.159256
0.159256
0.159256
0.159256
0.159256
0.168345
0.168345
0.104828
0.169377
0.169725
0
0.159256
0.159256
0.159256
0
0
0
0
0
0
0
0
0
0
0
0
0
0
0
0
0
0
0
0
0
0
0
0
0
0
0
0
0
0
0
0
0
0
0
0
0
0
0
0
0
0
0
0
0
0
0
0
0
0
0
0.101163
0.101163
0.101163
0.101163
0.101163
0.101163
0.101163
0.101163
0.101163
0.101163
0
0
0
0.101163
0.101163
0
0
0
0.101163
0.101163
0.101163
0.101163
0.101163
0
0
0.101163
0
0.101163
0.101163
0.101163
0.100868
0.100868
0.100868
0.100868
0.100868
0.100868
0.100868
0.100868
0.100868
0.100868
0.100868
0.100868
0.100868
0.100868
0.100868
0.100868
0.100868
0.100868
0.100868
0.100868
0.100868
0.100868
0.100868
0.100868
0
0
0
0
0.100868
0
0
0
0
0
0
0
0
0
0
0
0
0
0
0
0
0
0
0
0
0
0
0
0
0
0
0
0
0
0
0
0.100868
0.100868
0.100868
0.100868
0.100868
0.100868
0.100868
0.100868
0.100868
0.100868
0.100868
0.100868
0.100868
0.100868
0.100868
0.100868
0.100868
0.100868
0.100868
0.100868
0.100868
0.100868
0.100868
0.100868
0.100868
0.100868
0.100868
0.100868
0.100868
0.100868
0.100868
0.100868
0.100868
0.100868
0.100868
0.100868
0.100868
0.100868
0.100868
0.100868
0.100868
0.100868
0.100868
0.100868
0.100868
0.100868
0.100868
0.100868
0.100868
0.100868
0.101015
0
0
0
0
0
0
0
0
0
0
0
0
0
0
0
0
0
0
0
0
0
0
0
0
0
0
0
0
0
0.167668
0.167668
0.167668
0.167668
0.167668
0.167668
0.167668
0.167668
0.167668
0.167668
0.167668
0.175605
0.175605
0.10799
0.175605
0.175605
0.175605
0.175605
0.175605
0
0.175605
0.175605
0.175605
0.175605
0.13167
0.175605
0
0.175605
0.175605
0
0.175605
0.175605
0.175605
0.175605
0.142857
0.167668
0
0
0
0
0
0
0
0
0
0
0
0
0
0
0
0
0
0
0
0
0
0
0
0
0
0
0
0
0
0
0
0.100868
0.100868
0.100868
0
0
0
0
0
0
0
0
0
0
0
0
0
0
0
0
0
0
0
0
0
0
0
0
0
0
0.100868
0
0
0
0.110144
0
0
0
0
0
0
0
0
0
0
0
0
0
0
0
0
0
0
0
0
0
0
0
0
0
0
0
0
0
0
0
0
0
0
0.111803
0.111803
0.111803
0.111803
0.111803
0.111803
0.111803
0.111803
0.0411781
0.112205
0.112205
0.112205
0.112815
0.112205
0.112205
0.112205
0
0
0
0
0.111803
0
0
0
0
0
0
0
0
0
0
0
0
0
0
0
0
0
0
0
0
0
0
0
0
0
0
0
0
0
0
0
0
0
0
0
0
0
0
0
0
0
0
0
0
0
0
0
0
0
0
0
0
0
0
0
0
0
0
0
0
0.100868
0.100868
0
0
0
0
0
0
0
0
0
0
0
0
0
0
0
0
0
0
0
0
0
0
0
0
0
0
0
0
0
0
0
0
0
0
0
0
0
0
0
0
0
0
0
0
0
0
0
0.141461
0.141461
0.141461
0.141461
0.141461
1
1
1
1
0
0
0
0
0
0
0
0
0
0
0
0
0
0
0
0
0
0
0
0
0
0
0
0
0
0
0
0
0
0
0
0
0
0.130032
0.130032
0.130032
0.130032
0.130032
0.130032
0.130032
0.130032
0.130032
0.130032
0.130032
0.130032
0
0
0
0
0
0
0.130032
0.130032
0.130032
0.130032
0
0
0
0
0
0
0
0
0
0
0
0
0
0
0.130032
0.130032
0
0
0
0
0
0
0
0
0
0.130032
0.130032
0.130032
0.130032
0.130032
0.130032
0.130032
0.130032
0.130032
0.130032
0.130032
0
0
0.130032
0.130032
0
0.130032
0
0
0
0
0
0
0
0
0.130032
0.130032
0
0
0
0
0
0.130032
0.130032
0
0
0.130032
0.130032
0.130032
0.130032
0.130032
0.130032
0.130032
0.130032
0.130032
0.130032
0.130032
0.130032
0.171499
0.171499
0.171499
0
0
0
0
0
0
0
0.130032
0.130032
0.130032
0.130032
0.130032
0.130032
0.130032
0
0
0
0
0
0
0
0
0
0
0
0
0
0
0
0
0
0
0
0
0
0.130032
0
0
0
0.130032
0
0
0
0
0
0
0
0
0
0
0
0
0
0.130032
0.130032
0
0
0
0
0
0
0
0
0
0
0
0
0.130032
0.130032
0
0
0
0.130032
0.130032
0
0
0
0.130032
0.130032
0
0
0
0
0
0
0
0
0
0
0
0
0
0
0.130032
0.130032
0
0
0
0.130032
0.130032
0
0
0
0
0
0
0
0
0
0
0
0.130032
0.130032
0
0
0
0
0.130032
0.130032
0
0
0
0
0
0
0
0
0
0
0.130032
0.130032
0
0
0
0
0.130032
0.130032
0.130032
0
0
0
0
0
0
0
0
0.130032
0
0
0
0
0
0
0
0
0
0
0
0.130032
0.130032
0
0
0
0
0
0
0
0
0
0
0.130032
0.130032
0
0
0
0.130032
0.130032
0.130032
0
0
0
0
0
0
0
0
0
0
0
0.130032
0.130032
0
0.130032
0
0
0
0
0
0
0
0
0
0.130032
0.130032
0.130032
0.130032
0
0
0
0
0
0
0
0
0
0
0
0
0
0
0
0
0
0
0
0.130032
0.130032
0
0
0
0
0
0
0
0.130032
0.130032
0.130032
0.130032
0
0
0
0
0
0
0
0
0
0
0
0
0
0
0
0
0
0
0
0
0
0
0
0
0
0
0
0
0
0
0
0
0
0
0
0
0
0
0
0
0
0
0
0
0
0
0
0
0
0
0
0
0
0
0
0
0
0
0
0
0
0
0
0
0
0
0
0
0
0
0
0
0
0
0
0
0
0
0
0
0
0
0
0
0
0
0
0
0
0
0
0
0
0
0
0
0
0
0
0
0
0
0
0
0
0
0
0
0
0
0
0
0
0
0
0
0
0
0
0
0
0
0
0
0
0.130032
0.130032
0.130032
0.130032
0.130032
0.130032
0.130032
0.130032
0
0.130032
0.130032
0.130032
0
0
0
0
0
0
0
0
0
0
0
0
0
0
0
0
0
0
0
0
0
0
0
0
0.156996
0
0
0
0
0
0
0
0
0
0
0
0
0
0
0
0
0
0
0
0
0
0.156996
0.156996
0
0.156996
0.156996
0
0.130032
0.130032
0.130032
0.130032
0.130032
0.130032
0.130032
0
0
0
0
0
0.130032
0
0
0
0
0
0
0
0
0
0
0.130032
0.130032
0.130032
0.130032
0.100868
0
0
0
0
0
0
0
0
0
0
0
0
0
0
0
0
0
0
0
0
0
0
0
0
0
0
0
0
0
0
0
0
0
0
0
0
0
0
0
0
0
0
0
0
0
0
0
0
0
0
0.130032
0.130032
0.130032
0.130032
0
0
0
0
0
0
0
0
0
0
0
0
0
0
0
0.130032
0.130032
0.130032
0
0
0
0
0
0
0
0
0
0
0
0
0
0
0
0
0
0
0
0
0
0
0
0
0
0
0
0
0
0
0
0
0
0
0
0
0
0
0
0
0
0
0
0
0
0
0
0
0
0
0
0
0
0
0
0
0
0
0
0
0
0
0
0
0
0
0
0
0
0
0
0
0
0
0
0
0
0
0
0.130032
0.130032
0.130032
0.130032
0.130032
0.130032
0.130032
0
0
0
0
0
0
0
0
0
0
0
0
0
0
0
0
0
0
0
0
0
0
0
0
0
0
0
0
0
0
0
0
0
0
0
0
0
0
0
0
0
0
0
0
0
0
0
0
0
0
0
0
0
0
0
0
0
0
0
0
0
0
0
0
0
0
0
0
0
0
0
0
0
0
0
0
0
0
0
0
0
0
0
0
0
0
0
0
0
0
0
0
0
0
0
0
0
0.130032
0.130032
0.130032
0.130032
0.130032
0.130032
0.130032
0.130032
0.156996
0.156996
0
0.156996
0.130032
0.130032
0
0
0
0
0
0
0
0
0
0.130032
0.130032
0.130032
0
0
0.130032
0.130032
0.130032
0.130032
0.130032
0.130032
0.130032
0.130032
0.130032
0.130032
0.130032
0.130032
0.130032
0.130032
0.130032
0.130032
0.130032
0.130032
0.130032
0.130032
0
0
0
0
0.130032
0
0.130032
0.130032
0.130032
0.130032
0
0.130032
0.130032
0
0
0
0
0
0.130032
0
0.130032
0
0
0
0
0
0.130032
0.130032
0.130032
0.130032
0.130032
0.130032
0
0
0.130032
0
0
0
0
0
0
0
0
0
0
0
0
0
0
0
0.130032
0.170075
0.130032
0
0.130032
0
0
0
0
0
0
0.130032
0.130032
0.130032
0.130032
0.130032
0.130032
0.130032
0.130032
0
0.130032
0.130032
0
0.130032
0
0
0
0.130032
0.130032
0
0.130032
0.130032
0
0
0
0.130032
0.130032
0.130032
0.130032
0.130032
0.130032
0.130032
0
0.100868
0
0
0
0
0
0
0
0
0
0
0.101089
0.101089
0.101089
0
0.101089
0.180439
0
0.101089
0.101089
0.101089
0.101089
0.101089
0.101089
0.101089
0.101089
0
0.101089
0.101089
0
0
0
0
0
0.102291
0.138786
0
0.138786
0.138786
0.11536
0
0
0
0.125988
0.125988
0.125988
0
0
0
0.106649
0
0
0.108747
0.108747
0.109109
0.109109
0.109109
0.109109
0
0
0
0
0
0
0
0
0
0
0
0
0
0
0
0
0
0
0
0
0
0.108102
0.108102
0
0
0
0.108102
0.108102
0.108102
0.108102
0.108102
0
0
0
0
0
0
0
0
0
0
0
0
0
0
0
0
0
0
0
0
0
0
0
0
0.108545
0.108545
0
0
0
0
0
0.185784
0.185784
0
0
0
0
0
0
0
0
0
0
0
0
0
0
0
0
0
0
0
0
0
0
0
0
0
0
0
0
0
0
0
0
0.202031
0.202031
0.202031
0.202031
0.202031
0.202031
0
0
0
0
0
0
0
0
0
0
0
0
0
0
0
0
0.202031
0.202031
0
0
0
0
0
0
0
0
0
0
0
0
0
0.09759
0
0
0
0
0
0
0.146157
0.146157
0.146157
0
0
0
0
0
0
0
0
0
0
0.167668
0
0
0
0
0
0
0
0
0
0
0
0
0
0
0
0
0
0
0
0
0
0
0
0
0
0
0
0
0.126131
0
0
0
0
0
0
0
0.165359
0.165359
0
0.146157
0.108102
0
0.108102
0
0.108102
0
0.108102
0.149786
0
0.150027
0
0.141461
0.141461
0.141461
0
0.141461
0.141461
0.141461
0
0.126854
0.126854
0.126854
0.126854
0.126854
0.126854
0.126854
0.126854
0
0.126854
0.126854
0
0.126854
0.126854
0
0.126854
0.101089
0.101089
0.101089
0.114708
0
0.180439
0.101163
0
0.145424
0
0.217479
0
0
0
0
0
0
0
0
0
0
0
0
0.150188
0
0
0
0
0.267261
0
0
0
0.0678844
0
0
0.0779681
0.169031
0.168005
0.152246
0.178174
0.147122
0.113961
0
0
0
0
0
0
0
0
0
0
0
0
0
0
0.18086
0
0.241747
0
0
0
0
0
0
0
0
0
0
0
0
0
0
0
0
0.18086
0.241747
0
0
0
0
0
0
0.209657
0
0.155342
0
0
0
0.180021
0.178174
0.19558
0.180021
0
0
0
0
0
0
0
0
0
0
0
0
0.103835
0
0
0
0
0
0
0
0
0
0
0
0
0
0
0
0
0
0
0
0
0
0
0
0
0
0
0
0
0
0
0.100868
0
0
0.100868
0.100868
0.100868
0.100868
0.100868
0
0
0.100868
0.100868
