0
0
0
0
0
0
0
0
0
0
0
0
0
0
0
0
0
0
0
0
0
0
0
0
0
0
0
0
0
0
0
0
0
0
0
0
0
0
0
0
0
0
0
0
0
0
0
0
0
0
0
0
0
0
0
0
0
0
0
0
0
0
0
0
0
0
0
0
0
0
0
0
0
0
0
0
0
0
0.189599
0.189599
0.189599
0.179177
0.189599
0.0769991
0.0769991
0.0769991
0.0769991
0.953463
0.189599
0.189599
0.189599
0.171127
0
0.977008
0.189702
0.189599
0.189599
0.189599
0.189599
0.18965
0.18965
0.246183
0.246183
0.246183
0
0
0
0.164782
0
0
0.0812277
0.189599
0.189599
0.189599
0.189599
0.189599
0.199961
0.199961
0.199961
0.199961
0.199961
0.199961
0.199961
0.199961
0.199961
0.199961
0.17797
0.17797
0.17797
0.17797
0.17797
0.17797
0.17797
0.17797
0.17797
0.17797
0.17797
0.17797
0.17797
0.17797
0.17797
0.0566441
0.0566441
0.0566441
0.0566441
0.0566441
0.0566441
0.0566441
0.0566441
0.0566441
0.0566441
0.0566441
0.0566441
0.0566441
0.0566441
0.0566441
0.0566441
0.0566441
0.0566441
0.0566441
0
0
0
0
0
0
0
0
0
0
0
0
0
0
0
0
0
0
0
0
0
0
0
0
0
0
0
0
0.00547208
0.00547208
0.00547208
0
0
0
0
0
0
0
0
0
0
0
0
0
0
0
0
0
0
0
0
0
0
0
0
0
0
0
0
0
0.992509
0
0
0
0
0
0
0
0
0
0
0
0
0
0
0
0
0
0
0
0
0
0
0
0
0
0
0
0
0
0
0
0
0
0
0
0
0.369274
0
0
0.325669
0
0
0.953463
0
0
0
0.174078
0
0
0
0
0
0
0.550482
0.992509
0.953463
0
0
0
0.246183
0
0.0224733
0.18965
0
0
0.18965
0.0550482
0.0550482
0.189402
0.18965
0.189858
0.189702
0.201906
0.166658
0.203164
0.203164
0.387647
0.387647
0
0.203164
0.16576
0.16576
0.16576
0.16576
0.16576
0
0
0
0
0
0
0
0
0.120624
0.120624
0
0.120624
0.24923
0.24923
0.24923
0.24923
0.24923
0.24923
0.0503037
0.24923
0.18965
0.18965
0.18965
0.18965
0.18965
0.18965
0.18965
0.18965
0.18965
0.18965
0.0815591
0.0815591
0.0815591
0.0815591
0.0815591
0.0815591
0.0815591
0
0.0815591
0.0837532
0.0837532
0.0837532
0.0837532
0.0870388
0.0837532
0.0837532
0.104031
0.0837532
0.0612803
0.0612803
0.0612803
0.0612803
0.0495434
0.0495434
0.0495434
0.0495434
0.0370085
0.0370085
0.0370085
0.116866
0.116866
0.116866
0.116866
0.116866
0.116866
0.149379
0.116866
0.203675
0.203675
0.169453
0.204967
0.203675
0.203675
0.203675
0.203675
0.291765
0.291765
0.291765
0.291765
0.291765
0.291765
0.193888
0.364949
0.364949
0.291765
0.321585
0.291765
0.291765
0.291765
0
0
0
0
0
0
0
0
0
0
0
0
0
0.18965
0.18965
0.18965
0.18965
0.189702
0.189702
0.189702
0.189599
0.189599
0.189702
0.189599
0.189599
0.189599
0.18965
0.189702
0.18965
0.18965
0.189702
0.18965
0.18965
0.293132
0.18965
0.18965
0.18965
0.18965
0.179849
0.184847
0.184847
0.181215
0.171127
0
0
0
0
0.18965
0
0
0.18965
0.18965
0.18965
0.18965
0.189599
0.189599
0.189599
0.189599
0.189599
0.189599
0.18965
0.189599
0.985184
0.985184
0.992509
0.985184
0.985184
0.992509
0.992509
0.985184
0.985184
0
0
0
0
0
0
0
0
0
0
0
0
0.985184
0.931891
0.931891
0.931891
0.931891
0
0.931891
0.931891
0.978019
0.978019
0.938083
0.685344
0.685344
0
0.685344
0.938083
0
0
0
0
0
0
0
0
0
0
0
0
0
0
0
0
0.78817
0.78817
0.931891
0.985184
0.985184
0.992509
0.992509
0.931891
0.985184
0.985184
0.992509
0.992509
0.992509
0.992509
0.992509
0.992509
0
0
0
0
0
0
0
0
0
0
0
0
0
0
0
0
0
0
0.992509
0.992509
0.992509
0.931891
0.985184
0
0
0
0
0.931891
1
1
1
1
0
0
1
1
1
1
1
1
1
1
1
1
1
0.18965
0.18965
0
0
0.18965
0.18965
0.18965
0.18965
0.18965
0.18965
0
0
0
0
0
0.189702
0.18965
0
0
0
0
0.18965
0.18965
0.18965
0.18965
0.18965
0.189702
0.189702
0
0
0
0
0
0
0
0.18965
0.104231
0.18965
0
0.18965
0.189702
0.189702
0.189702
0.18965
0.18965
0.208983
0.280951
0.346559
0.285931
0
0
0.189702
0.0194625
0.0194625
0.0194625
0.0194625
0.0194625
0.30967
0.171793
0.155164
0.189754
0.189754
0.189754
0.189754
0.15992
0.15992
0.15992
0
0.200487
0.200487
1
0.0339885
0.200487
0.200487
0
0.200487
0.200487
1
0.200487
0.200487
0.200487
0.200609
0
0.200609
0.200609
1
0.131626
0.131545
0
0
0
0
0
0
0
0
0
0
0.0578254
0
0
0
0
0
0
0
0
0
0
0
0
0
0
0
0
0
0
0
0
0
0
0
0
0
0
0
0
0
0
0
0
0
0
0
0
0
0
0
0
0.0312653
0.010084
0
0.0592224
0
0
0
0
0
0
0
0
0
0
0
0
0
0
0
0
0
0
0
0
0
0
0
0
0
0
0
0
0
0
0
0
0
0
0
0
0
0
0
0
0
0
0
0
0
0
0
0
0
0
0
0
0
0
0
0
0
0
0
0
0
0
0
0
0
0
0
0
0
0
0
0
0
0
0.155577
0
0.200487
0.200544
0.200487
0
0.200487
0
0
0
0
0
0
0
0
0
0
0
0
0
0
0
0.200487
0
0
0
0
0
0.0127488
0.0127488
0.0127488
0
0.0127488
0.0454119
0
0.200487
0.15568
0.15568
0.155836
0.188208
0.155836
0.200487
0
0
0
0
0
0
0
0
0
0.00449467
0.00451579
0.00470997
0.00471688
0.00471688
0
0.00471688
0
0
0
0
0
0
0
0
0
0
0
0.205032
0.205032
0.205032
0.115695
0.115695
0.115695
0.115695
0
0
0
0
0
0
0
0
0
0
0
0
0
0
0
0.0847174
0.0847174
0.0847174
0.0847174
0.0847174
0.0847174
0.0847174
0.0847174
0.202469
0.202469
0.202469
0.202469
0.202469
0.202469
0
0
0.202469
0.202784
0.202784
0.203101
0.203101
0.203101
0.203419
0.203101
0.203101
0.203101
0.202784
0.266847
0.266847
0.266847
0.287588
0.287588
0.293132
0
0
0.266847
0.399548
0.399548
0.399548
0.400548
0.399548
0
0
0
0
0
0
0
0
0
0
0
0
0
0
0
0
0
0
0
0
0.223372
0.196632
0.196632
0.189702
0.18965
0
0
0.196632
0.196632
0
0.196632
0.196632
0
0.189599
0.189599
0
0
0
0
0
0
0
0
0
0
0
0
0
0
0
0
0.178889
0.0122481
0.179681
0
0.179284
0
0
0
0.18965
0.18965
0
0.18965
0.18965
0
0
0
0
0
0.190221
0.315274
0
0.315274
0.315274
0.202469
0
0
0
0.196632
0.196632
0.196632
0.196632
0.196632
0.189547
0.196632
0
0
0
0
0.196632
0.196632
0.196632
0.196632
0
0
0
0
0
0
0
0
0
0
0
0
0
0
0
0.196632
0.196632
0
0.196632
0.196632
0
0.196632
0.196632
0
0
0
0
0
0
0.196632
0.196632
0
0
0
0.154349
0
0
0
0
0
0
0
0
0
0
0
0.196632
0
0.196632
0
0
0.196632
0
0
0
0
0
0
0
0
0
0
0
0
0
0
0
0.196632
0
0
0
0
0
0
0
0
0
0
0
0
0
0
0
0
0
0
0
0
0
0
0
0
0
0
0
0
0
0
0
0
0
0
0
0
0
0
0
0
0
0
0
0
0
0
0
0
0
0
0
0
0
0
0
0
0
0
0
0
0
0
0
0
0
0
0
0
0
0
0
0
0
0
0
0
0
0
0
0
0
0
0
0
0
0
0
0
0
0
0
0
0
0
0
0
0
0
0
0
0
0
0
0
0
0
0
0.196632
0
0
0
0.196632
0
0.196632
0
0.196632
0
0.196632
0
0
0
0
0
0.196632
0
0.196632
0
0
0
0
0
0
0
0
0
0
0
0
0
0
0
0
0
0
0
0
0
0
0
0.189702
0
0
0
0
0
0
0
0
0
0
0
0
0
0
0
0
0
0
0
0
0
0
0
0
0
0
0
0
0
0
0
0
0
0
0
0
0
0.30967
0.30967
0.30967
0.30967
0.30967
0
0
0.189547
0.189547
0.189547
0.189547
0.189547
0
0
0
0
0
0
0
0
0
0
0
0
0
0
0
0
0
0
0
0
0
0
0
0
0
0
0
0
0
0
0
0
0
0
0
0
0
0
0
0
0
0
0
0
0
0
0
0
0
0
0
0
0
0
0
0
0
0
0
0
0
0
0
0
0
0
0
0
0
0
0
0
0
0
0
0
0
0
0
0
0
0
0
0
0
0
0
0
0
0
0
0
0
0
0
0
0
0
0
0
0
0
0
0
0
0
0
0
0
0
0
0
0
0
0
0
0
0
0
0
0
0
0
0
0
0
0
0
0
0
0
0
0
0
0
0
0
0
0
0
0
0
0
0
0
0
0
0
0
0
0
0
0
0
0
0
0
0
0
0
0
0
0
0
0
0
0
0
0
0
0
0
0
0.189547
0
0
0
0
0
0
0
0
0.189547
0.189547
0.189547
0.189547
0.189547
0.189547
0
0
0.189547
0.189547
0
0
0
0
0
0
0
0
0
0
0
0
0
0
0
0
0
0
0
0
0
0
0
0
0
0
0
0
0
0
0
0
0
0
0
0
0
0
0
0
0.189547
0.189547
0
0
0
0
0
0
0
0
0
0
0
0
0
0
0
0
0
0
0
0
0
0
0
0
0
0.189547
0
0
0
0
0
0
0
0
0
0
0
0
0
0
0
0
0
0
0
0
0
0
0
0
0
0
0
0
0
0
0
0
0
0
0
0
0
0
0
0
0
0
0
0
0
0
0
0
0
0
0
0
0
0
0
0
0
0
0
0
0
0
0
0
0
0
0
0
0
0
0
0
0
0
0
0
0
0
0
0
0
0
0
0
0
0
0
0
0
0
0
0
0
0
0
0
0
0
0
0
0
0
0
0
0
0
0
0
0
0
0
0
0
0
0
0
0
0
0
0
0
0
0
0
0
0
0
0
0
0
0
0
0
0
0
0
0
0
0
0
0
0
0
0
0
0
0
0
0
0
0
0
0
0
0
0
0
0
0
0
0
0
0
0
0
0
0
0
0
0
0
0
0
0
0
0
0
0
0
0
0
0
0
0
0
0
0
0
0
0
0
0
0
0
1
1
1
1
0
0
0
0
0
0.18965
0.18965
0.18965
0
0.18965
0.992509
0
0
0
0
0
0
0
0
0
0
0
0
0
0
0
0
0
0
0
0
0
0
0
0
0
0
0
0
0
0
0
0
0
0
0
0
0
0
0
0
0
0
0
0
0
0
0
0
0
0
0
0
0
0
0
0
0
0
0
0
0
0
0
0
0
0
0
0
0
0
0
0
0
0
0
0
0
0
0
0
0
0
0
0
0
0
0
0
0
0
0
0
0
0
0
0
0
0
0
0
0
0
0
0
0
0
0
0
0
0
0
0
0
0.196632
0.196632
0.196632
0.196632
0.196632
0
0.196632
0.196632
0.196632
0.196632
0
0.196632
0.196632
0.196632
0.196632
0
0.196632
0.196632
0.196632
0.196632
0
0
0
0
0.196632
0.196632
0.196632
0.196632
0.196632
0.196632
0.196632
0.196632
0.196632
0
0
0.196632
0.196632
0.196632
0.196632
0.196632
0.196632
0.196632
0.196632
0.196632
0.196632
0.196632
0.196632
0.196632
0.196632
0.196632
0.196632
0.196632
0.196632
0
0
0
0
0
0.196632
0.196632
0.196632
0.196632
0.196632
0.196632
0.196632
0.196632
0.196632
0.196632
0.196632
0.196632
0.196632
0.196632
0.196632
0.196632
0.196632
0.196632
0.196632
0.196632
0.196632
0.196632
0.196632
0.196632
0.196632
0.196632
0.196632
0.196632
0.196632
0.196632
0.196632
0.196632
0.196632
0.196632
0.196632
0.196632
0.196632
0.196632
0.196632
0.196632
0.196632
0.196632
0.196632
0.196632
0.196632
0.196632
0.196632
0.196632
0.196632
0.196632
0.196632
0.196632
0.196632
0.196632
0.196632
0.196632
0.196632
0.196632
0.196632
0.196632
0.196632
0.196632
0.196632
0.196632
0.196632
0.196632
0.196632
0.196632
0.196632
0.196632
0.196632
0.196632
0.196632
0.196632
0.196632
0.196632
0.196632
0.196632
0.196632
0.196632
0.196632
0.196632
0.196632
0.196632
0.196632
0.196632
0.196632
0.196632
0.196632
0.196632
0.196632
0.196632
0.196632
0.196632
0.196632
0.196632
0.196632
0.196632
0.196632
0.196632
0.196632
0.196632
0.196632
0.196632
0.196632
0.196632
0.196632
0.196632
0.196632
0.196632
0.196632
0.196632
0.196632
0.196632
0.196632
0.196632
0.196632
0.196632
0.196632
0.196632
0.196632
0.196632
0.196632
0.196632
0.196632
0.196632
0.196632
0.196632
0.196632
0.196632
0.196632
0.196632
0.196632
0.196632
0.196632
0.196632
0.196632
0.196632
0.196632
0.196632
0.196632
0.196632
0.196632
0.196632
0.196632
0.196632
0.196632
0.196632
0.196632
0.196632
0.196632
0.196632
0.196632
0.196632
0.196632
0.196632
0.196632
0.196632
0.196632
0.196632
0.196632
0.196632
0.196632
0.196632
0
0
0.196632
0.196632
0.196632
0.196632
0.196632
0.196632
0.196632
0.196632
0.196632
0.196632
0.196632
0.196632
0.196632
0.196632
0.196632
0.196632
0.196632
0.196632
0.196632
0
0
0
0
0
0.196632
0
0
0
0
0
0
0
0
0
0
0
0
0
0
0
0
0
0
0
0
0
0
0
0
0
0
0
0
0
0
0
0
0
0
0
0
0
0
0
0
0
0
0
0
0
0
0
0
0
0
0
0
0
0
0
0
0
0
0
0
0
0
0
0
0
0
0.196632
0.196632
0.196632
0
0
0
0
0
0
0
0
0
0
0
0
0
0
0
0
0
0
0
0
0
0
0.196632
0.196632
0
0
0.153696
0
0.196632
0.196632
0.196632
0.196632
0
0
0
0
0
0.196632
0.196632
0
0
0
0.196632
0
0
0
0
0
0
0
0.196632
0.196632
0.196632
0.196632
0.196632
0.196632
0.196632
0.196632
0.196632
0.196632
0.196632
0.196632
0.196632
0
0
0
0.196632
0
0
0
0
0
0
0
0
0
0
0
0
0
0
0
0
0
0
0
0
0
0
0
0
0
0
0
0
0
0
0
0
0
0
0
0
0
0
0
0
0
0
0
0
0
0
0
0
0
0
0
0
0
0
0
0
0
0
0
0
0
0
0
0
0
0
0
0
0
0
0
0
0
0
0
0
0
0
0
0
0
0
0
0
0
0
0
0
0
0
0
0
0
0
0
0
0
0
0
0
0
0
0
0
0
0
0
0
0
0
0
0
0
0
0
0
0
0
0
0
0
0
0
0.196632
0.196632
0
0
0
0
0
0
0
0
0
0
0.196632
0.196632
0
0
0
0
0.196632
0.196632
0
0
0.196632
0.196632
0.196632
0.196632
0.196632
0.196632
0.196632
0.196632
0.196632
0.196632
0.196632
0.196632
0.196632
0.196632
0
0
0
0
0
0
0
0
0
0
0
0.196632
0.196632
0
0.196632
0
0
0
0
0
0
0
0
0
0
0
0
0
0
0
0
0
0
0
0
0
0
0
0
0
0
0
0
0.196632
0
0
0
0
0
0
0
0
0
0.196632
0.196632
0.196632
0.196632
0.196632
0.196632
0.196632
0.196632
0.196632
0.196632
0
0.196632
0
0.196632
0.196632
0.196632
0.196632
0.196632
0
0.196632
0.196632
0.196632
0.196632
0.196632
0
0
0
0
0.196632
0
0.196632
0
0
0
0
0
0
0
0
0
0
0
0
0
0
0
0
0
0
0
0
0
0
0
0
0
0
0
0
0
0
0
0
0
0
0
0.196632
0
0
0
0
0
0
0
0
0
0
0
0
0
0
0
0
0
0
0
0
0
0
0
0
0
0
0
0
0
0
0
0
0
0
0
0
0
0
0
0
0
0
0
0
0
0
0
0
0
0
0
0
0
0
0
0
0
0
0
0
0
0
0
0
0
0.196632
0.196632
0.196632
0.196632
0.196632
0
0
0
0
0
0
0
0
0
0
0
0
0
0
0
0
0
0
0
0
0
0
0
0
0
0
0
0
0
0
0
0
0
0
0
0
0
0
0
0
0
0
0
0
0
0
0
0
0
0
0
0
0
0
0
0
0
0
0
0
0
0
0
0
0
0
0
0
0
0
0
0
0
0
0
0
0
0
0
0
0
0.196632
0.196632
0.196632
0.196632
0.196632
0
0
0
0
0
0
0
0.196632
0.196632
0.196632
0.196632
0
0
0
0
0
0
0
0
0
0
0
0
0.196632
0
0
0
0
0
0
0
0
0
0
0
0
0
0
0
0
0
0
0
0
0
0
0
0
0
0
0
0
0
0
0
0
0
0
0
0
0
0
0
0
0
0
0
0
0
0
0
0
0
0.196632
0.196632
0.196632
0.196632
0.196632
0.196632
0.196632
0.196632
0.196632
0.196632
0.196632
0.196632
0.196632
0
0
0
0
0
0
0
0
0
0
0
0
0
0
0
0
0
0
0
0
0
0
0
0.153647
0
0
0
0
0
0
0
0
0
0
0
0
0
0
0
0
0
0
0
0
0
0
0
0
0
0
0
0.153647
0
0.153647
0.153647
0.153647
0
0.153647
0.153647
0
0
0
0
0
0
0
0
0
0
0
0
0
0
0
0
0
0
0
0
0
0
0
0
0
0
0
0
0
0
0
0
0
0
0
0
0
0
0
0
0
0
0
0
0
0
0
0
0
0
0
0
0
0
0
0
0
0
0
0
0
0
0
0.196632
0.196632
0
0.153647
0.196632
0.196632
0.196632
0.196632
0.196632
0.196632
0.153647
0.153647
0
0.196632
0.196632
0
0.196632
0
0.196632
0
0.196632
0.196632
0.196632
0
0
0
0
0
0.196632
0
0
0
0
0.196632
0
0.196632
0.196632
0.196632
0.196632
0
0.196632
0.196632
0.196632
0.196632
0.196632
0.196632
0.196632
0.196632
0
0.196632
0
0
0
0
0
0
0
0
0.196632
0.196632
0.196632
0.196632
0
0
0
0
0
0
0
0
0
0
0
0
0
0
0
0
0
0
0
0
0
0
0
0
0
0
0
0
0
0
0
0
0
0
0.189547
0
0
0
0
0
0
0
0.153696
0.153696
0.153696
0
0
0
0
0
0
0
0
0
0
0
0
0
0.153647
0
0
0
0
0
0.196632
0.196632
0.196632
0.15594
0.196632
0.196632
0
0.196632
0.196632
0.196632
0.196632
0.196632
0
0
0
0
0
0.196632
0
0.196632
0
0
0
0.196632
0.196632
0
0
0
0
0
0
0
0
0.196632
0.196632
0.196632
0.196632
0.196632
0.196632
0.196632
0.196632
0.196632
0.196632
0.196632
0.196632
0.196632
0.196632
0.196632
0.196632
0.196632
0.196632
0.196632
0.196632
0.196632
0.196632
0.196632
0.196632
0.196632
0.196632
0.196632
0.196632
0.196632
0.196632
0.196632
0.196632
0.196632
0.196632
0.196632
0.196632
0.196632
0.196632
0.196632
0.196632
0.196632
0.196632
0.196632
0.196632
0.196632
0.196632
0.196632
0.196632
0.196632
0.196632
0.196632
0.196632
0.196632
0.196632
0.196632
0.196632
0.196632
0.196632
0.196632
0.196632
0
0
0
0
0
0
0
0
0
0
0
0
0
0
0
0
0
0
0
0
0
0
0
0
0
0
0
0
0
0
0
0
0
0
0
0
0
0
0
0
0
0
0
0
0
0
0
0
0
0
0
0
0
0
0
0
0
0
0
0
0
0
0
0
0
0
0
0
0
0
0
0
0
0
0
0
0
0
0
0
0
0
0
0
0
0
0
0
0
0
0
0
0
0
0
0
0
0
0
0
0
0
0
0
0
0
0
0
0
0
0
0
0
0
0
0
0
0
0
0
0
0
0
0
0
0
0
0
0
0
0
0
0
0
0
0
0
0
0
0
0
0
0
0
0
0
0
0
0
0
0
0
0
0
0
0
0
0
0
0
0
0
0
0
0
0
0
0
0
0
0
0
0
0
0
0
0
0
0
0
0
0
0
0
0
0
0
0
0
0
0
0
0
0
0
0
0
0
0
0
0
0
0
0
0
0
0
0
0
0
0
0
0
0
0
0
0
0
0
0
0
0
0
0
0
0
0
0
0
0
0
0
0.196632
0.196632
0.196632
0.196632
0.196632
0.196632
0.196632
0
0
0
0
0
0.196632
0
0
0
0
0
0
0
0
0.196632
0.196632
0.196632
0.196632
0.196632
0.196632
0.196632
0.196632
0.196632
0.196632
0.196632
0.196632
0.196632
0.196632
0.196632
0.196632
0
0
0
0
0.196632
0
0.196632
0.196632
0.196632
0.196632
0
0.196632
0.196632
0
0
0
0
0
0.196632
0
0.196632
0
0
0
0
0
0.196632
0.196632
0.196632
0.196632
0.196632
0
0
0.196632
0.154248
0.196632
0
0
0
0
0
0
0.196632
0.196632
0.196632
0.196632
0.196632
0.196632
0.196632
0.196632
0
0.196632
0.196632
0
0.196632
0
0
0
0.196632
0.196632
0
0.196632
0.196632
0
0
0
0.196632
0.196632
0.196632
0.196632
0.196632
0.196632
0.196632
0.196632
0
0
0
0
0
0
0
0.196632
0.196632
0
0.196632
0
0
0
0
0
0
0
0
0.196632
0.196632
0.196632
0.196632
0
0
0
0
0
0
0
0
0
0
0
0
0
0
0
0
0
0
0
0
0
0
0
0
0.196632
0.196632
0.196632
0.196632
0.196632
0.196632
0.196632
0
0
0
0
0
0
0
0
0
0
0
0
0
0
0
0
0
0
0
0
0
0
0
0
0
0
0
0
0
0
0
0
0
0
0
0
0
0
0
0
0
0
0
0
0
0
0
0
0
0
0
0
0
0
0
0
0
0
0
0
0
0
0
0
0
0
0
0
0
0
0
0
0
0
0
0
0
0
0.196632
0.196632
0.196632
0.196632
0.196632
0.196632
0.196632
0.196632
0.153647
0.153647
0
0.153647
0.196632
0.196632
0
0
0
0
0
0
0
0
0
0.196632
0.196632
0
0.196632
0.196632
0.196632
0.155732
0.196632
0.196632
0.196632
0
0
0.196632
0.196632
0.196632
0.196632
0.196632
0.196632
0
0
0
0
0
0
0
0
0
0
0
0
0
0
0
0
0
0
0
0
0
0
0
0
0
0
0
0
0
0
0
0
0
0
0
0
0
0
0
0
0
0
0
0
0
0
0
0
0
0
0
0
0
0
0
0
0
0
0
0
0
0
0
0
0
0
0
0
0
0
0
0
0
0
0
0
0
0
0
0
0
0
0
0
0
0
0
0
0
0
0
0
0
0
0
0
0
0
0
0
0
0
0
0
0
0
0
0
0
0
0
0
0
0
0
0
0
0
0
0
0
0
0
0
0
0
0
0
0
0
0
0
0
0
0
0
0
0
0
0
0
0
0
0
0
0
0
0
0
0
0
0
0
0
0
0
0
0
0
0
0
0
0
0
0
0
0
0
0
0
0
0
0
0
0
0
0
0
0
0
0
0
0
0
0
0
0
0
0
0
0
0
0
0
0
0
0
0
0
0
0
0
0
0
0
0
0
0
0
0
0.196632
0.196632
0.196632
0
0
0
0
0
0
0
0
0
0
0
0
0
0
0
0
0
0
0
0
0
0
0
0
0
0
0
0
0
0
0
0
0
0
0
0.196632
0.196632
0
0
0
0
0
0
0
0
0
0
0
0
0.196632
0.196632
0
0
0
0.196632
0.196632
0
0
0
0
0
0
0
0
0
0
0
0
0
0
0.196632
0.196632
0
0
0
0.196632
0.196632
0
0
0
0
0
0
0
0
0
0
0
0.196632
0.196632
0
0
0
0
0.196632
0.196632
0
0
0
0
0
0
0
0
0
0
0.196632
0.196632
0
0
0
0.196632
0.196632
0.196632
0
0
0
0
0
0
0
0
0
0
0.196632
0.196632
0.196632
0
0
0
0
0
0
0
0.189547
0
0
0
0
0
0
0
0
0
0
0
0.196632
0.196632
0.196632
0.196632
0.196632
0.196632
0.196632
0.196632
0.196632
0.196632
0.196632
0.196632
0
0
0
0
0
0
0.196632
0.196632
0.196632
0.196632
0
0
0
0
0
0
0
0
0
0
0
0
0
0
0
0
0
0
0
0
0
0
0
0
0
0.196632
0.30967
0.30967
0.30967
0.30967
0.30967
0.30967
0
0
0
0
0
0
0
0
0
0
0
0
0
0
0
0
0
0
0
0
0
0
0
0
0
0
0
0
0
0
0
0
0
0
0
0
0
0
0
0
0
0
0
0
0
0
0
0
0
0
0
0
0
0
0
0
0
0
0
0
0
0
0
0
0
0
0
0
0
0
0
0
0
0
0
0
0
0
0
0
0
0
0
0
0
0
0
0
0
0
0
0
0
0
0
0
0
0
0
0
0
0
0
0
0
0
0
0
0
0
0
0
0
0
0
0
0
0
0
0
0
0
0
0
0
0
0
0
0
0
0
0
0
0
0
0
0
0
0
0
0
0
0
0
0
0
0
0
0
0
0
0
0
0
0
0
0
0
0
0
0
0
0
0
0
0
0
0
0
0
0
0
0
0
0
0
0
0
0
0
0
0
0
0
0
0
0
0
0
0.00831775
0.00831775
0
0.00833681
0
0
0
0
0
0
0.00833681
0
0
0
0
0
0
0
0
0
0
0
0
0
0
0
0
0
0
0
0
0
0
0
0
0
0
0
0
0
0
0
0
0
0
0
0
0
0
0
0
0
0
0
0
0
0
0
0
0
0
0
0
0
0
0
0
0
0
0
0
0
0
0
0
0
0
0
0
0
0
0
0
0
0
0
0
0
0
0
0
0
0
0
0
0
0
0
0
0
0
0
0
0
0
0
0
0
0
0
0
0
0
0
0
0
0
0
0
0
0
0
0
0
0
0
0
0
0
0
0
0
0
0
0
0
0
0
0
0
0
0
0
0
0
0
0
0
0
0
0
0
0
0
0
0
0
0
0
0
0
0
0
0
0
0
0
0
0
0
0
0
0
0
0
0
0
0
0
0
0
0
0
0
0
0
0
0
0
0
0
0
0
0
0
0
0
0
0
0
0
0
0
0
0
0
0
0
0
0
0
0
0
0
0
0
0
0
0
0
0
0
0
0
0
0
0
0
0
0
0
0
0
0
0
0
0
0
0
0
0
0
0
0
0
0
0
0
0
0
0
0
0
0
0
0
0
0
0
0
0
0
0
0
0
0
0
0
0
0
0
0
0
0
0
0
0
0
0
0
0
0
0
0
0
0
0
0
0
0
0
0
0
0
0
0
0
0
0
0
0
0
0
0
0
0
0
0
0
0
0
0
0
0
0
0
0
0
0
0
0
0
0
0
0
0
0
0
0
0
0
0
0
0
0
0
0
0
0
0
0
0
0
0
0
0
0
0
0
0
0
0
0
0
0
0
0
0
0
0
0
0
0
0
0
0
0
0
0
0
0
0
0
0
0
0
0
0
0
0
0
0
0
0
0
0
0
0
0
0
0
0
0
0
0
0
0
0
0
0
0
0
0
0
0
0
0
0
0
0
0
0
0
0
0
0
0
0
0
0
0
0
0
0
0
0
0
0
0
0
0
0
0
0
0
0
0
0
0
0
0
0
0
0
0
0
0
0
0
0
0
0
0
0
0
0
0
0
0
0
0
0
0
0
0
0
0
0
0
0
0
0
0
0
0
0
0
0
0
0
0
0
0
0
0
0
0
0
0
0
0
0
0
0
0
0
0
0
0
0
0
0
0
0
0
0
0
0
0
0
0
0
0
0
0
0
0
0
0
0
0
0
0
0
0
0
0
0
0
0
0
0
0
0
0
0
0
0
0
0
0
0
0
0
0
0
0
0
0
0
0
0
0
0
0
0
0
0
0
0
0
0
0
0
0
0
0
0
0
0
0
0
0
0
0
0
0
0
0
0
0
0
0
0
0
0
0
0
0
0
0
0
0
0
0
0
0
0
0
0
0
0
0
0
0
0
0
0
0
0
0
0
0
0
0
0
0
0
0
0
0
0
0
0
0
0
0
0
0
0
0
0
0
0
0
0
0
0
0
0
0
0
0
0
0
0
0
0
0
0
0
0
0
0
0
0
0
0
0
0
0
0
0
0
0
0
0
0
0
0
0
0
0
0.931891
0.334461
0
0
0
0
0
0.460566
0
0
0
0
0
0
0
0
0
0.213201
0
0
0
0
0
0
0.537215
0.123091
0.213201
0
0
0.123091
0
0
0
0.104973
0
0
0.0355335
0
0.213201
0
0.187038
0.36626
0.275241
0.78817
0.279145
0.174078
0.123091
0
0.275241
0.123091
0
0
0
0
0
0
0
0
0
0
0
0
0
0
0
0
0
0.213201
0.174078
0
0
0
0
0
0
0
0
0
0
0
0
0
0
0
0
0
0
0.685344
0
0
0.696311
0
0
0
0
0
0
0.174078
0
0.0870388
0
0
0.0825723
0
0
0.0435194
0.361873
0
0
0.685344
0
0
0.325669
0
0
0
0
0
0
0.139573
0.275241
0
0.992509
0
0
0
0
0.426401
0.992509
0.275241
0
0
0
0.954545
0
0.937958
0
0
0
0
0
0
0
0
0
0
0
0
0
0
0
0
0
0
0
0
0
0
0
0
0
0
0.389249
0
0
0.285931
0.285931
0.285931
0.285931
0.285931
0.285931
0.285931
0.285931
0
0.285931
0.285931
0
0.285931
0.285931
0
0.285931
0
0
0
0
0
0
0
0
0
0
0
0
0
0
0
0
0
0
0
0
0
0
0
0
0
0
0
0
0
0
0
0
0
0
0
0
0
0
0
0
0
0
0
0
0
0
0
0
0
0
0
0
0
0
0
0
0
0
0
0
0
0
0
0
0
0
0
0
0
0
0.223459
0.202532
0.223459
0.223459
0.223459
0.223459
0.223459
0.223459
0
0.223459
0.223459
0.223459
0.223459
0.202532
0.202532
0.202532
0.202532
0.202532
0.202532
0.202532
0
0
0
0
0
0
0
0.202532
0
0
0
0.202532
0
0
0
0
0
0
0.204318
0.204318
0.204318
0.204318
0.204318
0.204318
0.204318
0
0
0
0
0
0
0.182763
0.182763
0.184228
0.155272
0.135502
0.121521
0
0
0
0.204318
0.204318
0.0109226
0.204318
0
0.204318
0.00548293
0
0
0
0
0
0.204318
0.204318
0
0
0.189547
0.189547
0.189547
0.189547
0.182995
0.207554
0.207554
0.195963
0.195963
0
0
0
0
0
0
0
0
0
0
0
0
0
0
0
0
0
0
0
0
0
0.189547
0.189547
0.189547
0.189547
0.189547
0.189547
0.189547
0.189547
0.189547
0.189547
0.189547
0.189547
0.189547
0.189547
0.189547
0.189547
0.189547
0.189547
0.189547
0.189547
0.189547
0.189547
0.189547
0.189547
0.189547
0.189547
0.189547
0.189547
0.189547
0.189547
0.189547
0
0
0
0
0
0
0
0
0
0
0
0
0
0
0
0
0
0
0
0
0
0
0
0
0
0
0
0
0
0
0
0
0
0
0
0
0
0
0
0
0
0
0
0
0
0
0
0
0
0
0
0
0
0
0
0
0
0
0
0
0
0
0
0
0
0
0
0
0
0
0
0
0
0
0
0
0
0
0
0
0
0
0
0
0
0
0
0
0
0
0
0
0
0
0
0
0
0
0
0
0
0
0
0
0
0
0
0
0
0
0
0
0
0
0
0
0
0
0
0
0
0
0
0
0
0
0
0
0
0
0
0
0
0
0
0
0
0
0
0
0
0
0
0
0
0
0
0
0
0
0
0
0
0
0
0
0
0
0
0
0
0
0
0
0
0
0
0
0
0
0
0
0
0
0
0
0
0
0
0
0
0
0
0
0
0
0
0
0
0
0
0
0
0
0
0
0
0
0
0
0
0
0
0
0
0
0
0
0
0
0
0
0
0
0
0
0
0
0
0
0
0
0
0
0
0
0
0
0
0
0
0
0
0
0
0
0
0
0
0
0
0
0
0
0
0
0
0
0
0
0
0
0
0
0
0
0
0
0
0
0
0
0
0
0
0
0
0
0
0
0
0
0
0
0
0
0
0
0
0
0
0
0
0
0
0
0
0
0
0
0
0
0
0
0
0
0
0
0
0
0
0
0
0
0
0
0
0
0
0
0
0
0
0
0
0
0
0
0
0
0
0
0
0
0
0
0
0
0
0
0
0
0
0
0
0
0
0
0
0
0
0
0
0
0
0
0
0
0
0
0
0
0
0
0
0
0
0
0
0
0
0
0
0
0
0
0
0
0
0
0
0
0
0
0
0
0
0
0
0
0
0
0
0
0
0
0
0
0
0
0
0
0
0
0
0
0
0
0
0
0
0
0
0
0
0
0
0
0
0
0
0
0
0
0
0
0
0
0
0
0
0
0
0
0
0
0
0
0
0
0
0
0
0
0
0
0
0
0
0
0
0
0
0
0
0
0
0
0
0
0
0
0
0
0
0
0
0
0
0
0
0
0
0
0
0
0
0
0
0
0
0
0
0
0
0
0
0
0
0
0
0
0
0
0
0
0
0
0
0
0
0
0
0
0
0
0
0
0
0
0
0
0
0
0
0
0
0
0
0
0
0
0
0
0
0
0
0
0
0
0
0
0
0
0
0
0
0
0
0
0
0
0
0
0
0
0
0
0
0
0
0
0
0
0
0
0
0
0
0
0
0
0
0
0
0
0
0
0
0
0
0
0
0
0
0
0
0
0
0
0
0
0
0
0
0
0
0
0
0
0
0
0
0
0
0
0
0
0
0
0
0
0.189547
0.189547
0.189547
0.189547
0.189547
0
0
0
0
0
0
0
0
0
0
0.189547
0.189547
0.189547
0.189547
0.189547
0.189547
0.189547
0.189547
0.189547
0.189547
0.189547
0.189547
0.189547
0.189547
0.189547
0.189547
0.189547
0.189547
0.189547
0.189547
0.189547
0.189547
0.189547
0.189547
0.189547
0.189547
0.189547
0.189547
0.189547
0.189547
0.189547
0.189547
0.189547
0.189547
0.189547
0.189547
0.189547
0.189547
0.189547
0.189547
0.189547
0.189547
0.189547
0.189547
0.189547
0.189547
0.189547
0.189547
0.189547
0.189547
0.189547
0.189547
0.189547
0.189547
0.189547
0.189547
0.189547
0.189547
0.189547
0.189547
0.189547
0.189547
0.189547
0.189547
0.189547
0.189547
0.189547
0.189547
0.189547
0.189547
0.189547
0.189547
0.189547
0.189547
0.189547
0.189547
0.189547
0.189547
0.189547
0.189547
0.189547
0.189547
0.189547
0.189547
0.189547
0.189547
0.189547
0.189547
0.189547
0.189547
0.189547
0.189547
0.189547
0.189547
0.189547
0.189547
0.189547
0.189547
0.189547
0.189547
0.189547
0.189547
0.189547
0.189547
0.189547
0.189547
0.189547
0.189547
0.189547
0.189547
0.189547
0.189547
0.189547
0.189547
0.189547
0.189547
0.189547
0.189547
0.189547
0.189547
0.189547
0.189547
0.189547
0.189547
0.189547
0.189547
0.189547
0.189547
0.189547
0.189547
0.189547
0.189547
0.189547
0.189547
0.189547
0.189547
0.189547
0.189547
0.189547
0.189547
0.189547
0.189547
0.189547
0.189547
0
0
0
0
0
0
0
0
0
0
0
0
0
0
0
0
0
0
0
0
0
0
0
0
0
0
0
0
0
0
0
0
0
0
0
0
0
0
0
0
0
0
0
0
0
0
0
0
0
0
0
0
0
0
0
0
0
0
0
0
0
0
0.189599
0.109982
0.189547
0.189547
0.189599
0
0
0
0
0.189547
0.189547
0
0
0
0
0
0
0
0
0
0
0
0
0
0
0
0
0
0
0
0
0
0
0
0
0
0
0
0
0
0
0
0
0
0
0
0
0
0
0
0
0
0
0
0
0
0
0
0
0
0
0
0
0
0
0
0
0
0
0
0
0
0
0
0
0
0
0.189599
0
0
0
0
0
0
0
0
0
0
0
0.179654
0.179654
0.18965
0
0
0
0
0
0
0
0
0
0
0
0
0
0
0
0
0
0
0.148485
0.148485
0.148485
0.189599
0.168672
0
0
0
0
0
0
0
0
0
0
0
0
0
0
0
0
0
0
0
0
0
0
0
0
0
0
0
0
0
0
0.189547
0.189547
0.189547
0.189547
0.189547
0.189547
0.189547
0.189547
0
0
0
0
0
0
0
0
0
0
0
0
0
0
0
0
0
0
0
0
0
0
0
0
0
0
0
0
0
0
0
0
0
0
0
0
0
0
0
0
0
0
0
0
0
0
0
0
0
0
0
0
0
0
0
0
0
0
0
0
0
0
0
0
0
0
0
0
0
0
0
0
0
0
0
0
0
0
0
0
0
0
0
0
0
0
0
0
0
0.189547
0.189547
0.189547
0.189547
0.189547
0.189547
0.189547
0
0
0
0
0
0
0
0
0
0
0
0
0
0
0
0
0
0
0
0
0
0
0
0
0
0
0
0
0
0
0
0
0
0
0
0
0
0
0
0
0
0
0
0
0
0
0
0
0
0
0
0
0
0
0
0
0
0
0
0
0
0
0
0
0
0
0
0
0
0
0
0
0
0
0
0
0
0
0
0
0
0
0
0
0
0
0
0
0
0
0
0
0
0
0
0
0
0
0
0
0
0
0
0
0
0
0
0
0
0
0
0
0
0
0
0
0
0
0
0
0
0
0
0
0
0
0
0
0
0
0
0
0
0
0
0
0
0
0
0
0
0
0
0
0
0
0
0
0
0
0
0
0
0
0
0
0
0
0
0
0
0
0
0
0
0
0
0
0
0
0
0
0
0
0
0
0
0
0
0
0
0
0
0
0
0
0
0
0
0
0
0
0
0
0
0
0
0
0
0
0
0
0
0
0
0
0
0
0
0
0
0
0
0
0
0
0
0
0
0
0
0
0
0
0
0
0
0
0
0
0
0
0
0
0
0
0
0
0
0
0
0
0
0
0
0
0
0
0
0
0
0
0
0
0
0
0
0
0
0
0
0
0
0
0
0
0
0
0
0
0
0
0
0
0
0
0
0
0
0
0
0
0
0
0
0
0
0
0
0
0
0
0
0
0
0
0
0
0
0
0
0
0
0
0
0
0
0
0
0
0
0
0
0
0
0
0
0
0
0
0
0
0
0
0
0
0
0
0
0
0
0
0
0
0
0
0
0
0
0
0
0
0
0
0
0
0
0
0
0
0
0
0
0
0
0
0
0
0
0
0
0
0
0
0
0
0
0
0
0
0
0
0
0
0
0
0
0
0
0
0
0
0
0
0
0
0
0
0
0
0
0
0
0
0
0
0
0
0
0
0
0
0
0
0
0
0
0
0
0
0
0
0
0
0
0
0
0
0
0
0
0
0
0
0
0
0
0
0
0
0
0
0
0
0
0
0
0
0
0
0
0
0
0
0
0
0
0
0
0
0
0
0
0
0
0
0
0
0
0
0
0
0
0
0
0
0
0
0
0
0
0
0
0
0
0
0
0
0
0
0
0
0
0
0
0
0
0
0
0
0
0
0
0
0
0
0.189496
0
0.189496
0.189496
0.189496
0.189496
0.189496
0.189496
0
0.189496
0
0.189496
0
0
0
0
0
0
0
0
0
0
0
0
0
0
0
0
0
0
0.189547
0.189547
0.189547
0.189547
0.189547
0.189547
0.109982
0.109982
0.109982
0.109982
0
0
0.189547
0.189547
0.189547
0.189547
0.189547
0.189547
0.189547
0.189547
0.109982
0.109982
0.109982
0
0.189599
0.105961
0.105961
0.105961
0
0
0.189599
0
0.189496
0.189496
0.189496
0.189496
0.189496
0.189496
0.189496
0.189547
0.189547
0.189496
0
0.189547
0.189547
0
0
0
0
0
0
0
0
0
0
0
0
0
0
0
0
0
0
0
0
0
0
0
0
0
0
0
0
0
0
0
0
0
0
0
0
0
0
0
0
0
0
0
0
0
0
0
0
0
0
0
0
0
0.189547
0.189547
0.189547
0.189547
0.189547
0
0
0
0
0
0
0
0
0
0
0
0
0.349983
0.349983
0.349983
0.349983
0.349983
0.349983
0.349983
0.349983
0.349983
0.102418
0.102418
0.102418
0.102418
0.102418
0
0.102418
0.06742
0.06742
0.06742
0.06742
0.06742
0
0
0
0
0
0
0
0
0
0
0
0
0.06742
0.06742
0.06742
0.06742
0.06742
0.06742
0.06742
0.06742
0.06742
0.06742
0.0738549
0.0738549
0.0738549
0
0
0
0
0
0
0
0
0
0.0895622
0.0870388
0.0870388
0.0870388
0
0
0
0
0.0870388
0
0.0895622
0.0738549
0.0738549
0.0738549
0.06742
0
0
0
0.06742
0
0
0.06742
0.06742
0.06742
0.06742
0
0
0.06742
0.06742
0
0
0
0
0
0.0787296
0.0787296
0.0805823
0.0805823
0.0805823
0.0825723
0.0825723
0.0805823
0
0
0
0
0
0
0
0
0
0
0
0
0
0
0
0
0
0
0
0
0
0
0
0
0
0
0
0
0
0
0
0
0
0
0
0
0
0
0
0
0
0.0825723
0.0825723
0.0825723
0.0825723
0
0
0
0
0
0
0.0825723
0.0825723
0.0825723
0
0
0
0
0
0
0
0
0
0.0895622
0.0895622
0.0825723
0.0825723
0.0825723
0.0825723
0.0825723
0.0825723
0
0
0
0
0
0
0
0
0
0
0
0
0
0
0
0
0
0
0
0
0
0.0825723
0.0825723
0.0825723
0.0945615
0.0945615
0.0945615
0.0945615
0.0945615
0
0
0.0945615
0.0945615
0.0836242
0
0.0930484
0.0984732
0.0984732
0.0984732
0.0984732
0.0999844
0.0999844
0
0.0787296
0.0787296
0
0.105574
0.105574
0.106186
0
0.106186
0.106186
0.106186
0.106186
0.106186
0.108088
0.0836242
0.0836242
0
0
0.0930484
0.0986928
0.0986928
0.0986928
0.068945
0.0599042
0.0599042
0.068945
0.0986928
0.0986928
0
0
0
0.0852803
0.0852803
0
0.0930484
0
0
0
0
0
0.107728
0.068945
0.068945
0
0.309233
0.309233
0.309233
0
0
0
0
0
0.189599
0
0
0
0
0
0
0
0
0
0
0
0
0
0
0
0
0
0
0
0
0
0
0
0
0
0
0
0
0
0
0
0
0
0.189599
0.189599
0.189599
0.189599
0.189599
0.189599
0
0
0
0
0
0
0
0
0
0
0
0.18965
0.148801
0.179283
0.148801
0
0
0
0.179283
0.179283
0
0
0
0.179283
0
0
0
0
0.189444
0.189444
0.189444
0.189444
0.189599
0.189444
0.189444
0.189444
0.189444
0.189444
0.189444
0
0.189444
0.189444
0.189444
0.189444
0
0
0
0
0
0
0
0
0
0
0
0
0
0
0
0
0
0.18965
0
0
0.189496
0.189496
0
0.189496
0.189496
0
0
0.189444
0
0.18965
0.18965
0
0
0
0
0
0
0
0
0
0
0
0
0
0
0
0
0
0
0
0
0
0
0
0
0
0
0
0
0
0
0
0
0
0
0
0
0
0
0
0
0
0
0
0
0
0
0
0
0
0.992509
0
0
0
0
0.189496
0
0
0
0
0
0.189496
0
0
0
0
0
0
0
0
0
0
0
0
0
0
0
0
0
0
0
0
0
0.189496
0.189496
0.189496
0.189496
0.189496
0.189496
0
0
0
0
0
0
0
0
0
0
0
0
0
0
0
0.189547
0
0
0
0
0
0
0
0
0
0
0
0
0
0
0
0
0
0
0
0
0
0
0
0
0
0
0
0
0
0
0
0
0
0
0
0
0
0
0
0
0
0
0
0
0
0
0
0
0
0
0
0
0
0
0
0
0
0
0
0
0
0
0
0
0
0
0
0
0
0
0
0
0
0
0
0
0
0
0
0
0
0
0
0
0
0
0
0
0
0
0
0
0
0
0
0
0
0
0
0
0
0
0
0
0
0
0
0
0
0
0
0
0
0
0
0
0
0
0
0
0
0
0
0
0
0
0
0
0
0
0
0
0
0
0
0
0
0
0
0
0
0
0
0
0
0
0
0
0
0
0
0
0
0
0
0
0
0
0
0
0
0
0
0
0
0
0
0
0
0
0
0
0
0
0
0
0
0
0
0
0
0
0
0
0
0
0
0
0
0
0
0
0
0
0
0
0
0
0
0
0
0
0
0
0
0
0
0
0
0
0
0
0
0
0
0
0
0
0
0
0
0
0
0
0
0
0
0
0
0
0
0
0
0
0
0
0
0
0
0
0
0
0
0
0
0
0
0
0
0
0
0
0
0
0
0
0
0
0
0
0
0
0
0
0
0
0
0
0
0
0
0
0
0
0
0
0
0
0
0
0
0
0
0
0
0
0
0
0
0
0
0
0
0
0
0
0
0
0
0
0
0
0
0
0
0
0
0
0
0
0
0
0
0
0
0
0
0
0
0
0
0
0
0
0
0
0
0
0
0
0
0
0
0
0
0
0
0
0
0
0
0
0
0
0
0
0
0
0
0
0
0
0
0
0
0
0
0
0
0
0
0
0
0
0
0
0
0
0
0
0
0
0
0
0
0
0
0
0
0
0
0
0
0
0
0
0
0
0
0
0
0
0
0
0
0
0
0
0
0
0
0
0
0
0
0
0
0
0
0
0
0
0
0
0
0
0
0
0
0
0
0
0
0
0
0
0
0
0
0
0
0
0
0
0
0
0
0
0
0
0
0
0
0
0
0
0
0
0
0
0
0
0
0
0
0
0
0
0
0
0
0
0
0
0
0
0
0
0
0
0
0
0
0.189547
0.189547
0.189547
0.189547
0.189547
0.189547
0.189547
0
0
0
0
0
0
0
0
0
0
0
0
0
0
0
0
0
0
0
0
0
0
0
0
0
0
0
0
0
0
0
0
0
0
0
0
0
0
0
0
0
0
0
0
0
0
0
0
0
0
0
0
0
0
0
0
0
0
0
0
0
0
0
0.18965
0.18965
0.18965
0.18965
0.18965
0.18965
0.18965
0.18965
0.2011
0.18965
0.18965
0.18965
0.18965
0.18965
0.18965
0
0
0
0
0
0
0
0
0.18965
0.18965
0.18965
0.18965
0.18965
0.18965
0.18965
0
0
0.18965
0.18789
0.187953
0.188322
0
0.188322
0.188322
0.188322
0.188322
0.188322
0.188322
0.188322
0.188322
0.188322
0.188322
0.188383
0.188383
0
0
0.188383
0
0
0
0
0
0
0
0
0
0
0
0
0
0
0
0
0
0
0
0
0
0
0
0
0
0
0
0
0
0
0
0
0
0
0
0
0
0
0
0.29905
0
0
0
0
0
0
0
0
0
0.222506
0.304812
0.304812
0
0.18965
0.18965
0.18965
0.15922
0.15922
0.159276
0.18965
0.18965
0.18965
0.18965
0.18965
0.18965
0.18965
0.212835
0.212835
0.18965
0.189702
0.189702
0.189702
0.189702
0.18965
0.18965
0.18965
0.212835
0.212835
0.212835
0.212835
0.212835
0.2324
0.212835
0.212835
0.212835
0.104569
0.212835
0.212835
0.212835
0.212835
0.212835
0.212835
0.212835
0
0
0
0
0
0.18965
0.18965
0.18965
0.18965
0.2011
0.18965
0
0
0
0
0
0
0.18965
0.2011
0.18965
0.202532
0.18965
0.18965
0.18965
0.202532
0.202532
0.196971
0.202532
0.202532
0.202532
0.202532
0.202532
0.202532
0
0
0
0
0
0
0.202469
0
0.203739
0.19803
0.19803
0
0
0
0
0.18965
0.18965
0
0
0
0
0
0.18965
0.18965
0
0
0.189599
0.189599
0.189599
0.189599
0.189599
0.189599
0.189599
0.18965
0.189599
0.18965
0.18965
0.18965
0.18965
0.189599
0.179177
0
0
0.18965
0.18965
0.18965
0.18965
0.18965
0
0
0
0
0
0
0
0
0
0
0
0
0
0
0
0
0
0
0
0
0
0
0
0
0
0
0
0
0
0
0
0
0
0
0
0
0
0
0
0
0
0
0.250765
0.179177
0.179177
0.179177
0
0
0
0
0
0
0
0
0
0
0
0
0
0
0
0
0
0
0
0.189547
0.189547
0.189547
0.189547
0.189547
0.189547
0
0
0.18965
0.18965
0.18965
0.18965
0.18965
0.18965
0.189702
0.189702
0.189702
0.189702
0
0
0
0.18965
0.18965
0
0
0
0.189702
0.189702
0.189702
0
0
0.189702
0
0.189702
0.189702
0.189702
0.189547
0
0
0
0.189547
0.189547
0.189547
0.189547
0.189547
0.189547
0.189599
0.189599
0.189599
0.189547
0
0
0
0.189547
0
0
0
0.18965
0.18965
0.18965
0.18965
0.189418
0.189418
0.189418
0.189418
0.189547
0.189547
0.202532
0.202532
0.202532
0.223459
0.202532
0.202532
0.202532
0.202532
0.202532
0.202532
0.223459
0.223459
0.223459
0.223459
0.223459
0.223459
0.223459
0
0.223459
0.223459
0.244843
0.244843
0.244843
0.223459
0.223459
0.202532
0.202532
0.202532
0.202532
0.188054
0.188054
0.188054
0.188054
0.188054
0.188054
0.188054
0.219257
0
0.219257
0.219257
0
0.219257
0.219257
0
0
0
0
0
0
0
0.202532
0.202532
0.202532
0.202532
0.202532
0.202532
0.202532
0.202532
0.202532
0.202532
0.204318
0.204318
0.204318
0.204318
0.0256664
0.204318
0.204318
0
0
0
0
0
0
0
0
0
0
0
0
0
0.0290129
0.204318
0.204318
0.204318
0.204318
0.204318
0.204318
0.204318
0.204318
0.204318
0.204318
0.204318
0.204318
0.204318
0.00620914
0
0
0
0
0
0
0
0
0
0
0
0
0
0
0
0
0
0
0
0
0
0
0
0
0.189033
0
0
0
0
0
0
0
0
0
0
0
0
0
0
0
0
0
0
0
0
0
0
0.30089
0.30089
0.302765
0.30089
0.165145
0.30089
0.346615
0.346615
0.346615
0.346615
0.346615
0.346615
0.346615
0.346615
0.346615
0.346615
0.346615
0.384604
0.384604
0.384604
0.384604
0.384604
0.384604
0.392706
0
0.396196
0.27443
0
0.27443
0.0870388
0.396787
0
0.397977
0.130222
0.497611
0.392706
0.227273
0.0435194
0.0221079
0.0221079
0
0.0290129
0.291288
0
0.396196
0.464927
0.464927
0.138954
0.58713
0.138954
0.138954
0.138954
0.138954
0
0
0
0.149209
0.149209
0.149209
0.149209
0.149209
0.149209
0.138954
0.138954
0.497611
0.497611
0.497611
0.476873
0.230443
0.164488
0.205331
0.247207
0.122141
0.122141
0.124065
0.124065
0.124065
0.15017
0.0663237
0.0663237
0
0
0.58713
0.58713
0.58713
0.58713
0.58713
0.58713
0.58713
0.58713
0.170697
0.170697
0.251433
0.251433
0.550646
0.550646
0.550646
0.132647
0.132647
0.132647
0
0
0.58713
0.58713
0.58713
0.58713
0.251433
0.251433
0.251433
0.251433
0.170697
0.170697
0.170697
0.550646
0.550646
0.550646
0.132647
0.132647
0.132647
0.132647
0.132647
0.132647
0.132647
0.132647
0.132647
0
0.58713
0.356289
0.356289
0
0.371457
0.345273
0.256235
0.330875
0.497611
0.497611
0
0.499964
0
0.510981
0
0.51225
0.0787296
0.522958
0.510981
0.510981
0.510981
0.510981
0.30089
0.30089
0.30089
0.30089
0.510981
0
0.51225
0
0
0
0
0
0
0
0.51225
0.130222
0
0.131093
0.131093
0.131093
0
0
0
0
0
0.132888
0.132888
0.114473
0.124065
0.126082
0.0682789
0.134005
0.122141
0.124065
0.0537215
0.118355
0.130558
0.132647
0.411657
0.411657
0
0.411657
0.411657
0.411657
0.411657
0.411657
0.53936
0.411657
0.425295
0
0
0.411657
0.411657
0.411657
0.118771
0.501143
0.501143
0.501143
0.501143
0.501143
0.501143
0.501143
0.533657
0
0.533657
0.295932
0.295932
0.295932
0.501143
0.501143
0.501143
0.501143
0.494185
0.501143
0.0930484
0.501143
0.501143
0.501143
0.501143
0.501143
0.501143
0
0.512323
0.512323
0.512323
0.512323
0.512323
0.512323
0.512323
0.512323
0.512323
0.512323
0.512323
0.512323
0.385421
0.385421
0.385421
0
0
0
0
0
0
0
0
0
0
0
0
0
0
0
0.345088
0.345088
0.345088
0.345088
0.345088
0.345088
0
0
0.311436
0.311436
0.190693
0.311436
0.191972
0.311436
0.344625
0.347271
0.158252
0
0.311436
0.129
0.311436
0
0.311436
0.435456
0.435456
0.311436
0
0
0
0
0
0
0
0
0
0
0
0
0
0
0
0
0
0.191972
0.191972
0.191972
0.191972
0.191972
0
0
0
0
0
0
0
0.191972
0.191972
0
0
0
0
0
0
0
0
0
0
0
0.129
0.129
0.129
0.129
0
0
0
0
0
0.129
0.132174
0.340303
0.340303
0.340303
0.340303
0.340303
0.383194
0.383194
0
0
0
0.179177
0.179177
0.179177
0.179177
0.179177
0.179177
0.179177
0
0
0
0
0
0
0
0
0.17923
0.17923
0
0
0.179177
0.179177
0.179177
0
0
0
0
0
0
0
0
0
0
0
0
0
0
0
0
0
0
0
0
0
0
0
0
0
0
0
0
0
0
0
0
0
0
0
0
0
0
0.179177
0
0
0
0
0
0
0
0
0
0
0
0
0
0
0
0
0
0
0
0
0
0
0
0
0
0
0
0
0
0
0
0
0
0
0
0
0
0
0.193925
0.193925
0.189547
0.189547
0.189547
0.189547
0.189547
0.189547
0.189547
0.189547
0.189547
0.189547
0.189547
0.189547
0.189547
0.189547
0.189547
0.189547
0.189547
0.189547
0.189547
0.189547
0.189547
0.189547
0
0
0
0.189547
0.189547
0.189547
0.189547
0.189547
0.189547
0.189547
0.189547
0.189547
0.189599
0.189599
0.189599
0.189599
0.189599
0.189599
0.189599
0.189599
0.193925
0
0
0
0.189599
0.153597
0.116795
0
0.116977
0.116977
0.189599
0
0.189599
0
0.189599
0.189599
0.189599
0.189599
0.189599
0.116977
0.189599
0.189599
0.185861
0.185861
0.179283
0.179283
0.179388
0.179388
0.179283
0.179283
0
0
0.179177
0.179177
0.179177
0.179177
0.179177
0.179177
0
0
0
0
0
0.17923
0.179177
0.179177
0.179177
0.179177
0.179177
0
0
0.179177
0.179177
0.179177
0.179388
0.179388
0.179177
0.179177
0
0.179177
0
0.179177
0.179177
0.179177
0
0.179177
0.179177
0
0
0
0.179177
0.179177
0.179177
0.179177
0.179177
0.179177
0.179177
0.179177
0.179177
0.179177
0.179177
0.179177
0.179388
0.179388
0.179388
0
0.179388
0.179177
0.179177
0.179177
0.179177
0
0.179177
0.179177
0
0
0
0
0
0
0
0
0
0
0
0
0
0
0
0
0
0
0
0
0
0
0
0
0
0
0
0
0
0
0
0
0
0
0
0
0
0
0
0
0
0
0
0
0
0
0
0
0
0
0
0
0
0
0
0
0
0
0
0
0
0
0
0
0
0
0
0
0
0
0
0
0
0
0
0
0
0
0
0
0
0
0
0
0
0
0
0
0
0
0
0
0
0
0
0
0
0
0
0
0
0
0
0
0
0
0
0
0
0
0
0
0
0
0
0
0
0
0
0
0
0
0
0
0
0
0
0
0
0
0
0
0
0
0
0
0
0
0
0
0.17923
0.17923
0
0.17923
0.17923
0.17923
0
0.17923
0
0
0
0.179283
0.148801
0
0.51432
0.4022
0.4022
0.34367
0.34367
0
0
0
0.203228
0
0
0
0
0
0
0
0
0
0
0
0
0
0
0
0
0
0
0
0
0
0
0
0
0
0
0
0
0
0
0
0
0
0
0
0
0
0
0
0
0
0
0.319957
0.196632
0.196632
0.196632
0
0
0
0
0
0
0
0
0
0
0
0
0
0
0
0
0
0
0
0
0
0
0
0
0
0
0
0
0
0
0
0
0
0
0
0.17923
0.17923
0
0.17923
0
0.17923
0.17923
0.17923
0.17923
0.17923
0.17923
0.17923
0
0
0.17923
0.17923
0.179388
0.179388
0
0
0.179388
0.179388
0.17923
0
0
0
0
0
0
0
0
0
0
0
0
0
0
0.179441
0.179441
0.179441
0.179441
0
0.179441
0
0
0
0
0
0
0
0
0
0
0.179441
0.179441
0
0
0.179441
0.179441
0.179441
0
0.179441
0
0
0
0.179441
0
0
0.179441
0.179441
0.179441
0
0.179654
0
0
0
0
0
0
0.194927
0.172591
0.194927
0
0
0.155111
0.155111
0.155111
0.155111
0.155111
0.155111
0.189702
0
0
0
0
0
0
0.169357
0.169357
0.168672
0.168672
0.168672
0.168672
0.168672
0.168672
0.168672
0.168672
0.168672
0.168672
0
0
0
0
0
0
0
0
0
0
0
0
0
0
0
0
0
0
0
0
0
0
0
0
0
0
0.189702
0.189702
0.189702
0
0
0
0
0
0
0
0.189547
0.189547
0
0
0.216969
0.216969
0.216969
0.216969
0.18965
0.18965
0.18965
0.18965
0
0
0
0
0.189702
0.189702
0.189702
0.12417
0.12417
0.149669
0.149669
0
0
0
0.189702
0.189702
0
0.189547
0
0
0
0
0
0
0
0
0
0
0
0
0
0
0
0.191379
0
0.18965
0.179283
0.284928
0.284928
0.284928
0.284928
0
0
0
0
0
0
0
0
0
0
0
0
0
0
0
0
0
0
0
0
0
0
0
0
0
0
0
0
0
0
0
0
0
0
0
0
0
0
0
0
0
0
0
0
0
0
0
0
0
0
0
0
0
0
0
0
0
0
0
0
0
0
0
0
0
0
0
0
0
0
0
0
0
0
0.423455
0.189496
0.189496
0.189496
0
0
0
0
0.189496
0
0
0.18965
0
0
0
0
0
0.34367
0.51432
0
0
0
0
0.189547
0.189547
0.189547
0.189547
0.189547
0.189547
0.189547
0.189547
0.189547
0.189547
0.189547
0.189547
0.189547
0.189547
0.189547
0.189547
0.189547
0.189547
0.189547
0.189547
0.189547
0.189547
0.189547
0.189547
0
0
0
0
0.189547
0
0
0
0
0
0
0
0
0
0
0
0
0
0
0
0
0
0
0
0
0
0
0
0
0
0
0
0
0
0
0
0
0
0
0
0
0
0
0
0
0
0
0
0
0
0
0
0
0
0
0
0
0
0
0
0
0
0
0
0
0
0
0
0
0
0
0
0
0
0
0
0
0
0
0
0
0
0
0
0
0
0
0
0
0
0
0
0
0
0
0
0
0
0
0
0
0
0
0
0
0
0
0
0
0
0
0
0
0
0
0.521924
0.521924
0.521924
0.521924
0.521924
0.521924
0.521924
0
0.521924
0.521924
0
0
0
0
0.521924
0.521924
0.521924
0.521924
0.521924
0.521924
0.521924
0.521924
0.521924
0.521924
0
0
0
0
0
0
0
0
0
0
0.521924
0.521924
0
0
0
0.521924
0
0
0
0
0
0
0
0
0
0
0
0
0
0
0
0
0
0
0
0
0
0
0
0
0
0
0
0
0
0
0
0
0.380593
0.380593
0.380593
0.380593
0.380593
0.380593
0.380593
0.380593
0.388744
0.388744
0.388744
0.27443
0.399252
0.399252
0.399252
0.399252
0.104973
0.104973
0.399252
0.0228575
0.399252
0.399252
0
0
0
0.400167
0.400167
0.411657
0.411657
0.411657
0.0961183
0.380593
0.380593
0.380593
0.434272
0.434272
0.434272
0.442144
0.0502519
0
0
0
0.0502519
0
0.0524864
0.0502519
0.380593
0.380593
0.380593
0.380593
0.380593
0.380593
0.381385
0.381385
0.381385
0.37602
0.267924
0.29554
0.12666
0.0550482
0.0550482
0.0550482
0.0710669
0
0
0.381385
0.382984
0.382984
0.388744
0.380593
0.380593
0.380593
0.380593
0.380593
0.380593
0.380593
0.380593
0.380593
0.380593
0.380593
0.380593
0.380593
0.0710669
0.0710669
0.400167
0.376889
0.376889
0.400167
0.284268
0.284268
0.284268
0.284268
0.284268
0.284268
0.254152
0.254152
0.284268
0.0410305
0.0465242
0.395655
0.380593
0.380593
0.380593
0.418835
0.378309
0.378309
0.380593
0.307076
0.307076
0.307076
0.307076
0.307076
0.390438
0.210532
0.210532
0.387905
0.2998
0.2998
0.390438
0.40675
0
0.411657
0.411657
0.411657
0.411657
0.411657
0.40675
0.418835
0.400167
0.293016
0.522233
0.522233
0.522233
0.387905
0.387905
0.411657
0
0
0
0
0
0
0
0
0
0
0
0
0
0
0
0
0
0
0
0
0
0
0
0
0
0
0
0
0
0
0
0
0
0
0
0
0
0
0
0
0
0
0
0
0
0
0
0
0
0
0
0
0
0
0
0
0
0
0
0
0
0
0
0
0
0
0
0
0
0
0
0
0
0
0
0
0
0
0
0
0
0
0
0
0
0
0
0
0
0
0
0
0
0
0
0
0
0
0
0
0
0
0
0
0
0
0
0
0
0
0
0.189354
0.189354
0.189354
0.189354
0.187078
0
0
0
0
0
0
0
0
0
0
0
0
0.189354
0.189418
0.189418
0.189418
0.189418
0.189418
0.189418
0.189483
0.189418
0.189418
0.189418
0.189418
0.189418
0.189418
0
0
0
0.189547
0.189547
0.189547
0.189547
0.189547
0.189547
0.189547
0.189547
0.189547
0.189547
0.189547
0.189547
0.189547
0.189547
0.189547
0
0
0
0
0
0
0
0
0
0
0
0
0
0
0
0
0
0
0
0
0
0
0
0
0
0
0
0
0.187078
0.187078
0.187078
0.187078
0.0182372
0
0.0182594
0.0182594
0.187078
0.187078
0.187078
0
0
0
0
0
0
0
0
0.210615
0.210615
0.187203
0.187203
0.187078
0.187203
0.187203
0.187203
0.187203
0.187203
0.187203
0.0518999
0
0
0.0518999
0.187203
0.210615
0.210615
0
0.210615
0
0
0
0
0
0
0
0
0
0
0.187078
0.0870388
0.187078
0.187078
0.187078
0.187078
0.187078
0.210615
0.187078
0.0870388
0.0870388
0.0870388
0.0947559
0
0
0
0
0
0
0.187078
0.187078
0.187078
0.187078
0.187078
0.0870388
0.0870388
0.025528
0
0
0
0
0
0
0
0
0.0185567
0.0185567
0.0185567
0.0185567
0.0185567
0.0205152
0
0.0185567
0.0185567
0.187078
0.187078
0.187078
0.187078
0.178887
0
0.178887
0.00675552
0.00675552
0.00675552
0.00675552
0.00675552
0.00675552
0.187078
0.210615
0.210615
0.210615
0.210615
0.0192237
0.0192237
0.210615
0.210615
0.275815
0.275815
0.123091
0.123091
0.123091
0.123091
0.275815
0.275815
0.275815
0.210615
0.123091
0.123091
0.0870388
0.123091
0.189418
0.189418
0.189418
0.189418
0.189418
0.189418
0.189418
0.189418
0
0
0
0
0
0
0
0
0
0
0
0
0
0
0
0
0
0
0
0
0
0
0
0
0
0
0
0
0
0
0
0
0
0
0
0
0
0
0
0
0
0
0
0
0
0
0
0
0
0
0
0
0
0
0
0
0
0
0
0
0
0
0
0
0
0
0
0
0
0
0
0
0
0
0
0
0
0
0
0
0
0
0
0
0
0
0
0
0
0
0
0
0
0
0
0
0
0
0
0
0
0
0
0
0
0
0
0
0
0
0
0
0
0
0
0
0
0
0
0
0
0
0
0
0
0
0
0
0
0
0
0
0
0
0
0
0
0
0
0
0
0
0
0
0
0
0
0
0
0
0
0
0
0
0
0
0
0
0
0
0
0
0
0
0
0
0
0
0
0
0
0
0
0
0
0
0
0
0
0
0
0
0
0
0
0
0
0
0
0
0
0
0
0
0
0
0
0
0
0
0
0
0
0
0
0
0
0
0
0
0
0
0
0
0
0
0
0
0
0
0
0
0
0
0
0
0
0
0
0
0
0
0
0
0
0
0
0
0
0
0
0
0
0
0
0
0
0
0
0
0
0
0
0
0
0
0
0
0
0
0
0
0
0
0
0
0
0
0
0
0
0
0
0
0
0
0
0
0
0
0
0
0
0
0
0
0
0
0
0
0
0
0
0
0
0
0
0
0
0
0
0
0
0
0
0
0
0
0
0
0
0
0
0
0
0
0
0
0
0
0
0
0
0
0
0
0
0
0
0
0
0
0
0
0
0
0
0
0
0
0
0
0
0
0
0
0
0
0
0
0
0
0
0
0
0
0
0
0
0
0
0
0
0
0
0
0
0
0
0
0
0
0
0
0
0
0
0
0
0
0
0
0
0
0
0
0
0
0
0
0
0
0
0
0
0
0
0
0
0
0
0
0
0
0
0
0
0
0
0
0
0
0
0
0
0
0
0
0
0
0
0
0
0
0
0
0
0
0
0
0
0
0
0
0
0
0
0
0
0
0
0
0
0
0
0
0
0
0
0
0
0
0
0
0
0
0
0
0
0
0
0
0
0
0
0
0
0
0
0
0
0
0
0
0
0
0
0
0
0
0
0
0
0
0
0
0
0
0
0
0
0
0
0
0
0
0
0
0
0
0
0
0
0
0
0
0
0
0
0
0
0
0
0
0
0
0
0
0
0
0
0
0
0
0
0
0
0
0
0
0
0
0
0
0
0
0
0
0
0
0
0
0
0
0
0
0
0
0
0
0
0
0
0
0
0
0
0
0
0
0
0
0
0
0
0
0
0
0
0
0
0
0
0
0
0
0
0
0
0
0
0
0
0
0
0
0
0
0
0
0
0
0
0
0
0
0
0
0
0
0
0
0
0
0
0
0
0
0
0
0
0
0
0
0
0
0
0
0
0
0
0
0
0
0
0
0
0
0
0
0
0
0
0
0
0
0
0
0
0
0
0
0
0
0
0
0
0
0
0
0
0
0
0
0
0
0
0
0.189547
0.189547
0.189547
0
0.311436
0.311436
0.311436
0.311436
0
0.311436
0.311436
0.309471
0.309471
0.309471
0.309471
0.176111
0.176111
0.309471
0
0
0
0
0
0
0
0
0
0
0
0
0.309471
0.309471
0.311436
0
0
0
0
0
0
0
0
0
0
0
0
0
0
0
0
0.311436
0
0
0.176111
0.176111
0
0.303922
0.303922
0.303922
0.303922
0.303922
0.303922
0.346392
0.419551
0
0
0
0
0
0
0
0
0
0
0
0
0.189599
0.189599
0.189599
0.189599
0.189599
0.189599
0
0
0
0
0
0
0
0
0.411657
0.411657
0.411657
0.411657
0.411657
0.58713
0.388747
0.388747
0.388747
0.388747
0.497611
0.497611
0.497611
0.497611
0.497611
0.497611
0.497611
0.388192
0.388192
0.388192
0.617286
0.617286
0.617286
0.617286
0.617286
0.617286
0.617286
0.617286
0.617286
0.617286
0.617286
0.617286
0.617286
0.617286
0.617286
0.617286
0.617286
0.617286
0.123091
0.617286
0.617286
0.617286
0.617286
0.617286
0.417957
0.213201
0.213201
0.213201
0.213201
0.213201
0.213201
0.213201
0.417957
0.617286
0.622799
0.622799
0.617286
0.123091
0
0.123091
0.174078
0.174078
0.174078
0.174078
0.174078
0.123091
0.123091
0.123091
0.617286
0.617286
0.617286
0.617286
0.617286
0.617286
0
0.617286
0.338601
0.338601
0.338601
0.71819
0.71819
0.71819
0.71819
0.71819
0.71819
0
0
0
0
0
0
0
0
0
0.74227
0.74227
0.74227
0.74227
0.71819
0.71819
0.71819
0.71819
0.71819
0.71819
0.71819
0.617286
0.617286
0.617286
0.617286
0.617286
0.617286
0.527645
0.527645
0.506043
0.506043
0.527645
0.15891
0.15891
0.15891
0.15891
0.15891
0.15891
0.15891
0.15891
0.617286
0.0965609
0.617286
0.0965609
0.0965609
0.0965609
0.0965609
0.0965609
0.0965609
0.0965609
0.506043
0.506043
0.506043
0.506043
0
0.512408
0.512408
0.506043
0.279533
0.279533
0.279533
0.527645
0.527645
0.527645
0.551107
0.527645
0.45334
0.471851
0.309773
0
0
0.309773
0.527645
0.527645
0.15891
0
0.15891
0.15891
0.15891
0.15891
0.15891
0.15891
0.15891
0.15891
0.164488
0.164488
0.15891
0.15891
0.15891
0.15891
0.15891
0
0
0
0
0
0
0
0
0
0
0
0
0
0
0
0
0
0
0
0
0
0
0
0
0
0
0
0
0
0
0
0
0
0
0
0
0
0
0
0
0
0
0
0
0
0
0
0
0
0
0
0
0
0
0
0
0
0
0
0
0
0
0
0
0
0
0
0
0
0
0
0
0
0
0
0
0
0
0
0
0
0
0
0
0
0
0
0
0
0
0
0
0
0
0
0
0
0
0
0
0
0
0
0
0
0
0
0
0
0
0
0
0
0
0
0
0
0
0
0
0
0
0
0
0
0
0
0
0
0
0.189547
0
0
0
0
0
0
0
0
0
0
0
0
0
0
0
0
0
0
0
0
0
0
0
0
0
0
0
0
0
0
0
0
0
0
0
0
0
0
0
0
0
0
0
0
0.336662
0.336662
0.336662
0.336662
0.336662
0.336662
0.336662
0.336662
0.336662
0.336662
0.336662
0.336662
0.380593
0.380593
0.380593
0.380593
0.380593
0
0
0.336662
0.336662
0.336662
0.278981
0.380593
0.380593
0.380593
0.236404
0.390438
0.390438
0.390438
0.390438
0.035169
0.41367
0.41367
0.41367
0.41367
0.41367
0.380593
0.380593
0.380593
0
0.380593
0.380593
0.380593
0.255418
0.380593
0.120304
0.380593
0.387905
0.387905
0.387905
0.387905
0.522233
0.522233
0.387905
0.387905
0.0710669
0.387905
0.376889
0.376889
0.427669
0.380593
0.514066
0
0.380593
0.341162
0.341162
0
0.380593
0.380593
0.119488
0.382984
0
0.383791
0
0.384604
0.384604
0.380593
0.380593
0.380593
0.380593
0.386244
0.37602
0.428023
0.0710669
0.0710669
0.0710669
0.434272
0.380593
0.380593
0.380593
0.25986
0.380593
0.380593
0.390438
0.390438
0.390438
0.411657
0.411657
0.0389249
0.411657
0.0185567
0.390438
0.390438
0.411657
0.254152
0.284268
0.284268
0.284268
0.284268
0.0465242
0.418835
0.411657
0.41367
0.41367
0.41367
0.41367
0.41367
0.1557
0.418835
0.418835
0.418835
0.378309
0.378309
0.378309
0.361873
0.361873
0.328244
0.378309
0.378309
0.418835
0.418835
0.418835
0.418835
0.418835
0.418835
0.482418
0.378309
0.418835
0.439167
0.418835
0.41367
0.41367
0.41367
0.41367
0.418835
0.139573
0.418835
0.41367
0.41367
0.41367
0.41367
0.424198
0.424198
0.424198
0.424198
0.424198
0
0.424198
0.424198
0.41367
0.41367
0.424198
0.429772
0
0.429772
0.424198
0.336662
0.189599
0
0
0.189599
0.189599
0.189599
0.189599
0.189599
0.189599
0.189599
0.189599
0.189599
0.189599
0
0
0
0
0
0
0
0
0
0
0
0
0
0
0
0
0
0
0
0
0
0
0
0
0
0
0
0
0
0
0
0
0
0
0
0
0
0
0
0
0
0
0
0
0
0
0
0
0
0
0
0
0
0
0
0
0
0
0
0
0
0
0
0
0
0
0
0
0
0
0
0
0
0
0
0
0
0
0
0
0
0
0
0
0
0
0
0
0
0
0
0
0
0
0
0
0
0
0
0
0
0
0
0
0
0
0
0
0
0
0
0
0
0
0
0
0
0
0
0
0
0
0
0
0
0
0
0
0
0
0
0
0.262911
0.15876
0
0
0.0537215
0.0537215
0.279054
0
0
0
0
0
0
0
0
0
0
0
0
0
0
0
0
0
0
0
0
0
0
0
0
0
0
0
0
0
0
0
0
0
0
0
0
0
0
0
0
0
0
0
0
0.361078
0.502024
0.0355335
0.36648
0.36648
0.54314
0.539424
0.359616
0.328837
0.325824
0.404625
0
0.0228575
0.0710669
0
0
0
0
0.0317821
0.0550482
0.090875
0
0.0280552
0.0870388
0.123091
0
0
0
0.113139
0
0.113139
0.432011
0.512208
0.0499202
0
0
0
0
0
0
0
0
0
0
0
0
0
0.0507621
0.374679
0.463482
0.012498
0.383176
0
0
0
0
0
0
0
0
0
0.171942
0.183377
0
0.183377
0
0.184878
0.184878
0.195031
0.195031
0
0.195031
0.0130477
0
0.0130477
0
0.0130477
0.014927
0
0.0130477
0
0
0
0
0
0
0.184878
0
0
0
0
0
0
0
0
0
0
0
0
0
0.567172
0.567172
0.525288
0.0550482
0.171959
0.0275241
0.0502519
0.0502519
0.552118
0.622873
0
0.552118
0.205228
0
0.156844
0.0468979
0
0.00886032
0
0
0
0.0208063
0.0538642
0
0.20372
0.130558
0.152535
0.206218
0
0
0
0
0
0
0
0
0
0
0
0
0
0
0
0
0
0
0
0
0
0
0
0
0
0
0
0
0
0
0
0
0
0
0
0
0
0
0.217747
0.145619
0.219249
0
0
0
0
0
0
0
0
0
0
0
0
0
0.231517
0.371577
0.384906
0.384906
0.21077
0.302624
0.264836
0.326094
0.0488113
0.207559
0
0
0
0
0
0
0
0
0.14851
0.285203
0.315756
0.0120701
0.59307
0.150756
0.59307
0
0
0
0
0.561981
0.561981
0.110096
0.561981
0.348155
0.561981
0.559194
0.2
0.0806399
0.2
0
0
0
0
0
0
0
0
0
0
0
0
0
0
0
0
0
0
0
0.195547
0.211317
0.211246
0.211246
0.227608
0.210912
0
0.0123091
0
0.302025
0.306235
0.306235
0.306235
0
0
0
0.306235
0
0
0
0
0
0
0
0
0
0.306235
0.306235
0
0
0
0
0
0
0
0
0
0
0
0.306235
0
0
0
0
0
0
0
0
0
0
0
0
0
0
0
0
0.30027
0
0.252633
0.406711
0.406711
0
0
0
0.202532
0.184813
0.212835
0
0
0
0.439109
0.439772
0.439772
0.0696311
0.0696311
0.0696311
0.0696311
0.454828
0.448882
0.500059
0
0
0
0
0
0.0340349
0
0
0
0
0.202637
0.0269263
0
0.202637
0
0
0
0
0
0
0
0
0
0
0
0
0
0
0
0
0
0
0
0
0.199577
0
0
0
0.0157603
0
0.0262432
0
0.0208063
0
0
0
0
0
0.06333
0
0
0
0
0.130558
0
0
0
0.195236
0.0502519
0
0
0.148877
0
0
0
0
0
0
0.0597081
0
0.0710669
0
0
0.134304
0
0
0.199577
0.132137
0.132137
0
0.132137
0.320643
0.371577
0
0
0
0
0
0
0
0
0
0
0
0
0
0
0
0
0
0
0
0
0
0
0
0
0
0
0
0
0
0
0
0
0
0
0
0
0
0
0
0
0
0
0
0
0
0
0
0
0
0
0
0
0
0
0
0
0
0
0
0
0
0
0
0
0
0
0
0
0
0
0
0
0
0.20582
0.20582
0.20582
0.205886
0.205886
0
0.20582
0
0
0
0
0
0
0
0
0
0
0
0
0
0
0
0
0
0
0
0
0
0
0
0
0
0
0
0
0
0
0.498117
0.498117
0.501039
0.498117
0.439298
0.439298
0.497468
0.497468
0.497468
0.439298
0.439298
0.581983
0.343418
0
0.585087
0.301295
0.360071
0.301295
0.459548
0.301295
0.339967
0.369548
0.301815
0.557452
0.557452
0.523852
0.557452
0.557452
0.562945
0.557452
0
0
0
0
0
0.617286
0.617286
0.622799
0.617286
0.617286
0
0
0
0
0
0
0.404109
0.404109
0.167693
0.187203
0.187203
0.0243228
0.187203
0
0.187203
0.204318
0.204318
0.204318
0.204318
0.204318
0.204318
0.204642
0.204318
0.212835
0.212835
0.212835
0.105
0.105
0.0317821
0.126484
0.0852803
0.212835
0
0
0
0
0
0
0
0
0
0
0.18965
0.196805
0.18965
0
0
0
0
0
0
0
0
0
0
0
0
0
0
0
0
0
0
0
0
0
0
0
0
0
0
0
0
0
0
0
0
0
0
0
0
0
0
0
0
0
0
0
0
0
0
0
0
0
0
0
0
0
0
0
0
0
0
0
0
0
0
0
0
0
0
0
0
0
0
0
0
0
0
0
0
0
0
0
0
0
0
0
0.518624
0.518624
0.518624
0.189599
0.305531
0.505995
0.505995
0.347539
0.347539
0.347539
0.347539
0.347539
0.424646
0.424646
0.424646
0.424646
0.424646
0.189599
0
0.189599
0
0.333953
0.333953
0.333953
0.333953
0.333953
0.333953
0.333953
0.333953
0.333953
0.333953
0.333953
0.395188
0.395188
0.12563
0.385992
0.386538
0
0.333953
0.333953
0.333953
0
0
0.189547
0.189547
0.189547
0
0.189599
0
0.189599
0.189599
0.189599
0.189599
0
0
0
0
0.189547
0
0
0
0
0
0
0
0
0
0
0
0
0
0
0
0
0
0
0
0
0
0
0
0
0
0
0
0
0
0
0
0
0
0
0
0
0
0
0
0
0
0.17923
0
0
0
0
0.17923
0.17923
0.17923
0.17923
0.17923
0.17923
0
0
0
0
0
0
0
0.17923
0.17923
0.17923
0
0
0
0
0
0
0
0
0
0
0.17923
0.17923
0.17923
0.17923
0.17923
0
0
0
0
0
0
0
0
0
0
0
0
0
0
0
0
0
0
0
0
0
0
0
0
0
0
0
0
0
0
0
0
0
0
0.17923
0.17923
0.17923
0.17923
0
0
0
0
0
0
0
0
0
0.17923
0
0
0
0
0
0
0
0
0
0
0
0
0
0
0
0
0
0
0
0
0
0
0
0
0
0
0
0
0
0
0
0
0
0
0
0
0
0
0
0
0
0
0
0.17923
0.17923
0.17923
0.17923
0.17923
0.17923
0
0
0
0
0
0
0
0
0
0
0
0
0
0
0
0.17923
0.17923
0.17923
0.17923
0.17923
0.17923
0.17923
0.17923
0
0
0.17923
0
0
0
0
0
0
0
0
0
0
0
0
0
0
0
0
0
0
0
0
0
0
0
0
0
0
0
0
0
0
0
0
0
0
0
0
0
0
0
0
0
0
0
0
0
0
0
0
0
0
0
0
0
0
0
0
0
0
0
0
0
0
0
0
0
0
0
0
0
0
0
0
0
0
0
0
0
0
0
0
0
0
0
0
0
0
0
0
0
0
0
0
0
0
0
0
0
0
0
0
0
0
0
0
0
0
0
0
0
0
0
0
0
0
0
0
0
0
0
0
0
0
0
0
0
0
0
0
0
0.189547
0.189547
0.189547
0.189547
0
0.189547
0.189547
0.189547
0
0
0.189496
0.189496
0.189496
0.189496
0
0
0.189547
0.189547
0.189547
0.189547
0.17923
0.189496
0.189496
0.189496
0.189496
0.189496
0
0
0
0
0
0
0
0
0
0
0.189547
0.189547
0.216969
0.216969
0.17923
0.150646
0.150646
0
0
0
0
0.411657
0.411657
0.411657
0.411657
0.411657
0.189547
0.189547
0.189547
0.189547
0.189547
0.189547
0
0
0
0
0
0
0
0
0
0
0
0
0
0
0
0
0
0
0
0
0
0
0
0
0
0
0
0
0
0
0
0
0
0
0
0
0
0
0
0
0
0
0
0
0
0
0
0
0
0
0
0
0
0
0
0
0
0
0
0
0
0
0
0
0
0
0
0
0
0
0
0
0
0
0
0
0
0
0
0
0
0
0
0
0
0
0
0
0
0
0
0.131298
0.131298
0
0
0
0
0
0
0
0
0
0
0
0
0
0
0
0
0
0
0
0
0
0
0
0
0
0
0
0
0.189547
0.189547
0.189547
0
0
0
0
0
0.190792
0.202299
0
0
0
0
0
0
0
0
0
0
0
0
0
0
0
0
0
0
0
0
0
0
0
0
0
0
0
0.189599
0.189599
0.189599
0.189599
0.189599
0.189599
0
0
0
0
0
0
0
0
0
0
0
0
0
0
0
0
0
0
0
0
0
0
0
0
0.189599
0.189547
0.189547
0.189547
0.116795
0.116795
0
0
0
0
0
0
0
0
0
0
0
0
0.17923
0.17923
0
0
0
0
0
0
0
0
0
0
0
0
0
0
0
0.199577
0.199577
0.199577
0.199577
0.25376
0.25376
0.199637
0.206351
0.206351
0.176651
0.176651
0.176651
0.176651
0
0.0435194
0.0435194
0.128446
0.220375
0
0.176651
0
0
0.176651
0.176651
0.176651
0.176651
0
0
0.176651
0.176651
0
0.176651
0.176651
0.0439022
0.0439022
0.0439022
0.206284
0.206284
0.204382
0
0
0
0.206284
0.206284
0.204382
0.203803
0.234248
0.234248
0.234248
0.234248
0.203803
0.203803
0
0
0.169453
0.169453
0.118065
0.169453
0
0
0
0.203803
0.203803
0.10235
0.203803
0.203803
0.200006
0.203803
0.203803
0.218829
0.218829
0.218829
0.218829
0.218829
0.218829
0
0.218829
0
0.218914
0
0.218829
0.218829
0.221058
0.218829
0.173716
0.173716
0
0.173716
0.173819
0.173819
0.173819
0.173819
0
0
0
0.173819
0
0.173819
0.173819
0
0.173716
0.173819
0.203803
0.0325365
0.177123
0.199637
0
0
0
0
0
0
0
0.189547
0.189547
0.189547
0.189547
0.189547
0.189547
0.189547
0.189547
0.189547
0.189547
0.189547
0.189547
0.189547
0
0
0
0
0
0
0
0
0
0
0
0
0
0
0
0
0
0
0
0
0
0
0
0
0
0
0
0
0
0
0
0
0
0
0
0
0
0
0
0
0
0
0
0
0
0
0
0
0
0
0
0
0
0
0
0
0
0
0
0
0
0
0
0
0
0.189547
0
0
0
0
0
0
0
0
0
0
0
0
0
0
0
0
0
0.162746
0.162746
0.162746
0.162746
0.162746
0.162746
0.162746
0.162746
0.162746
0.162808
0.162746
0.164312
0.164312
0.107601
0.164312
0.164312
0.164312
0.164312
0.164312
0.0239114
0.166121
0.166121
0.166121
0.166121
0.169157
0.166121
0
0.166121
0.164312
0.0239114
0.166121
0.164312
0.164312
0.164312
0.170052
0.162746
0
0
0
0
0
0
0
0
0
0
0
0
0
0
0
0
0
0
0
0
0
0
0
0
0
0
0
0
0
0
0
0
0
0
0
0
0
0
0
0
0
0
0
0
0
0
0
0
0
0
0
0
0
0
0
0
0
0
0
0
0
0
0
0
0
0
0
0
0
0
0
0
0
0
0
0
0
0
0
0
0
0
0
0
0
0
0
0
0
0
0
0
0
0
0
0
0
0
0
0
0
0
0.189547
0.189547
0.189547
0.189547
0.189547
0.189547
0.189547
0.189547
0
0
0
0
0
0
0
0
0
0
0
0
0
0
0
0
0
0
0
0
0
0
0
0
0
0
0
0
0
0
0
0
0
0
0
0
0
0
0
0
0
0
0
0
0
0
0
0
0
0
0
0
0
0
0
0
0
0
0
0
0
0
0
0
0
0
0
0
0
0
0
0
0
0
0
0
0
0
0
0
0
0
0
0
0
0
0
0
0
0
0
0
0
0
0
0
0
0
0
0
0
0
0
0
0
0
0
0
0
0
0
0
0
0
0
0
0
0
0
0
0
0
0
0
0
0
0
0
0
0
0
0
0
0
0
0
0
0
0
0
0
0
0
0
0
0
0
0
0
0
0
0
0
0
0
0
0
0
0
0
0
0
0
0
0
0
0
0
0
0
0
0
0
0
0
0
0
0
0
0
0
0
0
0
0
0
0
0.342734
0
0.25376
0.25376
0.25376
0.189547
0.189547
0.189547
0.189547
0.189547
0.189547
0.189547
0.189547
0.189547
0.189547
0.189547
0
0
0.189496
0
0
0
0
0
0
0
0
0
0
0
0
0
0
0
0
0
0
0
0
0
0
0
0
0
0
0
0
0
0
0
0
0
0
0
0
0
0
0
0
0
0
0
0
0
0
0
0
0
0
0
0
0
0
0
0
0
0
0
0
0
0
0
0
0
0
0
0
0
0
0
0
0
0
0
0
0
0
0
0
0
0
0
0
0
0
0
0
0
0
0
0
0
0
0
0
0
0
0
0
0
0
0
0
0
0
0
0
0
0
0
0
0
0
0
0
0
0
0
0
0
0
0
0
0
0
0
0
0
0
0
0
0
0
0
0
0
0
0
0
0
0
0
0
0
0
0
0
0
0
0
0
0
0
0
0
0
0
0
0
0
0
0
0
0
0
0
0
0
0
0
0
0
0
0
0
0
0
0
0
0
0
0
0
0
0
0
0
0
0
0
0
0
0
0
0
0
0
0
0
0
0
0
0
0
0
0
0
0
0
0
0
0
0
0
0
0
0
0
0
0
0
0
0
0
0
0
0
0
0
0
0
0
0
0
0
0
0
0
0
0
0
0
0
0
0
0
0
0
0
0
0
0
0
0
0
0
0
0
0
0
0
0
0
0
0
0
0
0
0
0
0
0
0
0
0
0
0
0
0
0
0
0
0
0
0
0
0
0
0
0
0
0
0
0
0
0
0
0
0
0
0
0
0
0
0
0
0
0
0
0
0
0
0
0
0
0
0
0
0
0
0
0
0
0
0
0
0
0
0
0
0
0
0
0
0
0
0
0
0
0
0
0
0
0
0
0
0
0
0
0
0
0
0
0
0
0
0
0
0
0
0
0
0
0
0
0
0
0
0
0
0
0
0
0
0
0
0
0
0
0
0
0
0
0
0
0
0
0
0
0
0
0
0
0
0
0
0
0
0
0
0
0
0
0
0
0
0
0
0
0
0
0
0
0
0
0
0
0
0
0
0
0
0
0
0
0
0
0
0
0
0
0
0
0
0
0
0
0
0
0
0
0
0
0
0
0
0
0
0
0
0
0
0
0
0
0
0
0
0
0.199577
0.199577
0.199577
0.199577
0.199577
0
0.199577
0.25376
0.25376
0.199517
0
0
0.205425
0.205425
0.205953
0.205953
0.199577
0.199577
0.199577
0.284268
0.199577
0.199577
0.199577
0.199577
0.199577
0.199577
0.197392
0.197392
0.197392
0.197392
0.197392
0.197392
0
0.197392
0
0.197392
0.197392
0.199577
0.199577
0
0
0
0
0
0
0
0
0
0
0
0
0
0
0
0
0
0
0
0
0
0.19299
0.19299
0.194051
0.0224733
0.19299
0.19299
0.244949
0.244949
0.244949
0.101181
0.101181
0.101181
0.206952
0.20679
0.242465
0.242465
0.242465
0.242465
0
0.242591
0.242591
0.0476731
0.0476731
0.0476731
0.0476731
0.168038
0.168038
0.168038
0.168038
0
0
0
0.174129
0.174129
0.174129
0.132771
0.132771
0.132771
0.132771
0
0
0
0
0
0
0.0468979
0.0468979
0.0468979
0.0468979
0.0468979
0.0468979
0.0468979
0.0468979
0
0
0
0
0
0
0
0
0
0
0
0
0
0
0
0.169453
0
0.169453
0.169453
0.169453
0.0641659
0.169453
0.169453
0.169453
0.169453
0.169453
0.169453
0.0641659
0
0
0
0
0
0
0
0
0
0
0
0
0
0
0
0
0
0
0
0
0
0
0.199577
0
0.199577
0.199577
0.177123
0.199577
0.199577
0.199698
0.199698
0.242676
0.199698
0.118065
0.199698
0.203995
0.199577
0.177123
0.0373024
0.030076
0.030076
0
0.0305352
0.030076
0.030076
0.030076
0.030076
0.030076
0.030076
0.0205152
0.0205152
0.0205152
0.0205152
0.0205152
0.0205152
0.0205152
0.0205152
0
0
0
0
0
0
0
0
0
0
0
0
0
0
0.108016
0.108016
0.0259384
0.0259384
0.0259384
0.0259384
0
0.0259384
0.0259384
0
0.0259384
0.0259384
0.0259384
0.0307729
0.0307729
0.0307729
0.0307729
0.0307729
0.0307729
0
0
0
0
0
0
0.160691
0.160691
0.160691
0.160691
0.136364
0.136364
0.110096
0.110096
0.110096
0.101955
0
0
0
0.102011
0.101955
0.101955
0.101955
0.101955
0.0660848
0.0660848
0.0660848
0
0.0660848
0.0660848
0.0660848
0.0660848
0.108893
0.108893
0.108893
0.0104031
0.0104031
0.0660848
0
0.0583305
0.0583305
0.0583305
0
0
0
0
0
0
0
0
0
0
0
0
0
0.128332
0.128332
0.128332
0.153864
0
0.153864
0.153864
0.128332
0.128332
0
0.216414
0.216414
0.216414
0.216414
0.0402015
0.0402015
0.0402015
0
0.0402015
0.0402015
0.0402015
0.0181489
0.0181489
0.0181489
0.024192
0
0.024192
0.024192
0
0
0
0
0.0128858
0.0128858
0
0.0128858
0.0128858
0
0
0
0
0
0
0
0
0
0
0
0
0
0
0.0128858
0.0128858
0
0
0
0
0
0
0
0
0
0
0
0
0
0
0
0
0
0.101181
0.101181
0
0.101181
0.101181
0.101181
0.101181
0
0
0.199577
0.199577
0
0
0
0
0
0
0
0
0
0
0
0
0
0.101955
0.0767824
0.0767824
0
0.0767824
0.0767824
0.0767824
0
0
0
0
0
0.0893
0.0389249
0.0389249
0.0389249
0
0
0
0
0
0.0389249
0.0893
0.123091
0.0893
0
0.0893
0.0893
0.0246183
0.0893
0.0389249
0
0
0
0
0
0
0.0389249
0.20824
0.20824
0.11303
0.11303
0.206218
0
0
0
0.206218
0.206218
0.157874
0.157874
0
0
0.209622
0.224287
0.224287
0.224287
0.0494569
0.0494569
0.209622
0.0476731
0.0476731
0.0366988
0.0341394
0.0366988
0.0366988
0.0476731
0
0.0476731
0
0
0
0
0
0
0
0.024192
0.024192
0.024192
0.024192
0.024192
0.024192
0.024192
0.024192
0.0247284
0
0
0.024192
0
0
0
0.0242441
0.0242441
0.0242441
0.024192
0
0
0
0.0240377
0.0240377
0.0240377
0.0245638
0.0245638
0
0
0
0
0
0
0
0
0
0
0
0
0
0
0
0
0
0
0
0.0245638
0
0
0
0.0245638
0.0245638
0
0.0240377
0.0240377
0.205953
0.205953
0
0
0
0
0
0
0
0.0767824
0.0767824
0.0767824
0.0893
0.0410305
0.0893
0.0893
0.0767824
0.0389249
0.0389249
0
0
0
0
0.0389249
0
0.0862439
0.224459
0
0
0
0
0
0
0
0
0
0
0
0
0
0.199577
0.199577
0.199577
0.199577
0.199577
0.199577
0.199577
0.333953
0.333953
0.333953
0.333953
0
0.333953
0.0414158
0
0.333953
0.375503
0.375503
0.375503
0.375503
0.375503
0.102418
0.102418
0
0.102418
0.102418
0.0292165
0
0.0292165
0.375503
0
0.333953
0
0
0
0
0
0
0
0
0
0
0
0
0
0
0
0
0
0
0
0.189997
0.189997
0.189997
0.189997
0.189997
0.213112
0.213112
0.213112
0.213112
0.213112
0.191782
0.191782
0.192302
0.258861
0.258861
0.258861
0.258861
0.10489
0.258861
0.191782
0.19006
0.10489
0.192302
0.192302
0.258861
0.10489
0.19006
0.19006
0.207763
0.207763
0.207763
0.207763
0.0141196
0.207763
0.207763
0.207763
0.207763
0.207763
0.23355
0.207763
0.23355
0.262926
0.262926
0.23355
0.23355
0.23355
0.189809
0.189809
0.207763
0.207763
0.207763
0.23355
0.207763
0.207763
0.23355
0.23355
0.23355
0.0197104
0.23355
0.23355
0
0
0
0
0.207763
0.207763
0.207831
0.207831
0.361158
0.361158
0.123091
0.361158
0.361158
0.361158
0.23355
0.23355
0
0.207763
0.207831
0.207831
0.207831
0.361158
0.207899
0.207899
0.207763
0.207763
0.191597
0.207763
0.209327
0.209327
0.207763
0.207899
0.207763
0.189547
0.189547
0.189547
0.189547
0
0.105961
0.189599
0.152708
0.152708
0.152904
0.152708
0.105961
0
0
0
0
0
0
0
0
0
0
0
0.193925
0.193925
0.193925
0.193925
0
0
0
0
0
0
0
0
0
0
0
0
0
0
0
0
0
0
0
0
0.347271
0.347271
0
0
0.435456
0.435456
0.435456
0.435456
0
0
0
0.314239
0.314239
0.314239
0.314239
0.314239
0.314239
0
0
0
0
0
0
0
0
0.189547
0.189547
0.189547
0.189547
0.189547
0.189547
0.189547
0.189547
0.189547
0
0
0
0
0
0
0
0
0
0
0
0
0
0
0
0
0
0
0
0
0
0
0
0
0
0
0
0
0
0
0
0
0
0
0
0
0
0
0
0
0
0
0
0
0
0
0
0
0
0
0
0
0
0
0
0
0
0
0
0
0
0
0.189547
0.189547
0.189547
0.189547
0.189547
0.189547
0.189547
0
0
0
0
0
0
0
0
0
0
0
0
0
0
0
0
0
0
0
0
0
0
0
0
0
0
0
0
0
0
0
0
0
0
0
0
0
0
0
0
0
0
0
0
0
0
0
0
0
0
0
0
0
0
0
0
0
0
0
0
0
0
0
0
0
0
0
0
0
0
0
0
0
0
0
0
0
0
0
0
0
0
0
0
0
0
0
0
0
0
0
0
0
0
0.199637
0.199637
0.199637
0.199637
0.199637
0
0.199637
0.199637
0.199637
0.199637
0.199637
0
0.199637
0.199637
0.199637
0.199637
0
0.199637
0
0
0
0
0
0
0
0
0
0
0
0
0
0
0
0
0
0
0
0
0
0
0
0
0
0
0
0
0
0
0
0
0
0
0
0
0
0
0
0
0
0
0
0
0
0
0
0
0
0
0
0
0
0
0
0
0
0
0
0
0
0
0
0
0
0
0
0
0
0
0
0
0
0
0
0
0
0
0
0
0
0
0
0
0
0
0
0
0
0
0
0
0.189547
0.189547
0
0
0
0
0
0
0
0
0
0
0
0
0
0
0
0
0
0
0
0.189496
0
0.189496
0.189496
0.189496
0.189496
0
0
0
0
0
0
0
0
0
0
0
0
0
0
0
0
0
0
0
0
0
0
0
0
0
0
0
0.311436
0.311436
0.311436
0.311436
0.314239
0.314239
0.314239
0.314239
0.314239
0
0
0
0
0.20226
0.20226
0.20226
0.20226
0.20226
0.175882
0.175882
0
0
0
0
0
0
0
0
0
0
0
0
0
0.577419
0.577419
0.577419
0.577419
0.577419
0.577419
0.577419
0.69377
0.69377
0.69377
0.69377
0.69377
0
0.69377
0.402015
0.69377
0.577419
0.578928
0.69377
0
0
0
0
0
0
0
0
0
0
0
0
0
0
0
0
0
0
0
0
0
0
0
0
0
0
0
0
0
0
0
0
0
0
0
0
0
0
0
0
0
0
0
0
0
0
0
0
0
0
0
0
0
0
0.189547
0
0
0
0
0
0
0
0
0
0
0
0
0
0.384604
0.385421
0.445362
0.385421
0
0
0
0
0
0
0
0
0
0
0
0
0
0
0
0
0
0
0
0
0
0
0
0
0
0
0
0
0
0
0
0
0
0
0
0
0
0
0
0
0
0
0
0
0.186156
0.186156
0.186156
0.186156
0.186156
0.194653
0.203468
0.199328
0.199328
0.259678
0.259678
0
0.199328
0.19588
0.199087
0.0403178
0
0.23354
0.23354
0.197939
0
0
0
0
0
0
0
0
0
0
0
0
0
0
0
0
0
0
0
0
0
0
0.189547
0.189547
0.189547
0.189547
0.189547
0.189547
0.189547
0.189547
0.189547
0.189547
0.189547
0
0
0
0
0
0
0
0
0
0
0
0
0
0
0
0
0
0
0
0
0
0
0
0
0
0
0
0
0
0
0
0
0
0
0
0
0
0
0
0
0
0
0
0
0
0
0
0
0
0
0
0
0
0
0
0
0
0
0
0
0
0
0
0
0
0
0
0
0
0
0
0
0
0
0
0
0
0
0
0
0
0
0
0
0
0
0
0
0
0
0
0
0
0
0
0
0
0
0
0
0
0
0
0
0
0
0
0
0
0
0
0
0
0
0
0
0
0
0
0
0
0
0
0
0
0
0
0
0
0
0
0
0
0
0
0
0
0
0
0
0
0
0
0
0
0
0
0
0
0
0
0
0
0
0
0
0
0
0
0
0
0
0
0
0
0
0
0
0
0
0
0
0
0
0
0
0
0
0
0
0
0
0
0
0
0
0
0
0
0
0
0
0
0
0
0
0
0
0
0
0
0
0
0
0
0
0
0
0
0
0
0
0
0
0
0
0
0
0
0
0
0
0
0
0
0
0
0
0
0
0
0
0
0
0
0
0
0
0
0
0
0.150505
0.150505
0.150505
0
0
0
0
0
0.154047
0.154047
0.154047
0.154047
0.154047
0.154047
0.150505
0.150505
0.150505
0.150505
0.150505
0.150505
0.150505
0.150505
0.150505
0.150505
0.150552
0.150505
0.150552
0.0844401
0.0844401
0.49935
0.49935
0.159326
0.159326
0
0
0.012498
0.012498
0
0
0
0
0
0
0.0666757
0.0666757
0.161198
0.161198
0.15961
0.15961
0.247717
0.247717
0
0
0
0
0.112956
0.112956
0
0
0
0
0
0
0
0
0.150787
0.0509499
0.0509499
0.146795
0.146795
0.148746
0.148746
0.129581
0.129581
0.0432203
0.0432203
0.0244023
0.0244023
0.143607
0.143607
0.154148
0.154148
0.0296608
0.0296608
0.0239365
0.0239365
0.0465242
0.0465242
0.0104031
0.0104031
0
0
0.18656
0.18656
0.0291937
0.0291937
0.0948261
0.0948261
0
0
0.165386
0.165386
0.212056
0.165386
0
0
0
0
0
0.150505
0
0.150505
0.150505
0.150505
0
0.150505
0.150505
0.150505
0
0.150505
0.0844401
0.0844401
0.0844401
0.0844401
0.0844401
0.0844401
0.0844401
0.0844401
0.0844401
0.150787
0.150787
0
0.150787
0.150693
0
0.150693
0.151738
0.151738
0.151738
0.151738
0.0938564
0.0938564
0.0938564
0.0938564
0.159326
0.159326
0.159326
0.159326
0.159326
0.159326
0.0938564
0.0938564
0.0938564
0.0938564
0.0938564
0.0938564
0.170392
0.170392
0.180289
0.170392
0.18656
0.18656
0.18656
0.18656
0.18656
0.0291937
0.0291937
0.0291937
0.0291937
0.0291937
0.161141
0.161141
0.161141
0.161141
0.161141
0.161141
0.161141
0.167077
0.161141
0.012498
0.012498
0.012498
0.012498
0
0
0
0.015038
0.015038
0.015038
0.015038
0.012498
0.012498
0.015038
0.0290129
0.0152676
0.015038
0
0
0
0
0
0
0
0
0
0
0
0
0
0
0
0
0
0
0
0
0.0666757
0.0666757
0.0666757
0.0666757
0.0666757
0.0666757
0.102418
0.0666757
0.15961
0.15961
0.15961
0.15961
0.247717
0.247717
0.247717
0.250873
0.247717
0
0
0
0
0.112956
0.112956
0.112956
0.13159
0.112956
0
0
0
0
0
0
0
0
0
0
0
0
0
0
0
0
0
0
0
0
0
0
0
0
0
0
0
0
0
0
0
0
0
0
0
0
0
0
0
0
0
0
0
0
0
0
0
0
0
0
0
0
0
0
0.02595
0.0151515
0.02595
0.02595
0.0485732
0.0485732
0.129581
0.129581
0.129581
0.129581
0.128748
0.128748
0.128748
0
0
0.0239365
0.0239365
0.0239365
0.0239365
0.0239365
0.0239365
0.0239365
0
0
0
0
0
0
0.0243492
0.0243492
0.0243492
0.0243492
0
0
0.0243492
0.143607
0.143607
0.143607
0.143607
0
0
0.143607
0.0465242
0.0465242
0.0362977
0.0465242
0.0104031
0.0104031
0
0.0104031
0
0
0
0
0
0
0
0
0
0
0
0
0
0
0
0
0
0
0
0
0
0
0
0
0
0
0
0
0
0
0
0
0
0
0
0
0
0
0
0
0
0
0
0.146795
0.146795
0.146795
0.138806
0.138806
0.138806
0.138806
0.0432203
0.0432203
0.0432203
0.0432203
0.0432203
0.0432203
0
0
0.150505
0
0.150505
0.150505
0.150505
0.150646
0.150552
0.156834
0.150552
0.150505
0
0.150505
0.15169
0.15169
0.152172
0.0622799
0.0623461
0.012498
0.15169
0
0.15169
0.155836
0.155836
0.156675
0.0613067
0.155836
0
0.155836
0.211032
0.211032
0.211032
0.211032
0.211032
0.223067
0.223067
0.223067
0.161545
0.161545
0.161545
0.211032
0.159946
0.211032
0.211032
0.159946
0.211032
0.215438
0
0.211032
0
0
0
0
0
0
0.189547
0.189547
0.189547
0.189547
0.189547
0.189547
0.189599
0.189547
0
0
0.617286
0.617286
0.617286
0
0
0
0
0
0
0.189547
0.189547
0.189547
0.189547
0.185123
0
0.187203
0
0
0
0
0
0
0
0
0
0
0
0
0
0
0
0
0.189547
0
0
0
0
0
0
0
0
0
0
0
0
0
0
0
0
0
0
0
0
0
0
0
0
0
0
0
0
0
0
0
0
0
0
0
0
0
0
0
0
0
0
0
0
0
0
0
0
0
0
0
0
0
0
0
0
0
0
0
0
0
0
0
0
0
0
0
0
0
0
0
0
0
0
0
0
0
0
0
0.199637
0.199637
0.199637
0.199637
0.199637
0.199637
0.199637
0.199637
0.199637
0.199637
0.199637
0.199637
0.199637
0.199637
0
0
0
0
0
0
0
0
0.199637
0.199637
0
0
0
0
0
0.199637
0
0
0
0
0
0
0
0
0
0
0
0
0
0
0
0
0
0.199637
0.204189
0
0
0.199637
0.199637
0.199637
0.199637
0.199637
0.199637
0.199637
0.199637
0.199637
0.199637
0.199637
0.199637
0.199637
0.199637
0
0
0.168672
0.168672
0.199637
0.199637
0.168672
0.168672
0.168672
0.168672
0.168672
0.168672
0.168672
0.199637
0
0.199637
0.199637
0.199637
0.199637
0.199637
0.199637
0.199637
0.199637
0.203995
0.203995
0.203995
0
0
0
0
0
0
0.215769
0
0
0
0.215769
0.215769
0.201046
0.201046
0.201046
0.215769
0.215769
0.209832
0
0
0
0
0
0
0
0
0
0.209832
0.203995
0.203995
0.25376
0.25376
0.25376
0.25376
0.25376
0.25376
0.25376
0.25376
0.25376
0.25376
0.25376
0.25376
0.25376
0.25376
0.25376
0.254152
0.25376
0.25376
0.25376
0
0
0
0
0.189547
0
0
0
0
0
0
0
0
0
0
0
0
0
0
0
0
0
0
0
0
0
0
0
0
0
0
0
0
0
0
0
0
0
0
0
0
0
0
0
0
0
0
0
0
0
0
0
0
0
0
0.189599
0.189599
0.189599
0.189599
0.189599
0.189599
0.189599
0
0
0
0
0
0
0
0
0
0
0
0
0
0
0
0
0
0
0
0
0
0
0
0
0
0
0
0
0
0
0
0
0
0
0
0
0
0
0
0
0
0
0
0
0
0
0
0.189496
0
0
0
0
0
0.190792
0
0
0
0
0
0
0
0
0
0
0
0
0
0
0
0
0
0
0
0
0
0
0
0
0
0
0
0
0
0
0
0
0
0
0
0
0
0
0
0
0
0
0
0
0
0
0
0
0
0
0
0
0
0
0
0
0
0
0
0
0
0
0
0
0
0
0
0
0
0
0
0
0
0
0
0
0
0
0
0
0
0
0
0
0
0
0
0
0
0
0
0
0
0
0
0
0
0
0
0
0
0
0
0
0
0
0
0
0
0
0
0
0
0
0
0
0
0
0
0
0
0
0
0
0
0
0
0
0
0
0
0
0
0
0
0
0
0
0
0
0
0
0
0
0
0.18965
0.0290129
0.0290129
0
0
0
0
0
0
0
0
0
0.0290129
0
0
0
0
0
0
0
0
0
0
0
0
0
0
0
0
0
0
0
0
0
0
0
0
0
0
0
0
0.189547
0.189547
0.189547
0.189547
0.189547
0.189547
0.189547
0.189547
0.189547
0.189547
0.189547
0.189547
0.189547
0.189547
0.189547
0.189547
0.189547
0.189547
0.189547
0.189547
0.189547
0.189547
0.189547
0.189547
0.189547
0.189547
0.189547
0.189547
0
0
0.189547
0.189547
0.189547
0.189547
0.189547
0.189547
0.189599
0
0
0
0
0
0.311436
0.311436
0.311436
0.311436
0.311436
0.311436
0
0
0
0
0.311436
0.30995
0.311436
0.0472034
0.0472034
0.0465242
0.311436
0.311436
0.315037
0.315037
0.314239
0.230372
0.311436
0.311436
0.311436
0.311436
0.311436
0
0
0.311436
0.311436
0.311436
0.312384
0.164856
0.311436
0.033626
0.311436
0
0
0
0
0
0
0
0
0
0
0
0
0
0
0
0
0
0
0
0
0
0
0
0
0
0
0
0
0
0
0
0
0
0
0
0
0
0
0
0
0
0
0
0
0
0
0
0
0
0
0
0
0
0
0
0
0
0
0
0
0
0
0
0
0
0
0
0
0
0
0
0
0
0
0.309233
0
0
0
0
0
0
0
0
0
0
0
0
0
0
0
0
0
0
0
0
0
0
0
0
0
0.189547
0
0
0
0
0
0
0
0
0
0
0
0
0
0
0
0
0
0
0
0
0
0
0
0
0
0
0
0
0
0
0
0
0
0
0
0
0
0
0
0
0
0
0
0
0
0
0
0
0
0
0
0
0
0
0
0
0
0
0
0
0
0
0
0
0
0
0
0
0
0
0
0
0
0
0
0
0
0
0
0.272475
0.272475
0.272475
0.272475
0.272475
0.272475
0.266698
0
0
0
0
0
0
0.189547
0.189547
0.189547
0
0
0
0
0
0
0
0
0
0
0
0
0
0
0
0
0
0
0
0
0
0
0
0
0
0
0
0
0
0
0
0
0
0
0
0
0
0
0
0
0
0
0
0
0
0
0
0
0
0
0
0
0
0
0
0
0
0
0
0
0
0
0
0
0
0
0
0
0
0
0
0
0
0
0
0
0
0
0
0
0
0
0
0
0
0
0
0
0
0
0.189702
0
0
0
0
0
0
0
0
0
0
0
0
0
0
0
0
0
0
0
0
0
0
0
0
0
0
0
0
0
0
0
0
0
0
0
0
0
0
0
0
0
0
0
0
0
0
0
0
0
0
0
0
0
0
0
0
0
0
0.189547
0.189547
0.189547
0.189547
0.189547
0.189547
0.189547
0.189547
0.189547
0.189547
0.189599
0.189547
0.189547
0.189547
0.189547
0.189547
0.189547
0.189599
0.189599
0.189547
0
0
0
0
0
0
0.109982
0.109982
0.109982
0
0
0
0
0
0.110134
0
0.189599
0.189599
0.152904
0.105961
0
0.105961
0.110134
0
0
0
0
0
0
0
0
0
0
0
0
0
0
0
0
0
0
0
0
0
0
0
0
0
0
0
0
0
0
0
0
0
0
0
0
0
0
0
0
0
0
0
0
0
0.189547
0.189547
0.189547
0
0
0
0
0
0
0
0.336662
0.336662
0.336662
0.336662
0.358909
0.358909
0.336662
0.358909
0.359573
0.365022
0.485667
0.485667
0.485667
0.20226
0.340303
0.340303
0.340303
0.340303
0.365022
0.358909
0.373679
0.373679
0.299985
0.364735
0.0537215
0.0537215
0
0.373679
0.272475
0.272475
0.272475
0.358909
0
0
0
0
0.189702
0.209413
0.209413
0.265827
0.265827
0.209413
0.022663
0.0226844
0
0
0
0
0
0.022663
0.022663
0.0458029
0
0.0458029
0.0458029
0.0359095
0.0359095
0.0359095
0.0458029
0.131105
0.131105
0.131105
0
0.131105
0.189702
0.189702
0.189806
0.189806
0.189702
0.189702
0.189702
0.189702
0
0
0
0
0
0.189702
0
0.189702
0.189702
0.189806
0.189806
0.21218
0.123091
0.123091
0.153864
0.153864
0.153864
0.123091
0
0
0
0
0
0
0.0393648
0
0
0
0
0
0
0
0.0292854
0.120694
0.120694
0.201162
0.201162
0.201162
0.0205152
0.0307729
0.0307729
0.0307729
0.226573
0.226573
0.245009
0.245009
0.226573
0.226573
0.226573
0.226573
0.226573
0.212835
0.212835
0.212835
0.105569
0.105569
0
0.105569
0.105569
0.105569
0.212835
0.212835
0.212835
0.105569
0.105569
0.105569
0.105569
0.212835
0.212835
0.212835
0.212835
0.202879
0.105569
0.212835
0.212835
0.212835
0.233034
0.233034
0.212835
0.212835
0.212835
0.212835
0.212835
0.0626751
0.0626751
0.0626751
0.0626751
0.0961509
0.0626751
0.167496
0.167496
0.167496
0.167496
0.167496
0.0563867
0.0998404
0.0998404
0.0998404
0.0998404
0.0998404
0.0998404
0
0.0998404
0.0998404
0.0998404
0.0998404
0.0998404
0.0998404
0.0998404
0.0998404
0.0998404
0.0998404
0.190065
0.189961
0.0226844
0.190065
0
0.190065
0.190065
0.0377627
0.163159
0.0101611
0
0.0101611
0.0101611
0
0
0
0
0
0
0
0
0
0
0
0
0
0
0
0
0
0
0
0
0
0
0.0101611
0
0
0
0.153259
0.153259
0.153259
0.0229567
0
0
0
0
0
0
0
0
0
0
0
0.273701
0.273701
0.277907
0.273701
0.434552
0.0228575
0.0228575
0
0
0
0
0
0
0
0
0
0
0
0
0
0
0
0
0
0
0
0
0
0
0
0
0
0
0
0
0
0
0
0
0
0
0
0
0
0
0
0.191966
0.191966
0.191966
0
0
0.194424
0
0
0
0.138193
0
0
0.194424
0.194424
0.117429
0.194424
0.154791
0.154791
0
0.207763
0
0.207763
0.207763
0.207763
0.207763
0.207763
0.207763
0.207763
0.216752
0.216752
0.216752
0.207763
0
0
0
0
0
0
0
0
0
0
0
0
0
0
0.189702
0.189702
0.160852
0.0458029
0.131105
0.191966
0.209413
0.21218
0.434552
0.434552
0
0.123091
0.231257
0
0
0
0
0
0.120694
0.201038
0.201162
0.0998404
0.0998404
0
0.0563867
0.0376889
0.0205152
0.0307729
0.0307729
0
0.212835
0.0292854
0.0229567
0.0393648
0.0626751
0.0998404
0.153259
0.190065
0.0377627
0.163159
0.0101611
0
0.273701
0.189702
0.0228575
0
0
0
0.207763
0.207763
0.207763
0.207763
0
0
0
0
0.189702
0.189702
0.189702
0.189702
0.189702
0.189702
0.189702
0.189702
0.189702
0.189702
0.189702
0.189702
0.189702
0.189702
0.189702
0.189702
0.189702
0.189702
0.189702
0.189702
0.189702
0.189702
0.189702
0.189702
0.189702
0.189702
0.189702
0.189702
0.189702
0.189702
0.189702
0.189702
0.189702
0.189702
0.189702
0.189702
0.189702
0.189702
0.189702
0.189702
0.189702
0.189702
0.189702
0.189702
0.189702
0.189702
0.189702
0.189702
0.189702
0.189702
0.189702
0.189702
0.189702
0.189702
0.189702
0.189702
0.189702
0.189702
0.189702
0.189702
0.189702
0.189702
0.189702
0.189702
0.189702
0.189702
0.189702
0.189702
0.189702
0.189702
0.189702
0.189702
0.189702
0.189702
0.189702
0.189702
0.189702
0.189702
0.189702
0.189702
0.12417
0.12417
0.149669
0.149669
0
0
0
0.189702
0.189702
0.189702
0.189702
0.189702
0.189702
0.189702
0.189702
0.189702
0
0
0
0
0
0
0.189702
0.189702
0.189702
0.189702
0
0
0.189702
0
0
0
0
0.189702
0.0722818
0.0722818
0.0647649
0
0
0.0738851
0.0738851
0.0738851
0.0738851
0.0738851
0.0722818
0
0
0
0
0
0
0
0
0
0
0
0
0.189702
0.189702
0
0
0
0
0.189702
0.189702
0.189702
0.189702
0
0.189702
0.189702
0.0226844
0.0226844
0.0226844
0
0.0226844
0.0226844
0
0
0
0
0
0
0
0
0
0
0.189702
0.189702
0.189702
0.189702
0.189702
0.189702
0.189702
0
0
0
0
0
0
0
0
0
0.189702
0
0.189702
0.189702
0.189702
0.189702
0.0668043
0.189702
0.190903
0
0
0
0
0
0
0.06333
0
0
0
0
0
0
0.176295
0.0502519
0.130558
0
0
0.0189934
0
0
0
0.0377627
0
0
0
0
0
0
0.231257
0
0
0
0.0292165
0.0184006
0
0.0463919
0.0262432
0
0
0
0
0
0
0
0
0
0
0.12456
0
0
0
0
0
0
0.0465242
0
0.0615457
0
0
0
0
0
0.0135932
0.146006
0
0
0
0
0
0
0
0
0
0
0
0
0
0
0
0
0.130477
0
0.209413
0
0.201162
0
0
0
0
0
0
0.189702
0.217517
0.153688
0.0578476
0.0225992
0.189961
0.163159
0.189702
0
0.189702
0.189702
0
0
0.189702
0.189702
0.189702
0
0
0.189702
0.189702
0.183778
0.189702
0.189702
0.189702
0.189702
0.189702
0.189702
0.189702
0.189702
0.189702
0.189702
0.189702
0.189702
0.189702
0.189702
0.189702
0.189702
0.189702
0.189702
0.148082
0.148082
0.189702
0
0.189702
0.189702
0.189702
0.189702
0.189702
0.189702
0
0
0.189702
0.189702
0.189702
0.189702
0.189702
0
0
0
0
0
0
0
0
0
0
0
0
0
0
0
0
0
0
0
0
0
0
0
0
0
0
0
0
0
0
0
0
0
0
0
0
0
0
0
0
0
0
0
0
0
0
0
0
0
0
0
0
0
0
0
0
0
0
0
0
0
0
0
0
0
0
0
0
0
0
0
0
0
0
0
0
0.617286
0.617286
0.617286
0.617286
0.617286
0.617286
0.617286
0.617286
0.617286
0.174078
0.617286
0.617286
0.617286
0.174078
0.174078
0.123091
0.617286
0.617286
0.362662
0.617286
0.374576
0.440386
0.440386
0.348155
0.440386
0.123091
0.617286
0.617286
0.617286
0.617286
0.44198
0.44198
0.21541
0.44198
0.323254
0.617286
0
0.617286
0
0.617286
0.44198
0.467748
0.467748
0.110096
0.617286
0.189702
0.189702
0.189702
0.189702
0.189702
0.189702
0
0
0
0.189702
0
0.189702
0.035436
0.189702
0.189702
0.189702
0
0
0
0
0
0
0
0
0
0
0
0
0
0
0
0
0
0
0
0
0
0
0
0.189599
0
0
0
0
0
0
0
0
0
0
0
0
0
0
0
0
0
0
0
0
0
0
0
0
0
0
0
0
0
0
0
0
0.309233
0.309233
0.309233
0.309233
0.309233
0.309233
0.309233
0.0141196
0.0141196
0.0141196
0.0141196
0.0141196
0.0141196
0.0141196
0.0141196
0.0141196
0.0290129
0.0290129
0.0290129
0.0262432
0.0141196
0.0141196
0.0202361
0.0202361
0.0202361
0.0141196
0.0141196
0.0202361
0.0282391
0.0282391
0.0282391
0.0202361
0.0202361
0.0202361
0
0.0202361
0.0282391
0.0282391
0.0389249
0.0389249
0.0389249
0.0389249
0.0389249
0.0389249
0.0389249
0.0389249
0.0389249
0.0389249
0.0389249
0.0282391
0.0389249
0.0389249
0.0389249
0.0389249
0
0.0389249
0.0389249
0.0389249
0
0.0141196
0.0141196
0.0141196
0.0202361
0.0262432
0.0262432
0.0262432
0.0389249
0.0202361
0.0389249
0.0389249
0.0389249
0.0389249
0.0389249
0.0389249
0
0
0
0
0
0
0
0
0
0
0
0
0
0
0
0
0
0
0
0
0
0
0
0
0
0
0
0
0.150505
0
0
0
0
0
0
0
0
0
0
0
0
0
0
0
0
0
0
0
0
0
0
0
0
0
0
0
0
0
0
0
0
0
0
0
0
0
0
0
0
0
0
0
0
0
0
0
0
0
0
0
0.512208
0.512208
0.584537
0.584537
0.302542
0.302542
0.302542
0.302542
0.617606
0.082061
0.082061
0.082061
0.0710669
0.0710669
0.0710669
0
0.0710669
0.0502519
0.331646
0.512208
0.512805
0.512208
0.497155
0.497155
0.497155
0.0290129
0.0290129
0.51432
0.51432
0.497155
0.559259
0.537127
0.537127
0.186097
0.186097
0.559259
0.497155
0.497155
0.0657952
0.0657952
0.0657952
0.0657952
0.497155
0.0657952
0.415388
0.415388
0.415388
0.415388
0.415388
0.515839
0.526361
0.522233
0.415388
0.339457
0.415388
0.42661
0.42661
0.415388
0.481176
0.481176
0.617286
0
0.617286
0.617286
0.617286
0.617286
0.617286
0.617286
0.617286
0.522233
0.617286
0.617286
0.617286
0.617286
0.443813
0.617286
0.116775
0.622873
0.246183
0.622873
0.186097
0.123091
0.123091
0.123091
0
0
0
0
0.150756
0.617286
0.502865
0.617286
0.617286
0.617286
0.617286
0.617286
0.617286
0.617286
0.617286
0.417957
0
0.417957
0.617286
0.704979
0.639602
0.617286
0.622799
0.617286
0.415388
0.415388
0.459068
0.459068
0.415388
0.189702
0.189702
0.189702
0.189702
0.0101697
0.189702
0.189702
0.231257
0.231257
0.212835
0.212835
0.189702
0.0101697
0.0101697
0.0101697
0
0
0.0101697
0.231257
0.231257
0.231257
0.251777
0.231257
0
0.231257
0.212835
0.212835
0
0
0
0.212835
0
0
0
0
0.212835
0.212835
0.212835
0.212835
0.233034
0.233034
0.233034
0.0101181
0.233034
0
0.233034
0.212835
0
0
0
0
0
0
0
0
0
0
0
0
0
0
0
0
0
0
0
0
0
0
0
0
0
0
0.202532
0
0.06742
0.105574
0.105574
0.105574
0.105574
0
0
0
0
0
0
0
0
0.189547
0.189547
0.189547
0.189547
0.189547
0.189547
0.189547
0.189547
0.189547
0.189547
0.189547
0.189547
0.189547
0
0
0
0
0
0
0
0
0
0
0
0
0
0
0
0
0
0
0
0
0
0
0
0
0
0
0
0
0
0
0
0
0
0
0
0
0
0
0
0
0
0
0
0
0
0
0
0
0
0
0
0
0
0
0
0
0
0
0
0
0
0
0
0
0
0
0
0
0
0
0
0
0
0
0
0
0
0
0
0
0
0
0
0
0
0
0
0
0
0
0
0
0
0
0
0
0
0
0
0
0
0
0
0
0
0
0
0
0
0
0
0
0
0
0
0
0
0
0
0
0
0
0
0
0
0
0
0
0
0
0
0
0
0
0
0
0
0
0
0
0
0
0
0
0
0
0
0
0
0
0
0
0
0
0
0
0
0
0
0
0
0
0
0
0
0
0
0
0
0
0
0
0
0
0
0
0
0
0
0
0
0
0
0
0
0
0
0
0
0
0
0
0
0
0
0
0
0
0
0
0
0
0
0
0
0
0
0
0
0
0
0.189418
0.189418
0.189418
0.189418
0.189418
0.189418
0.189418
0.189483
0.102134
0.189741
0.189741
0.189741
0.191182
0.189741
0.189741
0.189741
0
0
0
0
0.189418
0
0
0
0
0
0
0
0
0
0
0
0
0
0.41367
0.41367
0.41367
0.41367
0.418835
0.418835
0.418835
0.418835
0.418835
0
0
0
0.418835
0.418835
0.418835
0.418835
0.418835
0.418835
0.418835
0.418835
0.418835
0.418835
0.189547
0
0
0
0
0.189547
0
0
0
0
0
0
0
0
0
0
0
0
0
0
0
0
0
0
0
0
0
0
0
0
0
0
0
0
0
0
0
0
0
0
0
0
0
0
0
0.333953
0.333953
0.333953
0.333953
0.333953
0.368273
0.368273
0.216262
0.391412
0.391412
0.391412
0.391412
0.395737
0
0
0
0
0
0
0
0
0
0
0
0
0
0
0
0
0
0
0
0
0
0
0
0
