0.0633114
0.0633114
0.0633114
0.0633114
0.0633064
0.0633064
0.0633064
0.0633064
0.0633064
0.0633064
0
0.0633064
0.0633064
0.0633064
0.0633064
0
0
0
0
0
0
0
0
0
0
0
0
0
0
0
0
0
0.0634285
0
0
0.0633114
0.0633114
0
0.0633114
0.0633114
0
0
0.0633064
0.0945418
0.0636233
0.0636233
0
0
0
0
0
0
0
0
0
0
0
0
0
0
0
0
0
0
0
0
0
0
0
0
0
0
0
0
0
0
0
0
0
0
0
0
0
0
0
0
0
0
0
0
0
0
0
0
0
0
0
0
0
0
0.0633114
0
0
0
0
0
0.0633114
0.0633114
0
0
0
0
0
0
0
0
0
0
0
0
0
0
0
0
0
0
0
0
0
0
0
0
0
0
0
0
0
0
0
0.0633114
0.0633114
0.0633114
0
0
0
0
0
0
0.0633114
0
0
0
0
0
0.0629342
0.0629342
0.0629342
0.0629342
0.0629342
0
0
0
0
0
0
0
0
0
0
0
0
0
0
0
0
0
0
0
0
0
0
0
0
0
0
0
0
0
0
0
0
0
0
0
0
0
0
0
0
0
0
0
0
0
0
0
0
0
0
0
0
0
0
0
0
0
0
0
0
0
0
0
0
0
0
0
0
0
0
0
0
0
0
0
0
0
0
0
0
0
0
0
0
0
0
0
0
0
0
0
0
0
0
0
0
0
0
0
0
0
0
0
0
0
0
0
0
0
0
0
0
0
0
0
0
0
0
0
0
0
0
0
0
0
0
0
0
0
0
0
0
0
0
0
0
0
0
0
0
0
0
0
0
0
0
0
0
0
0
0
0
0
0
0
0
0
0
0
0
0
0
0
0
0
0
0
0
0
0
0
0
0
0
0
0
0
0
0
0
0
0
0
0
0
0
0
0
0
0
0
0
0
0
0
0
0
0
0
0
0
0
0
0
0
0
0
0
0
0
0
0
0
0
0
0
0
0
0
0
0
0
0
0
0
0
0
0
0
0
0
0
0
0
0
0
0
0
0
0
0
0
0
0
0
0
0
0
0
0
0
0
0
0
0
0
0
0
0
0
0
0
0
0
0
0
0
0
0
0
0
0
0
0
0
0
0
0
0
0
0
0
0
0
0
0
0
0
0
0
0
0
0
0
0
0
0
0
0
0
0
0
0
0
0
0
0
0
0
0
0
0
0
0
0
0
0
0
0
0
0
0
0
0
0
0
0
0
0
0
0
0
0
0
0
0
0
0
0
0
0
0
0
0
0
0
0
0
0
0
0
0
0
0
0
0
0
0
0
0
0
0
0
0
0
0
0
0
0
0
0
0
0
0
0
0
0
0
0
0
0
0
0
0
0
0
0
0
0
0
0
0
0
0
0
0
0
0
0
0
0
0
0
0
0
0
0
0
0
0
0
0
0
0
0
0
0
0
0
0
0
0
0
0
0
0
0
0
0
0
0
0
0
0
0
0
0
0
0
0
0
0
0
0
0
0
0
0
0
0
0
0
0
0
0
0
0
0
0
0
0
0
0
0
0
0
0
0
0
0
0.0629941
0
0
0
0
0
0.0682948
0.0683139
0.0629342
0.0629342
0.0629342
0.0629342
0
0
0
0.0633775
0.0633775
0.0633775
0.0633775
0.0633775
0.0633775
0.0633775
0.0633775
0.0734659
0.0633775
0.0633775
0.0633775
0.0633775
0.0633775
0.0633775
0
0
0
0
0
0
0
0
0.0633826
0.0633826
0.0633826
0.0633826
0.0633826
0.0633826
0.0633826
0
0
0.0633826
0
0
0.0768141
0
0.0768141
0.0768141
0.0768141
0.0768141
0.0768141
0.0768141
0.0768141
0.0768141
0.0768141
0.0768141
0.0768322
0.0768322
0
0
0.0768322
0
0
0
0
0
0
0
0
0.101472
0.101472
0.101472
0.101472
0.101472
0.101472
0.101472
0.101472
0
0
0
0
0
0
0
0
0
0
0
0
0
0
0
0
0
0
0
0
0
0
0
0
0
0
0
0
0
0
0
0
0.0959942
0.0756621
0
0
0.0974601
0.0633826
0.0633826
0.0633826
0.0778499
0.0778499
0.0778688
0
0
0
0.0633826
0.0633826
0.0634745
0.0634745
0.0633826
0.0633826
0.0633928
0.0697275
0.0697275
0.0633928
0.0634285
0.0634285
0.0634285
0.0634285
0.0633928
0.0633928
0.0633928
0.0697275
0.0697275
0.0697275
0.0697275
0.0697275
0.0740355
0.0697275
0.0697275
0.0697275
0.0827946
0.0697275
0.0697275
0.0697275
0.0697275
0.0697275
0.0697275
0.0697275
0
0
0
0
0
0.0633826
0.0633826
0.0633826
0.0633826
0.0734659
0.0633826
0.097092
0.097092
0.097092
0.097092
0.101201
0.097092
0.0633826
0.0734659
0.0633826
0.0708099
0.0633826
0.0633826
0.0633826
0.0708099
0.0708099
0.0727547
0.0714432
0.0714432
0.0714432
0.0714432
0.0714432
0.0714432
0
0
0
0
0
0
0.0756621
0
0.0773453
0.072312
0.0723045
0
0.290619
0.290619
0.290619
0.0634745
0.0634745
0.0998404
0
0
0.0629691
0.0629691
0.0629691
0.0629691
0.0629691
0.0689803
0.0689803
0.0689803
0.0689803
0.0689803
0.0689803
0.0689803
0.0689803
0.0689803
0.0689803
0.0690987
0.0690987
0.0690987
0.0690987
0.0690987
0.0690987
0.0690987
0.0690987
0.0690987
0.0690987
0.0690987
0.0690987
0.0690987
0.0690987
0.0690987
0
0
0
0
0
0
0
0
0
0
0
0
0
0
0
0
0
0
0
0
0
0
0
0
0
0
0
0
0
0
0
0
0
0
0
0
0
0
0
0
0
0
0.0994447
0.0994447
0.0994447
0.0994447
0.0994447
0.108928
0.108928
0.108928
0
0
0
0
0
0
0
0
0
0
0
0
0
0
0
0
0
0
0
0
0
0
0
0
0
0
0
0
0
0
0
0
0
0
0
0
0
0
0
0
0
0
0
0
0
0
0
0
0
0
0
0
0
0
0.0927997
0
0
0.0632102
0.100504
0
0.0631094
0
0
0
0.0631849
0.0636594
0.0633724
0
0
0
0
0
0
0
0
0.0289998
0.0289998
0.0290042
0.0290042
0.0289998
0
0
0
0
0
0
0
0
0
0
0
0
0
0
0
0
0
0
0
0
0.0631748
0.0631748
0.0631748
0.0631748
0.0631748
0.0631748
0.0631748
0.0633775
0.0633775
0.0633775
0
0
0
0
0
0
0
0
0
0
0
0
0
0
0
0
0
0
0
0
0
0
0
0
0
0
0
0
0
0
0
0
0
0
0
0
0
0
0
0
0
0
0
0
0
0
0
0
0
0
0
0
0
0
0
0
0
0
0
0
0
0
0
0
0
0
0
0
0
0
0
0
0.063195
0.063195
0.0634132
0.063195
0.0635359
0.0635359
0.0635359
0.0631295
0.0631295
0.0635411
0.0631295
0.0631295
0.0631295
0.0634694
0.0635411
0.0634694
0.0634694
0.0635411
0.0634694
0.0632001
0
0.0632001
0.0632001
0.0632557
0.0634132
0.0654504
0.0652439
0.0652439
0.0684996
0.0678157
0
0
0
0
0.0634132
0
0
0.0634132
0.0634132
0.0634132
0.0634132
0.06319
0.06319
0.06319
0.06319
0.06319
0.06319
0.0634132
0.06319
0
0
0
0
0
0
0
0
0
0
0
0
0
0
0
0
0
0
0
0
0
0
0
0
0
0
0
0
0
0
0
0
0
0
0
0
0
0
0
0
0
0
0
0
0
0
0
0
0
0
0
0
0
0
0
0
0
0
0
0
0
0
0
0
0
0
0
0
0
0
0
0
0
0
0
0
0
0
0.0634745
0.0634745
0
0
0.0634489
0.0634489
0.0634489
0.0634183
0.0634183
0.063403
0.10014
0.10014
0
0.09919
0.09919
0.0635359
0.0635308
0
0
0
0
0.0635308
0.0635308
0.0635308
0.0635308
0.0635308
0.0635359
0.0635359
0
0
0
0
0
0
0
0.0635308
0.0837062
0.0635308
0
0.0635308
0.0635359
0.0635359
0.0635359
0.0635308
0.0635308
0.0667736
0.0867501
0.105786
0.0895574
0
0
0.0636852
0
0
0
0
0
0
0
0
0.0641026
0.0641026
0.06415
0.0641026
0.0840485
0.0840485
0.0840485
0
0
0
0
0
0
0
0
0
0
0
0
0
0
0
0
0
0
0
0
0
0
0
0
0
0
0
0
0
0
0
0
0
0
0
0
0
0
0
0
0
0
0
0
0
0
0
0
0
0
0
0
0
0
0
0
0
0.0804466
0.0806347
0.0842271
0.0846485
0.0846485
0.339422
0.0846607
0.20498
0
0.247841
0.0951906
0.0981525
0.101914
0.0981147
0
0
0
0
0
0
0
0
0
0
0
0
0
0
0
0
0
0
0
0
0
0
0
0
0
0
0
0
0
0
0
0
0
0
0
0
0
0
0
0
0
0
0
0
0
0
0
0
0
0
0
0
0
0
0
0
0
0
0
0
0
0
0
0
0
0
0
0
0
0
0
0
0
0
0
0
0
0
0
0
0
0
0
0
0
0
0
0
0
0.0751307
0.0658922
0.0658922
0.0635359
0.063281
0.0881545
0.0881545
0.0658922
0.0658922
0.11092
0.0658922
0.0658922
0.112967
0.0634132
0.0634132
0.0915929
0
0
0
0
0
0
0
0
0
0
0
0
0
0
0
0
0
0
0
0
0
0
0
0.0836945
0
0.066995
0
0.0655122
0
0.0809617
0
0
0.0751646
0
0
0.100544
0
0
0
0
0.0766334
0
0.0893427
0.0641236
0
0.0761696
0.0671701
0.0834493
0
0
0.100544
0
0
0
0.0649296
0
0
0
0
0
0.0635257
0.0836359
0.0735533
0
0.0882643
0.0633216
0
0.0699797
0
0
0
0
0.0878953
0
0.0650559
0
0
0
0.0628347
0.0628347
0.0628347
0.0628347
0.0628347
0.0628347
0.0628894
0.0628496
0.0629941
0.0628347
0
0.0629941
0.0629941
0
0
0
0.0992681
0
0.0992681
0.0992681
0.0992681
0.0992681
0.0992681
0.0992681
0.0992681
0
0
0
0
0
0
0
0
0
0
0
0
0
0
0
0
0
0
0
0
0
0
0
0
0
0
0
0
0
0
0
0
0
0
0
0
0
0
0
0
0
0
0
0
0
0
0
0
0
0
0
0
0
0
0
0
0
0
0
0
0
0
0
0
0
0
0
0
0
0
0
0
0
0
0
0
0
0
0
0
0
0
0
0
0
0
0
0
0
0
0
0
0
0
0
0
0
0
0
0
0
0
0
0
0
0
0
0
0
0
0
0
0
0
0
0
0
0
0
0
0
0
0
0
0
0
0
0
0
0
0
0
0
0
0
0
0
0
0
0
0
0
0
0
0
0
0
0
0
0
0
0
0
0
0
0
0
0
0
0
0.0989372
0.0989372
0.0989372
0.0989372
0.0989372
0.0989372
0.0989372
0.0989372
0.0989372
0
0
0
0
0
0
0
0
0
0
0
0
0
0
0
0
0
0
0
0
0
0
0
0
0
0
0
0
0
0
0
0
0
0
0
0
0
0
0
0
0
0
0
0
0
0
0
0
0
0
0
0
0
0
0
0
0
0
0
0
0
0
0
0
0.0629991
0.0629991
0.0629991
0.0629991
0.0629991
0.0629991
0.0629991
0.0629991
0.0629991
0.0629991
0.0629991
0.0629991
0.0629991
0.0629991
0.0629991
0.0629991
0.0629991
0.0629991
0.0629991
0.0629991
0.0629991
0.0629991
0.0629991
0.0629991
0.0629991
0.0629991
0.0629991
0.0629991
0.0629991
0.0629991
0.0629991
0.0629991
0.0629991
0.0629991
0.0629991
0.0629991
0.0629991
0.0629991
0.0629991
0.0629991
0.0629991
0.0629991
0.0629991
0.0629991
0.0629991
0.0629991
0.0629991
0.0629991
0.0629991
0.0629991
0.0629991
0.0629991
0.0629991
0.0629991
0.0629991
0.0629991
0.0629991
0.0629991
0.0629991
0.0629991
0.0629991
0.0629991
0.0629991
0.0629991
0.0629991
0.0629991
0.0629991
0.0629991
0.0629991
0.0629991
0.0629991
0.0629991
0.0629991
0.0629991
0.0629991
0.0629991
0.0629991
0.0629991
0.0629991
0.0629991
0.0629991
0.0629991
0.0629991
0.0629991
0.0629991
0.0629991
0.0629991
0.0629991
0.0629991
0.0629991
0.0629991
0.0629991
0.0629991
0.0629991
0.0629991
0.0629991
0.0629991
0.0629991
0.0629991
0.0629991
0.0629991
0.0629991
0.0629991
0.0629991
0.0629991
0.0629991
0.0629991
0.0629991
0.0629991
0.0629991
0.0629991
0.0629991
0.0629991
0.0629991
0.0629991
0.0629991
0.0629991
0.0629991
0.0629991
0.0629991
0.0629991
0.0629991
0.0629991
0.0629991
0.0629991
0.0629991
0.0629991
0.0629991
0.0629991
0.0629991
0.0629991
0.0629991
0.0629991
0.0629991
0.0629991
0.0629991
0.0629991
0
0
0
0
0
0
0
0
0
0
0
0
0
0
0
0
0
0
0
0
0
0
0
0
0
0
0
0
0
0
0
0
0
0
0
0
0
0
0
0
0
0
0
0
0
0
0
0
0
0
0
0
0
0
0
0
0
0
0
0
0
0
0
0
0
0
0
0
0
0
0
0
0
0
0
0
0
0
0
0
0
0
0.0630041
0
0.0631396
0.0631396
0.0630041
0
0
0
0
0.0631396
0.0631396
0
0
0
0
0
0
0
0
0
0
0
0
0
0
0
0
0
0
0
0
0
0
0
0
0
0
0
0
0
0
0
0
0
0
0
0
0
0
0
0
0
0
0
0
0
0
0
0
0
0
0
0
0
0
0
0
0
0
0
0
0
0
0
0
0
0
0.0630141
0
0
0
0
0
0
0
0
0
0
0
0.0672734
0.0672734
0.0634285
0
0
0
0
0
0
0
0
0
0
0
0
0
0
0
0
0
0
0
0
0
0
0
0.0672004
0.0672004
0.0672004
0.0630041
0
0
0
0
0
0
0
0
0
0
0
0
0
0
0
0
0
0
0
0
0
0
0
0
0
0
0
0
0
0
0
0
0
0
0
0
0
0
0
0
0
0
0
0
0
0
0
0
0
0
0
0
0
0
0
0
0
0
0
0
0
0
0
0
0
0
0
0
0
0
0
0
0
0
0
0
0
0
0
0
0
0
0
0
0
0
0
0
0
0
0
0
0
0
0
0
0
0
0
0
0
0
0
0
0
0
0
0
0
0
0
0
0
0
0
0
0
0
0
0
0
0
0
0
0
0
0
0
0
0
0
0
0
0
0
0
0
0
0
0
0
0
0
0
0
0
0
0
0
0
0
0
0
0
0
0
0
0
0
0
0
0
0
0
0
0
0
0
0
0
0
0
0
0
0
0
0
0
0
0
0
0
0
0
0
0
0
0
0
0
0
0
0
0
0
0
0
0
0
0
0
0
0
0
0
0
0
0
0
0
0
0
0
0
0
0
0
0
0
0
0
0
0
0.0629991
0.0629991
0.0630943
0.0923396
0.0923396
0.0629991
0.0629991
0.0629991
0.0629991
0.118879
0.0891437
0.0631597
0.0690526
0.0690526
0.0690922
0.0690526
0.0891437
0
0.0629991
0.0629991
0.0629991
0.0629991
0.0629991
0.0629991
0.0629991
0.0629991
0.0629991
0.0629991
0.0630041
0.0629991
0.0629991
0.0629991
0.0629991
0.0629991
0.0629991
0.0630041
0.0630041
0.0629991
0.11818
0.11818
0.11818
0
0.118412
0.121554
0
0
0
0
0
0
0
0
0
0
0.0630041
0.0631144
0.0690922
0.0890165
0
0.0890165
0.0910295
0
0
0
0
0
0
0
0
0
0
0
0
0
0
0
0.0629941
0.0629941
0.0629941
0.0629941
0.0629941
0.0629941
0
0
0
0
0
0
0.0629941
0.0629941
0.0629941
0.0629941
0.0629941
0.0629941
0.0629941
0.0629941
0
0
0
0.118879
0.0631094
0
0
0
0
0
0.0630041
0
0.0629941
0.0629941
0.0629941
0.0629941
0
0
0.0628297
0.0628297
0.0628297
0.0628297
0.0630041
0.0629991
0.0629991
0.0629991
0.0629991
0.0629991
0.0629991
0.0629991
0.0629991
0.0629991
0.0629991
0.0629991
0
0
0
0
0.0629941
0.0629941
0.0629941
0.0629941
0.0629941
0
0
0
0
0
0
0
0
0
0
0
0
0
0
0.0629991
0.0629991
0.0629991
0.0629991
0.0629941
0.0629941
0.0629941
0.0629941
0.0629941
0.0629991
0.0629991
0.0629991
0.0629991
0.0629991
0.0629991
0.0629991
0
0.0629991
0.0629991
0.0629991
0.0629991
0
0.0629991
0.0629991
0.0629991
0.0629991
0.0629991
0.0629591
0.0629591
0.0629591
0.0629941
0.0629941
0.0629941
0.0629941
0.0629941
0
0
0.0634642
0.0634642
0.0634642
0.0634642
0
0
0
0
0
0
0
0
0
0
0
0
0
0.0630041
0.0630041
0.0630041
0.0630041
0.0630041
0.0630041
0.130677
0.130677
0
0.143621
0.143621
0.130677
0
0
0
0
0
0.0634285
0
0.0659438
0.0679032
0
0
0
0.0658693
0.0658693
0.131579
0.133393
0.131579
0.0658693
0.118048
0.118048
0.118048
0.118048
0.118048
0.118048
0.118048
0.118048
0.118048
0.135831
0.135831
0
0
0
0.135831
0
0.118879
0
0
0
0
0.430331
0.130677
0
0
0
0
0
0
0
0
0
0
0
0
0
0
0
0
0
0
0
0
0
0
0
0
0
0
0
0
0
0
0
0
0
0
0
0
0.0629691
0.0629691
0.0629691
0.0629691
0.0629691
0.0629691
0.0629691
0.0629691
0.0629691
0
0
0
0
0
0
0
0
0
0
0
0
0
0
0
0
0
0
0
0
0
0
0
0
0
0
0
0
0
0
0
0
0
0
0
0
0
0
0
0
0
0
0
0
0
0
0
0
0
0
0
0
0
0
0
0
0
0
0
0
0
0
0
0
0
0
0
0
0
0
0
0
0
0
0
0
0
0
0
0
0
0
0
0
0
0
0
0
0
0
0
0
0
0
0
0
0
0
0
0
0
0
0
0
0
0
0
0
0
0
0
0
0
0
0
0
0
0
0
0
0
0
0
0
0
0
0
0
0
0
0
0
0
0
0
0
0
0
0
0
0
0
0
0
0
0
0
0
0
0
0
0
0
0
0
0
0
0
0
0
0
0
0
0
0
0
0
0
0
0
0
0
0
0
0
0
0
0
0
0
0
0
0
0
0
0
0
0
0
0
0
0
0
0
0
0
0
0
0
0
0
0
0
0
0
0
0
0
0
0
0
0
0
0
0
0
0
0
0
0
0
0
0
0
0
0
0
0
0
0
0
0
0
0
0
0
0
0
0
0.0934457
0.0934457
0.0934457
0.0934457
0.0934457
0.0934457
0
0.0934457
0.0934457
0.0934457
0.0934457
0.0934457
0.0934457
0
0
0
0
0.0946433
0.0946433
0
0
0
0
0
0
0
0.0946433
0.0868286
0.0868286
0.0868286
0.0868286
0.0868286
0
0
0
0
0
0.0883194
0.0883194
0.0883194
0.0883194
0.0883194
0.0883194
0
0
0
0
0
0
0
0
0
0
0.0877463
0.0871313
0.0883194
0
0
0.0969094
0.0969094
0.0871313
0.0871313
0.0871313
0.0871313
0.0871313
0
0
0
0
0
0
0
0
0
0
0
0
0
0
0
0
0
0
0.0871313
0
0
0
0
0
0
0
0
0
0.089357
0.089357
0.089357
0.089357
0.0905803
0
0.0909241
0.089357
0
0
0.0959589
0
0.0959589
0.0959589
0.0959589
0.0959589
0.0959589
0.0934457
0
0.0934457
0.0934457
0.0934457
0.0934457
0.0934457
0
0
0
0
0
0
0
0
0
0
0
0
0
0
0
0
0
0
0
0
0
0
0
0
0
0
0
0
0
0
0
0
0
0
0.0868286
0.0868286
0
0.0934457
0.0868024
0.0868024
0.0934457
0.0934457
0.0934457
0
0
0.0882918
0.0882918
0
0.0882918
0
0
0
0
0
0
0
0
0
0
0
0
0
0
0
0
0
0
0
0
0
0
0
0
0
0
0
0
0
0
0
0
0
0
0
0
0.0628794
0.0628794
0.0628794
0.0628794
0.0628794
0.0628794
0
0
0
0
0.141591
0.141591
0.141591
0
0
0
0
0
0
0
0
0
0
0
0
0
0
0
0
0
0
0.146364
0.141591
0.141591
0.218844
0
0
0
0
0
0.141591
0.214768
0
0.228218
0
0.146616
0
0
0
0
0
0
0
0
0
0
0
0
0
0
0
0
0
0
0
0
0
0
0
0
0
0
0
0
0.152428
0.152428
0.152428
0.152712
0
0
0
0
0
0
0
0.164577
0.164577
0.164577
0.165025
0
0
0
0
0
0
0
0
0
0
0
0.0994053
0
0
0
0
0
0
0
0
0
0
0
0
0
0
0
0
0
0
0
0
0
0
0
0
0
0
0.0628794
0.0628794
0.0628794
0
0
0
0
0
0
0
0
0.149805
0
0
0
0
0
0
0
0
0
0.16054
0
0
0.164666
0
0
0
0.164666
0.164666
0.0998603
0.0998603
0
0.105503
0
0
0
0.174289
0.0658922
0.0658922
0.0658922
0.0658922
0.0658922
0.0629891
0.0658922
0.105409
0
0
0
0.0658922
0.0658922
0.0658922
0.0658922
0
0
0
0
0
0
0
0
0
0
0
0
0
0
0
0.0658922
0.0658922
0
0.0658922
0.0658922
0
0.0658922
0.0658922
0.0973124
0
0
0.105976
0.106143
0
0.0658922
0.0658922
0
0
0.111887
0.0700552
0
0
0
0
0
0
0
0
0.108747
0.111386
0
0.0658922
0
0.0658922
0
0.101015
0.0658922
0
0
0
0
0
0
0
0
0
0
0.107335
0.107708
0
0.105246
0
0.0658922
0.105176
0.105176
0.105176
0.105316
0
0
0
0
0
0
0
0
0
0
0
0
0
0
0
0
0
0
0
0
0
0
0
0
0
0
0
0
0
0
0
0
0
0
0
0
0
0
0
0
0
0
0
0
0
0
0
0
0
0
0
0
0
0
0
0
0
0
0
0
0
0
0
0
0
0
0
0
0
0
0
0
0
0
0
0
0
0
0
0
0
0
0
0
0
0
0
0
0
0
0
0
0
0
0
0
0
0
0
0
0
0
0.0998404
0.0658922
0
0
0
0.0658922
0.110297
0.0658922
0.105644
0.0658922
0
0.0658922
0.105527
0.105527
0.105527
0
0.105857
0.0658922
0
0.0658922
0
0
0
0
0
0.0998404
0.0998404
0
0.0998404
0.0998404
0.0998404
0.0998404
0.0998404
0.0998404
0.0998404
0.0998404
0
0
0
0
0.0998404
0.277778
0
0.0658922
0.0658922
0.0658922
0.0658922
0.0658922
0.0658922
0.0658922
0.0658922
0.0658922
0.0658922
0.0658922
0.0658922
0.0658922
0.0658922
0
0
0
0
0
0
0
0
0
0
0.115593
0.0658922
0.0658922
0.165115
0.0658922
0.174928
0
0
0
0
0
0
0.108567
0.108567
0.108567
0
0.101243
0.152216
0.152216
0.152216
0.0689672
0.0689672
0.0795457
0.0689672
0.152216
0.152216
0.152216
0.152216
0.152216
0.15587
0
0.10958
0.118081
0.0658922
0.106552
0.106673
0.106673
0
0
0
0
0
0
0.0658922
0.0658922
0.0658922
0.0658922
0.0658922
0.0658922
0.0658922
0.0658922
0.0658922
0.0658922
0
0.0658922
0
0.0658922
0.0658922
0.0658922
0.0658922
0.0658922
0
0.0658922
0.0658922
0.0658922
0.0658922
0.0658922
0
0
0
0
0.0658922
0
0.0658922
0.108211
0.108211
0
0
0.108211
0
0
0
0
0
0
0
0
0
0.107583
0.107583
0.107583
0.107808
0
0.106722
0
0
0.106722
0.106722
0
0
0
0
0
0
0
0
0
0
0
0
0.0658922
0
0
0
0
0
0
0
0
0
0
0
0
0
0
0
0
0
0
0
0
0
0
0
0
0
0
0
0
0
0
0
0
0
0
0
0
0
0
0
0
0
0
0
0
0
0
0
0
0
0
0
0
0
0
0
0
0
0
0
0
0
0
0
0
0
0
0
0
0
0
0
0
0
0
0
0
0
0
0
0
0
0
0
0
0
0.0658922
0.0658922
0.0658922
0.0658922
0.0658922
0
0
0
0
0
0
0
0
0.483368
0.483368
0.483368
0.483368
0
0.529999
0.529999
0.529999
0.529999
0.566139
0.529999
0.104121
0.104121
0.106868
0.104257
0.106287
0.106287
0
0.18621
0
0
0
0.203111
0
0.203111
0.112112
0.115966
0
0
0
0
0
0
0
0
0
0
0
0
0
0
0
0
0
0
0
0
0
0
0
0
0
0
0
0
0
0
0
0
0
0
0
0
0
0
0
0
0.107113
0.111386
0.108979
0.454545
0.454545
0
0.456435
0
0.456435
0.456435
0.109057
0
0.0658922
0.0658922
0.0658922
0.0658922
0.0658922
0.101305
0.113315
0.115966
0.115966
0.115966
0.115966
0.115966
0.0658922
0.0658922
0.0658922
0.0658922
0
0
0
0
0
0
0
0
0
0
0
0
0.0658922
0.174714
0.0998404
0.0998404
0.0998404
0.0998404
0.0998404
0.0998404
0.0998404
0.0998404
0.0998404
0.0998404
0.0998404
0.0998404
0
0
0
0
0.0998404
0
0.0998404
0.0998404
0.0998404
0.0998404
0
0
0
0
0
0
0
0
0
0
0
0
0
0
0
0
0
0
0
0
0
0
0
0
0
0
0.0658922
0.0658922
0.0658922
0.0658922
0.0658922
0.0658922
0.0658922
0.0658922
0.0658922
0.0658922
0.0658922
0.0658922
0.0658922
0.104371
0.105668
0.104805
0.104805
0.134062
0.134062
0.227744
0.105199
0
0
0
0
0.105199
0.116342
0.116342
0.116342
0.116342
0.116342
0
0
0
0.116342
0.104875
0.0695317
0
0.106795
0.106795
0
0.108619
0
0
0
0
0
0
0
0.110432
0.110432
0
0.110432
0.105976
0.105976
0.197797
0.106892
0
0
0
0
0
0
0
0.0695317
0
0.0695317
0.0695317
0.0695317
0
0.0695317
0.0695317
0
0
0
0
0
0
0
0
0
0
0
0
0.110892
0.110892
0
0.110892
0.110892
0.110892
0.110892
0
0
0
0
0
0
0
0
0
0
0
0
0
0
0
0
0
0.464238
0.548821
0
0
0
0
0
0
0
0
0
0
0
0
0
0
0
0
0
0
0
0
0
0
0
0
0
0.0658922
0.0658922
0
0.0695788
0.0658922
0.0658922
0.0658922
0.0658922
0.0658922
0.0658922
0.0690066
0.0690066
0
0.0658922
0.0658922
0
0.0658922
0.107883
0.0658922
0
0.0658922
0.0658922
0.0658922
0
0
0
0
0
0.0658922
0
0
0
0
0.0658922
0
0.0658922
0.0658922
0.0658922
0.0658922
0
0.0658922
0.0658922
0.0658922
0.0658922
0.0658922
0.0658922
0.0658922
0.0658922
0.2
0.0658922
0.0998404
0.0998404
0.0998404
0.0998404
0.0998404
0.101472
0.101472
0.0998404
0
0.0658922
0.0658922
0.0658922
0.0658922
0
0
0
0
0
0
0
0
0.105339
0.119831
0.105409
0.114587
0.105409
0.105762
0.105762
0
0
0
0
0
0
0
0
0
0
0
0
0
0
0
0
0
0
0
0.0629941
0
0
0
0
0
0
0
0.0695451
0.0695451
0.0695451
0
0
0
0
0
0
0
0
0
0
0.182696
0
0
0.0695317
0
0
0
0
0
0.0658922
0.0658922
0.0658922
0.0703737
0.0658922
0.0658922
0
0.0658922
0.0658922
0.0658922
0.0658922
0.0658922
0
0
0
0
0.106746
0.0658922
0
0.0658922
0
0
0
0.0658922
0.0658922
0
0
0
0
0
0
0
0
0
0
0
0
0
0
0
0
0
0
0
0
0
0
0
0
0
0
0
0.0658922
0.0658922
0.0658922
0.0658922
0.0658922
0.0658922
0.0658922
0.0658922
0.0658922
0.0658922
0.0658922
0.0658922
0.0658922
0.0658922
0.0658922
0.0658922
0.0658922
0.0658922
0
0
0
0.0998006
0.109791
0.0658922
0.0658922
0.0658922
0.0658922
0.0658922
0.0658922
0.0658922
0.0658922
0.0658922
0.0658922
0.0658922
0.0658922
0.0658922
0.0658922
0.0658922
0.0658922
0.0658922
0.0658922
0.0658922
0.0658922
0.0658922
0.0658922
0.0658922
0.0658922
0.0658922
0.0658922
0.0658922
0.0658922
0.0658922
0.0658922
0.0658922
0.0658922
0.0658922
0.0658922
0.0658922
0.0658922
0.0658922
0.0658922
0.0658922
0.0658922
0.0658922
0.0658922
0.0658922
0.0658922
0.0658922
0.0658922
0.0658922
0.0658922
0.0658922
0.0658922
0.0658922
0.0658922
0.0658922
0.0658922
0.0658922
0.0658922
0.0658922
0.0658922
0.0658922
0.0658922
0.0658922
0.0658922
0.0658922
0.0658922
0.0658922
0.0658922
0.0658922
0.0658922
0.0658922
0.0658922
0.0658922
0.0658922
0.0658922
0.0658922
0.0658922
0.0658922
0.0658922
0.0658922
0.0658922
0.0658922
0.0658922
0.0658922
0.0658922
0.0658922
0.0658922
0.0658922
0.0658922
0.0658922
0.0658922
0.0658922
0.0658922
0.0658922
0.0658922
0.0658922
0.0658922
0.0658922
0.0658922
0.0658922
0.0658922
0.0658922
0.0658922
0.0658922
0.0658922
0.0658922
0.0658922
0.0658922
0.0658922
0.0658922
0.0658922
0.0658922
0.0658922
0.0658922
0.0658922
0.0658922
0.0658922
0.0658922
0.0658922
0.0658922
0.0658922
0.0658922
0.0658922
0.0658922
0.0658922
0.0658922
0.0658922
0.0658922
0.0658922
0.0658922
0.0658922
0.0658922
0.0658922
0.0658922
0.0658922
0.0658922
0.0658922
0.0658922
0.0658922
0.0658922
0.0658922
0.0658922
0.0658922
0.0658922
0.0658922
0.0658922
0.0658922
0.0658922
0.0658922
0.0658922
0.0658922
0.0658922
0.0658922
0.0658922
0.0658922
0.0658922
0.0658922
0.0658922
0.0658922
0.0658922
0.0658922
0.0658922
0.0658922
0.0658922
0.0658922
0.0658922
0
0
0.0658922
0.0658922
0.0658922
0.0658922
0.0658922
0.0658922
0.0658922
0.0658922
0.0658922
0.0658922
0.0658922
0.0658922
0.0658922
0.0658922
0.0658922
0.0658922
0.0658922
0.0658922
0.0658922
0
0
0
0
0
0.0658922
0
0
0
0
0
0
0
0
0
0
0
0
0
0
0
0
0
0
0
0
0
0
0
0
0
0
0
0
0
0
0
0
0
0
0
0
0
0
0
0
0
0
0
0
0
0
0
0
0
0
0
0
0.106795
0
0.106795
0.106795
0
0
0
0
0
0
0
0.0989372
0
0.0989372
0.0658922
0.0658922
0.0658922
0.106
0.106
0
0
0
0.106
0
0
0
0.0998404
0
0
0.0998404
0.0998404
0.0998404
0.0998404
0.0998404
0
0
0
0
0.0998404
0.0658922
0.0658922
0.11669
0.109791
0.0695115
0.0598684
0.0658922
0.0658922
0.0658922
0.0658922
0.0998006
0.0998006
0.0998006
0.0998006
0
0.0658922
0.0658922
0
0
0
0.0658922
0
0
0
0
0
0
0
0.0658922
0.0658922
0.0658922
0.0658922
0.0658922
0.0658922
0.0658922
0.0658922
0.0658922
0.0658922
0.0658922
0.0658922
0.0658922
0
0
0
0.0658922
0
0
0
0
0
0
0
0
0
0
0
0
0
0
0
0
0
0
0.107015
0
0
0
0
0
0
0.105527
0
0
0
0.105527
0
0
0
0
0
0
0
0.105527
0
0.112395
0
0
0
0
0.116595
0
0.114859
0
0
0
0
0
0
0
0
0.106
0.106
0
0.106
0.10987
0.10987
0
0
0
0
0
0.10987
0.10958
0
0
0
0
0
0
0
0
0
0
0
0
0
0
0
0
0
0
0
0
0
0
0
0
0
0
0
0
0
0
0
0
0
0
0
0
0
0
0
0
0
0
0
0
0
0
0
0
0
0.104054
0.104054
0.104054
0.101118
0.101118
0.101118
0.0762227
0.0703458
0.0762227
0.0762227
0.0762227
0.0762227
0.0762227
0.0762227
0.101305
0.0771884
0.0762227
0.0762227
0.0762227
0.0703458
0.0703458
0.0703458
0.0703458
0.0703458
0.0703458
0.0703458
0.0998404
0.0998404
0.0998404
0.0998404
0.0998404
0.0998404
0.0998404
0.0703458
0
0
0.0871975
0.0714723
0
0
0
0
0.0998205
0.0998205
0.0721613
0.0710597
0.0710597
0.0710597
0.0710597
0.0710597
0.0710597
0.115286
0.115286
0.115286
0.115286
0.100851
0
0.0729558
0.0729558
0.0735533
0.0801979
0.0870388
0.082954
0
0
0
0.0718032
0.0718032
0.102684
0.0718106
0
0.0718106
0.0872772
0
0
0
0
0
0.0714504
0.0714504
0.0998404
0
0
0
0.0632001
0
0
0.0632001
0.0632001
0.0632001
0.0632001
0.0632001
0.0632001
0.0632001
0.0632001
0.0632001
0.0632001
0
0
0
0
0
0
0
0
0
0
0
0
0
0
0
0
0
0
0
0
0
0
0
0
0
0
0
0
0
0
0
0
0
0
0.108824
0.108979
0
0
0
0
0
0
0
0
0
0
0
0
0
0
0
0
0
0
0
0
0
0
0
0
0
0
0
0
0
0
0
0
0
0
0
0
0
0
0
0
0
0
0
0
0
0
0
0
0
0
0
0
0
0
0
0
0
0
0
0
0
0
0
0
0
0
0
0
0
0
0
0
0
0
0
0
0
0
0
0
0
0
0
0
0
0
0
0
0
0
0
0
0
0
0
0
0
0
0
0
0
0
0
0
0
0
0
0
0
0
0
0
0
0
0
0
0
0
0
0
0
0
0
0
0
0
0
0
0
0
0
0
0
0
0
0
0
0
0
0
0
0
0
0
0
0
0
0
0
0
0
0
0
0
0
0
0
0
0
0
0
0
0
0
0
0
0
0
0
0
0
0
0
0
0
0
0
0
0
0
0
0
0
0
0
0
0
0
0
0
0
0
0
0
0
0
0
0
0
0
0
0
0
0
0
0
0
0
0
0
0
0
0
0
0
0
0
0
0
0
0
0
0
0
0
0
0
0
0
0
0
0
0
0
0
0
0
0
0
0
0
0
0
0
0
0
0
0
0
0
0
0
0
0
0
0
0
0
0
0
0
0
0
0
0
0
0
0
0
0
0
0
0
0
0
0
0
0
0
0
0
0
0
0
0
0
0
0
0
0
0
0
0
0
0
0
0
0
0
0
0
0
0
0
0
0
0
0
0
0
0
0
0
0.0718625
0
0.0720563
0
0
0
0
0
0
0
0
0
0
0
0
0
0
0
0
0.0712109
0
0
0
0
0
0
0
0
0
0
0.0937573
0
0
0
0
0
0
0
0
0
0
0
0
0
0
0.0702832
0
0.0702832
0
0
0
0
0
0
0
0
0
0
0
0
0
0
0
0
0
0
0
0.0695451
0.0689409
0.0689409
0.0689409
0.0729869
0.0782014
0
0
0
0
0
0
0
0
0
0
0
0
0
0
0
0
0
0
0
0
0
0
0
0
0
0
0
0
0
0
0
0
0
0
0
0
0
0
0
0
0
0
0
0
0
0
0
0
0
0
0
0
0
0.0753607
0.0828287
0.0696192
0
0
0
0
0
0
0
0
0
0
0
0
0
0
0
0
0
0
0
0.102297
0.102297
0.102297
0.0702694
0.0832409
0
0.0704925
0
0
0
0
0
0
0
0
0
0
0
0
0
0
0
0
0
0
0
0
0
0
0
0
0
0
0
0
0
0
0
0
0
0
0
0
0
0
0
0
0
0
0
0
0
0
0
0
0
0
0
0
0
0
0
0
0
0
0
0
0
0
0
0
0
0
0
0
0
0
0
0
0
0
0
0
0
0
0
0
0
0
0
0
0
0
0
0
0
0
0
0
0
0
0
0
0
0
0
0
0
0
0
0
0
0
0
0
0
0
0
0
0
0
0
0
0
0
0
0
0
0
0
0
0
0
0
0
0
0
0
0
0
0
0
0
0
0
0
0
0
0
0
0
0
0
0
0
0
0
0
0
0
0
0
0
0
0
0
0
0
0
0
0
0
0
0
0
0
0
0
0
0
0
0
0
0
0
0
0
0
0
0
0
0
0
0
0
0
0
0
0
0
0
0
0
0
0
0
0
0
0
0
0
0
0
0
0
0
0
0
0
0
0
0
0
0
0
0
0
0.0697275
0.0697275
0.0697275
0.0829654
0.0829654
0.0925133
0
0
0.0697275
0.0995234
0.0995234
0.0995234
0.0995234
0.0995234
0
0
0
0
0
0.0633826
0.0660703
0.0633826
0
0
0
0
0
0
0
0
0
0
0
0
0
0
0
0
0
0
0
0
0
0
0
0
0
0
0
0
0
0
0
0
0
0
0
0
0
0
0
0.0712905
0.0712905
0.071305
0.071305
0
0.0715162
0
0.0715162
0.107359
0.0715235
0
0.0715235
0.0815736
0.0733393
0
0.0873704
0
0.0853735
0.0990536
0.0990536
0.0990536
0.104967
0.102902
0
0.104416
0.10699
0
0
0
0
0
0.101118
0
0.102771
0
0.102967
0.108928
0.104828
0.09919
0.102902
0.100728
0
0
0
0
0
0
0.100728
0
0
0
0
0
0
0
0
0
0
0
0
0
0
0
0
0
0
0
0
0
0
0.0632001
0
0
0
0
0
0
0
0
0
0
0
0
0
0
0
0
0
0
0
0
0
0
0.0630141
0.0630141
0.0630141
0
0
0
0
0
0
0
0
0
0
0
0
0
0
0
0
0
0
0
0
0
0
0
0
0
0
0
0
0
0
0
0
0
0
0
0
0
0
0
0
0
0
0
0
0
0
0
0
0
0
0
0
0
0
0
0
0
0
0
0
0
0
0
0
0
0
0
0
0
0
0
0
0
0
0
0
0
0
0
0
0
0
0
0
0
0
0
0
0
0
0
0
0
0
0
0
0.0658922
0.0658922
0.0658922
0.0658922
0.108902
0
0
0
0
0
0
0
0
0
0
0
0
0
0
0
0
0
0
0
0
0
0
0
0
0
0
0
0
0
0
0
0
0
0
0
0
0
0
0
0
0
0
0
0
0.11019
0.11019
0.11019
0.11019
0.11019
0
0
0
0
0
0
0
0
0
0
0
0
0
0
0.104828
0.104828
0
0.104875
0.104875
0
0
0
0
0
0
0
0
0
0
0
0
0
0
0
0
0
0
0
0
0
0
0
0
0
0
0
0
0
0
0
0
0
0
0
0
0
0
0
0
0
0
0.102297
0
0
0
0
0
0
0
0
0
0
0
0
0
0
0
0
0
0
0
0
0
0
0
0
0
0
0
0
0
0
0
0
0
0
0
0
0
0
0
0
0
0
0
0
0
0
0
0
0
0
0
0
0
0
0
0
0
0
0
0
0
0
0
0
0
0
0
0
0
0
0
0
0
0
0
0
0
0
0
0
0
0.10288
0.10288
0.10288
0.10288
0.10288
0.10288
0.10288
0.10288
0.10288
0
0
0
0.10288
0
0
0
0
0
0
0
0
0
0
0
0
0
0
0
0
0
0
0
0
0
0
0
0
0
0
0
0
0.0989372
0
0
0
0
0
0
0
0
0
0
0
0
0
0
0
0
0
0.0629991
0.0629991
0.0629991
0
0
0.0635411
0.0635411
0.0635411
0.0635411
0.0635411
0.0635411
0
0
0
0.0635411
0
0.0635411
0
0.0635411
0.0635411
0.0635411
0
0
0
0
0
0
0
0
0
0
0
0
0
0
0
0
0
0
0
0.0636233
0.0636233
0
0
0.0636182
0.0636182
0.0636182
0.0636182
0.0636182
0.0636182
0.0636182
0.0636233
0.0636182
0.0636233
0.0636233
0.0636233
0.0636233
0.0636491
0.067371
0
0
0.0637369
0.0637369
0.0637369
0.0637369
0.0637369
0
0
0
0
0
0
0
0
0
0
0
0
0
0
0
0
0
0
0
0
0
0
0
0
0
0
0
0
0
0
0
0
0
0
0
0
0
0
0
0
0
0
0
0
0
0
0
0
0
0
0
0
0.0673955
0.0673955
0.0673955
0
0
0.0951045
0
0.0951045
0
0
0
0
0
0
0
0
0
0
0
0
0
0
0
0
0.0633877
0.0633877
0.0629342
0.0629342
0.0629342
0.0629342
0.0629342
0.0629342
0.0629342
0.0629342
0.0629342
0.0629342
0.0629342
0.0629342
0.0629342
0.0629342
0.0629342
0.0629342
0.0629342
0.0629342
0.0629342
0.0629342
0.0629342
0.0629342
0.0629342
0
0
0
0.0629342
0.0629342
0.0629342
0.0629342
0.0629342
0.0629342
0.0629342
0.0629342
0.0629342
0.0630041
0.0630041
0.0630041
0.0630141
0.0630141
0.0630041
0.0630041
0.0630141
0.0634642
0
0
0
0.0630041
0.0692643
0
0
0
0
0.0630041
0
0.0630041
0
0.0630041
0.0630041
0.0630041
0.0630041
0.0630041
0.0923554
0.0630041
0.0630041
0
0
0.0676046
0.0676046
0.067617
0.067617
0.0676046
0.0676046
0
0
0.0674322
0.0674322
0.0674322
0.0674322
0.0674322
0.0674322
0
0
0
0
0
0.0674937
0.0674322
0.0674322
0.0674322
0.0674322
0.0674322
0
0
0.0674322
0.0674322
0.0674322
0.0675799
0.0675799
0.0674322
0.0674322
0
0.0674322
0
0.0674322
0.0674322
0.0674322
0
0.0674322
0.0674322
0
0
0
0.0674322
0.0674322
0.0674322
0.0674322
0.0674322
0.0674322
0.0674322
0.0674322
0.0674322
0.0674322
0.0674322
0.0674322
0.0675799
0.0675799
0.0675799
0
0.0675799
0.0674322
0.0674322
0.0674322
0.0674322
0
0.0674322
0.0674322
0
0
0
0
0
0
0
0
0
0
0
0
0
0
0
0
0
0
0
0
0
0
0
0
0
0
0
0
0
0
0
0
0
0
0
0
0
0
0
0
0
0
0
0
0
0
0
0
0
0
0
0
0
0
0
0
0
0
0
0
0
0
0
0
0
0
0
0
0
0
0
0
0
0
0
0
0
0
0
0
0
0
0
0
0
0
0
0
0
0
0
0
0
0
0
0
0
0
0
0
0
0
0
0
0
0
0
0
0
0
0
0
0
0
0
0
0
0
0
0
0
0
0
0
0
0
0
0
0
0
0
0
0
0
0
0
0
0
0
0
0
0
0
0
0
0
0
0
0
0
0
0.0659438
0.0679032
0
0
0
0
0
0
0
0
0
0.0705767
0
0
0
0
0
0
0
0
0
0
0
0
0
0
0
0
0
0
0
0
0
0
0
0
0
0
0
0
0
0
0
0
0
0
0
0
0
0
0
0
0
0
0
0
0
0
0
0
0
0
0
0
0
0
0
0.0658979
0.0658979
0.0658979
0
0
0
0
0
0
0
0
0
0
0
0
0
0
0
0
0
0
0
0
0
0
0
0
0
0
0
0
0
0
0
0
0.0998006
0.0998006
0.0998006
0
0
0
0
0
0
0
0
0
0
0
0
0
0
0
0
0
0
0
0
0
0
0
0
0
0
0
0
0
0
0
0
0
0
0
0
0
0
0
0
0
0
0
0
0
0
0
0
0
0
0
0
0
0
0
0
0
0
0
0
0
0
0
0
0
0
0
0
0
0
0
0
0
0
0
0
0
0
0
0
0
0
0
0
0
0
0
0
0
0
0
0
0
0
0
0
0
0
0
0
0
0
0
0
0
0
0
0
0
0
0
0
0
0
0
0
0
0
0
0
0
0
0
0
0
0
0
0
0
0
0
0
0
0
0.0634796
0
0
0
0
0
0
0
0
0
0
0
0
0
0
0
0
0
0
0
0
0
0
0
0
0
0
0
0
0
0
0
0
0
0
0
0
0
0
0
0
0
0
0
0
0.0635411
0.0635411
0.0635411
0
0
0
0
0
0
0
0.0629342
0.0629342
0
0
0
0
0
0
0.0634285
0.0634285
0.0634285
0.0634081
0
0
0
0
0.0634796
0.0634796
0.0634796
0
0
0.0677348
0.0677348
0
0
0
0.0634796
0.0634796
0
0.0629991
0.126674
0.126674
0.126674
0.126674
0
0.126674
0.130632
0.126674
0
0
0
0
0
0
0
0.0640552
0
0.0634642
0
0
0
0
0
0
0
0
0
0
0
0
0
0
0
0
0
0
0
0
0
0
0
0
0
0
0
0
0
0
0
0
0
0.120596
0
0
0
0
0
0
0
0
0
0
0
0
0
0
0
0
0
0
0
0
0
0
0
0
0
0
0
0
0
0
0
0
0
0
0
0
0
0
0
0
0
0
0
0
0
0
0
0
0
0
0
0
0
0
0
0
0
0
0
0
0
0
0
0
0
0
0
0
0
0
0
0
0
0
0
0
0
0
0
0
0
0
0
0
0
0
0
0
0
0
0
0
0
0
0
0
0
0
0
0
0
0
0
0
0
0
0
0
0.101493
0.101493
0.101493
0.101493
0.101493
0.101493
0.101493
0.101514
0.101514
0.101493
0.101493
0.101493
0.101493
0.101493
0.101493
0.101493
0.101493
0.101493
0.101493
0.101493
0.101493
0.101493
0.101493
0
0
0.101493
0.101493
0.101493
0.101493
0
0
0
0.0633114
0.0633114
0.0633114
0
0
0
0
0.0633114
0
0
0.0634285
0
0
0
0.0633521
0.0633521
0.0633521
0.0672673
0.0636491
0.116153
0.116153
0.116153
0.116153
0
0.0673527
0.0673527
0.0673527
0.0673527
0.0673527
0.0673527
0.0673527
0
0
0
0
0
0
0
0
0.0674077
0.0674077
0
0
0.0673955
0.0673955
0.0673955
0
0
0
0
0
0
0
0
0
0
0
0
0
0
0
0
0
0
0
0
0
0
0
0
0
0
0
0
0
0
0
0
0
0
0
0
0
0
0
0
0
0.0673894
0
0
0
0
0
0
0
0
0
0
0
0
0
0
0
0
0
0
0
0
0
0
0
0
0
0
0
0
0
0
0
0
0
0
0
0
0.0630141
0
0
0
0
0
0
0
0
0
0
0
0
0
0
0
0
0
0
0
0
0
0
0
0
0
0
0
0
0
0
0
0
0
0
0
0.0630141
0.0630141
0.0630141
0.0630141
0.0630141
0.0630141
0.0630141
0
0
0
0
0
0
0
0
0
0
0
0
0
0
0
0
0
0
0
0
0
0
0
0
0
0
0
0
0.0630141
0.0630141
0.0630141
0.0630141
0.0630141
0.0630141
0
0
0
0
0
0
0
0
0
0
0
0
0
0
0
0.130677
0.130677
0.130677
0.130677
0
0
0
0
0
0
0
0
0.0958883
0.0958883
0.0958883
0.0958883
0.0958883
0.0958883
0
0.0958883
0.0958883
0
0
0
0
0.0958883
0.0958883
0.0958883
0.0958883
0.0958883
0.0958883
0
0.0958883
0.0958883
0.0958883
0.0958883
0.0962785
0.0962785
0.0962785
0.0962964
0.0962785
0.0958883
0.0958883
0.0958883
0.0977577
0.0958883
0
0
0
0
0
0
0
0
0
0
0
0
0
0
0
0
0
0
0
0
0
0
0
0
0
0
0
0
0
0
0
0
0
0
0
0
0
0
0
0
0
0
0
0
0
0
0
0
0
0
0
0
0
0
0
0
0
0
0
0
0
0.0629941
0.0629941
0.0629941
0.0629941
0.0629941
0.0629941
0.0629941
0
0
0
0
0
0
0
0
0
0
0
0
0
0
0
0
0
0
0
0
0
0
0
0
0
0
0
0
0
0
0
0
0
0
0
0
0
0
0
0
0
0
0
0
0
0
0
0
0
0
0
0
0
0
0
0.0680288
0.0680288
0.0680288
0.0680288
0.0680288
0
0
0
0
0
0
0
0
0
0
0
0
0.0916083
0.0916083
0
0
0
0
0
0
0
0
0
0
0
0
0
0
0
0
0
0
0
0
0
0.101305
0.101305
0.101305
0.101305
0.101305
0.101305
0.101305
0.101305
0
0
0
0
0.101305
0.101305
0.101305
0.101305
0.101305
0.101305
0.101305
0.101305
0.101305
0.101305
0.106479
0.106479
0
0.101305
0.101305
0.101305
0.101305
0.101305
0.101305
0.101305
0.101305
0.101305
0.101305
0.109897
0.109897
0.109897
0
0.109897
0.101305
0.0998404
0.0998404
0.0998404
0.0998404
0.0998404
0.0998404
0.0998404
0.0998404
0.0998404
0.100402
0.100402
0.0998404
0.100402
0.100402
0.0998404
0.0998404
0.0998404
0.0998404
0.0998404
0.0998404
0.0998404
0.10004
0.10004
0.0998404
0.0998404
0.0998404
0.0998404
0.0998404
0.0998404
0.106455
0.0998404
0.0998404
0.0998404
0.0998404
0.0998404
0.164577
0.164577
0.164577
0.101305
0.110811
0.101305
0.105739
0.104828
0.104828
0.106843
0
0
0
0
0.104944
0.113025
0.0998404
0
0
0
0
0.0998404
0.0998404
0
0
0
0
0.103919
0.104303
0.164935
0.164935
0
0
0
0
0
0
0
0
0
0
0.0998404
0
0
0
0
0
0
0
0
0
0
0
0
0
0
0
0
0
0
0
0
0
0
0
0
0
0
0
0
0
0
0
0
0
0
0
0
0
0
0
0
0
0
0
0.103651
0.103651
0.103651
0.111359
0.113141
0
0
0
0.103651
0.100322
0.100322
0.100322
0
0
0
0
0
0
0
0
0
0
0
0
0
0
0
0.101305
0.101305
0.101305
0.101305
0.101305
0.101305
0.101305
0.106455
0.101305
0
0
0
0
0
0
0.108084
0.110324
0
0
0
0.101077
0.101077
0
0
0
0
0
0
0
0.101077
0.101077
0.101077
0.101077
0.101077
0.101077
0.101077
0
0
0
0
0
0.101077
0.101118
0.101118
0.101118
0.101118
0.101118
0.101118
0.108516
0.108516
0.109005
0.108516
0.108567
0.101118
0.101118
0.111029
0.101118
0.101118
0.101118
0.111414
0.111414
0.101222
0
0
0.101118
0.101222
0.101118
0.101077
0.111029
0.111029
0.11818
0.200321
0
0
0
0
0.200321
0
0
0
0
0
0
0
0
0
0
0
0
0
0
0
0
0
0
0
0
0
0
0
0
0.100974
0.100974
0.100933
0.100933
0.100974
0.107064
0.100933
0.100933
0.100892
0.100892
0.100892
0.100892
0.100892
0
0
0
0.100892
0.100892
0.100892
0.100892
0.115011
0.115011
0.115011
0.100912
0.102361
0.100912
0.100912
0
0
0
0
0.100892
0.100892
0.10288
0.106746
0.106746
0.106746
0.106746
0.106746
0.106746
0.116028
0.106746
0.106746
0
0.100892
0.102083
0.102083
0
0.103628
0.100892
0
0
0
0
0.100892
0
0
0
0
0
0
0
0
0.10202
0.113141
0.102533
0.108236
0
0
0
0
0
0
0
0
0
0
0
0
0
0
0
0
0
0
0
0
0
0
0.164577
0.164577
0.164577
0.164577
0
0
0
0
0
0
0
0
0
0
0
0.164577
0.164577
0
0
0
0
0
0
0.164577
0.164577
0
0.164577
0.164577
0
0
0
0
0.164577
0
0
0
0
0
0
0
0
0
0
0
0
0
0
0
0
0.105715
0.105715
0.105715
0.105715
0.105715
0.105715
0.105715
0
0.105715
0
0
0
0
0
0
0
0
0
0.105715
0
0
0
0.106359
0.106359
0.107808
0.107808
0.11027
0.11027
0.110405
0.107808
0.107808
0
0
0
0
0
0
0
0.106359
0.106359
0
0.106359
0.106359
0.10995
0.106359
0.219054
0.323423
0
0
0.106359
0.107088
0.107088
0.107434
0.107434
0
0.0998404
0
0
0
0
0
0
0
0
0
0
0
0
0
0
0
0.0998404
0
0
0
0
0
0
0
0
0
0
0
0
0
0
0
0
0
0
0
0
0
0
0
0
0
0
0
0.0629591
0
0.0629591
0
0.101493
0.101493
0.101493
0.101493
0.101493
0.101493
0.101493
0.101493
0.101493
0.103033
0.101493
0.101493
0.101493
0
0
0.0934457
0.0934457
0.0934457
0.0934457
0.0934457
0.0934457
0.0934457
0.0934457
0.0934457
0.0934457
0.0934457
0.0934457
0.0934457
0.0934457
0.0934457
0.0934457
0.0934457
0.0934457
0.0934457
0.0934457
0
0
0
0
0
0
0.0934457
0.0934457
0
0.0934457
0.0934457
0.0934457
0.0934457
0.0934457
0.0934457
0.0934457
0.0934457
0
0.0934457
0.0934457
0.0934457
0.0934457
0.0934457
0.0934457
0.0934457
0.0934457
0.0934457
0.100382
0
0
0.105269
0
0
0.0934457
0.0934457
0
0
0
0
0
0.0942893
0
0
0
0.093462
0.0934457
0
0
0
0
0
0
0
0
0
0
0
0
0
0
0.0934457
0.0934457
0
0
0.0972939
0.0972939
0
0
0
0
0
0
0
0
0
0
0
0
0
0
0
0
0
0
0
0
0
0
0
0
0
0
0
0
0
0
0
0
0
0
0
0
0
0
0
0
0
0
0
0
0
0
0
0
0
0
0
0
0
0
0
0
0
0
0
0
0
0
0
0
0
0
0
0
0
0
0
0
0
0
0
0
0
0
0.0934457
0.0934457
0
0.0934457
0.0934457
0.107384
0.0934457
0.093462
0.099112
0.0934457
0.0934947
0
0.0935765
0
0.0934457
0
0
0
0
0
0.0972939
0.0972939
0.0972939
0
0
0
0
0
0
0
0
0
0
0
0
0
0
0
0
0
0
0
0
0
0
0
0
0
0
0
0
0
0
0
0
0
0
0
0
0
0
0
0
0
0
0
0
0
0
0
0
0
0
0
0
0
0
0
0
0
0
0
0
0
0
0
0
0
0
0
0
0
0
0.0935601
0
0.0931049
0.0931049
0.0935274
0.0931857
0
0
0
0
0
0
0
0
0
0
0
0
0
0
0
0
0
0
0
0
0
0
0
0
0
0
0.0932019
0.0932019
0.111469
0.0932019
0.09495
0.0934784
0.0931857
0
0
0
0
0
0.0931857
0.0934457
0.0934457
0.0934457
0.0934457
0.0938068
0
0
0
0
0
0
0
0
0
0
0
0
0
0
0
0
0.0943564
0
0
0
0
0
0
0
0
0
0
0
0
0
0
0.0938068
0.0966375
0
0.0938729
0.0946603
0.0971286
0
0
0
0
0
0
0
0
0
0
0
0
0
0
0
0
0
0
0
0
0
0.0934457
0.0934457
0.0934457
0.0934457
0.0958178
0.0976831
0
0.0958178
0.0958178
0.0958178
0
0
0
0
0
0
0
0
0
0
0
0
0
0
0
0
0
0
0
0
0
0
0
0
0
0
0
0
0
0
0
0
0
0
0
0
0.0634796
0.0629342
0.0629342
0.0629342
0.0629342
0
0
0
0
0
0
0
0
0
0
0
0
0
0
0
0
0.0632001
0
0.0632001
0
0
0
0
0
0
0
0
0
0
0
0
0
0
0
0
0
0
0
0
0
0
0
0
0.0629941
0.0629941
0.0629941
0.0629941
0.0629941
0.0629941
0.0629941
0.0629941
0.0629941
0.0629941
0.0629941
0.0629941
0.0629941
0
0
0
0
0
0
0
0
0
0
0
0
0
0
0
0
0
0
0
0
0
0
0
0
0
0
0
0
0
0
0
0
0
0
0
0
0
0
0
0
0
0
0
0
0
0
0
0
0
0
0
0
0
0
0
0
0
0
0
0
0
0.0629342
0
0
0
0
0.0890165
0.0890165
0.0890165
0.0890165
0.0890165
0.0890165
0.0890165
0.0890165
0.0890165
0.0890165
0.0890165
0.0890165
0.0890165
0.0890165
0.0890165
0.0890165
0.0890165
0.0890165
0.0890165
0.0890165
0.0890165
0.1001
0
0
0
0.0890165
0.0890165
0.0890165
0.0890165
0.0890165
0
0
0
0
0
0.0900207
0
0.0890165
0.0890447
0.0890447
0.0890447
0.0890447
0.0890447
0.0890447
0.0890447
0
0.0890447
0.0890447
0
0
0
0
0
0
0
0
0
0
0
0
0
0
0
0
0
0
0.0966375
0
0
0
0.0966375
0.0966375
0
0
0
0
0
0
0
0
0
0
0
0
0
0
0
0
0
0
0
0
0
0
0
0
0
0
0
0
0
0
0
0
0
0
0
0
0
0
0
0
0
0
0
0
0
0
0
0
0
0
0
0
0
0
0
0
0
0
0
0
0
0
0
0.268028
0.268028
0.268028
0.268028
0.268028
0.268028
0.284901
0.284901
0.268028
0.268028
0.268028
0.268028
0.268028
0.268028
0
0.268028
0.268028
0.30657
0
0
0
0.268028
0.268028
0.284901
0
0
0
0.268028
0
0.268028
0.268028
0
0
0
0
0
0
0
0
0
0
0
0
0
0
0
0
0
0
0
0
0
0
0
0
0
0
0
0
0
0
0
0
0
0
0
0
0
0.46225
0
0.46225
0.46225
0
0
0
0
0
0
0
0
0
0
0
0
0
0
0
0
0
0
0
0
0
0.109791
0.109791
0.109791
0.109791
0.109791
0.109791
0.109817
0.109817
0
0
0.109817
0.109817
0.109817
0.109817
0.109791
0.109791
0.109791
0
0.109791
0
0.109791
0.109791
0
0
0
0
0
0
0
0
0
0.109791
0
0.109791
0
0
0
0.109791
0
0
0.109791
0.109791
0
0
0
0
0
0
0.111359
0.111359
0
0
0
0
0
0
0
0
0
0
0
0
0
0
0
0
0
0
0
0
0
0
0
0
0
0
0
0
0
0
0.117234
0
0
0
0
0
0
0
0.118812
0.118812
0
0
0
0
0
0
0
0
0
0
0
0
0
0
0
0
0
0
0
0
0
0
0.10323
0.10323
0.10323
0.10323
0
0.10323
0.10323
0.10323
0.10323
0
0
0
0.10323
0.10323
0.10323
0
0
0.106966
0
0
0.106966
0
0
0
0
0
0
0.108363
0.108363
0
0
0.106673
0
0
0
0.105362
0.105362
0
0.0890165
0
0.0890165
0.0890165
0
0
0
0
0.105222
0
0.105222
0.105222
0.106407
0.106868
0.106868
0
0
0
0
0.0890165
0.30657
0
0
0.331862
0
0.30657
0.0890165
0
0
0
0
0
0
0
0
0
0
0
0
0
0
0
0
0
0
0
0
0
0
0
0
0
0
0
0
0
0
0
0
0
0
0
0
0
0
0.102793
0.102793
0.268028
0.109817
0.109817
0.109817
0.109817
0.109817
0.109817
0.109817
0.109817
0.109817
0.101535
0.101535
0.268028
0.102793
0.101535
0
0.101535
0.101535
0.101535
0.101535
0.101535
0
0
0
0
0
0
0
0
0
0
0
0
0
0
0
0
0
0
0
0
0.10012
0
0
0
0
0
0
0
0
0
0
0
0
0
0
0
0
0
0
0
0
0
0
0
0
0
0
0
0
0
0
0
0
0
0
0
0
0
0
0
0
0
0
0
0
0
0
0
0
0
0
0
0
0
0
0
0
0
0
0
0
0
0
0
0
0
0
0
0
0
0
0
0
0
0
0
0
0
0
0
0
0
0
0
0
0
0.102793
0.103406
0.103406
0.103406
0.103406
0.103406
0
0.103406
0.103406
0
0.109817
0.109817
0.109817
0.109817
0.109817
0
0
0
0
0.109817
0.109817
0.109817
0.109817
0
0.10995
0.114258
0.114258
0.114258
0.109817
0
0.109817
0.109817
0.268028
0
0
0
0
0
0
0
0
0.268028
0.102147
0.102147
0.102147
0
0
0
0
0
0
0.10234
0
0
0
0
0
0
0
0
0
0
0
0
0
0.101556
0
0
0
0
0
0.101703
0.11214
0.101871
0.101871
0.101871
0
0
0.101871
0
0
0.101871
0.101577
0.112056
0.101977
0
0
0.101977
0
0
0.101977
0
0
0.101977
0.101977
0.101977
0
0
0.101977
0
0.101977
0
0
0.100851
0
0.100851
0.100851
0.100851
0.100851
0
0
0
0
0.100851
0.100851
0
0
0
0
0
0
0
0
0
0.100851
0
0
0
0
0
0
0
0
0
0
0
0
0
0
0
0
0
0
0
0
0
0
0
0
0
0
0
0
0
0
0
0
0
0
0
0
0
0
0
0
0
0
0
0
0
0
0
0
0
0
0
0
0
0
0
0
0
0
0
0
0
0
0
0
0
0
0
0
0
0
0
0
0
0
0
0
0
0
0
0
0
0
0
0
0
0
0
0
0
0
0
0
0
0
0
0
0
0
0
0
0
0
0
0
0
0
0
0
0
0
0
0
0
0
0
0
0
0
0
0
0
0
0
0
0
0
0
0
0
0
0
0
0
0
0
0
0
0
0
0
0
0
0
0
0
0
0
0
0
0
0
0
0
0
0
0
0
0
0
0
0
0
0
0
0
0
0
0
0
0
0
0
0
0
0
0
0
0
0
0.108928
0.111056
0
0.100504
0.100504
0.100504
0.0890165
0.0890165
0.0890165
0
0
0
0.0906696
0.089457
0.089457
0.089457
0.104553
0.104553
0
0
0.0890165
0.0890165
0
0
0.0890165
0.0890165
0.0890165
0.0890165
0.0890165
0.0890165
0.0890165
0.111469
0.111469
0.111469
0.0890165
0.0890165
0
0.0890165
0.0890165
0.10323
0.10323
0.10323
0.10323
0.10323
0.103852
0.103852
0.10323
0.10323
0
0.0890165
0.0890165
0.0890165
0.0890165
0.0890165
0.0890165
0.0890165
0.0890165
0.0890165
0.0890165
0.0890165
0.0890165
0.0890165
0.0890165
0.0890165
0.0890165
0.0890165
0.0890165
0.0890165
0.0890165
0.0890165
0.0890165
0.0881956
0.0881819
0.0881819
0.0881819
0.0881819
0.0881819
0.0881819
0.0881819
0.0881819
0.0881956
0.0881956
0
0
0
0
0
0.0966375
0.0966375
0
0
0
0
0
0
0
0
0.46225
0.46225
0
0
0
0
0
0
0
0
0
0
0
0
0
0
0
0
0
0
0
0
0
0
0.0910145
0.0910145
0
0.0910145
0
0.0957651
0.0928797
0.0914396
0
0.105739
0
0.113695
0
0
0.0929439
0
0
0
0.114889
0
0.0890306
0.102663
0.0890306
0
0.0883194
0.0883469
0.0883469
0.103011
0.103011
0.103011
0.0890165
0.0900207
0
0
0
0.0890447
0.0900499
0
0
0
0
0
0
0
0
0
0
0
0
0
0
0
0
0
0
0
0
0
0
0
0
0
0
0
0
0
0
0
0
0
0
0
0
0
0
0
0
0
0
0
0
0
0
0
0
0
0
0
0
0
0
0
0
0
0
0
0
0
0
0
0
0
0
0
0
0
0
0
0
0
0
0
0
0
0
0
0
0
0
0
0.109791
0.109791
0.109791
0.109791
0.109791
0.109791
0
0
0
0
0
0
0
0
0
0
0
0.0883332
0.108876
0.137464
0.109844
0
0
0
0.111194
0.104054
0.133918
0.11214
0.100667
0.100871
0.115316
0.105762
0.105762
0.106966
0.106966
0
0
0
0
0.102619
0
0.102619
0.102619
0.102619
0
0
0
0.0925767
0.0926085
0.0926085
0.0973677
0.0924184
0.111442
0.106966
0
0
0.103606
0.108491
0.106966
0
0
0
0.0971836
0.331862
0.331862
0.331862
0.0977764
0
0
0
0
0
0
0
0
0.104622
0
0
0
0
0
0
0
0
0.0977764
0
0
0
0
0
0
0
0.106722
0.106795
0
0.109265
0.109265
0
0
0
0
0
0
0
0
0
0
0
0.104622
0.104622
0
0
0
0
0
0
0
0
0
0
0
0
0
0
0
0
0
0.0890306
0
0.201456
0.0883469
0.0883469
0
0
0.104054
0.134889
0.109553
0
0
0
0
0
0
0
0
0
0
0
0
0
0
0
0
0
0
0
0
0
0
0
0
0
0
0
0
0
0
0
0
0
0.0635359
0
0
0
0
0
0
0
0
0
0.10012
0.10012
0.10012
0.10012
0
0
0
0.10995
0.109897
0.105527
0.105527
0.105527
0
0
0
0
0
0
0
0
0
0
0
0
0
0
0
0
0.0890165
0.0890165
0.0890165
0.0890165
0.0890165
0.0890165
0.0890165
0.0890165
0.0890165
0.0890165
0.0890165
0.0890165
0.0890165
0.0890165
0.0890165
0.0890165
0.0890165
0.0890165
0.0890165
0.0890165
0.0890165
0
0.0890165
0.104921
0.0890165
0.0890165
0.0890165
0.0890447
0.0890447
0.0890447
0.0890447
0.0890447
0.0890447
0.0890447
0.0890165
0.0890165
0.105106
0
0
0
0
0.100728
0.100728
0
0
0
0.112112
0.118279
0.114258
0
0
0
0
0
0
0
0
0
0
0
0
0.10004
0.10004
0.10004
0.10004
0.117631
0.117631
0.117631
0.117631
0.100322
0.100322
0.100322
0
0
0
0
0
0.100322
0.100402
0.100322
0.100322
0.100322
0.100322
0.100322
0
0
0
0
0
0
0
0
0
0
0
0.0890447
0.0890447
0.0890447
0
0.0890165
0.0890165
0.0890165
0.0890165
0
0
0
0.0890165
0.0890165
0.0890165
0.0890165
0.0890165
0.0890165
0.0890165
0.0890165
0.0890165
0.0890165
0.0890165
0.104759
0.104759
0.0890447
0.0890588
0.0890447
0.10004
0.101036
0.10012
0.0890165
0.0890165
0
0
0
0
0
0
0
0.0890165
0.0890165
0.0890165
0.0890165
0.0890165
0.0890165
0.0890165
0
0
0
0
0.0890165
0.0890165
0.0890165
0.104921
0
0
0.104921
0.104921
0.104921
0.0890165
0.0890165
0.104921
0.104921
0
0
0
0
0
0.0890165
0.0890165
0.0890165
0.0890165
0
0
0
0
0
0.0893427
0
0
0
0
0.0893427
0.0893427
0.0893427
0.0893427
0
0
0
0
0
0
0
0.0893427
0
0.0893427
0.104759
0.104759
0.104759
0.0890165
0.0883469
0.0883469
0.0883469
0.0883469
0.0883469
0.0883469
0.0883469
0.0890165
0
0.0890165
0.0890165
0.0890165
0.0890165
0
0.0883469
0.0883469
0.0883469
0.0883469
0.0883469
0.0883469
0.0883469
0
0.0883469
0.088416
0.0883469
0.0890447
0.0890447
0
0
0
0
0
0.0890447
0.0890447
0
0
0
0
0
0
0.100463
0
0
0
0
0
0.100463
0
0
0.109791
0
0
0
0
0
0
0
0
0
0
0
0.109791
0
0
0
0
0
0
0
0.109791
0.109791
0.109791
0
0
0
0
0
0
0
0
0
0
0
0
0
0
0
0
0
0
0
0
0
0
0
0
0
0
0
0
0
0
0
0
0
0
0
0
0
0
0
0
0
0
0
0
0
0
0
0.105762
0.105762
0.105762
0.105762
0
0
0
0
0
0
0
0
0
0
0
0.106966
0.106966
0.106966
0.106966
0
0
0
0
0
0
0
0
0
0
0
0
0
0
0
0
0
0
0
0
0.331862
0.331862
0.331862
0.331862
0
0
0
0
0
0
0
0
0
0
0
0
0
0
0
0
0
0
0
0
0
0
0
0
0
0
0
0
0
0
0
0
0
0
0
0.0966375
0.0966375
0.0966375
0.0966375
0
0
0
0
0
0
0
0
0
0
0
0
0
0.46225
0.46225
0.46225
0.46225
0
0
0
0
0
0
0
0
0
0
0
0
0
0
0
0
0
0
0
0
0
0
0
0
0
0
0
0
0
0
0
0
0
0
0
0
0
0
0
0
0
0.30657
0
0
0
0
0
0
0
0
0
0
0
0
0
0
0.104622
0.0931533
0
0.0890165
0
0
0
0
0
0
0
0
0.0890165
0.0890165
0.0890165
0.0890165
0.0635359
0.0635359
0.0635359
0.0635359
0.0635359
0.0635359
0.0635359
0.0635359
0.0635359
0.0635359
0.0635359
0.0635359
0.0635359
0.0635359
0.0635359
0
0
0.0677348
0.0677348
0
0
0
0.0635359
0.0635359
0.0635359
0.0635359
0.0635359
0.0635359
0.0635359
0.0635359
0.0635359
0.0889601
0.0889601
0
0.0889601
0
0.0889601
0.0635359
0.0635359
0.0635359
0.0635359
0
0
0.0635359
0
0
0
0
0.0635359
0
0
0
0
0
0
0
0
0
0
0
0
0
0
0
0.0890165
0
0
0.0890165
0
0
0
0
0.0635359
0.0635359
0.0890165
0.0890165
0.0890165
0.0890165
0.0635359
0.0635359
0.0635359
0.0635359
0.0892573
0.0635359
0.0635359
0.0759671
0.0759671
0.0759671
0
0.0759671
0.0759671
0
0
0
0
0
0
0
0
0
0
0.0635359
0.0635359
0.0635359
0.0635359
0.0635359
0.0635359
0.0635359
0.0890165
0.0890165
0.0890165
0.0890165
0.0890165
0.0890165
0.0890165
0.0890165
0.0890165
0.0635359
0
0.0635359
0.0635359
0.0635359
0.0635359
0.0963321
0.0635359
0.0641078
0
0
0
0
0
0
0
0
0
0
0
0
0
0
0
0
0
0
0
0
0
0
0.171096
0
0
0
0
0.0877328
0
0
0
0
0
0
0
0
0
0
0
0
0
0
0
0
0
0
0.0767688
0
0
0
0
0
0
0
0
0
0
0
0
0
0
0
0
0
0
0
0
0
0
0
0
0
0
0
0
0
0
0
0.0688037
0
0.0668213
0
0
0
0
0
0
0.0635359
0.0788797
0.0694444
0
0
0.063794
0.0950186
0.0635359
0.0890165
0.0890165
0.0634796
0.0634796
0.0634796
0.0634796
0.0634796
0.0634796
0.0634796
0.0634796
0.0634796
0.0634796
0.0634796
0.0634796
0.0634796
0.0634796
0.0634796
0.0634796
0.0634796
0.0634796
0.0634796
0
0.0634796
0.0634796
0
0
0.0634796
0.0634796
0.0634847
0
0
0.0634796
0.0634796
0
0.0634796
0.0634796
0.0634796
0.0634796
0.0634796
0.0634796
0.0634796
0.0634796
0.0634796
0.0634796
0.0634796
0.0634796
0.0634796
0.0634796
0.0634796
0.0634796
0.0634796
0.0634796
0.0634796
0.0634796
0.0634796
0.0634796
0.0634796
0.0634796
0.0634796
0.0634796
0.0635359
0.0635359
0
0
0.0634796
0.0634796
0.0635359
0.0635359
0.0634796
0.0635359
0.0635359
0
0
0.0765346
0
0.0688037
0.0695048
0
0
0
0
0.0877328
0
0
0
0
0
0
0.066726
0.0668213
0
0
0
0
0
0
0
0
0
0.0697275
0
0.0765705
0
0
0
0.174928
0.0638252
0.171096
0.0950186
0
0
0
0.0635359
0
0
0
0
0
0
0
0
0
0
0
0
0.0634796
0.0634796
0.0634796
0.0634796
0.0634796
0.0634796
0.0634796
0.0634796
0.0634796
0.0634796
0.0634796
0.0634796
0.0634796
0.0634796
0.0634796
0.0634796
0.0634796
0.0634796
0.0634796
0.0634796
0.0634796
0.0634796
0.0634796
0.0634796
0.0634796
0.0634796
0.0634796
0.0634796
0.0634796
0.0634796
0.0634796
0.0634796
0.0634796
0.0634796
0.0634796
0.0634796
0.0634796
0.0634796
0.0634796
0.0634796
0.0634796
0.0634796
0.0634796
0.0634796
0.0634796
0.0634796
0.0634796
0.30657
0.30657
0.30657
0.30657
0.30657
0.0635359
0.0688037
0.0688037
0
0
0.0688037
0.0758098
0.0759671
0
0
0
0
0
0.0758098
0.0758098
0
0
0
0
0
0
0
0
0.0765346
0.0765346
0.0765346
0
0.0765346
0.0635359
0.0635359
0.0635873
0.0635873
0.0635359
0.0635359
0.0635359
0.0635359
0
0
0
0
0
0.0635359
0
0.0635359
0.0635359
0.0635873
0.0635873
0.0695048
0
0
0
0
0
0
0
0
0
0
0
0
0
0
0
0
0
0
0
0
0
0
0
0.0668213
0.0668213
0.0668213
0
0
0
0
0
0
0
0.0828173
0.0828173
0.11092
0.11092
0.0828173
0.0828173
0.0828173
0.0828173
0.0697275
0.0697275
0.0697275
0.0838827
0.0838827
0
0
0.0838827
0.0838827
0.0838827
0.0697275
0.0697275
0.0697275
0.0838827
0.0838827
0.0838827
0.0838827
0.0697275
0.0697275
0.0697275
0.0697275
0.0755411
0.0838827
0.0697275
0.0697275
0.0697275
0.0866199
0.0866199
0.0697275
0.0697275
0.0697275
0.0697275
0.0697275
0
0
0
0
0
0
0.0739221
0.0739221
0.0739221
0.0739221
0.0739221
0
0
0
0
0
0
0
0
0
0
0
0
0
0
0
0
0
0
0.0638252
0.0637992
0.0759671
0.0638252
0
0.0638252
0.0638252
0.171096
0.0950186
0
0
0
0
0
0
0
0
0
0
0
0
0
0
0
0
0
0
0
0
0
0
0
0
0
0
0
0
0
0
0.174928
0.174928
0.174928
0.0765705
0.0765705
0.0765705
0.0765705
0.0765705
0.0765705
0
0
0
0
0
0
0
0
0
0
0
0
0
0
0
0
0
0
0
0
0
0
0
0
0
0
0
0
0
0
0
0
0
0
0
0
0
0
0
0
0
0
0
0
0
0
0
0
0
0
0
0
0
0
0
0
0
0
0
0
0
0
0
0
0
0
0
0
0
0
0
0
0
0
0
0
0
0
0
0.0758534
0.0758534
0
0
0
0
0
0
0
0
0
0
0
0
0
0
0
0
0
0
0
0
0
0
0
0
0
0
0
0
0
0
0
0
0
0
0
0
0
0
0
0
0
0
0
0
0
0
0
0
0
0
0
0
0
0
0.0998404
0.0998404
0.0998006
0.0998006
0.0998006
0.0998006
0.0998006
0.0998006
0.0998006
0.0998006
0.0998006
0.0998006
0.0629941
0.0629941
0.0629941
0.0629941
0.0629941
0.0629941
0.0629941
0.0629941
0.0998404
0.0998404
0.0998404
0.0998404
0.0998404
0.0998404
0.0998404
0.0998404
0.0998404
0.101305
0.101305
0.101305
0.101305
0.0998404
0.0998404
0.0998404
0.110811
0.110811
0.110811
0.110811
0.110811
0.160956
0.110811
0.0998404
0.0998404
0.0998404
0
0
0
0
0
0
0
0
0
0
0
0
0
0
0
0
0
0
0
0
0
0
0
0
0.0998006
0.0998006
0.0998006
0.0998006
0.0998006
0.0998006
0.0998006
0.0998006
0.0998006
0.0998006
0.0998006
0.0998006
0.0998006
0.0998006
0.0998006
0.0998006
0.0998006
0.0998006
0.0998006
0.0998006
0.0998006
0.0998006
0.0998006
0.0998006
0.0998006
0.0998006
0.0998006
0.0998006
0.100748
0.101077
0
0.101305
0.0998404
0.0998404
0.0998404
0.0998404
0.0998404
0.0998404
0.0998404
0
0
0.0998404
0.106335
0.106335
0.106335
0.103717
0.10374
0
0
0
0
0
0
0
0
0
0
0
0.0658922
0.0658922
0.0658922
0.0658922
0.0658922
0.0658922
0.0658922
0.0658922
0.0658922
0.0658922
0.0658922
0.0658922
0.0658922
0.0658922
0.0658922
0.0658922
0.0658922
0.0658922
0.0658922
0.0658922
0.0658922
0.0658922
0.0658922
0.0658922
0.0658922
0.0658922
0.0658922
0.0658922
0.0658922
0.0658922
0.0658922
0.0658922
0.0658922
0.0658922
0.0658922
0.0658922
0.0658922
0.0658922
0.0658922
0.0658922
0.0658922
0.0658922
0.0658922
0.0658922
0.0658922
0.0658922
0.0658922
0.0658922
0.0658922
0.0658922
0.0658922
0.0658922
0.0658922
0.0658922
0.0658922
0.0658922
0.101305
0.101305
0.101305
0.101305
0.101347
0.101935
0.101681
0
0
0.101305
0
0
0
0
0.0998006
0.0998006
0.0998006
0.0998006
0.0998006
0.0998006
0.0998006
0.0998006
0.0629941
0.0629941
0.0629941
0.0629941
0.0629941
0.0629941
0.0629941
0.0629941
0
0.104257
0.104257
0
0
0
0
0
0
0
0
0
0
0
0
0
0
0
0
0
0
0
0
0
0
0
0.107783
0
0
0
0
0.107783
0
0
0
0
0
0
0
0
0
0
0
0
0
0
0
0
0
0
0
0
0
0
0
0
0
0
0
0
0
0
0
0
0
0
0
0.0755239
0
0.0755239
0
0
0
0
0
0
0
0
0
0
0
0
0.115501
0.115501
0.115501
0
0.115501
0.115011
0.115011
0.115011
0
0
0
0
0.115011
0.115011
0.115841
0.115997
0.115997
0.115997
0.115997
0.115997
0
0
0.115997
0.115997
0.115997
0
0
0.115011
0.10844
0.10844
0
0
0
0
0
0.10844
0
0
0
0
0
0
0
0
0
0
0
0
0
0
0
0
0
0
0
0
0
0
0
0
0
0
0
0
0
0
0
0
0
0
0
0
0
0.283524
0.625
0.625
0.625
0.625
0
0.625
1
0.625
0.944911
0
0
0
0
0
0
0
0
0
0
0
0
0
0.283524
0.283524
0
0.283524
0
0
0
0
0
0
0
0
0
0
0
0
0
0
0
0
0
0
0
0
0
0
0.0629342
0.0629342
0.0629342
0.0629342
0.0629342
0.0629292
0.0629292
0.0629292
0.0629292
0.0629292
0.0629292
0.0629342
0.0629342
0.0629342
0.0629342
0
0
0
0
0
0
0
0
0
0.0628496
0
0
0
0
0
0
0
0
0
0
0
0
0
0
0
0
0
0
0
0
0
0.164577
0
0
0.164577
0.0998404
0
0
0
0
0
0
0
0
0
0
0
0
0
0
0
0
0
0
0
0
0
0
0
0
0
0
0
0
0
0
0
0
0
0
0
0
0
0
0
0
0
0
0
0
0
0
0
0
0
0
0
0
0
0
0
0
0
0
0
0
0
0
0
0
0
0
0
0
0
0
0
0
0
0
0
0
0
0.0710597
0.0710597
0.0710597
0.0710597
0.0710597
0.0710597
0.0710597
0.0710597
0.0710597
0.0710597
0.0710597
0.0710597
0.0710597
0
0
0
0
0
0
0.089977
0
0.105339
0
0
0
0
0
0.100605
0.100605
0.100605
0.105036
0
0
0
0
0
0.0999001
0.105762
0
0
0
0
0.0998404
0.0998404
0.0998404
0.100565
0
0
0
0
0
0
0
0
0
0
0
0
0
0
0
0
0
0
0
0
0
0
0
0
0
0
0
0
0
0
0
0
0
0
0
0
0
0
0
0
0
0
0
0
0
0
0
0
0
0
0
0
0
0
0
0
0
0
0
0
0
0
0
0
0
0
0
0
0
0
0
0
0
0
0
0
0
0
0
0
0
0
0
0
0
0
0
0
0
0
0
0
0
0
0
0
0
0
0
0
0
0
0
0
0
0
0
0
0
0
0
0
0
0
0
0
0
0
0
0
0
0
0
0
0
0
0
0
0
0
0
0
0
0
0
0
0
0
0.0629941
0.0629941
0.0629941
0
0
0
0
0
0
0
0
0
0
0
0
0
0
0
0
0
0
0
0
0
0
0
0
0
0
0
0
0
0
0
0
0
0
0
0
0
0
0
0
0
0
0
0.0994053
0.0994053
0.0994053
0.0994053
0.0994053
0.0994053
0.0994053
0
0
0
0
0
0
0
0
0
0
0
0
0
0
0
0
0
0
0
0
0
0
0
0
0
0
0
0
0
0
0
0
0
0
0
0
0
0.0628496
0
0
0
0
0
0
0
0
0
0
0
0.0989372
0
0
0
0
0
0
0
0
0
0
0
0
0
0
0
0
0.0630141
0
0.0630141
0
0
0
0
0
0
0
0
0
0
0
0
0
0
0
0
0
0
0
0
0
0
0
0
0
0
0
0
0
0
0
0
0
0
0
0.0629941
0.0629941
0.0629941
0.0629941
0.0629941
0.0629941
0.0629941
0.0629941
0.0629941
0.0629941
0.0629941
0.0629941
0.0629941
0.0629941
0.0629941
0.0629941
0.0629941
0.0629941
0.0629941
0.0629941
0.0629941
0.0629941
0.0629941
0.0629941
0.0629941
0.0629941
0.0629941
0.0629941
0.0629941
0
0
0.0629941
0.0629941
0.0629941
0.0629941
0.0629941
0.0629941
0.0630041
0
0
0
0
0
0
0
0
0
0
0
0
0
0
0.0633673
0
0
0
0
0
0
0
0
0
0
0
0
0
0
0
0
0
0
0
0
0
0
0
0
0
0
0
0
0.0998404
0.0998404
0.0998404
0.0998404
0.0998404
0.0998404
0.0998404
0.0998404
0.0998404
0.0998404
0
0
0
0
0
0.0998404
0.0998404
0.0998404
0.0998404
0.0998404
0.0998404
0.0998404
0.0998404
0
0.0998404
0.0998404
0.0998404
0.0998404
0.0998404
0.0998404
0.0998404
0.0998404
0.0998404
0.0998404
0.0998404
0.0998404
0.0998404
0
0
0
0
0
0
0
0
0
0
0
0
0
0
0
0
0
0
0
0
0
0
0
0
0
0
0
0
0
0
0
0.0998404
0.0998404
0.0998404
0.0998404
0.104828
0.104828
0.100565
0.100565
0.104944
0.104944
0
0
0
0
0
0
0
0
0.164577
0.164577
0.220113
0.220113
0
0
0
0
0
0
0
0
0
0
0
0
0
0
0
0
0
0
0
0
0
0
0
0
0
0
0.102555
0.102555
0.112996
0
0
0
0
0
0
0
0.0998404
0.0998404
0.0998404
0.112967
0.112967
0.115593
0.112967
0.0998404
0
0
0
0
0
0
0
0
0
0
0
0
0
0
0.104828
0.104828
0.104828
0.104828
0.104828
0.104828
0.104828
0.104828
0.102211
0.102211
0
0
0
0
0
0
0
0
0
0
0.106359
0.106359
0.106359
0.106359
0.106359
0.102211
0.106359
0.106359
0.106359
0.106359
0
0.106359
0
0.107187
0
0
0
0
0
0
0
0.107187
0.112996
0.112996
0.112996
0.112996
0.105715
0.105715
0.105715
0.105715
0.105715
0.107758
0
0.106625
0.100565
0.100565
0.100565
0.100565
0
0
0
0.101139
0.101139
0.101451
0.101451
0.101451
0.101451
0.101535
0.101535
0
0.101139
0.101139
0
0
0
0
0
0
0
0
0
0
0
0
0
0
0
0
0
0
0
0
0
0
0
0
0
0
0
0
0
0
0
0
0
0
0
0
0
0
0
0
0
0
0
0
0
0
0
0
0
0
0
0
0
0
0
0
0
0
0
0
0
0
0
0
0
0
0
0
0
0
0
0.164577
0.164577
0.164577
0.164577
0.164577
0.174714
0.174714
0.174714
0.174714
0
0.164577
0.164577
0.164577
0.164577
0.164577
0.164577
0.166114
0
0
0
0
0
0
0
0
0
0
0
0
0
0
0
0
0
0
0
0
0
0
0
0
0
0
0
0
0.174714
0.174714
0.174714
0.174714
0.174714
0.174714
0.174714
0.174928
0
0
0
0
0
0
0.174714
0.174714
0.174714
0.0751391
0
0.0790965
0.0790965
0.0790965
0.0790965
0.0790965
0
0
0
0.0790965
0.0790965
0.181369
0.174714
0.176117
0
0
0
0
0
0
0
0
0
0
0
0
0
0
0
0
0
0
0
0
0
0
0
0
0
0
0
0
0
0
0
0
0
0
0
0
0
0
0
0
0.220113
0.220113
0.220113
0.220113
0.220113
0.220541
0.220541
0
0.221839
0.221839
0
0.221839
0.228934
0.220113
0.220113
0
0.220113
0
0.100483
0.100483
0.100483
0
0
0
0
0
0
0
0.104944
0.104944
0.104944
0.104944
0.104944
0.0516811
0
0.0525472
0.0525472
0
0
0
0
0
0
0
0
0
0
0.0525472
0.104828
0.104828
0.104828
0.104828
0
0.104828
0.104944
0.104944
0.104944
0.106311
0.106311
0.106311
0
0.106311
0.177667
0.177667
0.181608
0.177667
0
0
0
0.177667
0
0
0
0
0
0
0
0
0
0
0
0
0
0
0
0
0
0
0
0
0
0
0
0
0
0
0
0
0
0
0
0
0
0
0
0
0
0
0
0
0
0.101264
0.101264
0
0.101368
0.102447
0.0998404
0.0998404
0.0998404
0.0998404
0.0998404
0.0998404
0.0998404
0.0998404
0.0998404
0.0998404
0.0998404
0.0998404
0.0998404
0.0998404
0
0
0
0.0998404
0.0998404
0.0998404
0.0998404
0.0998404
0.0998404
0.0998404
0.0998404
0
0.0998404
0.0998404
0.0998404
0.0998404
0.0998404
0.0998404
0.0998404
0.0998404
0.0998404
0.0998404
0.0998404
0.0998404
0.0998404
0
0
0
0
0
0
0
0
0
0
0
0
0
0
0
0
0
0
0
0
0
0
0
0
0
0
0
0
0
0
0
0
0
0
0
0
0.0998205
0.0998205
0
0.0998205
0
0
0
0
0
0
0
0
0
0
0
0
0
0
0
0
0
0
0
0
0
0
0
0
0
0
0
0
0
0
0
0
0
0
0
0
0
0
0
0
0
0
0
0
0
0
0
0
0
0
0
0
0
0
0
0
0
0
0
0
0
0
0
0
0
0
0
0
0
0
0
0
0
0
0
0
0
0
0
0
0
0
0
0
0
0
0
0
0
0
0
0
0
0
0
0
0
0
0
0
0
0
0
0
0
0
0
0
0
0
0
0
0
0
0
0
0
0
0
0
0
0
0
0
0
0
0
0
0
0
0
0
0
0
0
0
0
0
0
0
0
0
0
0
0
0
0
0
0
0
0
0
0
0
0.103874
0.103874
0.103874
0.103874
0.106625
0.106625
0.103874
0.103874
0.103874
0.103874
0
0
0
0
0
0.103874
0.104054
0
0.104054
0.104507
0.104348
0.104348
0.104393
0.104348
0.104348
0
0.104348
0
0.106552
0.106552
0.125274
0.106697
0.106697
0.106966
0.107187
0.107187
0.107483
0.107187
0.110811
0.110811
0.110811
0.110811
0.110865
0.110811
0.110811
0.110811
0.103874
0.105503
0.105527
0.108211
0.10867
0.10867
0.10867
0
0
0.108824
0.110056
0.105527
0.104031
0.104031
0.104031
0.104031
0.104031
0.104031
0.104031
0.104031
0.104031
0.104031
0.104031
0.104031
0.104031
0.104031
0.104031
0.104031
0.104031
0.0915392
0.0915392
0.0559297
0.0559297
0.0629941
0.0629941
0.0629941
0.0629941
0.0629941
0.0629941
0.0629941
0.0629941
0.0629941
0.0629941
0.0629941
0.0629941
0.0629941
0.0629941
0.0629941
0.0629941
0.0629941
0.0629941
0.0629941
0.0629941
0.0629941
0.0629941
0.0629941
0.0629941
0.0629941
0.0629941
0.0629941
0.0629941
0.0629941
0.0629941
0.0629941
0
0
0.104031
0.104031
0.104031
0.104031
0.104031
0.104031
0.106795
0.104031
0.104031
0.106263
0.106263
0.106263
0.106263
0.106263
0.106263
0.106263
0.106263
0.106263
0.106263
0.104031
0.104031
0.104031
0.104031
0.104031
0.106795
0.104031
0.104031
0.104031
0.104257
0.104257
0
0
0
0.104257
0.104031
0.376889
0.395285
0.376889
0.104031
0.104031
0.105013
0.105013
0.105013
0
0.104031
0.104031
0.104031
0.104212
0.104212
0.105013
0
0.105013
0.105013
0
0
0
0
0
0
0
0
0.171904
0.171904
0.106722
0.106819
0
0
0
0
0
0
0
0.107113
0.107113
0.107113
0
0
0
0
0
0
0.225647
0.225647
0.225647
0.167789
0.167789
0.167789
0
0
0
0
0
0
0
0
0
0
0
0
0
0
0
0
0
0
0
0
0
0
0
0
0
0
0
0
0
0
0
0
0
0
0
0
0
0
0
0
0
0
0
0
0
0
0
0
0
0
0
0
0
0
0
0
0
0
0
0
0
0
0
0
0
0
0
0
0
0
0
0
0.107633
0.107633
0.107633
0
0
0
0
0
0
0
0
0
0
0
0
0
0
0.105013
0.105013
0.104257
0.104257
0
0
0
0
0
0
0
0
0
0
0
0
0
0.104031
0.104031
0.104691
0.104031
0.104031
0.104691
0.104691
0
0.104691
0
0
0
0.104691
0.104691
0.107633
0.107633
0.107633
0.107633
0.107858
0.107858
0.107858
0.107858
0.109738
0.109738
0
0.107858
0
0
0.107908
0.107908
0
0
0
0
0
0
0.107908
0.109791
0.109791
0.109791
0.110947
0.110947
0.110947
0.110947
0.111029
0.110947
0
0
0
0
0
0
0
0
0
0
0
0
0
0
0
0
0
0
0
0
0
0
0
0
0
0
0
0
0
0
0
0
0
0
0
0
0
0
0
0
0
0
0
0
0.111029
0
0.111084
0.111084
0.111084
0.111084
0
0
0
0.111084
0.111084
0.111084
0.111139
0
0
0
0
0
0
0
0
0
0.111084
0.111194
0.474579
0.474579
0
0.474579
0
0.524142
0.601929
0.601929
0
0.601929
0
0
0
0
0
0
0
0
0
0.524142
0.111029
0.111029
0.111029
0.111029
0.111084
0.111029
0
0.111084
0.111084
0
0.111084
0.111084
0
0
0
0
0
0
0
0
0
0
0.104212
0.104212
0.10453
0.105176
0.105176
0
0
0
0
0
0
0.105176
0.105176
0.107113
0.107858
0.107783
0.107783
0.107783
0.107783
0
0
0.107783
0.107783
0.107783
0.107783
0.107783
0
0
0
0
0
0
0
0
0.107783
0
0
0
0
0
0
0
0
0
0
0
0
0
0
0
0
0
0
0
0
0
0
0
0
0
0
0
0
0
0
0
0
0
0
0.225647
0.225647
0.225647
0.23338
0.23338
0.235702
0.235702
0
0.23338
0
0
0.225647
0
0
0
0
0
0
0
0
0
0
0
0
0.105013
0.105013
0.105013
0.10844
0.10844
0
0.10844
0
0
0
0
0
0
0
0
0
0
0
0.10844
0.10844
0
0
0
0
0
0
0
0
0
0
0
0
0
0
0.105013
0.167789
0.167789
0.167789
0
0
0
0.168168
0.175358
0.175358
0.175358
0.175358
0.201456
0.175358
0
0.175358
0
0.175358
0.175358
0.175358
0
0.168168
0.152216
0.152216
0.152216
0.152216
0.152216
0.152216
0.152216
0.0755239
0.0755239
0.0755239
0.0755239
0.0755239
0.152216
0.152216
0.152216
0.152216
0.800641
0.152216
0
0
0
0
0
0
0
0
0
0
0
0
0
0
0
0
0
0
0
0
0
0
0
0
0
0
0
0
0
0
0
0
0
0
0
0.106479
0.106528
0
0
0
0
0
0
0
0.104944
0.104944
0
0.104944
0.106892
0.106892
0.105574
0.105574
0.104553
0.104553
0.104553
0.114889
0.115501
0.115501
0.115501
0.114889
0
0
0.104553
0
0.104553
0
0
0
0
0.104759
0.101451
0.101451
0.101451
0.101451
0
0
0
0
0
0
0
0.101451
0.101451
0.101451
0.101451
0
0.101451
0
0
0
0
0
0
0
0
0
0
0
0
0
0
0
0
0
0.0629941
0.0629941
0.0629941
0.0629941
0.0629941
0.0629941
0.0629941
0.0629941
0.0629941
0
0
0
0
0
0
0
0
0
0
0
0
0
0
0
0
0
0
0
0
0
0
0
0
0
0
0
0
0
0
0
0
0
0
0
0
0
0
0
0
0
0
0
0
0
0
0
0
0
0
0
0
0
0
0
0
0
0
0
0
0
0
0
0
0
0
0
0
0
0
0
0
0
0
0
0
0
0
0
0
0
0
0
0
0
0
0
0
0
0
0
0
0
0
0
0
0
0
0
0
0
0
0
0
0
0
0
0
0
0
0
0
0
0
0
0
0
0
0
0
0
0
0
0
0
0
0
0
0
0
0
0
0
0
0
0
0
0
0
0
0
0
0
0
0
0
0
0
0
0
0
0
0
0
0
0
0
0
0
0
0
0
0
0
0
0
0
0
0
0
0
0
0
0
0
0
0
0
0
0
0
0
0
0
0
0
0
0
0
0
0
0
0
0
0
0
0
0
0
0
0
0
0
0
0
0
0
0
0
0
0
0
0
0
0
0
0.0629941
0
0
0
0
0
0
0
0
0
0
0
0
0
0
0
0
0
0.0629941
0
0.0629941
0
0.0629941
0
0.0629941
0
0
0
0
0
0
0.101118
0.101118
0.101118
0.101118
0.101118
0.101118
0.101118
0.101118
0.101118
0.101118
0.101118
0.101118
0.101118
0.101118
0.101118
0.101118
0.101118
0.101118
0.101118
0.101118
0.101118
0.0629941
0.0629941
0.0629941
0.0629941
0.0629941
0.0629941
0.0629941
0.0629941
0.0629941
0.0629941
0.0629941
0.101118
0.101347
0.101118
0.101118
0.101118
0.118147
0.118147
0.118147
0
0
0
0.118213
0.118213
0.118213
0.118213
0.118213
0.118213
0.118947
0.118947
0.118947
0.118947
0.118947
0
0
0.118947
0
0.118213
0.118147
0.101118
0.112766
0.112766
0.101118
0
0.101118
0.101118
0.104054
0.104054
0.104054
0.333333
0.334825
0.334825
0.334825
0.334825
0
0.104054
0.106722
0.106722
0
0
0
0
0.109265
0
0.104054
0
0
0
0
0
0
0.101118
0.111359
0.111359
0.111359
0.111359
0.111359
0.111359
0.101118
0.101118
0
0.101118
0
0
0.101118
0
0
0
0
0
0.101118
0
0
0
0.101118
0.101118
0.118147
0.101118
0.101118
0.101118
0.101118
0.101118
0.101118
0.109659
0.109659
0.109659
0.109659
0.109659
0.109659
0.11214
0.0856109
0.38236
0.38236
0.38236
0
0.109659
0
0
0
0.109659
0.109659
0.118879
0.109659
0.101118
0
0.101118
0
0
0.101118
0.101118
0.109659
0.117266
0.10987
0.10987
0.109659
0.11746
0.109764
0.109764
0.101118
0.104054
0.104054
0.101118
0.109659
0.109659
0.115133
0
0
0.10995
0.116881
0
0
0.110405
0
0
0
0
0.109659
0.101118
0.125
0.125
0.101118
0.110865
0.101118
0
0.101118
0.107039
0.103384
0
0
0
0
0.103762
0.103762
0.101118
0.106722
0.101118
0
0.101118
0.101118
0.101284
0.341793
0.101284
0.107039
0.107039
0.107039
0.115966
0.115966
0.115966
0.115966
0.115966
0.115966
0
0.115966
0.107335
0.107335
0.107459
0.107335
0
0
0
0
0.10987
0.107015
0.107015
0
0
0
0
0.108262
0
0
0
0
0
0
0
0
0
0
0
0
0
0
0
0
0
0
0
0
0
0
0
0
0
0
0
0
0
0
0
0.0998404
0.0998404
0.0998404
0.0998404
0.0998404
0
0.0998404
0.0998404
0.0998404
0.101305
0.101305
0.0998404
0.0998404
0.0998404
0.101305
0
0.101305
0.103673
0.103673
0.103673
0.103673
0.108084
0.108084
0
0.101305
0
0
0
0
0
0
0
0
0
0
0
0
0
0
0
0.0629991
0
0
0
0.0629991
0.0630141
0.0630141
0.0630141
0.0629991
0
0
0
0.0629991
0
0
0
0
0
0
0
0
0
0
0
0
0
0
0
0
0
0
0
0
0
0
0
0
0
0
0
0
0
0
0
0
0
0
0
0
0
0
0
0
0
0
0
0
0
0
0
0
0
0
0
0
0
0
0
0
0
0
0
0
0
0
0
0
0
0
0
0
0
0
0
0
0
0
0
0
0
0
0
0
0
0
0
0
0
0
0
0
0
0
0
0
0
0
0
0
0
0
0
0
0
0
0
0
0
0
0
0
0
0
0
0
0
0
0
0
0
0
0
0
0
0
0
0
0
0
0
0
0
0
0
0
0
0
0
0
0
0
0
0
0
0
0
0
0
0
0
0
0
0
0
0
0
0
0
0
0
0
0
0
0
0
0
0
0
0.0871313
0.0871313
0.0871313
0.0871313
0.0871313
0.0871313
0
0
0
0
0
0
0.0883194
0.0871313
0
0
0.0934457
0.0934457
0.0943228
0.0943228
0.0943228
0.0883194
0.0883194
0.0883194
0.0883194
0.0883194
0.0954331
0.0883194
0
0
0
0
0.0898897
0
0
0
0
0
0
0
0
0
0
0
0
0
0
0.160956
0.160956
0.160956
0.160956
0
0
0
0
0
0.160956
0
0
0
0
0
0
0
0
0
0.0995629
0.0995629
0.0976458
0.0993073
0.0993073
0.0993073
0.0998006
0
0
0
0
0
0
0
0
0
0
0
0
0
0
0
0
0
0
0
0
0
0
0
0
0
0.0658922
0.0658922
0.0658922
0.0658922
0.0658922
0
0.0658922
0.0658922
0.0658922
0.0658922
0
0.0658922
0.0658922
0.0658922
0.0658922
0
0.0658922
0.0658922
0.0658922
0.0658922
0.118947
0.118947
0.118947
0.118947
0.0658922
0.0658922
0.0658922
0.0658922
0.0658922
0.0658922
0.0658922
0.0658922
0.0658922
0
0
0
0
0
0
0
0
0
0
0
0
0
0
0
0
0
0
0
0
0
0
0
0
0
0
0
0
0
0
0
0
0
0
0
0
0
0
0
0
0
0
0
0
0
0
0
0
0
0
0
0
0
0
0
0
0
0
0
0
0
0
0
0
0
0
0
0
0
0
0
0
0
0
0
0
0
0
0
0
0
0
0
0
0
0
0
0
0
0
0
0
0
0
0
0
0
0
0
0
0
0
0
0
0
0
0
0
0
0
0
0
0
0
0
0
0
0
0
0
0
0
0
0
0
0
0
0
0
0
0
0
0
0
0
0
0
0
0
0
0
0
0
0
0
0
0
0
0
0
0
0
0
0
0
0
0
0
0
0
0
0
0
0
0
0
0
0
0
0
0
0
0
0
0
0
0
0
0
0
0
0
0.0629941
0
0
0
0
0
0
0
0
0
0
0
0
0
0
0
0
0
0
0
0
0
0
0
0
0
0
0
0
0
0
0
0
0
0
0
0
0
0
0
0
0
0
0
0
0
0
0
0
0
0
0
0
0
0
0.0998404
0.0998404
0.0998404
0.0998404
0.0998404
0.0998404
0.0998404
0
0.0998404
0.0998404
0.0998404
0
0
0
0
0
0
0
0
0
0
0
0
0
0
0
0.0629941
0
0
0
0
0
0
0
0
0
0
0
0
0
0
0
0
0
0
0
0
0
0
0
0
0
0
0
0
0
0
0
0
0
0
0
0
0
0
0
0
0
0
0
0
0
0
0
0
0
0
0
0
0
0
0
0
0
0
0
0
0
0
0
0
0
0
0
0
0
0
0
0
0
0
0
0.0976831
0.0976831
0
0
0
0
0
0.0629941
0.0629941
0.0629941
0
0
0
0
0
0
0
0.0629941
0.0629941
0.0629941
0.0629941
0.0629941
0.0629941
0.0629941
0.0629941
0.0629941
0.0629941
0.0629941
0.0629941
0.0629941
0.0629941
0.0629941
0.0629941
0.0629941
0.0629941
0.0629941
0.0629941
0.0629941
0.0629941
0.0629941
0.0629941
0
0
0
0
0.0629941
0
0
0
0
0
0
0
0
0
0
0.0629941
0
0
0
0
0
0
0
0
0
0
0
0
0
0
0
0
0
0.0629941
0.0629941
0
0
0
0
0
0
0
0
0
0
0
0
0
0
0
0
0
0
0
0
0
0
0
0
0
0
0
0
0
0
0
0
0
0
0
0
0
0
0
0
0
0
0
0
0
0
0
0
0
0
0
0
0
0
0
0
0
0
0
0
0
0
0
0
0
0
0
0
0
0
0
0
0
0
0
0
0
0
0
0
0
0
0
0
0
0
0
0
0
0
0
0
0
0
0
0
0
0
0
0
0
0
0
0
0
0
0
0
0
0
0
0
0
0
0
0
0
0
0
0
0
0
0
0
0
0
0
0
0
0
0
0
0.0629991
0.0629991
0.0629991
0.0629991
0.0629991
0.0629991
0.0630993
0.0629991
0
0.0629342
0.0629342
0
0
0
0
0
0
0
0
0
0
0
0
0
0
0.0629941
0.0629941
0.0629941
0.0629941
0.0629941
0.0629941
0
0
0
0
0
0
0
0
0
0
0
0
0
0
0
0
0
0
0
0
0
0
0
0
0
0
0
0
0
0
0
0
0
0
0
0
0
0
0
0
0
0
0
0
0
0
0
0
0
0
0
0
0
0
0
0
0
0
0
0
0
0
0
0
0
0
0
0
0
0
0
0.0987441
0.0987441
0.0987441
0.0987441
0.0987441
0.0987441
0.0987441
0
0
0
0
0
0
0
0
0
0
0
0
0
0
0
0
0
0
0
0
0
0
0
0
0
0
0
0
0
0
0
0
0
0
0
0.100892
0
0.100995
0.0987441
0
0
0
0
0
0
0
0
0
0
0
0
0
0
0
0
0
0
0
0
0
0
0
0
0
0
0
0
0
0
0
0
0
0
0
0
0
0
0
0
0
0
0
0
0
0
0
0
0
0
0
0
0
0
0
0
0
0
0
0
0
0
0
0
0
0
0
0
0
0
0
0
0
0
0.0629941
0
0
0
0
0
0
0
0
0
0
0
0
0
0
0
0
0
0
0
0
0
0
0
0
0
0
0
0
0
0
0
0
0.0992681
0
0
0
0
0
0
0
0
0
0
0
0
0
0
0
0
0
0
0
0
0
0
0
0
0
0
0
0
0
0
0
0
0
0
0
0
0
0
0
0
0
0
0
0
0
0
0
0
0
0
0
0
0
0
0
0
0
0
0
0
0
0
0
0
0
0
0
0
0
0
0
0
0
0
0
0
0
0
0
0
0
0
0
0
0
0
0
0
0
0
0
0
0
0
0
0
0
0
0
0
0
0
0
0.0997212
0
0
0
0
0
0
0
0.0987441
0.0987441
0.0987441
0.0987441
0.0987441
0.0987441
0.0987441
0.0987441
0.0987441
0.0987441
0.0987441
0.0987441
0.0987441
0.0987441
0.0987441
0.0996815
0
0.0987441
0
0
0
0
0
0.105952
0.105952
0
0
0
0.105952
0
0
0
0.0998006
0
0
0
0
0.100892
0
0.0987441
0.0987441
0
0
0
0.0987441
0
0
0
0
0
0
0
0
0
0
0
0
0
0
0
0
0
0
0
0
0
0.0996617
0.0996617
0.0997609
0.0996617
0.0996617
0.0996617
0.0996617
0
0.0996815
0.0998404
0
0
0
0
0
0
0
0
0
0
0
0
0
0
0
0
0
0
0
0
0
0
0
0
0
0
0
0
0
0
0
0
0
0
0
0
0.0997013
0
0
0
0
0
0
0
0
0
0
0
0
0
0
0
0
0
0
0
0
0
0
0
0
0
0
0
0
0
0
0
0.0992681
0
0
0
0.308901
0.31497
0.31497
0
0
0.31497
0
0
0.315597
0
0
0
0
0.318788
0.0630041
0.130677
0
0
0
0.130677
0
0.130677
0.130677
0.130677
0.131306
0.131306
0
0.131306
0
0
0
0.130677
0.130677
0.130677
0
0.130677
0
0.130677
0
0.130677
0.130677
0.130677
0
0.130677
0
0.130677
0
0.130677
0
0
0
0
0
0
0
0
0
0
0
0
0
0
0
0
0
0
0
0
0
0
0
0
0
0
0
0
0
0
0
0
0
0
0
0
0
0
0
0
0
0
0
0
0
0
0
0
0
0
0
0
0
0
0
0
0
0
0
0
0
0
0
0
0
0
0
0
0
0
0
0
0
0
0
0
0
0
0
0
0
0
0
0
0
0
0
0
0
0
0
0
0
0
0
0
0
0
0
0
0
0
0
0
0
0
0
0
0
0
0
0
0
0
0
0
0
0
0
0
0
0
0
0
0
0
0
0
0
0
0
0
0
0
0
0
0
0
0
0
0
0
0
0
0
0
0
0
0
0
0
0
0
0
0
0
0
0
0
0
0
0
0
0
0
0
0
0
0
0
0
0
0
0
0
0
0
0
0
0
0
0.0629342
0.0629342
0.0629342
0
0
0
0
0
0
0
0
0
0
0.0629342
0.0629342
0.0629342
0.0629991
0.0629991
0.0629991
0.0629991
0.0629991
0.0629991
0.0629991
0.0629991
0.0629991
0.0629991
0.0629991
0
0.0703458
0.0998404
0.0634132
0.0634132
0.0634132
0.0634132
0.0634132
0.0634132
0.0634796
0.0634796
0.0634796
0.0634796
0
0
0
0.0636233
0.0636233
0
0
0
0.0634796
0.0634796
0.0634796
0
0
0.0634796
0
0.0635411
0.0634796
0.0634796
0
0.0629941
0
0
0
0
0
0
0
0
0
0
0
0
0
0
0
0
0
0
0
0
0
0
0
0
0
0
0
0
0
0
0
0
0
0
0
0
0
0
0
0
0
0
0
0
0
0
0
0
0
0
0
0
0
0
0
0
0
0
0
0
0
0
0
0
0
0
0
0
0
0
0
0
0
0
0
0
0
0
0
0
0
0
0
0
0
0
0
0
0
0
0
0
0
0
0
0
0
0
0
0
0
0
0
0
0
0
0
0
0
0
0
0
0
0
0
0
0
0
0
0
0
0
0
0
0
0
0
0.0998006
0.0998006
0.0998006
0.0998006
0.0998006
0
0
0
0
0.102771
0.102771
0.107162
0.106843
0.0998006
0.101077
0.103628
0.106649
0
0.107015
0
0.101077
0.0635411
0.0635411
0.0635411
0.0635411
0
0.0635411
0.0635411
0.0877328
0.0877328
0.0697275
0.0697275
0.0635411
0
0
0
0
0
0
0.0877328
0.0877328
0.0877328
0
0.0877328
0
0.0877328
0.0697275
0.0697275
0
0
0
0.0697275
0
0
0
0
0.0697275
0.0697275
0.0697275
0.0697275
0.0866199
0.0866199
0.0866199
0.112566
0.0866199
0.114317
0.0866199
0.0697275
0
0
0
0
0
0
0
0
0
0
0
0
0
0
0
0
0
0
0
0
0
0
0
0
0
0
0
0
0
0
0
0
0
0
0
0
0
0
0
0
0
0
0
0
0
0
0
0
0
0
0
0.0629941
0
0
0
0
0
0
0.0934457
0
0.100402
0.100402
0.100402
0.100402
0.100402
0.100402
0.100402
0.100402
0.100402
0
0
0
0
0
0
0
0
0
0
0
0
0
0
0
0
0
0
0
0.0992681
0
0
0
0
0
0
0
0
0
0
0
0
0
0
0
0.0629941
0.0629941
0.0629941
0.0629941
0.0629941
0.0629941
0.0629941
0.0629941
0.0629941
0.0629941
0.0629941
0.0629941
0.0629941
0
0
0
0
0
0
0
0
0
0
0
0
0
0
0
0
0
0
0
0
0
0
0
0
0
0
0
0
0
0
0
0
0
0
0
0
0
0
0
0
0
0
0
0
0
0
0
0
0
0
0
0
0
0
0
0
0
0
0
0
0
0
0
0
0
0
0
0
0
0
0
0
0
0
0
0
0
0
0
0
0
0
0
0
0
0
0
0
0
0
0
0
0
0
0
0
0
0
0
0
0
0
0
0
0
0
0
0
0
0
0
0
0
0
0
0
0
0
0
0
0
0
0
0
0
0
0
0
0
0
0
0
0
0
0
0
0
0
0
0
0
0
0
0
0
0
0
0
0
0
0
0
0
0
0
0
0
0
0
0
0
0
0
0
0
0
0
0
0
0
0
0
0
0
0
0
0
0
0
0
0
0
0
0
0
0
0
0
0
0
0
0
0
0
0
0
0
0
0
0
0
0
0
0
0
0
0
0
0
0
0
0
0
0
0
0
0.0992681
0
0
0
0.0633673
0.0633673
0.0633673
0.0633673
0
0
0
0
0.0629741
0.0629741
0.0717145
0.0717145
0.0718625
0.0774659
0.0717145
0.0717145
0.0717145
0.0717145
0.0717145
0.0717145
0.0771792
0.0771792
0.0771792
0.0771792
0.0771792
0.0771792
0.0771792
0
0.0771792
0.0771792
0.091964
0.091964
0.091964
0.0771792
0.0771792
0.0720862
0.0720862
0.0717145
0.0717145
0
0
0
0
0
0
0
0.0827379
0
0.0827379
0.0827379
0
0.0827379
0.0827379
0
0
0
0
0
0
0
0.0721012
0.0721012
0.0717145
0.0717293
0.0717293
0.0717293
0.0717293
0.0717293
0.0717293
0.0717145
0.0728087
0.0728087
0.0728087
0.0728087
0
0.0728087
0.0728087
0
0
0
0
0
0
0
0
0
0
0
0
0
0
0
0
0
0
0
0
0
0
0
0.101118
0.101118
0.101118
0
0
0
0
0
0
0
0
0
0
0
0
0
0
0
0
0
0
0
0
0
0
0
0
0
0
0
0
0
0
0
0
0
0.0630041
0.0630041
0.0630041
0.0630041
0.0630041
0.0630041
0.118246
0.118246
0.130366
0.130366
0.130366
0.130366
0.130366
0
0.130366
0.130811
0.130366
0
0
0
0.130366
0
0
0
0
0
0
0
0.130366
0.118412
0.0630041
0.0629991
0
0
0
0
0
0
0
0
0
0
0
0
0
0
0
0
0
0
0
0
0
0
0
0
0
0
0
0
0
0
0
0
0.0927997
0.0927997
0.0927997
0
0
0
0
0
0
0
0.06319
0.06319
0
0.06319
0.06319
0.100483
0.100483
0
0.100483
0.100483
0.0636182
0
0
0
0
0
0
0
0
0
0
0
0
0
0
0
0
0
0
0
0
0
0
0
0
0
0
0
0
0
0
0
0
0
0
0
0
0
0
0
0
0
0
0
0
0
0
0
0
0
0
0
0.06319
0.06319
0.06319
0.0678157
0
0
0.0635411
0.0631295
0.0631295
0.0631295
0.0631295
0.0633622
0.0633673
0
0
0
0
0
0
0
0.0883332
0.0883332
0.0883332
0.0883332
0.0883332
0
0
0
0
0
0
0
0
0
0
0
0.103011
0.103011
0.103011
0.103011
0.103011
0.103011
0.103011
0.103011
0.103011
0.103011
0.103011
0.103011
0.103011
0.103011
0.0895574
0.0895574
0.0895574
0.0895574
0.0895574
0.0895574
0.0895574
0.0895574
0
0.0895574
0.0895574
0
0.0895574
0.0895574
0
0.0895574
0
0
0.0629342
0.0629342
0
0
0
0
0
0
0
0
0
0
0
0
0
0
0
0
0
0
0
0
0
0
0
0
0
0
0
0
0
0
0
0
0
0
0
0
0
0
0
0
0
0
0
0
0
0
0
0
0
0
0
0
0
0
0
0
0
0
0
0
0
0
0
0
0
0
0
0
0
0
0
0
0
0
0
0
0
0
0
0
0
0
0
0
0
0
0
0
0
0
0
0
0
0
0
0
0
0
0
0
0
0
0
0
0
0
0
0
0
0
0
0
0
0
0
0
0
0
0
0
0
0
0
0
0
0
0
0
0
0
0
0
0
0
0
0
0
0
0
0
0
0
0
0
0
0
0
0
0
0
0
0
0.0629342
0
0
0.0629342
0.0629342
0.0629342
0.0629342
0.0629342
0
0
0.0629342
0.0629342
0.0658922
0.0658922
0.0658922
0.0658922
0.0658922
0.0658922
0.0658922
0.115966
0.116028
0
0
0
0.0658922
0.105833
0
0.0998404
0.0998404
0
0.110539
0.110539
0.106746
0.106746
0.106892
0.0658922
0.0658922
0.0658922
0.0658922
0.0658922
0.0658922
0.0658922
0.0658922
0.0658922
0.0658922
0.0658922
0.0658922
0
0
0
0
0.0658922
0.108799
0.0658922
0.0658922
0.0658922
0.0658922
0
0.0658922
0.0658922
0.115194
0.115194
0.115194
0.115194
0.115194
0.0658922
0
0.0658922
0
0
0
0
0
0.0658922
0.0658922
0.0658922
0.0658922
0.0658922
0
0
0.0658922
0.0700896
0.0658922
0.118712
0.118712
0
0.118745
0
0
0.0658922
0.0658922
0.0658922
0.0658922
0.0658922
0.0658922
0.0658922
0.0658922
0
0.0658922
0.0658922
0
0.0658922
0
0
0
0.0658922
0.0658922
0
0.0658922
0.0658922
0.10811
0.10811
0
0.0658922
0.0658922
0.0658922
0.0658922
0.0658922
0.0658922
0
0
0
0
0
0
0
0
0
0
0
0
0
0
0
0
0
0
0
0
0
0
0
0
0
0
0
0
0
0
0
0
0
0
0
0
0
0
0
0
0
0
0
0
0
0
0
0
0
0
0
0
0
0
0
0
0
0
0
0
0
0
0
0
0
0
0
0
0
0
0
0
0
0
0
0
0
0
0
0
0
0
0
0
0
0
0
0
0
0
0
0
0
0
0
0
0
0
0
0
0
0
0
0
0
0
0
0
0
0
0
0
0
0
0
0
0
0
0.103964
0.103964
0.103964
0
0
0
0
0
0.103964
0.103964
0.103964
0
0.103964
0
0
0
0
0
0
0
0
0
0
0
0
0
0
0
0
0
0
0
0
0
0
0
0
0
0
0
0
0
0
0
0
0
0
0
0
0
0
0
0
0
0
0
0
0
0
0
0
0
0
0
0
0
0
0
0
0
0
0
0
0
0
0
0
0
0
0
0
0
0
0
0
0
0
0
0
0
0
0.0658922
0.0658922
0.0658922
0
0.103784
0
0
0
0
0
0
0
0
0
0
0
0
0
0
0
0
0
0
0
0
0
0
0
0
0.0998404
0
0
0
0
0
0
0
0
0
0.0658922
0.0658922
0
0
0
0
0
0
0
0
0
0
0
0
0.0658922
0.0658922
0
0
0
0.0658922
0.0658922
0.0998404
0
0.0658922
0.0658922
0
0
0
0
0
0.109817
0
0
0
0
0
0
0
0
0.0658922
0.0658922
0
0
0
0.0658922
0.0658922
0
0
0
0
0
0
0
0
0
0
0
0.0658922
0.0658922
0
0
0.116405
0
0.0658922
0.0658922
0
0
0
0
0
0
0
0
0
0
0.0658922
0.0658922
0
0
0
0
0.0658922
0.0658922
0.0558041
0
0
0
0
0
0
0
0
0
0.0658922
0.0658922
0
0
0
0.0658922
0.0658922
0.0658922
0
0
0
0
0
0
0
0
0
0.0998404
0.0658922
0.0658922
0
0.0658922
0
0
0
0
0
0
0
0
0.0658922
0.0658922
0.0658922
0.0658922
0
0
0
0
0
0.115717
0
0
0
0
0
0
0
0
0
0
0
0
0
0
0
0
0
0.0998404
0.0658922
0.0658922
0
0
0
0
0
0
0
0.0658922
0.0658922
0.0658922
0.0658922
0.116437
0.104054
0.104054
0.104054
0
0
0
0
0.0658922
0.0658922
0.0658922
0.0658922
0
0.0658922
0.0658922
0.0658922
0.0658922
0.0658922
0.0658922
0.0658922
0.458349
0
0.458349
0.458349
0
0.48795
0.48795
0.48795
0.294628
0.294628
0.294628
0.294628
0
0.333333
0.333333
0.333333
0.392837
0.333333
0.416667
0.333333
0
0
0.333333
0.505076
0.110947
0.110947
0.110947
0.11231
0.11231
0.11231
0.11231
0
0
0
0.112395
0.112395
0.112395
0.111029
0.110865
0
0.110865
0.110865
0
0.110947
0.112112
0.112112
0.112112
0.112112
0
0.112112
0.112112
0.112112
0.113344
0.113344
0.113344
0.113344
0.113344
0.112112
0
0
0
0
0
0.0998404
0.0998404
0.0998404
0.0998404
0.0998404
0.0998404
0
0
0
0
0
0
0
0
0
0.0658922
0.0658922
0.0658922
0.0658922
0.0658922
0.0658922
0.0658922
0.0658922
0.0695451
0.0695451
0
0.0695451
0.0658922
0.0658922
0
0
0.112881
0
0
0
0
0
0
0.0658922
0.0658922
0.105644
0.0658922
0.0658922
0.0658922
0.0702902
0.0658922
0.0658922
0.0658922
0
0
0.0658922
0.0658922
0.0658922
0.0658922
0.0658922
0.0629891
0
0
0
0
0
0
0
0
0
0
0
0
0
0
0
0
0
0
0
0
0.0658922
0.0658922
0.0658922
0.0658922
0.0658922
0.0658922
0.0658922
0.0658922
0.0658922
0.0658922
0.0658922
0.0658922
0.103762
0.103762
0.103762
0.103762
0
0
0.0658922
0.0658922
0.0658922
0.0658922
0.103762
0.103762
0.103762
0
0
0
0.103762
0.103762
0.103762
0.103762
0
0
0
0
0
0
0
0
0
0
0
0
0
0
0
0.0658922
0
0
0
0
0
0
0
0
0
0.0634132
0.0634132
0.0634132
0
0.0634132
0
0
0
0
0
0
0
0
0
0
0
0
0
0
0
0
0
0
0
0
0
0
0
0
0
0
0
0
0
0
0
0
0.0878953
0.0878953
0
0
0.0878953
0
0
0
0
0
0
0
0
0
0
0
0
0
0
0
0
0
0
0
0
0
0
0
0
0
0
0
0
0
0
0
0
0
0
0
0
0
0
0
0
0
0
0
0
0
0
0
0
0
0
0
0
0
0
0
0
0
0
0
0
0
0
0
0
0
0
0
0
0
0
0
0
0
0
0
0
0
0
0
0
0
0
0
0
0
0
0
0
0
0
0
0
0
0
0
0
0
0
0
0
0
0
0
0
0
0
0
0
0
0
0
0
0
0
0
0
0
0
0
0
0
0
0
0
0
0
0
0
0
0.0930243
0
0
0
0
0
0
0
0
0
0
0
0
0
0
0
0
0
0
0
