0
0
0
0
0
0
0
0
0
0
0
0
0
0
0
0
0
0
0
0
0
0
0
0
0
0
0
0
0.22371
0.22371
0.22371
0.22371
0.22371
0.22371
0.22371
0.22371
0.22371
0
0
0
0
0
0
0
0
0
0
0
0
0
0
0
0
0
0
0
0
0
0
0
0
0
0
0
0
0
0
0
0
0
0
0
0
0
0
0
0
0
0
0
0
0
0
0
0
0
0
0
0
0
0
0
0
0
0
0
0
0
0
0
0
0
0.219089
0.219089
0.219089
0.219089
0.219089
0.219089
0.219089
0.118802
0
0.219089
0.219089
0.219089
0
0
0
0
0
0
0
0
0
0
0
0
0
0
0.119808
0.219089
0.219089
0
0.212309
0.122782
0
0.12016
0
0
0
0
0.125109
0
0.240836
0.126137
0
0.219089
0
0.219089
0
0.228416
0.219089
0
0
0
0
0
0
0
0
0
0
0.120096
0.120321
0
0.117399
0
0.219089
0.117369
0.117369
0.117369
0
0
0
0
0
0
0
0
0
0
0
0
0
0
0.216319
0
0.226134
0.216695
0
0.218218
0
0
0
0
0
0
0
0
0
0
0
0
0
0
0
0
0
0
0
0
0
0
0
0
0
0
0
0
0
0
0
0
0
0
0
0
0
0
0
0
0
0
0
0
0
0.227103
0
0
0
0.219089
0.122713
0.219089
0.123126
0.219089
0
0.219089
0
0
0
0
0
0.219089
0
0.219089
0
0
0
0
0
0.222171
0.222171
0
0.222171
0.222171
0.222171
0.222171
0.222171
0.222171
0.222171
0.222171
0
0
0
0
0.222171
0
0.227429
0.227429
0.227429
0.227429
0
0
0.227429
0.231455
0.231455
0.276956
0.276956
0.276956
0.276956
0
0
0
0
0.257248
0
0.263795
0
0
0.263795
0.263795
0.263795
0.263795
0
0
0.263795
0.263795
0
0.263795
0.263795
0
0
0
0.23355
0.23355
0.231685
0
0
0
0.23355
0.23355
0.231685
0.230542
0.278944
0.278944
0.278944
0.278944
0.230542
0.230542
0
0
0.26482
0.26482
0
0.26482
0
0
0
0.230542
0.230542
0.33896
0.230542
0.230542
0
0.230542
0.230542
0.275783
0.275783
0.263117
0.263117
0.263117
0.263117
0
0.263117
0
0.263117
0
0.263117
0.263117
0.263455
0.263117
0.371154
0.371154
0
0.371154
0.372104
0.372104
0.372104
0.372104
0
0
0
0.372104
0
0.372104
0.372104
0
0.371154
0.230542
0
0.27735
0.218555
0.218555
0.218555
0.218555
0.218555
0.218555
0.218555
0.218555
0.218555
0.218555
0.218555
0.218555
0.218555
0.218797
0
0
0.218555
0.218555
0
0.218555
0.218555
0
0
0.218555
0
0
0
0
0
0
0
0
0
0
0
0
0
0
0
0
0
0
0
0
0
0
0
0
0
0
0
0
0
0
0
0
0
0
0
0
0
0
0
0
0
0
0
0
0
0
0
0
0
0.218555
0
0
0
0
0
0.218555
0
0
0
0
0
0
0
0
0
0
0
0
0
0
0
0
0
0
0
0
0
0
0
0
0
0
0
0
0
0
0
0
0
0.217738
0.217738
0.217738
0.217738
0.217738
0
0
0
0
0
0
0
0
0
0
0
0
0
0
0
0
0
0
0
0
0
0
0
0
0
0
0
0
0
0
0
0
0
0
0
0
0
0
0
0
0
0
0
0
0
0
0
0
0
0
0
0
0
0
0
0
0
0
0
0
0
0
0
0
0
0
0
0
0
0
0
0
0
0
0
0
0
0
0
0
0
0
0
0
0
0
0
0
0
0
0
0
0
0
0
0
0
0
0
0
0
0
0
0
0
0
0
0
0
0
0
0
0
0
0
0
0
0
0
0
0
0
0
0
0
0
0
0
0
0
0
0
0
0
0
0
0
0
0
0
0
0
0
0
0
0
0
0
0
0
0
0
0
0
0
0
0
0
0
0
0
0
0
0
0
0
0
0
0
0
0
0
0
0
0
0
0
0
0
0
0
0
0
0
0
0
0
0
0
0
0
0
0
0
0
0
0
0
0
0
0
0
0
0
0
0
0
0
0
0
0
0
0
0
0
0
0
0
0
0
0
0
0
0
0
0
0
0
0
0
0
0
0
0
0
0
0
0
0
0
0
0
0
0
0
0
0
0
0
0
0
0
0
0
0
0
0
0
0
0
0
0
0
0
0
0
0
0
0
0
0
0
0
0
0
0
0
0
0
0
0
0
0
0
0
0
0
0
0
0
0
0
0
0
0
0
0
0
0
0
0
0
0
0
0
0
0
0
0
0
0
0
0
0
0
0
0
0
0
0
0
0
0
0
0
0
0
0
0
0
0
0
0
0
0
0
0
0
0
0
0
0
0
0
0
0
0
0
0
0
0
0
0
0
0
0
0
0
0
0
0
0
0
0
0
0
0
0
0
0
0
0
0
0
0
0
0
0
0
0
0
0
0
0
0
0
0
0
0
0
0
0
0
0
0
0
0
0
0
0
0
0
0
0
0
0
0
0.227429
0.227429
0.227429
0.227429
0.227429
0.227429
0.227429
0.227429
0.227429
0.227429
0.227429
0
0.227429
0
0
0.227429
0.231226
0.231226
0.231455
0.231455
0.227429
0.227429
0.227429
0
0.227429
0.227429
0.227429
0.227429
0.227429
0.227429
0.320408
0.320408
0.320408
0.320408
0.320408
0.320408
0
0.320408
0
0.320408
0.320408
0.227429
0.227429
0
0
0
0
0
0
0
0
0
0
0
0
0
0
0
0
0
0
0
0
0
0
0
0
0
0
0
0.284747
0.284747
0.284747
0
0
0
0.231916
0.234978
0.291386
0.291386
0.291386
0.291386
0
0.291845
0.291845
0
0
0
0
0.26482
0.26482
0.26482
0.26482
0
0
0
0.371154
0.371154
0.371154
0
0
0
0
0
0
0
0
0
0
0
0
0
0
0
0
0
0
0
0
0
0
0
0
0
0
0
0.26482
0
0.26482
0.26482
0.26482
1
0.26482
0.26482
0.26482
0.26482
0.26482
0.26482
1
0.227648
0
0.227648
0.227648
0.264477
0.227648
0.227648
0.227648
0.284747
0.227648
0
0.227648
0.23546
0.227648
0.264477
0
0
0
0
0
0
0
0
0
0
0
0
0
0
0
0
0
0
0
0
0
0
0
0
0
0
0
0
0
0
0
0
0
0
0
0.303046
0.303046
0.303046
0.303046
0
0.303046
0.303046
0
0.303046
0.303046
0.303046
0
0
0
0
0
0
0
0
0
0
0
0
0
0
0
0
0
0
0
0
0
0.293704
0
0
0
0.293704
0.293704
0.293704
0.293704
0.293704
0
0
0
0
0
0
0
0
0
0
0
0
0
0
0
0
0
0
0
0
0
0
0
0
0
0
0
0
0
0
0
0
0
0
0
0
0
0
0
0
0
0.251754
0.251754
0.251754
0.251754
0
0
0
0
0
0
0
0
0
0
0
0
0
0
0
0
0
0.509525
0.509525
0.509525
0
0.509525
0.509525
0
0
0
0
0
0
0
0.509525
0.509525
0
0
0
0
0
0
0
0
0
0
0
0
0
0
0
0
0
0
0
0
0
0
0
0
0
0
0.227429
0.227429
0.293704
0
0
0
0
0
0
0
0
0
0
0
0
0
0
0
0
0
0
0
0
0
0
0
0
0
0
0
0
0
0
0
0
0
0
0
0
0
0.234261
0.234261
0
0
0.23355
0
0
0
0.23355
0.23355
0.244137
0.244137
0
0
0.23355
0.254457
0.254457
0.254457
0
0
0.23355
0
0
0
0
0
0
0
0
0
0
0
0
0
0
0
0
0
0
0
0
0
0
0
0
0
0
0
0
0
0
0
0
0
0
0
0
0
0
0
0
0
0
0
0
0
0
0
0
0
0
0
0
0
0
0
0
0
0
0
0
0
0
0
0
0
0.231455
0.231455
0
0
0
0
0
0
0
0
0
0
0
0
0
0
0
0
0
0
0
0
0
0
0
0
0.261116
0
0
0
0
0
0
0
0
0
0
0
0
0
0
0
0
0
0
0
0
0
0.217643
0.217643
0.217643
0.217643
0.217643
0.224178
0.224178
0.224178
0.224178
0.224178
0.224178
0.224178
0.224178
0.224178
0.224178
0.218459
0.218459
0.218459
0.218459
0.218459
0.218459
0.218459
0.218459
0.218459
0.218459
0.218459
0.218459
0.218459
0.218459
0.218459
0
0
0
0
0
0
0
0
0
0
0
0
0
0
0
0
0
0
0
0
0
0
0
0
0
0
0
0
0
0
0
0
0
0
0
0
0
0
0
0
0
0
0.236617
0.236617
0.236617
0.236617
0.236617
0.12244
0.12244
0.12244
0
0
0
0
0
0
0
0
0
0
0
0
0
0
0
0
0
0
0
0
0
0
0
0
0
0
0
0
0
0
0
0
0
0
0
0
0
0
0
0
0
0
0
0
0
0
0
0
0
0
0
0
0
0
0
0
0
0
0
0
0
0
0
0
0
0
0
0
0
0
0
0
0
0
0
0
0
0
0
0
0
0
0
0.179713
0
0
0.217738
0.237978
0
0.217643
0.228471
0.228471
0.247156
0.217643
0.217643
0.217643
0.245495
0
0.246598
0.246598
0
0
0
0.246598
0
0
0
0
0
0
0
0
0
0
0
0
0
0
0
0
0
0.217738
0.217738
0.217738
0.217738
0.217738
0.217738
0.217738
0.21793
0.21793
0.21793
0
0
0
0
0
0
0
0
0
0
0
0
0
0
0
0
0
0
0
0
0
0
0
0
0
0
0
0
0
0
0
0
0
0
0
0
0
0.245495
0.245495
0
0.246598
0.245495
0.245495
0.245495
0.245495
0
0
0
0
0
0
0
0
0
0
0
0
0
0
0
0
0
0
0
0
0
0
0
0
0
0
0
0.217834
0.217834
0.217834
0.217834
0.218797
0.218797
0.218797
0.217738
0.217738
0.218797
0.217738
0.217738
0.217738
0.218797
0.218797
0.218797
0.218797
0.218797
0.218797
0.217834
0.217834
0.218411
0.218797
0.218749
0.218701
0.218701
0.220217
0.169031
0
0
0
0
0.218797
0.218797
0.218797
0.218797
0.217738
0.217738
0.217738
0.217738
0.217738
0.217738
0
0
0
0
0
0
0
0
0
0.218797
0.218797
0
0
0
0
0
0
0
0
0
0
0
0
0
0
0
0
0
0
0
0
0
0
0
0
0
0
0
0
0
0
0
0
0
0
0
0
0
0
0
0
0
0
0
0
0
0
0
0
0
0
0
0
0
0
0
0
0
0
0
0
0
0
0
0
0
0
0
0
0
0
0
0
0
0
0
0
0
0
0
0
0
0
0
0
0
0
0
0
0
0
0
0
0
0
0
0
0
0
0
0
0
0
0
0
0
0.218797
0.218797
0.218797
0.218797
0.218797
0.218797
0.218797
0.218797
0.325077
0.218797
0
0.218797
0.218797
0.218797
0.218797
0.218797
0.218797
0.21948
0.222375
0.281284
0.22964
0
0.218362
0
0
0
0
0
0
0.273576
0.275783
0.218992
0.218992
0.218992
0.218992
0.232787
0.232787
0.232787
0
0.241486
0.241486
0
0.241486
0.244137
0.238667
0.238667
0
0.238667
0.238667
0.238667
0.238667
0.238667
0
0.238667
0.238667
0.238667
0.238667
0.238667
0
0.240966
0.240966
0
0
0
0
0
0
0
0
0
0
0
0
0
0
0
0
0
0
0
0
0
0
0
0
0
0
0
0
0
0
0
0
0
0
0
0
0
0
0
0
0
0
0
0
0
0
0
0
0
0
0
0
0
0
0
0
0
0
0
0
0
0
0
0
0
0
0
0
0
0
0
0
0
0
0
0
0
0
0
0
0
0
0
0
0
0
0
0
0
0
0
0
0
0
0
0
0
0
0
0
0
0
0
0
0
0
0
0
0
0
0
0
0
0
0
0
0
0
0
0
0
0
0
0
0
0
0
0
0
0
0
0
0
0.238667
0
0
0
0
0
0
0
0
0
0
0
0
0
0
0
0.238667
0
0
0
0
0
0
0
0
0
0.238667
0
0
0
0
0
0
0
0
0
0.221414
0.221414
0.227976
0.231512
0.231512
0
0.231512
0.274721
0
0.276368
0.223452
0.23546
0.235763
0.224126
0
0
0
0
0.247156
0.247156
0.247156
0
0
0
0
0
0
0
0
0
0
0
0
0
0
0
0
0
0
0
0
0
0
0
0
0
0
0
0.227866
0.227866
0.227866
0.227866
0.227866
0.227866
0
0
0.227866
0.230542
0.230542
0.231685
0.231685
0.231685
0.23546
0.231685
0.231685
0.231685
0.230542
0
0
0
0
0
0
0
0
0
0
0
0.218846
0.219089
0.219089
0.218797
0.218411
0.230542
0.230542
0.219089
0.219089
0.122474
0.219089
0.219089
0
0.217834
0.217834
0.222579
0
0
0
0
0
0
0
0
0
0
0
0
0
0
0
0
0
0
0
0.227429
0
0.227429
0.227429
0.227429
0.227429
0.227429
0.227429
0.227429
0
0.227429
0.227429
0.227429
0.227429
0.227429
0.227429
0.227429
0.227429
0.227429
0.227429
0.227429
0.227429
0.227429
0.227429
0.227429
0
0
0
0
0
0
0
0
0.227429
0.227429
0
0
0
0
0
0.227429
0
0
0
0
0
0
0
0
0
0
0
0
0
0
0
0
0
0.227429
0.230769
0
0
0.236678
0.236678
0.236678
0.236678
0.236678
0.236678
0.240192
0.240192
0.240192
0
0
0
0
0
0
0.254457
0
0
0
0.254457
0.254457
0.29277
0.29277
0.29277
0.254457
0.254457
0.249711
0
0
0
0
0
0
0
0
0
0.249711
0.240449
0.240449
0
0
0
0
0
0
0
0
0
0
0
0
0
0
0
0
0
0
0
0
0
0
0
0
0
0
0
0
0
0
0
0
0
0
0
0
0
0
0
0
0
0
0
0
0
0
0
0
0
0
0
0
0
0
0
0
0
0
0
0
0
0
0
0
0
0
0
0
0
0
0
0
0
0
0
0
0
0
0
0
0
0
0
0
0
0
0
0
0
0
0
0
0
0
0
0
0
0
0
0
0
0
0
0
0
0
0
0
0
0
0
0
0
0
0
0
0
0
0
0
0
0
0
0
0
0
0
0
0
0
0
0
0
0.227429
0.227429
0.227429
0.227429
0.217595
0.217595
0.217595
0.22371
0
0.22371
0.22371
0.22371
0.22371
0.22371
0.22371
0.22371
0
0
0
0
0
0
0
0
0
0
0
0
0
0
0
0
0
0
0
0
0
0
0
0
0
0
0
0
0
0
0
0
0
0
0
0
0
0
0
0
0
0
0
0
0
0
0
0
0
0
0
0
0
0
0
0
0
0
0
0
0
0
0
0
0
0
0
0
0
0
0
0
0
0
0
0
0
0
0
0
0
0
0
0
0
0
0
0
0
0
0
0
0
0
0
0
0
0
0
0
0
0
0
0
0
0
0
0
0
0
0
0
0
0
0
0
0
0
0
0
0
0
0
0
0
0
0
0
0
0
0
0
0
0
0
0
0
0
0
0
0
0
0
0
0
0
0
0
0
0
0
0
0
0
0
0
0
0
0
0
0
0
0
0
0.217738
0.217738
0.217738
0.217738
0.217738
0.217738
0.217738
0.217738
0.217738
0.217738
0.217738
0.217738
0.217738
0.217738
0.217738
0.217738
0.217738
0.217738
0.217738
0.217738
0.217738
0.217738
0.217738
0.217738
0.217738
0.217738
0.217738
0.217738
0.217738
0.217738
0.217738
0.217738
0.217738
0.217738
0.217738
0.217738
0.217738
0.217738
0.217738
0.217738
0.217738
0.217738
0.217738
0.217738
0.217738
0.217738
0.217738
0.217738
0.217738
0.217738
0.217738
0.217738
0.217738
0.217738
0.217738
0.217738
0.217738
0.217738
0.217738
0.217738
0.217738
0.217738
0.217738
0.217738
0.217738
0.217738
0.217738
0.217738
0.217738
0.217738
0.217738
0.217738
0.217738
0.217738
0.217738
0.217738
0.217738
0.217738
0.217738
0.217738
0.217738
0.217738
0.217738
0.217738
0.217738
0.217738
0.217738
0.217738
0.217738
0.217738
0.217738
0.217738
0.217738
0.217738
0.217738
0.217738
0.217738
0.217738
0.217738
0.217738
0.217738
0.217738
0.217738
0.217738
0.217738
0.217738
0.217738
0.217738
0.217738
0.217738
0.217738
0.217738
0.217738
0.217738
0.217738
0.217738
0.217738
0.217738
0.217738
0.217738
0.217738
0.217738
0.217738
0.217738
0.217738
0.217738
0.217738
0.217738
0.217738
0
0
0
0
0
0
0
0
0
0
0
0
0
0
0
0
0
0
0
0
0
0
0
0
0
0
0.22936
0.22936
0.217738
0.22936
0.22936
0
0.22936
0
0
0
0
0
0
0
0
0
0
0
0
0
0
0
0
0
0
0
0
0
0
0.217738
0
0
0
0
0
0
0
0.246045
0.246045
0.217834
0
0
0
0
0
0
0
0
0
0
0
0
0
0.217738
0.217738
0.218701
0
0
0.217738
0.217738
0.217738
0.217738
0
0.127843
0.127843
0.129099
0.129099
0
0.129099
0.127843
0.217738
0.217738
0.217738
0.217738
0.22936
0.22936
0.217738
0.217738
0.22936
0.217738
0.217738
0.217738
0.217738
0.217738
0.217738
0.217738
0.217738
0.217738
0
0
0
0
0
0
0.127882
0.127882
0.127882
0.127882
0
0.12792
0
0.12792
0.12792
0
0
0
0
0
0
0
0
0
0.217738
0.217738
0.217738
0.127152
0.127152
0.127152
0.217738
0.217738
0.217738
0.217738
0.217738
0.217738
0.217738
0.127152
0.127152
0.127152
0
0.124532
0
0
0
0
0
0.127843
0.217738
0.217738
0.217738
0.217738
0.120972
0.217738
0.217738
0.217738
0.217738
0.217738
0.217738
0.217738
0.217738
0.217738
0.217738
0.217738
0.217691
0.217691
0.217691
0.217691
0.217691
0.217738
0.217738
0.217738
0.217738
0.217738
0.217738
0.217738
0
0.217738
0.217738
0.217738
0.217738
0.218797
0.217738
0.217738
0.217738
0.217738
0.217738
0.217691
0.217691
0.217691
0
0
0
0
0
0.219529
0.219529
0.219529
0.219529
0
0
0
0
0
0
0
0
0
0
0
0
0
0.217738
0.217738
0.217738
0.217738
0.217738
0.217738
0
0
0
0
0
0
0
0
0
0
0
0.218797
0.21338
0.221464
0.230485
0
0
0
0.221063
0.221063
0
0
0
0.221063
0
0
0
0
0
0
0
0
0
0
0
0
0
0
0
0
0
0
0
0
0
0
0
0
0
0
0
0
0
0
0
0
0
0
0
0
0
0
0
0
0
0
0
0
0
0
0
0
0
0
0
0
0
0
0
0
0.222477
0.222477
0.222477
0.222477
0.222477
0.222477
0
0.222477
0.222477
0.222477
0.222477
0.222477
0.222477
0
0
0
0
0.224649
0.224649
0
0
0
0
0
0
0
0.224702
0.220963
0.220963
0.220963
0
0
0.220963
0.220963
0.220963
0.220963
0.220963
0.220963
0
0
0
0
0
0
0
0
0
0
0.220963
0.220963
0.220963
0
0
0.223348
0.223348
0.220963
0.220963
0.220963
0.220963
0.220963
0
0
0
0
0
0
0
0.220963
0
0
0
0
0
0
0
0
0
0.222477
0.222477
0.222477
0.222477
0.222477
0
0.222477
0.222477
0
0
0.223607
0
0.223607
0.223607
0.223607
0.223607
0.223607
0.222477
0
0.222477
0.222477
0.222477
0.222477
0.222477
0
0
0
0
0
0
0
0
0
0
0
0
0
0
0
0
0
0
0
0
0
0
0
0
0
0
0
0
0
0
0
0
0
0
0.220963
0.220963
0
0.222477
0.220963
0.220963
0.222477
0.222477
0.222477
0
0
0.220963
0.220963
0
0.220963
0
0
0
0
0
0
0
0
0
0
0
0
0
0
0
0
0
0
0
0
0
0
0
0
0
0
0
0
0
0
0
0
0
0
0
0
0.217738
0.217738
0.217738
0
0
0
0
0.369042
0.369042
0.369042
0
0
0
0
0
0
0
0
0.373303
0.369042
0.369042
0.557086
0.47092
0
0
0
0
0.369042
0.555492
0
0.568642
0
0.373303
0
0
0
0
0
0
0
0
0
0
0
0
0
0
0
0
0
0
0
0
0
0
0
0
0
0
0
0.266733
0.266733
0.266733
0
0
0.294292
0.311365
0
0.266733
0
0.369042
0.369042
0.369042
0.369508
0
0
0
0
0
0
0
0.369742
0.369742
0.369742
0.370446
0
0
0
0
0
0
0
0
0
0
0
0.223762
0.217691
0
0
0
0
0
0
0
0
0
0
0
0
0
0
0
0
0
0
0
0
0
0
0.369508
0
0
0.222171
0
0
0
0
0.219089
0.219089
0.219089
0.219089
0.219089
0.22207
0
0.22207
0
0
0
0
0.219089
0.219089
0.219089
0.219089
0.219089
0.219089
0.219089
0.219089
0.219089
0.219089
0.219089
0.219089
0.219089
0.219089
0.129259
0.129259
0.129259
0.129259
0.129259
0.129259
0.129259
0.129259
0.129259
0.231973
0.11965
0.232379
0.232379
0.303433
0.118555
0.224649
0
0.119777
0.119777
0
0
0
0
0.121103
0
0
0
0
0
0
0
0.267971
0.267971
0
0
0
0
0.267971
0.234499
0.234499
0.119586
0.329956
0.329956
0.329956
0.482971
0
0
0
0
0
0
0
0.224649
0
0.224649
0.224649
0.293704
0.293704
0.294174
0.294174
0.124748
0.124748
0
0.124748
0.124748
0.124784
0.124748
0
0
0
0
0
0
0
0
0
0
0
0
0
0
0
0
0
0
0
0
0
0
0
0
0
0
0
0
0
0
0
0
0
0
0
0
0
0
0
0
0
0
0
0.458385
0.458385
0.219089
0.219089
0.219089
0.219089
0.219089
0.219089
0.219089
0
0.219089
0.219089
0.122679
0.219089
0
0.219089
0
0.219089
0.219089
0.219089
0
0
0
0
0
0.219089
0.219089
0
0.219089
0
0.219089
0.219089
0.219089
0
0.219089
0.219089
0.219089
0.219089
0.222171
0.222171
0
0.222171
0.227921
0.227921
0.222171
0.219089
0.219089
0.219089
0.219089
0
0
0.118678
0
0.118802
0
0.118802
0.118678
0.118678
0
0
0
0
0
0
0
0
0
0
0
0
0
0
0
0
0
0
0
0.219089
0.219089
0.357718
0.357718
0.40209
0.40209
0.357718
0
0
0
0.866025
0
0.224649
0
0
0
0
0
0.219089
0.219089
0.219089
0
0.219089
0.219089
0
0.219089
0.219089
0.219089
0.219089
0.219089
0.219089
0
0.219089
0.222171
0.219089
0.845714
0.219089
0.219089
0.219089
0.219089
0.219089
0.219089
0.219089
0.219089
0.219089
0.219089
0.219089
0.219089
0
0
0
0
0
0
0
0
0
0
0.219089
0.219089
0
0.167357
0.199557
0.323812
0.323812
0.323812
0
0.224649
0.171219
0.171219
0.171219
0
0
0
0
0.171219
0.171219
0.171219
0.171219
0.171219
0.176369
0
0.30526
0
0.219089
0.219089
0.219089
0.219089
0.219089
0.219089
0
0.219089
0.219089
0
0.219089
0
0.219089
0.219089
0.219089
0.219089
0.219089
0.219089
0.120873
0.120873
0
0
0.120873
0
0
0
0
0
0
0
0
0.12
0.12
0.12
0.120128
0.119239
0
0
0.119239
0.119239
0.1218
0
0
0
0
0
0
0
0
0
0
0
0
0
0
0
0
0
0
0
0.219089
0.219089
0.219089
0.219089
0
0.219089
0
0
0
0
0
0
0
0
0
0
0
0
0
0
0
0
0
0
0
0
0
0.219089
0.219089
0.219089
0
0.219089
0
0
0
0
0
0
0
0
0
0
0
0
0
0
0
0
0
0
0
0
0.235219
0.23829
0.188857
0.188857
0
0.188857
0
0
0
0.230315
0
0
0
0.238667
0
0.238667
0.219089
0.128193
0
0
0
0
0
0
0
0
0
0
0
0
0
0
0
0
0
0
0
0
0
0
0
0
0
0
0
0
0
0
0.122954
0.219971
0.126248
0
0
0
0
0
0
0.126622
0
0
0
0
0
0.126622
0
0.219089
0.219089
0.219089
0.219089
0.219089
0.224807
0.127766
0.12831
0.12831
0.219089
0.219089
0.219089
0.219089
0
0.219089
0.4
0.222171
0.222171
0.222171
0.222171
0.222171
0.222171
0.222171
0
0
0
0
0.222171
0
0.222171
0.222171
0.222171
0.222171
0
0
0
0
0
0
0
0
0
0
0
0
0
0
0
0
0
0
0
0
0
0
0
0
0
0
0.219089
0
0
0
0
0
0
0
0
0.217738
0.217738
0.217738
0.217738
0.217738
0.217738
0.217738
0.217738
0.224965
0.217738
0.217738
0.217738
0.217738
0.217738
0
0
0
0
0
0
0
0
0.217738
0.217738
0.217738
0.217738
0.217738
0.217738
0
0
0.217738
0
0
0.374027
0
0.374027
0.374027
0.374027
0.374027
0.374027
0.374027
0.374027
0.374027
0.374027
0.374027
0.374027
0
0
0.374027
0
0
0
0
0
0
0
0
0.227976
0.227976
0.227976
0.227976
0.227976
0.227976
0.227976
0
0
0
0
0
0
0
0
0
0
0
0
0
0
0
0
0
0
0
0
0
0
0
0
0
0
0
0
0
0
0.119114
0.221364
0
0
0.227976
0.217738
0.217738
0.217738
0
0
0
0.217738
0.217738
0.218314
0.217738
0.217738
0.217738
0.221013
0.221013
0.217738
0.217834
0.217834
0.217834
0.217834
0.217738
0.217738
0.217738
0.221013
0.221013
0.221013
0.221013
0.221013
0.222273
0.221013
0.221013
0.221013
0.324443
0.221013
0.221013
0.221013
0.221013
0.221013
0.221013
0.221013
0
0
0
0
0
0.217738
0.217738
0.217738
0.217738
0.227593
0.217738
0.227593
0.227593
0.227593
0.227593
0.227976
0.227593
0.217738
0.224965
0.217738
0.224912
0.217738
0.217738
0.217738
0.224912
0.224912
0.224912
0.226725
0.226725
0.226725
0.226725
0.226725
0.226725
0
0
0
0
0
0
0
0
0
0
0
0
0
0
0
0.218314
0.218314
0
0
0
0
0
0
0.217738
0.217738
0.217738
0.217738
0.217738
0.217738
0.217738
0.217738
0.217738
0.217738
0
0
0
0
0
0
0
0
0
0
0.219089
0.219089
0.219089
0.219089
0.219089
0.219089
0.219089
0.219089
0.219089
0.219089
0.219089
0.219089
0.219089
0.219089
0.219089
0.219089
0.219089
0
0
0
0.22207
0.122611
0.219089
0.219089
0.219089
0.219089
0.219089
0.219089
0.219089
0.219089
0.219089
0.219089
0.219089
0.219089
0.219089
0.219089
0.219089
0.219089
0.219089
0.219089
0.219089
0.219089
0.219089
0.219089
0.219089
0.219089
0.219089
0.219089
0.219089
0.219089
0.219089
0.219089
0.219089
0.219089
0.219089
0.219089
0.219089
0.219089
0.219089
0.219089
0.219089
0.219089
0.219089
0.219089
0.219089
0.219089
0.219089
0.219089
0.219089
0.219089
0.219089
0.219089
0.219089
0.219089
0.219089
0.219089
0.219089
0.219089
0.219089
0.219089
0.219089
0.219089
0.219089
0.219089
0.219089
0.219089
0.219089
0.219089
0.219089
0.219089
0.219089
0.219089
0.219089
0.219089
0.219089
0.219089
0.219089
0.219089
0.219089
0.219089
0.219089
0.219089
0.219089
0.219089
0.219089
0.219089
0.219089
0.219089
0.219089
0.219089
0.219089
0.219089
0.219089
0.219089
0.219089
0.219089
0.219089
0.219089
0.219089
0.219089
0.219089
0.219089
0.219089
0.219089
0.219089
0.219089
0.219089
0.219089
0.219089
0.219089
0.219089
0.219089
0.219089
0.219089
0.219089
0.219089
0.219089
0.219089
0.219089
0.219089
0.219089
0.219089
0.219089
0.219089
0.219089
0.219089
0.219089
0.219089
0.219089
0.219089
0.219089
0.219089
0.219089
0.219089
0.219089
0.219089
0.219089
0.219089
0.219089
0.219089
0.219089
0.219089
0.219089
0.219089
0.219089
0.219089
0.219089
0.219089
0.219089
0.219089
0.219089
0.219089
0.219089
0.219089
0.219089
0.219089
0.219089
0.219089
0.219089
0.219089
0.219089
0
0
0.219089
0.219089
0.219089
0.219089
0.219089
0.219089
0
0
0
0
0
0
0.219089
0
0.219089
0.219089
0.219089
0.219089
0.219089
0.219089
0
0
0
0
0
0
0
0
0
0
0
0
0
0
0
0
0
0
0
0
0
0
0
0
0
0
0
0
0
0
0
0
0
0
0
0.119523
0
0.119523
0.119523
0
0
0
0
0.222019
0
0.222019
0.219089
0.219089
0.220564
0.236067
0.236067
0
0
0
0.236067
0.222171
0
0
0.222171
0.222171
0.222171
0.222171
0.222171
0.222171
0.222171
0
0.222937
0.222171
0.219089
0.219089
0.12906
0.122611
0.224126
0
0.219089
0.219089
0.219089
0.219089
0.22207
0.22207
0.22207
0.22207
0
0.219089
0.219089
0
0
0
0.219089
0
0
0
0
0
0
0
0.219089
0.219089
0.219089
0.219089
0.219089
0.219089
0.219089
0.219089
0.219089
0.219089
0.219089
0.219089
0.219089
0
0
0
0.219089
0
0
0
0
0
0.219089
0.458385
0.458385
0.458385
0.119397
0
0
0
0
0
0
0.239363
0
0
0
0.239363
0
0
0
0
0
0
0
0.239363
0
0.12482
0
0
0
0
0.129379
0
0.128271
0
0
0
0
0
0
0
0
0.240128
0.240128
0
0.240128
0
0.240128
0.122713
0.122713
0
0
0
0
0
0.122713
0.247717
0
0
0
0
0
0
0
0
0
0
0
0
0
0
0
0
0
0
0
0
0
0
0
0
0
0
0
0
0
0
0
0
0
0
0
0
0
0
0
0
0
0
0
0
0
0
0.234261
0.234261
0.234261
0.224597
0.224597
0.224597
0.2234
0.220714
0.2234
0.2234
0.2234
0.2234
0.2234
0.2234
0.224807
0
0.2234
0.2234
0.220714
0.220714
0.220714
0.220714
0.220714
0.220714
0.22371
0.22371
0.22371
0.22371
0.22371
0.22371
0.216695
0.221013
0.223866
0
0
0
0
0.222171
0.22371
0
0.220714
0.220714
0.220714
0.220714
0.220714
0.220714
0.220714
0.220714
0.220714
0.220714
0.220714
0.220714
0.220714
0.220714
0
0
0
0
0.225653
0
0.221163
0.221163
0.221263
0.227158
0.234201
0.31334
0.223452
0.223452
0.11965
0.223503
0
0.223503
0.220963
0
0.220813
0.220813
0
0
0
0.217738
0.217738
0.217738
0
0
0
0
0
0
0
0
0
0
0
0
0
0
0
0
0
0
0
0
0
0
0
0
0
0
0
0
0
0
0
0
0
0
0
0
0
0
0
0
0
0
0
0
0
0
0
0
0
0
0
0
0
0
0
0
0
0
0
0
0
0
0
0
0
0
0
0
0
0
0
0
0
0
0
0
0
0
0
0
0
0
0
0
0
0
0
0
0.219089
0.219089
0.219089
0.219089
0.125951
0
0
0
0
0
0
0
0
0
0
0
0
0
0
0
0
0
0
0
0
0
0
0
0
0
0
0
0
0
0
0
0
0
0
0
0
0
0
0
0
0
0
0
0.122474
0.122474
0.122474
0.122474
0.122474
0
0
0
0
0
0
0
0
0
0
0
0
0
0
0
0
0
0
0
0
0
0
0
0
0
0
0
0
0
0
0
0
0
0
0
0
0
0
0
0
0
0
0
0
0
0
0
0
0
0
0
0
0
0
0
0
0
0
0
0
0
0
0
0
0
0
0
0
0
0
0
0
0
0
0
0
0
0
0
0
0
0
0
0
0
0
0
0
0
0
0
0
0
0
0
0
0
0
0
0
0
0
0
0
0
0
0
0
0
0
0
0
0
0
0
0
0
0
0
0
0
0
0
0
0
0
0
0
0
0
0
0
0
0.229584
0.229584
0.229584
0.229584
0.229584
0.229584
0.229584
0.229584
0.229584
0
0
0
0.229584
0
0
0
0
0
0
0
0.22371
0
0
0
0
0
0
0
0
0
0
0
0
0
0
0
0
0.218797
0.218797
0.218797
0.218797
0.218797
0.218797
0
0
0
0.218797
0
0.218797
0.249423
0.218797
0.218797
0.218797
0
0
0
0
0
0
0
0
0
0
0
0
0
0
0
0
0
0
0
0
0
0
0
0.217738
0.217738
0
0
0
0
0
0.218797
0.218797
0.218797
0
0
0
0
0.218797
0.218797
0.218797
0.218797
0.218797
0.218797
0.218797
0.218797
0
0.218797
0
0
0
0
0
0
0
0
0
0
0
0
0
0
0
0
0
0
0
0
0
0
0
0
0
0
0
0
0
0
0
0
0
0
0
0
0
0
0
0
0
0
0
0.228141
0.228141
0.228141
0.223245
0
0
0
0
0
0
0
0
0
0
0
0.219529
0.219529
0.217738
0.217738
0.217738
0.217738
0.217738
0.217738
0.217738
0.217738
0.217738
0.217738
0.217738
0.217738
0.217738
0.217738
0.217738
0.217738
0.217738
0.217738
0.217738
0.217738
0.217738
0
0
0
0.217738
0.217738
0.217738
0.217738
0.217738
0.217738
0.217738
0.217738
0.217738
0.217738
0.217738
0.217738
0.217738
0.217738
0.217738
0.217738
0.219529
0
0
0
0.217738
0.217738
0.217738
0.217738
0.22936
0.217738
0.120032
0.217738
0.217738
0.234738
0.234738
0.228141
0.228141
0.228141
0.228141
0.228141
0.228141
0
0
0.228141
0.228141
0.228141
0.228141
0.228141
0.228141
0
0
0
0
0
0.228141
0.228141
0.228141
0.228141
0.228141
0.228141
0
0.228141
0.228141
0.228141
0.228141
0.228141
0.228141
0.228141
0
0.228141
0
0.228141
0.228141
0.228141
0
0.228141
0.228141
0
0
0
0.228141
0.228141
0.228141
0.228141
0.228141
0.228141
0.228141
0.228141
0.228141
0.228141
0.228141
0.228141
0.228141
0.228141
0.228141
0
0.228141
0.228141
0.228141
0.228141
0.228141
0
0.228141
0.228141
0
0
0
0
0
0
0
0
0
0
0
0
0
0
0
0
0
0
0
0
0
0
0
0
0
0
0
0
0
0
0
0
0
0
0
0
0
0
0
0
0
0
0
0
0
0
0
0
0
0
0
0
0
0
0
0
0
0
0
0
0
0
0
0
0
0
0
0
0
0
0
0
0
0
0
0
0
0
0
0
0
0
0
0
0
0
0
0
0
0
0
0
0
0
0
0
0
0
0
0
0
0
0
0
0
0
0
0
0
0
0
0
0
0
0
0
0
0
0
0
0
0
0
0
0
0
0
0
0
0
0
0
0
0
0
0
0.218797
0.218797
0
0.218797
0.218797
0.218797
0
0.218797
0
0
0
0.221464
0.230485
0
0
0
0
0
0
0
0
0
0
0
0
0
0
0.220168
0
0
0
0
0
0
0
0
0
0
0
0
0.219089
0.219089
0.219089
0
0
0.517036
0.517036
0.517036
0
0.517036
0.517036
0.22207
0.22207
0.22207
0.222171
0.222171
0
0.222171
0
0.222171
0.222171
0.222171
0
0
0.222171
0.222171
0.222171
0.222171
0.222171
0.222171
0
0
0.222171
0.222171
0.222171
0
0
0
0
0
0
0
0
0
0
0
0.222579
0.222579
0.222579
0.222579
0
0.222988
0
0.222988
0
0
0
0
0
0
0
0
0
0
0.222988
0.222988
0
0
0.222988
0.222988
0.222988
0
0.222988
0
0
0
0.222988
0
0
0.222988
0.222988
0.222988
0.222988
0.222988
0
0
0
0
0
0
0.204916
0
0.204916
0
0
0
0
0
0
0
0
0.218797
0
0
0
0
0
0
0.241486
0.241486
0.240966
0.240966
0.240966
0.240966
0.240966
0.240966
0.240966
0.240966
0
0
0
0
0
0
0
0
0
0
0
0
0
0
0
0
0
0
0
0
0
0
0
0
0
0
0.218797
0.218797
0.218797
0.218797
0.218797
0
0
0
0
0
0
0
0.217738
0.217738
0
0
0
0
0
0
0.217834
0.217834
0.217834
0.218797
0.218797
0.218797
0.218797
0
0.217738
0
0
0
0
0
0
0
0
0
0
0
0
0
0
0
0
0
0
0.219774
0
0.218797
0.222171
0
0
0
0
0
0
0
0
0
0
0
0
0
0
0
0
0
0
0
0
0
0
0
0
0
0
0
0
0
0
0.132755
0
0
0
0
0
0
0
0
0
0
0
0
0
0
0
0
0
0
0
0
0
0
0
0
0
0
0
0
0
0
0
0
0
0
0
0
0
0
0
0
0
0
0
0
0
0
0
0.227976
0.227976
0.227976
0.227976
0.227976
0.227976
0.227976
0.227976
0.228031
0.228031
0.227976
0.227976
0.227976
0.227976
0.227976
0.227976
0.227976
0.227976
0.227976
0.227976
0.227976
0.227976
0.227976
0.230769
0.227976
0.227976
0.227976
0.227976
0.227976
0.227976
0
0
0.227976
0.227976
0.227976
0.227976
0
0
0
0
0
0
0
0
0
0
0
0
0
0
0
0
0
0
0
0
0
0
0
0
0
0
0.218555
0.218555
0.218555
0
0
0
0
0.218555
0
0
0.218797
0
0
0
0.228141
0.228141
0.228141
0.228141
0.228141
0.228141
0.228141
0
0
0
0
0
0
0
0
0.228141
0.228141
0
0
0.228141
0.228141
0.228141
0
0
0
0
0
0
0
0
0
0
0
0
0
0
0
0
0
0
0
0
0
0
0
0
0
0
0
0
0
0
0
0
0
0
0
0
0
0
0.228141
0
0
0
0
0
0
0
0
0
0
0
0
0
0
0
0
0
0
0
0
0
0
0
0
0
0
0
0
0
0
0
0
0
0
0
0
0.218797
0.218797
0.218797
0.218797
0.218797
0.218797
0.218797
0.218797
0
0
0
0
0
0
0
0.218797
0.218797
0.218797
0
0
0
0
0
0
0
0
0
0
0.218797
0.218797
0.218797
0.218797
0.218797
0
0
0
0
0
0
0
0
0
0
0
0
0
0
0
0
0
0
0
0
0
0
0
0
0
0
0
0
0
0
0
0
0
0
0.218797
0.218797
0.218797
0.218797
0
0
0
0
0
0
0
0
0
0.218797
0
0
0
0
0
0
0
0
0
0
0
0
0
0
0
0
0
0
0
0
0
0
0
0
0
0
0
0
0
0
0
0
0
0
0
0
0
0
0
0
0
0
0
0.218797
0.218797
0.218797
0.218797
0.218797
0.218797
0
0
0
0.217738
0
0
0
0
0
0
0
0
0
0
0
0
0
0
0
0
0
0
0
0
0
0
0
0
0
0
0
0
0
0
0
0
0
0
0
0.217738
0.217738
0.217738
0.217738
0.217738
0.217738
0.217738
0
0
0
0
0
0
0
0
0
0
0
0
0
0
0
0
0
0
0
0
0
0
0
0
0
0
0
0
0.217738
0.217738
0.217738
0.217738
0.217738
0.217738
0
0
0
0
0
0
0
0
0
0
0
0
0
0
0
0
0
0
0
0
0.217834
0.217834
0.223348
0.223348
0.223348
0.223348
0.223348
0.223348
0
0.223348
0.223348
0
0
0
0
0.223348
0.223348
0.223348
0.223348
0.223348
0.223348
0
0.223348
0.223348
0.223348
0.223348
0.223607
0.223607
0.223607
0.223607
0.223607
0.223348
0.223348
0.223348
0.22371
0.223348
0
0
0
0
0
0
0
0
0
0
0
0
0
0
0
0
0
0
0
0
0
0
0
0
0
0
0
0
0
0
0
0
0
0
0
0
0
0
0
0
0
0
0
0
0
0
0
0
0
0
0
0
0
0
0
0
0
0
0
0
0
0.217738
0.217738
0.217738
0.217738
0.217738
0.217738
0.217738
0
0
0
0
0
0
0
0
0
0
0
0
0
0
0
0
0
0
0
0
0
0
0
0
0
0
0
0
0
0
0
0
0
0
0
0
0
0
0
0
0
0
0
0
0
0
0
0
0
0
0
0
0
0.217738
0.217738
0.219431
0.235038
0.224544
0.224544
0
0
0
0.224544
0.223194
0.225282
0.116952
0
0.238983
0.238983
0
0
0
0
0
0
0
0
0
0
0
0
0
0
0
0
0
0
0
0
0
0.224807
0.224807
0.224807
0.224807
0.224807
0.224807
0.224807
0.224807
0.224807
0.224807
0.224807
0.224807
0.224807
0.224807
0.224807
0.118616
0.118616
0
0.224807
0.224807
0.224807
0.224807
0.224807
0.224807
0.224807
0.224807
0.224807
0.224807
0.242404
0.242404
0.242404
0
0.242404
0.224807
0.222171
0.222171
0.222171
0.222171
0.222171
0.222171
0.222171
0.222171
0.224022
0.224022
0.222171
0.224022
0.224022
0.222171
0.222171
0.222171
0.222171
0.222171
0.222171
0.222681
0.222171
0.222171
0.222171
0.369508
0.369508
0.224807
0.247928
0.224807
0.232205
0.318447
0.318447
0.318447
0.354994
0
0
0.276172
0.276172
0.234439
0.125877
0.222171
0.122339
0.120743
0.120743
0.120743
0.124604
0.126285
0
0
0
0
0
0
0
0
0
0
0
0
0
0
0
0
0.120775
0.223297
0.223297
0.223297
0
0
0
0
0.276172
0.276172
0.276172
0
0
0
0
0
0.277054
0.277054
0.276172
0.232205
0.232205
0.232205
0.232205
0.232205
0.232205
0.232205
0.118555
0.232205
0.318447
0.318447
0.318447
0.318447
0.318447
0.318447
0.406994
0
0
0
0
0.318447
0.276172
0.276172
0
0
0
0
0
0
0.295479
0.295479
0.377715
0.377715
0.377715
0.377715
0
0
0
0
0.295479
0.276172
0.224702
0.224702
0
0
0
0
0
0
0.224702
0.224702
0.406371
0.224702
0.224702
0.224702
0.224702
0.224702
0.224702
0
0
0
0
0
0.224702
0.224807
0.224807
0.41536
0.41536
0.421117
0.421117
0.482451
0.482451
0.224807
0.224702
0.224807
0.224702
0.482451
0.482451
0
0.486664
0
0
0
0
0.486664
0
0
0
0
0
0
0
0
0
0
0
0
0
0
0
0
0
0
0
0
0
0
0
0
0
0.224965
0.224965
0.22486
0.22486
0.22486
0.224965
0.224965
0.238479
0.22486
0.22486
0.22486
0.22486
0.127419
0.127419
0.127419
0.224912
0.228859
0.224912
0.224912
0.224912
0.231916
0.231916
0.231916
0.450564
0
0.224912
0.114848
0.114848
0.119681
0.119681
0.22486
0
0
0
0
0
0
0.236067
0.128271
0.357295
0
0.361595
0.416025
0
0.369508
0.369508
0
0
0
0
0
0
0
0
0
0.369508
0.369508
0
0
0
0
0
0
0.369508
0.369508
0
0.369508
0.369508
0
0
0
0
0.369508
0
0
0
0
0
0
0
0
0
0
0
0
0
0
0
0
0.236067
0.236067
0.236067
0.236067
0.236067
0.236067
0
0
0
0
0
0.236067
0.236067
0
0.236067
0
0
0
0.237729
0.237729
0.247366
0.237729
0
0.237729
0.239936
0.239936
0.245427
0.245427
0.245701
0.239936
0.239936
0
0
0
0
0
0
0
0.237729
0.238541
0.238541
0.238983
0.238983
0
0.222171
0
0
0
0
0
0
0
0
0
0
0
0
0
0
0
0.222171
0
0
0
0
0
0
0
0
0
0
0
0
0
0
0
0
0
0
0
0
0
0
0
0
0.217595
0
0.217595
0
0.227976
0.227976
0.227976
0.227976
0.227976
0.227976
0.227976
0.227976
0.227976
0.230769
0.227976
0.227976
0.227976
0
0
0
0.222477
0.222477
0.222477
0.222477
0.222477
0.222477
0.222477
0.222477
0.222477
0.222477
0.222477
0.222477
0.222477
0.222477
0.222477
0.222477
0.222477
0.222477
0.222477
0
0
0
0
0
0
0.222477
0.222477
0
0.222477
0.222477
0.222477
0.222477
0.222477
0.222477
0.222477
0.222477
0.196116
0.222477
0.222477
0.222477
0.222477
0.222477
0.222477
0.222477
0.222477
0.222477
0.116481
0
0
0.118895
0
0
0.222477
0.222477
0
0
0
0
0
0.224335
0
0
0
0.222528
0.222477
0
0
0
0
0
0
0
0
0
0
0
0
0
0
0.222477
0.222477
0
0
0.228471
0.228471
0
0
0
0
0
0
0
0
0
0
0
0
0
0
0
0.262362
0.262362
0
0
0
0
0
0
0
0
0
0
0
0
0
0
0
0
0
0
0
0
0
0
0
0
0
0
0
0
0
0
0
0
0
0
0
0
0
0
0
0
0
0
0
0
0
0
0
0
0
0
0
0
0
0
0
0
0
0
0
0
0
0.222477
0.222477
0
0.222477
0.222477
0.12071
0.222477
0.222528
0.226941
0.222477
0.222477
0
0.222477
0.238667
0.222477
0
0
0
0
0
0.228471
0.228471
0.228471
0
0
0
0
0
0
0
0
0
0
0
0
0
0
0
0
0
0
0
0
0
0
0
0
0
0
0
0
0
0
0
0
0
0
0
0
0
0
0
0
0
0
0
0
0
0
0
0
0
0
0
0
0
0
0
0
0
0
0
0
0.262362
0.262362
0.262362
0.222477
0
0.222477
0.222477
0.222579
0.222528
0
0
0
0
0
0
0
0
0
0
0
0
0
0
0
0
0
0
0
0
0
0
0
0
0
0
0.222528
0.222528
0.124928
0.222528
0.223866
0.222579
0.222477
0
0
0
0
0
0.222477
0.222477
0.222477
0.222477
0.222477
0.223297
0
0
0
0
0
0
0
0
0
0
0
0
0
0
0
0
0.224492
0
0
0
0
0
0
0
0
0
0
0
0
0
0
0.223297
0.227866
0
0.223348
0.224702
0.228361
0.25438
0
0
0
0
0
0
0
0
0
0
0
0
0
0
0
0
0
0
0
0.195698
0.222477
0.222477
0.222477
0.222477
0.223348
0.22371
0
0.223348
0.223348
0.223348
0
0
0
0
0
0
0
0
0
0
0
0
0
0
0
0
0
0
0
0
0
0
0
0
0
0
0
0
0
0
0
0
0
0
0
0
0
0
0
0
0
0
0
0
0
0
0
0
0
0
0.217738
0
0.218797
0
0
0
0
0.218797
0.218797
0.218797
0.218797
0.218797
0.218797
0.218797
0.218797
0
0
0.218797
0
0
0
0
0
0
0
0
0
0
0
0
0
0
0
0
0
0
0
0
0
0
0
0
0
0
0
0
0
0
0
0
0
0
0
0
0
0
0
0
0
0
0
0
0
0
0
0
0
0
0
0
0
0
0
0
0
0
0
0
0
0
0
0
0
0
0
0
0
0
0
0
0
0
0
0
0
0
0
0
0
0
0
0
0
0
0
0
0
0
0
0
0
0
0
0
0
0
0
0
0
0
0
0
0
0
0
0
0
0
0
0
0
0
0
0.230542
0.230542
0.230542
0.230542
0.230542
0.230542
0.230542
0.230542
0.230542
0.230542
0.230542
0.230542
0.230542
0.230542
0.230542
0.230542
0
0
0
0.230542
0.230542
0.230542
0.230542
0.230542
0
0.230542
0.230542
0.230542
0.230542
0.230542
0.230542
0.230542
0.230542
0
0.230542
0.230542
0
0
0
0
0
0
0
0
0
0
0
0.118003
0
0
0
0.118003
0.118003
0
0
0
0
0
0
0
0
0
0
0
0
0
0
0
0
0
0
0
0
0
0
0
0
0
0
0
0
0
0
0
0
0
0
0
0
0
0
0
0
0
0
0
0
0
0
0
0
0
0
0
0
0
0
0
0
0
0
0
0
0
0
0
0
0
0
0
0
0
0
0
0
0
0
0
0
0
0
0
0
0
0
0
0
0
0
0
0
0
0
0
0
0
0
0
0
0
0
0
0
0
0
0
0
0
0
0
0
0
0
0
0
0
0
0
0
0
0
0
0
0
0
0
0
0
0
0
0
0
0
0
0
0
0
0
0
0
0.246252
0.246252
0.246252
0.246252
0.246252
0.246252
0.246252
0.246252
0
0
0.246252
0.246252
0.246252
0.246252
0.246252
0.246252
0.246252
0
0.246252
0
0.246252
0.246252
0
0
0
0
0
0
0
0
0
0.246252
0
0.246252
0
0
0
0.246252
0
0
0.246252
0.246252
0.246252
0.246252
0
0.246252
0.246252
0
0
0
0
0
0
0
0
0
0
0
0
0
0
0
0
0
0
0
0
0
0
0
0
0
0
0
0
0.12958
0.12958
0.12958
0
0.12958
0.12958
0.12958
0
0
0
0
0
0
0
0
0
0
0
0
0
0
0
0
0
0
0.121268
0.121268
0.121268
0.121268
0.121268
0.121268
0
0
0
0.121268
0.121268
0.121268
0
0
0.124141
0
0
0.124141
0.124141
0.124141
0.124141
0
0.124141
0.124141
0
0
0.123964
0
0
0
0.123929
0.123929
0
0.230542
0
0.230542
0
0
0
0.123683
0.12954
0.123683
0.123683
0.124964
0.124964
0.124964
0
0
0
0
0
0
0
0
0
0
0
0
0
0
0
0
0
0
0
0
0
0
0
0
0
0.121268
0
0.246252
0.246252
0.246252
0.246252
0.246252
0.246252
0.246252
0.119808
0.119808
0
0.121202
0.119808
0
0.119808
0.119808
0.119808
0
0
0
0
0
0
0
0
0
0
0
0
0
0
0
0
0
0
0
0
0.237294
0.12954
0.12954
0.12954
0.12954
0.12954
0.12954
0.12954
0.24247
0.24247
0
0.242734
0.242734
0.242734
0.242734
0.242734
0.242734
0.242734
0.242734
0.242734
0.242734
0.242734
0.242734
0.125363
0
0
0
0.125363
0.125363
0.124425
0
0.124425
0.124425
0.124425
0.242734
0.242734
0.242734
0.242734
0.242734
0.242734
0.242734
0
0.242734
0
0
0
0
0
0
0
0
0
0
0
0.230542
0.230542
0.230542
0.230542
0.126137
0
0
0
0.126137
0.126137
0.126137
0.126137
0.126137
0.126137
0
0
0
0
0
0
0
0
0
0
0
0
0
0
0
0
0
0
0.121202
0.1219
0.1219
0.1219
0.1219
0.1219
0
0.1219
0.1219
0
0.246252
0.246252
0.246252
0.246252
0.246252
0
0
0
0
0.246252
0.246252
0.246252
0.246252
0
0.249136
0.129339
0.129339
0.129339
0.246252
0
0.246252
0.246252
0
0
0
0
0
0
0
0
0
0
0.241095
0.241095
0.241095
0
0
0
0
0
0
0.242206
0
0
0
0
0
0
0
0
0
0
0
0
0
0.239872
0
0
0
0
0
0.240256
0.125363
0.240578
0.240578
0.240578
0
0
0.240578
0
0
0.240578
0.239936
0.126323
0.240643
0
0
0.240643
0
0
0.240643
0
0
0.240643
0.240643
0.240643
0
0
0.240643
0
0.240643
0
0.238228
0
0.238228
0.238228
0
0
0
0
0
0
0
0
0
0.238228
0
0
0
0
0
0
0
0
0
0
0
0
0
0
0
0
0
0
0
0
0
0
0
0
0
0
0
0
0
0
0
0
0
0
0
0
0
0
0
0
0
0
0
0
0
0
0
0
0
0
0
0
0
0
0
0
0
0
0
0
0
0
0
0
0
0
0
0
0
0
0
0
0
0
0
0
0
0
0
0
0
0
0
0
0
0
0
0
0
0
0
0
0
0
0
0
0
0
0
0
0
0
0
0
0
0
0
0
0
0
0
0
0
0
0
0
0
0
0
0
0
0
0
0
0
0
0
0
0
0
0
0
0
0
0
0
0
0
0
0
0
0
0
0
0
0
0
0
0
0
0
0
0
0
0
0
0
0
0
0
0
0
0
0
0
0
0
0
0
0
0
0
0
0
0.12244
0.124532
0.237978
0
0
0
0.116982
0.116804
0.116804
0.116804
0
0
0
0
0.237542
0.237542
0
0
0.230542
0.230542
0.237542
0.237542
0.237542
0.237542
0.237542
0
0
0
0.237542
0.230542
0
0.230542
0.230542
0
0.230542
0.230542
0.230542
0.230542
0.230542
0.230542
0.230542
0.230542
0.230542
0.230542
0.230542
0.230542
0.230542
0.230542
0.230542
0.230542
0.230542
0.230542
0.230542
0.230542
0.230542
0.230542
0.230542
0.230542
0.230542
0.230542
0.230542
0.230542
0.230542
0.230542
0.230542
0.230542
0.230542
0
0
0
0.118003
0.118003
0
0
0
0
0
0
0
0
0
0
0
0
0
0
0
0
0
0
0
0
0
0
0
0
0
0
0
0
0
0
0.117609
0.117609
0
0.117609
0
0.230542
0.117309
0
0.11837
0
0
0
0
0.230599
0
0
0.128115
0
0.230542
0.472866
0.230542
0
0.230542
0.230542
0.230542
0.241747
0.241747
0.241747
0.230542
0.231455
0
0
0
0.230542
0.231455
0
0
0
0
0
0
0
0
0
0
0
0
0
0
0
0
0
0
0
0
0
0
0
0
0
0
0.12958
0.12958
0
0
0
0
0
0
0
0
0
0
0
0
0
0
0
0
0
0
0
0
0
0
0
0
0
0
0
0
0
0
0
0
0
0
0
0
0
0
0
0
0
0
0
0
0
0.246252
0.246252
0.246252
0.246252
0.246252
0.246252
0
0
0
0
0
0
0
0
0
0
0
0.230542
0.245701
0
0.246252
0
0
0
0.248282
0.234261
0
0.248922
0.23949
0.119904
0.746124
0.123964
0.123964
0.124141
0.124141
0
0
0
0
0.12107
0
0.12107
0.12107
0.12107
0
0
0
0.230542
0.230826
0.230826
0.230712
0.230542
0.125693
0.124141
0
0
0.12107
0.122645
0.124141
0
0
0
0.230712
0
0
0
0.230883
0
0
0
0
0
0
0
0
0
0
0
0
0
0.230883
0
0
0
0
0
0
0
0.119239
0.119302
0
0.306853
0.307121
0
0
0
0
0
0
0
0
0
0
0
0
0
0
0
0.230542
0
0
0
0.230542
0.230542
0.234261
0
0.244813
0
0
0
0
0
0
0
0
0
0
0
0
0
0
0
0
0
0
0
0
0
0
0
0.237294
0.237294
0.237294
0.237294
0
0
0
0.246529
0.24646
0.239363
0
0
0
0.230542
0.230542
0.230542
0.230542
0.230542
0.24247
0.24247
0.24247
0.24247
0.218797
0
0
0
0
0
0
0
0
0
0
0
0
0
0.230542
0.230542
0.230542
0.230542
0.230542
0.230542
0.230542
0.230542
0.230542
0.230542
0.230542
0.230542
0.230542
0.230542
0.230542
0.230542
0.230542
0.230542
0.230542
0.230542
0.230542
0
0.230542
0.121566
0.230542
0.230542
0.230542
0.230542
0.230542
0.230542
0.230542
0.230542
0.230542
0.230542
0.230542
0.230542
0.122577
0
0
0
0
0.239426
0.239426
0
0
0
0.125363
0
0.129339
0
0
0
0
0
0
0
0
0
0
0
0
0.237666
0.237666
0.237666
0.237666
0.40179
0.40179
0.40179
0.40179
0.238353
0.238353
0.238353
0
0
0
0
0
0.238353
0.238604
0.238353
0.238353
0.238353
0.238353
0.238353
0.242668
0.242668
0.24646
0
0
0.242668
0.242668
0.242668
0.242668
0.245907
0.245907
0.230542
0.230542
0.230542
0
0.230542
0.230542
0.230542
0.230542
0
0
0
0.230542
0.230542
0.230542
0.230542
0.230542
0.230542
0.230542
0.230542
0.230542
0.230542
0.230542
0.121466
0.121466
0.230542
0.230542
0.230542
0.237666
0.239936
0.237791
0.230542
0.230542
0
0
0.242734
0.242734
0.24646
0.24646
0.24646
0.230542
0.230542
0.230542
0.230542
0.230542
0.230542
0.230542
0
0
0
0
0.230542
0.230542
0.230542
0.121566
0
0
0.121566
0.121566
0.121566
0.230542
0.230542
0.121566
0.121566
0
0
0
0
0
0.230542
0.230542
0.230542
0.230542
0.246737
0.246737
0.246737
0
0.246737
0.115987
0
0
0
0
0.115987
0.115987
0.115987
0.115987
0
0
0
0
0
0
0
0.115987
0
0.115987
0.121466
0.121466
0.121466
0.230542
0.230542
0.230542
0.230542
0.230542
0.230542
0.230542
0.230542
0.230542
0.230542
0
0.230542
0.230542
0.230542
0.230542
0.230542
0.230542
0.230542
0
0.230542
0.230769
0.230542
0.230542
0.230542
0
0
0
0.230542
0.230542
0.127843
0
0
0
0.127843
0.237542
0
0
0
0
0.237542
0.246252
0
0
0
0.246252
0
0
0
0
0
0
0
0.246252
0.246252
0.246252
0
0
0
0
0
0
0
0
0
0
0
0
0
0
0
0
0
0
0
0
0
0
0.12958
0.12958
0.12958
0
0
0
0
0
0
0
0
0
0
0
0
0
0.123964
0.123964
0.123964
0.123964
0
0
0
0
0
0
0.124141
0.124141
0.124141
0.124141
0
0
0
0
0
0
0
0
0
0
0
0
0
0
0
0
0
0
0
0
0
0
0
0
0
0
0
0
0
0
0
0
0
0
0
0
0
0
0
0
0
0
0
0
0
0
0
0
0
0
0
0
0
0
0
0
0
0
0
0.118003
0.118003
0.118003
0.118003
0
0
0
0
0
0
0
0
0
0
0
0
0
0
0
0
0
0
0
0
0
0
0
0
0
0
0
0
0
0
0
0
0
0
0
0
0
0
0
0
0
0
0
0
0
0
0
0
0
0
0
0
0
0
0
0
0
0
0
0
0
0
0
0
0.123648
0.231111
0.230542
0
0
0
0
0.230542
0.230542
0.230542
0.230542
0.218797
0.218797
0.218797
0.218797
0.218797
0.218797
0.218797
0.218797
0.218797
0.218797
0.218797
0.218797
0.218797
0.218797
0.218797
0.218797
0.218797
0.218797
0.230485
0.230485
0.230542
0.230542
0
0.230542
0.230542
0.230542
0.230485
0.230485
0
0
0
0.218797
0
0
0
0
0
0
0
0
0
0
0.218797
0.218797
0.218797
0.230542
0.230542
0.218797
0.218797
0.230542
0.218797
0.221013
0.221013
0.218797
0.218797
0.218797
0.218797
0.218797
0.218797
0.230542
0.230542
0.230542
0.230542
0.230542
0.230542
0.230542
0.230542
0
0.230542
0.230542
0.230542
0.230542
0.230542
0.218797
0.218797
0.218797
0.118064
0.218797
0.219089
0
0
0
0
0
0
0
0
0
0
0
0
0
0
0
0
0
0
0
0
0
0
0
0
0
0
0
0
0
0
0
0
0
0
0
0
0
0
0.351324
0
0
0
0
0
0
0.433013
0
0
0
0
0
0
0
0
0
0
0
0
0
0
0
0
0
0
0
0
0
0
0
0
0
0
0
0
0
0
0
0
0
0
0
0
0
0
0
0
0
0.309152
0
0
0
0
0
0
0
0
0
0
0
0
0
0
0
0
0
0
0
0
0
0
0
0
0
0
0
0
0
0
0
0
0
0
0
0
0
0
0.220863
0
0
0
0.221213
0
0
0
0
0
0
0
0
0
0
0
0
0
0
0
0
0
0
0
0
0
0
0.218797
0.288787
0.224544
0
0
0.218895
0.181017
0.218797
0.230542
0.230542
0.218797
0.218797
0.218797
0.218797
0.218797
0.218797
0.218797
0.218797
0.218797
0.218797
0.218797
0.218797
0.218797
0
0.218797
0.218797
0.218797
0.218797
0.218797
0.228748
0.218797
0.218797
0.218797
0.218797
0.218797
0.218797
0.218797
0.218797
0.218797
0.218797
0.218797
0.218797
0.218797
0.218797
0.218797
0.218797
0.218797
0.218797
0
0
0.218797
0.218797
0.218797
0.218797
0.218797
0
0
0.218797
0.218797
0.218797
0.218797
0.218797
0.218797
0.218797
0
0
0.308199
0
0.220863
0.220963
0
0
0
0
0.351324
0
0
0
0
0
0
0.221163
0.221213
0
0
0
0.23546
0
0
0
0
0
0.221013
0
0.228859
0
0
0
0.572078
0.218895
0
0.181017
0.446388
0
0
0.218797
0
0
0
0
0.268866
0.268866
0.268866
0.268866
0
0
0
0
0.218797
0.218797
0.218797
0.218797
0.218797
0.218797
0.218797
0.218797
0.218797
0.218797
0.218797
0.218797
0.218797
0.218797
0.218797
0.218797
0.218797
0.218797
0.218797
0.218797
0.218797
0.218797
0.218797
0.218797
0.218797
0.218797
0.218797
0.218797
0.218797
0.218797
0.218797
0.218797
0.218797
0.218797
0.218797
0.218797
0.218797
0.218797
0.218797
0.218797
0.218797
0.218797
0.218797
0.218797
0.220863
0.220863
0.311086
0.311086
0.220863
0.228692
0.228692
0
0.228748
0.228748
0.228692
0
0
0
0
0
0
0
0
0
0
0
0
0
0
0
0
0
0
0
0
0
0
0
0.308199
0.218797
0.218797
0.218797
0.218797
0.218797
0.218797
0.218797
0.218797
0
0
0
0
0
0.218797
0
0.218797
0.218797
0.218797
0.218797
0.220963
0
0
0
0
0
0
0
0
0
0
0
0
0
0
0
0
0
0
0
0
0
0
0
0.221213
0.221213
0.221213
0
0
0
0
0.303952
0.303952
0.440732
0.440732
0.303952
0.303952
0.303952
0.303952
0.221013
0.221013
0.221013
0.326841
0.326841
0.326841
0.221013
0.221013
0.221013
0.326841
0.326841
0.326841
0.221013
0.221013
0.221013
0.221013
0.117101
0.326841
0.221013
0.221013
0.221013
0.238793
0.238793
0.221013
0.221013
0.221013
0.221013
0.221013
0
0
0
0
0
0
0.276858
0.276858
0.276858
0.276858
0.23546
0
0
0
0
0
0
0
0
0
0
0
0
0
0
0
0
0.218895
0
0.181017
0.446388
0
0.446388
0.446388
0
0
0
0
0
0
0
0.446388
0
0.572078
0.572078
0.572078
0.228859
0
0
0
0
0
0
0
0
0
0
0
0
0
0
0
0
0
0
0
0
0
0
0
0
0
0
0
0
0
0
0
0
0
0
0
0
0
0
0
0
0
0
0
0
0
0
0
0
0
0
0
0
0
0
0
0
0
0
0
0
0
0.268866
0.268866
0.268866
0.268866
0.268866
0.268866
0.268866
0.285283
0.285283
0.268866
0
0
0
0
0
0
0
0
0
0
0.230542
0.230542
0
0
0
0
0
0
0
0
0
0
0
0
0
0
0
0
0
0
0
0
0
0
0
0
0
0
0
0
0.222171
0.222171
0.22207
0.22207
0.22207
0.22207
0.22207
0.22207
0.22207
0.22207
0.22207
0.22207
0.22207
0.222171
0.222171
0.222171
0.222171
0.222171
0.222171
0.222171
0.222171
0.224807
0.224807
0.224807
0.224807
0.222171
0.222171
0.222171
0.247928
0.247928
0.247928
0.247928
0.247928
0
0.247928
0.222171
0.222171
0.222171
0.22207
0.22207
0.22207
0.22207
0.22207
0.22207
0.22207
0.22207
0.22207
0.22207
0.22207
0.22207
0.22207
0.22207
0.22207
0.22207
0.22207
0.22207
0.22207
0.22207
0.22207
0.22207
0.22207
0.22207
0.22207
0.22207
0.22207
0.22207
0.22207
0.406371
0.412082
0.412082
0
0
0
0.534522
0.222171
0
0
0
0
0.23267
0.23267
0.184637
0.184637
0.445566
0.445566
0
0
0
0
0.460179
0.460631
0.222171
0.225441
0.222171
0.222171
0.222171
0.222171
0.222171
0.222171
0.222171
0
0
0.293119
0.294174
0.294174
0.222171
0.118493
0.118493
0.118493
0.231685
0.231743
0
0
0
0
0
0
0
0
0
0
0
0.266645
0.266645
0
0
0
0
0
0
0
0
0.266645
0.219089
0.219089
0.219089
0.219089
0.219089
0.219089
0.219089
0.219089
0.219089
0.219089
0.219089
0.219089
0.219089
0.219089
0.219089
0.219089
0.219089
0.219089
0.219089
0.219089
0.219089
0.219089
0.219089
0.219089
0.219089
0.219089
0.219089
0.219089
0.219089
0.219089
0.219089
0.219089
0.219089
0.219089
0.219089
0.219089
0.219089
0.219089
0.219089
0.219089
0.219089
0.219089
0.219089
0.219089
0.219089
0.219089
0.219089
0.219089
0.219089
0.219089
0.219089
0.219089
0.219089
0.219089
0.219089
0.22207
0.22207
0.22207
0.22207
0.22207
0.22207
0.22207
0.217738
0.217738
0.217738
0.217738
0.217738
0.217738
0.217738
0
0.116423
0.116423
0
0
0
0
0
0
0
0
0
0
0
0
0
0
0
0
0
0
0
0
0
0
0
0.120225
0
0
0.120225
0
0
0
0
0
0
0
0
0
0
0
0
0
0.247999
0
0
0
0
0.253849
0
0
0
0
0
0
0
0
0
0
0
0
0
0
0
0
0
0
0
0
0
0
0
0
0
0
0.128388
0.128388
0.128388
0
0
0
0.128388
0.127419
0.127419
0
0
0
0
0.127419
0.127419
0.128271
0.128349
0.128349
0
0
0.128349
0.128349
0
0
0
0.127419
0.120873
0.120873
0
0
0
0
0
0
0
0
0
0
0
0
0.120873
0
0
0
0
0
0
0
0
0
0
0
0
0
0
0
0
0
0
0
0
0
0
0
0
0
0
0
0
0
0
0
0
0
0
0
0
0
0
0
0
0
0
0
0
0
0
0
0
0
0
0
0
0
0
0
0
0
0
0
0
0
0.217738
0.217738
0.217738
0.217738
0.217738
0.217738
0.217738
0.217738
0.217738
0.217738
0.217738
0.217738
0.217738
0.217738
0
0
0
0
0
0
0
0
0
0
0
0
0
0
0
0
0
0
0
0
0
0
0
0
0
0
0
0
0
0
0
0
0
0
0
0
0
0
0
0
0
0
0
0
0
0
0
0
0
0
0
0
0
0
0
0
0
0
0
0
0
0
0
0
0
0
0
0
0
0
0
0
0
0
0
0
0
0
0
0
0
0
0
0
0
0
0
0
0
0
0
0
0
0
0
0
0
0
0
0
0
0
0
0
0
0
0
0
0
0
0
0
0
0
0
0
0
0
0
0
0
0
0
0
0
0
0
0
0
0
0
0
0
0
0
0
0
0
0
0
0
0.220714
0.220714
0.220714
0.220714
0.220714
0.223452
0.222477
0
0
0
0
0
0
0
0
0
0
0.282425
0.400892
0
0
0
0
0.22371
0.118616
0
0.406061
0.406061
0.406061
0.222171
0.222171
0.222171
0.225388
0
0
0
0
0
0
0
0
0
0
0
0
0
0
0
0
0
0
0
0
0
0
0
0
0
0
0
0
0
0
0
0
0
0
0
0
0
0
0
0
0
0
0
0
0
0
0
0
0
0
0
0
0
0
0
0
0
0
0
0
0
0
0
0
0
0
0
0
0
0
0
0
0
0
0
0
0
0
0
0
0
0
0
0
0
0
0
0
0
0
0
0
0
0
0
0
0
0
0
0
0
0
0
0
0
0
0
0
0
0
0
0
0
0
0
0
0
0
0
0
0
0
0
0.217738
0.217738
0
0
0
0
0
0
0
0
0
0
0
0
0
0
0
0
0
0
0
0
0
0
0
0
0
0
0
0
0
0
0
0
0
0
0
0
0
0
0
0
0
0
0.223762
0.223762
0.223762
0.223762
0.223762
0.223762
0.223762
0
0
0
0
0
0
0
0
0
0
0
0
0
0
0
0
0
0
0
0
0
0
0
0
0
0
0
0
0
0
0
0
0
0
0
0
0
0
0
0
0
0
0
0
0
0.22371
0
0
0
0
0
0
0
0
0
0
0
0
0
0
0
0
0.217738
0
0.217738
0
0
0
0
0
0
0
0
0
0
0
0
0
0
0
0
0
0
0
0
0
0
0
0
0
0
0
0
0
0
0
0
0
0
0
0
0
0
0
0
0
0
0
0
0
0
0
0
0
0
0
0
0
0
0
0
0
0
0
0
0
0
0
0
0
0
0
0
0
0
0
0
0
0
0
0
0
0
0
0
0
0
0
0
0
0
0
0
0
0
0
0
0
0
0
0
0
0
0
0
0
0
0
0
0
0
0
0
0
0
0
0
0
0
0
0
0
0
0
0
0
0
0
0
0
0
0
0
0
0
0
0
0
0
0
0
0
0
0
0
0
0
0
0
0
0
0
0
0
0
0
0
0
0
0
0
0
0
0
0
0
0
0
0
0
0
0
0
0
0
0
0
0
0
0
0
0
0
0
0
0
0
0
0
0
0
0
0
0
0
0
0
0
0
0
0
0
0
0
0
0
0
0
0
0
0
0
0
0
0
0
0
0
0
0
0
0
0
0
0
0
0
0
0
0
0
0
0
0
0
0
0
0
0
0
0
0
0
0
0
0
0
0
0
0
0
0
0
0
0
0
0
0
0
0
0
0
0
0
0
0
0
0
0
0
0
0
0
0
0
0
0
0
0
0
0.227429
0.227429
0.227429
0.227429
0.227429
0.227429
0.227429
0.227429
0.227429
0.227429
0.228527
0.228527
0.235702
0.235702
0
0
0
0
0.240966
0.240966
0.240966
0.240966
0.240966
0.240966
0.240966
0.227429
0
0.227429
0.227429
0
0
0
0
0
0
0
0
0
0
0
0
0
0
0
0
0
0
0
0.217643
0.217643
0.217643
0
0
0
0
0
0
0
0
0
0
0
0
0
0
0
0
0
0
0
0
0
0
0
0
0
0
0
0
0
0
0
0
0
0
0
0
0
0
0
0
0
0
0
0
0
0
0
0
0
0
0
0
0
0
0
0
0
0
0
0
0
0
0
0
0
0
0
0
0
0
0
0
0
0
0
0
0
0
0
0
0
0
0
0
0
0
0
0
0
0
0
0
0
0
0
0
0
0
0
0
0
0
0
0
0
0
0
0
0
0
0
0
0
0
0
0
0
0
0
0
0
0
0
0
0
0
0
0
0
0
0
0
0
0
0
0
0
0
0
0
0
0
0
0
0
0
0
0
0
0
0
0
0
0
0
0
0
0
0
0
0.232379
0
0.33541
0
0
0
0
0
0
0
0
0
0
0
0
0.23355
0
0
0
0
0.276956
0.33265
0.27735
0
0
0
0
0
0
0
0
0
0
0
0
0
0.116364
0
0
0.350723
0
0
0
0
0
0
0
0
0
0
0
0
0
0
0
0
0
0
0
0
0
0
0
0
0
0
0
0
0
0
0
0.219971
0
0.219971
0
0
0
0
0
0
0
0
0
0
0
0
0
0
0
0
0
0
0
0.220813
0.221013
0.221013
0.221013
0.117071
0.323185
0
0
0
0
0
0
0
0
0
0
0
0
0
0
0
0
0
0
0
0
0
0
0
0
0
0
0
0
0
0
0
0
0
0
0
0
0
0
0.223866
0
0.221013
0
0
0
0
0
0
0
0
0
0
0
0
0
0
0
0
0
0
0.218943
0
0
0
0
0
0
0
0.218943
0.225282
0
0
0
0
0
0
0
0
0
0
0
0
0
0
0
0
0
0
0
0
0
0
0
0
0
0
0.33541
0
0
0
0
0
0
0
0
0
0
0
0
0
0
0.227429
0
0
0
0
0
0
0
0
0
0
0
0
0
0
0
0
0
0
0
0
0
0
0
0
0
0
0
0
0
0
0
0
0
0
0
0
0
0
0
0
0
0
0
0
0
0
0
0
0
0
0
0
0
0
0
0
0
0
0
0
0
0
0
0
0
0
0
0
0
0
0.231226
0.231226
0.231226
0.231455
0.231455
0
0.231226
0
0
0
0
0
0
0
0
0
0
0
0
0
0
0
0
0
0
0
0
0
0
0
0
0
0
0
0
0
0
0
0
0
0
0
0
0
0
0
0
0
0
0
0
0
0
0
0
0
0
0
0
0
0
0
0
0
0
0
0
0
0
0
0
0
0
0
0
0
0
0
0.218895
0.218895
0.228859
0.218943
0
0.218943
0.220714
0.220714
0.220714
0.223503
0.223503
0.220714
0.227538
0.220714
0.221013
0.221013
0.221013
0.326841
0.326841
0.393919
0.4468
0
0.221013
0
0
0
0
0
0
0
0
0
0
0
0
0
0
0
0
0.217738
0.217738
0.217738
0.217738
0.217738
0.217738
0.217738
0.217738
0.217738
0.217738
0.217738
0.217738
0.217738
0.217738
0.217738
0.217738
0.217738
0.217738
0.217738
0.217738
0
0
0
0
0
0
0
0
0
0
0
0
0
0
0
0
0
0
0
0
0
0
0
0
0
0
0
0
0
0.217738
0
0
0
0
0
0
0
0
0
0
0
0
0
0
0
0
0
0
0
0
0
0
0
0
0
0
0
0
0.22371
0
0
0.22371
0.22371
0.22371
0.22371
0.22371
0.22371
0.22371
0.22371
0.22371
0.22371
0
0
0
0
0.22371
0.22371
0.22371
0.22371
0
0.22371
0.409514
0.22371
0.22371
0.22371
0.22371
0.22371
0.22371
0.22371
0.22371
0.227976
0.22371
0
0.22371
0.22371
0.22371
0.22371
0.22371
0.22371
0.22371
0.22371
0.22371
0.22371
0.22371
0.22371
0.22371
0
0
0
0
0
0
0
0
0
0
0
0
0
0
0
0
0
0
0
0
0
0
0
0.22371
0.22371
0.22371
0.22371
0.320408
0.320408
0.225123
0.225123
0.235098
0.235098
0
0
0
0
0
0
0.462451
0.462451
0.375735
0.375735
0
0
0
0
0
0
0
0
0
0
0
0
0
0
0
0
0
0
0
0
0
0
0
0
0
0
0
0
0.229025
0.229025
0.12584
0
0
0.253395
0.253395
0
0.22371
0.22371
0.22371
0.125877
0.125877
0.128545
0.125877
0.22371
0
0
0
0
0
0.320408
0.320408
0.320408
0.320408
0.320408
0.320408
0.320408
0.320408
0.229416
0.229416
0.286582
0.286582
0.286582
0
0.286582
0.286582
0.385961
0.286582
0.286582
0.406061
0.406061
0.406061
0.237978
0.237978
0.237978
0.237978
0.237978
0.229416
0.237978
0.237978
0.237978
0.237978
0
0.237978
0
0.241747
0.532414
0.584613
0
0.605063
0
0
0
0.241747
0.12584
0.12584
0.12584
0.12584
0.236617
0.236617
0.236617
0.236617
0.236617
0.240385
0
0.240449
0.225123
0.225123
0.225123
0.225123
0.295241
0.295241
0.295241
0.225653
0.225653
0.226134
0.226134
0.226134
0.226134
0.113147
0.113147
0
0.225653
0.225653
0
0
0
0.462451
0.462451
0.462451
0
0.46291
0
0
0
0
0
0
0
0
0
0.46291
0
0
0
0
0
0
0
0
0
0
0
0
0
0
0
0
0
0
0
0
0
0
0
0
0
0
0
0
0
0
0
0
0
0
0
0
0
0.375735
0.375735
0.375735
0.375735
0.375735
0.4
0.4
0.4
0.4
0.4
0
0.375735
0.375735
0.375735
0.375735
0.375735
0.375735
0.37998
0
0
0
0
0
0
0
0
0
0
0
0
0
0
0
0
0
0
0
0
0
0
0
0
0
0.4
0.4
0.4
0
0
0
0
0
0
0
0
0
0
0
0.4
0.4
0.403604
0
0
0
0
0
0
0
0
0
0
0
0
0
0
0
0
0
0
0
0
0
0
0
0
0
0
0
0
0
0
0
0
0
0
0
0
0
0
0
0
0
0
0
0
0
0
0
0
0
0
0
0
0
0
0
0
0
0
0
0
0
0.225335
0.225335
0.225335
0
0
0
0
0
0
0
0.235098
0.235098
0.235098
0.235098
0.235098
0.234798
0.235159
0.235159
0.235159
0
0
0.234798
0.235098
0.235098
0.235098
0.237542
0.237542
0.237542
0
0.237542
0.412082
0.412082
0
0.412082
0.555492
0.555492
0
0.412082
0
0
0
0
0
0
0
0
0
0
0
0
0
0
0
0
0
0
0
0
0
0
0
0
0
0
0
0
0
0
0
0
0.35793
0
0.35793
0
0.35793
0.35793
0.227158
0.227158
0.691286
0.227321
0.22964
0.22371
0.22371
0.22371
0.22371
0.22371
0.22371
0.22371
0.22371
0.22371
0.22371
0.22371
0.22371
0.22371
0.22371
0
0
0
0.22371
0.22371
0.22371
0.22371
0.22371
0.22371
0.22371
0.22371
0
0.22371
0.22371
0.22371
0.22371
0.22371
0.22371
0.22371
0.22371
0.22371
0.22371
0.22371
0.22371
0.22371
0
0
0
0
0
0
0
0
0
0
0
0
0
0
0
0
0
0
0
0
0
0
0
0
0
0
0
0
0
0
0
0
0
0
0
0
0
0
0
0
0
0
0
0
0
0
0
0
0
0
0
0
0
0
0
0
0
0
0
0
0
0
0
0
0
0
0
0
0
0
0
0
0
0
0
0
0
0
0
0
0
0
0
0
0
0
0
0
0
0
0
0
0
0
0
0
0
0
0
0
0
0
0
0
0
0
0
0
0
0
0
0
0
0
0
0
0
0
0
0
0
0
0
0
0
0
0
0
0
0
0
0
0
0
0
0
0
0
0
0
0
0
0
0
0
0
0
0
0
0
0
0
0
0
0
0
0
0
0
0
0
0
0
0
0
0
0
0
0
0
0
0
0
0
0
0
0.116131
0.116131
0.116131
0.116131
0.116131
0.116131
0.116131
0.116131
0.116131
0.116131
0.116131
0.116131
0.116131
0.116131
0.116131
0.116131
0.116131
0.155126
0.155126
0
0
0.217738
0.217738
0.217738
0.217738
0.217738
0.217738
0.217738
0.217738
0.217738
0.217738
0.217738
0.217738
0.217738
0.217738
0.217738
0.217738
0.217738
0.217738
0.217738
0.217738
0.217738
0.217738
0.217738
0.217738
0.217738
0.217738
0.217738
0.217738
0.217738
0
0
0.116131
0.116131
0.116131
0.116131
0.116131
0.116131
0.118678
0.116131
0.116131
0.116863
0.116863
0.116863
0.116863
0.116863
0.116863
0.116863
0.116863
0.116863
0.116863
0.116131
0.116131
0.116131
0.116131
0.116131
0.118678
0.116131
0.116131
0.116131
0.116423
0.116423
0
0
0
0.116423
0.116131
0
0
0
0.116131
0.116131
0.11713
0.11713
0.11713
0.11713
0.11713
0
0.116131
0.116131
0.116131
0.116364
0.116364
0.11713
0
0.11713
0.11713
0
0
0.457496
0.457496
0
0
0
0
0
0
0
0
0
0
0
0
0
0
0.119397
0.119428
0
0
0
0
0.119713
0.119713
0.119713
0
0
0
0.14535
0.14535
0.14535
0
0
0
0.191663
0.191663
0.191663
0
0
0
0
0
0
0
0
0
0
0
0
0
0
0
0
0
0
0
0
0
0
0
0
0
0
0
0
0
0
0
0
0
0
0
0
0
0
0
0
0
0
0
0
0
0
0
0
0
0
0
0
0
0
0
0
0
0
0
0
0
0
0
0
0
0
0
0
0
0
0
0
0.168674
0.168674
0.168674
0
0
0
0
0
0
0
0
0
0
0
0
0
0
0
0
0.11713
0.11713
0.116423
0.116423
0
0
0.20902
0.2097
0
0
0
0
0
0
0.116131
0.116131
0.116804
0.116131
0.116131
0.116804
0.116804
0
0.116804
0.27735
0
0.27735
0.116804
0.116804
0.168674
0.168674
0.168674
0.168674
0.180361
0.180361
0.180361
0.180361
0
0
0
0.180361
0
0
0.187014
0
0
0.189484
0
0
0
0
0
0
0.191533
0
0
0
0
0
0
0
0
0
0.23355
0.23355
0.234499
0.269047
0.234499
0
0
0
0
0
0
0
0
0
0
0
0
0
0.267615
0.267615
0.267615
0
0.269047
0
0
0
0
0
0
0
0
0
0
0
0
0
0
0
0
0
0
0
0
0
0
0
0
0
0
0
0
0
0
0
0
0
0
0
0
0
0
0
0
0
0
0
0
0
0
0.116364
0.116364
0.116716
0.11722
0.11722
0.301005
0.301005
0.301005
0.381
0.381
0.382029
0.11722
0.11722
0.119713
0.179928
0.120225
0.120225
0.120225
0.120225
0
0
0.120225
0.120225
0.120225
0.120225
0.120225
0.120257
0.120257
0
0
0
0
0
0.120225
0
0
0
0
0
0
0
0
0
0
0
0
0
0.14535
0.14535
0.14535
0.14535
0.14535
0.1541
0.1541
0.1541
0.1541
0.1541
0.154371
0.1541
0
0.159523
0.227648
0
0.14535
0.14535
0
0
0
0
0
0
0
0
0
0
0
0
0.11713
0.11713
0.11713
0.11713
0.120808
0.120808
0
0.120808
0
0
0
0
0
0
0
0
0
0
0
0.120808
0.120873
0.11713
0.191663
0.191663
0.191663
0
0
0
0.192187
0.200895
0.200895
0
0.200895
0.200895
0.200895
0.588348
0.192187
0.171219
0.171219
0.171219
0.171219
0.171219
0.171219
0.171219
0
0
0
0
0
0.171219
0.171219
0.171219
0.171219
0
0.171219
0
0
0
0
0
0
0
0
0
0
0
0
0
0
0
0
0
0
0
0
0
0
0
0
0
0
0
0
0
0
0
0
0
0
0
0
0
0
0
0
0
0
0
0
0
0
0
0
0
0
0.117279
0.117279
0.493197
0.117279
0
0
0
0
0
0
0.11946
0.11946
0.118064
0.118064
0.116775
0.116775
0.116775
0.128115
0.128388
0.128388
0.128388
0.128115
0
0
0.116775
0.245222
0.116775
0
0
0
0
0.117011
0.227976
0.227976
0.227976
0.227976
0.227976
0.227976
0.227976
0.227976
0.484018
0.227976
0
0
0
0
0
0
0
0
0
0
0
0
0
0
0
0
0
0
0
0
0
0
0
0
0
0
0
0
0
0
0
0
0
0
0
0
0
0
0
0
0
0
0
0
0
0
0
0
0
0
0
0
0
0
0
0
0
0
0
0
0
0
0
0
0
0
0
0
0
0
0
0
0
0
0
0
0
0
0
0
0
0
0
0
0
0
0
0
0
0
0
0
0
0
0
0
0
0
0
0
0
0
0
0
0
0
0
0
0
0
0
0
0
0
0
0
0
0
0
0
0
0
0
0
0
0
0
0
0
0
0
0
0
0
0
0
0
0
0
0
0
0
0
0
0
0
0
0
0
0
0
0
0
0
0
0
0
0
0
0
0
0
0
0
0
0
0
0
0
0
0
0
0.217738
0
0
0
0.217738
0.217738
0.217738
0.217738
0.217738
0
0
0
0.217738
0
0
0
0
0
0
0
0
0
0
0
0
0
0
0
0
0
0
0
0
0
0
0.22207
0.22207
0.217691
0
0.217691
0
0.22371
0.22371
0.22371
0.22371
0.22371
0.184988
0.184988
0
0
0
0
0
0
0.224597
0.224597
0.224597
0.224597
0.224597
0.224597
0.224597
0.224597
0.224597
0.224597
0.224597
0.224597
0.224597
0.224597
0.224597
0.224597
0.224597
0.224597
0.224597
0.224597
0.224544
0.224544
0.224544
0.224544
0.224544
0.224544
0.224544
0.224544
0.224544
0.224807
0.224807
0.224807
0.224807
0
0
0
0
0
0
0
0
0
0
0
0
0
0
0
0
0
0
0
0
0
0
0
0.224597
0.125988
0.125988
0.224597
0
0.224597
0.224807
0.124964
0.249065
0.249065
0.272915
0.272915
0.272915
0.272915
0.272915
0.272915
0
0
0.272915
0.272915
0.272915
0.414368
0.272915
0.272915
0.282948
0.282948
0.249065
0.224597
0.234261
0.234261
0.234261
0
0
0
0
0
0.234261
0.119239
0.119239
0
0
0
0
0
0.119239
0
0
0
0
0
0.306853
0
0.224597
0
0
0
0
0.224597
0.224597
0
0.224597
0
0.224597
0
0
0
0
0.224597
0
0
0
0
0
0.224597
0
0
0
0.224597
0.224597
0
0.224597
0.224597
0.224597
0.224597
0.224597
0.241943
0.241943
0.241943
0.241943
0.241943
0.241943
0.248922
0
0
0
0
0
0.241943
0
0
0
0.241943
0.241943
0
0.241943
0.224597
0
0.224597
0
0
0.224597
0.224597
0.241943
0.127804
0.24247
0.24247
0.241943
0.127959
0.242206
0.242206
0.224597
0.234261
0.234261
0.224597
0.241943
0.241943
0.127573
0
0
0.242602
0.127496
0
0
0.243399
0
0
0
0
0.241943
0.224597
0.123473
0.224597
0
0.224597
0.119397
0.258678
0
0
0
0
0.263371
0.263371
0.224597
0.119239
0.224597
0.224597
0.225018
0
0.225018
0.119397
0.119397
0.119397
0.128193
0.128193
0.128193
0.128193
0.12831
0.128193
0
0.128193
0.119745
0.119745
0.119904
0.119745
0
0
0
0
0.452696
0.219089
0.219089
0.219089
0.219089
0.219089
0
0.219089
0.219089
0.219089
0.219089
0
0.219089
0.219089
0.219089
0.219089
0
0.219089
0.219089
0.219089
0.219089
0
0
0
0
0.219089
0.219089
0.219089
0.219089
0.219089
0.219089
0.219089
0.219089
0.219089
0
0
0
0
0
0
0
0
0
0
0
0
0
0
0
0
0
0
0
0
0
0
0
0
0
0
0
0
0
0
0
0
0
0
0
0
0
0
0
0
0
0
0
0
0
0
0
0
0
0
0
0
0
0
0
0
0
0
0
0
0
0
0
0
0
0
0
0
0
0
0
0
0
0
0
0
0
0
0
0
0.22371
0.22371
0.22371
0.22371
0.22371
0.22371
0.22371
0
0.22371
0.22371
0.22371
0
0
0
0
0
0
0
0
0
0
0
0
0
0
0
0
0
0
0
0
0
0.22371
0.22371
0
0
0
0
0
0.217738
0.217738
0.217738
0
0
0
0
0.115958
0.115958
0.115958
0.115958
0.118493
0.118493
0.115958
0.115958
0.115958
0.115958
0.115958
0.11619
0
0.11619
0.116481
0.116569
0.116569
0.116628
0.116569
0.116569
0
0.116569
0.178647
0.119114
0.119114
0
0.119271
0.119271
0.119554
0.119745
0.119745
0.177913
0.119745
0.124676
0.124676
0.124676
0.124676
0.124712
0.124676
0.124676
0.124676
0.115958
0.118125
0.118186
0.120972
0.121367
0.121367
0.121367
0
0
0.121733
0.239172
0.118186
0
0
0
0
0.217738
0
0
0
0
0
0
0
0
0
0
0
0
0
0
0
0
0
0
0.217738
0.217738
0
0
0.218797
0.230315
0.230315
0
0
0
0
0
0
0
0
0
0
0.217738
0.217738
0.217738
0.217738
0.217738
0.217738
0.217738
0
0
0
0
0
0
0
0
0
0
0
0
0
0
0
0
0
0
0
0
0
0
0
0
0
0
0
0
0
0
0
0
0
0
0
0
0
0
0
0
0
0
0
0
0
0
0
0
0
0
0
0
0
0
0
0
0
0
0
0
0
0
0
0
0
0
0
0
0
0
0
0
0
0
0
0
0
0
0
0
0
0
0.22371
0.22371
0.22371
0.22371
0.22371
0.22371
0.22371
0
0
0
0
0
0
0.234738
0.234738
0.234738
0.234738
0.234738
0.234738
0.234738
0.234738
0.234738
0.237418
0.237418
0.237418
0.237418
0
0
0
0
0
0
0
0
0
0
0
0.262781
0.237418
0.238667
0.237418
0.234738
0.22576
0
0.22592
0.22371
0
0
0
0
0
0
0
0
0
0
0
0
0
0
0
0
0
0
0
0
0
0
0
0
0
0
0
0.22371
0
0
0
0
0
0
0
0
0
0
0
0
0
0
0
0
0
0
0
0
0
0
0
0
0
0
0
0
0
0
0
0
0
0
0
0
0
0
0
0
0
0
0
0
0
0
0
0
0
0
0
0
0
0
0
0
0
0
0
0
0
0
0
0
0
0
0
0
0
0
0
0
0
0
0
0
0
0
0
0
0
0
0
0
0
0
0
0
0
0
0
0
0
0
0
0
0
0
0
0
0
0.22371
0.184988
0.184988
0.184988
0.184988
0.184988
0.231685
0.234738
0.22371
0.22371
0.22371
0.22371
0.22371
0.22371
0.22371
0.22371
0.22371
0.22371
0.22371
0.22371
0.22371
0.22371
0.22371
0.22371
0.234738
0.22371
0.317702
0.317702
0.317702
0.317702
0.317702
0.237915
0.237915
0.746124
0
0.746124
0.237915
0
0
0.225335
0
0
0
0
0.22576
0
0.22371
0.22371
0
0
0
0.22371
0
0
0
0
0
0
0
0
0
0
0
0
0
0
0
0
0
0
0
0
0
0.22371
0.22371
0.22371
0.22371
0.22371
0.22371
0.22371
0
0.22371
0.22371
0
0
0
0
0
0
0
0
0
0
0
0
0
0
0
0
0
0
0
0
0
0
0
0
0
0
0
0
0
0
0.234738
0.234738
0.234738
0.237418
0.237418
0.234738
0
0
0
0.234738
0.22371
0.317702
0.317702
0.317702
0.317702
0.317702
0.317702
0.317702
0.317702
0.177705
0.177705
0
0.177705
0
0
0
0
0
0
0
0
0
0
0
0
0.258839
0.258839
0.258839
0.258839
0.258839
0
0
0
0.258839
0.258839
0.258839
0.258839
0.258839
0.258839
0.258839
0.258839
0.258839
0.262445
0
0.258839
0.22207
0.22207
0.22207
0.22207
0.22207
0.293119
0.293119
0.293119
0.293119
0.227702
0.227702
0
0.22207
0.265858
0
0.265858
0.22371
0
0
0
0
0
0
0
0
0
0
0
0
0
0
0
0
0
0
0
0
0
0
0
0
0
0
0
0
0
0
0
0.217738
0.218701
0.217738
0
0
0
0
0
0
0
0
0
0
0
0
0
0
0
0
0
0
0
0
0
0
0
0
0
0
0
0
0
0
0
0
0
0
0
0
0
0
0
0
0
0
0
0
0
0
0
0
0
0
0
0
0
0
0
0
0
0
0
0
0
0
0
0
0
0
0
0
0
0
0
0
0
0
0
0
0
0
0
0
0
0
0
0
0
0
0
0
0
0
0
0
0
0
0
0
0
0
0
0
0
0
0
0
0
0
0
0
0
0
0
0
0
0
0
0
0
0
0
0
0
0
0
0
0
0
0
0
0
0
0
0
0
0
0
0
0
0
0
0
0
0
0
0
0
0
0
0
0
0
0
0
0
0
0
0
0
0.217738
0.217738
0.217738
0
0
0
0
0
0
0
0
0
0
0
0
0
0.217738
0.217738
0.217738
0
0
0
0
0
0
0
0
0
0
0
0
0
0
0
0
0
0
0
0
0
0
0
0
0
0
0
0
0
0
0
0
0
0
0
0
0
0
0
0
0
0
0
0
0
0
0
0
0
0
0
0
0
0
0
0
0
0
0
0
0
0
0
0
0
0
0
0.218701
0.218701
0.218701
0.218701
0.218701
0.218701
0.218701
0.218701
0.218701
0.218701
0.218701
0
0
0
0
0.218797
0.218797
0.218797
0.218797
0.218797
0.218797
0.218797
0.218797
0
0
0
0
0
0
0
0.218797
0.218797
0
0
0.218797
0.218797
0.218797
0.218797
0
0
0.218797
0
0.218797
0.218797
0.218797
0
0
0
0
0
0
0
0
0
0
0
0
0
0
0
0
0
0
0
0
0
0.220963
0.220963
0.220963
0.220963
0.220963
0.220963
0.220963
0.220963
0.222477
0.222477
0.222477
0
0
0
0
0.220963
0.220963
0
0
0.220963
0.220963
0.220963
0.220963
0.220963
0.223607
0.222477
0
0
0
0
0.221213
0
0
0
0
0
0
0
0
0
0
0
0
0
0
0
0
0
0.218797
0.218797
0.218797
0.218797
0.351324
0.351324
0.221013
0.221013
0.221013
0.218846
0.218846
0.4468
0.218797
0.4468
0.4468
0.4468
0
0
0.4468
0
0
0
0.351324
0.351324
0.351324
0.4468
0.351324
0
0.351324
0.221013
0.221013
0
0
0
0.221013
0
0
0
0
0.218846
0.218846
0.218895
0
0.218846
0
0
0
0
0
0.221013
0.221013
0.221013
0.221013
0.238793
0.238793
0.238793
0.127535
0.238793
0.126248
0.238793
0.221013
0
0
0
0
0
0
0
0
0
0
0
0
0
0
0
0
0
0
0
0
0
0
0
0
0
0
0
0
0
0
0
0.222477
0.195698
0.224022
0.224022
0.224022
0.224022
0.224022
0.224022
0.224022
0.224022
0.224022
0
0
0
0
0
0
0
0
0
0
0
0
0
0
0
0.22371
0
0
0
0
0
0
0
0
0
0
0.217738
0.217738
0.217738
0.217738
0.217738
0.217738
0.217738
0.217738
0.217738
0.217738
0.217738
0
0
0
0
0
0
0
0
0
0
0
0
0
0
0
0
0
0
0
0
0
0
0
0
0
0
0
0
0
0
0
0
0
0
0
0
0
0
0
0
0
0
0
0
0
0
0
0
0
0
0
0
0
0
0
0
0
0
0
0
0
0
0
0
0
0
0
0
0
0
0
0
0
0
0
0
0
0
0
0
0
0
0
0
0
0
0
0
0
0
0
0
0
0
0
0
0
0
0
0
0
0
0
0
0
0
0
0
0
0
0
0
0
0
0
0
0
0
0
0
0
0
0
0
0
0
0
0
0
0
0
0
0
0
0
0
0
0
0
0
0
0
0
0
0
0
0
0
0
0
0
0
0
0
0
0
0
0
0
0
0
0
0
0
0
0
0
0
0
0
0
0
0
0
0
0
0
0
0
0
0
0
0
0
0
0
0
0
0
0
0
0
0
0
0
0.22371
0
0
0
0.217738
0.217738
0.217738
0.217738
0
0
0
0
0.217738
0.217738
0
0
0
0
0
0
0
0
0
0
0
0
0
0
0
0
0
0
0
0
0
0
0
0
0
0
0
0
0
0
0
0
0
0
0
0
0
0
0
0
0
0
0
0
0
0
0
0
0
0
0
0
0
0
0
0
0
0
0
0
0
0
0
0
0
0
0
0
0
0
0
0
0
0
0
0
0
0
0
0
0
0
0
0
0
0
0
0
0
0
0
0
0
0
0.217738
0.217738
0.217738
0.217738
0.217738
0.217738
0
0
0
0
0
0
0
0
0
0
0
0
0
0
0
0
0
0
0
0
0.218701
0
0
0
0
0
0
0
0
0.179713
0.179713
0.179713
0
0
0
0.367423
0
0
0.383065
0.217691
0.217691
0
0.217691
0.217691
0.237294
0.237294
0
0.237294
0.237294
0.21817
0
0
0
0
0.242272
0
0
0
0
0
0
0
0
0
0
0
0
0
0
0
0
0
0
0
0
0
0
0
0
0
0
0
0
0
0
0
0
0
0
0
0
0
0
0
0
0
0
0
0
0
0
0
0
0
0
0
0
0
0
0
0
0
0
0
0
0
0
0
0
0
0
0
0
0
0
0
0
0
0
0
0
0
0
0
0
0
0
0
0
0
0
0
0
0
0
0
0
0
0
0
0
0
0
0
0
0
0
0
0
0
0
0
0
0
0
0
0
0
0
0
0
0
0
0
0
0
0
0
0
0
0
0
0
0
0
0
0
0
0
0
0
0
0
0
0
0
0
0
0
0
0
0
0
0
0
0
0
0
0
0
0
0
0
0
0
0
0
0
0
0
0
0
0
0
0
0
0
0
0
0
0
0
0
0
0
0
0
0
0
0
0
0
0
0
0
0
0
0
0
0
0
0
0
0
0
0
0
0
0
0
0
0
0
0
0
0
0
0
0
0
0
0
0
0
0
0
0
0
0
0
0
0
0
0
0
0
0
0
0
0
0
0
0
0
0
0
0
0
0
0
0
0
0
0
0
0
0
0
0
0
0
0
0
0
0
0
0
0
0
0
0
0
0
0
0
0
0
0
0
0
0
0
0
0
0
0
0
0
0
0
0
0
0
0
0
0
0
0
0
0
0
0
0
0
0
0
0
0
0
0
0
0
0
0
0
0
0
0
0
0
0
0
0
0
0
0
0
0
0
0
0
0
0
0
0
0
0
0
0
0
0
0
0
0
0
0
0
0
0
0
0
0
0
0
0
0
0
0
0
0
0
0
0
0
0
0
0
0
0
0
0
0
0
0
0
0
0
0
0
0
0
0
0
0
0
0
0
0
0
0
0
0
0
0
0
0
0
0
0
0
0
0
0
0
0
0
0
0
0
0
0
0
0
0
0
0
0
0
0
0
0
0
0
0
0
0
0
0
0
0
0
0
0
0
0
0
0
0
0
0
0
0
0
0
0
0
0
0
0
0
0
0
0
0
0
0
0
0
0
0
0
0
0
0
0
0
0
0
0
0
0
0
0
0
0
0
0
0
0
0
0
0
0
0
0
0
0
0
0
0
0
0
0
0
0
0
0
0
0
0
0
0
0
0
0
0
0
0
0
0
0
0
0
0
0
0
0
0
0
0
0
0
0
0
0
0
0
0
0
0
0
0
0
0
0
0
0
0
0
0
0
0
0
0
0
0
0
0
0
0
0
0
0
0
0
0
0
0
0
0
0
0
0
0
0
0
0
0
0
0
0
0
0
0
0
0
0
0
0
0
0
0
0
0
0
0
0
0
0
0
0
0
0
0
0
0
0
0
0
0
0
0
0
0
0
0
0
0
0
0
0
0
0
0
0
0
0
0
0
0
0
0
0
0
0
0
0
0
0
0
0
0
0
0
0
0
0
0
0
0
0
0
0
0
0
0
0
0
0
0
0
0
0
0
0
0
0
0
0
0
0
0
0
0
0
0
0
0
0
0
0
0
0
0
0
0
0
0
0
0
0
0
0
0
0
0
0
0
0
0
0
0
0
0
0
0
0
0
0
0
0
0
0
0
0
0
0
0
0
0
0
0
0
0
0
0
0
0
0
0
0
0
0
0
0
0
0
0
0
0
0
0
0
0
0
0
0
0
0
0
0
0
0
0
0
0
0
0
0
0
0
0
0
0
0
0
0
0
0
0
0
0
0
0
0
0
0
0
0
0
0
0
0
0
0
0
0
0
0
0
0
0
0
0
0
0
0
0
0
0
0
0
0
0
0
0
0
0
0
0
0
0
0
0
0
0
0
0
0
0
0
0
0
0
0
0
0
0
0
0
0
0
0
0
0
0
0
0
0
0
0
0
0
0
0
0
0
0
0
0
0
0
0
0
0
0
0
0
0
0
0
0
0
0
0
0
0
0
0
0
0
0
0
0
0
0
0
0
0
0
0
0
0
0
0
0
0
0
0
0.230542
0.230542
0.230542
0.230542
0.230542
0
0
0
0
0
0
0
0
0
0
0.241747
0.241747
0.241747
0.241747
0.241747
0.241747
0.241747
0.241747
0.241747
0.241747
0.241747
0.22964
0.22964
0.22964
0.22964
0.22964
0.22964
0.22964
0.22964
0
0.22964
0.22964
0
0.22964
0.22964
0
0.22964
0
0
0
0
0
0
0
0
0
0
0
0
0
0
0
0
0
0
0
0
0
0
0
0
0
0
0
0
0
0
0
0
0
0
0
0
0
0
0
0
0
0
0
0
0
0
0
0
0
0
0
0
0
0
0
0
0
0
0
0
0
0
0
0
0
0
0
0
0
0
0
0
0
0
0
0
0
0
0
0
0
0
0
0
0
0
0
0
0
0
0
0
0
0
0
0
0
0
0
0
0
0
0
0
0
0
0
0
0
0
0
0
0
0
0
0
0
0
0
0
0
0
0
0
0
0
0
0
0
0
0
0
0
0
0
0
0
0
0
0
0
0
0
0
0
0
0
0
0
0
0
0
0
0
0
0
0
0
0
0
0
0
0
0
0
0
0
0
0
0
0
0
0
0
0
0
0
0
0
0
0
0
0
0
0
0
0
0
0
0
0
0
0
0
0
0
0
0
0
0
0
0
0
0
0
0
0
0
0
0
0
0
0
0
0
0
0
0
0
0
0
0
0
0
0
0
0
0
0
0
0
0
0
0
0
0
0
0
0
0
0
0
0
0
0
0
0
0
0
0
0
0
0
0
0
0
0
0
0
0
0
0
0
0
0
0
0
0
0
0
0
0
0
0
0
0
0
0
0
0.217738
0.217738
0.217738
0.217738
0.217738
0
0
0
0
0
0
0
0
0
0
0
0
0
0
0
0
0
0
0
0
0
0
0
0
0
0
0
0
0
0
0
0
0
0
0
0
0
0
0
0
0
0
0
0
0
0
0
0
0
0
0
0
0
0
0
0
0
0
0
0
0
0
0
0
0
0
0
0
0
0
0
0
0
0
0
0
0
0
0
0
0
0
0
0
0
0
0
0
0
0
0
0
0
0
0
0
0
0
0
0
0
0
0
0
0
0
0
0
0
0
0
0
0
0
0
0
0
0
0
0
0
0
0
0
0
0
0
0
0
0
0
0
0
0
0
0
0
0
0
0
0
0
0
0
0
0
0
0
0
0
0
0
0
0
0
0
0
0
0
0
0
0
0
0
0
0
0
0
0
0
0
0
0
0.217738
0
0
0
0
0
0
0
0
0.217738
0.217738
0.217738
0.217738
0.217738
0.217738
0
0
0.217738
0.217738
0
0
0
0
0
0
0
0
0
0
0
0
0
0
0
0
0
0
0
0
0
0
0
0
0
0
0
0
0
0
0
0
0
0
0
0
0
0
0
0
0
0
0
0
0
0
0
0
0
0
0
0
0.217738
0.217738
0
0
0
0
0
0
0
0
0
0
0
0
0
0
0
0
0
0
0
0
0
0
0
0
0
0.217738
0
0
0
0
0
0
0
0
0
0
0
0
0
0
0
0
0
0
0
0
0
0
0
0
0
0
0
0
0
0
0
0
0
0
0
0
0
0
0
0
0
0
0
0
0
0
0
0
0
0
0
0
0
0
0
0
0
0
0
0
0
0
0
0
0
0
0
0
0
0
0
0
0
0
0
0
0
0
0
0
0
0
0
0
0
0
0
0
0
0
0
0
0
0
0
0
0
0
0
0
0
0
0
0
0
0
0
0
0
0
0
0
0
0
0
0
0
0
0
0
0
0
0
0
0
0
0
0
0
0
0
0
0
0
0
0
0
0
0
0
0
0
0
0
0
0
0
0
0
0
0
0
0
0
0
0
0
0
0
0
0
0
0
0
0
0
0
0
0
0
0
0
0
0
0
0
0
0
0
0
0
0
0
0
0
0
0
0
0
0
0
0
0
0
0.217738
0.217738
0.218797
0.218797
0.217738
0.217738
0.217738
0.217738
0.217738
0.217738
0.219089
0.219089
0.219089
0.219089
0.219089
0.219089
0.219089
0.219089
0.219089
0.219089
0.121833
0.219089
0.219089
0.219089
0.219089
0
0.219089
0.219089
0.127419
0.127419
0.127419
0.127419
0.127419
0.219089
0
0.219089
0.219089
0.219089
0.219089
0
0
0.219089
0.125877
0.219089
0
0.219089
0.219089
0.219089
0.219089
0
0.219089
0.219089
0.219089
0
0.219089
0
0
0
0.219089
0.219089
0
0.219089
0.219089
0.120548
0.120548
0
0.219089
0.219089
0.219089
0.219089
0.219089
0
0
0
0
0
0
0
0
0
0
0
0
0.219089
0
0
0.219089
0.219089
0.219089
0.219089
0.222171
0.219089
0.219089
0
0
0
0
0
0.122782
0
0
0
0
0
0
0
0
0.219089
0
0
0.220564
0.219089
0.219089
0
0
0
0
0
0
0
0
0
0
0
0.219089
0
0
0.129299
0.219089
0.219089
0.219089
0
0
0
0
0
0
0
0
0
0
0.219089
0
0
0
0.219089
0.219089
0.219089
0.219089
0.222171
0
0
0.5
0
0
0
0
0
0
0.400594
0
0
0
0.811503
0
0
0
0.40762
0.398234
0
0
0.816497
0
0
0.222171
0.219089
0.219089
0
0
0
0
0
0
0
0
0
0
0.219089
0
0
0.22207
0.219089
0.219089
0
0.219089
0
0
0
0
0
0
0
0
0
0
0
0.222171
0.219089
0.219089
0
0.219089
0
0
0
0
0
0
0
0
0
0
0
0
0.219089
0.219089
0.219089
0.219089
0.219089
0.219089
0
0
0
0
0
0.219089
0
0
0.128427
0
0
0
0
0
0
0
0
0
0
0
0
0
0
0
0
0.222171
0.219089
0.219089
0.219089
0.219089
0
0
0
0
0
0
0
0
0
0
0
0
0
0
0
0
0
0
0
0
0
0
0
0
0
0
0
0
0
0
0
0
0
0
0
0
0
0
0
0
0
0
0
0
0
0
0
0
0
0
0
0
0
0
0
0
0
0
0
0
0
0
0
0
0
0
0
0
0
0
0
0
0
0
0
0
0
0
0
0
0
0
0
0
0
0
0
0
0
0
0
0
0
0.233964
0.233964
0.233964
0
0
0
0
0
0
0
0
0
0
0
0
0
0
0
0
0
0
0
0
0
0
0
0
0
0
0
0
0
0
0
0
0
0
0
0
0
0
0
0
0
0
0
0
0
0
0
0
0
0
0
0
0
0
0
0
0
0
0
0
0
0
0
0
0
0
0
0
0.234261
0.234261
0.234261
0
0
0
0
0.219089
0.219089
0.219089
0.219089
0
0
0
0
0
0
0
0
0
0
0
0
0
0
0
0
0
0
0
0
0
0
0
0
0
0
0
0
0
0
0
0
0
0
0
0
0
0
0
0
0
0
0
0
0
0
0
0
0
0
0
0
0
0
0
0
0
0
0
0
0
0
0
0
0
0
0
0
0
0
0
0
0
0
0
0
0
0
0
0
0
0
0
0
0
0
0
0
0
0
0
0
0
0
0
0
0
0
0
0
0
0
0
0
0
0
0
0
0
0
0
0
0
0
0
0
0
0
0
0
0
0
0
0
0
0
0.219089
0.219089
0.219089
0.219089
0.219089
0.219089
0.219089
0
0
0
0
0
0
0
0
0
0
0
0
0
0
0
0
0
0
0
0
0
0
0
0
0.123161
0.123161
0.123161
0.12439
0.12439
0.12439
0.12439
0
0
0
0.124497
0.124497
0.124497
0.123265
0.123091
0
0.123091
0.123091
0
0.123195
0.219089
0.219089
0.219089
0.219089
0
0.219089
0.219089
0.219089
0.219089
0.219089
0.219089
0.219089
0.219089
0.219089
0
0
0
0
0
0.222171
0.222171
0.222171
0.222171
0.222171
0.222171
0
0
0.219089
0.219089
0.219089
0.219089
0.219089
0.219089
0.219089
0.219089
0.228637
0.228637
0
0.228637
0.219089
0.219089
0
0
0
0
0
0
0
0
0
0.219089
0.219089
0.11837
0.219089
0.219089
0.219089
0
0.219089
0.219089
0.219089
0
0
0.219089
0.219089
0.219089
0.219089
0.219089
0.219089
0
0.219089
0.219089
0.219089
0.219089
0.219089
0.219089
0.219089
0.219089
0.219089
0.219089
0.219089
0.219089
0.263371
0.263371
0.263371
0.263371
0
0
0.219089
0.219089
0.219089
0.219089
0.263371
0.263371
0.263371
0
0
0
0.261861
0.261861
0.263371
0.263371
0
0
0
0
0
0
0
0
0
0
0
0
0
0.219089
0.219089
0
0
0
0
0
0
0
0
0
0
0
0
0
0
0.224649
0.224649
0.224649
0.224649
0.224649
0.224649
0.224649
0.219089
0.219089
0
0
0
0
0
0
0
0
0
0
0
0.219089
0
0
0
0
0
0
0
0
0
0
0
0
0
0
0
0
0
0
