0
0
0
0
0
0
0
0
0
0
0
0
0
0
0
0
0
0
0
0
0
0
0
0
0
0
0
0
0
0
0
0
0
0
0
0
0
0
0
0
0
0
0
0
0
0
0
0
0
0
0
0
0
0
0
0
0.0658427
0
0
0
0
0
0
0
0
0
0
0.0658427
0.0658427
0.0658427
0.0658427
0.0658427
0.0658427
0
0
0
0
0
0
0
0
0.0748132
0
0
0
0
0
0
0.0759068
0.0660018
0.0660018
0.0660018
0.0660018
0.0660018
0.0660018
0.0660018
0.0660018
0.0660018
0.0660018
0.0660018
0.0660018
0.0660018
0.0660018
0.0660018
0
0
0
0
0
0
0.0660018
0.0660018
0.0663237
0
0
0
0.0660338
0.0660338
0
0.0660658
0
0.0660658
0
0
0.0708288
0.0717547
0
0.0815478
0
0
0
0
0
0
0
0
0
0
0
0
0
0
0
0
0
0
0
0
0
0.082269
0.082269
0.082269
0.082269
0.082269
0.082269
0.082269
0.082269
0.082269
0.082269
0.082269
0.082269
0.082269
0.082269
0.082269
0.082269
0.082269
0.082269
0.082269
0.082269
0.082269
0.082269
0.082269
0.082269
0.082269
0.082269
0.082269
0.082269
0
0
0
0
0
0
0
0
0
0
0
0
0
0
0
0
0
0
0
0
0
0
0
0
0
0
0
0
0
0
0
0
0
0
0
0
0
0
0
0
0
0
0
0
0
0
0
0
0
0
0
0
0
0
0
0
0
0
0
0
0
0
0
0
0
0
0
0
0
0
0
0
0
0
0
0
0
0
0
0
0
0
0
0
0
0
0
0
0
0
0
0
0
0
0
0
0
0
0
0
0
0
0
0
0
0
0
0
0
0
0
0
0
0
0
0
0
0
0
0
0
0
0
0
0
0
0
0
0
0
0
0
0
0
0
0
0
0
0
0
0
0
0
0
0
0
0
0
0
0
0
0
0
0
0
0
0
0
0
0
0
0
0
0
0
0
0
0
0
0
0
0
0
0
0
0
0
0
0
0
0
0
0
0
0
0
0
0
0
0
0
0
0
0
0
0
0
0
0
0
0
0
0
0
0
0
0
0
0
0
0
0
0
0
0
0
0
0
0
0
0
0
0
0
0
0
0
0
0
0
0
0
0
0
0
0
0
0
0
0
0
0
0
0
0
0
0
0
0
0
0
0
0
0
0
0
0
0
0
0
0
0
0
0
0
0
0
0
0
0
0
0
0
0
0
0
0
0
0
0
0
0
0
0
0
0
0
0
0
0
0
0
0
0
0
0
0
0
0
0
0
0
0
0
0
0
0
0
0
0
0
0
0
0
0
0
0
0
0
0
0
0
0
0
0
0
0
0
0
0
0
0
0
0
0
0
0
0
0
0
0
0
0
0
0
0
0
0
0
0
0
0
0
0
0
0
0
0
0
0
0
0
0
0
0
0
0
0
0
0
0
0
0
0
0
0
0
0
0
0
0
0
0
0
0
0
0
0
0
0
0
0
0
0
0
0
0
0
0
0
0
0
0
0
0
0
0
0
0
0
0
0
0
0
0
0
0
0
0
0
0
0
0
0
0
0
0
0
0
0
0
0
0
0
0
0
0
0
0
0
0
0
0
0
0
0
0
0
0
0
0
0
0
0
0
0
0
0
0
0
0
0
0
0
0
0
0
0
0
0
0
0
0
0
0
0
0
0
0
0
0
0
0
0
0
0
0
0
0
0
0
0
0
0
0
0
0
0
0
0
0
0
0
0
0
0
0
0
0
0
0
0
0
0
0
0
0
0
0
0
0
0
0
0
0
0
0
0
0
0
0
0
0
0
0
0
0
0
0
0.0815478
0.0815478
0.0815478
0.0815478
0.0815478
0
0
0
0
0
0
0
0
0
0.0815478
0.0815478
0.0815478
0.0815478
0.0815478
0.0815478
0.0815478
0.0815478
0.0815478
0.0815478
0.0815478
0.0815478
0.0815478
0.0815478
0.0815478
0.0815478
0.0815478
0.0815478
0.0815478
0.0815478
0.0815478
0.0815478
0.0815478
0.0815478
0.0815478
0.0815478
0.0815478
0.0815478
0.0815478
0.0815478
0.0815478
0.0815478
0.0815478
0.0815478
0.0815478
0.0815478
0.0815478
0.0815478
0.0815478
0.0815478
0.0815478
0.0815478
0.0815478
0.0815478
0.0815478
0.0815478
0.0815478
0.0815478
0.0815478
0.0815478
0.0815478
0.0815478
0.0815478
0.0815478
0.0815478
0.0815478
0.0815478
0.0815478
0.0815478
0.0815478
0.0815478
0.0815478
0.0815478
0.0815478
0.0815478
0.0815478
0.0815478
0.0815478
0.0815478
0.0815478
0.0815478
0.0815478
0.0815478
0.0815478
0.0815478
0.0815478
0.0815478
0.0815478
0.0815478
0.0815478
0.0815478
0.0815478
0.0815478
0.0815478
0.0815478
0.0815478
0.0815478
0.0815478
0.0815478
0.0815478
0.0815478
0.0815478
0.0815478
0.0815478
0.0815478
0.0815478
0.0815478
0.0815478
0.0815478
0.0815478
0.0815478
0.0815478
0.0815478
0.0815478
0.0815478
0.0815478
0.0815478
0.0815478
0.0815478
0.0815478
0.0815478
0
0
0
0
0
0
0
0
0
0
0
0
0
0
0
0
0
0
0
0
0
0
0
0
0
0.0852803
0.0852803
0.0539164
0
0
0.0852803
0.0852803
0
0.0852803
0
0
0
0
0
0
0
0
0
0
0
0
0
0
0
0.0815478
0
0
0
0
0.0815478
0
0.0815478
0.0815478
0.0815478
0.0815478
0
0.0432338
0.0432338
0.0432338
0.0432338
0.0432338
0.0432338
0.0432338
0.0432338
0
0
0
0
0
0
0
0.0432338
0.0432338
0
0
0
0
0
0
0
0
0
0
0
0
0
0
0
0
0
0
0
0
0
0
0
0
0
0
0
0
0.0815478
0.0815478
0.0815478
0.0815478
0.0815478
0.0815478
0.0815478
0.0815478
0.03125
0.0815478
0.0815478
0.0815478
0.0815478
0.0815478
0
0
0
0
0
0
0
0
0.0815478
0.0815478
0.0815478
0.0815478
0.0815478
0.0815478
0
0
0.0815478
0
0
0
0
0
0
0
0
0
0
0
0
0
0
0
0
0
0
0
0
0
0
0
0
0
0
0
0
0
0
0
0
0
0
0
0
0
0
0
0
0
0
0
0
0
0
0
0
0
0
0
0
0
0
0.141421
0
0
0
0
0
0
0
0
0.113047
0.0696358
0.0863868
0.0863868
0
0.0815478
0.0815478
0.0815478
0
0
0
0.0815478
0.0815478
0.0815478
0.0815478
0.0815478
0.0815478
0
0
0
0
0
0.0923514
0.0923514
0.0815478
0.0815478
0.0815478
0.0815478
0.0815478
0.0815478
0.0815478
0.0815478
0.0923514
0.0923514
0.0923514
0.0923514
0.0923514
0.101209
0.0923514
0.0923514
0.0923514
0.0907011
0.0923514
0.0923514
0.0923514
0.0923514
0.0923514
0.0923514
0.0923514
0
0
0
0
0
0.0815478
0.0815478
0.0815478
0.0815478
0.0316544
0.0815478
0
0
0
0
0
0
0.0815478
0.03125
0.0815478
0.0661944
0.0815478
0.0815478
0.0815478
0.0661944
0.0661944
0.0670485
0.0662266
0.0662266
0.0662266
0.0662266
0.0662266
0.0662266
0
0
0
0
0
0
0
0
0
0
0
0
0
0
0
0.0815478
0.0815478
0.0815139
0.0815139
0.0815139
0.0815139
0.0815139
0.0702825
0.0702825
0.0702825
0.0702825
0.0702825
0.0702825
0.0702825
0.0702825
0.0702825
0.0702825
0.0817178
0.0817178
0.0817178
0.0817178
0.0817178
0.0817178
0.0817178
0.0817178
0.0817178
0.0817178
0.0817178
0.0817178
0.0817178
0.0817178
0.0817178
0
0
0
0
0
0
0
0
0
0
0
0
0
0
0
0
0
0
0
0
0
0
0
0
0
0
0
0
0
0
0
0
0
0
0
0
0
0
0
0
0
0
0
0
0
0
0
0
0
0
0
0
0
0
0
0
0
0
0
0
0
0
0
0
0
0
0
0
0
0
0
0
0
0
0
0
0
0
0
0.632456
0
0
0
0
0
0
0
0
0
0
0
0
0
0
0
0
0
0
0
0.632456
0
0
0
0
0
0
0
0
0
0
0
0
0
0
0
0
0
0
0
0.632456
0
0
1
0
0
0
0
0
0
0
0
0.0302891
0
0
0.0815139
0
0
0.0815139
0.0909561
0.0909561
0.0754732
0.0815139
0.0815139
0.0815139
0.104637
0.123508
0.115556
0.115556
0
0
0
0.115556
0
0
0
0
0
0.0898027
0.0898027
0
0.0898027
0.155126
0.155126
0.155126
0.155126
0.155126
0.155126
0.158555
0.155126
0.0815478
0.0815478
0.0815478
0.0815478
0.0815478
0.0815478
0.0815478
0.0815478
0.0815478
0.0815478
0.0944911
0.0944911
0.0944911
0.0944911
0.0944911
0.0944911
0.0944911
0.0944911
0.0944911
0
0
0
0
0
0
0
0
0
0
0
0
0
0
0
0
0
0
0
0
0
0
0
0
0
0
0
0
0.110282
0.110282
0.125
0.130806
0.110282
0.110282
0.110282
0.110282
0.123718
0.123718
0.123718
0.123718
0.123718
0.123718
0.146735
0.108465
0.108465
0.123718
0.133103
0.123718
0.123718
0.123718
0
0
0
0
0
0
0
0
0
0
0
0
0
0.0815478
0.0815478
0.0815478
0.0815478
0.0815478
0.0815478
0.0815478
0.0815478
0.0815478
0.0815478
0.0815478
0.0880878
0.0880878
0.0904431
0.0904431
0.0904431
0.0904431
0.0904431
0.112956
0.707107
0.084785
0.104045
0.0815478
0.0815478
0.0818203
0.062177
0.062177
0.062177
0.0416486
0
0
0
0.0815478
0.162758
0.0815478
0.0815478
0.0815478
0.0815478
0.0815478
0.0815478
0.0815478
0.0815478
0.632456
0.632456
0.632456
0.632456
0.632456
0.632456
0.632456
0.632456
0.632456
0.0815478
0.0815478
0
0
0
0
0
0
0
0
0
0
0
0
0.632456
0.632456
0.632456
0.632456
0.632456
0.632456
0.632456
0.632456
0.632456
0.632456
0.632456
0.632456
0.632456
0.632456
0
0
0
0.632456
0.632456
0.632456
0.632456
0.632456
0.632456
0.632456
0.632456
0.632456
0.632456
0.632456
0.707107
0.707107
0.632456
0.632456
0.632456
0.632456
0.632456
0.632456
0.632456
0.632456
0.632456
0.632456
0.632456
0.632456
0.632456
0.632456
0
0
0
0
0
0
0
0
0
0
0
0
0
0
0
0
0
0
0.632456
0.632456
0.632456
0.632456
0.632456
0.632456
0.632456
0.632456
0
0
0
0
0.632456
0.632456
0.632456
0.632456
0.632456
0
0
0.632456
0.632456
0.632456
0.632456
0.632456
0.632456
0.632456
0.632456
0.632456
0.632456
0.0815478
0.0815478
0.0815478
0.0815478
0.0815478
0.0815478
0.0815478
0.0815478
0.0907011
0.0815478
0
0.0815478
0.0815478
0.0815478
0.0815478
0.0815478
0.0815478
0.0825488
0.0960031
0.116052
0.0965609
0
0.0815478
0.217643
0.217643
0.217643
0.217643
0.217643
0
0.0697486
0
0.0821648
0.0821648
0.0821648
0.0821648
0
0
0
0
0.0432136
0.0432136
1
0
0.0431532
0.0431331
0.0431331
0.0431331
0.0431331
0.0635001
0.0431331
0.0431331
0.0431331
0.0431331
0.0431331
0.0637577
0
0
0
0
0
0
0
0
0
0
0
0
0
0
0
0
0
0
0
0
0
0
0
0
0
0
0
0
0
0
0
0
0
0
0
0
0
0
0
0
0
0
0
0
0
0
0
0
0
0
0
0
0
0
0
0
0
0
0
0
0
0
0
0
0
0
0
0
0
0
0
0
0
0
0
0
0
0
0
0
0
0
0
0
0
0
0
0
0
0
0
0
0
0
0
0
0
0
0
0
0
0
0
0
0
0
0
0
0
0
0
0
0
0
0
0
0
0
0
0
0
0.0431331
0
0
0
0
0
0
0
0
0
0
0
0
0
0
0
0.0431331
0
0
0
0
0
0
0
0
0
0.0431331
0
0
0
0
0
0
0
0
0
0.0815892
0.082015
0.0874075
0.0905357
0.0905357
0
0.0906183
0
0
0
0.0361315
0.0418854
0.0431934
0.0372678
0
0
0
0
0
0
0
0
0
0
0
0
0
0
0
0
0
0
0
0
0
0
0
0
0
0
0
0
0
0
0
0
0
0
0.0833695
0.0833695
0.0833695
0.0833695
0.0833695
0.0833695
0
0
0.0833695
0.0833695
0.0833695
0.0833695
0.0833695
0.0833695
0.0834058
0.0833695
0.0833695
0.0833695
0.0833695
0.122271
0.122271
0.122271
0.122271
0.122271
0.122271
0.0815478
0.0815478
0.0815478
0.0815478
0.0820956
0.112956
0.112956
0.0815478
0.0815478
0
0.0815478
0.0815478
0
0.0815478
0.0815478
0.0416667
0
0
0
0
0
0
0
0
0
0
0
0
0
0
0
0
0
0
0
0
0
0
0
0
0
0
0
0
0
0
0
0
0
0
0
0
0
0
0
0
0
0
0
0
0
0
0
0
0
0
0
0
0
0
0
0
0
0
0
0
0
0
0
0
0
0
0
0
0
0
0
0
0
0
0
0
0
0
0
0
0
0
0
0
0
0
0
0
0
0
0
0
0
0
0
0
0
0
0
0
0
0
0
0
0
0
0
0
0
0
0
0
0
0
0
0
0
0
0
0
0
0
0
0
0
0
0
0
0
0
0
0
0
0
0
0
0
0
0
0
0
0
0
0
0
0
0
0
0
0
0
0
0
0
0
0
0
0
0
0
0
0
0
0
0
0
0
0
0
0
0
0
0
0
0
0
0
0
0
0
0
0
0
0
0
0
0
0
0
0
0
0
0
0
0
0
0
0
0
0
0
0
0
0
0
0
0
0
0
0
0
0
0
0
0
0
0
0
0
0
0
0
0
0
0
0
0.0428746
0.0428746
0.0428746
0.0428746
0.0428746
0.0428746
0.0428746
0.0428746
0.0428746
0.0428746
0.0428746
0.0438951
0
0
0
0.0438951
0.0438951
0.0438951
0
0
0
0
0
0
0.046349
0
0
0
0.046349
0.046349
0.0518476
0.0518476
0.0518476
0.046349
0.046349
0.044699
0
0
0
0
0
0
0
0
0
0.044699
0.0439163
0.0439163
0.0427179
0.0427179
0.0427179
0.0427179
0.0427179
0.0427179
0
0
0
0
0
0
0
0
0.0427179
0.0427179
0
0
0
0
0
0
0.0427179
0
0
0
0
0
0
0
0
0
0
0
0
0
0
0
0
0
0
0
0
0
0.0427179
0.0427179
0.0427179
0.0427179
0
0
0
0.0427179
0.0437898
0.0437898
0.0552158
0.0552158
0.0552158
0.0552158
0
0
0
0
0.0461511
0
0.0548821
0
0
0.0548821
0.0548821
0.0548821
0.0548821
0
0
0.0548821
0.0548821
0
0.0548821
0.0548821
0
0
0
0.0440225
0.0440225
0.0437898
0
0
0
0.0440225
0.0440225
0.0437898
0.0437269
0.0501255
0.0501255
0.0501255
0.0501255
0.0437269
0.0437269
0
0
0.0556846
0.0556846
0
0.0556846
0
0
0
0.0437269
0.0437269
0.0723575
0.0437269
0.0437269
0
0.0437269
0.0437269
0.0479188
0.0479188
0.0477274
0.0477274
0.0477274
0.0477274
0
0.0477274
0
0.0477274
0
0.0477274
0.0477274
0.0477818
0.0477274
0.0320092
0.0320092
0
0.0320092
0.0320421
0
0.0320092
0.0437269
0.0427179
0
0.0427179
0.0427179
0.0427179
0.0427179
0.0427179
0.0427179
0
0.0427179
0.0427179
0.0427179
0.0427179
0.0427179
0.0427179
0.0427179
0.0427179
0.0427179
0.0427179
0.0427179
0.0427179
0.0427179
0.0427765
0.0427765
0.0428746
0.0428746
0
0
0
0
0.043073
0.043073
0.0427179
0
0.0427179
0.0427179
0.0815478
0.0815478
0.0815478
0.0815478
0.0815478
0.0539164
0.0539164
0.0539164
0.0539164
0.0539164
0.0539164
0.0539164
0.0539164
0
0
0
0
0
0
0
0.101015
0
0.0562544
0
0
0
0
0.707107
0.0555556
0
0
0
0
0
0
0
0
0
0
0
0
0
0
0
0
0
0
0
0
0
0
0
0
0
0.0815478
0.0815478
0.0815478
0.0815478
0.0449013
0.0815478
0.0815478
0.0815478
0.0815478
0.0815478
0.0815478
0.0815478
0.0815478
0.082269
0.0815478
0
0
0
0
0
0
0
0
0
0
0
0
0.0852803
0.0852803
0.0852803
0.0852803
0.0852803
0.0852803
0
0
0
0
0
0
0
0
0
0
0
0
0
0
0
0
0
0
0
0
0
0
0
0
0
0
0
0
0
0
0
0
0
0
0
0
0
0
0
0
0
0
0
0
0
0
0.0815478
0.0815478
0
0
0
0
0
0.0815478
0.0815478
0
0
0
0
0
0
0.0815478
0.0815478
0.0815478
0.0815478
0.0815478
0.0815478
0.0815478
0
0
0
0
0
0
0
0
0
0
0
0
0
0
0
0
0
0
0
0
0
0.0863868
0
0
0
0
0
0
0.0813788
0.0813788
0.0813788
0
0
0.0813788
0
0
0.0815478
0
0
0
0.0813788
0.0813788
0.0813788
0.0813788
0.0813788
0.0813788
0.0815478
0
0.0813788
0.0813788
0
0.0813788
0
0
0
0
0
0
0
0
0
0
0
0
0
0
0
0
0
0
0
0
0
0
0
0
0
0
0
0
0
0
0
0
0
0
0
0
0
0
0
0
0
0
0
0
0
0
0
0.0813788
0
0
0
0.0813788
0.0813788
0.0813788
0.0813788
0
0
0
0
0
0
0
0
0
0
0
0
0
0
0
0
0
0
0
0
0
0
0
0
0
0
0
0
0
0
0
0
0
0
0.0815478
0.0815478
0.0815478
0.0815478
0.0815478
0.0815478
0.0815478
0.0815478
0.0815478
0.0815478
0.0815478
0.0815478
0.0815478
0.0815478
0.0815478
0.0815478
0.0815478
0.0815478
0.0815478
0.0815478
0.0815478
0
0
0
0
0
0
0.0815478
0.0815478
0.0815478
0.0815478
0.0815478
0.0815478
0.0815478
0.0815478
0.0815478
0.0815478
0.0815478
0.0815478
0.0815478
0.0815478
0.0432338
0.0432338
0.0432338
0.0432338
0.0815478
0.0815478
0.0815478
0.0815478
0.0815478
0.0823736
0.0823736
0.0823736
0.0823736
0.0823736
0.0823736
0.0823736
0
0
0
0
0
0
0
0
0
0
0
0
0.082269
0.082269
0.082269
0.082269
0
0
0
0
0
0
0
0
0
0
0
0
0
0
0
0
0
0
0
0
0
0
0.082269
0.082269
0.0823038
0.0823038
0.0823038
0
0.082269
0.082269
0.082269
0.082269
0
0.082269
0
0
0
0
0
0
0
0
0
0
0
0
0
0
0
0
0
0
0
0
0
0
0
0
0
0
0
0
0
0
0
0
0
0
0
0
0
0
0
0
0
0
0
0
0
0
0
0
0
0
0
0
0
0
0
0
0
0
0
0
0
0
0
0
0
0
0
0
0
0
0
0
0
0
0
0
0
0
0
0
0
0
0
0
0
0
0
0
0
0
0
0
0
0
0
0
0
0
0
0
0
0
0
0
0
0
0
0
0
0
0
0
0
0
0
0
0
0
0
0
0
0
0
0
0
0
0
0
0
0
0
0
0
0
0
0
0
0
0
0
0
0
0
0
0
0.0815478
0.0815478
0
0.0815478
0.0815478
0.0815478
0
0.0815478
0
0
0.082269
0.0620439
0
0
0
0
0
0
0
0
0
0
0
0.0633018
0
0
0
0
0
0
0
0
0
0
0
0
0.0815478
0.0815478
0.0815478
0
0
0
0
0
0
0
0
0
0.082269
0.082269
0
0.082269
0
0.082269
0.082269
0.082269
0
0
0.082269
0.082269
0.082269
0.082269
0.0823038
0.0823038
0
0
0.0823038
0.082269
0.082269
0.082269
0
0.082269
0
0.082269
0
0
0
0.082269
0
0
0.082269
0.082269
0.082269
0.082269
0
0
0
0
0
0
0
0
0
0
0
0.0815478
0
0
0
0
0
0
0.043073
0.043073
0.043073
0.043073
0.043073
0
0
0
0
0
0
0
0
0
0
0
0
0
0
0
0
0
0
0
0
0
0
0
0
0
0
0
0
0
0
0
0
0
0
0
0
0
0
0
0
0
0
0
0
0
0
0
0
0
0
0
0
0
0
0
0
0
0
0
0
0
0
0
0
0
0
0
0
0
0
0
0
0
0
0
0
0
0
0
0
0
0
0
0
0
0
0
0
0
0
0
0
0
0
0
0
0
0
0
0
0
0
0
0
0
0
0
0
0
0
0
0
0
0
0
0
0
0
0
0
0
0
0
0
0
0
0
0
0
0
0
0
0
0
0
0
0
0
0
0
0
0
0
0
0
0
0
0
0
0
0
0
0
0
0
0
0
0
0
0
0
0
0
0
0
0.0815478
0.0815478
0.0815478
0.0815478
0.0815478
0.0815478
0.0815478
0.0815478
0.0815478
0.0815478
0
0
0
0
0
0
0
0
0
0
0
0
0
0
0
0
0
0
0
0
0
0
0
0
0
0
0
0
0
0
0
0
0
0
0
0
0
0
0
0
0
0
0
0
0
0
0
0
0
0
0
0
0
0
0.0815478
0.0815478
0
0
0.0928477
0.0928477
0.0928477
0.0928477
0.0815478
0.0833333
0.0833333
0.0833333
0.0815478
0
0.0539164
0.0539164
0.0539164
0.0564333
0.0564333
0
0.0539164
0.0555556
0.0539164
0
0
0
0
0
0.0820265
0
0.082269
0.082269
0
0
0
0
0
0
0
0
0
0
0
0
0
0
0
0
0
0
0
0
0
0
0
0
0
0
0
0
0
0
0
0
0
0
0
0
0
0
0
0
0
0
0
0
0
0
0
0
0
0
0
0
0
0
0
0
0
0
0
0
0
0
0
0
0
0
0
0
0.0660018
0.0660018
0.0660018
0.0660018
0.0660018
0
0
0
0
0
0
0
0
0
0
0
0.113228
0
0
0
0
0
0
0
0
0
0
0
0
0
0
0
0
0
0
0
0
0
0
0
0
0.0815478
0.0815478
0.0815478
0.0815478
0
0
0
0
0
0
0
0
0
0
0
0
0
0
0
0
0
0
0
0
0
0
0
0
0
0
0
0
0.0815478
0.0815478
0
0
0
0
0
0
0
0
0
0
0.0840292
0
0
0
0
0
0
0
0
0
0
0
0
0.0815478
0.0815478
0.0815478
0.0815478
0.0815478
0.0815478
0
0.0815478
0
0.0815478
0.0815478
0.0815478
0.0815478
0.0815478
0
0
0
0.0815478
0.0815478
0.0815478
0
0
0
0
0
0
0
0
0
0
0
0
0
0
0
0.0815478
0.0815478
0
0
0
0
0
0
0
0
0
0
0.0815478
0
0
0
0.0815478
0
0.0815478
0.0815478
0
0
0
0
0
0
0
0
0
0
0
0
0
0
0
0
0
0
0
0
0
0
0
0
0
0
0
0
0
0
0
0
0
0
0
0
0
0
0
0
0
0
0
0
0
0
0
0
0
0
0
0
0
0
0
0
0
0
0
0
0
0
0
0
0
0
0
0
0
0
0
0
0
0
0
0
0
0
0
0
0
0
0
0
0
0
0
0
0
0
0
0.0815478
0
0.0815478
0
0.0815478
0
0.0815478
0
0
0
0
0
0.0815478
0
0.0815478
0.0815478
0
0
0
0
0
0
0
0
0
0
0
0
0
0
0
0
0
0
0
0
0
0
0
0
0
0
0
0
0
0
0
0
0
0
0
0
0
0
0
0
0
0
0
0
0
0
0
0
0
0
0
0
0
0
0
0
0
0
0
0
0
0
0
0
0
0
0
0
0
0
0
0
0
0
0
0
0
0
0
0
0
0
0
0
0
0
0
0
0.0958315
0.0958315
0
0
0
0
0.0815478
0
0
0
0.0815478
0.0815478
0.0815478
0.0815478
0.0815478
0.0815478
0.0815478
0.0815478
0.0815478
0
0
0
0.0852803
0.0852803
0.0852803
0
0
0
0.0852803
0.0852803
0.0852803
0.0852803
0.0852803
0.0852803
0.0852803
0
0
0
0.0564333
0.0564333
0
0
0
0
0
0
0
0
0
0
0
0
0
0
0
0
0
0
0
0
0
0
0
0
0
0
0
0
0
0
0
0
0
0
0
0
0
0
0
0
0
0
0
0
0
0
0
0
0
0
0
0
0
0
0
0
0
0
0
0
0
0
0
0
0
0
0
0
0
0
0
0
0
0
0
0
0
0
0
0
0
0
0
0
0
0
0
0
0
0
0
0
0
0
0
0
0
0
0
0
0
0
0
0
0
0
0
0
0
0
0
0
0
0
0
0
0
0.0815478
0.0815478
0.0815478
0.0815478
0.0815478
0
0
0.0815478
0.0815478
0.0815478
0.0815478
0.0815478
0.0815478
0.0815478
0.0815478
0.0815478
0.0815478
0.0815478
0.0815478
0.0815478
0
0
0
0
0
0
0
0
0
0
0
0
0
0
0.0852803
0.0852803
0.0852803
0.0852803
0.0852803
0.0852803
0
0
0
0
0
0
0
0
0
0
0
0
0
0
0
0
0
0
0
0
0
0
0
0
0
0
0
0
0
0
0
0
0
0
0
0
0
0
0
0
0
0
0
0
0
0
0
0.134976
0.134976
0.134164
0.134164
0.134164
0.134164
0.134164
0.134164
0.134164
0.134164
0.148522
0.148522
0.148522
0.141108
0
0.141108
0
0
0
0.134164
0
0
0.134164
0.134164
0.134164
0.134164
0.134433
0.134433
0.134433
0.134433
0.134433
0.134433
0
0.134433
0.135526
0.134164
0
0
0
0
0
0
0
0
0
0
0
0
0
0
0
0
0
0
0
0
0
0
0
0
0
0
0
0
0
0
0
0
0
0
0
0
0
0
0
0
0
0
0
0
0
0
0
0
0
0
0
0
0
0
0
0
0
0
0
0
0
0.0427179
0.0427179
0.0427179
0.0437898
0.0437898
0.0437898
0.0437898
0.0427179
0.0427179
0.0427179
0
0.0427179
0.0427179
0.0427179
0.0427179
0.0427179
0.0427179
0.0579284
0.0579284
0.0579284
0.0579284
0.0579284
0.0579284
0
0.0579284
0
0.0579284
0.0579284
0.0427179
0.0427179
0
0
0
0
0
0
0
0
0
0
0
0
0
0
0
0
0
0
0
0
0
0
0
0
0
0
0
0
0
0.0514344
0.0514344
0.0514344
0.0439375
0.0443897
0.0532624
0.0532624
0.0532624
0.0532624
0
0.0533002
0.0533002
0
0
0
0
0.0556846
0.0556846
0.0556846
0.0556846
0
0
0.0320092
0.0320092
0.0320092
0
0
0
0
0
0
0
0
0
0
0
0
0
0
0
0
0
0
0
0
0
0
0
0
0
0
0
0.0556846
0.0556846
0.0556846
0
0.0556846
0.0556846
0.0556846
0.0556846
0.0556846
0.0556846
0
0.0427374
0.0427374
0.0549235
0.0427374
0.0427374
0.0427374
0.0515368
0.0427374
0
0.0427374
0.0437479
0.0427374
0.0549235
0
0
0
0
0
0
0
0
0
0
0
0
0
0
0
0
0
0
0
0
0
0
0
0
0
0
0
0
0
0
0
0
0
0
0
0.0313112
0.0313112
0.0313112
0.0313112
0
0.0313112
0.0313112
0
0.0313112
0.0313112
0.0313112
0
0
0
0
0
0
0
0
0
0
0
0
0
0
0
0
0
0
0
0
0
0.0567048
0.0567048
0.0567048
0.0567048
0.0567048
0.170251
0.170251
0.170251
0
0.170251
0.170251
0.170251
0.170251
0
0
0
0.179605
0.179605
0.170251
0
0
0
0
0
0
0
0
0
0
0
0
0
0
0
0
0
0
0
0
0
0
0.0477546
0.0477546
0.0477546
0.0477546
0
0
0
0
0
0
0
0
0
0
0
0
0
0
0
0
0
0
0
0
0
0
0
0
0
0
0
0
0
0
0
0
0
0
0
0
0
0
0
0
0
0
0
0
0
0
0
0
0
0
0
0
0
0
0
0
0.0427179
0.0427179
0.138675
0.138675
0.138675
0.139347
0.139347
0
0
0.164399
0.0877058
0.0877058
0
0
0
0
0
0.0883883
0.162221
0
0.162221
0.162221
0
0.162221
0.0442158
0.0442158
0
0
0.0440867
0
0
0
0.0440867
0.0440867
0.0489116
0.0489116
0
0
0.0442807
0.0482523
0.0482523
0.0482523
0
0
0.0442807
0
0
0
0
0
0
0
0
0
0
0
0
0
0
0
0
0
0
0
0
0
0
0
0
0
0
0
0
0
0
0
0
0
0
0
0
0
0
0
0
0
0
0
0
0
0
0
0
0
0
0
0
0
0
0
0
0
0
0
0.0437898
0.0437898
0
0
0
0
0
0
0
0.139347
0.139347
0.164399
0.164399
0.139347
0.0877058
0.0877058
0.0877058
0
0
0.0472719
0
0
0
0
0
0
0
0
0
0
0
0
0
0
0
0
0
0
0
0
0
0
0
0
0
0
0
0
0
0
0
0
0
0
0
0
0
0
0
0
0
0
0
0
0
0
0
0
0
0.0815478
0.0815478
0.0815478
0.0815478
0.0815478
0.0815478
0
0
0
0
0
0
0
0
0
0
0
0
0
0
0
0
0
0
0
0
0
0
0
0
0
0
0
0
0
0
0
0
0
0.158555
0.158555
0.158555
0.158555
0.158555
0.158555
0.158555
0.158555
0.158555
0
0.159901
0.158555
0.158555
0.158555
0.158555
0.158555
0.158555
0.159448
0.159448
0.158555
0.159448
0.1066
0.106
0.158555
0.158555
0.159448
0.159448
0.212132
0.212132
0.212132
0
0
0.212132
0.159448
0.185341
0.159448
0.158555
0
0
0
0
0
0
0
0
0
0
0
0
0
0
0
0
0
0
0
0
0.158555
0.159448
0
0
0
0
0
0
0
0
0
0.159448
0.158555
0
0
0
0
0.159448
0.163178
0.163178
0.163178
0.178017
0.163178
0.163178
0.163178
0.178017
0.193649
0.193649
0.193649
0.193649
0.19868
0.193649
0.178017
0.0928477
0.0928477
0.0928477
0.178017
0.0928477
0.0928477
0.133631
0.0928477
0.104257
0.104257
0.1066
0.104257
0.0928477
0
0
0
0.0928477
0.1
0
0.1
0.1
0.1
0.194461
0.194461
0
0.194461
0.194461
0.194461
0.159448
0.159448
0.169842
0.159448
0.163178
0.163178
0.109109
0.0912871
0.109109
0.1066
0.0912871
0.0912871
0.0912871
0.0912871
0.0912871
0.0912871
0.0912871
0
0.0912871
0.096225
0.096225
0.096225
0.096225
0.096225
0
0
0
0
0
0
0
0
0
0.0912871
0.0912871
0.169842
0.276172
0.185695
0.186772
0.186772
0
0.169842
0.276172
0.276172
0.276172
0.276172
0.276172
0.276172
0.276172
0
0
0.306186
0.323498
0.306186
0.306186
0.306186
0
0.306186
0.306186
0.306186
0.306186
0.276172
0
0
0.276172
0.185695
0
0.185695
0.185695
0.306186
0.381
0.306186
0.186772
0.186772
0.186772
0.186772
0.186772
0.186772
0.186772
0.186772
0.195283
0.195283
0.186772
0.186772
0.20902
0.20902
0.20902
0.20902
0.20902
0.186772
0.196116
0.186772
0
0
0
0
0.192847
0.192847
0.192847
0
0
0
0
0
0
0
0
0
0
0
0
0
0
0
0
0
0
0
0
0
0
0
0
0
0
0
0
0
0
0
0
0
0
0
0.192847
0.169842
0.169842
0.169842
0.182574
0.182574
0
0
0
0
0
0
0
0
0
0
0
0.182574
0.169842
0
0.135526
0.135526
0.135526
0.135526
0.135526
0.135526
0.135526
0.135526
0.135526
0.135526
0.135526
0.135526
0.135526
0.135526
0.147799
0.147799
0.147799
0.147799
0.147799
0.135526
0.135526
0.135526
0.135526
0
0.135526
0.135526
0
0
0
0
0
0
0.170941
0.170941
0.170941
0.170941
0.297044
0.297044
0.297044
0.297044
0
0.135526
0
0
0
0
0
0
0
0
0
0
0
0
0
0
0
0
0
0
0
0
0
0
0
0
0
0.146038
0.146038
0.146038
0.146038
0.192847
0
0.204124
0.204124
0.204124
0
0.205076
0.208013
0.159448
0.159448
0.0567962
0.164153
0
0.167183
0.182574
0
0
0
0
0
0.159448
0
0
0.164153
0.135526
0.135526
0.135526
0.157243
0.140797
0
0.112956
0.112956
0.112956
0.112956
0.112956
0.112956
0.112956
0.112956
0.112956
0.112956
0.112956
0
0
0
0.0969256
0.0969256
0
0
0
0
0
0
0
0
0
0
0
0
0
0
0
0
0
0
0
0
0
0
0
0
0.0877809
0.0877809
0
0.0877809
0
0.0903713
0
0
0
0
0
0
0
0.0907841
0
0
0
0
0.084785
0.084785
0.084785
0
0
0
0.112956
0.112956
0
0
0
0.084785
0.084785
0
0
0
0
0
0
0
0
0
0
0
0
0
0
0
0
0
0
0
0
0
0
0
0
0
0
0
0
0
0
0
0
0
0
0
0
0
0
0
0
0
0
0
0
0
0
0
0
0
0.707107
0.707107
0
0
0
0
0
0
0
0
0
0
0
0
0
0
0
0
0
0
0
0
0
0
0
0
0
0
0
0
0
0
0
0
0
0
0.084785
0
0
0
0
0
0
0
0
0
0
0
0
0
0
0
0
0
0
0
0
0
0
0
0
0
0
0
0
0
0.0898832
0.084785
0.0904534
0
0.084785
0
0
0
0
0
0
0
0
0
0
0
0
0
0
0
0
0
0
0
0
0
0
0
0
0
0
0
0
0
0
0
0
0
0
0
0
0
0
0
0
0
0
0
0
0
0
0
0
0
0
0
0
0
0
0
0
0
0
0
0.084785
0
0
0
0.084785
0.084785
0
0
0
0.135526
0.135526
0.135526
0.135526
0.135526
0.135526
0.135526
0.135526
0
0
0
0
0
0
0
0
0
0
0
0
0
0.180579
0.547723
0.514496
0.514496
0.514496
0.514496
0
0
0
0
0
0
0
0
0
0
0
0
0
0
0
0
0
0
0
0
0
0
0
0
0
0
0
0
0
0
0
0
0
0
0
0
0
0
0
0
0
0
0
0
0
0
0
0
0
0
0
0
0
0
0
0.0815478
0.0815478
0
0
0
0
0.0815478
0.0815478
0.0815478
0.0815478
0.0815478
0.0815478
0.0815478
0.0815478
0.0815478
0.0815478
0
0
0
0
0
0
0
0
0
0.0815478
0.0815478
0
0
0
0
0
0
0
0
0
0
0
0
0
0
0
0
0
0
0
0
0
0
0
0.0815478
0.0815478
0.0815478
0.0815478
0.0815478
0
0.0815478
0.0815478
0
0.0815478
0
0.0815478
0.0815478
0.0815478
0.0815478
0.0815478
0.0815478
0
0
0
0
0
0
0
0
0
0
0
0
0
0.0815478
0.0815478
0
0
0
0
0
0
0
0
0
0
0
0
0
0
0
0
0
0
0
0
0
0
0
0
0
0.0815478
0.0815478
0.0815478
0.0815478
0
0
0
0
0
0
0
0
0
0
0
0
0
0
0
0
0
0
0
0
0
0
0
0.0815478
0.0815478
0.0815478
0
0.0815478
0
0
0
0
0
0
0
0
0
0
0
0
0
0
0
0
0
0
0
0
0
0
0
0
0
0
0
0
0
0
0
0
0
0
0
0
0.0815478
0
0
0
0
0
0
0
0
0
0
0
0
0
0
0
0
0
0
0
0
0
0
0
0
0
0
0
0
0
0
0
0
0
0
0
0
0
0
0
0
0
0
0
0
0
0
0
0
0
0
0.0815478
0.0815478
0.0815478
0.0815478
0.0815478
0
0
0
0
0.0815478
0.0815478
0.0815478
0.0815478
0
0.0815478
0
0.0815478
0.0815478
0.0815478
0.0815478
0.0815478
0.0815478
0.0815478
0.0815478
0.0815478
0.0815478
0.0815478
0.0815478
0.0815478
0
0
0
0
0
0
0
0
0
0
0
0
0
0
0
0.0840292
0
0
0
0
0
0
0
0
0
0
0
0
0
0
0
0
0
0
0
0
0
0
0
0
0
0
0
0
0
0
0
0
0
0
0
0
0.0840292
0
0.0840292
0.0840292
0
0
0
0
0
0
0
0
0
0
0
0
0
0
0
0
0
0
0
0
0
0
0
0
0
0
0
0
0
0
0.0815478
0.0815478
0.0815478
0.0815478
0.0815478
0.0815478
0.0815478
0
0.0815478
0.0815478
0
0.0815478
0
0.0815478
0
0
0
0.0815478
0
0
0
0
0
0
0.0815478
0.0815478
0.0815478
0.0815478
0.0815478
0
0
0
0
0
0
0
0
0
0
0
0
0
0
0
0
0
0
0
0
0
0
0
0
0
0
0
0
0
0
0
0
0
0
0
0
0
0
0
0
0
0
0
0
0
0
0
0
0
0
0
0
0
0
0
0
0
0
0
0
0
0
0
0
0
0
0
0
0
0
0
0
0
0
0
0
0
0
0
0
0
0
0
0
0
0
0
0
0
0
0
0
0
0
0
0
0
0
0
0
0
0
0
0
0
0
0
0
0
0
0
0
0
0
0
0
0
0
0
0
0
0
0
0
0
0
0
0
0
0
0
0
0
0
0
0
0
0
0
0
0
0
0
0
0
0
0
0
0
0
0
0
0
0
0
0
0
0
0
0
0
0
0
0
0
0
0
0
0
0
0
0
0
0
0
0
0
0
0
0
0
0
0
0
0
0
0
0
0
0
0
0
0
0
0
0
0
0
0
0
0
0
0
0
0
0
0
0
0
0
0
0
0
0
0
0
0
0
0
0
0
0
0
0
0
0
0
0
0
0
0
0
0
0
0
0
0
0
0
0
0
0
0
0
0
0
0
0
0
0
0
0
0
0
0
0
0
0
0
0
0
0
0
0
0
0
0
0
0
0
0
0
0
0
0
0
0
0
0
0
0
0
0
0
0
0
0
0
0
0
0
0
0
0
0
0
0
0
0
0
0
0
0
0
0
0
0
0
0
0
0
0
0
0
0
0
0
0
0
0
0
0
0
0
0
0
0
0
0
0
0
0
0
0
0
0
0
0
0
0
0
0
0
0
0
0
0
0
0
0
0
0
0
0
0
0
0
0
0
0
0
0
0
0
0
0
0
0
0
0
0
0
0
0
0
0
0
0
0
0
0
0
0
0
0
0.107833
0.107833
0.107833
0.107833
0.107833
0.107833
0.107833
0.107833
0.107833
0.107833
0.107833
0.107833
0.107833
0.107833
0.107833
0.107833
0.107833
0.107833
0.107833
0.107833
0
0
0
0
0
0
0
0
0
0
0
0
0
0
0
0
0
0
0
0
0
0
0
0
0
0
0
0
0
0.0852803
0.0852803
0.0852803
0.0852803
0.0564333
0
0
0
0
0
0
0
0.0852803
0
0
0
0.0815478
0.0815478
0.0815478
0.0815478
0.0815478
0.0815478
0
0
0
0
0
0
0
0
0
0
0
0
0
0
0
0
0
0
0
0
0
0
0
0
0
0
0
0.112956
0.112956
0.112956
0.112956
0
0
0.112956
0.112956
0.112956
0.112956
0.112956
0.112956
0.112956
0.112956
0.112956
0.112956
0.112956
0.112956
0.112956
0.112956
0.112956
0.112956
0.112956
0.112956
0.112956
0.112956
0.112956
0.112956
0.112956
0.0815478
0.0815478
0.0815478
0.0815478
0.0815478
0.0815478
0.0815478
0.0815478
0.0815478
0.0815478
0.0815478
0.0815478
0.0815478
0.0815478
0.112777
0.112777
0
0
0
0.112777
0.112777
0
0
0
0.112777
0.112777
0.112777
0.0815478
0.0815478
0.0815478
0.0923514
0.0923514
0.0815478
0.0815478
0.0815478
0.0815478
0.0815478
0.0815478
0.112956
0.0815478
0.112777
0.118159
0.112777
0.112956
0.112956
0
0
0.112956
0.112956
0.112956
0
0
0
0
0
0
0.112956
0.112956
0.112777
0.112777
0.112777
0.112777
0.112956
0.112956
0.112956
0.112956
0.112956
0.112956
0.112956
0
0.112956
0.0815478
0.0815478
0.0815478
0
0.0815478
0.0821995
0
0
0
0
0
0
0
0
0
0
0
0
0
0
0
0
0
0
0
0
0
0
0
0
0
0
0
0
0
0
0
0
0
0
0
0
0
0
0.0810515
0
0
0
0
0.0542326
0
0
0
0
0
0
0
0
0
0
0
0
0
0
0
0
0
0
0
0
0
0
0
0
0
0
0
0
0
0
0
0
0
0
0
0
0
0
0
0
0
0
0.213201
0.075141
0
0
0
0
0
0
0
0
0
0
0
0
0
0
0
0
0
0
0
0
0
0
0
0
0
0
0
0
0
0
0
0
0
0
0
0
0
0
0.0908622
0
0
0
0.0418854
0.0668485
0
0
0
0
0
0
0
0
0
0
0
0
0
0
0
0
0
0
0
0
0
0
0.0815478
0.0815478
0.0815478
0.0815478
0.0815478
0.0815478
0.0815478
0
0
0
0
0
0
0
0
0
0.0815478
0.0815478
0.0815478
0.0815478
0.0815478
0.0815478
0.0815478
0.0815478
0.0815478
0.0815478
0.0815478
0.0815478
0.0815478
0.0815478
0.0815478
0.0815478
0.0815478
0.0815478
0.0815478
0.0815478
0.0815478
0.0815478
0.0815478
0.0815478
0.0815478
0.0815478
0.0815478
0.0815478
0.0815478
0.0815478
0.0815478
0.0815478
0.0815478
0.0815478
0.0815478
0.0815478
0.0815478
0.0815478
0.0815478
0.0815478
0.0815478
0.0815478
0.0815478
0.0815478
0.0815478
0.0815478
0.0815478
0.0815478
0.0815478
0.0815478
0.0815478
0.0815478
0.0815478
0.0815478
0.0815478
0.0815478
0.0815478
0.0815478
0.0815478
0.0815478
0.0815478
0.0815478
0.0815478
0.0815478
0.0815478
0.0815478
0.0815478
0.0815478
0.0815478
0.0815478
0.0815478
0.0815478
0.0815478
0.0815478
0.0815478
0.0815478
0.0815478
0.0815478
0.0815478
0.0815478
0.0815478
0.0815478
0.0815478
0.0815478
0.0815478
0.0815478
0.0815478
0.0815478
0.0815478
0.0815478
0.0815478
0.0815478
0.0815478
0.0815478
0.0815478
0.0815478
0.0815478
0.0815478
0.0815478
0.0815478
0.0815478
0.0815478
0.0815478
0.0815478
0.0815478
0.0815478
0.0815478
0.0815478
0.0815478
0.0815478
0.0815478
0.0815478
0.0815478
0.0815478
0.0815478
0.0815478
0.0815478
0.0815478
0.0815478
0.0815478
0.0815478
0.0815478
0.0815478
0.0815478
0.0815478
0.0815478
0.0815478
0.0815478
0.0815478
0.0815478
0.0815478
0.0815478
0.0815478
0.0815478
0.0815478
0.0815478
0.0815478
0.0815478
0.0815478
0.0815478
0.0815478
0.0815478
0.0815478
0.0815478
0.0815478
0.0815478
0.0815478
0.0815478
0.0815478
0.0815478
0.0815478
0.0815478
0.0815478
0.0815478
0.0815478
0.0815478
0.0815478
0.0815478
0.0815478
0.0815478
0.0815478
0.0815478
0.0815478
0.0815478
0.0815478
0.0815478
0.0815478
0.0815478
0.0815478
0.0815478
0.0815478
0.0815478
0
0
0.0815478
0.0815478
0.0815478
0.0815478
0.0815478
0.0815478
0.0815478
0.0815478
0.0815478
0
0
0
0
0
0
0
0
0
0
0
0
0
0
0
0
0
0
0
0
0
0
0
0
0
0
0
0
0
0
0
0
0
0
0
0
0
0
0
0
0
0
0
0
0.0815478
0.0815478
0.0840292
0
0
0
0
0
0
0
0
0
0
0
0
0
0
0
0
0
0
0.0815478
0.0815478
0
0.0847427
0
0.0815478
0.0815478
0.0815478
0.0815478
0.0815478
0.0815478
0.0815478
0.0815478
0
0
0
0
0.0815478
0
0
0
0
0
0
0
0.0815478
0.0815478
0.0815478
0.0815478
0.0815478
0.0815478
0.0815478
0.0815478
0.0815478
0.0815478
0.0815478
0.0815478
0.0815478
0
0
0
0
0
0
0
0.0815478
0
0
0
0
0
0
0
0
0
0
0
0
0
0
0
0
0
0
0
0
0
0
0
0
0
0
0
0
0
0
0
0
0
0
0
0
0
0
0
0
0
0
0
0
0
0
0
0
0
0
0
0
0
0
0
0
0
0
0
0
0
0
0
0
0
0
0
0
0
0
0
0
0
0
0
0
0
0
0
0
0
0
0
0
0
0.0815478
0.0908622
0.0908622
0.0982683
0.0982683
0.0908622
0.0934539
0.0934539
0
0.0936073
0.0936073
0.0934539
0
0
0
0
0
0
0
0
0
0
0
0
0
0
0
0
0
0
0
0
0
0
0
0.0748598
0.0815478
0.0815478
0.0815478
0.0815478
0.0815478
0.091863
0
0
0
0
0
0
0
0
0
0
0
0
0
0
0
0
0
0
0
0
0
0
0
0
0.0861461
0.0861461
0.0861461
0
0
0
0
0.076348
0.076348
0.039163
0.039163
0.076348
0.076348
0.076348
0.076348
0.0923514
0.0923514
0.0923514
0.0909509
0.0909509
0.0909509
0.0923514
0.0923514
0.0923514
0.0923514
0.0909509
0.0909509
0.0909509
0.0923514
0.0923514
0.0923514
0.0923514
0.104685
0.0909509
0.0923514
0.0923514
0.0923514
0.0995585
0.0995585
0.0923514
0.0923514
0.0923514
0.167836
0.167836
0.167836
0.167836
0
0.167836
0.0726752
0.0726752
0.0726752
0.0726752
0.0437688
0
0
0
0
0
0
0
0
0
0
0
0
0
0.0815817
0
0.0303449
0.0303449
0.105021
0
0.105021
0.105021
0
0
0
0.105021
0
0
0
0
0.0939164
0
0
0
0
0
0
0
0
0
0
0
0
0
0.157135
0
0
0
0
0
0
0
0
0
0
0
0
0
0
0
0
0
0
0
0
0
0
0
0
0
0
0
0
0
0
0
0
0
0
0
0
0
0
0
0
0
0
0.0660979
0.0660979
0.0660979
0.0660979
0.0660979
0.0660979
0.0660979
0.0700904
0.0700904
0.0660979
0
0
0
0
0
0
0.0815478
0.0815478
0.0622573
0
0.0748598
0
0.0908622
0.091863
0.157135
0.157135
0
0
0.0810515
0
0
0
0
0
0
0.0861461
0.0861461
0
0
0
0.0437688
0
0
0
0
0
0.0923514
0
0.0939164
0
0.167836
0
0
0.0815817
0
0.0303449
0.105021
0
0
0.0815478
0
0
0
0
0.0660979
0.0660979
0.0660979
0.0660979
0
0
0
0
0.112956
0.112956
0.112956
0.112956
0.112956
0.112956
0.112956
0.112956
0.112956
0.112956
0.112956
0.112956
0.112956
0.112956
0.112956
0.112956
0.112956
0.112956
0.112956
0.112956
0.112956
0.112956
0.112956
0.112956
0.112956
0
0
0
0.112956
0.112956
0.112956
0.112956
0.112956
0.707107
0.112956
0.084785
0.084785
0.084785
0.084785
0.084785
0.084785
0.084785
0
0.084785
0.084785
0
0
0
0
0
0
0
0
0
0
0
0.0969256
0
0
0
0.0969256
0.0969256
0
0
0
0
0
0
0
0
0
0
0
0
0
0
0
0
0
0
0
0
0
0
0
0
0
0
0
0
0
0
0
0
0
0
0
0
0
0
0
0
0
0
0
0
0
0
0
0
0
0
0
0
0
0
0
0
0
0
0
0
0
0
0
0
0
0
0
0
0
0
0
0
0
0
0
0
0
0
0
0
0
0
0
0
0
0
0
0
0
0
0
0
0
0
0
0
0
0
0
0
0
0
0
0
0
0
0
0
0
0
0
0
0
0
0
0
0
0
0
0
0
0
0
0
0
0
0
0
0
0
0
0
0
0
0
0
0
0
0
0
0
0
0
0
0
0
0
0
0
0
0
0
0
0
0
0
0
0
0
0
0
0
0
0
0
0
0
0
0
0
0
0
0
0
0
0
0
0
0
0
0
0
0
0
0
0
0
0
0
0
0
0
0
0
0
0
0
0
0
0
0
0
0
0
0
0
0
0
0
0
0
0
0
0
0
0
0
0
0
0
0
0
0
0
0
0
0
0
0
0
0
0
0
0
0
0
0
0
0
0
0.112956
0
0.112956
0
0
0
0
0
0
0
0
0
0
0
0
0
0
0
0
0
0
0
0
0
0
0
0
0
0
0
0
0
0
0
0
0
0
0
0
0
0
0
0
0
0
0
0
0
0
0
0
0
0
0
0.707107
0
0
0
0
0
0
0
0
0
0
0
0
0
0
0
0
0
0.707107
0
0
0
0
0
0
0
0
0
0
0
0
0
0
0
0
0
0
0
0
0
0
0
0
0
0
0
0
0
0
0
0
0
0
0
0
0
0
0
0
0
0
0
0
0
0
0
0
0
0
0
0
0
0
0.112956
0.112956
0.112956
0.112956
0
0
0
0
0
0
0
0
0
0
0.707107
0
0.707107
0.707107
0.707107
0.707107
0.707107
0.707107
0.707107
0.707107
0.707107
0.707107
0.707107
0.707107
0.707107
0.707107
0
0.707107
0
0
0
0
0
0
0
0
0
0
0
0
0
0
0
0
0
0
0
0
0
0
0
0
0
0
0
0
0
0
0
0
0
0
0
0
0
0
0
0
0
0
0
0
0
0
0
0
0
0
0
0
0
0
0
0
0
0
0
0
0
0
0
0
0
0
0
0
0
0
0
0
0
0
0
0
0
0
0
0
0
0
0
0
0
0
0
0
0
0
0
0
0
0
0
0
0
0
0
0
0
0
0
0
0
0
0
0
0
0
0
0
0
0
0
0
0
0
0
0
0
0
0
0
0
0
0
0
0
0
0
0
0
0
0
0
0
0
0
0
0
0
0
0
0
0
0
0
0
0
0
0
0
0
0
0
0
0
0
0
0
0
0
0
0
0
0
0
0
0
0
0
0
0
0
0
0
0
0
0
0
0
0
0
0
0
0
0
0
0
0
0
0
0
0
0
0
0
0
0
0
0
0
0
0
0
0
0
0
0
0
0
0
0
0
0
0
0
0
0
0
0
0
0
0
0
0
0
0
0
0
0
0
0
0
0
0
0
0
0
0
0
0
0
0
0
0
0
0
0
0
0
0
0
0
0
0
0
0
0
0
0
0
0
0
0
0
0
0
0
0
0
0
0
0
0
0
0
0
0
0
0
0
0
0
0
0
0
0
0
0.0873334
0.0870388
0.0870388
0.0870388
0
0
0
0
0
0
0.112956
0.112956
0
0
0
0
0
0
0
0
0
0.112956
0
0.112956
0
0
0
0
0
0
0
0
0
0
0.112956
0.112956
0.112956
0.112956
0.112956
0.112956
0.112956
0.112956
0.112956
0.112956
0.112956
0.112956
0.112956
0.112956
0.112956
0.112956
0.112956
0.112956
0.112956
0.112956
0.112956
0
0.112956
0
0.112956
0.112956
0.112956
0.084785
0.084785
0.084785
0.084785
0.084785
0.084785
0.084785
0.112956
0.112956
0
0
0
0
0
0
0
0
0
0
0
0
0
0
0
0
0
0
0
0
0
0
0
0
0
0.0445435
0.0445435
0.0445435
0.0445435
0
0
0
0
0.0460287
0.0460287
0.0460287
0
0
0
0
0
0.0460287
0.0463241
0.0460287
0.0460287
0.0460287
0.0460287
0.0460287
0.0559017
0.0559017
0.059976
0
0
0.0559017
0.0559017
0.0559017
0.0559017
0.0589256
0.0589256
0.084785
0.084785
0.112956
0
0.112956
0.112956
0.112956
0.112956
0
0
0
0.112956
0.112956
0.112956
0.112956
0.112956
0.112956
0.112956
0.112956
0.112956
0.112956
0.112956
0
0
0.084785
0.084785
0.084785
0.0445435
0
0.0446322
0.112956
0.112956
0
0
0
0
0.059976
0.059976
0.059976
0.112956
0.112956
0.112956
0.112956
0.112956
0.112956
0.112956
0
0
0
0
0.112956
0.112956
0.112956
0
0
0
0
0
0
0.112956
0.112956
0
0
0
0
0
0
0
0.112956
0.112956
0.112956
0.112956
0.059976
0.059976
0.059976
0
0.059976
0.0858898
0
0
0
0
0.0858898
0.0858898
0.0858898
0.0858898
0
0
0
0
0
0
0
0.0858898
0
0.0858898
0
0
0
0.112956
0.112956
0.112956
0.112956
0.112956
0.112956
0.112956
0.112956
0.112956
0.112956
0
0.112956
0.084785
0.084785
0.084785
0.084785
0.084785
0.084785
0.707107
0.084785
0.0851257
0.084785
0.084785
0.084785
0
0
0
0.084785
0.084785
0
0
0
0
0
0
0
0
0
0
0
0
0
0
0
0
0.707107
0
0.707107
0
0
0
0
0
0
0
0
0
0
0
0
0
0
0
0
0
0
0
0
0
0
0
0
0
0
0
0
0
0
0
0
0
0
0
0
0
0
0
0
0
0
0
0
0
0
0
0
0
0
0
0
0
0
0
0
0
0
0
0
0
0
0
0
0
0
0
0
0
0
0
0
0
0
0
0
0
0
0
0
0
0
0
0
0
0
0
0
0
0
0
0
0
0
0
0
0
0
0
0
0
0
0
0
0
0
0
0
0
0.0969256
0.0969256
0.0969256
0.0969256
0
0
0
0
0
0
0
0
0
0
0
0
0
0
0
0
0
0
0
0
0
0
0
0
0
0
0
0
0
0
0
0
0
0
0
0
0
0
0
0
0
0
0
0
0
0
0
0
0
0
0
0
0
0
0.0907011
0.112956
0
0
0
0
0.112956
0.112956
0.112956
0.112956
0.112956
0.112956
0.112956
0.112956
0.112956
0.112956
0.112956
0.112956
0.112956
0.112956
0.112956
0.112956
0.112956
0.112956
0.112956
0.112956
0.112956
0.112956
0.112956
0.112956
0.112956
0.112956
0.112956
0.112956
0.112956
0.112956
0.112956
0.112956
0.112956
0.112956
0.112956
0.112956
0.112956
0.112956
0.112956
0.112956
0.112956
0.112956
0
0.0815478
0
0
0.0815478
0.0820265
0.0815478
0.0815478
0.0815478
0.0815478
0.0815478
0.0815478
0.0815478
0.0815478
0.0815478
0.0815478
0.0815478
0.0815478
0.0815478
0.0815478
0.0815478
0.0815478
0.0815478
0
0
0.0815478
0.0815478
0.0815478
0.0815478
0.0815478
0
0
0.0815478
0.0815478
0.0815478
0.0815478
0.0815478
0.0815478
0.0923514
0.0923514
0.0923514
0
0
0
0
0
0
0
0.0815478
0.0815478
0.0815478
0.0815478
0.0815478
0.0815478
0.0815478
0
0
0.632456
0
0
0.632456
0.632456
0
0
0
0.632456
0
0
0
0.632456
0
0
0
0
0
0
0
0
0
0
0
0
0
0
0
0
0
0
0
0
0
0
0
0
0
0
0
0
0
0
0
0
0
0
0
0
0
0
0
0
0
0
0
0
0
0
0
0
0
0
0
0
0
0
0
0
0
0
0
0
0
0
0
0
0
0
0
0
0
0
0
0
0
0
0
0
0
0
0
0
0
0
0
0
0
0
0
0
0.135526
0.134164
0.134164
0.134164
0.134164
0
0
0
0
0
0
0
0
0
0
0
0
0
0
0
0
0
0
0
0
0
0
0
0
0
0
0
0
0.0815478
0.0815478
0.0815478
0.0815478
0.0815478
0.0815478
0.0815478
0.0815478
0.0815478
0.0815478
0.0815478
0.0815478
0.0815478
0.0815478
0.0815478
0.0815478
0.0815478
0.0815478
0.0815478
0.0815478
0.0815478
0.0815478
0.0815478
0.0815478
0.0815478
0.0815478
0.0815478
0.0815478
0.0815478
0.0815478
0.0815478
0.0815478
0.0815478
0.0815478
0.0815478
0.0815478
0.0815478
0.0815478
0.0815478
0.0815478
0.0815478
0.0815478
0.0815478
0.0815478
0.0815478
0.0815478
0.0815478
0.0815478
0.0815478
0.0815478
0.0815478
0.0815478
0.0815478
0.0815478
0.0815478
0.0815478
0.0815478
0.0928477
0.0928477
0.0815478
0.0832972
0.0832972
0
0
0
0
0
0
0
0
0
0
0
0
0
0
0
0
0
0
0
0
0
0
0
0
0
0
0
0
0
0
0
0
0
0
0
0
0
0
0
0
0
0
0
0
0
0
0
0
0
0
0.0815478
0.0815478
0.0815478
0
0.0815478
0.0815478
0.0815478
0.0815478
0
0
0
0
0
0
0
0
0
0
0.0815478
0.0815478
0.0815478
0.0815478
0.0815478
0.0815478
0.0555556
0.0555556
0.0741249
0
0
0.0555556
0
0
0
0
0
0.0815478
0.0620439
0.082269
0.0620439
0
0
0
0.082269
0.082269
0.0562544
0.0564333
0.0562544
0.082269
0.0427179
0.0427179
0.0427179
0.0427179
0.0427179
0.0427179
0.0427179
0.0815478
0
0
0
0
0
0
0
0
0
0
0
0
0
0
0
0
0
0
0
0.135526
0.135526
0.135526
0.135526
0.135526
0.135526
0.135526
0.0815478
0.0815478
0.0815478
0.0815478
0.0815478
0.0815478
0.0815478
0
0
0
0
0
0
0
0
0
0
0
0
0
0
0
0.0852803
0.0852803
0.0852803
0.0852803
0.0852803
0.0852803
0.0852803
0
0.0852803
0.0852803
0.0852803
0.0852803
0.0852803
0.0852803
0.0564333
0.0564333
0.0564333
0
0.0564333
0.0632456
0
0
0
0
0
0
0
0
0
0
0
0
0
0
0
0
0
0
0
0
0
0
0
0
0
0
0
0
0.0815478
0.0815478
0.0815478
0.0815478
0
0
0
0
0.0815478
0.0762493
0.0762493
0.0762493
0
0.0762493
0.0762493
0.0762493
0.0762493
0.0762493
0.0762493
0
0
0
0
0
0
0
0
0
0
0
0
0
0
0.0762493
0.0762493
0.0762493
0.0762493
0.0811701
0.0811701
0.0811701
0.0811701
0.0811701
0.0811701
0.0811701
0.0811701
0.0811701
0
0
0
0
0
0
0
0
0
0
0
0
0
0
0.0762493
0.0762493
0.0762493
0.0762493
0.0762493
0.0762493
0.0762493
0.0762493
0.0762493
0.0765466
0
0.0765466
0.0765466
0
0
0
0
0
0.0815478
0.0815478
0.0815817
0.0849335
0.0842525
0.0842525
0.101015
0.101015
0
0.0842525
0.0854358
0.0739446
0
0.0995585
0.0995585
0
0
0.0815478
0.0815478
0.0815478
0
0
0
0
0
0
0
0
0
0
0
0
0
0
0
0
0
0
0
0
0
0
0
0
0
0
0
0
0
0
0
0
0
0
0
0
0
0
0
0
0
0
0
0
0
0
0
0
0
0
0
0
0
0
0
0
0
0
0
0
0
0
0
0
0
0
0
0
0
0
0
0
0
0
0
0
0
0
0
0
0
0
0
0
0
0
0
0
0
0
0
0
0
0.0815478
0
0
0
0
0
0
0
0
0
0
0
0
0
0
0
0
0
0
0
0
0
0
0
0
0
0
0
0
0.0815478
0.0815478
0.0815478
0.0815478
0.0815478
0
0
0
0
0
0
0.0815478
0
0
0
0
0
0
0
0
0
0
0
0
0
0
0
0
0
0
0
0
0
0
0
0
0
0
0
0
0
0
0
0
0
0
0
0
0
0
0
0
0
0
0
0
0
0
0
0
0
0
0
0
0.0815478
0
0
0
0
0
0
0
0
0
0
0
0
0
0.134164
0.134164
0.134164
0.134164
0.134164
0.134164
0
0.134164
0
0.134164
0.134164
0.134164
0.134164
0.143346
0.143346
0
0.143346
0
0
0
0.134433
0.134433
0.139272
0.139272
0.139272
0.139272
0
0
0
0.146735
0.189737
0.189737
0.228748
0
0
0.134704
0.134704
0.145693
0.145693
0.163178
0.164153
0.164153
0.164153
0.0785674
0.145693
0.145693
0.134164
0.134433
0.134433
0
0.135526
0.135526
0.135526
0
0.159901
0.135526
0
0
0
0
0
0
0
0
0
0
0
0
0
0
0
0
0
0
0
0
0
0
0
0
0
0
0
0.136083
0.152302
0.240192
0
0
0
0
0
0
0.0492665
0.135526
0.135526
0.135526
0.135526
0.135526
0.135526
0.514496
0.514496
0.514496
0.514496
0
0.135526
0.135526
0.0559017
0.0559017
0.0559017
0.140488
0.140488
0.140488
0.140488
0.140488
0.140488
0
0.138972
0
0
0
0
0
0
0
0
0
0.159901
0.161749
0.161749
0.161749
0
0.25
0.25
0
0
0
0
0
0
0
0.161749
0.161749
0
0
0
0
0
0
0
0
0
0
0
0
0
0
0
0.158114
0.158114
0.158114
0.135526
0
0
0.135526
0.135526
0.135526
0
0
0
0
0
0
0
0
0
0
0
0
0
0.135526
0.135526
0.135526
0.135526
0.135526
0.147799
0.147799
0.147799
0.147799
0.135526
0.135526
0.135526
0.135526
0
0
0
0
0
0
0
0
0
0
0
0.0815139
0
0
0
0
0
0
0
0
0
0
0
0
0
0
0
0
0
0
0
0
0
0
0
0
0
0
0
0
0
0
0
0
0
0
0
0
0
0
0
0
0
0
0
0
0
0
0
0
0
0
0
0.176777
0.235702
0.213201
0
0
0.0833333
0.0800641
0.138675
0
0
0
0
0
0
0
0
0
0
0
0
0
0
0
0
0
0
0
0.176777
0.25
0.213201
0.102062
0.176777
0
0.105409
0
0
0
0
0
0
0
0
0
0
0
0
0
0
0
0
0
0
0
0
0
0
0
0
0
0
0
0
0
0
0
0
0
0
0
0
0.0440653
0
0.0613716
0
0
0
0
0
0
0
0
0
0
0
0
0.0440867
0
0
0
0
0.0494771
0.0605228
0.0495074
0.105045
0
0
0
0
0
0
0
0
0
0
0
0
0
0
0
0
0
0
0
0
0
0
0
0
0
0
0.0815478
0.128037
0.0815478
0.130189
0
0
0.167836
0
0
0
0
0
0
0
0
0
0
0
0
0
0
0
0.0760042
0.0913347
0.0913347
0.0913347
0.103142
0.0907011
0
0
0
0
0
0
0
0
0
0
0
0
0
0
0
0
0
0
0
0
0
0
0
0
0
0
0
0
0
0
0
0
0
0
0
0
0
0
0
0
0
0
0
0
0
0
0
0
0.0923514
0
0
0
0
0
0
0
0
0
0
0
0
0
0
0
0
0
0.0975384
0
0
0
0
0
0
0
0.0975384
0.0427179
0
0
0
0
0
0
0
0
0
0
0
0
0
0
0
0
0
0
0
0
0
0
0
0
0
0
0.0617802
0
0
0
0
0
0
0
0
0
0
0
0
0
0
0.0427179
0
0
0
0
0
0
0
0
0
0
0
0
0
0
0
0
0
0
0
0
0
0
0
0
0
0
0
0
0
0
0
0
0
0
0
0
0
0
0
0
0
0
0
0
0
0
0
0
0
0
0
0
0
0
0
0
0
0
0.182574
0.182574
0.182574
0.182574
0.182574
0.182574
0.0437898
0.0437898
0.0437898
0.0438108
0.0438108
0
0.0437898
0
0
0
0
0
0
0
0
0
0
0
0
0
0
0
0
0
0
0
0
0
0
0
0
0
0
0
0
0
0
0
0
0
0
0
0
0
0
0
0
0
0
0
0
0
0
0
0
0
0
0
0
0
0
0
0
0
0
0
0
0
0
0
0
0
0
0
0.0660018
0.0660018
0.0660018
0.0660658
0.0660658
0.0660018
0.066519
0.0660018
0
0
0
0
0
0
0
0
0
0
0
0
0.0815478
0.0815478
0.0815478
0.0815478
0.0815478
0.0913347
0
0.0913347
0.0815478
0.0815478
0.0815478
0.0815478
0.105021
0.105021
0
0
0
0.0815478
0.0815478
0.0815478
0.0815478
0.0815478
0.0418854
0.0418854
0.0815478
0.0923514
0.0923514
0.0815478
0.0815478
0.0815478
0.0815478
0.0815478
0.0815478
0.0815478
0.130189
0.130189
0.0928477
0.0928477
0.0928477
0.104257
0
0.0928477
0.0928477
0.0815478
0
0
0
0
0
0
0
0
0
0
0
0
0
0
0
0
0
0
0
0
0
0
0
0
0
0
0
0
0
0
0
0
0
0
0
0
0
0
0
0
0
0
0
0
0
0
0
0
0
0
0
0
0
0
0
0
0
0
0
0
0
0
0
0
0
0.0815478
0
0
0
0
0
0
0
0
0
0
0
0
0
0
0
0
0
0
0
0
0
0
0
0
0
0
0
0
0
0
0
0
0.0432338
0.0432338
0.0432338
0.0432338
0.0432338
0.0432338
0.0432338
0.0432338
0.0432338
0.0432338
0.0432338
0.0432338
0.0432338
0.0432338
0.0432338
0.0432338
0
0
0
0
0
0
0
0
0
0
0
0
0.0432338
0.0432338
0.0432338
0.0432338
0
0
0
0
0
0
0
0
0
0
0
0
0
0.0852803
0.0852803
0
0
0
0
0
0
0
0
0
0
0
0
0
0
0
0
0
0
0
0
0
0
0
0
0
0
0
0
0
0
0
0
0
0
0
0
0
0.0815478
0.0815478
0.0815478
0.0815478
0.0815478
0
0.0815478
0.0815478
0.0815478
0.0815478
0.0815478
0
0.0923514
0.0923514
0.0971859
0.104383
0.107211
0
0.0923514
0.0923514
0.0923514
0.0995585
0.0995585
0.0995585
0
0.0995585
0
0.0995585
0.0815478
0
0
0
0
0
0
0
0
0
0
0
0
0
0.0815478
0.0815478
0.0815478
0.0815478
0.0815478
0.0815478
0.0815478
0.0815478
0.0815478
0.0815478
0.0815478
0.0815478
0
0
0
0
0
0
0
0
0
0
0
0
0
0
0
0
0
0
0
0
0
0
0
0
0
0
0
0
0
0
0
0
0
0
0
0
0
0
0
0
0
0
0
0
0
0
0
0
0
0
0
0
0
0
0
0
0
0
0
0
0
0
0
0
0
0
0
0
0
0
0
0
0
0
0
0
0
0
0
0
0
0
0
0
0
0
0
0
0
0
0
0
0
0
0
0
0
0
0
0
0
0
0
0
0
0
0
0
0
0
0
0
0
0
0
0
0
0
0
0
0
0
0
0
0
0
0
0
0
0
0
0
0
0
0
0
0
0
0
0
0
0
0
0
0
0
0
0
0
0
0
0
0
0
0
0
0
0
0
0
0
0
0
0
0
0
0
0
0.107833
0.107833
0.107833
0.107833
0
0.116248
0.107833
0.107833
0.107833
0.107833
0
0
0.107833
0.107833
0
0.107833
0.107833
0
0.107833
0.107833
0
0.107833
0.107833
0
0.0852803
0.0852803
0.0852803
0.0852803
0.0852803
0.0852803
0.0852803
0.0852803
0.0852803
0.0852803
0.0852803
0.0852803
0.0852803
0
0
0
0
0
0
0
0
0
0
0
0
0
0
0
0
0
0
0
0
0
0
0
0
0
0
0
0
0.0852803
0.0852803
0.0852803
0.0852803
0.0852803
0.0852803
0.0852803
0.0852803
0.0852803
0.0852803
0.0852803
0
0
0
0
0
0
0
0
0
0
0
0
0
0
0
0
0
0
0
0
0
0
0
0
0
0
0
0
0
0
0
0
0
0
0
0
0
0
0
0
0
0
0
0
0
0
0
0
0
0
0
0
0
0
0
0
0
0
0
0
0
0
0
0
0
0
0
0
0
0
0
0
0
0
0
0
0
0
0
0
0
0
0
0
0
0
0
0
0
0
0
0
0
0
0
0
0
0
0
0
0
0
0
0
0
0
0
0
0
0
0
0
0
0
0
0
0
0
0
0
0
0
0
0
0
0
0
0
0
0
0
0
0
0
0
0
0
0
0
0
0
0
0
0
0
0
0
0
0
0
0
0
0
0
0
0
0
0
0
0
0
0
0
0
0
0
0
0
0
0
0
0
0
0
0
0
0
0
0
0
0
0
0
0
0
0
0
0
0
0
0
0
0
0
0
0
0
0
0
0
0
0
0
0
0
0
0
0
0
0
0
0
0
0
0
0
0
0
0
0
0
0
0
0
0
0
0
0
0
0
0
0
0
0
0
0
0
0
0
0
0
0
0
0
0
0
0
0
0
0
0
0
0
0
0
0
0
0
0
0
0
0
0
0
0
0
0
0
0
0
0
0
0
0
0
0
0
0
0
0
0
0.0815478
0.0815478
0.0815478
0.0815478
0
0
0
0
0
0
0
0
0
0
0
0
0
0
0
0
0
0
0
0
0
0
0
0
0
0
0
0
0.0815478
0.0555556
0
0
0
0.0555556
0
0.0555556
0.0555556
0.0555556
0.0559017
0.0559017
0
0.0559017
0
0
0
0.0555556
0.0555556
0.0555556
0
0.0555556
0
0.0555556
0
0.0555556
0.0555556
0.0555556
0
0.0555556
0
0.0555556
0
0.0555556
0.0815478
0.0815478
0.0815478
0.0815478
0.0815478
0.0815478
0.0815478
0.0815478
0
0
0
0
0
0
0
0.0815478
0.0815478
0
0
0.0815478
0.0815478
0.0815478
0.0815478
0
0
0.0815478
0
0.0815478
0.0815478
0.0815478
0.0815478
0
0
0.0852803
0
0.267261
0.267261
0.267261
0.267261
0.267261
0
0.267261
0.267261
0.267261
0.267261
0
0
0
0
0
0
0
0.267261
0.267261
0.267261
0.267261
0.353553
0
0.353553
0.5
0.353553
0.353553
0
0.353553
0.267261
0
0
0.0815478
0.0815478
0.0815478
0.0815478
0.0815478
0.0815478
0
0
0
0
0
0
0
0
0
0
0
0
0
0
0
0
0
0
0
0
0
0
0
0
0
0
0
0
0
0
0
0
0
0
0.0815478
0.0815478
0.0815478
0
0
0
0
0
0
0
0
0
0
0
0
0
0
0
0
0
0
0
0
0
0
0
0
0
0
0
0
0
0
0
0
0
0
0
0
0
0
0
0
0
0
0
0
0
0
0
0
0
0
0
0
0
0
0
0
0
0
0
0
0
0
0
0
0
0
0
0
0
0.381
0.381
0
0.381
0
0
0
0
0
0
0
0
0
0
0
0
0
0
0
0
0
0
0
0
0
0
0
0
0
0
0
0
0
0
0
0
0
0
0
0
0
0
0
0
0
0
0
0.0815478
0.0815478
0.0815478
0.0815478
0.0815478
0.0815478
0.0815478
0
0
0
0
0
0
0
0
0
0
0
0
0
0
0
0
0
0
0
0
0
0
0
0
0
0
0
0
0
0
0
0
0
0
0
0
0
0
0
0
0
0
0
0
0
0
0
0
0
0
0
0
0
0
0
0
0
0
0
0
0
0
0
0
0
0
0
0
0
0
0
0
0
0
0
0
0
0
0
0
0
0
0
0
0
0
0
0
0
0
0
0
0
0
0
0
0
0
0
0
0
0
0
0
0
0
0
0
0
0
0
0
0
0
0
0
0
0
0
0
0
0
0
0
0
0
0
0
0
0
0
0
0
0
0
0
0
0
0
0
0
0
0
0
0
0
0
0
0
0
0
0
0
0
0
0
0
0
0
0
0
0
0
0
0
0
0
0
0
0
0.0965609
0.0965609
0.0965609
0.0965609
0.0965609
0.0965609
0.0965609
0.0965609
0
0.0965609
0.0965609
0
0.0965609
0.0965609
0
0.0965609
0
0
0
0
0
0
0
0
0
0
0
0
0
0
0
0
0
0
0
0
0
0
0
0
0
0
0
0
0
0
0.084785
0.084785
0.084785
0.084785
0.084785
0
0
0
0
0
0
0
0.0815478
0.0815478
0.0815478
0.0815478
0.0815478
0
0
0
0
0
0
0
0
0
0
0
0
0
0
0
0
0
0
0
0
0
0
0
0
0
0
0
0
0
0
0
0
0
0
0
0
0
0
0
0
0
0
0
0
0
0
0
0
0
0
0
0
0
0
0
0
0
0
0
0
0
0
0
0
0
0
0
0
0
0
0
0
0
0
0
0
0
0
0
0
0
0
0
0
0
0
0
0
0
0
0
0
0
0
0
0
0
0
0
0
0
0
0
0
0
0
0
0
0
0
0
0
0
0
0
0
0
0
0
0
0
0
0
0
0
0
0
0
0
0
0
0
0
0
0
0
0
0
0
0
0
0
0
0
0
0
0
0
0
0
0
0
0
0
0
0
0
0
0
0
0
0
0
0
0
0
0
0
0
0
0
0
0
0.0815478
0
0
0
0
0
0
0
0
0.0815478
0.0815478
0.0815478
0.0815478
0.0815478
0.0815478
0
0
0.0815478
0.0815478
0
0
0
0
0
0
0
0
0
0
0
0
0
0
0
0
0
0
0
0
0
0
0
0
0
0
0
0
0
0
0
0
0
0
0
0
0
0
0
0
0.0815478
0.0815478
0
0
0
0
0
0
0
0
0
0
0
0
0
0
0
0
0
0
0
0
0
0
0
0
0
0.0815478
0
0
0
0
0
0
0
0
0
0
0
0
0
0
0
0
0
0
0
0
0
0
0
0
0
0
0
0
0
0
0
0
0
0
0
0
0
0
0
0
0
0
0
0
0
0
0
0
0
0
0
0
0
0
0
0
0
0
0
0
0
0
0
0
0
0
0
0
0
0
0
0
0
0
0
0
0
0
0
0
0
0
0
0
0
0
0
0
0
0
0
0
0
0
0
0
0
0
0
0
0
0
0
0
0
0
0
0
0
0
0
0
0
0
0
0
0
0
0
0
0
0
0
0
0
0
0
0
0
0
0
0
0
0
0
0
0
0
0
0
0
0
0
0
0
0
0
0
0
0
0
0
0
0
0
0
0
0
0
0
0
0
0
0
0
0
0
0
0
0
0
0
0
0
0
0
0
0
0
0
0
0
0
0
0
0
0
0
0
0
0
0
0
0
0.0815478
0
0
0
0
0.0815478
0
0.0847427
0.0815478
0
0
0
0.0815478
0
0
0
0
0
0
0
0.0815478
0.0815478
0.0815478
0.0815478
0.0815478
0.0815478
0.0815478
0
0
0
0
0
0
0
0
0
0
0
0
0
0
0
0
0
0
0
0
0
0
0
0
0
0
0
0
0
0
0
0
0
0
0
0
0
0
0
0
0
0
0
0
0
0
0
0
0
0
0
0
0
0.0815478
0.0815478
0.0815478
0.0815478
0.0815478
0.0815478
0.0815478
0.0815478
0.0815478
0.0815478
0.0815478
0.0815478
0
0
0
0
0
0
0
0.0815478
0.0815478
0.0815478
0.0815478
0.0815478
0.0815478
0.0815478
0.0815478
0.0857099
0.0857099
0
0.0857099
0.0815478
0
0
0
0
0
0
0
0
0.0815478
0.0815478
0
0.0815478
0.0815478
0.0815478
0.0815478
0
0
0
0
0
0.0815478
0.0815478
0
0.0815478
0
0.0815478
0.0815478
0.0815478
0
0.0815478
0.0815478
0.0815478
0.0815478
0.0815478
0.0815478
0.0815478
0
0
0
0
0
0
0
0
0
0.0815478
0
0
0.0815478
0.0815478
0.0815478
0.0815478
0.0815478
0.0840292
0.0840292
0.0840292
0.0840292
0.0840292
0.0840292
0.0840292
0.0815478
0.0815478
0.0815478
0.0815478
0.0815478
0.0815478
0.0815478
0
0.0815478
0.0815478
0.0815478
0.0815478
0
0.0815478
0.0815478
0.0815478
0.0815478
0
0.0815478
0.0815478
0.0815478
0.0815478
0
0
0
0
0.0815478
0.0815478
0.0815478
0.0815478
0.0815478
0.0815478
0.0815478
0.0815478
0.0815478
0.0815478
0.0815478
0.0815478
0.0815478
0.0815478
0
0
0
0
0
0
0.0815478
0
0
0
0
0
0
0
0
0
0
0
0
0
0
0
0
0
0
0
0
0
0
0
0
0
0
0
0
0
0
0
0
0
0
0
0
0
0
0
0
0
0
0
0
0
0
0
0
0
0
0
0
0
0
0
0
0
0
0
0
0
0
0
0
0
0
0
0
0
0
0
0
0
0.0815478
0.0815478
0.0815478
0
0
0
0
0
0
0
0
0
0
0
0
0
0
0
0
0
0
0
0
0
0
0
0
0
0
0
0
0
0
0
0
0
0
0
0
0
0
0
0
0
0
0
0
0
0
0
0
0
0
0
0
0
0
0
0
0
0
0
0
0
0
0
0
0
0
0
0
0
0
0
0
0
0
0
0
0
0
0
0
0
0
0
0
0
0
0
0
0
0
0.0815478
0.0815478
0
0
0
0
0
0
0
0
0
0
0.0815478
0
0
0.0815478
0
0
0
0
0
0
0
0.0815478
0.0815478
0
0.0815478
0
0
0
0
0
0
0
0
0
0
0
0
0.0815478
0
0
0
0
0
0
0
0
0
0
0
0
0
0
0
0
0
0
0.0815478
0
0
0
0
0
0
0
0
0
0
0
0
0
0
0.0815478
0.0815478
0
0.0815478
0
0
0
0
0
0
0
0
0
0
0.0815478
0.0815478
0
0
0
0
0
0
0
0
0
0
0.0815478
0
0.0815478
0
0.0815478
0
0
0
0
0.0815478
0.0815478
0
0
0
0
0
0
0
0
0
0
0
0.0815478
0
0.0815478
0.0815478
0.0815478
0.0815478
0
0
0
0
0
0
0
0
0
0
0
0
0
0.0815478
0
0.0847427
0.0815478
0.0815478
0.0815478
0.0815478
0
0
0
0
0
0
0
0
0
0
0
0
0
0
0
0
0
0
0
0
0
0
0
0
0
0.0815478
0
0
0
0
0
0
0
0
0
0
0
0
0
0
0
0
0
0
0
0
0
0
0
0
0
0
0
0
0
0
0
0
0
0
0
0
0
0
0
0
0
0
0
0
0
0
0
0
0
0
0
0
0
0
0
0
0
0
0
0
0
0
0
0
0
0
0
0
0
0
0
0
0
0
0
0
0
0
0
0
0
0
0
0
0
0
0
0
0
0
0
0
0
0
0
0
0
0.0815478
0.0815478
0.0815478
0.0815478
0.0815478
0.0815478
0.0815478
0.0815478
0.0815478
0
0.0815478
0.0815478
0.0815478
0.0815478
0
0.0815478
0.0815478
0
0
0
0
0
0.0815478
0.0815478
0.0815478
0.0815478
0.0815478
0.0815478
0
0.0815478
0
0.0815478
0.0815478
0.0815478
0
0.0815478
0.0815478
0.0815478
0
0.0815478
0
0
0
0.0815478
0.0815478
0.0815478
0
0.0815478
0.0815478
0
0
0
0.0815478
0
0.0815139
0.0815139
0
0.0815139
0.0815139
0
0
0
0
0
0.0815139
0
0
0
0
0
0
0
0
0.0302891
0.0302891
0.0302891
0
0
0
0.0320092
0
0
0
0
0
0
0
0
0
0
0
0
0
0
0
0
0
0
0
0
0
0
0.0815478
0.0815478
0
0
0
0
0
0
0
0
0
0
0
0
0
0
0
0
0
0
0
0
0
0
0
0
0
0
0
0
0
0
0
0
0
0
0
0
0
0
0
0
0
0
0
0
0
0
0
0
0
0
0
0
0
0
0
0
0
0
0
0
0
0
0
0
0
0
0
0
0
0
0
0
0
0
0
0
0
0
0
0
0
0
0
0
0
0
0
0
0
0
0
0
0
0
0
0
0
0
0
0
0
0
0
0
0
0
0
0
0
0
0
0
0
0
0
0
0
0
0
0
0
0
0
0
0
0
0
0
0
0
0
0
0
0
0
0
0
0
0
0
0
0
0
0
0
0
0
0
0
0
0
0
0
0
0
0
0
0
0
0
0
0
0
0
0
0
0
0
0
0
0
0
0
0
0
0
