0
0
0.0341224
0.0341224
0.0341224
0.0341224
0.0341224
0
0
0
0
0
0
0
0
0
0
0
0
0
0
0
0
0
0
0
0
0
0
0
0
0
0
0
0
0
0
0
0
0
0
0
0
0
0
0
0
0
0
0
0
0
0
0
0
0
0
0
0
0
0
0
0
0
0
0
0
0
0
0
0
0
0
0
0
0
0
0
0
0
0
0
0
0
0
0
0
0
0
0
0
0
0
0
0
0
0
0
0
0
0
0
0
0
0
0
0
0
0
0
0
0
0
0
0
0
0
0
0
0
0
0
0
0
0
0
0
0
0
0
0
0
0
0
0
0
0
0
0
0
0
0
0
0
0
0
0
0
0
0
0
0
0
0
0
0
0
0
0
0
0
0
0
0
0
0
0
0
0
0
0
0
0
0
0
0
0
0
0
0
0
0
0
0
0
0
0
0
0
0
0
0
0
0
0
0
0
0
0
0
0
0
0
0
0
0
0
0
0
0
0
0
0
0
0
0
0
0
0
0
0
0
0
0
0
0
0
0
0
0
0
0
0
0
0
0
0
0
0
0
0
0
0
0
0
0
0
0
0
0
0
0
0
0
0
0
0
0
0
0
0
0
0
0
0
0
0
0
0
0
0
0
0
0
0
0
0
0
0
0
0
0
0
0
0
0
0
0
0
0
0
0
0
0
0
0
0
0
0
0
0
0
0
0
0
0
0
0
0
0
0
0
0
0
0
0
0
0
0
0
0
0
0
0
0
0
0
0
0
0
0
0
0
0
0
0
0
0
0
0
0
0
0
0
0
0
0
0
0
0
0
0
0
0
0
0
0
0
0
0
0
0
0
0
0
0
0
0
0
0
0
0
0
0
0
0
0
0
0
0
0
0
0
0
0
0
0
0
0
0
0
0
0
0
0
0
0
0
0
0
0
0
0
0
0
0
0
0
0
0
0
0
0
0
0
0
0
0
0
0
0
0
0
0
0
0
0
0
0
0
0
0
0
0
0
0
0
0
0
0
0
0
0
0
0
0
0
0
0
0
0
0
0
0
0
0
0
0
0
0
0
0
0
0
0
0
0
0
0
0
0
0
0
0
0
0
0
0
0
0
0
0
0
0
0.0688195
0.0688195
0.0688195
0.0650945
0.0650945
0.0650945
0.0650945
0.0650945
0
0
0
0
0
0
0.0420703
0.0419274
0.0419274
0.0419274
0.0419274
0.0419274
0.0419274
0.0419274
0.0419274
0.0420703
0.0420703
0
0
0
0
0
0
0
0.0488615
0.0488615
0
0
0
0
0
0
0
0
0
0
0
0
0
0
0
0
0
0
0.0611499
0.0611499
0
0
0
0
0
0
0
0
0
0
0
0
0
0
0
0
0
0
0.0455758
0.0455758
0
0.0455758
0
0
0
0.045569
0.052642
0.0526524
0
0
0.0539612
0
0
0
0
0.045542
0
0
0
0
0.0191994
0
0.0427905
0
0.0428073
0
0.0423225
0.0424258
0.0424258
0.0506741
0.0506741
0.0506741
0.0424422
0.0434783
0
0
0
0.0425188
0.0434959
0
0
0
0
0
0
0
0
0
0
0
0
0
0
0
0
0
0
0
0
0
0
0
0
0
0
0
0
0
0
0
0
0
0
0
0
0
0
0
0
0
0
0
0
0
0
0
0
0
0
0
0
0
0
0
0
0
0
0
0
0
0
0
0
0
0
0
0
0
0
0
0
0
0
0
0
0
0
0
0
0
0
0
0
0
0
0
0
0
0
0
0
0
0
0
0
0
0
0
0
0.0423986
0
0
0
0
0
0
0
0.0528939
0.0538048
0
0.0164679
0.0165693
0
0.0173292
0.0173359
0
0
0
0
0
0
0.016784
0
0.016784
0.016784
0.016784
0
0
0
0.0431417
0.0448432
0.0448175
0.0480094
0.0431073
0.0183415
0
0
0
0.0170167
0.0178832
0
0
0
0
0.0479149
0.0538717
0.0538717
0.0538717
0.0480015
0
0
0
0
0
0
0
0
0.0171061
0
0
0
0
0
0
0
0
0.0480966
0.232048
0.232048
0.232048
0.232048
0
0.232048
0.232048
0.258199
0
0.258199
0.0528939
0.0352696
0.258199
0
0
0
0
0
0
0
0.0655524
0.0670509
0
0.0170964
0.0171061
0
0
0.107388
0.107388
0
0
0
0
0
0
0
0
0
0
0
0
0
0.0427625
0
0
0.0424367
0.0424367
0
0
0.0528939
0.052968
0
0
0
0
0
0
0
0
0
0
0
0
0
0
0
0
0
0
0
0
0
0
0
0
0
0
0
0
0
0
0
0
0
0
0.0326736
0.0326736
0.0326736
0.0326736
0.0326736
0.0326736
0.0326736
0.0326736
0.0326736
0.0326736
0
0.0326736
0
0
0
0
0
0
0
0.0326736
0.0326736
0.0326736
0.0326736
0.0326736
0.0320163
0.0320163
0.0326736
0.0526212
0
0
0
0
0.0326736
0.0326736
0.0326736
0.0326736
0
0
0
0
0
0
0
0
0
0
0
0
0
0
0
0.0326736
0.0326736
0
0.0326736
0.0539052
0.0539725
0.0539725
0.0539725
0
0.0539725
0.0539725
0.0539725
0.0539725
0
0
0.0544504
0.0545197
0.0545197
0.0545197
0
0.0545197
0.0545197
0.0545197
0.0545197
0.0364862
0
0.0326736
0
0.0326736
0.0326736
0.0494382
0
0
0
0
0
0.0326736
0.0326736
0.0326736
0.0326736
0
0.0546592
0.0547293
0
0.0326736
0.0326736
0.0326736
0.0326736
0.0326736
0
0.0326736
0
0
0
0
0.0326736
0.0326736
0.0326736
0.0326736
0
0
0
0
0
0
0
0
0
0
0
0
0
0
0
0
0
0
0
0.0326736
0
0
0
0
0
0
0
0
0
0
0
0.0326736
0
0
0.0326736
0.0330667
0.0326736
0.0326736
0.0326736
0.0521996
0
0.0522301
0
0.0522403
0
0.0326736
0
0.0326736
0
0.0326736
0
0.0326736
0.0326736
0.0326736
0
0
0
0
0
0
0
0
0
0.0326736
0.0337429
0.0326736
0
0.0326736
0.161917
0.0326736
0
0
0.0326736
0
0
0
0
0
0
0
0
0
0
0.0196078
0.0357151
0
0.0326736
0.0357665
0.0357665
0.0357665
0.035818
0
0
0
0
0
0
0
0
0
0
0
0
0
0
0
0
0
0
0
0
0
0
0
0
0
0.0853024
0
0.0882899
0.0862949
0.0862949
0.0824186
0.0823287
0
0.0832405
0
0.095517
0.139881
0
0
0
0
0
0
0
0
0
0
0
0
0
0
0
0
0
0
0
0
0
0
0
0
0
0
0
0.0918907
0
0.0918907
0
0
0
0
0
0
0
0
0
0
0
0
0
0
0
0.0918907
0
0
0
0
0
0
0
0
0
0
0
0
0
0
0
0
0
0
0
0
0
0
0
0
0
0
0
0
0
0.0488365
0.0326736
0.0326736
0
0.0326736
0
0.0326736
0.0518875
0.0326736
0.0529256
0.0529256
0.0529256
0
0.0530638
0.0539164
0.0326736
0
0.0326736
0
0.0326736
0
0
0
0
0
0.0493092
0.0493435
0
0.0493435
0.0493092
0.0493092
0.0493092
0.0493092
0.0493092
0.0493092
0.0493092
0.17186
0
0
0
0.0493435
0.04892
0.0326736
0
0
0
0
0
0
0
0
0
0
0
0
0
0
0
0
0
0.0319392
0.0319392
0.0319392
0.0319392
0.0319392
0.0364179
0.0364179
0.0364179
0.0364179
0.0364179
0.0364179
0.0364179
0.0364179
0.0364179
0.0364179
0.0363903
0.0363903
0.0363903
0.0363903
0.0363903
0.0363903
0.0363903
0.0363903
0.0363903
0.0363903
0.0363903
0.0363903
0.0363903
0.0363903
0.0363903
0
0
0
0
0
0
0
0
0
0
0
0
0
0
0
0
0
0
0
0
0
0
0
0
0
0
0
0
0
0
0
0
0
0
0
0
0
0
0
0
0
0
0.0481683
0.0481683
0.0481683
0.0481683
0.0481683
0.0537492
0.0537492
0.0537492
0
0
0
0
0
0
0
0
0
0
0
0
0
0
0
0
0
0
0
0
0
0
0
0
0
0
0
0
0
0
0
0
0
0
0
0
0
0
0
0
0
0
0
0
0
0
0
0
0
0
0
0.0502882
0
0
0.0320256
0.0484339
0
0.0331783
0
0
0.0363765
0.0329639
0.0320538
0.0334744
0
0
0
0
0
0
0
0
0
0
0
0
0
0
0
0
0
0
0
0
0
0
0
0
0
0
0
0
0
0
0
0
0
0.0320421
0.0320421
0.0320421
0.0320421
0.0320421
0.0320468
0.0320468
0.0320844
0.0320844
0.0320844
0
0
0
0
0
0
0
0
0
0
0
0
0
0
0
0
0
0
0
0
0
0
0
0
0
0
0
0
0
0
0
0
0
0
0
0
0
0
0
0
0
0
0
0
0
0
0
0
0
0
0
0
0
0
0
0
0
0
0
0
0
0
0
0
0
0
0
0
0
0
0
0
0
0
0
0
0
0.0326711
0.0326711
0.0340319
0.0326711
0.0331731
0.0331731
0.0331731
0.0319858
0.0319858
0.034317
0.0319858
0.0319858
0.0319858
0.0328418
0.034317
0.0328494
0.0328494
0.0343372
0.0328494
0.0328494
0.0328494
0.0338283
0.0331523
0.0343228
0.0342681
0.0342681
0.0359642
0.0117121
0
0
0
0
0.0327913
0.0327913
0.0328823
0.0327913
0.0320303
0.0320303
0.0320209
0.0320209
0.0320233
0.0320209
0.0328823
0.0320233
0
0
0
0
0
0
0
0
0
0
0
0
0
0
0
0
0
0
0
0
0
0
0
0
0
0
0
0
0
0
0
0
0
0
0
0
0
0
0
0
0
0
0
0
0
0
0
0
0
0
0
0
0
0
0
0
0
0
0
0
0
0
0
0
0
0
0
0
0
0
0
0
0
0
0
0
0
0
0.0328291
0.0328291
0
0
0.0342882
0.0342882
0.0331731
0.0332779
0.0332779
0.0342738
0.0507954
0.0507954
0
0.0473969
0.0473969
0.0334691
0.0334744
0
0
0
0
0
0
0
0
0.0339199
0.0339199
0.0339199
0.0339199
0.0339199
0.0339199
0.0339199
0
0
0
0
0
0
0
0.0331679
0.0431016
0.0331705
0
0.0331731
0.033461
0.0338809
0.0334986
0.0334664
0.0338865
0.0351892
0.0460566
0.0493607
0.0477429
0
0
0.0344828
0
0
0
0
0
0
0.0353238
0.0365881
0.0340686
0.0340686
0.0341196
0.0340686
0
0
0
0
0
0
0
0
0
0
0
0
0
0
0
0
0
0
0
0
0
0
0
0
0
0
0
0
0
0
0
0
0
0
0
0
0
0
0
0
0
0
0
0
0
0
0
0
0
0
0
0
0
0
0
0
0
0
0
0
0
0.0410849
0.0411743
0.0411743
0.0432049
0.04349
0.04349
0.111778
0.0435135
0.0655524
0
0.079927
0.047036
0.0485316
0
0.0512989
0.0484908
0.0850816
0.0931926
0.0867576
0
0
0
0
0
0
0
0
0
0
0
0
0
0
0
0
0
0
0
0
0
0
0
0
0
0
0
0
0
0
0
0
0
0
0
0
0
0
0
0
0
0
0
0
0
0
0
0
0
0
0
0
0
0
0
0
0
0
0
0
0
0
0
0
0
0
0
0
0
0
0
0
0
0
0
0
0
0
0
0
0
0
0
0.0464596
0.0326686
0.0326686
0.033906
0.0338504
0.0443491
0.0443491
0.0326686
0.0326686
0.0185144
0.0326736
0.0326736
0.0186798
0.0340151
0.0340151
0.0471554
0
0
0
0
0
0
0
0
0
0
0
0
0
0
0
0
0
0
0
0
0
0
0
0.0596702
0
0.0370516
0
0.03505
0
0.0371427
0
0.0680864
0.061281
0.0508329
0
0
0.051174
0
0
0
0
0.0381643
0
0.0455825
0.0343691
0
0.0408833
0.0357567
0.0614627
0
0
0.051174
0
0
0
0.0348578
0
0.0449207
0
0
0
0.0343372
0.0591608
0.0385186
0
0.0456571
0.0342508
0
0.0367147
0
0
0.0681768
0.0906952
0.125421
0.0454948
0
0.0346331
0
0
0
0.0341309
0.0341309
0.0341309
0
0
0
0
0
0
0
0
0
0
0
0
0.0499732
0.0499732
0.0499732
0.0499732
0.0499732
0.0499732
0.0499732
0
0
0
0
0
0
0
0
0
0
0
0
0
0
0
0
0
0
0
0
0
0
0
0
0
0
0
0
0
0
0
0
0
0
0
0.0511836
0
0.0512316
0.0499732
0
0
0
0
0
0
0.0342623
0.0342623
0.0342623
0.0342623
0.0342623
0.0342623
0.0342623
0.0342623
0.0342623
0.0342623
0
0
0
0
0
0
0
0
0
0
0
0
0
0
0
0
0
0
0
0
0
0
0
0
0
0
0
0
0
0
0
0
0
0
0
0
0
0
0
0
0
0
0
0
0
0
0
0
0
0
0
0
0
0
0
0
0
0
0
0
0
0
0
0
0
0
0
0
0
0
0
0
0
0
0
0
0
0
0
0
0
0
0
0
0
0
0
0
0
0
0
0
0
0
0
0
0
0
0
0
0
0
0
0
0
0
0
0
0
0
0
0
0
0
0
0
0
0
0
0
0
0
0
0
0
0
0
0
0
0
0
0
0
0
0
0
0
0
0
0
0
0
0
0
0
0
0
0
0
0
0
0
0
0
0
0
0
0
0
0
0
0
0
0
0
0
0
0
0
0
0
0
0
0
0
0
0
0
0
0
0
0
0
0
0
0
0
0
0
0
0
0
0
0
0
0
0
0
0
0
0
0
0
0
0
0
0
0
0
0
0
0
0
0
0
0
0
0
0
0
0
0
0
0
0
0
0
0
0
0
0
0
0
0
0
0
0
0
0
0
0
0
0
0
0
0
0
0
0
0
0
0
0
0
0
0
0
0
0
0
0
0
0
0
0
0
0
0
0
0
0
0
0
0
0
0
0
0
0
0
0
0
0
0
0
0
0
0
0
0
0
0
0
0
0
0
0
0
0
0
0
0
0
0
0
0
0
0
0
0
0
0
0
0
0
0
0
0
0
0
0
0
0
0
0
0
0
0
0
0
0
0
0
0
0
0
0
0
0
0
0
0
0
0
0
0
0
0
0
0
0
0
0
0
0
0
0
0
0
0
0
0.0380221
0.059087
0.0381128
0
0
0
0
0
0
0
0
0
0
0
0
0
0
0
0
0.0381088
0
0
0
0
0
0
0
0
0
0
0.0477041
0
0
0
0
0
0
0
0
0
0
0
0
0
0
0.0370734
0
0.0370734
0
0
0
0
0
0
0
0
0
0
0
0
0
0
0
0
0
0
0
0.0368283
0.0369358
0.0369358
0.0369358
0.0390222
0.0404273
0
0
0
0
0
0
0
0
0
0
0
0
0
0
0
0
0
0
0
0
0
0
0
0
0
0
0
0
0
0
0
0
0
0
0
0
0
0
0
0
0
0
0
0
0
0
0
0
0
0.0506648
0
0
0.0395815
0.0423009
0.0372937
0.05259
0
0
0
0
0
0
0
0
0
0
0
0
0
0
0.0518974
0.0518974
0.0518974
0
0.0518974
0.0388452
0
0.0388829
0
0
0
0
0
0
0
0
0
0
0
0
0
0
0
0
0
0
0
0
0
0
0
0
0
0
0
0
0
0
0
0
0
0
0
0
0
0
0
0
0
0
0
0
0
0
0
0
0
0
0
0
0
0
0
0
0
0
0
0
0
0
0
0
0
0
0
0
0
0
0
0
0
0
0
0
0
0
0
0
0
0
0
0
0
0
0
0
0
0
0
0
0
0
0
0
0
0
0
0
0
0
0
0
0
0
0
0
0
0
0
0
0.124308
0.124308
0.124308
0.136809
0.136809
0
0
0
0
0
0
0
0
0
0
0
0
0
0
0
0
0
0
0
0
0
0
0
0
0
0
0
0
0
0
0
0
0
0
0
0
0
0
0
0
0
0
0
0
0
0
0
0
0
0
0
0
0
0
0
0
0
0
0
0
0
0
0
0
0
0
0
0
0
0
0
0
0
0
0
0
0
0
0
0
0
0
0
0
0
0
0
0
0
0
0
0
0
0
0
0
0
0
0
0
0
0
0.0953463
0.0953463
0.0953463
0.154042
0.154042
0
0.248891
0.295804
0.0953463
0.0505168
0.0505168
0.0505168
0.0505168
0.0505168
0
0
0
0
0
0.0342767
0.0346123
0.0342767
0
0
0
0
0
0
0
0
0
0
0
0
0
0
0
0
0
0
0
0
0
0
0
0
0
0
0
0
0
0
0
0
0
0
0
0.0506555
0.0506555
0
0
0
0
0
0.0402259
0.0402259
0.0405411
0.0405411
0
0.0405411
0.0821599
0.0405411
0
0.0405935
0
0.0406127
0
0.0412293
0.0423334
0.0674419
0
0.0684043
0
0.0460078
0.0505907
0.0505907
0.0505907
0.0536387
0.0525588
0.0814946
0
0
0
0
0
0
0
0
0
0.0473514
0.0473514
0
0.0858847
0.0518775
0
0.0512893
0
0.0523015
0
0.0523937
0
0.0533761
0.0505629
0.0521691
0.0515124
0
0
0
0
0
0
0.0515124
0
0
0
0
0
0
0
0
0
0
0
0
0
0
0
0
0
0
0
0
0
0
0
0
0
0
0
0
0
0
0
0
0
0
0
0
0
0
0
0
0
0
0
0
0
0
0.0342623
0
0
0
0.0341111
0.0341111
0.0341111
0.0341111
0.0341111
0.0341111
0.0341111
0
0
0
0
0
0
0
0
0
0
0
0
0
0
0
0
0
0
0
0
0.0341224
0.0341224
0.0341224
0.0341224
0.0341224
0.0341224
0.0341224
0.0341224
0.0341224
0
0
0
0
0
0
0
0
0
0
0
0
0
0
0
0
0
0
0
0
0
0
0
0
0
0
0
0
0
0
0
0
0
0
0
0
0
0
0
0
0
0
0
0
0
0
0
0
0
0
0
0
0
0
0
0
0
0
0
0
0
0
0.0368641
0.0368641
0
0
0
0
0
0
0
0
0
0
0
0
0
0
0
0
0
0
0
0
0
0
0
0
0
0
0
0
0
0
0
0
0
0
0
0
0
0
0
0
0
0
0
0
0
0
0
0
0
0
0
0
0
0
0
0
0
0
0
0
0
0
0
0
0
0
0
0
0
0
0
0
0
0
0
0
0
0
0
0
0
0
0
0
0
0
0
0
0
0
0
0
0
0
0
0
0
0
0
0
0
0
0
0
0
0
0
0
0
0
0
0
0
0
0
0
0
0
0
0
0
0
0
0
0
0
0
0
0
0
0
0
0
0
0
0
0
0
0
0
0
0
0
0
0
0
0
0
0
0
0
0
0
0
0
0
0
0
0
0
0
0
0
0
0
0
0
0
0
0
0
0
0
0
0
0
0
0
0
0
0
0
0
0
0
0
0
0
0
0
0
0
0
0
0
0.0481205
0.0481205
0.0481205
0.0481205
0.0481205
0.0481205
0
0
0
0
0.0486875
0.0486875
0
0
0
0
0
0
0
0.0486875
0.0450835
0.0450835
0.0450835
0.0450835
0.0450835
0
0
0
0
0
0.045828
0.045828
0.045828
0.045828
0.045828
0.045828
0
0
0
0
0
0
0
0
0
0
0.045301
0.0452348
0.045828
0
0
0.0486299
0.0486299
0.0452348
0.0452348
0.0452348
0.0452348
0.0452348
0
0
0
0
0
0
0
0
0
0
0
0
0
0
0
0
0
0
0.0452348
0
0
0
0
0
0
0
0
0
0.0460915
0.0460915
0.0460915
0.0460915
0.0466905
0
0.0468587
0.0460915
0
0
0.0486381
0
0.0486381
0.0486381
0.0486381
0.0486381
0.0486381
0.0481205
0
0.0481205
0.0481205
0.0481205
0.0481205
0.0481205
0
0
0
0
0
0
0
0
0
0
0
0
0
0
0
0
0
0
0
0
0
0
0
0
0
0
0
0
0
0
0
0
0
0
0.0450835
0.0450835
0
0.0481205
0.0450704
0.0450704
0.0481205
0.0481205
0.0481205
0
0
0.0458143
0.0458143
0
0.0458143
0
0
0
0
0
0
0
0
0
0
0
0
0
0
0
0
0
0
0
0
0
0
0
0
0
0
0
0
0
0
0
0
0.0452348
0.0452348
0.0452348
0.0452348
0.0452348
0.0452348
0
0
0
0
0
0
0.045828
0.0452348
0
0
0.0481205
0.0481205
0.0482163
0.0482163
0.0482163
0.045828
0.045828
0.045828
0.045828
0.045828
0.0485807
0.045828
0
0
0
0
0.0459039
0
0
0
0
0
0
0
0
0
0
0
0
0
0
0.0481205
0.0481205
0.0481205
0.0481205
0.0481205
0.0481205
0
0
0
0
0
0
0
0
0
0.0341224
0.0341224
0.0341224
0
0
0
0
0
0
0
0
0
0
0
0
0
0
0
0
0
0
0
0
0
0
0
0
0
0
0
0
0
0
0
0
0
0
0
0
0
0
0
0
0
0
0
0
0
0
0
0
0
0
0
0
0
0
0
0
0
0
0
0
0
0
0
0
0
0
0
0
0
0
0
0
0
0
0
0
0
0
0
0
0
0
0
0
0.0341224
0.0341224
0.0341224
0.0341224
0
0
0
0.0340884
0.0340884
0.0340884
0.0340884
0.0341281
0.0340997
0.0340997
0.0340997
0.0340997
0.0340997
0.0340997
0.0341167
0.0341054
0.0341224
0.0340997
0
0.0341224
0.0341224
0
0
0
0
0
0
0
0
0
0
0
0
0
0
0
0.0341224
0.0341224
0.0341224
0.0341224
0.0341224
0.0341224
0.0341224
0.0341224
0.0341224
0.0341224
0.0341224
0
0
0
0
0
0
0
0
0
0
0
0
0
0
0
0
0
0
0
0
0
0
0
0
0
0
0
0
0
0
0
0
0
0
0
0
0
0
0
0
0
0
0
0
0
0
0
0
0
0
0
0
0
0
0
0
0
0
0
0
0
0
0
0
0
0
0
0
0
0
0
0
0
0
0
0
0
0
0
0
0
0
0
0
0
0
0
0
0
0
0
0
0
0
0
0
0
0
0
0
0
0
0
0
0
0
0
0
0
0
0
0
0
0
0
0
0
0
0
0
0
0
0
0
0
0
0
0
0
0
0
0
0
0
0
0
0
0
0
0
0
0
0
0
0
0
0
0
0
0
0
0
0
0
0
0
0
0
0
0
0
0
0
0
0
0
0
0
0
0
0
0
0
0
0
0
0
0
0
0
0
0
0
0
0
0
0
0
0
0
0
0
0
0
0
0
0
0
0
0
0
0
0
0
0
0
0
0
0
0
0
0
0
0
0
0
0
0
0
0
0
0
0
0
0
0
0
0
0
0
0
0
0
0
0
0
0
0
0
0
0
0
0
0
0
0
0
0
0
0
0
0
0
0
0
0
0
0
0
0
0
0
0
0.129408
0.129408
0.129408
0.129408
0.129408
0.129408
0.129408
0.129408
0.129408
0.129408
0.129408
0.129408
0.129408
0.129408
0.129408
0.129408
0.129408
0.129408
0.129408
0.129408
0.129408
0.129408
0.129408
0.129408
0.129408
0
0.129408
0.129408
0.129408
0.129408
0.129408
0.129563
0
0
0
0
0
0
0.129408
0
0
0.129408
0.108556
0.108556
0.108556
0
0
0
0
0
0
0
0
0
0
0
0
0
0
0
0
0
0
0
0
0
0
0
0
0
0
0
0
0
0
0.130824
0.130824
0.139058
0.139058
0.160128
0.198867
0.198867
0.198867
0
0.198867
0.144553
0
0.129408
0
0
0
0
0
0
0
0
0
0
0
0
0
0
0
0
0
0
0
0
0
0
0
0
0
0
0
0
0
0
0
0
0
0.139058
0.139058
0
0
0
0
0
0.139058
0.130824
0.130984
0.130984
0.169377
0.135015
0
0.130984
0.152753
0
0.152753
0.152753
0
0.130824
0
0
0
0
0
0
0
0
0
0
0
0
0
0
0
0
0
0
0
0
0
0
0
0
0
0
0
0
0
0
0
0
0
0
0
0
0
0
0
0
0
0
0
0
0
0
0
0
0
0
0
0
0
0
0
0
0
0
0
0
0
0
0
0
0
0
0
0
0
0
0
0
0
0
0
0
0
0
0
0
0
0
0
0
0
0
0
0
0
0
0
0
0
0
0
0
0
0
0
0
0
0
0
0
0
0
0
0
0
0
0
0
0
0
0
0
0
0
0
0
0
0
0
0
0
0
0
0
0
0
0
0
0
0
0
0
0
0
0
0
0
0
0
0
0
0
0
0
0
0
0
0
0
0
0
0
0
0
0
0
0
0
0
0
0
0
0
0
0
0
0
0
0
0
0
0
0
0
0
0
0
0
0
0
0
0
0.0342767
0.0342767
0.0342767
0.0342767
0.0342767
0.0342767
0.0342767
0.0342767
0.0382759
0.0342767
0.0342767
0.0342767
0.0342767
0.0342767
0.0342767
0
0
0
0
0
0
0
0
0.0342767
0.0342767
0.0342767
0.0342767
0.0342767
0.0342767
0.0342767
0
0
0.0342767
0
0
0.0395904
0
0.0395904
0.0395904
0.0395904
0.0395904
0.0395904
0.0395904
0.0395904
0.0395904
0.0395904
0.0395904
0.0395992
0.0395992
0
0
0.0395992
0
0
0
0
0
0
0
0
0
0.0517088
0.0517088
0.0517088
0.0517088
0.0517088
0.0517088
0.0517088
0.0517088
0
0
0
0
0
0
0
0
0
0
0
0
0
0
0
0
0
0
0
0
0
0
0
0
0
0
0
0
0
0
0
0
0.0522097
0.0395638
0
0
0.0498932
0.0342767
0.0342767
0.0342767
0.0399043
0.0399043
0.0399134
0
0
0
0.0342767
0.0342767
0.0343113
0.0343113
0.0342767
0.0342767
0.0342767
0.0373085
0.0373085
0.0342767
0.0342853
0.0342853
0.0342853
0.0342853
0.0342767
0.0342767
0.0342767
0.0373085
0.0373085
0.0373085
0.0373085
0.0373085
0.0395064
0.0373085
0.0373085
0.0373085
0.0427849
0.0373085
0.0373085
0.0373085
0.0373085
0.0373085
0.0373085
0.0373085
0
0
0
0
0
0.0342767
0.0342767
0.0342767
0.0342767
0.0382759
0.0342767
0.0494468
0.0494468
0.0494468
0.0494468
0.0515809
0.0494468
0.0342767
0.0382759
0.0342767
0.0372346
0.0342767
0.0342767
0.0342767
0.0372309
0.0372309
0.0381167
0.0373867
0.0373867
0.0373867
0.0373867
0.0373867
0.0373867
0
0
0
0
0
0
0.0394362
0
0.0400091
0.0380615
0.0380575
0
0.152499
0.152499
0.152499
0.0343113
0.0343113
0.0506555
0
0
0.10583
0.0341111
0.0341111
0.0341111
0.0341111
0.0341111
0.0341111
0.0341111
0.0341111
0.0341111
0.0341111
0.0341224
0.0341281
0.0341281
0
0.0341281
0.0341281
0.0341224
0.0341224
0.0341224
0.0341224
0.0341224
0.0341111
0.0341281
0.0341281
0.0341111
0.0620856
0.0620856
0.0620856
0
0
0
0.0622228
0.0642445
0
0
0
0
0
0
0
0
0
0
0.0341281
0.034185
0.0357828
0.0498666
0
0.0498666
0.051174
0
0
0
0
0
0
0
0
0.0341111
0.0341111
0.0341793
0.0520177
0.0520177
0.0620003
0.0620003
0.0620003
0.0620003
0.0620003
0.0620003
0.0620003
0.0620003
0.0620003
0.0620003
0.069625
0.069625
0
0
0
0.0697701
0
0
0.0624652
0
0
0
0
0.199715
0.0671805
0
0
0
0.0654921
0
0
0
0
0
0
0
0
0
0
0
0
0
0
0
0
0
0
0
0
0
0
0
0
0
0.0341224
0.0341224
0.0341224
0.0341224
0.0341224
0.0341224
0
0
0
0
0
0
0.0341224
0.0341224
0.0341224
0.0341224
0.0341224
0.0341224
0.0341224
0.0341224
0
0
0
0.0624652
0.034185
0
0
0
0
0
0.0341281
0
0.0481205
0.0481205
0.0481205
0.0481205
0.0481205
0.0481205
0.0481205
0.0481205
0.0481205
0.0481205
0.0481205
0.0481205
0.0481205
0.0481205
0.0481205
0.0481205
0.0481205
0.0481205
0.0481205
0.0481205
0
0
0
0
0
0
0.0481205
0.0481205
0
0.0481205
0.0481205
0.0481205
0.0481205
0.0481205
0.0481205
0.0481205
0.0481205
0
0.0481205
0.0481205
0.0481205
0.0481205
0.0481205
0.0481205
0.0481205
0.0481205
0.0481205
0.0500358
0.0500537
0.0500537
0.0535617
0
0
0.0481205
0.0481205
0
0
0
0
0.0500537
0.0485479
0
0
0
0.0481284
0.0481205
0
0
0
0
0
0
0
0
0
0
0
0
0
0
0.0481205
0.0481205
0.0500537
0.0500537
0.0500089
0.0500089
0
0
0
0
0
0
0
0
0
0
0
0
0
0
0
0.0502882
0.0502882
0
0
0
0
0
0
0
0
0
0
0
0
0
0
0
0
0
0
0
0
0
0
0
0
0
0
0
0
0
0
0
0
0
0
0
0
0
0
0
0
0
0
0
0
0
0
0
0
0
0
0
0
0
0
0
0
0
0
0
0
0
0
0.0481205
0.0481205
0
0.0481205
0.0481205
0.0548821
0.0481205
0.0481284
0.0497343
0.0481205
0.0481205
0
0.0481205
0
0.0481205
0.0500537
0.0500537
0.0500537
0.0500537
0.0500537
0.0500089
0.0500089
0.0500089
0
0
0
0
0
0
0
0
0
0
0
0
0
0
0
0
0
0
0
0
0
0
0
0
0
0
0
0
0
0
0
0
0
0
0
0
0
0
0
0
0
0
0
0
0
0
0
0
0
0
0
0
0
0
0
0
0
0
0
0
0
0
0
0
0
0
0
0.0502882
0.0502882
0.0502882
0.0481763
0
0.0479463
0.0479463
0.0481444
0.0479779
0
0
0
0
0
0
0
0
0
0
0
0
0
0
0
0
0
0
0
0
0
0
0
0
0
0
0.0479779
0.0479779
0
0.0479779
0.048795
0.0481364
0.0480015
0
0
0
0
0
0.0480015
0.0481205
0.0481205
0.0481205
0.0481205
0.0483126
0.0787761
0.0787761
0.0787761
0.0791985
0
0
0
0
0
0
0
0
0
0
0
0
0.0487867
0
0
0
0
0
0
0
0
0
0
0
0
0
0
0.0483126
0.0496641
0.113332
0.0483288
0.0486957
0.0498489
0.0500716
0
0
0
0
0
0
0
0
0
0
0
0
0
0
0
0
0
0
0
0
0.0481205
0.0481205
0.0481205
0.0481205
0.0486299
0.0492494
0
0.0486299
0.0486299
0.0486299
0
0
0
0
0
0
0
0
0
0
0
0
0
0
0
0
0
0
0
0
0
0
0
0
0
0
0
0
0
0
0
0
0
0
0
0
0
0
0
0
0
0
0
0
0
0
0
0
0
0
0
0
0
0
0
0
0
0
0
0
0
0
0
0
0
0
0
0
0
0
0
0
0
0
0
0
0
0
0
0
0
0
0
0
0
0
0
0
0
0
0
0
0
0
0
0
0
0
0
0
0
0
0
0
0
0
0
0
0
0
0
0
0
0
0
0
0
0
0
0
0
0
0
0
0
0
0
0
0
0
0
0
0
0
0
0
0
0
0
0
0.0517088
0.0517088
0.0517088
0.0517088
0.0517088
0.0517088
0.0517088
0.0517186
0.0517186
0.0517088
0.0517088
0.0517088
0.0517088
0.0517088
0.0517088
0.0517088
0.0517088
0.0517088
0.0517088
0.0517088
0.0517088
0.0517088
0.0517088
0
0
0.0517088
0.0517088
0.0517088
0.0517088
0
0
0
0
0
0.129408
0.129408
0.129408
0.129408
0.129408
0.129408
0.129408
0.129408
0.129408
0.129408
0.129408
0.129408
0.129408
0
0
0
0
0.129408
0.129408
0
0
0
0
0
0
0
0.129408
0.129408
0
0
0
0.129408
0.129408
0.129408
0.129408
0
0
0
0
0
0
0
0
0
0
0
0
0
0
0
0
0
0
0
0
0
0
0
0
0
0
0
0
0
0
0
0
0
0
0
0
0
0
0
0
0
0
0
0
0
0
0
0
0
0
0
0
0
0
0
0
0
0
0
0
0
0
0
0
0
0
0
0
0
0
0
0
0
0
0.0326736
0.0326736
0.0326736
0.0326736
0.0326736
0.0326736
0
0
0.153522
0.0510215
0.0333837
0
0
0
0.0526212
0
0.0526212
0.0352626
0.0526212
0.0337209
0.0337209
0.144553
0.144553
0.144553
0.180021
0
0.180021
0.180021
0.144986
0.144986
0.144986
0.144986
0.144986
0
0
0
0
0
0
0
0
0.0341224
0.154566
0
0
0
0
0
0
0.0333917
0.0333917
0.0333917
0
0.0808452
0.0808452
0.150756
0
0.162527
0.162527
0.0814946
0.0814946
0.0814946
0
0
0
0.0554335
0.0554335
0
0.0541757
0.0517483
0.0517483
0.0930772
0
0.0936586
0
0.0939534
0
0.0522708
0.0333837
0
0.0546358
0.0546358
0.0539164
0.0539164
0.0333864
0
0
0.0502247
0
0
0
0
0
0
0.108556
0.0335902
0.0335902
0.0335902
0.0337786
0.0335902
0.0336201
0
0.0326736
0.0326736
0.0326736
0.0326736
0.0326736
0
0
0
0
0.0523015
0.0326736
0.053128
0.0326736
0
0
0
0.0503793
0.0326736
0
0
0
0
0
0
0
0
0
0
0
0
0
0
0
0
0
0
0
0
0
0
0
0
0.0486299
0.0486299
0.0486299
0.0486299
0.0486299
0.0486299
0
0.0486299
0.0486299
0
0
0
0
0.0486299
0.0486299
0.0486299
0.0486299
0.0486299
0.0486299
0
0.0486299
0.0486299
0.0486299
0.0486299
0.0486875
0.0486875
0.0486875
0.049275
0.0486875
0.0486299
0.0486299
0.0486299
0.0492494
0.0486299
0
0
0
0
0
0
0
0
0
0
0
0
0
0
0
0
0
0
0
0
0
0
0
0
0
0
0
0
0
0
0
0
0
0
0
0
0
0
0
0
0
0
0
0
0
0
0
0
0
0
0
0
0
0
0
0.0506555
0.0506555
0.0506555
0.0506555
0.0506555
0.0506555
0.0506555
0
0.0506555
0.0506555
0.0506555
0
0
0
0
0
0
0
0
0
0.0506555
0.0506555
0.0506555
0.0506555
0.0506555
0.0506555
0.0506555
0.0506555
0.0506555
0.0506555
0.0506555
0.0506555
0.0506555
0
0
0
0.0506555
0.0506555
0.0506555
0.0506555
0.0506555
0.0506555
0.0506555
0.0506555
0
0.0506555
0.0506555
0.0506555
0.0506555
0.0506555
0.0506555
0.0506555
0.0506555
0.0506555
0.0506555
0.0506555
0.0506555
0.0506555
0
0
0.0341224
0.0341224
0.0341224
0.0341224
0.0341224
0.0341224
0.0341224
0.0341224
0.0341224
0.0341224
0.0341224
0.0341224
0.0341224
0.0341224
0.0341224
0
0
0
0
0
0
0
0
0
0.0355945
0.0355945
0.0355945
0.0355945
0.0355945
0
0
0
0
0
0
0
0
0
0
0
0
0.0573674
0.0573674
0
0
0.0341054
0.0341054
0.0341054
0
0
0
0
0
0
0
0
0.0484197
0
0
0
0
0
0
0
0
0
0.0498888
0
0
0
0.0556384
0
0
0
0.0556384
0.0556384
0.0506648
0.0506648
0
0.0535178
0
0.0724931
0.45542
0
0.0556108
0
0
0
0
0
0
0.0326736
0.0326736
0.0326736
0.0326736
0.0326736
0.0326736
0.0326736
0.0326736
0.0326736
0.0326736
0.0326736
0.0326736
0.0326736
0.0326736
0.0326736
0.0488449
0.0488449
0.0488449
0.0488449
0.0488449
0.0488449
0.0488449
0.0488449
0.0488449
0.0488449
0
0.0326736
0.0326736
0
0.0180208
0
0.0180208
0
0.0180208
0.0180208
0
0
0.0180208
0.0364394
0
0.0364394
0
0.0364394
0.0364394
0
0
0.0364394
0
0
0
0
0.0326736
0
0
0
0
0
0
0
0.0550244
0.0550244
0.0550244
0
0.0512893
0.0779174
0.0779174
0.0779174
0.0351643
0.0351643
0
0.0351643
0.0779174
0.0779174
0.0779174
0.0779174
0.0779174
0.0798087
0
0
0
0.0326736
0.0540287
0.0543469
0.0543469
0
0
0
0
0
0
0.0326736
0.0326736
0.0326736
0
0.0326736
0.0326736
0.0326736
0.0326736
0.0326736
0.0326736
0.0326736
0.0326736
0.0326736
0
0.0326736
0
0.0326736
0.0326736
0.0326736
0.0326736
0.0326736
0.0326736
0
0.0326736
0.0326736
0.0326736
0.0326736
0.0326736
0.0648398
0
0
0
0.0326736
0
0.0326736
0.0548821
0.0548821
0.270031
0.270031
0.0548821
0.270031
0.270031
0.274352
1
0
0
0
0
0
0.0544504
0.0544504
0.0544504
0.0545893
0
0.168687
0.169031
0.169725
0.169725
0.169031
0
0.169031
0
0
0
0
0
0
0
0
0
0
0
0
0.0326736
0.0680414
0.0490712
0.0490712
0
0.0490712
0
0
0
0
0
0
0
0
0
0
0
0
0
0
0
0
0
0
0
0
0
0
0
0
0
0
0
0
0
0
0
0
0
0
0
0
0
0
0
0
0
0
0
0
0
0
0
0
0
0
0
0
0
0
0
0
0
0
0
0
0
0
0
0
0
0
0
0
0
0
0
0
0
0
0
0
0
0
0
0
0
0.0326736
0.0326736
0.0326736
0.0326736
0.0326736
0
0
0
0
0
0
0
0
0
0
0
0
0
0
0
0
0
0
0
0
0
0
0
0
0
0
0
0
0
0.0549887
0
0
0
0
0
0
0
0
0
0
0
0
0
0
0
0
0
0
0
0
0
0
0
0
0
0
0
0
0
0
0
0
0
0
0
0
0
0
0
0
0
0.0538605
0.0785328
0
0
0
0
0
0
0
0
0
0
0
0.0326736
0.0326736
0.0326736
0.0326736
0.0326736
0.0553001
0
0
0
0
0
0
0.0326736
0.0326736
0.0326736
0.0326736
0
0
0
0
0
0
0
0
0
0
0
0
0.0326736
0.0493435
0.0493435
0.0493435
0.050637
0.0493435
0.0493435
0.0493435
0.0493435
0.0493435
0.0493435
0.0493435
0.0493435
0.264575
0.264575
0.264575
0.264575
0.0493435
0.763763
0.0493435
0.0506462
0.0506462
0.0493435
0
0
0
0
0
0
0
0
0
0
0
0
0
0
0
0
0
0
0
0
0
0
0
0
0
0
0
0
0
0
0.0326736
0.0326736
0.0326736
0.0326736
0.0326736
0.0326736
0.0326736
0.0326736
0.0326736
0.0326736
0.0326736
0.0326736
0.0326736
0.0326736
0.0333625
0.0333864
0
0.0333864
0.0333864
0.0333864
0
0
0
0
0
0
0
0
0
0
0
0
0
0
0
0
0
0
0
0
0
0
0
0
0
0
0
0
0
0
0
0
0
0
0
0
0
0
0
0
0
0
0
0
0
0
0
0
0
0
0
0
0.0326736
0.0326736
0
0.033389
0.0326736
0.0326736
0.0326736
0.0326736
0.0326736
0.0326736
0.0331263
0.0331263
0
0.0326736
0.0326736
0
0.0326736
0.0545893
0.0326736
0
0.0326736
0.0326736
0.0326736
0.0795198
0
0
0
0.0326736
0.121141
0.121141
0.131468
0
0
0.0326736
0
0.0326736
0.0326736
0.0326736
0.0326736
0
0.0326736
0.0326736
0.0326736
0.0326736
0.0326736
0.0326736
0.0326736
0.0326736
0
0.0326736
0.0493349
0.0493349
0.0493349
0.0493349
0.0493349
0.0502519
0.0502519
0.0493349
0
0
0
0
0
0
0
0
0
0
0
0
0
0
0
0
0
0
0
0
0
0
0
0
0
0
0
0
0.0326736
0.0326736
0.0326736
0.0326736
0.0326736
0.0326736
0.0326736
0.0326736
0.0326736
0.0326736
0.0326736
0.0326736
0.0326736
0.0326736
0.0326736
0.0326736
0.0326736
0.0326736
0.0326736
0
0
0
0.050637
0.0547644
0.0326736
0.0326736
0.0326736
0.0326736
0.0326736
0.0326736
0.0326736
0.0326736
0.0326736
0.0326736
0.0326736
0.0326736
0.0326736
0.0326736
0.0326736
0.0326736
0.0326736
0.0326736
0.0326736
0.0326736
0.0326736
0.0326736
0.0326736
0.0326736
0.0326736
0.0326736
0.0326736
0.0326736
0.0326736
0.0326736
0.0326736
0.0326736
0.0326736
0.0326736
0.0326736
0.0326736
0.0326736
0.0326736
0.0326736
0.0326736
0.0326736
0.0326736
0.0326736
0.0326736
0.0326736
0.0326736
0.0326736
0.0326736
0.0326736
0.0326736
0.0326736
0.0326736
0.0326736
0.0326736
0.0326736
0.0326736
0.0326736
0.0326736
0.0326736
0.0326736
0.0326736
0.0326736
0.0326736
0.0326736
0.0326736
0.0326736
0.0326736
0.0326736
0.0326736
0.0326736
0.0326736
0.0326736
0.0326736
0.0326736
0.0326736
0.0326736
0.0326736
0.0326736
0.0326736
0.0326736
0.0326736
0.0326736
0.0326736
0.0326736
0.0326736
0.0326736
0.0326736
0.0326736
0.0326736
0.0326736
0.0326736
0.0326736
0.0326736
0.0326736
0.0326736
0.0326736
0.0326736
0.0326736
0.0326736
0.0326736
0.0326736
0.0326736
0.0326736
0.0326736
0.0326736
0.0326736
0.0326736
0.0326736
0.0326736
0.0326736
0.0326736
0.0326736
0.0326736
0.0326736
0.0326736
0.0326736
0.0326736
0.0326736
0.0326736
0.0326736
0.0326736
0.0326736
0.0326736
0.0326736
0.0326736
0.0326736
0.0326736
0.0326736
0.0326736
0.0326736
0.0326736
0.0326736
0.0326736
0.0326736
0.0326736
0.0326736
0.0326736
0.0326736
0.0326736
0.0326736
0.0326736
0.0326736
0.0326736
0.0326736
0.0326736
0.0326736
0.0326736
0.0326736
0.0326736
0.0326736
0.0326736
0.0326736
0.0326736
0.0326736
0.0326736
0.0326736
0.0326736
0.0326736
0.0326736
0.0326736
0.0326736
0.0326736
0.0326736
0.0326736
0.0326736
0.0326736
0.0326736
0.0326736
0
0
0.0326736
0.0326736
0.0326736
0.0326736
0.0326736
0.0326736
0.0326736
0.0326736
0.0326736
0.0326736
0.0326736
0.0326736
0.0326736
0.0326736
0.0326736
0.0326736
0.0326736
0.0326736
0.0326736
0
0.0881428
0
0
0
0.0326736
0
0
0
0
0
0
0
0
0
0
0
0.100341
0.107743
0.107743
0.107743
0.109179
0.109179
0
0.109388
0
0
0
0
0
0
0
0
0
0
0
0
0
0
0
0
0
0
0
0
0
0
0
0
0
0
0
0
0
0
0
0.144553
0
0
0.169725
0.169725
0
0.0539837
0
0.0539837
0.0539837
0
0
0
0
0
0
0
0.0475575
0.0475575
0
0.0475575
0.0326736
0.0326736
0.0326736
0.0519976
0.0519976
0.184787
0.184787
0.184787
0.0519976
0
0
0
0.050637
0.193476
0.193476
0.050637
0.050637
0.050637
0.050637
0.050637
0
0
0
0
0.050637
0.0326736
0.0326736
0
0.0546592
0
0.0547644
0.0333598
0
0.0326736
0.0326736
0.0326736
0.0326736
0.0506092
0.0506092
0.0506092
0.0506092
0
0.0326736
0.0326736
0
0
0
0.0326736
0.0326736
0
0
0
0
0
0
0
0.0326736
0.0326736
0.0326736
0.0326736
0.0326736
0.0326736
0.0326736
0.0326736
0.0326736
0.0326736
0.0326736
0.0326736
0.0326736
0
0
0
0.0326736
0.0326736
0
0
0
0
0
0
0
0
0
0
0
0
0
0
0
0
0
0
0
0.0529574
0.065372
0
0
0
0
0
0
0
0
0
0.0517285
0
0
0
0.0517285
0
0
0
0
0
0
0
0.0517285
0
0.0562544
0
0
0
0
0
0
0
0
0
0
0
0
0
0
0
0.0520177
0.0520177
0
0.0520177
0.0547644
0.0547644
0
0
0
0
0
0.0547644
0
0
0
0
0
0
0
0
0
0
0
0
0
0
0
0
0
0
0
0
0
0
0
0
0
0
0
0
0
0
0
0
0
0
0
0
0
0
0
0
0
0
0
0
0
0
0
0
0
0
0.0528939
0.0528939
0
0
0.0528939
0.0512893
0.0512893
0
0
0
0
0
0
0
0
0
0
0
0
0
0
0
0
0.0517088
0.0517088
0.0517088
0.0517088
0
0
0
0
0
0
0
0.0517088
0.0517088
0.0517088
0.0517088
0.0521691
0.0517088
0
0
0
0
0
0
0
0
0.0373085
0.0373085
0.0373085
0.0373085
0.0373085
0.0373085
0.0373085
0.0373085
0.0373085
0.0373085
0.0373085
0.0373085
0
0
0
0
0
0
0.0468734
0
0.0536939
0
0.0594438
0
0
0
0
0.0515711
0.0506834
0.0538382
0
0.0777826
0.0777826
0.0777826
0.0506555
0.0506555
0.0506555
0.0509081
0
0
0
0
0
0
0
0
0
0
0
0
0
0.112407
0.0554213
0.0554213
0
0.0396749
0.0369502
0.0396749
0.0396749
0.0396749
0.0396749
0.0396749
0.0396749
0.0396749
0.0369502
0.0369502
0.0369502
0.0369502
0.0369502
0.0369502
0.0369502
0.0369502
0.0506555
0
0.0998574
0.0452878
0.0372604
0
0
0
0
0.0506462
0
0
0
0
0
0
0
0.0379751
0.0373085
0.0373085
0.0373085
0.0373085
0.0373085
0
0
0
0
0.0511836
0
0.038288
0.038288
0.0385431
0.0415586
0.0447918
0.0428073
0
0
0
0.0377157
0.0377157
0.0527885
0.0377195
0
0.0377195
0.0448175
0
0
0
0
0
0.0374691
0.0376736
0.0506555
0
0
0
0
0
0
0
0
0
0
0
0
0
0
0
0
0
0
0
0
0
0
0
0
0
0
0
0
0
0
0
0
0
0
0
0
0
0
0
0
0
0
0
0
0
0
0
0
0
0
0
0
0
0
0
0
0
0
0
0
0
0
0
0
0
0
0
0
0
0
0
0
0
0
0
0
0
0
0
0
0
0
0
0
0
0
0
0
0
0
0
0
0
0
0
0
0
0
0
0
0
0
0
0
0
0
0
0
0
0
0
0
0
0
0
0
0
0
0
0
0
0
0
0.0343141
0.0343141
0
0
0.0343141
0.0343141
0.0343141
0.0343141
0.0343141
0.0343141
0.0343141
0.0343141
0.0343141
0.0343141
0.0343141
0.0343141
0.0343141
0.0343141
0
0
0
0.0343141
0.0343141
0.0343141
0.0343141
0.0343141
0
0
0
0
0
0
0.0343141
0.0343141
0
0
0
0
0
0
0
0
0
0
0
0
0
0
0
0
0
0
0
0
0
0
0
0
0
0
0
0
0
0
0
0
0
0
0
0
0
0
0
0
0
0
0
0
0
0
0
0
0
0.0482403
0
0.0482403
0
0
0
0
0
0
0
0.0332779
0.0332779
0.0332779
0
0.0343141
0
0
0
0
0
0
0
0
0
0
0
0
0
0
0
0
0
0
0
0
0
0
0
0
0
0
0
0
0
0
0
0
0.0341111
0.0341111
0.0341111
0.0341111
0.0341111
0.0341111
0
0.0341111
0.0341111
0
0
0
0
0
0
0
0
0
0
0
0
0
0
0
0
0
0.0343141
0
0
0.0341111
0.0341111
0
0.0341111
0.0341111
0
0
0.0341593
0.0479621
0.0343141
0.0343141
0
0
0
0
0
0
0
0
0
0
0
0
0
0
0
0
0
0
0
0
0
0
0
0
0
0
0
0
0
0
0
0
0
0
0
0
0
0
0
0
0
0
0
0
0
0
0
0
0
0
0
0
0
0
0
0
0.0341111
0
0
0
0
0
0.0341111
0.0341111
0.0341111
0.0341111
0.0341111
0
0
0
0
0
0
0.0341111
0
0
0
0
0
0
0
0
0
0
0
0
0
0
0
0
0
0
0
0
0
0
0
0
0
0
0
0
0
0
0
0
0
0
0
0
0
0
0
0
0
0
0
0
0
0
0
0
0
0
0
0
0
0
0
0
0
0
0
0
0
0
0
0
0
0
0
0
0
0
0
0
0
0
0
0
0
0
0
0
0
0
0
0
0
0
0
0
0
0
0
0
0
0
0
0
0
0
0
0
0
0
0
0
0
0
0
0
0
0
0
0
0
0
0
0
0
0
0
0
0
0
0.0341111
0
0
0
0.0341111
0.0341111
0.0341111
0.0341111
0.0341111
0.0341111
0
0
0
0.0341111
0.0341309
0.0341309
0.0341309
0.0341111
0
0
0
0.0506555
0.0506555
0.0506555
0.0506555
0.0506555
0.0506555
0.0506555
0.0506555
0.0506555
0.0506555
0.0506555
0.0506555
0
0
0
0
0
0.0506555
0.0506555
0.0506555
0.0506555
0.0506555
0.0506555
0.0506555
0
0.0506555
0.0506555
0.0513762
0.0513762
0.0513762
0.0513762
0.0559267
0.0559267
0.0559267
0.130032
0.130032
0
0.130189
0.130505
0.130032
0.130347
0.130347
0.0559267
0.0559267
0.0559267
0
0.0559267
0.0506555
0.0506555
0.0506555
0.0506555
0
0.0506555
0.0506555
0.0506555
0.0506555
0.0506555
0.0506555
0.0506555
0.0506555
0.0506555
0.0506555
0.0506555
0.0506555
0.0506555
0
0
0
0
0
0
0
0
0
0
0
0
0
0
0
0
0
0
0
0
0
0
0
0
0
0
0
0
0
0
0
0.0506555
0.0506555
0.0506555
0.0506555
0.0532139
0.0532139
0.0510121
0.0510121
0.0532678
0.0532678
0
0
0
0
0
0
0
0
0.0556108
0.0556108
0.111209
0.111209
0
0
0
0
0
0
0
0
0
0
0
0
0
0
0
0
0
0
0
0
0
0
0
0
0
0
0.0520277
0.0520277
0
0
0
0
0
0.0529574
0.0529574
0
0
0.096225
0.0506555
0.0506555
0.0506555
0.0191045
0.0191045
0
0.0191045
0.0506555
0
0
0
0
0
0
0
0
0
0
0
0
0
0
0
0
0
0
0.0532139
0.0532139
0.0532139
0.0532139
0.0532139
0.0532139
0.0532139
0.0532139
0.0518177
0.0518177
0.0642635
0.0642635
0.0642635
0.0642635
0
0.0642635
0.0642635
0
0
0
0.0541644
0.0541644
0.0541757
0.0541644
0.0541644
0.0518177
0.0541644
0.0541644
0.0541644
0.0541644
0.0541644
0
0.0541644
0
0
0.0541757
0
0.0546358
0.123493
0.142031
0
0.151994
0
0
0
0.0546358
0
0
0
0
0.0538717
0.0538717
0.0538717
0.0538717
0.0538717
0
0
0.0543813
0.0510121
0.0510121
0.0510121
0.0510121
0.0661645
0.0661645
0.0661645
0.0512989
0.0512989
0.0514442
0.0514442
0.0514442
0.0514442
0.120014
0.120014
0
0.0514442
0.0514831
0.0514831
0
0.0512989
0.0512989
0
0
0
0
0
0
0
0
0
0
0
0
0
0
0
0
0
0
0
0
0
0
0
0
0
0
0
0
0
0
0
0
0
0
0
0
0
0
0
0
0
0
0
0
0
0
0
0
0
0
0
0
0
0
0
0
0
0
0
0
0
0
0
0
0
0
0
0
0
0
0
0.0556108
0.0556108
0.0556108
0.0556108
0
0
0
0
0
0.0556108
0.0556108
0.0556108
0.0556108
0.0556108
0.0556108
0.0564012
0
0
0
0
0
0
0
0
0
0
0
0
0
0
0
0
0
0
0
0
0
0.0761545
0.0761545
0
0.0761545
0.0761545
0.0761545
0.0761545
0.0761545
0.0762176
0
0
0
0
0
0.0761545
0.0761545
0.0761545
0.0343026
0.0708373
0
0
0
0
0
0
0
0
0
0
0.0533029
0
0
0
0
0
0
0
0
0
0
0
0
0
0
0
0
0
0
0
0
0
0
0
0
0
0
0
0
0
0
0
0
0
0
0
0
0
0
0
0
0
0
0
0
0
0
0
0
0
0
0
0
0.0761545
0.0767934
0
0
0
0
0
0
0
0
0.111209
0.111209
0.111209
0.111209
0.111209
0.111308
0.111308
0
0.111903
0.111903
0
0.111903
0.115142
0.115142
0.111209
0.111209
0
0.0509742
0.0509742
0.0509742
0
0
0
0
0
0
0
0.0532678
0.0532678
0.0532678
0.0532678
0.0532678
0
0
0
0
0.0532139
0.053257
0.053257
0.053257
0
0.0532139
0.0532678
0.0532678
0.0532678
0.0532678
0.0532678
0
0
0
0
0
0
0.0532678
0.0542212
0.0542212
0.0546942
0.0532678
0.0992933
0.0992933
0
0.0532678
0.0779512
0.0535288
0
0.0535288
0
0
0
0
0
0
0
0
0
0
0
0
0
0
0
0
0
0
0
0
0
0
0
0
0
0
0
0
0
0
0
0
0
0
0
0
0
0
0
0
0.0736638
0.0513569
0.0513569
0.100667
0.0513665
0.0485663
0.0506555
0
0
0
0.0341309
0.0341309
0.0341309
0.0341309
0.0341309
0.0341309
0.0341309
0
0
0
0
0
0
0
0
0
0
0
0
0
0
0
0
0
0
0
0
0
0
0
0
0
0
0
0
0.0341309
0.0341309
0.0341309
0.0341309
0.0341309
0.0341309
0
0
0
0
0
0
0
0
0
0
0
0
0
0
0
0
0
0
0
0
0
0
0
0
0
0
0
0
0
0
0
0
0
0
0
0
0
0
0
0
0
0
0
0
0
0
0
0
0
0.0341224
0
0.034436
0.034436
0.0341224
0.0341224
0.0341224
0.0341224
0.0341224
0.0341224
0.0341224
0.0341224
0.0341224
0.0341224
0.0341224
0.0341224
0.0341224
0.0341224
0.0341224
0.0341224
0.0341224
0.0341224
0.0341224
0.0341224
0.0341224
0.0341224
0.0341224
0.0341224
0.0341224
0.0341224
0
0
0
0.0341224
0.0341224
0.0341224
0.0341224
0.0341224
0.0341224
0.0341224
0.0341224
0.0341224
0.0341224
0.0341281
0.0341281
0.0341281
0.0341309
0.0341309
0.0341281
0.0341281
0.0341309
0.0344389
0
0
0
0.0341281
0.0359045
0
0
0
0
0.0341281
0
0.0341281
0
0.0341281
0.0341281
0.0341281
0.0341281
0.0341281
0.0520277
0.0341281
0.0341281
0
0
0
0
0
0
0
0
0
0
0
0
0
0
0
0
0
0
0
0
0
0
0
0
0
0
0
0
0
0
0
0
0
0
0
0
0
0
0
0
0
0
0
0
0
0
0
0
0
0
0
0
0
0
0
0
0
0
0
0
0
0
0
0
0
0
0
0
0
0
0
0
0
0
0
0
0
0
0
0
0
0
0
0
0
0
0
0
0
0
0
0
0
0
0
0
0
0
0
0
0
0
0
0
0
0
0
0
0
0
0
0
0
0
0
0
0
0
0
0
0
0
0
0
0
0
0
0
0
0
0
0
0
0
0
0
0
0
0
0
0
0
0
0
0
0
0
0
0
0
0
0
0
0
0
0
0
0
0
0
0
0
0
0
0
0
0
0
0
0
0
0
0
0
0
0
0
0
0
0
0
0
0
0
0
0
0
0
0
0
0
0
0
0
0
0
0
0
0
0
0
0
0
0
0
0
0
0
0
0
0
0
0
0
0
0
0
0
0
0
0
0
0
0
0
0
0
0
0.0346005
0.0234615
0
0
0
0
0
0
0
0
0
0.0370407
0
0
0
0
0
0
0
0
0
0
0
0
0
0
0
0
0
0
0.0343141
0.0343141
0
0
0
0
0
0
0
0
0
0
0
0
0
0
0
0
0
0
0
0
0
0
0
0
0
0
0
0
0
0
0
0
0
0
0
0
0.0941912
0
0.0349215
0.0349215
0.0349215
0
0
0
0
0
0
0
0
0
0
0
0
0
0
0
0
0
0
0
0
0
0
0
0
0
0
0
0
0
0
0
0
0.050637
0.050637
0.050637
0
0
0
0
0
0
0
0
0
0
0
0
0
0
0
0
0
0
0
0
0
0
0
0
0
0
0
0
0
0
0
0
0
0
0
0
0
0
0
0
0
0
0
0
0
0
0
0
0
0
0
0
0
0
0
0
0
0
0
0
0
0
0
0
0
0
0
0
0
0
0
0
0
0
0
0
0
0
0
0
0
0
0
0
0
0
0
0
0
0
0
0
0
0
0
0
0
0
0
0
0
0
0
0
0
0
0
0
0
0
0
0
0
0
0
0
0
0
0
0
0
0
0
0
0
0
0
0
0
0
0
0
0
0
0
0
0
0
0
0
0
0
0
0
0
0
0
0
0
0
0
0
0
0.0427625
0
0.0427625
0
0
0.137361
0.137361
0.137361
0.139443
0.137361
0.137361
0.0343141
0
0
0
0
0
0
0
0
0
0
0
0
0
0
0
0
0
0
0
0
0
0
0
0
0
0
0
0
0
0
0
0
0
0
0
0
0
0
0
0.0343401
0.0343401
0.0343401
0
0
0
0
0
0
0
0.0341224
0.0341224
0
0
0
0
0
0
0.038284
0.038284
0.038284
0.0343141
0
0
0
0
0.0343141
0.0343141
0.0343141
0
0
0.0352987
0.0352987
0
0
0
0.0343141
0.0343141
0
0.0341224
0.0655323
0.0655323
0.0655323
0.0655323
0
0.0655323
0.0671805
0
0.0671805
0.0655323
0
0
0
0
0
0
0
0.0345444
0.165928
0.0343401
0
0
0
0
0
0
0
0
0
0
0
0
0
0
0
0
0
0
0
0
0
0
0
0
0
0
0
0
0
0
0
0
0
0.0540174
0
0
0
0
0
0
0
0
0
0
0
0
0
0
0
0
0
0
0
0
0
0
0
0
0
0
0
0
0
0
0
0
0
0
0
0
0
0
0
0
0
0
0
0
0
0
0
0
0
0
0
0
0
0
0
0
0
0
0
0
0
0
0
0
0
0
0
0
0
0
0
0
0
0
0
0
0
0
0
0
0
0
0
0
0
0
0
0
0
0
0
0
0
0
0
0
0
0
0
0
0
0
0
0
0
0
0
0
0
0
0
0
0
0
0
0
0.0343141
0
0
0
0
0
0
0.0341224
0.0341224
0
0
0
0
0
0
0
0
0
0
0
0
0
0
0
0
0
0
0
0
0
0
0.0341224
0
0
0
0.0341111
0.0341111
0.0341111
0
0
0
0
0
0
0
0
0
0
0
0
0
0
0
0
0
0
0
0
0
0
0
0
0
0.0341224
0.0341224
0.0341224
0.0341224
0.0341224
0.0341224
0.0341224
0.0341224
0.0341224
0.0341224
0.0341224
0.0341224
0.0341224
0.0341224
0.0341224
0.0341224
0.0341224
0.0341224
0.0341224
0.0341224
0.0341224
0.0341224
0.0341224
0.0341224
0
0
0
0
0.0341224
0
0
0
0
0
0
0.0505999
0
0
0
0
0
0
0
0.0491983
0.0504158
0.0504158
0.0504158
0.0506555
0
0
0
0
0
0
0
0
0.0499732
0.0499732
0.0499732
0.0499732
0.0499732
0.0499732
0.0499732
0.0499732
0.0499732
0.0499732
0.0499732
0.0499732
0.0499732
0.0499732
0.0499732
0.0505814
0
0.0499732
0.0688195
0.0688195
0.0688195
0.0688195
0.0688195
0.0539725
0.0539725
0.150756
0.175219
0.150756
0.0539725
0
0
0
0.0504892
0
0
0
0
0.0511836
0
0.0499732
0.0499732
0
0
0
0.0499732
0
0
0
0
0
0
0
0
0
0
0
0
0
0
0
0
0
0
0
0
0
0
0.0505722
0.0505722
0.0506184
0.0505722
0.0505722
0.0505722
0.0505722
0
0.0505814
0.0506555
0
0
0
0
0
0
0
0
0
0
0
0
0
0
0
0
0
0
0
0
0
0
0
0
0
0
0
0
0
0
0
0
0
0
0
0
0.0505907
0
0
0.0343401
0.0343401
0.0343401
0.0343401
0.0343401
0.0343401
0
0
0
0.0343401
0
0.0343401
0
0.0343401
0.0343401
0.0343401
0
0
0
0
0
0
0
0
0
0
0
0
0
0
0
0
0
0
0
0
0
0
0
0.0341082
0.0341082
0.0341082
0.0341082
0.0341082
0
0
0
0
0
0
0
0
0
0
0
0
0
0
0
0
0
0
0
0
0.0341111
0.0341111
0.0341111
0.0341111
0.0341111
0.0341111
0.0341111
0.0341111
0.0341111
0.0341111
0.0341111
0.0341111
0.0341111
0.0341111
0.0341111
0.0341111
0.0341111
0.0341111
0.0341111
0.0341111
0.0341111
0.0341111
0.0341111
0.0341111
0.0341111
0.0341111
0.0341111
0.0341111
0.0341111
0.0341111
0.0341111
0.0341111
0.0341111
0.0341111
0.0341111
0.0341111
0.0341111
0.0341111
0.0341111
0.0341111
0.0341111
0.0341111
0.0341111
0.0341111
0.0341111
0.0341111
0.0341111
0.0341111
0.0341111
0.0341111
0.0341111
0.0341111
0.0341111
0.0341111
0.0341111
0.0341111
0.0341111
0.0341111
0.0341111
0.0341111
0.0341111
0.0341111
0.0341111
0.0341111
0.0341111
0.0341111
0.0341111
0.0341111
0.0341111
0.0341111
0.0341111
0.0341111
0.0341111
0.0341111
0.0341111
0.0341111
0.0341111
0.0341111
0.0341111
0.0341111
0.0341111
0.0341111
0.0341111
0.0341111
0.0341111
0.0341111
0.0341111
0.0341111
0.0341111
0.0341111
0.0341111
0.0341111
0.0341111
0.0341111
0.0341111
0.0341111
0.0341111
0.0341111
0.0341111
0.0341111
0.0341111
0.0341111
0.0341111
0.0341111
0.0341111
0.0341111
0.0341111
0.0341111
0.0341111
0.0341111
0.0341111
0.0341111
0.0341111
0.0341111
0.0341111
0.0341111
0.0341111
0.0341111
0.0341111
0.0341111
0.0341111
0.0341111
0.0341111
0.0341111
0.0341111
0.0341111
0.0341111
0.0341111
0.0341111
0.0341111
0.0341111
0.0341111
0.0341111
0.0341111
0.0341111
0.0341111
0.0341111
0.0341111
0.0341111
0.0341111
0.0341111
0
0
0
0
0
0
0
0
0
0
0
0
0
0
0
0
0
0
0
0
0
0
0
0
0
0
0
0
0
0
0
0
0
0
0
0
0
0
0
0
0
0
0
0
0
0
0
0
0
0
0
0
0
0
0
0
0
0
0
0
0
0
0
0
0
0
0
0
0
0
0
0
0
0
0
0
0
0
0
0
0
0
0
0
0
0
0
0
0
0
0
0
0
0
0
0.0341281
0
0.0342136
0.0342136
0.0341281
0
0
0
0
0.0342079
0.0342079
0
0
0
0
0
0
0
0
0
0
0
0
0
0
0
0
0
0
0
0
0
0
0
0
0
0
0
0
0
0
0
0
0
0
0
0
0
0
0
0
0
0
0
0
0
0
0
0
0
0
0
0
0
0
0
0
0
0
0
0
0
0
0
0
0
0
0
0
0
0.0341309
0
0
0
0
0
0
0
0
0
0
0
0.0350931
0.0350931
0.038284
0
0
0
0
0
0
0
0
0
0
0
0
0
0
0
0
0
0
0
0
0
0
0
0
0
0.0350009
0.0350009
0.0350009
0.0341281
0
0
0
0
0
0
0
0
0
0
0
0
0
0
0
0
0
0
0
0
0
0
0
0
0
0
0
0
0
0
0
0
0
0
0
0
0
0
0
0
0
0
0
0
0
0
0
0
0
0
0
0
0
0
0
0
0
0
0
0
0
0
0
0
0
0
0
0
0
0
0
0
0
0
0
0
0
0
0
0
0
0
0
0
0
0
0
0
0
0
0
0
0
0
0
0
0
0
0
0
0
0
0
0
0
0
0
0
0
0
0
0
0
0
0
0
0
0
0
0
0
0
0
0
0
0
0
0
0
0
0
0
0
0
0
0
0
0
0
0
0
0
0
0
0
0
0
0
0
0
0
0
0
0
0
0
0
0
0
0
0
0
0
0
0
0
0
0
0
0
0
0
0
0
0
0
0
0
0
0
0
0
0
0
0
0
0
0
0
0
0
0
0
0
0
0
0
0
0
0
0
0
0
0
0
0
0
0
0
0
0
0
0
0
0
0
0
0
0
0
0
0
0
0
0
0
0
0
0
0
0
0
0
0
0
0
0
0
0
0
0
0
0
0
0
0
0
0.0530531
0.0530531
0.0530531
0.0353759
0
0
0.0353759
0.0353759
0.0353759
0.0353759
0
0
0
0
0
0.0353759
0.0354329
0
0.0354329
0.0355768
0.0355262
0.0355262
0.0355407
0.0355262
0.0355262
0
0.0355262
0.0523091
0.0362619
0.0362619
0
0.0364239
0.0364239
0.0363774
0.0364706
0.0364706
0.0365645
0.0364706
0
0
0
0
0
0
0
0
0.0353759
0.0358996
0.0359219
0.0365724
0.0370616
0.0370616
0.0370616
0
0
0
0
0.0359219
0.0531709
0.0531709
0.0531709
0.0531709
0.0531709
0.0531709
0.0531709
0.0531709
0.0531709
0.0531709
0.0531709
0.0531709
0.0531709
0.0531709
0.0531709
0.0531709
0.0531709
0
0
0.0910166
0.0910166
0.0341224
0.0341224
0.0341224
0.0341224
0.0341224
0.0341224
0.0341224
0.0341224
0.0341224
0.0341224
0.0341224
0.0341224
0.0341224
0.0341224
0.0341224
0.0341224
0.0341224
0.0341224
0.0341224
0.0341224
0.0341224
0.0341224
0.0341224
0.0341224
0.0341224
0.0341224
0.0341224
0.0341224
0.0341224
0.0341224
0.0341224
0.0341224
0.0341224
0
0
0.0531709
0.0531709
0.0531709
0.0531709
0.0531709
0.0531709
0
0.0531709
0.0354544
0.0543469
0.0543469
0.0543469
0.0543469
0.0543469
0.0543469
0.0543469
0.0543469
0.0543469
0.0362389
0.0531709
0.0531709
0.0531709
0.0531709
0.0354544
0
0.0354544
0.0354544
0.0531709
0.0532786
0.0532786
0
0
0
0.0532786
0.0531709
0.187552
0.19558
0.187552
0.0531709
0.0531709
0.0536387
0.0536387
0.0536387
0
0.0531709
0.0531709
0.0531709
0.0986013
0.0986013
0.0986013
0.0986013
0.0986013
0.143066
0.053257
0.053257
0.0536387
0.0536387
0
0
0
0
0
0
0
0
0.0869448
0.0869448
0.0545313
0.0545313
0
0
0
0
0
0
0
0.0546708
0.0546708
0.0546708
0
0
0
0.0551318
0.0551318
0.0551318
0.114816
0.114816
0.0577144
0.0577144
0.0577144
0
0
0
0
0
0
0
0
0
0
0
0
0
0
0
0
0
0
0
0
0
0
0
0
0
0
0
0
0
0
0
0
0
0
0
0
0
0
0
0
0
0
0
0
0
0
0
0
0
0
0
0
0
0
0
0
0
0
0
0
0
0
0
0
0
0
0
0
0
0
0
0
0
0
0
0
0.0549413
0.0549413
0.0549413
0
0
0
0
0
0
0
0
0
0
0
0
0
0
0
0.0536387
0.0536387
0.0532786
0.0532786
0
0
0
0
0
0
0
0
0
0
0
0
0
0
0
0
0
0
0
0.0531709
0.0531709
0.0534959
0.0531709
0.0531709
0
0
0
0.0534959
0.0534959
0
0.0534959
0.114386
0
0.114386
0.0534959
0.0534959
0.0549413
0.0549413
0.0549413
0.0549413
0.0550601
0.0550601
0.0550601
0.0550601
0.0550601
0
0
0
0.0550601
0.0550601
0.0550601
0
0
0
0
0
0
0
0
0
0.0550601
0.0550601
0.0550601
0.0558146
0.0558146
0
0
0
0.112713
0.0996448
0.0996448
0.102598
0.102598
0.102598
0.120386
0.169031
0
0
0
0
0
0
0
0
0
0
0.0550244
0.0550363
0.0550363
0.0550363
0.0550363
0.0550363
0
0
0.0550244
0.0550601
0
0
0
0
0
0
0
0
0.0550601
0
0
0
0
0
0
0
0
0
0
0
0
0
0
0
0
0
0
0
0
0
0
0
0
0.0557278
0.0557278
0.0557278
0
0.0557773
0
0
0
0
0
0
0
0
0
0
0
0
0
0
0
0
0
0
0
0
0
0
0
0
0
0
0
0
0
0
0
0
0
0
0
0
0
0
0
0
0
0
0
0
0
0
0
0
0
0
0
0
0
0
0
0
0
0
0
0
0
0
0
0
0
0
0.053257
0.053257
0.0534087
0.053716
0.053716
0.090364
0.090364
0.090364
0
0
0
0.053716
0.053716
0.0546708
0.0546708
0.0546708
0.0546708
0
0.0546708
0.0546708
0.0546708
0.0546708
0.0546708
0.0546708
0.0852581
0.0852581
0.0852581
0.0856594
0.0948243
0
0.0956573
0
0.0546708
0.0950996
0.100341
0
0.0950996
0.0956573
0.0956573
0.213896
0
0
0
0
0
0
0
0
0.0551318
0.0551318
0.0551318
0.0551318
0.0551318
0.0701123
0.0701123
0.0701123
0.0701123
0.0701123
0.0702357
0.0701123
0.0701123
0
0.0860663
0.0551318
0.0551318
0.114816
0.114816
0.114816
0.11844
0.11844
0.11928
0.11928
0
0.11844
0
0
0.114816
0
0
0
0
0
0
0
0
0
0
0
0
0.0536387
0.0536387
0.0536387
0.0550006
0.0550006
0
0.0550006
0.0197203
0.0197203
0
0.0197203
0
0.0550006
0.270031
0.270031
0.270031
0.270031
0.270031
1
0.270031
0
0.270031
1
0.270031
0.0550006
0.0550006
0.0680414
0
0
0
0.0680414
0
0
0
0
0
0
0
0.0536387
0.0577144
0.0577144
0.0577144
0
0
0
0.0578384
0
0
0
0
0
0
0
0
0
0
0
0
0.166667
0.0578384
0.0779174
0.0779174
0.0779174
0.0779174
0.0779174
0.0779174
0.0779174
0
0
0
0
0
0.0779174
0.0779174
0.0779174
0.0779174
0
0.0779174
0
0
0
0
0
0
0
0
0
0
0
0
0
0
0
0
0
0
0
0
0
0
0
0
0
0
0
0
0
0
0
0
0.0543813
0.0544043
0
0
0
0
0
0
0
0.0536056
0.0536056
0
0.0536056
0.0544043
0.0544043
0.0539164
0.0539164
0.0534196
0.0534196
0.0534196
0.019213
0.0197203
0.0197203
0.0197203
0.019213
0
0
0.0534196
0.0750738
0.0534196
0
0
0.0535288
0.0506555
0.0506555
0.050637
0.050637
0.050637
0.050637
0.050637
0.050637
0.050637
0.050637
0.050637
0.050637
0.050637
0.0341224
0.0341224
0.0341224
0.0341224
0.0341224
0.0341224
0.0341224
0.0341224
0.0506555
0.0506555
0.0506555
0.0506555
0.0506555
0.0506555
0.0506555
0.0506555
0.0506555
0.0506555
0.0506555
0.0506555
0.0506555
0.0513762
0.0513762
0.0513762
0.0513762
0.0506555
0.0506555
0.0506555
0.0559767
0.0559767
0.0559767
0.0559767
0.0559767
0.0807322
0.0559767
0.0506555
0.0506555
0.0506555
0
0
0
0
0
0
0
0
0
0
0
0
0
0
0
0
0
0
0
0
0
0
0
0
0.050637
0.050637
0.050637
0.050637
0.050637
0.050637
0.050637
0.050637
0.050637
0.050637
0.050637
0.050637
0.050637
0.050637
0.050637
0.050637
0.050637
0.050637
0.050637
0.050637
0.050637
0.050637
0.050637
0.050637
0.050637
0.050637
0.050637
0.050637
0.0513086
0.05127
0
0.0513762
0.0506555
0.0341111
0.0341111
0.0341111
0.0341111
0.0341224
0.0341224
0.034185
0.0341224
0
0
0
0
0
0
0
0
0
0
0
0
0
0
0
0
0
0
0.0341111
0.0341111
0.0341111
0.0341111
0
0
0
0
0
0
0
0
0.0341309
0
0
0
0
0
0
0
0
0
0
0
0
0
0
0
0
0
0
0
0
0
0
0
0
0
0
0
0
0
0
0
0
0.0343401
0.0343401
0.0343401
0
0.0343401
0.0343401
0.0321016
0.0321016
0.0373085
0.0343401
0
0
0
0
0
0
0.0321016
0.0321016
0.0321016
0.0397902
0.0321016
0
0.0321016
0.0373085
0.0373085
0
0
0
0.0373085
0
0
0
0
0.0481205
0
0.0343141
0.0343141
0.0343141
0.0343141
0.0343141
0.0343141
0.0343141
0.0343141
0.0343141
0.0343141
0
0
0
0.0343141
0.0343141
0
0
0
0.0343141
0.0343141
0.0343141
0.0343141
0.0343141
0
0
0.0343141
0
0.0343401
0.0343141
0.0343141
0
0
0.0341281
0.0341281
0.0341281
0.0341281
0.0341281
0.0341281
0.0621198
0.0621198
0.0674638
0.0674638
0.0674638
0.0674638
0.0674638
0.0991537
0.0674638
0.0677064
0.0674638
0
0
0
0.0674638
0.11536
0
0
0
0
0
0
0.0674638
0.0622228
0.0341281
0.0341111
0.0341111
0.0341111
0.0341111
0.0341111
0
0
0
0
0
0
0
0
0
0
0
0
0
0
0.0341111
0
0
0
0
0
0
0
0.0341224
0
0
0
0
0
0
0
0
0
0
0
0
0
0
0
0
0
0
0
0
0
0
0
0
0
0
0
0
0
0
0
0
0
0
0
0
0
0
0
0
0
0
0
0
0
0
0
0
0
0
0.0341224
0.0341224
0.0341224
0.0341224
0.0624652
0.0499732
0.0342193
0.0357632
0.0357632
0.0357828
0.0357632
0.0499732
0
0.0341082
0.0341082
0.0341082
0.0341082
0
0
0.0341111
0.0341111
0.0341111
0.0341111
0
0
0
0
0
0
0
0.0341082
0.0341082
0.0341082
0.0341082
0.0341082
0.0341111
0.0341111
0.0341111
0.0341111
0.0341111
0.0341111
0.0341111
0.0341111
0.0341111
0.0341111
0.0341111
0.0341111
0.0341111
0.0341111
0.0341111
0.0341111
0
0.0341082
0.0341082
0.0341082
0
0
0
0
0
0
0.0341224
0.0341224
0
0
0
0
0
0
0
0
0
0
0.0341224
0.0341224
0.0341224
0.0341224
0.0341224
0.0341224
0.0341224
0
0
0
0
0
0
0
0
0
0
0
0
0
0
0
0
0
0
0
0
0
0
0
0
0
0
0
0
0
0
0
0
0
0
0
0
0
0
0
0
0
0
0
0
0
0
0
0
0
0
0
0
0
0
0
0.0482805
0.0482805
0.0482805
0.0482805
0
0
0
0
0
0.0517582
0.0517582
0.0517582
0
0
0
0.0341224
0.0341224
0.0341224
0.0341224
0
0
0
0
0
0
0
0
0
0
0
0
0
0
0
0
0
0
0
0
0
0
0
0
0
0
0
0
0
0
0
0
0
0
0
0
0
0
0
0
0
0
0
0
0
0
0
0
0
0
0
0
0
0
0
0
0
0
0
0
0
0
0
0
0
0
0
0
0
0
0
0
0
0
0
0
0
0
0
0
0
0
0
0
0
0
0
0
0
0
0
0
0
0
0
0
0
0
0
0
0
0
0
0
0
0
0
0
0
0
0
0
0
0
0
0
0
0
0
0
0
0
0
0.0341224
0.0341224
0.0341224
0.0341224
0.0341224
0.0341224
0.0341224
0.0341224
0.0341224
0.0341224
0.0341224
0.0341224
0.0341224
0
0
0
0
0
0
0
0
0
0
0
0
0
0
0
0
0
0
0
0
0
0
0
0
0
0
0
0
0
0
0
0
0
0
0
0
0
0
0
0
0
0
0
0
0
0
0
0
0
0
0
0
0
0
0
0
0
0
0
0
0
0
0
0
0
0
0
0
0
0
0
0
0
0
0
0
0
0
0
0
0
0
0
0
0
0
0.0343141
0
0
0
0
0
0
0
0
0
0
0
0.0341224
0.0341224
0.0341224
0
0
0
0
0
0
0
0
0
0
0
0
0
0
0
0
0
0
0
0
0
0
0
0
0
0
0
0
0
0
0
0
0
0
0
0
0
0
0
0
0
0
0
0
0
0
0
0
0
0
0.0506462
0.0506462
0
0.0506462
0
0
0
0
0
0
0
0
0
0
0.0503884
0.0503884
0.0503884
0.0503884
0.0503884
0.0503884
0.0503884
0
0
0.0505076
0.0505076
0
0
0.0341054
0.0341054
0.0341054
0.0341054
0.0341054
0.0341054
0.0341054
0.0341054
0.0341054
0
0
0
0
0
0.0484197
0.0484197
0.0484197
0.0484197
0.0484197
0
0
0
0
0
0
0
0
0
0
0
0
0
0
0
0
0
0
0.0498489
0.0484197
0.0484197
0
0.0602866
0.0615958
0.0615958
0.0615958
0
0.0484197
0
0
0
0
0.0498888
0
0
0
0
0
0
0
0
0
0
0
0
0
0
0
0
0
0
0
0
0
0
0
0
0
0
0
0
0.0498688
0.0498688
0.0498688
0.0499888
0
0
0
0
0
0
0.45542
0.45542
0.0556108
0.0556108
0.0556108
0
0.0556108
0.0556108
0.0557495
0
0
0
0
0
0
0
0
0
0
0.0503884
0.0724931
0.0724931
0
0.0725476
0.102986
0
0
0
0
0
0
0
0
0
0
0
0
0
0
0
0
0
0
0
0
0
0
0
0
0
0
0
0
0
0
0
0
0
0
0
0
0
0
0
0
0
0
0
0
0
0
0
0
0
0
0
0
0
0
0
0
0
0
0
0
0
0
0.0341224
0
0
0
0
0
0
0
0
0
0
0
0
0
0.0341025
0
0
0
0
0
0
0
0
0.0484015
0
0
0
0
0
0
0
0
0
0
0.0499688
0
0
0
0.0556108
0
0
0.0556108
0.0506555
0
0.531816
0
0.0555831
0
0
0.0724659
0.102986
0
0
0
0
0
0
0
0
0
0
0
0
0
0
0
0
0
0
0
0
0
0.0341054
0
0
0
0
0
0
0
0
0
0
0
0
0
0
0
0
0
0
0
0
0
0
0
0.0341224
0
0
0
0
0
0
0
0
0
0
0
0
0
0
0
0
0
0
0
0
0
0
0
0
0
0
0
0
0
0
0
0
0
0
0
0
0
0
0
0
0.0341224
0.0341224
0.0341224
0.0341224
0.0341224
0.0341224
0.0341224
0.0341224
0.0341224
0.0341224
0.0341224
0
0
0
0
0
0
0
0
0
0
0
0
0
0
0
0.0341224
0.0341224
0
0
0
0
0
0
0
0
0
0
0
0
0
0
0
0
0
0
0
0.0506555
0.0506555
0.0506555
0.0506555
0.0506555
0.0506555
0.0538717
0.053894
0.0506555
0
0
0
0.0528411
0.0528516
0
0
0
0
0
0
0
0
0
0
0
0.0506555
0.0506555
0.0506555
0.0506555
0.0506555
0.0506555
0.0506555
0.0506555
0.0506555
0.0509269
0.0509269
0.0506555
0.0509269
0.0509269
0.0506555
0.0506555
0.0506555
0.0506555
0.0506555
0.0506555
0.0506555
0.0507486
0.0507486
0.0506555
0.0506555
0.0506555
0.0506555
0.0506555
0.0506555
0.054153
0.0506555
0.0506555
0.0506555
0.0506555
0.0506555
0.0556108
0.0556108
0.0556108
0.0513762
0.0559767
0.0513762
0.0536607
0.0532139
0.0532139
0.0544043
0
0
0.052968
0.052968
0.0532678
0
0.0506555
0
0
0
0
0.0506555
0.0506555
0
0
0
0
0.0529044
0.0529044
0.0830864
0.0830864
0
0
0
0
0
0
0
0
0
0
0.0506555
0
0
0
0
0
0
0
0
0
0
0
0
0
0
0
0
0
0
0
0
0
0
0
0
0
0
0
0
0
0
0
0
0
0
0
0
0
0
0
0
0
0
0
0.0526316
0.0526316
0.0526316
0.0188411
0.019145
0
0
0
0.0526316
0.0508798
0.0508798
0.0508798
0
0
0
0
0.052968
0.052968
0.052968
0
0
0
0
0
0.0529893
0.0529893
0.052968
0.0513762
0.0513762
0.0513762
0.0513762
0.0513762
0.0513762
0.0513762
0.054153
0.0513762
0.052968
0.052968
0.052968
0
0.052968
0.052968
0.0550959
0.0563436
0
0
0
0.05127
0.05127
0
0
0
0
0
0
0
0.05127
0.05127
0.05127
0.05127
0.05127
0.05127
0.05127
0
0
0
0
0
0.05127
0.0512893
0.0512893
0.0512893
0.0512893
0.0512893
0.0512893
0
0
0
0
0
0.0512893
0.0512893
0
0.0512893
0.0512893
0.0512893
0
0
0.0513375
0
0
0
0.0512893
0.0513375
0.0512893
0.05127
0
0
0
0
0
0
0
0
0
0
0
0
0
0
0
0
0
0
0
0
0
0
0
0
0
0
0
0
0
0
0
0
0
0.0513472
0.0513472
0.0513086
0.0513086
0.0513472
0
0.0513086
0.0513086
0.0512893
0.0512893
0.0512893
0.0512893
0.0512893
0
0
0
0.0512893
0.0512893
0.0512893
0.0512893
0
0
0
0.0512989
0.052068
0.0512989
0.0512989
0
0
0
0
0.0512893
0.0512893
0.0523526
0.0544504
0.0512893
0.0520277
0.0520277
0
0.0527675
0.0512893
0
0
0
0
0.0512893
0.0544504
0.0544504
0.0544504
0.0544504
0.0544504
0.0544504
0
0.0544504
0.0544504
0
0.0544504
0
0
0
0
0
0
0
0
0.0518675
0.019145
0.0521387
0.0551677
0.0690771
0
0
0
0
0
0
0
0
0
0
0
0
0
0
0
0
0
0
0
0
0.0701369
0
0
0
0.0556108
0.0556108
0.0556108
0.0556108
0
0
0
0
0
0
0
0
0
0
0
0.0556108
0.0556108
0
0
0
0
0
0
0.0556108
0.0556108
0
0.0556108
0.0556108
0
0
0
0
0
0
0
0.0556108
0
0
0
0
0
0
0
0
0
0
0
0
0
0
0
0
0.0538717
0.0538717
0.0538717
0.0538717
0.0538717
0.0538717
0.0538717
0.121268
0.0538717
0
0
0
0
0
0
0
0
0
0.0538717
0
0
0
0.0541871
0.0541871
0
0
0
0
0
0
0
0
0
0
0
0
0
0
0.0541871
0.0541871
0
0.0541871
0.0541871
0
0.0541871
0
0
0
0
0
0
0
0
0
0
0
0.0552881
0
0
0
0
0
0.0506555
0
0
0
0
0
0
0
0
0
0
0
0
0
0
0.0506555
0
0
0
0
0
0
0
0
0
0
0
0
0
0
0
0
0
0
0
0
0
0
0
0
0
0
0
0
0
0
0
0
0
0
0
0
0
0
0
0
0
0
0
0
0
0
0
0
0
0
0
0
0
0
0
0
0
0
0
0
0
0
0
0
0
0
0
0
0
0
0
0
0
0
0.0517088
0.0517088
0.0517088
0.0517088
0
0
0
0
0
0
0
0
0
0
0
0
0
0
0
0
0
0
0
0
0
0
0
0
0
0
0
0
0
0
0
0
0
0
0
0
0
0
0
0
0
0
0
0
0
0
0
0
0
0
0
0
0
0
0
0
0
0
0
0
0
0
0
0
0
0
0
0
0
0
0
0
0
0
0
0
0
0
0
0
0
0
0
0
0
0.114386
0.114386
0.114386
0
0.118203
0.144553
0.114386
0.114386
0.114386
0
0.114386
0
0
0
0
0
0
0.141421
0
0
0.136626
0
0
0
0
0
0
0
0
0.141019
0
0
0
0
0.139637
0.140028
0
0
0
0
0
0
0
0.144553
0
0
0
0
0
0
0
0
0
0
0
0
0
0
0
0.123493
0.123493
0
0
0
0
0
0
0
0
0
0.156174
0.157552
0
0
0.0326736
0.0326736
0.0326736
0.0326736
0.0326736
0.0326736
0.0326736
0.0326736
0.0326736
0.0326736
0.0326736
0.0326736
0.0326736
0.0326736
0.0326736
0.0326736
0.0326736
0.0326736
0.0326736
0.0326736
0.0326736
0.0326736
0.0326736
0.0326736
0.0326736
0.0326736
0.0326736
0.0326736
0.0326736
0.0326736
0.0326736
0.0326736
0.0326736
0.0326736
0.0326736
0.0326736
0.0326736
0.0326736
0.0326736
0.0326736
0.0326736
0.0326736
0.0326736
0.0326736
0.0326736
0.0326736
0.0326736
0.0326736
0.0326736
0.0326736
0.0326736
0.0326736
0.0326736
0.0326736
0.0326736
0.0326736
0.0326736
0
0
0
0
0
0
0
0
0
0
0
0
0
0
0
0
0.0342767
0
0
0
0
0
0
0
0
0
0
0
0
0.0506555
0.0506555
0.0506555
0.0506555
0.0506555
0
0.0506555
0.0506555
0.0506555
0.0513762
0.0513762
0.0506555
0.0506555
0.0506555
0.0513762
0
0.0513762
0
0.0513762
0.05259
0.05259
0.05259
0.05259
0.0548821
0.0548821
0.0548939
0.0548821
0
0.05259
0.253417
0.253417
0.253417
0.253417
0.254588
0.254588
0
0.0513762
0.0342623
0
0
0
0
0
0
0
0
0
0
0
0
0
0
0
0.0513762
0.0513762
0.0513762
0.0513762
0.0513762
0.0513762
0.0513762
0.0513762
0
0
0
0
0.0513762
0.0548939
0.0548939
0.0548939
0.0554213
0.0548939
0.0513762
0.0513762
0.0513762
0.0513762
0.0513762
0.0513762
0.0513762
0.0513762
0.0513762
0.0513762
0.0541985
0.0541985
0
0.0513762
0.0513762
0.0513762
0.0513762
0.0513762
0
0.0513762
0.0513762
0.0513762
0.0513762
0.0513762
0.0513762
0.0513762
0.0559267
0.0559267
0.0559267
0
0
0
0
0.0559267
0
0.0559267
0.0559267
0.0559267
0.0559267
0
0.0559267
0.0513762
0.0513762
0.0513762
0.0513762
0.0513762
0.0513762
0.0513956
0.0517681
0.0516398
0
0
0.0517582
0.0517582
0.0513762
0
0
0
0
0
0
0
0
0
0.0513762
0.0548939
0.0548939
0.050637
0.050637
0.050637
0.050637
0.050637
0.050637
0.050637
0.050637
0.0341224
0.0341224
0.0341224
0.0341224
0.0341224
0.0341224
0.0341224
0.0341224
0.0341224
0.0341224
0
0.0532786
0.0532786
0
0
0
0
0
0
0
0
0
0
0
0
0
0
0
0
0
0
0
0
0
0
0
0
0
0.0546708
0
0
0
0
0.0546708
0
0
0
0
0
0
0
0
0
0
0
0
0
0
0
0
0
0
0
0
0
0
0
0
0
0
0
0
0
0
0
0
0
0.0665611
0.043715
0
0.0711697
0
0
0
0
0
0
0
0
0
0
0
0
0
0
0
0
0.0197203
0
0.0197203
0
0
0
0
0
0
0
0
0
0
0
0
0
0
0
0
0
0
0
0
0
0
0
0.0550006
0.0550006
0
0
0
0
0
0.0550006
0
0
0
0
0
0
0
0
0
0
0
0
0
0
0
0
0.0339199
0
0
0
0.0339199
0
0.0331445
0.0331445
0.0331445
0
0
0
0
0
0
0
0
0
0
0
0
0
0
0.0339199
0
0
0
0
0
0
0
0
0
0
0
0
0
0
0
0
0
0
0
0
0
0
0
0
0
0
0
0
0.0323326
0.0324418
0.0323326
0
0
0
0
0
0
0
0
0
0
0.0492494
0.0492494
0
0
0
0
0
0
0
0.148835
0
0
0
0.148835
0.148835
0.148835
0.148835
0.148835
0.148835
0.148835
0
0
0
0
0
0
0
0
0
0
0
0
0
0
0
0
0
0
0
0.0500626
0.0500626
0.0500626
0.0500626
0.0500626
0.0500626
0.0500626
0.0500626
0.0500626
0.157552
0.157552
0.157552
0.157552
0.157552
0
0
0
0
0
0
0
0
0
0
0
0
0
0
0
0
0
0
0
0
0
0
0
0
0
0
0
0
0
0
0
0
0
0
0
0
0
0
0
0
0
0
0
0
0
0
0
0
0
0
0
0
0
0
0
0
0
0
0
0
0
0.148835
0
0.148835
0
0.145865
0
0
0
0
0
0
0
0
0
0.138296
0
0
0
0
0
0
0
0
0
0
0
0
0
0
0
0
0
0
0.0326736
0.0326736
0.0326736
0.0326736
0
0
0
0
0
0
0
0
0
0
0
0
0
0
0
0
0
0
0
0
0
0
0
0
0
0
0
0
0
0
0
0
0
0
0
0
0
0
0.055276
0.055276
0.055276
0.055276
0.055276
0
0
0
0
0
0
0
0
0
0
0
0
0
0
0.0514734
0.0514734
0
0.0515026
0.0515124
0
0
0
0
0
0
0
0
0
0
0
0
0
0
0
0
0
0
0
0
0
0
0
0
0
0
0
0
0
0
0
0
0
0
0
0
0
0
0
0
0
0
0
0
0
0
0
0
0
0
0
0
0.0504617
0
0
0
0
0
0
0
0
0
0
0
0
0
0
0
0
0.0498489
0.0498489
0.0498489
0.0498489
0.0498489
0.0498489
0.0498489
0.0498489
0.0498489
0.0498489
0.0498489
0.0498489
0.0498489
0
0
0
0
0
0
0
0
0
0
0
0
0
0
0
0
0
0
0
0
0
0
0
0
0
0
0
0
0
0
0
0
0
0
0
0
0
0
0
0
0
0
0
0
0
0
0
0
0
0
0
0
0
0.0522504
0.0522504
0.0522504
0.0522504
0.0522504
0.0522504
0.0522504
0.0522504
0.0522504
0
0
0
0.0522504
0
0
0
0
0
0
0
0
0
0
0
0
0
0
0
0
0
0
0
0
0
0
0
0
0
0
0
0
0
0
0
0
0
0
0
0.148835
0
0
0
0.148835
0
0.0503701
0
0
0
0.0503701
0.0503701
0.0503701
0.0503701
0.0503701
0.0503701
0.0503701
0
0
0
0
0
0
0
0
0
0
0
0
0
0
0
0
0
0
0
0
0
0
0
0
0
0
0
0
0
0
0
0
0
0
0
0
0
0
0
0
0
0
0
0
0
0
0
0
0
0
0
0
0
0
0
0
0
0
0
0
0
0
0
0
0
0
0
0
0
0
0
0
0
0
0
0
0
0
0
0
0
0
0
0
0
0
0
0
0
0
0
0
0
0
0
0
0
0
0
0
0
0
0
0
0
0
0
0
0
0
0
0
0
0
0
0
0
0
0
0
0
0
0
0
0
0
0
0
0
0
0
0
0
0
0
0
0
0
0
0
0
0
0
0
0
0
0
0
0
0
0
0
0
0
0
0.0503701
0
0
0
0.148835
0
0
0
0.146087
0
0
0
0
0
0
0
0
0.148835
0
0.0500626
0
0
0
0
0
0
0
0
0
0
0
0
0
0
0
0
0
0
0
0
0
0
0
0
0
0
0
0
0
0
0
0
0
0
0
0
0
0
0
0
0
0
0
0
0
0
0
0
0
0
0
0
0
0
0
0.0500626
0
0
0
0
0
0
0
0
0
0
0
0
0
0
0
0
0
0
0.148835
0
0
0
0
0.148835
0
0
0
0
0.0503701
0
0.148835
0
0
0
0
0
0
0
0
0
0
0
0
0
0
0
0
0
0
0
0
0
0
0
0
0
0
0.148835
0
0
0
0.148835
0
0
0
0.0503701
0
0
0
0.148835
0
0
0
0.0503701
0
0
0
0
0
0
0
0
0
0
0
0
0
0
0
0
0
0
0
0
0
0
0
0
0
0
0
0
0
0
0
0
0
0
0
0
0
0
0
0
0
0
0
0
0
0
0
0
0
0
0
0
0
0
0
0
0
0
0
0
0
0
0
0
0
0
0
0
0
0
0
0
0
0
0
0
0
0
0
0
0
0
0
0
0
0
0
0
0
0
0
0
0
0
0
0
0
0
0
0
0
0
0
0
0
0
0
0
0
0
0
0
0
0.0424476
0.0424476
0.0424476
0.0424476
0.0328039
0.0328039
0.0328039
0.0328039
0.0328039
0.0328039
0.0328039
0.0328039
0.0328039
0.0328039
0.0328039
0.0328039
0.0328039
0.0328039
0.0328039
0.0328039
0.0328039
0.0328039
0.0328039
0.0424149
0
0
0
0
0
0
0
0
0.0328039
0.0328039
0.0328039
0.0328039
0.0328039
0.0328039
0.0328039
0.0328039
0.0328039
0.0328039
0.0328039
0.0328039
0.0328039
0.0328039
0.0328039
0.0328039
0.0328039
0.0328039
0.0328039
0.0328039
0.0328039
0.0328039
0.0328039
0.0328039
0.0328039
0.0328039
0.0328039
0.0328039
0.0328039
0.0328039
0.0328039
0.0328039
0.0328039
0.0328039
0.0328039
0.0328039
0.0328039
0.0328039
0.0328039
0.0328039
0.0328039
0.0328039
0.0328039
0.0328039
0.0328039
0.0328039
0.0328039
0.0328039
0.0328039
0.0328039
0.0328039
0.0424476
0.0424476
0.0424149
0.0424149
0.0424149
0.0424149
0.0424149
0.0424149
0.0424149
0.0424149
0.0424149
0.0424476
0.0424149
0.0424149
0.0424149
0.0424149
0.0424149
0.0424149
0.0424149
0.0447597
0.0447597
0.0447854
0.0447854
0.0476886
0
0
0
0.0424476
0.0424476
0.0424476
0.0424476
0.0424476
0
0
0
0
0
0.0434783
0
0.0424476
0.0425079
0.0425079
0.0425079
0.0425079
0.0425079
0.0425079
0.0425079
0
0.0425188
0.0425188
0
0
0
0
0
0
0
0
0
0
0
0
0
0
0
0
0
0
0
0
0
0
0.0488532
0
0
0
0.0488532
0.0488532
0
0
0
0
0
0
0
0
0.0605703
0
0
0
0.0605703
0.0605703
0
0
0
0
0
0
0
0
0
0
0
0
0
0
0
0
0
0
0
0
0
0
0
0
0
0
0
0
0
0
0
0
0
0
0
0
0
0
0
0
0
0
0
0
0
0
0
0
0
0
0
0
0
0.130505
0.130505
0.130505
0.130505
0.130505
0.130505
0.138675
0.138675
0.130505
0.130824
0.130824
0.130824
0.130824
0.130824
0.130824
0.0498489
0.232048
0.232048
0
0.130824
0.130824
0.139058
0
0
0
0.130824
0
0.130505
0.130505
0
0
0
0
0
0
0
0
0
0
0
0
0
0
0
0
0
0
0
0
0
0
0
0
0
0
0
0
0
0
0
0
0
0
0
0
0
0
0
0
0
0
0
0
0
0
0
0
0
0
0
0
0
0
0
0
0
0
0
0
0
0
0
0
0
0
0
0
0
0
0
0
0
0
0
0
0
0
0
0
0
0
0
0
0
0
0
0
0
0
0
0
0
0
0
0
0
0
0
0
0
0
0
0
0
0
0
0
0
0
0
0
0
0
0
0
0
0
0
0
0
0
0
0
0
0
0
0
0
0
0
0
0
0
0
0
0
0
0
0
0
0
0
0
0
0
0
0
0
0
0
0
0
0
0
0
0
0
0
0
0
0
0
0
0
0
0.0162983
0.0162983
0.0162983
0.0162983
0.0162983
0.0162983
0.0162983
0.0162983
0.0168328
0.0168328
0.0168328
0.0168328
0
0.0168328
0.0162983
0.0162983
0.0163571
0.017492
0
0.0163571
0
0
0
0
0
0
0
0
0
0
0
0
0
0
0
0
0
0
0
0
0
0
0
0
0
0
0
0
0.0165664
0.0165664
0
0.0424531
0
0.0424531
0.0424531
0
0
0
0
0.0522504
0
0.0522504
0.0522504
0.0526733
0.0530852
0.0530852
0
0
0
0
0.0424476
0.0498489
0
0
0.0538717
0
0.0498489
0.0424476
0
0
0
0
0
0
0
0
0
0
0
0
0
0
0
0
0
0
0
0
0
0
0
0
0
0
0
0
0
0
0
0
0
0
0
0
0
0
0.0167446
0.0167446
0.130824
0
0
0
0
0
0
0
0
0
0.0494641
0.0494641
0.130824
0.0167446
0.0494641
0.0496466
0.0496466
0.0496466
0.0494641
0
0
0
0
0
0
0
0
0
0
0
0
0
0
0
0
0
0
0
0
0.0482003
0
0
0
0
0
0
0
0
0
0
0
0
0
0
0
0
0
0
0
0
0
0
0
0
0
0
0
0
0
0
0
0
0
0
0
0
0
0
0
0
0
0
0
0
0
0
0
0
0
0
0
0
0
0
0
0
0
0
0
0
0
0
0
0
0
0
0
0
0
0
0
0
0
0
0
0
0
0
0
0
0
0
0
0
0
0
0
0
0
0
0
0
0
0
0
0.0167446
0.0168852
0.0168852
0.0168852
0.0169412
0.0169412
0
0.0169599
0.0168852
0
0
0
0
0
0
0
0
0
0
0
0
0
0
0
0
0
0
0
0
0
0
0
0.130824
0
0
0
0
0
0
0
0
0.130824
0.0164393
0.0164393
0.0164909
0
0
0
0
0
0
0.0165372
0
0
0
0
0
0
0
0
0
0
0
0
0
0.016329
0
0
0
0
0
0.0163571
0.0187515
0.0164222
0.0164222
0.0164421
0
0
0.0164536
0
0
0.0164364
0.0163402
0
0.0163881
0
0
0.0163881
0
0
0.0164023
0
0
0.0164023
0.0164108
0.0164108
0
0
0.0164478
0
0.0164622
0
0
0.048671
0
0.048671
0.048671
0.048671
0.048671
0
0
0
0
0.048671
0.048671
0
0
0
0
0
0
0
0
0
0.048671
0
0
0
0
0
0
0
0
0
0
0
0
0
0
0
0
0
0
0
0
0
0
0
0
0
0
0
0
0
0
0
0
0
0
0
0
0
0
0
0
0
0
0
0
0
0
0
0
0
0
0
0
0
0
0
0
0
0
0
0
0
0
0
0
0
0
0
0
0
0
0
0
0
0
0
0
0
0
0
0
0
0
0
0
0
0
0
0
0
0
0
0
0
0
0
0
0
0
0
0
0
0
0
0
0
0
0
0
0
0
0
0
0
0
0
0
0
0
0
0
0
0
0
0
0
0
0
0
0
0
0
0
0
0
0
0
0
0
0
0
0
0
0
0
0
0
0
0
0
0
0
0
0
0
0
0
0
0
0
0
0
0
0
0
0
0
0
0
0
0
0
0
0
0
0
0
0
0
0
0.0537382
0
0
0.0484339
0.0484339
0.0484339
0.0424149
0.0424149
0.0424149
0
0
0
0.0440408
0.0432165
0.0432165
0.0432165
0.0517681
0.0517681
0
0
0.0424203
0.0424203
0
0
0.0424149
0.0424149
0.0424203
0.0424203
0.0424203
0.0424203
0.0424367
0
0
0
0.0424367
0.0424531
0
0.0424531
0.0447341
0.0162983
0.0162983
0.0162983
0.016315
0.0162983
0.0169819
0.0169819
0.0162983
0.0162983
0
0
0
0
0
0.0339199
0.0339199
0
0
0.0400504
0
0.0367572
0.0370879
0
0
0
0
0.0319905
0
0
0
0
0
0
0.0356171
0.0356559
0
0
0
0
0
0
0
0
0
0.0371831
0
0.0396615
0
0
0
0.0916149
0.0340743
0.0905888
0.05105
0
0
0
0.0339199
0
0
0
0
0.0369071
0.0369071
0.0369071
0.0369071
0
0
0
0
0
0.0328039
0.0328039
0
0
0.0328039
0.0328039
0.0328064
0
0
0.0328039
0.0328039
0
0.0328039
0.0328039
0.0328039
0.0328039
0.0328039
0.0328039
0.0328039
0.0328039
0.0328039
0.0340151
0.0340151
0.0340151
0.0340151
0.0340151
0.0340151
0.0340151
0.0340151
0.0340151
0.0340151
0.0340151
0.0340151
0.0340151
0.0340151
0.0340151
0.0340151
0.0340714
0.0340714
0
0
0.0340151
0.0340151
0.0340714
0.0340714
0.0340151
0.0340151
0.0340151
0.0340151
0.0340151
0.0339199
0.0367572
0.0367572
0.0484583
0.0484583
0.0367572
0.0392448
0.0393445
0
0
0
0
0
0.0392448
0.0392448
0
0
0
0
0
0
0
0
0.0400504
0.0400504
0.0400504
0
0.0400504
0.0339199
0.0339199
0.0339283
0.0339283
0.0339199
0.0339199
0.0339199
0.0339199
0
0
0
0
0
0.0339199
0
0.0339199
0.0339199
0.0339283
0.0339283
0.0370879
0
0
0
0
0
0
0
0
0
0
0
0
0
0
0
0
0
0
0
0
0
0
0
0
0
0.0356559
0.0356559
0.0356559
0
0
0
0
0
0
0
0.0319905
0.0319905
0.0404864
0.0404864
0.0319905
0.0319905
0.0319905
0.0319905
0.0371831
0.0371831
0.0371831
0.0431762
0.0431762
0
0
0.0431762
0.0431762
0.0431762
0.0371831
0.0371831
0.0371831
0.0431762
0.0431762
0.0431762
0.0431762
0.0371831
0.0371831
0.0371831
0.0371831
0.0404509
0.0431762
0.0371831
0.0371831
0.0371831
0.0451228
0.0451228
0.0451294
0
0.0451228
0.0371831
0.0371831
0.0371831
0
0
0.0371831
0.0371831
0.0371831
0
0
0
0
0
0
0.0388034
0.0388034
0.0388034
0.0388034
0.0388034
0
0
0
0
0
0
0
0
0
0
0
0
0
0
0
0
0
0
0.0340743
0.0340601
0.0393445
0.0340743
0
0.0340743
0.0340743
0.0905888
0.0905888
0
0
0.0905888
0.0905888
0.0905888
0.0905888
0.05105
0
0
0
0
0
0
0
0
0
0
0
0
0
0
0
0
0
0
0
0
0
0
0
0
0
0
0
0
0
0
0
0.0916149
0.0916149
0.0396615
0.0396615
0.0396615
0.0396615
0.0396615
0.0396615
0
0
0
0
0
0
0
0
0
0
0
0
0
0
0
0
0
0
0
0
0
0
0
0
0
0
0
0
0
0
0
0
0
0
0
0
0
0
0
0
0
0
0
0
0
0
0
0
0
0
0
0
0
0
0
0
0
0
0
0
0
0
0
0
0
0
0
0
0
0
0
0
0
0
0
0
0
0
0
0.0398004
0.0398049
0
0.0369071
0
0.0369071
0.0369071
0.0369071
0.0369071
0.0369071
0.0369071
0.0369071
0.0431589
0.0431589
0.0369071
0
0
0
0
0
0
0
0
0
0
0
0
0
0
0.033906
0
0
0
0
0
0
0
0
0
0.0424149
0.0424149
0.0424149
0.0424149
0.0424149
0.0424149
0.0424149
0.0424149
0.0424149
0.0424149
0.0424149
0.0424149
0.0424149
0.0424149
0.0424149
0.0424149
0.0424149
0.0424149
0.0424149
0.0424149
0.0424149
0.0424149
0
0
0
0
0.0424149
0.0424149
0.0424149
0.0424149
0.0424149
0.0424149
0.0424149
0.0424149
0.0424149
0.0424149
0.0424149
0.0424149
0.0424149
0.0424149
0.0424149
0.0424149
0.0424149
0.0424149
0.0424149
0.0424149
0.0424149
0
0.0424203
0.0513762
0.0424203
0.0424203
0.0424203
0.0425079
0.0425079
0.0425133
0.0425079
0.0425079
0.0425079
0.0425079
0.0424531
0.0424531
0.0522199
0
0
0
0
0.0484583
0.0485234
0
0
0
0.0187345
0
0
0
0
0
0
0
0
0
0
0
0
0
0
0.0476731
0.0476731
0.0476731
0.0476731
0.0537465
0.0537465
0.0537465
0.0537465
0.0160163
0.0160163
0.0160163
0
0
0
0
0
0.0160163
0.0160322
0.016019
0.016019
0.016019
0.016019
0.016019
0
0
0
0
0
0
0
0
0
0
0
0.042475
0.042475
0.0424476
0
0.0424367
0.0424367
0.0424367
0.0424367
0
0
0
0.0424367
0.0424367
0.0424367
0.0424367
0.0424367
0.0424367
0.0424367
0.0424476
0.0424476
0.0424531
0.0424531
0.0515417
0.0515417
0.0425079
0.0425133
0.0425133
0.0476731
0.0482644
0.0159742
0.0424203
0.0424203
0
0
0
0
0
0
0
0.0424149
0.0424313
0.0424313
0.0424313
0.0424313
0.0424313
0.0424149
0
0
0
0
0.0424203
0.0424203
0.0424203
0.0513762
0
0
0.0513762
0.0513762
0.0513762
0.0424203
0.0424203
0.0513859
0.0513859
0
0
0
0
0
0.0424203
0.0424203
0.0424203
0.0424476
0
0
0
0
0
0.0428241
0
0
0
0
0.0428241
0.0428241
0.0428241
0.0428241
0
0
0
0
0
0
0
0.0428241
0
0.0428241
0.0515417
0.0515417
0.0515417
0.0424149
0.0421503
0.0421503
0.0421503
0.0421503
0.0421503
0.0421503
0.0421503
0.0424476
0
0.0424476
0.0424476
0.0424531
0.0424531
0
0.0421878
0.0424367
0.0424367
0.0424367
0.0424367
0.0424367
0.0424367
0
0.0424367
0.0425463
0.0424367
0.0425188
0.0425188
0
0
0
0
0
0.0425188
0.0425188
0
0
0
0
0
0
0.0485643
0
0
0
0
0
0.0485643
0
0
0
0
0
0
0
0
0
0
0
0
0
0
0
0
0
0
0
0
0
0
0
0
0
0
0
0
0
0
0
0
0
0
0
0
0
0
0
0
0
0
0
0
0
0
0
0
0
0
0
0
0
0
0
0
0
0
0
0
0
0
0
0
0
0
0
0
0
0
0
0
0
0
0
0
0
0.0173292
0.0173459
0.0173459
0.0173459
0
0
0
0
0
0
0
0
0
0
0
0
0
0
0
0
0
0
0
0
0
0
0
0
0
0
0
0
0
0
0
0
0
0
0
0.0538717
0.0539725
0.0539725
0.0539725
0
0
0
0
0
0
0
0
0
0
0
0
0
0
0
0
0
0
0
0
0
0
0
0
0
0
0
0
0
0
0
0
0
0
0
0.0488532
0.0488782
0.0488782
0.0488782
0
0
0
0
0
0
0
0
0
0
0
0
0
0
0
0
0
0
0
0
0
0
0
0
0
0
0
0
0
0
0
0
0
0
0
0
0
0
0.0605703
0
0.0611499
0.0611499
0.0611499
0
0
0
0
0
0
0
0
0
0
0
0
0
0
0
0
0
0
0
0
0
0
0
0
0
0
0
0
0
0
0.0495334
0
0.232048
0.232048
0.232048
0
0
0
0
0
0
0
0
0
0
0.0170964
0.0450443
0
0.0339199
0.0339199
0.0339199
0.0339199
0.0339199
0.0339199
0.0339199
0.0339199
0.0339199
0.0339199
0.0339199
0.0339199
0.0339199
0
0
0.035261
0.035261
0
0
0
0.0339199
0.0339199
0.0339199
0.0339199
0.0339199
0.0339199
0.0339199
0.0339199
0.0339199
0.0339199
0.0447277
0.0447277
0
0.0447277
0
0.0447277
0.0339199
0.0339199
0.0339199
0.0339199
0
0
0.0339199
0
0
0
0
0.0339199
0
0
0
0
0
0
0
0
0
0
0
0
0
0
0
0.0447854
0
0
0.0447982
0
0
0
0
0.0339199
0.0339199
0.0447854
0.0447854
0.0447854
0.0447982
0.0447982
0.0448239
0.0447982
0.0339199
0.0448239
0.0177776
0.0177776
0.0919462
0.0919462
0.018294
0.018294
0
0
0
0
0
0
0
0
0
0
0.0177776
0
0.0448239
0
0
0.0339199
0.0339199
0.0339199
0.0449596
0.0449596
0.0339199
0.0339199
0.0449596
0.0950996
0.0449596
0.0393445
0.0393445
0.0393445
0
0.0393445
0.0393445
0
0
0
0
0
0
0
0
0
0
0.0339199
0.0339199
0.0339199
0.0339199
0.0339199
0.0339199
0.0339199
0.0447854
0.0447854
0.0447854
0.0447854
0.0447854
0.0447854
0.0447854
0.0447854
0.0447854
0.0339199
0
0.0339199
0.0339199
0.0339199
0.0339478
0.0485561
0.0339199
0.0342796
0
0
0
0
0
0
0
0
0
0
0
0
0
0
0
0
0
0
0
0
0
0
0.0905888
0
0
0
0
0.0319905
0
0
0
0
0
0
0
0
0
0
0
0
0
0
0
0
0
0
0.0401702
0
0
0
0
0
0
0
0
0
0
0
0
0
0
0
0
0
0
0
0
0
0
0
0
0
0
0
0
0
0
0
0.0367572
0
0.0356559
0
0
0
0
0
0
0.0339199
0.0425079
0.0365951
0
0
0.0340601
0.05105
0.0339199
0.0339199
0.0498489
0.0498489
0.0498489
0.0498489
0.0498489
0.0341082
0
0.0341082
0
0
0
0
0
0
0
0
0
0
0
0
0
0
0
0
0
0
0
0
0
0
0
0
0
0
0
0
0
0
0
0
0
0
0
0
0
0
0
0
0
0
0
0
0
0
0
0
0
0
0
0
0
0
0.0341224
0
0
0
0
0
0
0
0
0
0
0
0
0
0
0
0
0
0
0
0
0
0
0
0
0
0
0
0
0
0
0
0
0
0
0
0
0
0
0
0
0
0
0
0
0
0
0
0
0
0
0
0
0
0
0
0
0
0
0
0
0
0
0
0
0
0
0
0
0
0
0
0
0
0
0
0
0
0
0
0
0
0
0
0
0
0
0
0
0
0
0
0
0
0
0
0
0
0
0
0
0
0
0
0
0
0
0
0
0
0
0
0
0
0
0
0
0
0
0
0
0
0
0
0
0
0
0
0
0
0
0
0
0
0
0
0
0
0
0
0
0
0
0
0
0
0
0
0
0
0
0
0
0
0
0
0
0
0
0
0
0
0
0
0
0
0
0
0
0
0
0
0
0.0369502
0.0506555
0
0
0
0
0
0
0
0
0
0
0
0
0
0
0
0
0
0
0
0
0
0
0
0
0
0
0
0.0341224
0.0341224
0.0341224
0.0341224
0.0341224
0.0341224
0
0
0
0
0
0
0
0
0
0
0
0
0
0
0
0
0
0
0
0
0
0
0
0
0
0
0
0
0
0
0
0
0
0
0
0
0
0
0
0
0
0
0
0
0
0
0
0
0
0
0
0
0
0
0
0
0
0
0
0
0.0341082
0
0.0341082
0
0.0341082
0
0.0341082
0
0
0
0
0
0
0.0341224
0.0341224
0.0341224
0
0
0
0
0
0
0
0
0
0
0
0
0
0
0
0
0
0
0
0
0
0
0
0
0
0
0
0
0
0
0
0
0
0
0
0
0
0
0
0
0
0
0
0
0
0
0
0
0
0
0
0.0341224
0.0341224
0.0341224
0.0341224
0.0341224
0.0341224
0.0341224
0.0341224
0.0341224
0.0341224
0.0341224
0.0341224
0.0341224
0
0
0
0
0
0
0
0
0
0
0
0
0
0
0
0
0
0
0
0
0
0
0
0
0
0
0
0
0
0
0
0
0
0
0
0
0
0
0
0
0
0
0
0
0
0
0
0
0
0
0
0
0
0
0
0
0
0
0
0
0
0
0
0
0
0
0
0
0
0
0
0
0
0
0
0
0
0
0
0
0
0
0
0
0
0
0
0
0
0
0
0
0
0
0
0
0
0
0
0
0
0
0
0
0
0
0
0
0
0
0
0
0
0
0
0
0
0
0
0
0
0
0
0
0
0
0
0
0
0
0
0
0
0
0
0
0
0
0
0
0
0
0
0
0
0
0
0
0
0
0
0
0
0
0
0
0
0
0
0
0
0
0
0
0
0
0
0
0
0
0
0
0
0
0
0
0
0
0
0
0
0
0
0
0
0
0
0
0
0
0
0
0
0
0
0
0
0
0
0
0
0.0512893
0.0512893
0.0512893
0.0512893
0.0512893
0.0512893
0.0512893
0.0512893
0.0512893
0.0512893
0.0512893
0.0512893
0.0512893
0.0512893
0.0512893
0.0512893
0.0512893
0.0512893
0.0512893
0.0512893
0.0512893
0.0512893
0.0512893
0.0341224
0.0341224
0.0341224
0.0341224
0.0341224
0.0341224
0.0341224
0.0341224
0.0341224
0.0341224
0.0341224
0.0341224
0.0512893
0.0513956
0.0512893
0.0512893
0.0512893
0
0
0
0
0
0
0
0
0
0
0
0
0
0
0
0
0
0
0
0
0
0
0
0
0
0.0512893
0
0
0.0512893
0.0512893
0.0528939
0.0528939
0.0528939
0.0528939
0.0528939
0
0.0528939
0
0.0528939
0.0556661
0.0558892
0.0558892
0.0558892
0.0558892
0
0.0528939
0.258199
0.263262
0.263262
0.263262
0.263262
0.265908
0.263262
0
0
0
0.0528939
0.0661025
0.0661025
0
0
0
0
0.0512893
0
0
0
0
0
0
0.0512893
0.0512893
0
0.0512893
0
0.0512893
0
0
0
0
0
0.0512893
0
0
0
0.0512893
0.0512893
0
0.0512893
0.0512893
0.0512893
0.0512893
0.0512893
0.0512893
0.0557649
0.0557649
0.0557649
0.0557649
0.0557649
0.0557649
0
0.127738
0
0
0
0.130347
0.0557649
0.0557649
0
0.0557649
0.0512893
0.0513762
0
0
0.0512893
0
0
0.0512893
0.0512893
0.0557649
0
0.0558643
0.0558643
0.0557649
0
0.055827
0.055827
0.0512893
0.0528939
0.0528939
0.0512893
0.0557649
0.0557649
0
0
0
0.0559267
0
0
0
0.0561909
0
0
0
0
0.0557649
0.0512893
0.0515515
0.0628872
0.0628872
0.0512893
0
0.0512893
0
0.0512893
0.0546475
0.0524348
0.0661025
0.0661025
0.066477
0.0661025
0.0526212
0.0526212
0.0512893
0.263262
0.0512893
0.0661025
0.0512893
0.0512893
0.0513665
0.0570465
0.0513665
0.0546475
0.0546475
0.0546475
0
0.0546708
0
0.0546475
0
0
0
0
0
0
0
0
0.0547879
0.0547879
0.0548585
0.0547879
0
0
0
0
0
0.0545777
0.0545777
0
0
0
0
0.0552037
0
0
0
0
0
0
0
0
0
0
0
0
0
0.0326736
0.0326736
0.0326736
0.0326736
0.0326736
0
0.0326736
0.0326736
0.0326736
0.0326736
0
0.0326736
0.0326736
0.0326736
0.0326736
0
0.0326736
0.0326736
0.0326736
0.0326736
0
0
0
0
0
0
0
0
0.0326736
0.0326736
0.0326736
0.0326736
0.0326736
0.0326736
0.0326736
0.0326736
0.0326736
0
0
0
0
0
0
0.0342623
0
0.0342623
0
0
0
0
0
0
0
0
0.0341224
0.0341224
0.0341224
0.0341224
0.0341224
0.0341224
0.0341224
0.0341224
0.0341224
0.0341224
0.0341224
0.0341224
0.0341224
0.0341224
0.0341224
0.0341224
0.0341224
0.0341224
0.0341224
0.0341224
0.0341224
0.0341224
0.0341224
0.0341224
0.0341224
0.0341224
0.0341224
0.0341224
0.0341224
0.0341224
0.0341224
0.0341224
0.0341224
0.0341224
0.0341224
0.0341224
0.0341224
0.0341224
0.0341224
0.0341224
0.0341224
0.0341224
0.0341224
0.0341224
0.0341281
0
0
0
0
0
0
0
0
0
0
0
0
0
0
0
0
0
0
0
0
0
0
0
0
0
0
0
0.0341281
0.0341281
0.0341281
0.0341281
0.0341281
0.0341281
0.0671805
0.0671805
0
0.0734082
0.0734082
0.0671805
0
0
0
0
0
0.0343199
0.0282476
0.0345975
0.0234615
0
0
0
0.0345533
0.0345533
0.0450492
0.045108
0.0450492
0.0345533
0
0
0
0
0
0
0
0.0342767
0.0342767
0.0342767
0.0342767
0
0
0
0
0.0341224
0.0341224
0.0375709
0.0375709
0.0375709
0.0401795
0.0375709
0.0375709
0.0375709
0.0375709
0.0375709
0.0375709
0.0401795
0.0401795
0.0401795
0.0401795
0.0401795
0.0401795
0.0401795
0
0.0401795
0.0401795
0.0471479
0.0471479
0.0471479
0.0401795
0.0401795
0.0375709
0.0375709
0.0375709
0.0375709
0.0398094
0.0398094
0.0398094
0.0398094
0.0398094
0.0398094
0.0398094
0.0428521
0
0.0428521
0.0428521
0
0.0428521
0.0428521
0
0
0
0
0
0
0
0.0375747
0.0375747
0.0375709
0.0375709
0.0375709
0.0375709
0.0375709
0.0375709
0.0375709
0.0375709
0.0381444
0.0381444
0.0381444
0.0381444
0
0.0381444
0.0381444
0
0
0
0
0
0
0
0
0
0
0
0
0
0
0
0
0
0
0
0
0
0
0
0
0
0
0
0
0.0341224
0
0
0
0
0
0
0
0
0
0
0
0
0
0
0
0
0
0
0
0
0
0
0
0
0
0
0
0
0
0
0
0
0
0
0
0
0
0
0
0
0
0
0
0
0
0
0
0
0
0
0
0.0341224
0
0
0
0
0
0
0
0
0
0
0
0
0
0
0
0
0
0
0
0
0
0
0
0
0
0
0
0
0
0
0
0
0
0
0
0
0
0
0
0
0
0
0
0
0
0
0
0
0
0
0
0
0
0
0
0
0
0
0
0
0
0
0
0
0
0
0
0
0
0
0
0
0
0
0
0
0.0341224
0
0
0
0
0
0
0
0
0
0
0
0
0
0
0
0
0
0
0
0
0
0
0
0
0
0
0
0
0
0
0
0
0
0
0
0
0
0
0
0
0
0.0509269
0.0509269
0.0509269
0.0509269
0.0509269
0.0509269
0.0509269
0.0509269
0.0509269
0
0
0
0
0.0341224
0
0
0
0
0
0
0
0
0
0
0
0
0
0
0
0
0
0
0
0
0
0
0
0
0
0
0
0
0
0
0
0
0
0
0
0
0
0
0
0
0
0
0
0
0
0
0
0
0
0
0
0
0
0
0
0
0
0
0
0
0
0
0
0
0
0
0
0.0341309
0
0.0341309
0
0.0344389
0.0344389
0.0344389
0.0344389
0
0
0
0
0
0
0
0
0
0
0
0
0
0
0
0.0341281
0.0671805
0
0
0
0.0671805
0
0.0671805
0.0671805
0.0671805
0.0675077
0.0675077
0
0.0675077
0
0
0
0.0671805
0.0671805
0.0671805
0.242281
0.0671805
0
0.0671805
0
0.0671805
0.0671805
0.0671805
0
0.0671805
0
0.0671805
0
0.0671805
0.0671805
0.0671805
0.0671805
0.0671805
0
0
0
0
0
0
0
0.263262
0.265908
0.265908
0
0
0.268635
0
0
0.270031
0
0
0
0
0.271448
0
0
0
0
0
0
0
0
0
0
0
0
0
0
0
0
0
0
0
0
0
0
0
0
0
0
0
0
0
0
0
0
0
0
0
0
0
0
0
0
0
0
0
0
0
0
0
0
0
0
0
0
0
0
0
0
0
0.0503884
0.0503884
0
0
0
0
0
0
0
0
0
0.0341025
0.050637
0.050637
0.050637
0.050637
0.050637
0.0538717
0.0538717
0.0538717
0.0538717
0.0347727
0.0347727
0
0.0358699
0.050637
0.05127
0.052799
0.0543813
0
0.0545661
0
0.05127
0.0516989
0.0526108
0.0526108
0
0
0.0526108
0
0
0.0527046
0
0
0
0
0.0532786
0
0
0
0.0517088
0.0517088
0.0517088
0.0517088
0
0
0
0
0
0
0
0
0
0
0
0
0
0
0
0
0
0
0
0
0
0
0
0
0
0
0
0
0
0
0
0
0
0
0
0
0
0
0
0
0
0
0
0
0
0
0
0
0
0
0
0
0
0
0
0
0
0
0
0
0
0
0
0
0
0
0
0
0
0
0
0
0
0
0
0
0
0
0
0
0
0
0
0
0
0
0
0
0
0
0
0
0
0
0
0
0
0
0
0
0
0
0
0
0
0
0
0
0
0
0
0
0
0
0
0
0
0
0
0
0
0
0
0
0
0
0
0
0
0
0
0
0
0
0
0
0
0
0
0
0
0
0
0
0
0
0
0
0
0
0
0
0
0
0
0
0
0
0
0
0
0
0
0
0
0
0
0
0
0
0
0
0
0
0
0
0
0
0
0
0
0
0
0
0
0
0
0
0
0
0
0
0
0
0
0
0
0
0
0
0
0
0
0
0.0512893
0.0512893
0.0512893
0
0
0
0
0
0
0
0
0
0
0
0
0
0
0
0
0
0
0
0
0
0
0
0
0
0
0
0
0
0
0
0
0
0
0
0
0
0
0
0
0
0
0
0
0
0
0
0
0
0
0
0
0
0
0
0
0
0
0
0
0
0
0
0
0
0.0807322
0.0807322
0.0807322
0.0807322
0
0
0
0
0
0.0807322
0
0
0
0
0
0
0
0
0
0.0341224
0.0341224
0.0341224
0
0
0
0
0
0
0
0
0
0
0
0
0
0
0
0
0
0
0
0
0
0
0
0
0
0
0
0
0
0.0424149
0.0424149
0.0424149
0.0424149
0.0424149
0
0
0
0
0
0
0
0
0
0
0
0
0
0
0
0
0
0
0
0
0
0
0
0
0
0
0
0
0
0
0
0
0
0
0
0
0
0
0
0
0
0
0.0506741
0.0506741
0.0506741
0.0506741
0.0506741
0.0506741
0.0506741
0.0506741
0.0506741
0.0506741
0.0506741
0.0506741
0.0506741
0.0506741
0
0
0
0
0
0
0
0
0
0
0
0
0
0
0
0
0
0
0
0
0
0
0
0
0
0
0
0
0
0
0
0
0
0
0
0
0
0.0422308
0.0422308
0
0
0
0
0
0
0
0
0
0
0
0
0
0
0
0
0
0
0
0
0
0
0
0
0
0
0
0
0
0
0
0
0
0
0
0
0
0
0
0
0
0
0
0
0
0
0
0
0
0
0
0
0
0
0
0
0
0
0
0
0
0
0
0
0
0
0
0
0
0
0
0
0
0
0
0
0
0
0
0
0
0
0
0
0
0
0
0
0
0
0
0
0
0
0
0
0
0
0
0
0
0
0
0
0
0
0
0
0
0
0
0
0
0
0
0
0
0
0
0
0
0
0
0
0
0
0
0
0
0
0
0
0
0
0
0
0
0
0
0
0
0.050425
0
0
0
0
0
0
0
0
0
0
0
0
0
0
0
0
0
0
0
0
0
0
0
0
0
0
0
0
0
0
0
0
0
0
0.0502882
0.0502882
0.0502882
0
0
0
0
0
0
0
0
0
0
0
0
0
0.0320116
0.0320116
0
0.0320116
0.0320116
0.0484015
0.0484015
0
0.0484015
0.0484015
0.0337511
0
0
0
0
0
0
0
0
0
0
0
0
0
0
0
0
0
0
0
0
0
0
0
0
0
0
0
0
0
0
0
0
0
0
0
0
0.0319882
0.0319882
0.0319882
0.0319882
0.0326437
0.032726
0.0326736
0.0326736
0.0326736
0.0326736
0.0326736
0.0326736
0.0326736
0.0326736
0.0326736
0.0326736
0.0326736
0.0326736
0.153008
0.0326736
0.0326736
0.0326736
0.0453743
0.156174
0.0455893
0.0455893
0.045421
0.156174
0.0456368
0.0456368
0.0456368
0
0.0510215
0
0.0523424
0.0523424
0.0352415
0.0352415
0
0.05259
0
0
0
0
0
0.05259
0.0333837
0.0502247
0.0502247
0
0.0502247
0.0502247
0.0502247
0
0
0
0.0502247
0.0502247
0.0502247
0.0502247
0.0502247
0.0502247
0.0502247
0
0
0
0.0502247
0
0.0333864
0.0333864
0
0.0333864
0.0333864
0.0493349
0.0326736
0.0326736
0.0326736
0.0326736
0.0326736
0.0326736
0.0326736
0
0
0
0
0
0.0326736
0
0
0.0493521
0.0493521
0
0
0
0.0544504
0.0544504
0
0.0320163
0
0
0
0
0
0
0
0
0
0
0
0
0.09245
0.09245
0.113855
0.113855
0
0.0837079
0
0.0904828
0
0.09245
0.293972
0
0
0
0
0
0
0
0
0
0
0.108556
0
0
0
0
0
0
0
0
0
0
0
0
0
0
0
0
0
0
0
0
0
0
0
0
0
0.0326736
0.0326736
0.0326736
0.0326736
0.0326736
0.0326736
0.0326736
0
0
0
0
0
0
0
0
0
0
0
0
0
0
0
0
0
0
0
0
0
0
0
0
0
0
0
0
0
0
0
0
0
0
0
0
0
0
0
0
0
0
0
0
0
0
0
0
0
0
0
0
0
0.0549887
0.0549887
0.0549887
0.0549887
0
0.0549887
0.0549887
0.0549887
0
0
0
0
0
0.0549887
0
0
0
0
0
0
0.0493435
0.0493435
0.0493435
0.0493435
0.0493435
0.0493435
0
0
0
0
0
0
0
0
0
0
0
0
0
0
0
0
0.0326736
0.0326736
0.0493521
0
0
0.0326736
0.0326736
0.0326736
0.0326736
0.0326736
0
0
0
0
0
0
0
0.0326736
0.0326736
0.0326736
0.0504984
0.121268
0.166667
0
0
0
0
0
0
0
0
0
0.175993
0.113124
0.0565233
0
0
0
0
0.0493178
0
0
0
0
0
0
0
0
0
0
0
0
0
0
0
0
0
0
0
0
0
0
0.0326736
0.0326736
0.0326736
0.0326736
0.0326736
0.0326736
0.0326736
0.0326736
0.0326736
0.0326736
0.0326736
0.0326736
0.106948
0.106948
0.11024
0
0.0326736
0.0543584
0.0326736
0.0326736
0.0326736
0.0326736
0.128338
0.0326736
0.0326736
0
0
0
0
0
0.0326736
0
0.0326736
0
0
0
0
0
0.0326736
0.0326736
0.0326736
0.0326736
0.0326736
0.0326736
0.172224
0
0.0326736
0
0
0
0
0
0
0
0
0
0
0
0
0
0
0
0
0
0.0326736
0.0336228
0.0326736
0
0.0326736
0
0
0
0
0
0
0.0326736
0.0326736
0.0326736
0.0326736
0.0326736
0.0326736
0.0326736
0.0326736
0.122826
0.0326736
0.0326736
0
0.0326736
0.137546
0
0.140819
0.0326736
0.0326736
0
0.0326736
0.0326736
0.053485
0.0535397
0
0.0326736
0.0326736
0.0326736
0.0326736
0.0326736
0.0326736
0.0326736
0.0326736
0
0
0
0
0
0
0
0
0
0
0.0326736
0.0326736
0
0
0
0
0.0488449
0.0488449
0.0326736
0.0326736
0.0326736
0.0326736
0.0326736
0.0326736
0.0326736
0.0326736
0.0334156
0.0334156
0
0.0334156
0.0326736
0.0326736
0.0326736
0.0326736
0
0.0326736
0
0
0
0
0
0
0
0
0
0.0326736
0.0326736
0.0326736
0
0.124722
0.0326736
0.0326736
0.0326736
0.0326736
0
0
0
0
0
0
0
0
0
0
0.0326736
0.0326736
0
0
0
0.0326736
0.0326736
0.0326736
0
0
0
0
0
0
0
0
0
0
0.0506462
0
0
0
0
0.137176
0.137176
0.137176
0.137176
0.137176
0.137176
0.137176
0.137176
0
0
0
0
0
0
0.144553
0.144553
0.160128
0
0
0
0.144553
0.144553
0.144553
0.265908
0
0
0
0
0.208514
0.144553
0.144553
0
0.144553
0.236643
0.236643
0.236643
0
0
0
0
0
0
0
0.144553
0.144553
0.236643
0.236643
0
0
0
0
0
0
0
0
0
0
0
0
0
0
0
0
0
0
0
0
0
0
0
0
0
0
0
0
0
0
0
0.160128
0.52915
0.160128
0.160128
0.160128
0.160128
0
0
0
0
0.160128
0.160128
0
0.160128
0
0
0
0
0
0
0
0
0
0
0
0
0
0
0
0
0.408248
0
0.408248
0.408248
0.0326736
0.0326736
0
0
0
0
0
0
0
0
0
0
0
0
0.0326736
0.0326736
0
0
0
0.0326736
0.0326736
0
0
0
0
0
0.0551079
0
0
0
0
0
0
0
0
0.0326736
0.0326736
0
0
0
0.0326736
0.0326736
0
0
0
0
0
0
0
0
0
0
0
0.0326736
0.0326736
0
0
0
0
0.0326736
0.0326736
0
0.0326736
0
0
0
0
0
0
0
0
0
0.0326736
0.0326736
0.0326736
0.0326736
0
0
0
0
0
0
0
0
0
0
0
0
0
0
0
0
0
0
0
0.0326736
0.0326736
0
0
0
0
0
0
0.0326736
0.0326736
0.0326736
0.0326736
0
0.0326736
0.0326736
0.0326736
0.0326736
0
0.0326736
0.0326736
0.0326736
0.0326736
0.0326736
0.0326736
0.0326736
0.0326736
0.0326736
0.0326736
0.0326736
0.0326736
0.0526108
0.0526108
0.0526212
0.0526212
0
0
0.0326736
0.0326736
0.0326736
0.0326736
0.0526212
0.0526212
0.0526212
0
0
0
0.0508329
0.0508329
0.0525485
0.0525485
0
0
0
0
0.0326736
0.0326736
0
0
0
0
0
0
0
0
0
0.0326736
0.0320163
0.0498489
0
0
0
0
0
0
0
0
0
0.0477429
0.0477429
0.0477429
0.0477429
0.0477429
0.0477429
0.0477429
0.0477429
0
0.0477429
0.0477429
0
0.0477429
0.0477429
0
0.0477429
0.0328823
0.0328823
0.0328823
0
0.0331523
0
0
0.0320233
0.0320233
0.0320233
0.0117121
0
0
0.0343372
0
0
0.0334637
0.0334637
0
0
0
0
0
0
0
0
0
0
0
0
0
0
0
0
0
0
0
0
0
0
0
0
0
0
0
0
0
0
0
0
0
0
0
0
0
0
0
0
0
0
0
0
0
0
0
0
0
0
0
0
0
0
0
0
0
0
0
0
0
0
0
0
0
0
0
0
0
0
0
0
0
0
0
0
0
0
0
0
0
0
0
0
0
0
0
0
0
0
0
0
0
0
0
0
0
0
0
0
0
0
0
0
0
0
0
0
0
0
0
0
0
0
0
0
0
0
0
0
0
0
0
0
0
0
0
0
0
0
0
0
0
0
0
0
0
0
0
0
0
0
0
0
0
0
0
0
0
0
0
0
0.0334825
0
0
0.0334637
0.0334637
0.0334637
0.0334637
0.0334637
0
0
0.0334637
0.0334637
