0.14878
0.14878
0.14878
0
0
0
0
0
0
0.14878
0.14878
0.14878
0.14878
0.14878
0.14878
0.14878
0
0.14878
0.14878
0
0
0.14878
0.14878
0.14878
0
0.555959
0.555959
0.555959
0.555959
0.555959
0.555959
0.555959
0
0
0
0.257694
0
0
0
0
0
0
0
0
0
0
0
0
0
0
0.555959
0
0
0
0.555959
0.555959
0
0.555959
0.555959
0
0
0
0
0
0
0
0
0
0
0
0
0
0
0
0
0
0
0
0
0
0
0
0
0
0
0
0
0
0
0
0
0
0
0
0
0
0
0
0
0
0
0
0
0
0
0
0
0
0
0
0
0
0
0
0
0
0
0
0
0
0
0
0
0
0
0
0
0
0
0
0
0
0
0
0
0
0
0
0
0
0
0
0
0
0
0
0
0
0
0
0
0
0
0
0
0
0
0
0
0
0
0
0
0
0
0
0
0
0
0
0
0
0
0
0
0
0
0
0
0
0
0
0
0
0
0
0
0
0
0
0
0
0
0
0
0
0
0
0
0
0
0
0
0
0
0
0
0
0
0
0
0
0
0
0
0
0.555959
0.555959
0.555959
0.555959
0.561084
0.566352
0
0
0
0
0
0
0
0
0
0
0
0
0
0
0
0
0
0
0
0
0
0
0
0
0
0
0
0
0
0
0
0
0
0
0
0
0
0
0
0
0
0
0
0
0
0
0
0
0
0
0
0
0
0
0
0
0
0
0
0
0
0
0
0
0
0
0
0
0
0
0
0
0
0
0
0
0
0
0
0.728869
0.728869
0.728869
0.364434
0.364434
0.364434
0.364434
0.364434
0
0
0.364434
0
0
0.728869
0.728869
0
0.728869
0.728869
0
0.728869
0.257694
0.257694
0.728869
0.728869
0.728869
0.728869
0.728869
0.728869
0.728869
0
0
0.728869
0.257694
0
0.257694
0.257694
0
0.257694
0.257694
0
0.257694
0
0.257694
0.257694
0.257694
0.257694
0.257694
0
0.257694
0.257694
0.257694
0.257694
0.257694
0.257694
0.257694
0
0.257694
0
0
0.257694
0.257694
0.257694
0.257694
0
0
0.257694
0.257694
0
0
0
0
0.257694
0.728869
0.728869
0.728869
0
0.728869
0.728869
0.728869
0
0.728869
0.728869
0.728869
0
0.728869
0.728869
0.728869
0
0
0
0
0
0
0
0
0
0
0.728869
0.728869
0.728869
0.728869
0.728869
0.728869
0.728869
0.728869
0.364434
0.728869
0.728869
0.728869
0.446339
0.728869
0.728869
0.446339
0.728869
0.728869
0
0
0
0
0
0
0.728869
0
0.728869
0.728869
0.728869
0.728869
0
0
0
0
0
0
0
0
0
0
0
0
0
0
0
0
0
0
0.364434
0.364434
0.364434
0.364434
0.364434
0.364434
0.364434
0.364434
0.364434
0.364434
0.364434
0.364434
0.364434
0.364434
0.364434
0.364434
0.364434
0.364434
0.364434
0.364434
0.364434
0.364434
0.364434
0.728869
0
0
0
0
0
0
0.971825
0.971825
0.971825
0.921954
0.921954
0.921954
0.921954
0.921954
0.921954
0.921954
0.921954
0.921954
0
0
0
0
0
0
0
0
0
0.971825
0
0
0
0
0
0
0
0
0
0.971825
0.971825
0.971825
0.971825
0.971825
0
0.971825
0.971825
0.971825
0.386541
0.386541
0.386541
0.386541
0.257694
0.386541
0.257694
0.386541
0.386541
0.971825
0.971825
0.971825
0.971825
0.971825
0.971825
0.971825
1
1
1
1
1
0.971825
0.971825
0.971825
0.364434
0.364434
0.364434
0.364434
0.364434
0.945905
0.945905
0.945905
0.945905
0.945905
0.945905
0.945905
0.945905
0.945905
0.945905
0.945905
0.945905
0.945905
0.945905
0.945905
0.945905
0.945905
0.945905
0.945905
0.945905
0.945905
0.945905
0.945905
0.945905
0.945905
0.945905
1
1
0.857658
1
1
1
0.945905
0.921954
0.921954
0.921954
0.921954
0.921954
0.921954
0.921954
0.921954
0.921954
0.921954
0.921954
0.921954
0.921954
0.921954
0.921954
0.921954
0.921954
0.945905
0.945905
0.945905
0.945905
0.945905
0.945905
0.971825
1
1
1
0.971825
0.945905
0.14878
0.14878
0.14878
0.14878
0.14878
0.14878
0.14878
0.14878
0.14878
0.14878
0.14878
0.14878
0.14878
0.14878
0.14878
0
0
0
0.14878
0.14878
0.14878
0.14878
0.14878
0.14878
0.14878
0.14878
0.14878
0.14878
0.14878
0.14878
1
1
1
1
0
1
1
1
1
1
0.818289
1
1
1
0.945905
0.945905
0.945905
0.945905
0.945905
1
1
1
1
1
0.931509
1
1
1
1
1
1
0.257694
0.257694
1
1
1
1
1
1
1
1
1
1
1
1
1
1
1
1
1
1
0.945905
0.945905
0.945905
0.945905
0.945905
0.945905
0.945905
0.945905
0.945905
0.945905
0.945905
0.945905
0.945905
0.945905
0.945905
0.971825
0.818289
0.818289
0.818289
0.971825
0.971825
0.971825
0.971825
0.945905
0.971825
0.971825
0.971825
0.945905
0.971825
0.971825
0.971825
0.971825
1
1
1
1
1
0.971825
0.971825
0.971825
1
0.971825
0.971825
0.971825
0.971825
0.971825
0.931509
0.971825
1
1
1
0
0
1
1
1
1
0.945905
1
1
1
0
0.717741
0.717741
0.717741
0.717741
0.717741
0.717741
0.717741
0.717741
0.460977
0.460977
0.460977
0
0
0
0.728869
0.728869
0.728869
0.728869
0.728869
0.728869
0.728869
0.728869
0.566352
0
0
0
0.566352
0
0
0.971825
0.566352
0.566352
0.566352
0.566352
0.566352
0
0
0
0
0
0
0
0
0
0
0
0
0
0
0
0
0
0
0
0
0
0
0
0
0
0
0
0
0
0
0
0
0
0
0
0
0
0
0
0
0
0
0
0
0
0
0
0
0
0
0
0
0
0
0
0
0
0
0
0
0
0
0
0
0
0
0
0
0
0
0
0
0
0
0
0
0
0
0
0
0
0
0
0
0
0
0
0
0
0
0
0
0
0
0
0
0
0
0
0
0
0
0
0
0
0
0
0
0
0
0
0
0
0
0
0
0
0
0
0
0
0
0
0
0
0
0
0
0
0
0
0
0
0
0
0
0
0
0
0
0
0
0
0
0
0
0
0
0
0
0.728869
0.728869
0.728869
0.728869
0.728869
0.728869
0.728869
0.728869
0.728869
0.728869
0.728869
0.728869
0.728869
0.364434
0
0
0.364434
0
0
0
0
0
0
0
0
0
0
0
0
0
0
0
0
0
0
0
0
0
0
0
0
0
0
0
0
0
0
0
1
0.854675
1
0.728869
0.728869
0.728869
1
1
1
1
0.728869
1
1
1
0.728869
0.728869
0.728869
0.728869
0.728869
0.728869
0.728869
0.728869
0.728869
0.728869
0
0
0
0
0
0
0
0
0
0
0
0
0
0
0
0
0
0
0
0
0
0
0
0
0
0
0
0
0
0
0
0
0
0
0
0
0
0
0
0
0
0
0
0
0
0
0
0
0
0
0
0
0
0
0
0
0
0
0
0
0
0
0
0
0
0
0
0
0
0
0
0
0
0
0
0
0
0
0
0
0
0
0
0.728869
0.728869
0.728869
0.728869
0.728869
0.728869
0.728869
0.728869
0.728869
0.728869
0.728869
0.728869
0.728869
0.728869
0.728869
0.728869
0
0.728869
0.728869
0.728869
0.728869
0.728869
0.728869
0.728869
0.728869
0.728869
0.728869
0.728869
0.728869
0.728869
0.728869
0.728869
0.728869
0.728869
0.728869
0.728869
0.728869
0.364434
0.364434
0.364434
0.728869
0.728869
0.728869
0.728869
0.728869
0.728869
0.728869
0.728869
0.728869
0.728869
0.728869
0.728869
0.728869
0
0.728869
0.728869
0.728869
0.728869
0.728869
0
0.728869
0.728869
0.728869
0.728869
0.728869
0.728869
0.728869
0
0
0.364434
0.364434
0.364434
0
0
0.515388
0
0
0
0.595119
0.595119
0.595119
0.595119
0
0
0
0.728869
0.728869
0.728869
0
0
0
0
0.28797
0.28797
0.261817
0.261817
0.261817
0.261817
0.261817
0.261817
0.261817
0.261817
0.0525503
0.0525503
0.0525503
0.0525503
0.0525503
0.0525503
0.0525503
0.261817
0.264497
0.261817
0.262347
0
0
0.262347
0
0
0
0
0.261817
0.261817
0.265593
0.265593
0
0
0
0
0.266145
0
0
0.266145
0.266145
0.266145
0.155395
0.155395
0.155395
0.155395
0
0.157192
0.157192
0.157192
0.222349
0.222349
0.222349
0.222349
0
0
0
0
0
0
0
0
0
0
0
0.141588
0.141588
0
0.141588
0.141588
0.141588
0.141588
0.141588
0.141588
0.141588
0.141588
0.141588
0.141588
0.141588
0
0.057084
0.0571004
0
0
0
0
0
0
0
0
0
0
0
0
0
0
0
0
0
0
0
0
0
0
0
0
0
0
0
0
0
0
0
0
0
0
0
0
0
0
0
0
0
0
0
0
0
0
0
0
0
0
0
0
0
0
0
0
0
0
0
0
0
0
0
0
0
0
0
0
0
0
0
0
0
0
0
0
0
0
0
0
0
0
0
0
0
0
0
0
0
0
0
0
0
0
0
0
0
0
0
0
0
0
0
0
0
0
0
0
0
0
0
0
0
0
0
0
0
0
0
0
0
0
0
0
0
0
0
0
0
0
0
0
0
0
0
0
0
0
0
0
0
0
0
0
0
0
0
0
0
0
0
0
0
0
0
0
0
0
0
0
0
0
0
0
0
0
0
0
0
0
0
0
0
0
0
0
0
0
0
0
0
0
0
0
0
0
0
0
0
0
0
0
0
0.052427
0.279252
0.279252
0.279252
0.279252
0
0
0
0
0
0
0
0
0
0
0
0
0
0
0
0
0
0
0
0
0
0
0
0
0
0
0
0
0
0
0
0
0
0
0
0
0
0
0
0
0
0
0
0
0
0
0
0
0
0
0
0
0
0
0
0
0
0.0525077
0.0525077
0.0525077
0.0525077
0.0525077
0.0144013
0.0144013
0.0144013
0.0144013
0.0144013
0.0144013
0.0144013
0.0144013
0.0144013
0.0144013
0.0538612
0.0538612
0.0538612
0.0538612
0.0538612
0.0538612
0.0538612
0.0538612
0.0538612
0.0538612
0.0538612
0.0538612
0.0538612
0.0538612
0.0538612
0
0
0
0
0
0
0
0
0
0
0
0
0
0
0
0
0
0
0
0
0
0
0
0
0
0
0
0
0
0
0
0
0
0
0
0
0
0
0
0
0
0
0
0
0
0
0
0
0
0
0
0
0
0
0
0
0
0
0
0
0
0
0
0
0
0
0
0
0
0
0
0
0
0
0
0
0
0
0
0
0
0
0
0
0
0
0
0
0
0
0
0
0
0
0
0
0
0
0
0
0
0
0
0
0
0.0192744
0
0.0365312
0.0527132
0
0
0.0526316
0
0
0
0.0527003
0.0530921
0.0528603
0
0
0
0
0
0
0
0
0
0
0
0
0
0
0
0
0
0
0
0
0
0
0
0
0
0.0294628
0.0294628
0.0294628
0.0294628
0.0294628
0.0294628
0
0.0294628
0.0526874
0.0526874
0.0526874
0.0526874
0.0526874
0.0526874
0.0526874
0.0528908
0.0528908
0.0528908
0
0
0
0
0
0
0
0
0
0
0
0
0
0
0
0
0
0
0
0
0
0
0
0
0
0
0
0
0
0
0
0
0
0
0
0
0
0
0
0
0
0
0
0
0
0
0
0
0
0
0
0
0
0
0
0
0
0
0
0
0
0
0
0
0
0
0
0
0
0
0
0
0.0527089
0.0527089
0.0528951
0.0527089
0.0529999
0.0529999
0.0529999
0.0526487
0.0526487
0.0530043
0.0526487
0.0526487
0.0526487
0.0529431
0.0530043
0.0529431
0.0529431
0.0530043
0.0529431
0.0527132
0
0.0527132
0.0527132
0.0527607
0.0528951
0
0
0
0
0
0
0
0
0
0.0528951
0
0
0.0528951
0.0528951
0.0528951
0.0528951
0.0527003
0.0527003
0.0527003
0.0527003
0.0527003
0.0527003
0.0528951
0.0527003
0
0
0
0
0
0
0
0
0
0
0
0
0
0
0
0
0
0
0
0
0
0
0
0
0
0
0
0
0
0
0
0
0
0
0
0
0
0
0
0
0
0
0
0
0
0
0
0
0
0
0
0
0
0
0
0
0
0
0
0
0
0
0
0
0
0
0
0
0
0
0
0
0
0
0
0
0
0
0.0529474
0.0529474
0
0
0.0529256
0.0529256
0.0529256
0.0528995
0.0528995
0.0528864
0
0
0
0.0846578
0.0846578
0.0529999
0.0529955
0
0
0
0
0.0529955
0.0529955
0.0529955
0.0529955
0.0529955
0.0529999
0.0529999
0
0
0
0
0
0
0
0.0529955
0
0.0529955
0
0.0529955
0.0529999
0.0529999
0.0529999
0.0529955
0.0529955
0.0591191
0
0
0
0
0
0.0531185
0
0
0
0
0
0
0.0299722
0
0.0534792
0.0534792
0.0535243
0.0534792
0
0
0
0
0
0
0
0
0
0
0
0
0
0
0
0
0
0
0
0
0
0
0
0
0
0
0
0
0
0
0
0
0
0
0
0
0
0
0
0
0
0
0
0
0
0
0
0
0
0
0
0
0
0
0
0
0
0
0
0
0
0
0
0
0
0
0
0
0
0
0
0
0
0
0
0
0
0
0
0
0
0
0
0
0
0
0
0
0
0
0
0
0
0
0
0
0
0
0
0
0
0
0
0
0
0
0
0
0
0
0
0
0
0
0
0
0
0
0
0
0
0
0
0
0
0
0
0
0
0
0
0
0
0
0
0
0
0
0
0
0
0
0
0
0
0
0
0
0
0
0
0
0
0
0
0
0
0
0
0
0
0
0
0
0
0
0
0
0
0
0
0
0
0
0
0
0
0
0
0
0
0
0
0
0
0
0
0
0
0
0
0
0
0
0
0
0
0
0
0
0
0
0
0
0
0
0
0
0
0
0
0
0
0
0
0
0
0
0
0
0
0
0
0
0
0
0
0
0
0
0
0
0
0
0
0
0
0
0
0
0
0
0.0314677
0.054965
0.054965
0.0529999
0.0527823
0.00464937
0.00464937
0.054965
0.054965
0
0.054965
0.054965
0
0.0528908
0.0528908
0
0
0
0
0
0
0
0
0
0
0
0
0
0
0
0
0
0
0
0
0
0
0
0
0
0
0
0.0559789
0.0547851
0.0684811
0
0
0.047196
0
0
0
0.0431083
0
0
0
0.0535017
0
0
0
0
0
0
0
0
0.0542561
0
0
0
0
0.0529911
0
0.0308279
0
0
0.0528169
0
0.0183618
0
0
0
0
0
0.0543408
0
0.0524992
0.0524992
0.0524992
0.0524992
0
0
0
0.0524992
0.0524992
0.0524992
0.0524992
0
0
0
0.05241
0.05241
0.05241
0.05241
0.0525546
0
0
0
0
0
0
0
0
0
0
0
0
0
0
0
0
0
0
0
0
0
0
0
0
0
0
0
0
0
0
0
0
0
0
0
0
0
0
0
0
0
0
0
0
0
0
0
0
0
0
0
0
0
0
0
0
0
0
0
0
0
0
0
0
0
0
0
0
0
0
0
0
0
0
0
0
0
0
0
0
0
0
0
0
0
0
0
0
0
0
0
0
0
0
0
0
0
0
0
0
0
0
0
0
0
0
0
0
0
0
0
0
0
0
0
0
0
0
0
0
0
0
0
0
0
0
0
0
0
0
0
0
0
0
0
0
0
0
0
0
0
0
0
0
0
0
0
0
0
0
0
0
0
0
0
0
0
0
0
0
0
0
0
0
0
0
0
0
0
0
0
0
0
0
0
0
0
0
0
0
0
0
0
0
0
0
0
0
0
0
0
0
0
0
0
0
0
0
0
0
0
0
0
0
0
0
0
0
0
0
0
0
0
0
0
0
0
0
0
0
0
0
0
0
0
0
0
0
0
0
0
0
0
0
0
0
0
0
0
0
0
0
0
0
0
0
0
0
0
0
0
0
0
0
0
0
0
0
0
0
0
0
0
0
0
0
0
0
0
0
0
0
0
0
0
0
0
0
0
0
0
0
0
0
0
0
0
0
0
0
0
0
0
0
0
0
0
0
0
0
0
0
0
0
0
0
0
0
0
0
0
0
0
0
0
0
0
0
0
0
0
0
0
0
0
0
0
0
0
0
0
0
0
0
0
0
0
0
0
0
0
0
0
0
0
0
0
0
0
0
0
0
0
0
0
0
0
0
0
0
0
0
0
0
0
0
0
0
0
0
0
0
0
0
0
0
0
0
0
0
0
0
0
0
0
0
0
0
0
0
0
0
0
0
0
0
0
0
0
0
0
0
0
0
0
0
0
0
0
0
0
0
0
0
0
0
0
0
0
0
0
0
0
0
0
0
0
0
0
0
0
0
0
0
0
0
0
0
0
0
0
0
0
0
0
0
0
0
0
0
0
0
0
0
0
0
0
0
0
0
0
0
0
0
0
0
0
0
0
0
0
0
0
0
0
0
0
0
0
0
0.054965
0.054965
0.054965
0.054965
0.054965
0.052546
0.054965
0
0
0
0
0.054965
0.054965
0.054965
0.054965
0
0
0
0
0
0
0
0
0
0
0
0
0
0
0
0.054965
0.054965
0
0.054965
0.054965
0
0.054965
0.054965
0
0
0
0
0
0
0.054965
0.054965
0
0
0
0
0
0
0
0
0
0
0
0
0
0
0
0.054965
0
0.054965
0
0
0.054965
0
0
0
0
0
0
0
0
0
0
0
0
0
0
0
0.054965
0
0
0
0
0
0
0
0
0
0
0
0
0
0
0
0
0
0
0
0
0
0
0
0
0
0
0
0
0
0
0
0
0
0
0
0
0
0
0
0
0
0
0
0
0
0
0
0
0
0
0
0
0
0
0
0
0
0
0
0
0
0
0
0
0
0
0
0
0
0
0
0
0
0
0
0
0
0
0
0
0
0
0
0
0
0
0
0
0
0
0
0
0
0
0
0
0
0
0
0
0
0
0
0
0
0
0
0.054965
0
0
0
0.054965
0
0.054965
0
0.054965
0
0.054965
0
0
0
0
0
0.054965
0
0.054965
0
0
0
0
0
0
0
0
0
0
0
0
0
0
0
0
0
0
0
0
0
0
0
0.054965
0.054965
0.054965
0.054965
0
0
0
0
0
0
0
0
0
0
0
0
0
0
0
0
0
0
0
0
0
0
0
0
0
0
0
0
0
0
0
0
0
0
0.0525503
0
0
0
0
0
0
0
0
0
0
0
0
0
0
0
0
0
0
0
0
0
0
0
0
0
0
0
0
0
0.054965
0.054965
0.054965
0
0.054965
0.054965
0
0.054965
0.054965
0.054965
0.054965
0.054965
0
0
0
0
0
0.054965
0
0.054965
0
0
0
0.054965
0.054965
0
0
0
0
0.054965
0.054965
0.054965
0.054965
0.054965
0.054965
0.054965
0.054965
0.054965
0.054965
0.054965
0.054965
0
0
0
0
0
0
0
0
0
0
0
0
0
0
0
0
0
0
0
0
0
0
0
0
0
0
0
0
0
0
0
0
0
0
0
0
0
0
0
0
0
0
0
0
0
0
0
0
0
0
0
0
0
0
0
0
0
0
0
0
0
0
0
0
0
0
0
0
0
0
0
0
0
0
0
0
0
0
0
0
0
0
0
0
0
0
0
0
0
0
0
0
0
0
0
0
0
0
0
0
0
0
0
0
0
0
0
0
0
0
0
0
0
0
0
0
0
0
0
0
0
0
0.054965
0.054965
0
0
0.054965
0.054965
0.054965
0.054965
0.054965
0.054965
0
0
0
0.054965
0.054965
0
0.054965
0
0.054965
0
0.054965
0.054965
0.054965
0
0
0
0
0
0.054965
0
0
0
0
0.054965
0
0.054965
0.054965
0.054965
0.054965
0
0.054965
0.054965
0.054965
0.054965
0.054965
0.054965
0.054965
0.054965
0
0.054965
0
0
0
0
0
0
0
0
0
0.054965
0.054965
0.054965
0.054965
0.054965
0.054965
0.054965
0.054965
0.054965
0.054965
0.054965
0.054965
0.054965
0.054965
0
0
0
0
0
0
0
0
0
0
0
0.054965
0.054965
0
0.054965
0
0
0
0
0
0
0
0
0
0
0
0
0
0
0
0
0
0
0
0
0
0
0
0
0
0
0
0
0.054965
0
0
0
0
0
0
0
0
0
0.054965
0.054965
0.054965
0.054965
0.054965
0.054965
0.054965
0.054965
0.054965
0.054965
0
0.054965
0
0.054965
0.054965
0.054965
0.054965
0.054965
0
0.054965
0.054965
0.054965
0.054965
0.054965
0
0
0
0
0.054965
0
0.054965
0
0
0
0
0
0
0
0
0
0
0
0
0
0
0
0
0
0
0
0
0
0
0
0
0
0
0
0
0
0
0
0
0
0
0
0.054965
0
0
0
0
0
0
0
0
0
0
0
0
0
0
0
0
0
0
0
0
0
0
0
0
0
0
0
0
0
0
0
0
0
0
0
0
0
0
0
0
0
0
0
0
0
0
0
0
0
0
0
0
0
0
0
0
0
0
0
0
0
0
0
0
0
0.054965
0.054965
0.054965
0.054965
0.054965
0
0
0
0
0
0
0
0
0
0
0
0
0
0
0
0
0
0
0
0
0
0
0
0
0
0
0
0
0
0
0
0
0
0
0
0
0
0
0
0
0
0
0
0
0
0
0
0
0
0
0
0
0
0
0
0
0
0
0
0
0
0
0
0
0
0
0
0
0
0
0
0
0
0
0
0
0
0
0
0
0
0.054965
0.054965
0.054965
0.054965
0.054965
0
0
0
0
0
0
0
0.054965
0.054965
0.054965
0.054965
0
0
0
0
0
0
0
0
0
0
0
0
0.054965
0
0
0
0
0
0
0
0
0
0
0
0
0
0
0
0
0
0
0
0
0
0
0
0
0
0
0
0
0
0
0
0
0
0
0
0
0
0
0
0
0
0
0
0
0
0
0
0
0
0.054965
0.0528647
0.0528647
0.0528647
0.0528647
0.0528647
0.0528647
0.0528647
0.0528647
0
0.0528647
0.0528647
0.0528647
0.0528647
0.0528647
0.0528647
0
0
0
0
0
0
0
0
0.052869
0.052869
0.052869
0.052869
0.052869
0.052869
0.052869
0
0
0.052869
0
0
0.0641889
0
0.0641889
0.0641889
0.0641889
0.0641889
0.0641889
0.0641889
0.0641889
0.0641889
0.0641889
0.0641889
0.0642045
0.0642045
0
0
0.0642045
0
0
0
0
0
0
0
0
0
0
0
0
0
0
0
0
0
0
0
0
0
0
0
0
0
0
0
0
0
0
0
0
0
0
0
0
0
0
0
0
0
0
0
0
0
0
0
0
0.0199261
0.0514719
0
0
0
0.052869
0.052869
0.052869
0.0651107
0.0651107
0.0651269
0
0
0
0.052869
0.052869
0.0529474
0.0529474
0.052869
0.052869
0.0528777
0.0364763
0.0364763
0.0528777
0.0529082
0.0529082
0.0529082
0.0529082
0.0528777
0.0528777
0.0528777
0.0364763
0.0364763
0.0364763
0.0364763
0.0364763
0.0387565
0.0364763
0.0364763
0.0364763
0
0.0364763
0.0364763
0.0364763
0.0364763
0.0364763
0.0364763
0.0364763
0
0
0
0
0
0.052869
0.052869
0.052869
0.052869
0
0.052869
0
0
0
0
0
0
0.052869
0
0.052869
0.0591434
0.052869
0.052869
0.052869
0.0591434
0.0591434
0.0533205
0.0596862
0.0596862
0.0596862
0.0596862
0.0596862
0.0596862
0
0
0
0
0
0
0
0
0
0.0604317
0.0604252
0
0.0633201
0.0633201
0.0633201
0.0529474
0.0529474
0
0
0
0.279252
0
0
0
0
0
0
0
0
0.0524992
0.0524992
0.0524992
0.0524992
0.0524992
0.28797
0.296022
0
0
0
0
0.27735
0.27735
0.27735
0
0.279252
0.279252
0.279252
0.279252
0.279252
0.279252
0.279252
0.279252
0.279252
0.279252
0.279252
0.279252
0.279252
0.279252
0.279252
0.279252
0.279252
0.279252
0.279252
0.279252
0.279252
0.279252
0.279252
0.279252
0.279252
0.279252
0.279252
0.279252
0.279252
0.279252
0.279252
0.279252
0.279252
0.279252
0.279252
0.279252
0.279252
0.279252
0.279252
0.279252
0.279252
0.279252
0.279252
0.279252
0.279252
0.279252
0.279252
0.279252
0.279252
0.279252
0.279252
0.279252
0.279252
0.279252
0.279252
0.279252
0.279252
0.279252
0.279252
0.279252
0.279252
0.279252
0.279252
0.279252
0.279252
0.279252
0.279252
0.279252
0.279252
0.279252
0.279252
0.279252
0.279252
0.279252
0.279252
0.279252
0.279252
0.279252
0.279252
0.279252
0.279252
0.279252
0.279252
0.279252
0.279252
0.279252
0.279252
0.279252
0.279252
0.279252
0.279252
0.279252
0.279252
0.279252
0.279252
0.279252
0.279252
0.279252
0.279252
0.279252
0.279252
0.279252
0.279252
0.279252
0.279252
0.279252
0.279252
0.279252
0.279252
0.279252
0.279252
0.279252
0.279252
0.279252
0.279252
0.279252
0.279252
0.293016
0
0
0
0
0
0
0
0
0
0
0
0
0
0
0
0
0
0.298337
0.298337
0
0.298337
0
0
0
0
0
0.298337
0
0.298337
0
0.298337
0
0.298337
0
0.298337
0
0.298337
0
0.298337
0
0.298337
0
0.298337
0
0.298337
0.298337
0
0.298337
0
0.298337
0
0.298337
0
0.298337
0
0
0
0
0
0.298337
0
0.298337
0
0.298337
0
0.298337
0
0.298337
0
0.298337
0.298337
0
0.298337
0.298337
0
0.298337
0
0.298337
0
0.298337
0.298337
0
0
0
0
0
0
0
0
0
0
0
0
0
0
0
0
0
0
0
0
0
0
0
0
0
0
0
0
0
0
0
0
0
0
0
0
0
0
0
0
0
0
0
0
0
0
0
0
0
0
0
0
0
0
0
0
0
0
0
0
0
0
0
0
0
0
0
0
0
0
0
0
0
0
0
0
0
0
0
0
0
0
0
0
0
0
0
0
0
0
0
0
0
0
0
0
0
0
0
0
0
0
0
0
0
0
0
0
0
0
0
0
0
0
0
0
0
0
0
0
0
0
0
0
0
0
0
0
0
0
0
0
0
0
0
0
0
0
0
0
0
0
0
0
0
0
0
0
0
0
0
0
0
0
0
0.298337
0.298337
0.298337
0.298337
0
0
0
0
0
0
0
0
0
0
0
0
0
0
0
0
0
0
0
0
0
0
0
0
0.298337
0
0
0.303137
0.303137
0.303137
0.303137
0
0.303137
0
0.303137
0.298337
0
0
0
0.279252
0
0
0
0
0
0
0
0
0.279252
0
0.279252
0.279252
0
0
0.0319362
0.0587459
0.0319362
0.0319362
0.0319362
0.0319362
0.0319362
0.0319362
0
0.0323543
0.0319362
0.0319362
0.0319362
0.0587459
0.0587459
0.0587459
0.0587459
0.0587459
0.0587459
0.0587459
0
0
0
0
0
0
0
0.0587459
0
0
0
0.0597113
0.145774
0.145774
0
0.145774
0
0
0.0603539
0.0594068
0.0594068
0.0594068
0.0594068
0.0594068
0.0594068
0
0
0
0
0
0
0.0610914
0.0610914
0.0500897
0.0167346
0
0.01971
0
0
0
0.0488029
0.0488029
0
0.048808
0
0.048808
0
0
0
0
0
0
0.0485409
0.0485409
0
0
0.0524185
0.0524185
0.0524185
0.0524185
0.0524185
0.0524185
0.0524651
0.0524312
0.0525503
0.0524185
0
0.0525503
0.0525503
0
0
0
0
0
0.0530789
0.0530789
0
0
0.0530745
0.0530745
0.0530745
0.0530745
0.0530745
0.0530745
0.0530745
0.0530789
0.0530745
0.0530789
0.0530789
0.0530789
0.0530789
0.0530921
0.0562649
0
0
0.0531715
0.0531715
0.0531715
0.0531715
0.0531715
0
0
0
0
0
0
0
0
0
0
0
0
0
0
0
0
0
0
0
0
0
0
0
0
0
0
0
0
0
0
0
0
0
0
0
0
0
0
0
0
0
0
0.0792032
0.0562858
0.0562858
0.0562858
0
0
0
0
0
0
0
0
0
0
0.0562544
0.0562544
0.0562544
0.0562544
0.0562544
0.0562544
0.0562544
0
0
0
0
0
0
0
0
0.0562963
0.0562963
0
0
0.0562858
0.0562858
0.0562858
0
0
0
0
0
0
0
0
0
0
0
0
0
0
0
0
0
0
0
0
0
0
0
0
0
0
0
0
0
0
0
0
0
0
0
0
0
0
0.0562858
0
0
0
0
0
0
0
0
0
0
0
0
0
0
0
0
0
0
0
0
0
0
0
0
0
0
0
0
0
0
0
0
0
0
0
0
0.052856
0.052856
0.0524992
0.0524992
0.0524992
0.0524992
0.0524992
0.0524992
0.0524992
0.0524992
0.0524992
0.0524992
0.0524992
0.0524992
0.0524992
0.0524992
0.0524992
0.0524992
0.0524992
0.0524992
0.0524992
0.0524992
0.0524992
0.0524992
0
0
0
0.0524992
0.0524992
0.0524992
0.0524992
0.0524992
0.0524992
0.0524992
0.0524992
0.0524992
0.0525546
0.0525546
0.0525546
0.0525631
0.0525631
0.0525546
0.0525546
0.0525631
0.0529169
0
0
0
0.0525546
0
0.132934
0
0.133003
0.134338
0.0525546
0
0.0525546
0
0.0525546
0.0525546
0.0525546
0.0525546
0.0525546
0.078326
0.0525546
0.0525546
0
0
0.0563541
0.0563541
0.0563647
0.0563647
0.0563541
0.0563541
0
0
0.0563068
0.0563068
0.0563068
0.0563068
0.0563068
0.0563068
0
0
0
0
0
0.0563489
0.0563068
0.0563068
0.0563068
0.0563068
0.0563068
0.566352
0.566352
0.0563068
0.0563068
0.0563068
0.056428
0.056428
0.0563068
0.0563068
0
0.0563068
0
0.0563068
0.0563068
0.0563068
0
0.0563068
0.0563068
0
0
0
0.0563068
0.0563068
0.0563068
0.0563068
0.0563068
0.0563068
0.0563068
0.0563068
0.0563068
0.0563068
0.0563068
0.0563068
0.056428
0.056428
0.056428
0
0.056428
0.0563068
0.0563068
0.0563068
0.0563068
0
0.0563068
0.0563068
0
0
0
0.482573
0.298337
0.298337
0.298337
0
0
0
0
0
0.298337
0
0
0
0
0
0
0
0
0
0
0.293016
0
0
0.290821
0
0.290821
0.290821
0.290821
0.290821
0.290821
0.290821
0.290821
0.290821
0.290821
0
0
0.290821
0
0.290821
0
0.290821
0.293016
0.293016
0
0.298337
0
0.298337
0
0
0.298337
0.298337
0.298337
0
0.303137
0
0.303137
0
0.303137
0
0.303137
0
0.303137
0.292279
0.292279
0.290821
0.290821
0.290821
0.290821
0
0
0
0
0
0.298337
0.298337
0.298337
0.298337
0
0.298337
0.298337
0.298337
0
0.303137
0
0.303137
0
0.303137
0
0.303137
0.303137
0
0
0
0
0
0
0
0
0
0
0
0
0
0
0
0
0
0
0
0
0
0
0
0
0
0
0
0
0.298337
0
0
0
0
0
0
0.298337
0
0
0
0
0
0
0
0
0
0
0
0.0679213
0.0679213
0
0.0679213
0.0679213
0.0679213
0
0.0679213
0.293016
0.293016
0
0.0550433
0.0567477
0
0
0
0
0
0
0
0
0
0.0479358
0
0
0
0
0
0
0
0
0
0
0.141588
0.141588
0
0.141588
0.141588
0.141588
0.141588
0.141588
0
0
0
0
0
0
0
0
0
0
0
0
0
0
0
0
0
0
0
0
0
0
0
0
0
0.0549699
0.0549699
0.0549699
0
0
0
0
0
0
0
0
0
0
0
0
0
0
0
0
0
0
0
0
0
0
0
0
0
0
0
0
0
0
0
0
0
0
0
0.0679213
0.0679213
0
0.0679213
0
0.0679213
0.0679213
0.0679213
0.0679213
0.0679213
0.0679213
0.0679213
0
0
0.0679213
0.0679213
0.0679674
0.0679674
0
0
0.0679674
0.0679674
0.0679213
0
0
0
0
0
0
0
0
0
0
0
0
0
0
0.0679582
0.0679582
0.0679582
0.0679582
0
0.0679582
0.0911086
0.0911086
0
0
0
0
0
0.105203
0
0
0.0679582
0.0679582
0
0
0.0679582
0.0679582
0.0679582
0
0.0679582
0
0
0
0.0679582
0.566352
0.566352
0.0679582
0.0679582
0.0679582
0
0.0680044
0
0
0
0
0
0
0
0
0
0
0
0
0
0
0
0
0
0.0529518
0.387869
0
0
0
0.374828
0.374828
0
0
0.0707419
0.0707419
0.0707419
0.0707419
0.0707419
0.0707419
0.0707419
0.0707419
0.0707419
0.0707419
0
0
0
0
0
0
0
0
0
0
0
0
0
0
0
0
0
0
0
0
0
0
0
0
0
0
0.0530043
0.0530043
0.0530043
0
0
0
0
0
0
0
0.0524992
0.0524992
0
0
0.0216825
0.0216825
0.0216825
0.0216825
0.0529125
0.0529125
0.0529125
0.0528908
0
0
0
0
0.0529518
0.0529518
0.0529518
0.152812
0.152812
0
0
0
0
0
0.0529518
0.0529518
0
0.0525503
0.0266234
0.0266234
0.0266234
0.0266234
0.0768295
0.0266234
0
0.0266234
0.261817
0.261817
0
0
0
0
0
0
0
0.0529387
0.0679305
0
0
0
0
0
0
0
0
0
0
0
0
0
0
0
0
0
0
0
0
0
0
0
0
0
0
0
0
0
0
0
0
0
0
0
0
0
0
0
0
0
0
0
0
0
0
0
0
0
0
0
0
0
0
0
0
0
0
0
0
0
0
0
0
0
0
0
0
0
0
0
0
0
0
0
0
0
0
0.196116
0
0
0
0
0
0
0
0
0
0
0
0
0
0
0
0
0
0
0
0
0
0
0
0
0
0
0
0
0
0
0
0
0
0
0
0
0
0
0
0
0
0
0
0
0
0
0
0
0
0
0
0
0
0
0
0
0
0
0
0
0
0
0
0
0
0
0
0
0
0
0
0
0
0
0
0
0
0
0
0
0
0
0
0
0
0
0
0
0
0
0
0
0
0
0
0
0
0
0
0
0
0
0
0
0
0
0
0
0
0
0
0
0
0
0
0
0
0
0
0
0
0
0
0
0
0
0
0
0
0
0
0
0
0
0
0
0
0
0
0
0
0
0
0
0
0
0
0
0
0
0
0
0
0
0
0
0
0
0
0
0
0
0
0
0
0
0
0
0
0
0
0
0
0
0
0
0
0
0
0
0
0
0
0
0
0
0
0
0
0
0
0.101565
0.101565
0.101565
0.101565
0.101565
0.101565
0.101565
0.101565
0.101565
0.0285557
0.0285557
0
0.240874
0
0.0285557
0
0.102345
0
0
0
0
0
0
0
0
0
0
0
0
0
0
0
0
0
0
0
0
0
0
0
0
0
0
0
0
0
0
0
0
0
0
0
0
0
0.0525503
0
0
0
0
0
0
0
0
0
0
0
0
0
0.274874
0.274874
0.274874
0.274874
0.274874
0.0525503
0.0525503
0.0525503
0.0525503
0.0525503
0.0525503
0.0525503
0.274874
0.274874
0.274874
0.35887
0.274874
0.274874
0.274874
0.274874
0
0
0
0
0
0
0
0
0
0.274874
0
0.274874
0.274874
0.274874
0.274874
0
0
0.274874
0
0
0
0.274874
0.274874
0.244326
0.244326
0
0
0
0
0
0.259233
0.259233
0.259233
0
0
0
0
0
0
0
0
0
0.244326
0.274874
0.274874
0.274874
0
0.187608
0.187608
0.181862
0.181862
0.181862
0.181862
0.181862
0.181862
0.181862
0.181862
0.181862
0
0
0
0
0
0
0
0
0
0
0.181862
0.181862
0.181862
0
0
0.188193
0.188193
0
0
0
0.181862
0
0
0.181862
0.181862
0.181862
0.181862
0.184947
0.184947
0.184947
0.184947
0.184947
0.184947
0
0.184947
0.153872
0.181862
0
0
0
0
0
0
0
0
0
0
0
0
0
0
0
0
0
0
0
0
0
0
0
0
0
0
0
0
0
0
0
0
0
0
0.298337
0.303137
0
0
0.279252
0
0
0
0
0
0
0
0
0
0.279252
0
0.279252
0
0.279252
0
0.279252
0
0
0
0
0.279252
0
0
0
0
0.279252
0
0
0.279252
0
0
0
0.279252
0
0.279252
0
0
0.279252
0
0
0
0.279252
0
0.279252
0
0.279252
0
0
0.279252
0
0
0.279252
0.300708
0.279252
0
0
0.279252
0
0.279252
0
0.279252
0
0.279252
0
0.279252
0
0.279252
0
0.279252
0
0
0
0
0
0
0.279252
0
0.279252
0
0.279252
0
0.279252
0.303137
0.279252
0
0.279252
0
0.279252
0
0.279252
0
0.279252
0
0.279252
0
0.279252
0
0.279252
0
0.279252
0
0.279252
0
0.279252
0
0.279252
0
0.279252
0
0.279252
0
0
0
0
0.279252
0
0
0
0.279252
0
0.279252
0
0.279252
0
0
0
0
0
0
0
0
0
0
0.279252
0
0.279252
0
0.279252
0
0.279252
0
0.279252
0
0.279252
0
0.279252
0
0.279252
0
0.279252
0
0.279252
0
0.279252
0
0.279252
0
0
0.279252
0
0
0
0.279252
0
0.279252
0
0.279252
0
0.279252
0
0.279252
0
0.279252
0
0.279252
0
0.279252
0
0.279252
0
0.279252
0
0.279252
0
0.279252
0
0.279252
0
0.279252
0
0.279252
0
0.279252
0
0.279252
0
0.279252
0
0.279252
0
0.279252
0
0.279252
0
0.279252
0
0.279252
0
0.279252
0
0
0
0
0
0
0
0
0.279252
0
0
0
0
0
0
0
0
0.279252
0
0.279252
0
0.279252
0
0.279252
0
0.279252
0
0.279252
0
0.279252
0
0.052546
0.052546
0.052546
0.052546
0.052546
0.052546
0.052546
0.052546
0.052546
0.052546
0.052546
0.052546
0.052546
0.052546
0.052546
0.052546
0.052546
0.052546
0.052546
0.052546
0.052546
0.052546
0.052546
0.052546
0.052546
0.052546
0.052546
0.052546
0.052546
0.052546
0.052546
0.052546
0.052546
0.052546
0.052546
0.052546
0.052546
0.052546
0.052546
0.052546
0.052546
0.052546
0.052546
0.052546
0.052546
0.052546
0.052546
0.052546
0.052546
0.052546
0.052546
0.052546
0.052546
0.052546
0.052546
0.052546
0.052546
0.052546
0.052546
0.052546
0.052546
0.052546
0.052546
0.052546
0.052546
0.052546
0.052546
0.052546
0.052546
0.052546
0.052546
0.052546
0.052546
0.052546
0.052546
0.052546
0.052546
0.052546
0.052546
0.052546
0.052546
0.052546
0.052546
0.052546
0.052546
0.052546
0.052546
0.052546
0.052546
0.052546
0.052546
0.052546
0.052546
0.052546
0.052546
0.052546
0.052546
0.052546
0.052546
0.052546
0.052546
0.052546
0.052546
0.052546
0.052546
0.052546
0.052546
0.052546
0.052546
0.052546
0.052546
0.052546
0.052546
0.052546
0.052546
0.052546
0.052546
0.052546
0.052546
0.052546
0.052546
0.052546
0.052546
0.052546
0.052546
0.052546
0.052546
0.052546
0.052546
0.052546
0.052546
0.052546
0.052546
0.052546
0.052546
0.052546
0.052546
0.052546
0.052546
0.052546
0.052546
0.052546
0.052546
0.052546
0
0
0
0
0
0
0
0
0
0
0
0
0
0
0
0
0
0
0
0
0
0
0
0
0
0
0
0
0.302321
0
0.302321
0.302321
0
0
0
0
0
0
0
0
0
0
0
0.302321
0
0
0
0
0
0
0
0
0
0
0
0
0
0
0
0
0
0
0.0525546
0.129673
0.0526316
0.0526316
0.0525546
0
0
0
0
0.0526316
0.0526316
0
0
0
0
0
0
0
0
0
0
0
0
0
0
0
0
0
0
0
0
0
0
0
0
0
0
0
0
0
0
0
0
0
0
0
0
0
0
0
0
0
0
0
0
0
0
0
0
0
0
0
0
0
0
0
0
0
0
0
0
0
0
0
0
0
0
0.0525631
0
0
0
0
0
0
0
0
0
0
0
0
0
0.0529125
0
0
0
0
0
0
0
0
0
0
0
0
0.303137
0
0
0
0
0.298337
0
0
0
0.0525546
0.0707419
0
0
0
0
0
0
0
0
0
0
0
0
0
0
0
0
0
0
0.293016
0.293016
0.293016
0.293016
0.293016
0.293016
0.293016
0.293016
0.293016
0.293016
0.293016
0.298337
0.298337
0.298337
0.298337
0.298337
0.268391
0.268391
0
0
0
0
0
0
0
0
0
0
0
0
0
0
0
0
0
0
0
0
0
0
0
0.0525503
0.0525503
0.0525503
0.0525503
0.0525503
0.0525503
0.0525503
0.0525503
0.0525503
0.0525503
0.0525503
0.0525503
0.0525503
0.0525503
0.0525503
0.0525503
0.0525503
0.0525503
0.0525503
0.0525503
0.0525503
0.0525503
0.0525503
0.0525503
0.0525503
0.0525503
0.0525503
0.0525503
0.0525503
0.0525503
0.0525503
0
0
0
0
0
0
0
0
0
0
0
0
0
0
0
0
0
0
0
0
0
0
0
0
0
0
0
0
0
0
0
0
0
0
0
0
0
0
0
0
0
0
0
0
0
0
0
0
0
0
0
0
0
0
0
0
0
0
0
0
0
0
0
0
0
0
0
0
0
0
0
0
0
0
0
0
0
0
0
0
0
0
0
0
0
0
0
0
0
0
0
0
0
0
0
0
0
0
0
0
0
0
0
0
0
0
0
0
0
0
0
0
0
0
0
0
0
0
0
0
0
0
0
0
0
0
0
0
0
0
0
0
0
0
0
0
0
0
0
0
0
0
0
0
0
0
0
0
0
0
0
0
0
0
0
0
0
0
0
0
0
0
0
0
0
0
0
0
0
0
0
0
0
0
0
0
0
0
0
0
0
0
0
0
0
0
0
0
0
0
0
0
0
0
0
0
0
0
0
0
0
0
0
0
0
0
0
0
0
0
0
0
0
0
0
0
0
0
0
0
0
0
0
0
0
0
0
0
0
0
0
0
0
0
0
0
0
0
0
0
0
0
0
0
0
0
0
0
0
0
0
0
0
0
0
0
0
0
0
0
0
0
0
0
0
0
0
0
0
0
0
0
0
0
0
0
0
0
0
0
0
0
0
0
0
0
0
0
0
0
0
0
0
0
0
0
0
0
0
0
0
0
0
0
0
0
0
0
0
0
0
0
0
0
0
0
0
0
0
0
0
0
0
0
0
0
0
0
0
0
0
0
0
0
0
0
0
0
0
0
0
0
0
0
0
0
0
0
0
0
0
0
0
0
0
0
0
0
0
0
0
0
0
0
0
0
0
0
0
0
0
0
0
0
0
0
0
0
0
0
0
0
0
0
0
0
0
0
0
0
0
0
0
0
0
0
0
0
0
0
0
0
0
0
0
0
0
0
0
0
0
0
0
0
0
0
0
0
0
0
0
0
0
0
0
0
0
0
0
0
0
0
0
0
0
0
0
0
0
0
0
0
0
0
0
0
0
0
0
0
0
0
0
0
0
0
0
0
0
0
0
0
0
0
0
0
0
0
0
0
0
0
0
0
0
0
0
0
0
0
0
0
0
0
0
0
0
0
0
0
0
0
0
0
0
0
0
0
0
0
0
0
0
0
0
0
0
0
0
0
0
0
0
0
0
0
0
0
0
0
0
0
0
0
0
0
0
0
0
0
0
0
0
0
0
0
0
0
0
0
0
0
0
0
0
0
0
0
0
0
0
0
0
0
0
0
0
0
0
0
0
0
0
0
0
0
0
0
0
0
0
0
0
0
0
0
0
0
0
0
0
0
0
0
0
0
0
0
0
0
0
0
0
0
0
0
0
0
0
0
0.0525503
0.0525503
0.0525503
0.0525503
0.0525503
0.0525503
0.0525503
0.0525503
0
0
0
0
0
0
0
0
0
0
0
0
0
0
0
0
0
0
0
0
0
0
0
0
0
0
0
0
0
0
0
0
0
0
0
0
0
0
0
0
0
0
0
0
0
0
0
0
0
0
0
0
0
0
0
0
0
0
0
0
0
0
0
0
0
0
0
0
0
0
0
0
0
0
0
0
0
0
0
0
0
0
0
0.0527132
0
0
0
0
0
0
0
0
0
0
0
0
0
0
0
0
0
0
0
0
0
0
0
0
0
0
0
0
0
0
0
0
0
0
0
0
0
0
0
0
0
0
0
0
0
0
0
0
0
0
0
0
0
0
0
0
0
0
0
0
0
0
0
0
0
0
0
0
0
0
0
0
0
0
0
0
0
0
0
0
0
0
0
0
0
0
0
0
0
0
0
0.0525503
0.0525503
0.0525503
0
0
0
0
0
0
0
0
0
0
0
0
0
0
0
0
0
0
0
0
0
0
0
0
0
0
0
0
0
0
0
0
0
0
0
0
0
0
0
0
0
0
0
0
0
0
0
0
0
0
0
0
0
0
0
0
0
0
0
0
0
0
0
0
0
0
0
0
0
0
0
0
0
0
0
0
0
0
0
0
0
0
0
0
0
0
0.052856
0.052856
0.052856
0.052856
0
0
0
0
0.0525332
0.0525332
0.059919
0.059919
0.0600459
0.0324745
0.059919
0.059919
0.059919
0.059919
0.059919
0.059919
0.0323503
0.0323503
0.0323503
0.0323503
0.0323503
0.0323503
0.0323503
0
0.0323503
0.0323503
0.0381507
0.0381507
0.0381507
0.0323503
0.0323503
0.0602379
0.0602379
0.059919
0.059919
0.0349969
0.0349969
0.0349969
0.0349969
0.0349969
0.0349969
0.0349969
0.0435769
0
0.0435769
0.0435769
0
0.0435769
0.0435769
0
0
0
0
0
0
0
0.0602507
0.0602507
0.059919
0.0599316
0.0599316
0.0599316
0.0599316
0.0599316
0.0599316
0.059919
0.0494903
0.0494903
0.0494903
0.0494903
0
0.0494903
0.0494903
0
0
0
0
0
0
0
0
0
0
0
0
0
0
0.0594068
0.0594068
0.0594068
0.0594068
0.0594068
0.0594068
0.0594068
0.0594068
0.0594068
0.0594068
0.0594068
0.0594068
0.0594068
0
0
0
0
0
0
0
0
0
0
0.0813697
0
0
0
0
0
0
0
0
0
0
0
0
0
0
0
0
0
0
0
0
0
0
0
0
0
0
0
0
0
0
0
0
0
0
0
0
0
0.0528473
0.0528473
0.0528473
0.056176
0.0530921
0
0
0
0
0
0
0
0
0
0
0
0
0
0
0
0
0
0
0
0
0
0
0
0
0
0
0
0
0
0
0
0
0
0
0
0
0
0
0
0
0
0
0
0
0
0
0
0
0
0
0
0.0587459
0
0
0
0
0
0
0
0
0
0
0
0
0
0
0
0
0
0
0
0
0
0
0
0
0
0
0
0
0
0
0
0
0
0
0
0
0
0
0
0
0
0
0
0
0
0
0
0
0
0
0
0
0
0
0
0
0
0
0
0
0
0
0
0
0
0
0
0
0
0
0
0
0
0
0
0
0
0
0
0
0
0
0
0
0
0
0
0
0
0
0
0
0
0
0
0
0
0
0
0
0
0
0
0
0
0
0
0
0
0
0
0
0
0
0
0
0
0
0
0
0
0
0
0
0
0
0
0
0
0
0
0
0
0
0
0
0
0
0
0
0
0
0
0
0
0
0
0
0
0
0
0
0
0
0
0
0
0
0
0
0
0
0
0
0
0
0
0
0
0
0
0
0
0
0
0
0
0
0
0
0
0
0
0
0
0
0
0
0
0
0
0
0
0
0
0
0
0
0
0
0
0
0
0
0
0
0
0
0
0
0
0
0
0
0
0
0
0
0
0
0
0
0
0
0
0
0
0
0
0
0
0
0
0
0
0
0
0
0
0
0
0
0
0
0
0
0
0
0
0
0
0
0
0
0
0
0
0
0
0
0
0
0
0
0
0
0
0
0
0
0
0
0
0
0
0
0
0
0
0
0
0
0
0
0
0
0
0
0
0
0
0
0.054965
0.054965
0.054965
0.054965
0.054965
0.054965
0.054965
0.054965
0.054965
0.054965
0.054965
0.054965
0.054965
0.054965
0.054965
0.054965
0.054965
0.054965
0.054965
0.054965
0.054965
0.054965
0.054965
0.054965
0.054965
0.054965
0.054965
0.054965
0.054965
0.054965
0.054965
0.054965
0.054965
0.054965
0.054965
0.054965
0.054965
0.054965
0.054965
0.054965
0.054965
0.054965
0.054965
0.054965
0.054965
0.054965
0.054965
0.054965
0.054965
0.054965
0.054965
0.054965
0.054965
0.054965
0.054965
0.054965
0
0
0.054965
0.054965
0.054965
0.054965
0.054965
0.054965
0.054965
0.054965
0.054965
0.054965
0.054965
0.054965
0.054965
0.054965
0.054965
0.054965
0.054965
0.054965
0
0
0
0
0
0.054965
0.054965
0.054965
0.054965
0.054965
0.054965
0.054965
0.054965
0.054965
0.054965
0.054965
0.054965
0.054965
0.054965
0.054965
0.054965
0.054965
0.054965
0.054965
0.054965
0.054965
0.054965
0.054965
0.054965
0.054965
0.054965
0.054965
0.054965
0.054965
0.054965
0.054965
0.054965
0.054965
0.054965
0.054965
0.054965
0.054965
0.054965
0.054965
0.054965
0.054965
0.054965
0.054965
0.054965
0.054965
0.054965
0.054965
0.054965
0.054965
0.054965
0.054965
0.054965
0.054965
0.054965
0.054965
0.054965
0.054965
0.054965
0.054965
0.054965
0.054965
0.054965
0.054965
0.054965
0.054965
0.054965
0.054965
0.054965
0.054965
0.054965
0.054965
0.054965
0.054965
0.054965
0.054965
0.054965
0.054965
0.054965
0.054965
0.054965
0.054965
0.054965
0.054965
0.054965
0.054965
0.054965
0.054965
0.054965
0.054965
0.054965
0.054965
0.054965
0.054965
0.054965
0.054965
0.054965
0.054965
0.054965
0.054965
0.054965
0.054965
0.054965
0.054965
0.054965
0.054965
0.054965
0.054965
0.054965
0.054965
0.054965
0.054965
0.054965
0.054965
0.054965
0.054965
0.054965
0.054965
0.054965
0.054965
0.054965
0.054965
0.054965
0.054965
0.054965
0.054965
0.054965
0.054965
0.054965
0.054965
0.054965
0.054965
0.054965
0.054965
0.054965
0.054965
0.054965
0.054965
0.054965
0.054965
0.054965
0.054965
0.054965
0.054965
0.054965
0.054965
0.054965
0.054965
0.054965
0.054965
0.054965
0.054965
0.054965
0.054965
0.054965
0.054965
0.054965
0.054965
0.054965
0.054965
0.054965
0.054965
0.054965
0.054965
0.054965
0
0
0.054965
0.054965
0.054965
0.054965
0.054965
0.054965
0.054965
0.054965
0.054965
0.054965
0.054965
0.054965
0.054965
0.054965
0.054965
0.054965
0.054965
0.054965
0.054965
0
0
0
0
0
0.054965
0
0
0
0
0
0
0
0
0
0
0
0
0
0
0
0
0
0
0
0
0
0
0
0
0
0
0
0
0
0
0
0
0
0
0
0
0
0
0
0
0
0
0
0
0
0
0
0
0
0
0
0
0
0
0
0
0
0
0
0
0
0
0
0
0
0
0.054965
0.054965
0.054965
0
0
0
0
0
0
0
0
0
0
0
0
0
0
0
0
0
0
0
0
0
0
0.054965
0.054965
0
0
0
0
0.054965
0.054965
0.054965
0.054965
0
0
0
0
0
0.054965
0.054965
0
0
0
0.054965
0
0
0
0
0
0
0
0.054965
0.054965
0.054965
0.054965
0.054965
0.054965
0.054965
0.054965
0.054965
0.054965
0.054965
0.054965
0.054965
0
0
0
0.054965
0
0
0
0
0
0
0
0
0
0
0
0
0
0
0
0
0
0
0
0
0
0
0
0
0
0
0
0
0
0
0
0
0
0
0
0
0
0
0
0
0
0
0
0
0
0
0
0
0
0
0
0
0
0
0
0
0
0
0
0
0
0
0
0
0
0
0
0
0
0
0
0
0
0
0
0
0
0
0
0
0
0
0
0
0
0
0
0
0
0
0
0
0
0
0
0
0
0
0
0
0
0
0
0
0
0
0
0
0
0
0
0
0
0
0
0
0
0
0
0
0
0
0
0
0
0
0
0
0
0
0
0
0
0
0
0
0
0
0
0
0
0
0
0
0
0
0
0
0
0
0
0
0
0
0
0
0
0
0
0
0
0
0
0
0
0
0
0
0
0
0
0
0
0
0
0
0
0
0
0
0
0
0
0
0
0
0
0
0
0
0
0
0
0
0
0
0
0
0
0
0
0
0
0
0.181862
0.181862
0.181862
0.181862
0.181862
0.181862
0.153872
0.153872
0.153872
0.153872
0.153872
0.153872
0.153872
0.153872
0.153872
0.153872
0.153872
0.153872
0.153872
0.153872
0.153872
0
0
0
0
0
0
0
0
0.157224
0
0
0.153872
0.153872
0.153872
0.153872
0.153872
0.153872
0.153872
0
0
0
0
0
0
0
0
0
0
0
0
0
0.153872
0
0
0
0
0
0
0
0
0
0
0
0
0
0
0
0
0
0
0
0
0
0
0
0
0
0
0.155521
0.153872
0.153872
0.153872
0.153872
0
0
0
0
0
0
0
0
0
0
0
0
0
0
0
0
0
0
0
0
0
0
0
0
0
0
0
0
0
0
0
0
0
0
0
0
0
0
0
0.153872
0.153872
0.153872
0.139142
0.0387511
0
0
0.0524992
0
0.153872
0.153872
0.153872
0.153872
0.153872
0.153872
0.153872
0.153872
0.153872
0.153872
0.153872
0.153872
0.153872
0.153872
0.153872
0.153872
0.153872
0.153872
0
0
0
0
0
0
0
0
0
0
0
0
0
0
0
0
0
0
0
0
0
0
0
0
0
0
0
0
0
0
0.0529169
0.0529169
0.0529169
0.0529169
0
0
0
0
0
0
0
0.381181
0.381181
0
0.536783
0
0.381181
0.0525546
0.0525546
0.0525546
0.0525546
0.0525546
0.0525546
0
0
0
0
0
0
0.293016
0
0
0.293016
0.293016
0.0528995
0.0680878
0.0550433
0.0567477
0
0
0.338917
0.0549796
0.0549796
0
0
0
0.0549796
0
0
0
0
0
0
0
0
0
0
0
0
0
0
0
0
0
0
0
0
0
0
0
0
0
0
0
0
0
0
0
0
0
0
0
0
0
0
0
0.0524992
0.0524992
0.0524992
0.0524992
0.0524992
0.0524992
0.0524992
0.0524992
0.0524992
0.0524992
0.0524992
0.0524992
0.0524992
0.0524992
0.0524992
0
0
0
0
0
0
0
0
0
0.0525418
0
0.0525418
0.0525418
0.0525418
0.0525418
0.0525418
0.0525418
0
0.0525418
0
0.0525418
0.971825
0
0
0
0
0
0
0
0
0
0
0
0
0
0
0
0
0
0
0
0
0
0
0
0.052546
0.052546
0.052546
0.052546
0.0679213
0
0.052546
0.052546
0.052546
0
0
0.0525418
0.0525418
0.0525418
0.0525418
0.298337
0.303137
0.052546
0.052546
0.0526316
0.0783119
0.0783119
0.0525503
0.0525503
0.0525503
0.0525503
0.102345
0.0754788
0.0526487
0
0
0
0
0.0754788
0
0.052546
0.052546
0.052546
0.052546
0.052546
0.052546
0.052546
0.052546
0.052546
0.0525503
0.0525546
0.0525503
0.0525503
0.0525503
0.0525503
0.0525503
0.052546
0.0525546
0.0525546
0.052546
0.101689
0.101689
0.101689
0.0764062
0.101906
0.104828
0.129673
0.129673
0.129673
0
0
0
0
0
0.129737
0
0.0525546
0.0526487
0
0.0754788
0
0.0754788
0.0773143
0
0
0
0
0
0
0
0
0
0
0
0
0
0
0
0.052546
0.052546
0.052546
0.052546
0.052546
0.052546
0.052546
0.052546
0.052546
0.052546
0.052546
0
0
0
0
0.0525503
0.0525503
0.0525503
0.0525503
0.0525503
0.0525503
0.129673
0.129673
0.129673
0.129673
0
0
0.0525503
0.0525503
0.0525503
0.0525503
0.0525503
0.0525503
0.0525503
0.0525503
0.129673
0.129673
0.129673
0.102345
0.0526444
0.127546
0.127546
0.127546
0
0
0.0525546
0
0.052546
0.052546
0.052546
0.052546
0.0525418
0.0525418
0.0525418
0.0525418
0.0525418
0.052546
0.052546
0.052546
0.052546
0.052546
0.052546
0.052546
0
0.052546
0.052546
0.052546
0.052546
0.052546
0.0525119
0.0525119
0.0525119
0
0
0
0
0
0
0
0.0525503
0.0525503
0.0525503
0.0525503
0.0525503
0.0525503
0.0525503
0.0525503
0.0525503
0
0
0
0
0
0
0
0
0
0
0
0
0
0
0
0
0
0
0
0
0
0
0
0
0
0
0
0
0
0
0
0
0
0
0
0
0
0
0
0
0
0
0
0
0
0
0
0
0
0
0
0
0
0
0
0
0
0
0
0
0
0
0
0
0
0
0
0.0525503
0
0
0
0
0
0
0
0
0
0
0
0
0
0
0
0
0
0
0
0
0
0
0
0
0
0
0
0
0
0
0
0
0
0
0
0
0
0
0
0
0
0
0
0
0
0
0
0
0
0
0
0
0
0
0
0
0
0
0
0
0
0
0
0
0
0
0
0
0
0
0
0
0
0
0
0
0
0
0
0
0
0
0
0
0
0
0
0
0
0
0
0
0
0
0
0
0
0
0
0
0
0
0
0
0
0
0
0
0
0
0
0
0
0
0
0
0
0
0
0
0
0
0
0
0
0
0
0
0
0
0
0
0
0
0
0
0
0
0
0
0
0
0
0
0
0
0
0
0
0
0
0
0
0
0
0
0
0
0
0
0
0
0
0
0
0
0
0
0
0
0
0
0
0
0
0
0
0
0
0
0
0
0
0
0
0
0
0
0
0
0
0
0
0
0
0
0
0
0
0
0
0
0
0
0
0
0
0
0
0
0
0
0
0
0
0
0
0
0
0
0
0
0
0
0
0
0
0
0
0
0
0
0
0
0
0
0
0
0
0
0
0
0
0
0
0
0
0
0
0
0
0
0
0
0
0
0
0
0
0
0
0
0
0
0
0
0
0
0
0
0
0
0
0
0
0
0
0
0
0
0
0
0.0527132
0
0
0.0527132
0.0527132
0.0527132
0.0527132
0.0527132
0.0527132
0.0527132
0.0527132
0.0527132
0.0527132
0
0
0
0
0
0
0
0
0
0
0
0
0
0
0
0
0
0
0
0
0
0
0
0
0
0
0
0
0
0
0
0
0
0
0
0
0
0
0
0
0
0
0
0
0
0
0
0
0
0
0
0
0
0
0
0
0
0
0
0
0
0
0
0
0
0
0
0
0
0
0
0
0
0
0
0
0
0
0
0
0
0
0
0
0
0
0
0
0
0
0
0
0
0
0
0
0
0
0
0
0
0
0
0
0
0
0
0
0
0
0
0
0
0
0
0
0
0
0.204365
0.204365
0.204365
0
0
0.226013
0.478526
0.478526
0.486996
0
0
0
0
0
0
0
0
0
0
0
0
0
0
0
0
0
0
0
0
0
0
0
0
0
0
0
0
0
0
0
0
0
0
0
0
0
0
0
0
0
0
0
0
0
0
0
0
0
0
0
0
0
0
0
0
0
0
0
0
0
0
0
0
0
0
0
0
0
0
0
0
0
0
0
0
0
0
0
0
0
0
0
0
0
0
0
0
0
0
0
0
0
0
0
0
0
0
0
0
0
0
0
0
0
0
0
0
0
0
0
0
0
0
0
0
0
0
0
0
0
0
0
0
0
0
0
0
0
0
0
0
0
0
0
0
0
0
0
0
0
0
0
0
0
0
0
0
0
0
0
0
0
0
0
0
0
0
0
0
0
0
0
0
0
0
0
0
0.0495781
0
0.0129989
0
0
0
0
0
0
0
0
0
0.045874
0
0
0.0496999
0
0
0
0
0
0
0
0
0
0
0
0
0
0
0
0
0
0
0
0
0
0
0
0
0
0
0
0
0
0
0
0
0
0
0
0
0
0.0452074
0.0116832
0.0453335
0
0
0
0
0
0
0
0
0
0
0
0
0
0
0
0
0
0
0
0
0
0
0
0
0
0
0
0
0
0
0
0
0
0
0
0
0
0
0
0
0
0
0
0.0586923
0
0.0586923
0
0
0
0
0
0
0
0
0
0
0
0
0
0
0
0
0
0
0
0.0580604
0.0363563
0.0360986
0.0360986
0.0381905
0
0
0
0
0
0
0
0
0
0
0
0
0
0
0
0
0
0
0
0
0
0
0
0
0
0
0
0
0
0
0
0
0
0
0
0
0
0
0
0
0
0
0
0
0
0
0
0
0
0
0
0
0
0
0.055223
0
0.0509852
0
0
0
0
0
0
0
0
0
0
0
0
0
0
0
0
0
0
0
0
0
0
0.0587042
0
0
0.0588835
0
0
0
0
0
0
0
0
0
0
0
0
0
0
0
0
0
0
0
0
0.0694161
0
0
0
0
0
0
0
0
0
0
0
0
0
0
0
0
0
0
0
0
0
0
0.0465341
0
0
0
0.013074
0
0
0
0
0
0
0
0
0
0
0
0
0
0
0.0695147
0
0
0
0
0
0
0
0
0
0
0
0
0
0
0
0
0
0
0
0
0
0
0
0
0
0
0
0
0
0
0
0
0
0
0
0
0
0
0
0
0
0
0
0
0
0
0
0
0
0
0
0
0
0
0
0
0
0
0
0
0
0
0
0
0
0
0
0
0
0
0
0
0
0
0
0
0
0
0.07145
0.07145
0.07145
0.071493
0.071493
0
0.0714607
0
0
0
0
0
0
0
0
0
0
0
0
0
0
0
0
0
0
0
0
0
0
0
0
0
0
0
0
0
0
0
0
0
0
0
0
0
0
0
0
0
0
0
0
0
0
0
0
0
0
0
0
0
0
0
0
0
0
0
0
0
0
0
0
0
0
0
0
0
0
0
0
0
0
0
0
0
0
0
0
0
0
0
0
0
0.0364763
0.0364763
0.0364763
0
0
0
0
0
0.0364763
0
0
0
0
0
0
0
0
0
0
0.052869
0.0551318
0.052869
0
0
0
0
0
0
0
0
0
0
0
0
0
0
0
0
0
0
0
0
0
0
0
0
0
0
0
0
0
0
0
0
0
0
0
0
0
0
0
0.0596051
0.0596051
0.0596176
0.0596176
0
0.0597991
0
0.0597991
0
0.0598054
0
0.0598054
0.0429371
0.0536734
0.0347425
0.0597866
0
0
0
0
0
0
0
0
0
0
0
0
0
0
0
0
0
0
0
0
0
0
0
0
0
0
0
0
0
0
0
0
0
0
0
0
0
0
0
0
0
0
0
0
0
0
0
0
0
0
0
0
0
0
0
0.0527132
0
0.0527132
0
0.0524992
0.0524992
0.0524992
0
0
0
0
0
0.28797
0.28797
0.28797
0.28797
0.28797
0.28797
0.28797
0.28797
0.28797
0.28797
0.28797
0.283176
0.283176
0.283176
0.283176
0
0
0
0
0
0.296022
0.296022
0.296022
0.296022
0.296022
0
0
0
0.296022
0
0
0.296022
0.296022
0
0.296022
0.293016
0.293016
0
0
0
0
0
0.288675
0.288675
0.289385
0
0.289385
0.293759
0.288675
0.288675
0.288675
0.288675
0.288675
0.288675
0.288675
0.288675
0.288675
0.288675
0.288675
0
0
0.288675
0.288675
0
0.288675
0.288675
0.288675
0.288675
0
0.288675
0.288675
0.288675
0
0.288675
0.28797
0.289385
0.289385
0.289385
0.289385
0
0
0
0
0
0
0
0
0
0
0
0
0
0
0
0
0
0
0
0
0
0
0
0
0
0
0
0
0
0
0
0
0
0
0
0
0
0
0
0
0
0
0
0
0
0
0
0.0678018
0.0678018
0.0678018
0.0678018
0.0678018
0.0678018
0
0
0
0
0
0
0
0.0678018
0.0678018
0.0678018
0
0
0
0
0
0
0
0
0
0
0.0678018
0.0678018
0.0678018
0.0678018
0.0678018
0
0
0
0
0
0
0
0
0
0
0
0
0
0
0
0
0
0
0
0
0
0
0
0
0
0
0
0
0
0
0
0
0
0
0.0678018
0.0678018
0.0678018
0.0678018
0
0
0
0
0
0
0
0
0
0.0678018
0
0
0
0
0
0
0
0
0
0
0
0
0
0
0
0
0
0
0
0
0
0
0
0
0
0
0
0
0
0
0
0
0
0
0
0
0
0
0
0
0
0
0
0.0678018
0.0678018
0.0678018
0.0678018
0.0678018
0.0678018
0
0
0
0.0524992
0.0524992
0.0216825
0.0216825
0.0678018
0
0
0.0525631
0
0.0525631
0.0525631
0.0525631
0.0525631
0
0
0
0
0
0
0
0
0
0
0
0
0
0
0
0
0
0
0
0
0
0
0
0
0
0
0.0695246
0
0.0695246
0.0695246
0.0695246
0.0695246
0.0695246
0
0.0695246
0.0695246
0.0695246
0.0695246
0.566352
0.0695246
0.0695246
0.0695246
0.0695246
0.0695246
0.0695246
0.0695246
0.0695246
0.0695246
0.0695246
0.0695246
0.0695246
0.0695246
0.0695246
0.0695246
0.566352
0.566352
0.566352
0.566352
0.566352
0.566352
0.566352
0.566352
0.0695246
0.0695246
0.566352
0.566352
0.566352
0.566352
0.566352
0.0695246
0.566352
0.566352
0.566352
0.566352
0.566352
0
0
0
0
0
0
0
0
0
0
0
0
0.0695246
0.0710247
0.566352
0.566352
0.0695147
0.0695147
0.0695147
0.0695147
0
0
0.0695246
0.0716223
0.0716223
0.0565848
0.0565848
0.0565848
0.0565848
0
0
0
0
0.0539466
0
0.0560868
0
0
0.0560868
0.0560868
0.0560868
0.0560868
0
0
0.0560868
0.0560868
0
0.0560868
0.0560868
0.0722701
0.0722701
0.0722701
0.0582195
0.0582195
0.0578537
0
0
0
0.0582195
0.0582195
0.0578537
0.0708045
0.0326105
0.0326105
0.0326105
0.0326105
0.0708045
0.0708045
0
0
0.057579
0.057579
0.0686513
0.057579
0
0
0
0.0708045
0.0708045
0
0.0708045
0.0708045
0.0620634
0.0708045
0.0708045
0.0505574
0.0505574
0.0502012
0.0502012
0.0502012
0.0502012
0
0.0502012
0
0.0502107
0
0.0502012
0.0502012
0.0506257
0.0502012
0.0255155
0.0255155
0
0.0255155
0.0255312
0.0255312
0.0255312
0.0255312
0
0
0
0.0255312
0
0.0255312
0.0255312
0
0.0255155
0.0255233
0.0708045
0
0.0567493
0.0699435
0.0699435
0.0699435
0.0699435
0.0699435
0.0699435
0.0699435
0.071279
0.071279
0.071279
0.0435583
0.0435583
0.0435583
0.0435583
0.0435583
0.0435583
0.0539759
0
0
0
0.0539759
0.0539759
0.0061028
0.0061028
0.0061028
0.0539759
0.0539759
0.0646715
0.0418035
0
0
0
0
0
0
0
0.0441942
0.0646715
0.0713003
0.0713003
0
0
0
0
0
0
0
0
0
0
0
0
0
0
0
0
0
0
0
0
0
0
0
0
0
0
0
0
0
0
0
0
0
0
0
0
0
0
0
0
0
0
0
0
0
0
0
0
0
0
0
0
0
0
0
0
0
0
0
0
0
0
0
0
0
0
0
0.0695147
0.0695147
0.0695147
0.0695147
0.0695147
0
0.0695147
0
0
0.0695048
0
0
0.0580619
0.0580619
0.0715575
0.0715575
0.0695147
0.0695147
0.0695147
0
0.0695147
0.0695147
0.0695147
0.0695147
0.0695147
0.0695147
0.0180422
0.0180422
0.0180422
0.0180422
0.0180422
0.0180422
0
0.0180422
0
0.0180422
0.0180422
0.0695147
0.0695147
0
0
0
0
0
0
0
0
0
0
0
0
0
0
0
0
0
0
0
0
0
0.0213087
0.0213087
0.0218377
0
0.0213087
0.0213087
0.0447214
0.0447214
0.0447214
0
0
0
0.0718394
0.0639863
0.0483767
0.0483767
0.0483767
0.0483767
0
0.0484034
0.0484034
0
0
0
0
0.0571385
0.0571385
0.0571385
0.0571385
0
0
0
0.0255468
0.0255468
0.0255468
0
0
0
0
0
0
0
0
0
0
0
0
0
0
0
0
0
0
0
0
0
0
0
0
0
0
0.057579
0
0.057579
0.057579
0.057579
0
0.057579
0.057579
0.057579
0.057579
0.057579
0.057579
0
0
0
0
0
0
0
0
0
0
0
0
0
0
0
0
0
0
0
0
0
0
0
0.0695443
0
0.0695443
0.0695443
0.0562603
0.0695443
0.0695443
0.0696335
0.0696335
0.0450297
0.0696335
0.0687245
0.0696335
0.0710775
0.0695443
0.0562603
0
0
0
0
0
0
0
0
0
0
0
0
0
0
0
0
0
0
0
0
0
0
0
0
0
0
0
0
0
0
0
0
0
0
0
0
0
0
0
0
0
0
0
0
0
0
0
0
0
0
0
0
0
0
0
0
0
0
0
0
0
0
0
0
0
0
0
0
0
0
0
0
0
0
0
0
0
0
0
0
0
0
0
0
0
0
0
0
0
0
0
0
0
0
0
0
0
0
0
0
0
0
0
0
0
0
0
0
0
0
0
0
0
0
0
0
0.0245702
0.0245702
0.0245702
0.0245702
0
0
0
0
0
0
0
0
0
0
0.0569429
0
0.0569429
0.0569429
0
0
0
0
0
0
0
0
0
0
0
0
0
0
0
0
0
0
0
0
0
0
0
0
0
0
0
0
0
0
0
0
0
0
0
0
0
0
0
0
0
0
0
0
0
0
0
0
0
0
0.0695147
0.0695147
0
0
0
0
0
0
0
0
0
0
0
0
0
0
0
0
0
0
0
0
0
0
0
0
0
0
0
0
0
0
0
0
0
0
0
0
0
0
0
0
0
0
0
0
0
0
0
0
0
0
0
0.0500472
0.0500472
0.049915
0.049915
0.0496999
0
0
0
0.0496999
0.0496999
0.0504701
0.0504701
0
0
0.0596982
0.0556882
0.0556882
0.0556882
0.0791806
0.0791806
0.0596982
0
0
0
0
0
0
0
0
0
0
0
0
0
0
0
0
0.056832
0.056832
0.056832
0.056832
0.056832
0.056832
0.056832
0.056832
0.0583263
0
0
0.056832
0
0
0
0.0568874
0.0568874
0.0568874
0.056832
0
0
0
0.0554984
0.0554984
0.0554984
0.056832
0.056832
0
0
0
0
0
0
0
0
0
0
0
0
0
0
0
0
0
0
0
0.056832
0
0
0
0.056832
0.056832
0
0.0554984
0.0554984
0.0715575
0.0715575
0
0
0
0
0
0
0
0
0
0
0
0
0
0
0
0
0
0
0
0
0
0
0
0
0.0496946
0
0
0
0
0
0
0
0
0
0
0
0
0
0
0
0
0
0
0
0
0
0
0
0
0
0
0
0
0
0
0
0
0
0
0
0
0
0
0
0
0
0
0
0
0
0
0
0
0
0
0
0
0
0
0
0
0
0
0
0
0
0
0
0
0
0
0
0
0
0
0
0
0
0
0
0
0
0
0
0
0
0
0
0
0
0
0
0.0695246
0.0695246
0.0695246
0.0695246
0.566352
0.566352
0.566352
0.566352
0.566352
0.566352
0.566352
0.566352
0
0.566352
0.566352
0.566352
0.566352
0.566352
0.589015
0
0
0
0
0
0
0
0
0
0
0
0
0.566352
0.566352
0
0
0
0.566352
0.566352
0
0
0.583095
0.583095
0.566352
0.566352
0.0528995
0.0528995
0.0528995
0.0528995
0.0528995
0.0528995
0.0529518
0.0529518
0.0529518
0.0529518
0
0
0
0.0530789
0.0530789
0
0
0
0.0529518
0.0529518
0.0529518
0
0
0.0529518
0
0.0530043
0.0529518
0.0529518
0.0528126
0.0528126
0.0528126
0.0528126
0.0528126
0.0528126
0
0.0528126
0.0528126
0.0528126
0.0528126
0
0
0
0
0
0
0
0
0
0
0
0
0
0
0
0
0
0.0529125
0
0
0.0528169
0.0528169
0
0.0528169
0.0528169
0
0
0.0528126
0
0.0530789
0.0530789
0
0
0
0
0
0
0
0
0
0
0
0
0
0
0
0
0
0
0
0
0
0
0
0
0
0
0
0
0
0
0
0
0
0
0
0
0
0
0
0
0
0
0
0
0
0
0
0
0
0
0
0
0
0
0.0528169
0
0
0
0
0
0.0528169
0.0528169
0
0
0
0
0
0
0
0.00465164
0.00465088
0.00465088
0.00465088
0.00465088
0.00465088
0.00465088
0.00465088
0.00465088
0.00465164
0.00465164
0
0
0
0
0
0
0
0
0
0
0
0
0
0
0
0
0
0
0
0
0
0
0
0
0
0
0
0
0
0
0
0
0
0
0
0
0
0
0
0
0
0
0
0
0
0.00491136
0.00482198
0
0
0
0
0
0
0
0
0
0
0
0
0.00469389
0
0.00469389
0
0.00465847
0.00465924
0.00465924
0.0055091
0.0055091
0.0055091
0.00469311
0
0.0329943
0.0329943
0.0329943
0.00469389
0
0.0329943
0.0329943
0.0329943
0.0329943
0.0329943
0
0
0
0
0
0
0
0
0
0
0
0
0
0
0
0
0
0
0
0
0
0
0
0
0
0
0
0
0
0
0
0
0
0
0
0
0
0
0
0
0
0
0
0
0
0
0
0
0
0
0
0
0
0
0
0
0
0
0
0
0
0
0
0
0
0
0
0
0
0
0
0
0
0
0
0
0
0
0
0
0
0
0
0
0
0
0
0
0
0
0
0
0
0
0
0.00465847
0
0
0
0
0
0
0
0
0
0
0
0
0
0
0
0
0
0
0
0
0
0
0
0
0
0
0
0
0
0
0.00489538
0
0
0.00488569
0
0
0
0
0
0
0
0
0
0
0
0
0
0
0
0
0
0
0
0
0
0
0
0
0
0
0
0.14878
0.14878
0.14878
0.14878
0
0
0
0
0
0
0
0
0
0
0
0
0
0
0
0
0
0
0
0
0
0
0
0
0
0
0
0
0
0.0108799
0.0108799
0
0
0
0
0
0
0
0
0
0
0
0
0
0.00469389
0
0
0.00465924
0.00465924
0
0
0
0
0
0
0
0
0
0
0
0
0
0
0
0
0
0
0
0
0
0
0
0
0
0
0
0
0
0
0
0
0
0
0.0329943
0
0.0329943
0.0329943
0
0
0
0
0
0
0
0
0
0
0
0
0
0
0
0
0
0
0
0
0
0
0
0
0
0
0
0
0
0
0
0
0
0
0
0
0
0
0
0
0
0
0
0
0
0
0
0
0
0
0
0
0
0
0
0
0
0
0
0
0
0
0
0
0
0
0
0
0
0
0
0
0
0
0
0
0
0
0
0
0
0
0
0
0
0.0695246
0.0695246
0.0695246
0.0695246
0.0695246
0.0695246
0.0695246
0.0695246
0.0695246
0.0695246
0.0695839
0.0695839
0.0700443
0.0700443
0
0
0.0701964
0.0701964
0.0702779
0.0702779
0.0707419
0.0707419
0.0707419
0.0707419
0.0707419
0.0707315
0.0707315
0.0695246
0
0.0695246
0.0695246
0.153872
0
0
0
0
0
0
0
0
0
0
0
0
0
0
0
0
0
0
0
0.0525503
0.0525503
0.0525503
0.0525503
0.0525503
0.0525503
0.0525503
0.0525503
0
0
0
0
0
0
0
0
0
0
0
0
0
0
0
0
0
0
0
0
0
0
0
0
0
0
0
0
0
0
0
0
0
0
0
0
0
0
0
0
0
0
0
0
0
0
0
0
0
0
0
0
0
0
0
0
0
0
0
0
0
0
0
0
0
0
0
0
0
0
0
0
0
0
0
0
0
0
0
0
0
0
0
0
0
0
0
0
0
0
0
0
0
0
0
0
0
0
0
0
0
0
0
0
0
0
0
0
0
0
0
0
0
0
0
0
0
0
0
0
0
0
0
0
0
0
0
0
0
0
0
0
0
0
0
0
0
0
0
0
0
0
0
0
0
0
0
0
0
0
0
0
0
0
0
0
0
0
0
0
0
0
0
0
0
0
0
0
0
0
0
0
0
0
0
0
0
0
0
0
0
0
0
0
0
0
0
0
0
0
0
0
0
0
0
0
0
0
0
0
0.0525503
0.0525503
0.0525503
0.0525503
0.0525503
0.0525503
0.0525503
0.0525503
0.0525503
0.0525503
0.0525503
0.0525503
0.0525503
0
0
0
0
0
0
0
0
0
0
0
0
0
0
0
0
0
0
0
0
0
0
0
0
0
0
0
0
0
0
0
0
0
0
0
0
0
0
0
0
0
0
0
0
0
0
0
0
0
0
0
0
0
0
0
0
0
0
0
0
0
0
0
0
0.0528169
0.0528169
0.0528169
0
0
0
0
0.0528169
0
0
0.0529125
0
0
0
0
0
0
0
0.374828
0.374828
0
0
0
0
0
0
0
0
0
0
0.374828
0.14878
0.374828
0.566352
0.374828
0.374828
0.396746
0.396746
0.396746
0.396746
0.396746
0.396746
0.404304
0.374828
0.28797
0.28797
0.28797
0.288675
0.288675
0.288675
0.288675
0.288675
0
0
0
0
0
0
0
0
0
0
0
0
0
0
0
0
0
0
0
0
0
0
0
0
0
0
0
0
0
0.0525503
0.0525503
0.0525503
0.0525503
0.0525503
0.0525503
0.0525503
0.0525503
0.0525503
0.0525503
0.0525503
0
0
0
0
0
0
0
0
0
0
0
0
0
0
0
0
0
0
0
0
0
0
0
0
0
0
0
0
0
0
0
0
0
0
0
0
0
0
0
0
0
0
0
0
0
0
0
0
0
0
0
0
0
0
0
0
0
0
0
0
0
0
0
0
0
0
0
0
0
0
0
0
0
0
0
0
0
0
0
0
0
0
0
0
0
0
0
0
0
0
0
0
0
0
0
0
0
0
0
0
0
0
0
0
0
0
0
0
0
0
0
0
0
0
0
0
0
0
0
0
0
0
0
0
0
0
0
0
0
0
0
0
0
0
0
0
0
0
0
0
0
0
0
0
0
0
0
0
0
0
0
0
0
0
0
0
0
0
0
0
0
0
0
0
0
0
0
0
0
0
0
0
0
0
0
0
0
0
0
0
0
0
0
0
0
0
0
0
0
0
0
0
0
0
0
0
0
0
0
0
0
0
0
0
0
0
0
0
0
0
0
0
0
0
0
0
0
0
0
0
0
0
0
0
0.0695147
0.0695147
0.0695147
0.0695147
0.0695147
0.0695147
0.0695147
0
0
0
0
0
0
0
0
0
0
0.0525631
0.0525631
0.0525631
0.0525631
0.0525631
0.0525631
0.0525631
0
0
0
0
0
0
0
0
0
0
0
0
0
0
0
0
0
0
0
0
0
0
0
0
0
0
0
0
0.0525631
0.0525631
0.0525631
0.0525631
0.0525631
0.0525631
0
0
0
0
0
0
0
0
0.566352
0.566352
0.566352
0.566352
0.566352
0
0.566352
0
0
0
0.486996
0.486996
0.486996
0.607919
0.607919
0
0
0
0
0.566352
0.607919
0.607919
0.607919
0
0
0
0
0
0
0
0
0
0
0
0
0
0
0
0
0
0
0
0
0
0
0
0.054965
0.054965
0.054965
0.054965
0
0
0
0
0
0
0
0
0
0
0
0
0
0
0
0
0
0
0
0
0
0
0
0
0
0
0
0
0
0
0
0
0
0
0
0
0
0
0
0
0
0
0
0
0
0
0
0
0
0
0
0
0
0
0
0
0
0
0
0
0
0
0
0
0
0
0
0
0
0
0
0
0
0
0
0
0
0
0
0
0
0
0
0
0
0
0
0
0
0
0
0
0
0
0
0
0
0
0
0
0
0
0
0
0
0
0
0
0
0
0
0
0
0
0
0
0
0
0
0
0
0
0
0
0
0
0
0
0
0
0
0
0
0
0
0
0
0
0
0
0
0
0
0
0
0
0
0
0
0
0
0
0
0
0
0
0
0
0
0
0
0
0
0
0
0
0
0
0
0
0
0
0
0
0
0
0
0
0
0
0
0
0
0
0
0
0
0
0
0
0
0
0
0
0
0
0
0
0
0
0
0
0
0
0
0
0
0
0
0
0
0
0
0
0
0
0
0
0
0
0
0
0
0
0
0
0
0
0
0
0
0
0
0
0
0
0
0
0
0
0
0
0
0
0
0
0.0529518
0.0530043
0.0530043
0.0530043
0.0530043
0.0530043
0.0530043
0
0
0
0.0530043
0
0.0530043
0
0.0530043
0.0530043
0.0530043
0
0
0
0
0
0
0
0
0
0
0
0
0
0
0
0
0
0
0.052546
0
0
0
0.052546
0.0525631
0.0525631
0.0525631
0.052546
0
0
0
0.052546
0
0
0
0
0
0
0
0
0
0
0
0
0
0
0.0528169
0.0528169
0.0528169
0
0
0
0
0
0
0.0528169
0
0
0
0
0
0
0
0
0
0
0
0
0
0
0
0
0
0
0
0
0
0
0
0.0525546
0.0525546
0.0525546
0.0525546
0.0525546
0.0525546
0.101751
0.101751
0.0273636
0.0273636
0.0273636
0.0273636
0.0273636
0
0.0273636
0.0274313
0.0273636
0
0
0
0.0273636
0.0121075
0
0
0
0
0
0
0.0273636
0.101906
0.0525546
0
0
0
0.0525503
0
0
0
0
0
0
0
0
0
0
0
0
0
0
0
0
0
0.0525631
0
0
0
0
0
0
0
0
0
0
0
0
0
0
0
0
0
0
0
0
0
0
0
0
0
0
0
0
0
0
0
0
0
0
0
0
0
0
0
0
0
0
0
0
0
0.0525503
0
0
0
0
0
0.290821
0.290821
0
0.290821
0.290821
0
0
0
0.290821
0.0525503
0.0525503
0.0525503
0.0525503
0.0525503
0.0525503
0.0525503
0.0525503
0.0525503
0.0525503
0.0525503
0.0525503
0.0525503
0.0525503
0.0525503
0.0525503
0.0525503
0.0525503
0.0525503
0.0525503
0.0525503
0.0525503
0.0525503
0.0525503
0.0525503
0.0525503
0.0525503
0.0525503
0
0
0.0525503
0.0525503
0.0525503
0.0525503
0.0525503
0.0525503
0.0525546
0
0
0
0
0
0.0524524
0.0524524
0.0524524
0.0524524
0.0524524
0.0524524
0
0
0
0
0
0
0
0
0
0
0
0
0
0
0
0
0
0
0
0
0
0
0
0
0
0
0
0
0
0
0
0
0
0
0
0
0
0
0
0
0
0
0
0
0
0
0
0
0
0
0
0
0
0
0
0
0
0
0
0
0
0
0
0
0
0
0
0
0
0
0
0
0
0
0
0
0
0
0
0
0
0
0
0
0
0
0
0
0
0
0
0.103466
0.103466
0
0
0
0
0
0
0
0
0
0
0
0
0
0
0
0
0
0
0
0
0
0
0
0
0
0
0
0
0.0524524
0.0524524
0.0524524
0.0790569
0
0
0
0
0
0
0
0
0
0
0
0
0
0
0
0
0
0
0
0
0
0
0
0
0
0
0
0
0
0
0
0
0
0.0525546
0
0
0
0
0
0
0
0
0
0
0
0
0
0
0
0
0
0
0
0
0
0
0
0
0
0
0
0
0
0
0
0
0
0
0
0
0
0
0
0
0
0
0
0.0530043
0.0530043
0.0530043
0.0530043
0
0.0530043
0.0530043
0
0
0.0364763
0.0364763
0.0530043
0
0
0
0
0
0
0
0
0
0
0
0
0
0.0364763
0.0364763
0
0
0
0.0364763
0
0
0
0
0.0364763
0.0364763
0.0364763
0.0364763
0.0359252
0.0359252
0.0359252
0
0.0359252
0
0.0359252
0.0364763
0
0
0
0
0
0
0
0
0
0
0
0
0
0
0
0
0
0
0
0
0
0
0
0
0
0
0
0
0
0
0
0
0
0
0
0
0
0
0
0
0
0
0
0
0
0
0.274874
0.274874
0.274874
0.274874
0.274874
0.274874
0.274874
0.274874
0.274874
0
0
0
0
0
0
0
0
0
0
0.274874
0.274874
0.274874
0.274874
0.274874
0.274874
0
0
0
0
0
0
0
0
0
0
0
0
0
0
0
0
0.274874
0
0.274874
0
0
0
0
0
0
0
0
0
0.274874
0
0
0
0
0
0.274874
0.274874
0.274874
0.232355
0.232355
0.232355
0.274874
0
0
0
0
0
0
0
0
0
0
0
0
0
0
0
0
0
0
0
0
0
0
0
0
0
0
0
0
0.0528169
0.0528169
0.0528169
0.0528169
0
0
0
0
0.0525503
0
0
0
0
0
0
0
0
0
0
0
0
0
0
0
0
0
0
0
0
0
0
0
0
0
0
0
0
0
0
0
0
0
0
0
0
0
0
0
0
0
0
0
0
0
0
0.293016
0.293016
0.293016
0.293016
0.293016
0.293016
0.293016
0.293016
0.293016
0.293016
0.293016
0.293016
0.293016
0.293016
0.293016
0
0
0.370266
0.370266
0.370266
0.370266
0
0
0.393123
0.393123
0.393123
0.393123
0.115244
0.115244
0.393123
0.394922
0.115244
0.393123
0.373288
0
0.555959
0.555959
0
0
0
0
0
0
0
0
0
0
0
0
0
0
0
0
0
0
0
0.0525503
0.0525503
0.0525503
0.0525503
0.0525503
0.0525503
0.0525503
0.0525503
0.0525503
0.0525503
0.0525503
0.0525503
0.0525503
0.0525503
0.0525503
0.0525503
0.0525503
0.0525503
0.0525503
0.0525503
0.0525503
0.0525503
0.0525503
0.0525503
0
0
0
0
0.0525503
0
0
0
0
0
0
0
0
0
0
0
0
0
0
0.0525503
0.0525503
0.0525503
0.0525503
0.0525503
0.0525503
0.0525503
0.0525503
0.0525503
0.0525503
0.0525503
0.0525503
0.0525503
0
0
0
0
0
0
0
0
0
0
0
0
0
0
0
0
0
0
0
0
0
0
0
0
0
0
0
0
0
0
0
0
0
0
0
0
0
0
0
0
0
0
0
0
0
0
0
0
0
0
0
0
0
0
0
0
0
0
0
0
0
0
0
0
0
0
0
0
0
0
0
0
0
0
0
0
0
0
0
0
0
0
0
0
0
0
0
0
0
0
0
0
0
0
0
0
0
0
0
0
0
0
0
0
0
0
0
0
0
0
0
0
0
0
0
0
0
0
0
0
0
0
0
0
0
0
0
0
0
0
0
0
0
0
0
0
0
0
0
0
0
0
0
0
0
0
0
0
0
0
0
0
0
0
0
0
0
0
0
0
0
0
0
0
0
0
0
0
0
0
0
0
0
0
0
0
0
0
0
0
0
0
0
0
0
0
0
0
0
0
0
0
0
0
0
0
0
0
0
0
0
0
0
0
0
0.0525119
0.566352
0.0525119
0
0.052427
0.078596
0
0
0
0
0
0
0
0
0
0
0
0
0
0
0
0
0
0
0
0
0
0
0
0
0
0
0
0
0
0
0
0
0
0
0
0
0
0
0
0
0
0
0
0
0
0
0
0
0
0
0
0
0
0.052546
0.052546
0.052546
0.052546
0.0525503
0.0525503
0.0526359
0.0525503
0
0
0
0
0
0
0
0
0
0
0
0
0
0
0
0
0
0
0
0
0
0
0
0
0
0
0
0
0
0
0
0
0
0
0
0
0
0
0
0
0
0
0
0
0
0
0
0
0
0
0
0
0
0
0
0
0
0
0
0
0
0
0
0
0
0
0
0
0
0
0
0
0
0
0
0
0
0
0
0
0
0
0
0
0
0
0
0
0
0
0
0
0
0
0
0
0
0
0
0
0
0
0
0
0
0
0
0
0
0
0
0
0
0
0
0
0
0
0
0
0
0
0
0
0
0
0
0
0
0
0
0
0
0
0
0
0
0
0
0
0
0
0
0
0
0
0
0
0
0
0
0
0
0
0
0
0
0
0
0
0
0
0
0
0
0
0
0
0
0
0
0
0
0
0
0
0
0
0
0
0
0
0
0
0
0
0
0
0
0
0
0
0.0525503
0.0525503
0.0525503
0.0525503
0.0525503
0.0525503
0.0525503
0.0525503
0.0525503
0.0525503
0.0525503
0
0.0678018
0.0678018
0
0
0
0
0
0
0
0
0
0
0
0
0
0
0
0
0
0
0
0
0
0
0
0
0
0
0
0
0
0
0
0.0529999
0.0529999
0.0529999
0.0529999
0.0529999
0.0529999
0.0529999
0.0529999
0.0529999
0.0529999
0.0529999
0.0529999
0.0529999
0.15398
0.15398
0
0
0
0
0
0.0529999
0.0529999
0.0529999
0.0529999
0.0529999
0.0529999
0.0529999
0.0529999
0.0529999
0.00469
0.00469
0
0.00469
0
0.00469
0.0529999
0.0529999
0.0529999
0.0529999
0.14878
0.14878
0.0529999
0
0
0
0
0.0529999
0
0
0
0
0
0
0
0
0
0
0
0
0
0
0
0.00469311
0
0
0.00469311
0
0
0
0
0.0529999
0.0529999
0.00469311
0.00469311
0.00469311
0.00469311
0.0529999
0.0529999
0.0529999
0.0529999
0.00470561
0.0529999
0.0529999
0
0
0
0
0
0
0
0
0
0
0
0
0
0
0
0
0.0529999
0.0529999
0.0529999
0.0529999
0.0529999
0.0529999
0.0529999
0.00469311
0.00469311
0.00469311
0.00469311
0.00469311
0.00469311
0.00469311
0.00469311
0.00469311
0.0529999
0.379563
0.0529999
0.0529999
0.0529999
0.0529999
0.0256466
0.0529999
0.0467904
0
0
0
0
0
0
0
0
0
0
0
0
0
0.0366476
0
0
0
0
0
0
0
0
0
0
0
0
0
0
0
0
0
0
0
0
0
0
0
0
0
0
0
0
0
0
0
0
0.00924919
0
0
0
0
0
0
0
0
0
0
0
0
0
0
0
0
0
0
0
0
0
0
0
0
0
0
0
0
0
0
0
0.0359542
0
0.01745
0
0
0
0
0
0
0.0529999
0
0.0108874
0
0.0368888
0.0532113
0.0197461
0.0529999
0.0529518
0.0529518
0.0529518
0.0529518
0.0529518
0.0529518
0.0529518
0.0529518
0.0529518
0.0529518
0.0529518
0.0529518
0.0529518
0.0529518
0.0529518
0.00469311
0.00469311
0.00469311
0.00469311
0.00469311
0.00469311
0.00469311
0.00469311
0.00469311
0.00469311
0.00469311
0.00469311
0.00469311
0.00469311
0.00469311
0.00469311
0.00469311
0.00469311
0.00469311
0.00469311
0.00469311
0
0
0
0
0.00469311
0.00469311
0.00469311
0.00469311
0.00469311
0.0329943
0.0329943
0.0329943
0
0.0329943
0
0
0.00469311
0.00469389
0.00469389
0.00469389
0.00469389
0.00469389
0.00469389
0.00469389
0
0.00469389
0.00469389
0
0
0
0
0
0
0
0
0
0
0
0
0
0
0
0
0
0
0
0
0
0
0
0
0
0
0
0
0
0
0
0
0
0
0
0
0
0
0
0
0
0
0
0
0
0
0
0
0
0
0
0
0
0
0
0
0.14878
0.14878
0.14878
0.14878
0.14878
0.14878
0.14878
0
0
0
0
0
0
0
0
0
0
0
0
0
0
0
0
0
0
0
0
0
0
0
0
0
0
0
0
0
0
0
0
0
0
0
0
0
0
0
0
0
0
0
0
0
0
0
0
0
0
0
0
0
0
0
0
0
0
0
0
0
0
0
0
0
0
0
0
0
0
0
0
0
0
0
0
0
0
0
0
0
0
0
0
0
0
0
0
0
0
0
0
0
0
0
0
0
0
0
0
0
0
0
0
0
0
0
0
0
0
0
0
0
0
0
0
0
0
0
0
0
0
0
0
0
0
0
0
0
0
0
0
0
0
0
0
0
0
0
0
0
0
0
0
0
0
0
0
0
0
0
0
0
0
0
0
0
0
0
0
0
0
0
0
0
0
0
0
0
0
0
0
0
0
0
0
0
0
0
0
0
0
0
0
0
0
0
0
0
0
0
0
0
0
0
0
0
0
0
0
0
0
0
0
0
0
0
0
0
0
0
0
0
0
0
0
0
0
0
0
0
0
0
0
0
0
0
0
0
0
0
0
0
0
0
0
0
0
0
0
0
0
0
0
0
0
0
0
0
0
0
0
0
0
0
0
0
0
0
0
0
0
0
0
0
0
0
0.00469311
0
0.00469311
0.00469311
0
0
0
0
0
0
0
0
0
0
0
0
0
0
0
0.00469311
0
0
0
0
0
0
0.00469311
0
0
0
0
0
0
0
0
0
0
0
0
0
0
0
0
0
0
0
0
0
0
0
0
0
0
0
0
0
0
0
0
0
0
0
0
0
0
0
0
0
0
0
0
0
0
0
0
0
0
0
0
0
0
0
0
0
0
0
0
0
0.0688716
0
0
0
0
0
0
0
0
0
0
0
0
0
0
0
0
0
0.0688716
0
0
0
0
0
0
0
0
0
0
0.0229572
0
0.0229572
0.0229572
0.0229572
0.0229572
0.0229572
0
0.0229572
0.0229572
0.0229572
0.0229572
0.0229572
0.0229572
0.0344358
0
0
0
0.0344358
0.0344358
0.0338369
0.14878
0.0338369
0.0338369
0.0338369
0.0229572
0.0229572
0.0229572
0
0.0229572
0.0229572
0.0229572
0.0329943
0.0229572
0.128847
0.128847
0.128847
0.128847
0.128847
0.128847
0.128847
0
0.128847
0.128847
0.128847
0.0329943
0.0329943
0.0329943
0.0329943
0
0
0
0
0
0
0
0
0
0
0
0
0
0
0
0
0
0
0
0
0
0
0
0
0
0
0
0
0
0
0
0
0
0
0
0
0
0
0
0
0
0
0
0
0
0
0
0
0
0
0
0
0
0
0
0
0
0
0
0
0
0
0
0
0
0
0
0
0
0
0
0
0
0
0
0
0
0
0
0
0
0
0
0
0
0
0
0
0
0
0
0
0
0
0
0
0
0
0
0
0
0
0
0
0
0
0
0
0
0
0
0
0
0
0
0
0
0
0
0
0
0
0
0
0
0
0
0
0
0
0
0
0
0
0
0
0
0
0
0
0
0
0
0
0
0
0
0
0
0
0
0
0
0
0
0
0
0
0
0
0
0
0
0
0
0
0
0
0
0
0
0
0
0
0
0
0
0
0
0
0
0
0
0
0
0
0
0
0
0
0
0
0
0
0
0
0
0
0
0
0
0
0
0
0
0
0
0
0
0
0
0
0
0
0
0
0
0
0
0
0
0
0
0
0
0
0
0
0
0
0
0
0
0
0
0
0
0
0
0
0
0
0
0
0
0
0
0
0
0
0
0
0
0
0
0
0
0
0
0
0
0
0
0
0
0
0
0
0
0
0
0
0
0
0
0
0
0
0
0
0
0
0
0
0
0
0
0
0
0
0
0
0
0
0
0
0
0
0
0
0
0
0
0
0
0
0
0
0
0
0
0
0
0
0
0
0
0
0
0
0
0
0
0
0
0
0
0
0
0
0
0
0
0
0
0
0
0
0.00469311
0.00469311
0.00469311
0
0
0
0
0
0
0
0
0
0
0
0.00469311
0.00469311
0
0
0.00469311
0.00469311
0.00469311
0.00469311
0.00469311
0.00469311
0.00469311
0
0
0
0.00469311
0.00469311
0
0.00469311
0.00469311
0
0
0
0
0
0
0
0
0
0
0.0529999
0.0359542
0.0359542
0.0324297
0.0324297
0.0359542
0
0
0
0
0
0
0
0
0
0
0
0
0
0
0
0
0
0.00920043
0.00920043
0.00920043
0
0.00920043
0.0529999
0.0529999
0.0530437
0.0530437
0.0529999
0.0529999
0.0529999
0.0529999
0
0
0
0
0
0.0529999
0
0.0529999
0.0529999
0.0530437
0.0530437
0.0363563
0
0
0
0
0
0
0
0
0
0
0
0
0
0
0
0
0
0
0
0
0
0
0
0.01745
0.01745
0.01745
0
0
0
0
0
0
0
0
0
0
0
0
0
0.0364763
0.0364763
0.0364763
0
0
0
0
0
0
0.0364763
0.0364763
0.0364763
0
0
0
0
0.0364763
0.0364763
0.0364763
0.0364763
0.039664
0
0.0364763
0.0364763
0.0364763
0.0359252
0.0359252
0.0364763
0.0364763
0.0364763
0.0364763
0.0364763
0
0
0
0
0
0
0.0126974
0.0126974
0.0126974
0.0126974
0.0126974
0
0
0
0
0
0
0
0
0
0
0
0
0
0
0
0
0
0
0.0532379
0.0532158
0
0.0532379
0
0.0532379
0.0532379
0
0.0197461
0
0
0
0
0
0
0
0
0
0
0
0
0
0
0
0
0
0
0
0
0
0
0
0
0
0
0
0
0
0
0
0
0
0
0
0
0
0
0
0
0
0
0
0
0
0.0134332
0.0134332
0.0137694
0.0134332
0
0.0375088
0.0375088
0
0
0
0
0
0
0
0
0
0
0
0
0
0
0
0
0
0
0
0
0
0
0
0
0
0
0
0
0
0
0
0
0
0
0
0
0
0
0
0
0
0
0
0
0
0
0
0
0
0
0
0
0
0
0
0.00907267
0.00907267
0
0.031442
0
0.031442
0.031442
0.031442
0.031442
0.031442
0.031442
0.031442
0.0343592
0.0343592
0.0343592
0.031442
0
0
0
0
0
0
0
0
0
0
0
0
0
0
0.0529999
0.0529999
0.0228867
0
0.00920043
0
0.0359542
0.0363563
0
0
0
0
0
0
0
0
0
0
0
0.0174245
0.01745
0
0
0
0
0
0
0
0
0
0.0364763
0
0
0
0
0
0
0.0532379
0
0.0197461
0
0
0.0134332
0.0529999
0.0375088
0
0
0
0.031442
0.031442
0.031442
0.031442
0
0
0
0
0.0529999
0.14878
0.14878
0.14878
0.14878
0.14878
0.14878
0.14878
0.14878
0.14878
0.0529518
0.0529518
0.0529518
0.0529518
0.0212543
0.0212543
0.0212543
0.0212543
0.0212543
0.0229572
0.0229572
0.0229572
0.0229572
0.00469311
0
0
0
0
0
0
0
0
0.00469311
0.00469311
0.00469311
0.00469311
0.0529518
0.0529518
0.0529518
0.0529518
0.0529518
0.0529518
0.0529518
0.0529518
0.0529518
0.0529518
0.0529518
0.0529518
0.0529518
0.0529518
0.0529518
0.0529518
0.0529518
0.0529518
0.0529518
0.0529518
0.0529518
0.0529518
0.0529518
0.0529518
0.0529518
0.0529518
0.0529518
0.0529518
0.0529518
0.0529518
0.0529518
0.0529518
0.0529518
0.0529518
0.0529518
0.0529518
0.0529518
0.0529518
0.0529518
0.0529518
0.0529518
0.0529518
0.0529518
0.0529518
0.0529518
0.0529518
0.0529518
0
0.0529518
0.0529518
0
0
0.0529518
0.0529518
0.0529518
0
0
0.0529518
0.0529518
0.00867332
0.0529518
0.0529518
0.0529518
0.0529518
0.0529518
0.0529518
0.0529518
0.0529518
0.0529518
0.0529518
0.0529518
0.0529518
0.0529518
0.0529518
0.0529518
0.0529518
0.0529518
0.0529518
0.0552604
0.0552604
0.0529518
0.379563
0.0529518
0.0529518
0.0529518
0.0529518
0.0529999
0.0529999
0
0
0.0529518
0.0529518
0.0529999
0.0529999
0.0529518
0.00469311
0.00469311
0.00469311
0.00469311
0.00469311
0.00469311
0.00469311
0.00469311
0.00469311
0.00469311
0.00469311
0.00469311
0.00469311
0.00469311
0.00469311
0.00469311
0.00469311
0.00469311
0.00469311
0.00469311
0.00469311
0.00469311
0
0
0
0
0.00469311
0.00469311
0.00469311
0.00469311
0.00469311
0.00469311
0.00469311
0.00469311
0.00469311
0.00469311
0.00469311
0.00469311
0.00469311
0.00469311
0.00469311
0.00469311
0.00469311
0.00469311
0.00469311
0.00469311
0.00469311
0
0.00469311
0.00561133
0.00469311
0.00469311
0.00469311
0.00469389
0.00469389
0.00469389
0.00469389
0.00469389
0.00469389
0.00469389
0.00469311
0.00469311
0.00562201
0
0
0
0
0
0
0
0
0
0
0
0
0
0
0
0
0
0
0
0
0
0
0
0
0.00533974
0.00533974
0.00533974
0.00533974
0
0
0
0
0.00535586
0.00535586
0.00535586
0
0
0
0
0
0.00535586
0.00536049
0.00535586
0.00535586
0.00535586
0.00535586
0.00535586
0.0216252
0.0216252
0
0
0
0.0216252
0.0216252
0.0216252
0.0216252
0.0220971
0.0220971
0.00469389
0.00469389
0.00469389
0
0.00469311
0.00469311
0.00469311
0.00469311
0
0
0
0.00469311
0.00469311
0.00469311
0.00469311
0.00469311
0.00469311
0.00469311
0.00469311
0.00469311
0.00469311
0.00469311
0.00560205
0.00560205
0.00469389
0.00469467
0.00469389
0.00533974
0
0.00534433
0.00469311
0.00469311
0
0
0.0217018
0.0217018
0
0
0
0.00469311
0.00469311
0.00469311
0.00469311
0.00469311
0.00469311
0.00469311
0
0
0
0
0.00469311
0.00469311
0.00469311
0.00561133
0
0
0.00561133
0.00561133
0.00561133
0.00469311
0.00469311
0.00561133
0.00561133
0
0
0
0
0
0.00469311
0.00469311
0.00469311
0.00469311
0
0
0
0
0
0.00471111
0
0
0
0
0.00471111
0.00471111
0.00471111
0.00471111
0
0
0
0
0
0
0
0.00471111
0
0.00471111
0.00560205
0.00560205
0.00560205
0.00469311
0.00465924
0.00465924
0.00465924
0.00465924
0.00465924
0.00465924
0.00465924
0.00469311
0.0329943
0.00469311
0.00469311
0.00469311
0.00469311
0
0.00465924
0.00465924
0.00465924
0.00465924
0.00465924
0.00465924
0.00465924
0
0.00465924
0.00466305
0.00465924
0.00469389
0.00469389
0.0329943
0.0329943
0.0329943
0.0329943
0.0329943
0.00469389
0.00469389
0.0238238
0.0388488
0.0388488
0.0388488
0.0388488
0.0238238
0
0
0
0
0
0
0
0
0
0
0
0
0
0
0
0
0
0
0
0
0
0
0
0
0
0
0
0
0
0
0
0
0
0
0
0
0
0
0
0
0
0
0
0
0
0
0
0
0
0
0
0
0
0
0
0
0
0
0
0
0
0
0
0
0
0
0
0
0
0
0
0
0
0
0
0
0
0
0
0
0
0
0
0
0
0
0
0
0
0
0
0
0
0
0
0
0
0
0
0
0
0
0
0
0
0
0
0
0
0
0
0
0
0
0
0
0
0
0
0
0
0
0
0
0
0
0
0
0
0
0
0
0
0
0
0
0
0
0
0
0
0
0
0
0
0
0
0
0
0
0
0
0
0
0
0
0
0
0
0
0
0
0
0
0
0
0
0
0
0
0
0
0
0
0
0
0
0
0
0
0
0
0
0
0
0
0
0
0
0
0
0
0
0
0
0
0
0
0
0
0
0
0
0
0
0
0
0
0
0
0
0
0
0
0
0
0
0
0
0
0
0
0
0
0
0
0
0
0
0
0
0
0
0
0
0
0
0.0529999
0.00469311
0.00469311
0.293016
0.293016
0.293016
0
0
0
0
0
0
0
0
0
0
0
0
0.141588
0.141588
0.141588
0.141588
0.141588
0.141588
0.141588
0.141588
0.141588
0.141588
0.141588
0.141588
0.141588
0
0
0
0
0
0
0
0
0
0
0
0
0
0
0
0
0
0
0
0
0
0
0
0
0
0
0
0
0
0
0
0
0.0525503
0
0
0
0
0
0
0
0
0
0
0
0
0
0
0
0
0
0
0
0
0
0
0
0
0
0
0
0
0
0
0
0
0
0
0
0
0
0
0
0
0
0
0
0
0
0
0
0
0
0
0
0
0
0
0
0
0
0
0
0
0
0
0
0
0
0
0
0
0
0
0
0
0
0
0
0
0
0
0
0
0
0
0
0
0
0
0
0
0
0
0
0
0
0
0
0
0
0
0
0
0
0
0
0
0
0
0
0
0
0
0
0
0
0
0
0.0678018
0
0
0
0
0.0678018
0.0678018
0.0678018
0.0678018
0.0678018
0.0678018
0.0678018
0.0678018
0
0
0.0678018
0
0
0
0
0
0
0
0
0
0
0
0
0
0
0
0
0
0
0
0
0
0
0
0
0
0
0
0
0
0
0
0
0
0
0
0
0
0
0
0
0
0
0
0
0
0
0
0
0
0
0
0
0
0
0
0
0
0
0
0
0
0
0
0
0
0
0
0
0
0
0
0
0
0
0
0
0
0
0
0
0
0
0
0
0
0
0
0
0
0
0
0
0
0
0
0
0
0
0
0
0
0.387869
0.387869
0.387869
0.387869
0.387869
0.387869
0.387869
0.387869
0.387869
0.387869
0.387869
0.264497
0.264497
0
0
0
0
0
0
0
0
0
0
0
0
0
0
0.264497
0
0
0
0
0
0
0
0
0
0
0
0
0
0
0
0
0
0
0
0
0
0
0
0
0
0
0
0
0
0
0
0
0
0
0
0
0
0
0
0
0
0
0
0
0
0
0
0
0
0
0
0
0
0
0
0
0
0
0
0
0
0
0
0
0
0
0
0
0
0
0
0
0
0
0
0
0
0
0
0
0
0
0
0
0
0
0
0
0
0
0
0
0
0
0
0
0
0
0
0
0
0
0
0
0
0
0
0
0
0
0
0
0
0
0
0
0
0
0
0
0
0
0
0
0
0
0
0
0
0
0
0
0.0525503
0.0525503
0
0
0
0
0
0
0
0
0
0
0
0
0
0
0
0
0
0
0
0
0
0
0
0
0
0
0
0
0
0
0
0
0
0
0
0
0
0.0525503
0
0
0
0
0
0
0
0
0
0
0.303137
0.303137
0
0
0.303137
0
0
0.28797
0.28797
0.28797
0.28797
0.28797
0.28797
0.288675
0.288675
0
0
0
0
0
0
0
0
0
0
0
0
0
0
0
0
0
0
0
0
0
0
0
0
0
0
0
0
0
0
0
0
0
0
0
0.566352
0
0
0
0
0
0
0
0
0
0
0
0
0
0
0
0
0
0
0
0
0
0
0
0
0
0
0
0
0
0
0
0
0
0
0
0
0
0
0
0
0
0
0
0
0
0
0.0525503
0
0
0
0
0
0
0
0
0
0
0
0
0
0
0
0
0
0
0
0
0
0
0
0
0
0
0
0
0
0
0
0
0
0
0
0
0
0
0
0
0
0
0
0
0
0
0
0
0
0
0
0
0.052856
0
0
0
0
0
0
0
0
0
0
0
0
0.054965
0.054965
0.054965
0.054965
0.054965
0
0.054965
0.054965
0.054965
0.054965
0
0.054965
0.054965
0.054965
0.054965
0
0.054965
0.054965
0.054965
0.054965
0
0
0
0
0.054965
0.054965
0.054965
0.054965
0.054965
0.054965
0.054965
0.054965
0.054965
0
0
0
0
0
0
0
0.0251484
0.0251484
0.0251484
0.0251484
0.0251484
0.0251484
0.0255155
0.0255155
0.0251484
0.0329943
0
0.0371949
0
0.0251484
0.0251484
0.0251484
0.0251484
0.0251484
0
0
0
0
0
0
0
0
0
0
0
0
0
0
0
0
0
0
0
0
0
0
0
0
0
0
0
0
0
0
0
0
0
0
0
0
0.181862
0.181862
0.181862
0.181862
0.181862
0.181862
0.181862
0.181862
0.181862
0
0.181862
0
0.181862
0.181862
0.181862
0.181862
0.0646665
0.0646665
0
0.0646665
0
0
0
0
0
0
0
0
0
0.184947
0.184947
0.100834
0.100834
0.100834
0.100834
0.0607391
0.0644235
0.0644235
0
0.151323
0.151323
0
0.225148
0.225148
0.225148
0
0
0
0.194413
0
0
0.186073
0.186073
0
0
0
0
0
0
0
0
0
0
0
0
0
0
0
0.181862
0.184947
0.184947
0.193649
0.153872
0.153872
0.153872
0
0
0.153872
0
0
0
0
0
0
0
0
0
0
0
0
0
0
0
0
0
0
0
0
0
0
0
0.121209
0
0
0
0
0
0
0
0
0.140584
0.153872
0.153872
0.153872
0.153872
0.153872
0.153872
0
0
0
0
0
0.153872
0.153872
0
0
0
0.0386059
0.0386059
0.0387999
0.0386059
0.0386059
0.0386059
0.165311
0.225148
0.225148
0.225148
0
0.153872
0
0
0
0
0
0
0
0
0
0
0
0
0
0
0
0
0
0
0
0
0
0
0
0
0
0
0
0
0
0
0
0
0
0
0
0
0
0
0
0
0
0
0
0
0
0
0.153872
0
0
0.153872
0.153872
0.153872
0
0
0
0
0
0
0
0
0
0
0
0
0
0.153872
0.153872
0.153872
0.153872
0.153872
0
0
0
0
0.153872
0.153872
0.153872
0.153872
0.0524992
0.0524992
0.0524992
0.303137
0.303137
0.303137
0.303137
0.303137
0
0
0
0
0
0
0
0
0
0
0
0
0
0
0
0
0
0.052546
0
0
0
0
0
0
0
0
0
0
0
0
0
0
0.0525503
0.0525503
0.0525503
0
0
0
0
0
0
0
0
0
0
0
0
0
0
0
0
0
0
0
0
0
0
0
0
0
0
0
0
0
0
0
0
0
0
0
0
0
0
0
0
0
0
0
0
0
0
0
0
0.0329943
0.0329943
0.0329943
0.0329943
0.0329943
0.0329943
0
0.0329943
0.0329943
0
0
0
0
0
0
0
0.0388488
0.0388488
0
0
0
0
0.0329943
0.0329943
0.0329943
0.0329943
0.0329943
0.052696
0.052696
0
0.052696
0.052696
0
0
0
0
0
0.0530657
0
0
0
0
0
0
0
0
0.0192744
0.0192744
0.0192744
0
0
0
0.0236476
0
0
0
0
0
0
0
0
0
0
0
0
0
0
0
0
0
0
0
0
0
0
0
0
0
0
0
0
0
0
0
0
0
0
0
0
0
0
0
0
0
0
0
0
0
0
0
0
0
0
0
0
0
0
0
0
0
0
0
0
0
0
0
0
0
0
0
0
0.00465847
0.00465847
0.00465847
0.00465847
0.00465847
0.0055091
0.0055091
0.0055091
0.0055091
0.0055091
0.0055091
0.0055091
0.0055091
0.0055091
0.0055091
0.0055091
0.0055091
0.0055091
0.0055091
0.0329943
0.0329943
0.0329943
0.0329943
0.0329943
0.0329943
0.0329943
0.0329943
0.0329943
0.0329943
0.0329943
0.0528951
0.0528951
0.0528951
0
0.0528951
0
0.0299563
0.0526487
0.0526487
0.0526487
0.0526487
0.0528516
0.052856
0
0
0.0524992
0.0524992
0
0
0
0
0
0
0
0
0
0
0
0
0
0
0
0
0
0
0
0
0
0
0
0
0
0
0
0
0
0
0
0
0
0
0
0
0
0
0
0
0
0
0
0
0
0
0
0
0
0
0
0
0
0
0
0
0
0
0
0
0
0
0
0
0
0
0
0
0
0
0
0
0
0
0
0
0
0
0
0
0
0
0
0
0
0
0
0
0
0
0
0
0
0
0
0
0
0
0
0
0
0
0
0
0
0
0
0
0
0
0
0
0
0
0
0
0
0
0
0
0
0
0
0
0
0
0
0
0
0
0
0
0
0
0
0
0
0
0
0
0
0
0
0
0
0
0
0
0
0
0
0.0524992
0
0
0.0524992
0.0524992
0.0524992
0.0524992
0.0524992
0
0
0.0524992
0.0524992
0.054965
0.054965
0.054965
0.054965
0.054965
0.054965
0.054965
0.054965
0.054965
0.054965
0.054965
0.054965
0
0
0
0
0.054965
0
0.054965
0.054965
0.054965
0.054965
0
0.054965
0.054965
0
0
0
0
0
0.054965
0
0.054965
0
0
0
0
0
0.054965
0.054965
0.054965
0.054965
0.054965
0
0
0.054965
0
0.054965
0
0
0
0
0
0
0.054965
0.054965
0.054965
0.054965
0.054965
0.054965
0.054965
0.054965
0
0.054965
0.054965
0
0.054965
0
0
0
0.054965
0.054965
0
0.054965
0.054965
0
0
0
0.054965
0.054965
0.054965
0.054965
0.054965
0.054965
0.054965
0.054965
0
0
0
0
0
0
0
0
0
0
0
0.054965
0.054965
0
0
0
0
0.054965
0.054965
0
0
0.054965
0.054965
0.054965
0
0
0
0
0
0
0
0
0
0
0
0
0
0
0
0
0
0
0
0
0
0
0
0
0
0
0
0
0.054965
0.054965
0.054965
0.054965
0.054965
0.054965
0.054965
0
0
0
0
0
0.054965
0
0
0
0
0
0
0
0
0
0
0.054965
0.054965
0
0
0
0
0
0
0
0.054965
0.054965
0
0.054965
0
0
0
0
0
0
0
0
0.054965
0.054965
0.054965
0.054965
0
0
0
0
0
0
0
0
0
0
0
0
0
0
0
0
0
0
0
0
0
0
0
0
0.054965
0.054965
0.054965
0.054965
0.054965
0.054965
0.054965
0
0
0
0
0
0
0
0
0
0
0
0
0
0
0
0
0
0
0
0
0
0
0
0
0
0
0
0
0
0
0
0
0
0
0
0
0
0
0
0
0
0
0
0
0
0
0
0
0
0
0
0
0
0
0
0
0
0
0
0
0
0
0
0
0
0
0
0
0
0
0
0
0
0
0
0
0
0
0.054965
0.054965
0.054965
0.054965
0.054965
0.054965
0.054965
0.054965
0
0
0
0
0.054965
0.054965
0
0
0
0
0
0
0
0
0
0.054965
0.054965
0
0.054965
0.054965
0.054965
0
0.054965
0.054965
0.054965
0
0
0.054965
0.054965
0.054965
0.054965
0.054965
0.054965
0.054965
0
0
0
0
0
0
0
0
0
0
0
0
0
0
0.054965
0.054965
0
0
0
0.054965
0.054965
0.054965
0.054965
0.054965
0
0
0
0
0
0
0
0
0
0
0.054965
0.054965
0
0
0
0
0.054965
0.054965
0.054965
0
0
0
0
0
0
0
0
0
0
0
0
0
0
0
0
0
0
0
0
0
0
0
0
0
0
0
0
0
0
0
0
0
0
0
0
0
0
0
0
0
0
0
0
0
0
0
0
0
0
0
0
0
0
0
0
0
0
0
0
0
0
0
0
0
0
0
0
0
0
0
0
0
0
0
0
0
0
0
0
0
0
0
0
0
0
0
0
0
0
0
0
0
0
0
0
0
0
0
0
0
0
0
0
0
0
0
0
0
0
0
0
0
0
0.054965
0.054965
0
0
0
0
0
0
0
0
0
0
0.054965
0.054965
0
0
0
0
0
0
0
0
0
0
0
0
0
0
0
0
0
0
0
0
0
0
0
0
0
0
0
0
0
0
0
0
0
0
0
0
0
0
0
0
0
0
0
0
0
0
0
0
0
0
0
0
0
0
0
0
0
0
0
0
0
0
0
0
0
0
0
0
0
0
0
0
0
0
0
0
0
0
0
0
0
0
0
0
0
0
0
0
0
0
0
0
0
0
0
0
0
0
0
0
0
0
0
0
0
0
0
0
0
0
0
0
0
0
0
0
0
0
0
0
0
0
0
0
0
0
0
0
0
0
0
0
0.054965
0.054965
0
0
0
0
0
0
0
0
0
0
0
0
0.054965
0.054965
0
0
0
0.054965
0
0.054965
0.054965
0.054965
0.054965
0.052546
0
0
0.054965
0.054965
0.054965
0.054965
0.054965
0.054965
0.054965
0.054965
0.054965
0.054965
0.054965
0.054965
0
0
0
0
0
0
0.054965
0.054965
0.054965
0.054965
0
0
0
0
0
0
0
0
0
0
0
0
0
0
0
0
0
0
0
0
0
0
0
0
0
0.054965
0.0527003
0.0527003
0.0527003
0
0
0
0.0530043
