0
0
0
0
0
0
0
0
0
0.0124322
0.0124322
0.0124322
0.0124322
0.0124322
0.0136272
0.0136272
0.0136272
0.0136272
0.0136272
0.0136272
0.0136272
0.0136272
0.0136272
0.0136272
0.0136272
0.0136272
0.0136272
0.0136272
0.0136272
0.0136272
0.0136272
0.0136272
0.0136272
0.0136272
0.0136272
0.0136272
0.0136272
0.0136272
0.0136272
0
0
0
0
0
0
0
0
0
0
0
0
0
0
0
0
0
0
0
0
0
0
0
0
0
0
0
0
0
0
0
0
0
0
0
0
0
0
0
0
0
0
0
0
0
0
0
0
0
0
0
0
0
0
0
0
0
0
0
0
0
0
0
0
0
0
0
0
0
0
0
0
0
0
0
0
0
0
0
0
0
0
0
0
0
0
0
0
0
0
0
0
0
0
0
0
0
0
0
0
0
0
0
0
0
0.0183463
0
0.0264721
0.0124815
0
0
0.0124602
0.0331315
0.0331315
0.0136058
0.0124747
0.0125659
0.0125108
0.0167342
0
0.01704
0.01704
0
0
0
0.01704
0.0170054
0.0170054
0.0170079
0.0170079
0.0170054
0
0
0
0
0
0
0
0
0.0427569
0.0427569
0
0.0427569
0.0266975
0.0266975
0.0266975
0.0266975
0.0266975
0.0266975
0
0.0266975
0.0124727
0.0124727
0.0124727
0.0124727
0.0124727
0.0124747
0.0124747
0.0125108
0.0125108
0.0125108
0
0
0
0
0
0
0
0
0
0.109764
0.109764
0
0
0
0
0
0
0
0
0
0
0
0
0
0
0.0449467
0.0449467
0.0449467
0.0449467
0.0449467
0.0449467
0
0
0
0
0
0
0.156174
0
0.156174
0.156174
0.0449467
0.0168646
0.0168646
0
0.0171625
0.0168646
0.0168646
0.0168646
0.0168646
0.0273896
0.0273896
0.0273896
0.0273896
0.0273896
0.0273896
0.0313266
0.0381524
0.0381524
0.0273896
0.0295915
0.0273896
0.0273896
0.0273896
0
0
0
0
0
0
0
0
0
0
0
0
0
0.0124786
0.0124786
0.0125206
0.0124786
0.0125442
0.0125442
0.0125442
0.0124679
0.0124679
0.0125452
0.0124679
0.0124679
0.0124679
0.0125314
0.0125452
0.0125314
0.0125314
0.0125452
0.0125314
0.0124795
0.0290742
0.0124795
0.0124795
0.0124902
0.0125206
0.0129315
0.0128885
0.0128885
0.013511
0.0134014
0
0
0
0
0.0125206
0
0
0.0125206
0.0125206
0.0125206
0.0125206
0.0124805
0.0124805
0.0124805
0.0124805
0.0124805
0.0124805
0.0125206
0.0124805
0
0
0
0
0
0
0
0
0
0
0
0
0
0
0
0
0
0
0
0
0
0
0
0
0
0
0
0
0
0
0
0
0
0
0
0
0
0
0
0
0
0
0
0
0
0
0
0
0
0
0
0
0
0
0
0
0
0
0
0
0
0
0
0
0
0
0
0
0
0
0
0
0
0
0
0
0
0
0.0125324
0.0125324
0
0
0.0125274
0.0125274
0.0125274
0.0125215
0.0125215
0.0125186
0
0
0
0
0
0.0125442
0.0125432
0
0
0
0
0
0
0
0
0.0125432
0.0125432
0.0125432
0.0125432
0.0125432
0.0125442
0.0125442
0
0
0
0
0
0
0
0.0125432
0
0.0125432
0
0.0125432
0.0125442
0.0125442
0.0125442
0.0125432
0.0125432
0.0131899
0
0
0
0
0
0.0125799
0
0
0
0
0
0.0387492
0.0131704
0.0150126
0.0126511
0.0126511
0.0126603
0.0126511
0
0
0
0
0.0166899
0.0166899
0
0.0166899
0.0166899
0
0.0166899
0.0166899
0.0166899
0.0166992
0
0.0166992
0.0166992
0
0.0166992
0.0166899
0
0
0
0
0
0
0
0
0
0
0.0174157
0
0.0166206
0.025
0.0166206
0
0.0166206
0
0
0
0
0
0.0217597
0
0
0
0
0.0217597
0.0217597
0.0217597
0
0.0217597
0.022984
0
0.0166206
0.0174263
0.0174263
0.0174554
0.0231621
0.0175358
0.0166206
0
0
0
0
0
0
0
0
0
0
0
0.0181012
0.0186826
0
0
0.0185344
0
0
0
0
0.0172158
0.0172158
0.0172158
0
0
0
0
0
0
0
0
0
0
0
0
0
0
0
0
0
0
0
0
0
0
0
0
0
0
0
0.0166459
0.0166459
0.0166459
0.0166459
0.0166459
0.0166459
0
0
0.0166459
0.0166551
0.0166551
0.0167319
0.0167319
0.0167319
0.0168144
0.0167319
0.0167319
0.0167319
0.0166551
0.0252056
0.0252217
0.0252056
0
0
0.0290742
0
0
0.0252056
0
0
0
0
0
0.0324102
0.0324102
0.0324102
0.0324102
0.032686
0
0
0
0
0
0
0
0
0
0
0
0
0
0
0
0
0
0
0.0129783
0.0129783
0.0125442
0.0124951
0.0171954
0.0171954
0.0129783
0.0129783
0
0.0129783
0.0129783
0
0.0125235
0.0125235
0
0
0
0
0
0
0
0
0.0990148
0.0990148
0
0
0
0
0
0
0.0349215
0
0.03505
0
0.0349642
0
0
0
0
0
0
0
0.0129196
0
0.0153105
0
0
0.0148185
0
0
0
0
0
0.0405554
0.0197913
0.0143223
0
0
0.0126633
0
0.0150397
0.0132245
0
0
0
0
0
0.0221948
0
0.0127901
0
0
0
0
0
0.0125452
0
0
0
0
0.0125029
0
0.0138013
0
0
0
0
0
0
0
0.0128385
0
0
0
0.0387492
0.0387492
0.0387492
0.0387492
0.0387492
0.0387492
0
0.0387492
0.0387492
0.0387492
0.0387492
0.0387492
0
0
0
0
0
0
0
0
0
0
0
0
0
0
0
0
0
0
0
0
0
0.0172056
0.0172005
0.0172005
0.0172005
0.0172005
0.0172005
0.0172005
0.0172005
0.0172005
0.0172056
0.0172056
0
0
0
0
0
0
0
0
0
0
0
0
0
0
0
0
0
0.171499
0.171499
0
0
0
0
0
0
0
0
0
0
0
0
0
0
0
0
0
0
0
0
0
0
0.0178061
0.0178061
0
0.0178061
0
0
0
0
0
0
0
0
0.169031
0
0
0
0
0
0
0
0
0
0
0
0
0.0172286
0.0172337
0.0172337
0
0
0
0
0
0
0
0
0
0
0
0
0
0
0
0
0
0
0
0
0
0
0
0
0
0
0
0
0
0
0
0
0
0
0
0
0
0
0
0
0
0
0
0
0
0
0
0
0
0
0
0
0
0
0
0
0
0
0
0
0
0
0
0
0
0
0
0
0
0
0
0
0
0
0
0
0
0
0
0
0
0
0
0
0
0
0
0
0
0
0
0
0
0
0
0
0
0
0
0
0
0
0
0
0
0
0
0
0
0
0.0172311
0
0
0
0
0
0
0
0
0
0
0
0
0
0
0
0
0
0
0
0
0
0
0
0
0
0
0
0
0
0
0
0
0
0
0
0
0
0
0
0
0
0
0
0
0
0
0
0
0
0
0
0
0
0
0
0
0
0
0
0
0
0
0
0
0
0
0
0
0
0
0
0
0
0
0
0
0
0
0
0
0
0
0
0
0
0
0
0
0
0
0
0
0
0
0
0
0
0
0
0
0
0
0
0
0
0
0
0
0
0
0
0
0.0172337
0.0172337
0
0
0
0
0
0
0
0
0
0
0
0
0
0
0
0
0
0
0
0
0
0
0
0
0
0
0
0
0
0
0
0
0
0
0
0
0
0
0
0
0
0
0
0
0
0
0
0
0
0
0
0
0
0
0
0
0
0
0
0
0
0
0
0
0
0
0
0
0
0
0
0
0
0
0
0
0
0
0
0
0
0
0
0
0
0
0
0
0
0
0
0
0
0
0
0
0
0
0
0.0125442
0
0
0
0
0
0
0
0
0
0.0172311
0.0172311
0.0172311
0.0172311
0.0172311
0
0
0
0
0
0
0
0
0
0
0
0
0
0
0
0
0
0
0
0
0
0
0
0
0
0.0129783
0.0129783
0.0129783
0.0129783
0.0129783
0.0129783
0.0129783
0
0
0
0
0
0
0
0
0
0
0
0
0
0
0
0
0
0
0
0
0
0
0
0
0
0
0
0
0
0
0
0
0
0
0
0
0
0
0
0
0
0
0
0
0
0
0
0
0
0
0
0
0
0
0
0
0
0
0
0
0
0
0
0
0
0
0
0
0
0
0
0
0
0
0
0
0
0
0
0
0
0
0
0
0
0
0
0
0
0
0
0
0
0.0129783
0.0129783
0.0129783
0.0129783
0.0129783
0.0129783
0.012437
0.0129783
0
0
0
0
0.0129783
0.0129783
0.0129783
0.0129783
0
0
0
0
0
0
0
0
0
0
0
0
0
0
0
0.0129783
0.0129783
0
0.0129783
0.0129783
0
0.0129783
0.0129783
0
0
0
0
0
0
0.0129783
0.0129783
0
0
0
0
0
0
0.0129783
0.0129783
0.0129783
0.0129783
0.0129783
0
0.0129783
0
0
0.013829
0
0
0
0
0
0
0
0
0
0
0
0.0129783
0
0.0129783
0
0
0.0129783
0
0
0
0
0
0
0
0
0
0
0
0
0
0
0
0.0129783
0
0
0
0
0
0
0
0
0
0
0
0
0
0
0
0
0
0
0
0
0
0
0
0
0
0
0
0
0
0
0
0
0
0
0
0
0
0
0
0
0
0
0
0
0
0
0
0
0
0
0
0
0
0
0
0
0
0
0
0
0
0
0
0
0
0
0
0
0
0
0
0
0
0
0
0
0
0
0
0
0
0
0
0
0
0
0
0
0
0
0
0
0
0
0
0
0
0
0
0
0
0
0
0
0
0
0
0
0
0
0.0129783
0
0
0
0.0129783
0
0.0129783
0
0.0129783
0
0.0129783
0
0
0
0
0
0.0129783
0
0.0129783
0
0
0
0
0
0
0
0
0
0
0
0
0
0
0
0
0
0
0
0
0
0
0.0129783
0
0
0
0.0129783
0.0129783
0.0129783
0.0129783
0.0129783
0.0129783
0.0129783
0.0129783
0.0129783
0.0129783
0.0129783
0.0129783
0.0129783
0.0129783
0
0
0
0
0
0
0
0
0
0
0
0
0.0129783
0.0129783
0
0.0129783
0
0
0
0
0
0
0
0
0
0
0
0
0
0
0
0
0
0
0
0
0
0
0
0
0
0
0
0
0.0129783
0
0
0
0
0
0
0
0
0
0.0129783
0.0129783
0.0129783
0
0.0129783
0.0129783
0.0129783
0.0129783
0.0129783
0.0129783
0.0129783
0.0129783
0.0129783
0
0.0129783
0
0.0129783
0.0129783
0.0129783
0.0129783
0.0129783
0.0129783
0
0.0129783
0.0129783
0.0129783
0.0129783
0.0129783
0
0
0
0
0.0129783
0
0.0129783
0
0
0
0
0
0
0
0
0
0
0
0
0
0
0
0
0
0
0
0
0
0
0
0
0
0
0
0
0
0
0
0
0
0
0
0
0.0129783
0
0
0
0
0
0
0
0
0
0
0
0
0
0
0
0
0
0
0
0
0
0
0
0
0
0
0
0
0
0
0
0
0
0
0
0
0
0
0
0
0
0
0
0
0
0
0
0
0
0
0
0
0
0
0
0
0
0
0
0
0
0
0
0
0
0
0
0
0
0
0
0
0
0
0
0
0
0
0
0
0
0
0
0
0
0.0129783
0.0129783
0.0129783
0.0129783
0.0129783
0
0
0
0
0
0
0
0
0
0
0
0
0
0
0
0
0
0
0
0
0
0
0
0
0
0
0
0
0
0
0
0
0
0
0
0
0
0
0
0
0
0
0
0
0
0
0
0
0
0
0
0
0
0
0
0
0
0
0
0
0
0
0
0
0
0
0
0
0
0
0
0
0
0
0
0
0
0
0
0
0
0
0
0
0
0
0.0129783
0.0129783
0.0129783
0.0129783
0.0129783
0
0
0
0
0
0
0
0.0129783
0.0129783
0.0129783
0.0129783
0
0
0
0
0
0
0
0
0
0
0
0
0.0129783
0
0
0
0
0
0
0
0
0
0
0
0
0
0
0
0
0
0
0
0
0
0
0
0
0
0
0
0
0
0
0
0
0
0
0
0
0
0
0
0
0
0
0
0
0
0
0
0
0
0
0
0
0
0.0129783
0.0129783
0.0129783
0.0129783
0.0129783
0.0129783
0.0129783
0.0129783
0.0129783
0.0129783
0.0129783
0.0129783
0.0129783
0
0
0
0
0
0
0
0
0
0
0
0
0
0
0
0
0
0
0
0
0
0
0
0.0137205
0
0
0
0
0
0
0
0
0
0
0
0
0
0
0
0
0
0
0
0
0
0
0
0
0
0
0
0.0137205
0
0.0137205
0.0137205
0.0137205
0
0.0137205
0.0137205
0
0
0
0
0
0
0
0
0
0
0
0
0
0
0
0
0
0
0
0
0
0
0
0
0
0
0
0
0
0
0
0
0
0
0
0
0
0
0
0
0
0
0
0
0
0
0
0
0
0
0
0
0
0
0
0
0
0
0
0
0
0
0
0.0129783
0.0129783
0
0.0137322
0.0129783
0.0129783
0.0129783
0.0129783
0.0129783
0.0129783
0.0135995
0.0135995
0
0.0129783
0.0129783
0
0.0129783
0
0.0129783
0
0.0129783
0.0129783
0.0129783
0
0
0
0
0
0.0129783
0
0
0
0
0.0129783
0
0.0129783
0.0129783
0.0129783
0.0129783
0
0.0129783
0.0129783
0.0129783
0.0129783
0.0129783
0.0129783
0.0129783
0.0129783
0
0.0129783
0
0
0
0
0
0
0
0
0
0
0
0
0
0
0
0
0
0
0
0
0
0.0129783
0.0129783
0.0129783
0.0129783
0
0
0
0
0
0
0
0
0
0
0
0
0
0
0
0
0
0
0
0
0
0
0
0
0
0
0
0
0
0
0
0
0
0
0.012438
0
0
0
0
0
0
0
0.0137231
0.0137231
0.0137231
0
0
0
0
0
0
0
0
0
0
0
0
0
0
0
0
0
0.0137205
0
0
0
0
0
0.0129783
0.0129783
0.0129783
0.0138929
0.0129783
0.0129783
0
0.0129783
0.0129783
0.0129783
0.0129783
0.0129783
0
0
0
0
0
0.0129783
0
0.0129783
0
0
0
0.0129783
0.0129783
0
0
0
0
0
0.0129783
0.0129783
0.0129783
0.0129783
0.0129783
0.0129783
0.0129783
0.0129783
0.0129783
0.0129783
0.0129783
0.0129783
0.0129783
0.0129783
0.0129783
0.0129783
0.0129783
0.0129783
0.0129783
0.0129783
0.0129783
0.0129783
0.0129783
0.0129783
0.0129783
0.0129783
0.0129783
0.0129783
0.0129783
0.0129783
0.0129783
0.0129783
0.0129783
0.0129783
0.0129783
0.0129783
0.0129783
0.0129783
0.0129783
0.0129783
0.0129783
0.0129783
0.0129783
0.0129783
0.0129783
0.0129783
0.0129783
0.0129783
0.0129783
0.0129783
0.0129783
0.0129783
0.0129783
0.0129783
0.0129783
0.0129783
0.0129783
0.0129783
0.0129783
0.0129783
0
0
0
0
0
0
0
0
0
0
0
0
0
0
0
0
0
0
0
0
0
0
0
0
0
0
0
0
0
0
0
0
0
0
0
0
0
0
0
0
0
0
0
0
0
0
0
0
0
0
0
0
0
0
0
0
0
0
0
0
0
0
0
0
0
0
0
0
0
0
0
0
0
0
0
0
0
0
0
0
0
0
0
0
0
0
0
0
0
0
0
0
0
0
0
0
0
0
0
0
0
0
0
0
0
0
0
0
0
0
0
0
0
0
0
0
0
0
0
0
0
0
0
0
0
0
0
0
0
0
0
0
0
0
0
0
0
0
0
0
0
0
0
0
0
0
0
0
0
0
0
0
0
0
0
0
0
0
0
0
0
0
0
0
0
0
0
0
0
0
0
0
0
0
0
0
0
0
0
0
0
0
0
0
0
0
0
0
0
0
0
0
0
0
0
0
0
0
0
0
0
0
0
0
0
0
0
0
0
0
0
0
0
0
0
0
0
0
0
0
0
0
0
0
0
0
0
0
0
0
0
0
0
0
0
0
0
0
0
0
0
0
0
0
0
0
0
0
0
0
0
0
0
0
0
0
0
0
0
0
0
0
0
0
0
0
0
0
0
0
0
0
0
0
0
0
0
0
0
0
0
0
0
0
0
0
0
0
0
0
0
0
0
0
0
0
0
0
0
0
0
0
0
0
0
0
0
0
0
0
0
0
0
0
0
0
0
0
0
0
0
0
0
0
0
0
0
0
0
0
0
0
0
0
0
0
0
0
0
0
0
0
0
0
0
0
0
0
0
0
0
0
0
0
0
0
0
0.0129783
0.0129783
0.0129783
0.0129783
0.0129783
0.0129783
0.0129783
0.0129783
0.0129783
0.0129783
0.0129783
0.0129783
0.0129783
0.0129783
0.0129783
0.0129783
0.0129783
0.0129783
0.0129783
0
0
0
0
0
0.0129783
0.0129783
0.0129783
0.0129783
0.0129783
0.0129783
0.0129783
0.0129783
0.0129783
0.0129783
0.0129783
0.0129783
0.0129783
0.0129783
0.0129783
0.0129783
0.0129783
0.0129783
0.0129783
0.0129783
0.0129783
0.0129783
0.0129783
0.0129783
0.0129783
0.0129783
0.0129783
0.0129783
0.0129783
0.0129783
0.0129783
0.0129783
0.0129783
0.0129783
0.0129783
0.0129783
0.0129783
0.0129783
0.0129783
0.0129783
0.0129783
0.0129783
0.0129783
0.0129783
0.0129783
0.0129783
0.0129783
0.0129783
0.0129783
0.0129783
0.0129783
0.0129783
0.0129783
0.0129783
0.0129783
0.0129783
0.0129783
0.0129783
0.0129783
0.0129783
0.0129783
0.0129783
0.0129783
0.0129783
0.0129783
0.0129783
0.0129783
0.0129783
0.0129783
0.0129783
0.0129783
0.0129783
0.0129783
0.0129783
0.0129783
0.0129783
0.0129783
0.0129783
0.0129783
0.0129783
0.0129783
0.0129783
0.0129783
0.0129783
0.0129783
0.0129783
0.0129783
0.0129783
0.0129783
0.0129783
0.0129783
0.0129783
0.0129783
0.0129783
0.0129783
0.0129783
0.0129783
0.0129783
0.0129783
0.0129783
0.0129783
0.0129783
0.0129783
0.0129783
0.0129783
0.0129783
0.0129783
0.0129783
0.0129783
0.0129783
0.0129783
0.0129783
0.0129783
0.0129783
0.0129783
0.0129783
0.0129783
0.0129783
0.0129783
0.0129783
0.0129783
0.0129783
0.0129783
0.0129783
0.0129783
0.0129783
0.0129783
0.0129783
0.0129783
0.0129783
0.0129783
0.0129783
0.0129783
0.0129783
0.0129783
0.0129783
0.0129783
0.0129783
0.0129783
0.0129783
0.0129783
0.0129783
0.0129783
0.0129783
0.0129783
0.0129783
0.0129783
0.0129783
0.0129783
0.0129783
0.0129783
0.0129783
0.0129783
0.0129783
0.0129783
0.0129783
0.0129783
0.0129783
0.0129783
0.0129783
0.0129783
0.0129783
0.0129783
0.0129783
0
0
0.0129783
0.0129783
0.0129783
0.0129783
0.0129783
0.0129783
0.0129783
0.0129783
0.0129783
0.0129783
0.0129783
0.0129783
0.0129783
0.0129783
0.0129783
0.0129783
0.0129783
0.0129783
0.0129783
0
0
0
0
0
0.0129783
0
0
0
0
0
0
0
0
0
0
0
0
0
0
0
0
0
0
0
0
0
0
0
0
0
0
0
0
0
0
0
0
0
0
0
0
0
0
0
0
0
0
0
0
0
0
0
0
0
0
0
0
0
0
0
0
0
0
0
0
0
0
0
0
0
0
0
0
0
0
0
0.0129783
0.0129783
0.0129783
0
0
0
0
0
0
0
0
0
0
0
0
0
0
0
0
0
0
0
0
0
0
0.0129783
0.0129783
0
0
0
0
0.0137076
0
0.0129783
0.0129783
0.0129783
0.0129783
0
0
0
0
0
0.0129783
0.0129783
0
0
0
0.0129783
0.0129783
0
0
0
0
0
0
0
0.0129783
0.0129783
0.0129783
0.0129783
0.0129783
0.0129783
0.0129783
0.0129783
0.0129783
0.0129783
0.0129783
0.0129783
0.0129783
0
0
0
0.0129783
0.0129783
0
0
0
0
0
0
0
0
0
0
0
0
0
0
0
0
0
0
0
0
0
0
0
0
0
0
0
0
0
0
0
0
0
0
0
0
0
0
0
0
0
0
0
0
0
0
0
0
0
0
0
0
0
0
0
0
0
0
0
0
0
0
0
0
0
0
0
0
0
0
0
0
0
0
0
0
0
0
0
0
0
0
0
0
0
0
0
0
0
0
0
0
0
0
0
0
0
0
0
0
0
0
0
0
0
0
0
0
0
0
0
0
0
0
0
0
0
0
0
0
0
0
0
0
0
0
0
0
0
0
0
0
0
0
0
0
0
0
0
0
0
0
0
0
0
0
0
0
0
0
0
0
0
0
0
0
0
0
0
0
0
0
0
0
0
0
0
0
0
0
0
0
0
0
0
0
0
0
0
0
0
0
0
0
0
0
0
0
0
0
0
0
0
0
0
0
0
0
0
0
0
0
0
0
0
0
0
0
0
0
0
0
0
0
0
0
0
0
0
0
0
0
0
0
0
0
0
0
0
0
0
0
0
0
0
0
0
0
0
0
0
0
0
0
0
0
0
0
0
0
0
0
0.0129783
0.0129783
0.0129783
0
0
0
0
0
0
0
0
0
0
0
0
0
0
0
0
0
0
0
0
0
0
0
0
0
0
0
0
0.0129783
0.0129783
0
0
0
0
0
0
0
0
0
0
0
0
0.0129783
0.0129783
0
0
0
0.0129783
0.0129783
0
0
0.0129783
0.0129783
0
0
0
0
0
0
0
0
0
0
0
0
0
0
0.0129783
0.0129783
0
0
0
0.0129783
0.0129783
0
0
0
0
0
0
0
0
0
0
0
0.0129783
0.0129783
0
0
0
0
0.0129783
0.0129783
0
0
0
0
0
0
0
0
0
0
0.0129783
0.0129783
0
0
0
0
0.0129783
0.0129783
0
0
0
0
0
0
0
0
0
0
0.0129783
0.0129783
0
0
0
0.0129783
0.0129783
0.0129783
0
0
0
0
0
0
0
0
0
0
0.0129783
0.0129783
0
0.0129783
0
0
0
0
0
0
0
0
0.0129783
0.0129783
0.0129783
0.0129783
0
0
0
0
0
0
0
0
0
0
0
0
0
0
0
0
0
0
0
0
0
0
0
0
0.0129783
0.0129783
0
0
0
0
0
0
0
0.0129783
0.0129783
0.0129783
0.0129783
0
0.0129783
0.0129783
0.0129783
0.0129783
0
0
0.0129783
0.0129783
0.0129783
0.0129783
0.0129783
0.0129783
0.0129783
0.0129783
0.013727
0.013727
0
0.013727
0.0129783
0.0129783
0
0
0
0
0
0
0
0
0
0.0129783
0.0129783
0
0.0129783
0.0129783
0.0129783
0.0138768
0.0129783
0.0129783
0.0129783
0
0
0.0129783
0.0129783
0.0129783
0.0129783
0.0129783
0.0129783
0.0129783
0.0129783
0
0
0
0
0
0.0129783
0
0
0
0
0
0
0
0
0
0
0.0129783
0.0129783
0.0129783
0.0129783
0
0
0
0
0
0
0
0
0
0.0129783
0.0129783
0.0129783
0.0129783
0.0129783
0.0129783
0.0129783
0.0129783
0.0129783
0.0129783
0.0129783
0.0129783
0
0
0
0
0
0
0.0129783
0.0129783
0.0129783
0.0129783
0
0
0
0
0
0
0
0
0
0
0
0
0
0
0.0129783
0.0129783
0
0
0
0
0
0
0
0
0
0.0129783
0.0129783
0.0129783
0.0129783
0.0129783
0.0129783
0
0.0129783
0.0129783
0.0129783
0.0129783
0
0.0129783
0.0129783
0.0129783
0.0129783
0
0.0129783
0.0129783
0.0129783
0.0129783
0
0
0
0
0
0
0
0
0.0129783
0.0129783
0.0129783
0.0129783
0.0129783
0.0129783
0.0129783
0.0129783
0.0129783
0.012437
0
0
0.0129783
0.0129783
0.0129783
0.0129783
0.0129783
0.0129783
0.0129783
0.0129783
0.0129783
0.0129783
0.0129783
0.0129783
0
0
0
0
0.0129783
0
0.0129783
0.0129783
0.0129783
0.0129783
0
0.0129783
0.0129783
0
0
0
0
0
0.0129783
0
0.0129783
0
0
0
0
0
0.0129783
0.0129783
0.0129783
0.0129783
0.0129783
0
0
0.0129783
0.0138383
0.0129783
0
0
0
0
0
0
0.0129783
0.0129783
0.0129783
0.0129783
0.0129783
0.0129783
0.0129783
0.0129783
0
0.0129783
0.0129783
0
0.0129783
0
0
0
0.0129783
0.0129783
0
0.0129783
0.0129783
0
0
0
0.0129783
0.0129783
0.0129783
0.0129783
0.0129783
0.0129783
0.0124776
0.0124776
0
0.0124776
0.0124776
0
0
0
0
0
0.01256
0
0
0
0
0.0167978
0
0
0
0.0183463
0.0183463
0.0183463
0
0
0
0.0224677
0
0
0.0241614
0.0241614
0.0242322
0.0242322
0.0242322
0.0242536
0.114708
0.0125088
0.0125088
0.0125088
0.0132721
0.0125659
0
0
0
0
0
0
0.0124805
0.0124805
0.0124805
0.0134014
0
0
0.0125452
0.0124679
0.0124679
0.0124679
0.0124679
0.0125108
0.0125117
0
0
0
0
0
0
0
0
0
0
0
0
0
0
0
0
0
0
0
0
0.015731
0.015731
0
0
0
0.0159455
0.0159455
0.0159455
0.0159455
0.0159455
0
0
0
0
0
0
0
0.0171524
0.0171524
0
0
0
0
0
0
0
0
0
0
0
0
0
0
0
0.0341593
0.0341593
0
0
0
0
0
0
0
0
0
0
0
0
0
0
0
0
0
0
0
0
0
0
0
0
0
0
0
0
0
0
0
0
0
0
0
0
0
0
0
0
0
0
0
0
0
0
0
0
0
0
0
0
0
0
0
0
0
0
0
0
0
0
0
0
0
0
0.096225
0.096225
0
0
0.096225
0
0
0
0
0
0.0343604
0
0
0
0
0
0
0
0
0
0
0
0
0
0
0
0
0
0
0
0
0
0
0
0
0
0
0
0
0
0
0
0
0
0
0
0
0
0
0
0
0
0
0
0
0
0.0265466
0
0.0183959
0
0
0
0
0
0
0
0
0
0
0
0.0159414
0
0.0159414
0
0.0159414
0
0.0159414
0
0
0
0
0.0172337
0.0172337
0.0172337
0.0172337
0.0172337
0.0172337
0.0172337
0
0
0
0
0
0
0
0.0172337
0.0172337
0.0172337
0.0172337
0.0172337
0.0172337
0.0172337
0
0.0172337
0.0172465
0.0172337
0
0
0
0
0
0
0
0
0
0
0
0
0
0
0
0
0
0
0
0
0
0
0
0
0
0
0
0
0
0
0
0
0
0
0
0
0
0
0
0
0
0
0
0
0
0
0
0
0
0
0
0
0
0
0
0
0
0
0
0
0
0
0
0
0
0
0
0
0
0
0
0
0
0
0
0
0
0
0
0
0
0
0
0
0
0
0
0
0
0
0
0
0
0
0
0
0
0
0
0
0
0
0
0
0
0
0
0
0
0
0
0
0
0
0
0
0
0
0
0
0
0
0
0
0
0
0
0
0
0
0
0
0
0
0
0
0
0
0
0
0
0
0
0
0
0
0
0
0
0
0
0
0
0
0
0
0
0
0
0
0
0
0
0
0
0
0
0
0
0
0
0
0
0
0
0
0
0
0
0
0
0
0
0
0
0
0
0
0
0
0
0
0
0
0.171499
0.171499
0.171499
0.171499
0
0
0
0
0
0
0
0
0
0
0
0
0
0
0
0
0
0
0
0
0
0
0
0
0
0
0
0
0
0
0
0
0
0
0
0
0
0
0
0
0
0
0
0
0
0
0
0
0
0
0
0
0
0
0
0
0
0
0
0
0.0308021
0
0
0
0
0
1
0
0
0
0
0
0
0
0
0
0
0
0
0
0
0
0
0
0
0
0
0
0
0
0
0
0
0
0
0
0
0
0
0
0
0
0
0
0
0
0
0
0
0
0
0
0
0
0
0
0
0
0
0
0
0
0
0
0
0
0
0
0
0
0
0
0
0
0
0
0
0
0
0
0
0
0
0
0
0
0
0
0
0
0
0
0
0
0
0
0
0
0
0
0
0
0
0
0
0
0
0
0
0
0
0
0
0
0
0
0.0125206
0.0125206
0.0125206
0
0.0125206
0
0
0
0
0.0124264
0.0124264
0
0
0
0
0
0
0
0
0
0
0
0
0
0
0
0
0
0
0
0
0
0
0
0
0
0
0
0
0
0
0
0
0
0
0
0
0
0
0
0
0
0
0
0
0
0
0
0
0
0
0
0
0
0
0
0
0
0
0
0
0
0
0
0
0
0
0
0
0
0
0
0
0
0
0
0
0
0
0
0
0
0
0
0
0
0
0
0
0
0
0
0
0
0
0
0
0
0
0
0
0
0
0
0
0
0
0
0
0
0
0
0
0
0
0
0
0
0
0
0
0
0
0
0
0
0
0
0
0
0
0
0
0
0
0
0
0
0
0
0
0
0
0
0
0
0
0
0
0
0
0
0
0.0124264
0
0
0.0124264
0.0124264
0.0124264
0.0124264
0.0124264
0
0
0.0124264
0.0124264
0.0124389
0.0124389
0.0124389
0.0124389
0.0124389
0.0124389
0.0124389
0.0124389
0.0124389
0.0124389
0.0124389
0
0.0124389
0.0124389
0.0124582
0
0
0
0
0
0
0
0.0124264
0.0124264
0.0124264
0.0124264
0.0124264
0
0
0
0
0
0
0
0
0
0
0
0
0
0
0
0
0
0
0
0
0
0
0
0
0
0
0
0
0
0
0
0
0
0
0
0
0
0
0
0
0
0
0
0
0
0
0
0
0
0
0
0
0
0
0
0
0
0
0
0
0
0
0
0
0
0
0
0
0
0
0
0
0
0
0
0
0
0
0
0
0
0
0
0
0
0
0
0
0
0
0
0
0
0
0
0
0
0
0
0
0
0
0
0
0
0
0
0
0
0
0
0
0
0
0
0
0
0
0
0
0
0
0
0
0
0
0
0
0
0
0
0
0
0
0
0
0
0
0
0
0
0
0
0
0
0
0
0
0
0
0
0
0
0
0
0
0
0
0
0
0
0
0
0
0
0
0
0
0
0
0
0
0
0
0
0
0
0
0
0
0
0
0
0
0
0
0
0
0
0
0
0
0
0
0
0
0
0
0
0
0
0
0
0
0
0
0
0
0
0
0
0
0
0
0
0
0
0
0
0
0
0
0
0
0
0
0
0
0
0
0
0
0
0
0
0
0
0
0
0
0
0
0
0
0
0
0
0
0
0
0
0
0
0
0
0
0
0
0
0
0
0
0
0
0
0
0
0
0
0
0
0
0
0
0
0
0
0
0
0
0
0
0
0
0
0
0
0
0
0
0
0
0
0
0
0
0
0
0
0
0
0
0
0
0
0
0
0
0
0
0
0
0
0
0
0
0
0
0
0
0
0
0
0
0
0
0
0
0
0
0
0
0
0
0
0
0
0
0
0
0
0
0
0
0
0
0
0
0
0
0
0
0
0
0
0
0
0
0
0
0
0
0
0
0
0
0
0
0
0
0
0
0
0
0
0
0
0
0
0
0
0
0
0
0
0
0
0
0
0
0
0
0
0
0
0
0
0
0
0
0
0
0
0
0
0
0
0
0
0
0
0
0
0
0
0
0
0
0
0
0
0
0
0
0
0
0
0
0
0
0
0
0
0
0
0
0
0
0
0
0
0
0
0
0
0
0
0
0
0
0
0
0
0
0
0
0
0
0
0
0
0
0
0
0
0
0
0
0
0
0
0
0
0
0
0
0
0
0
0
0
0.0125245
0.0125245
0.0124264
0.0124264
0.0124264
0.0124264
0.0124264
0.0124264
0.0124264
0.0124264
0.0124264
0.0124264
0.0124264
0.0124264
0.0124264
0.0124264
0.0124264
0.0124264
0.0124264
0.0124264
0.0124264
0.0124264
0.0124264
0.0124264
0.0124264
0.0124264
0.0124264
0
0
0
0.0124264
0.0124264
0.0124264
0.0124264
0.0124264
0.0124264
0.0124264
0.0124264
0.0124264
0.0124409
0.0124409
0.0124409
0.0124428
0.0124428
0.0124409
0.0124409
0.0124428
0.0125392
0
0
0
0.0124409
0.0136807
0
0
0
0
0.0124409
0
0.0124409
0
0.0124409
0.0124409
0.0124409
0.0124409
0.0124409
0
0.0124409
0.0124409
0
0
0.013344
0.013344
0.0133464
0.0133464
0.013344
0.013344
0
0
0.0133085
0.0133085
0.0133085
0.0133085
0.0133085
0.0133085
0
0
0
0
0
0.0133191
0.0133085
0.0133085
0.0133085
0.0133085
0.0133085
0
0
0.0133085
0.0133085
0.0133085
0.0133381
0.0133381
0.0133085
0.0133085
0
0.0133085
0
0.0133085
0
0.0133085
0.0133085
0
0.0133085
0.0133085
0
0
0
0.0133085
0.0133085
0.0133085
0.0133085
0.0133085
0.0133085
0.0133085
0.0133085
0.0133085
0.0133085
0.0133085
0.0133085
0.0133381
0.0133381
0.0133381
0
0.0133381
0.0133085
0.0133085
0.0133085
0.0133085
0
0.0133085
0.0133085
0
0
0
0
0
0
0
0
0
0
0
0
0
0
0
0
0
0
0
0
0
0
0
0
0
0
0
0
0
0
0
0
0
0
0
0
0
0
0
0
0
0
0
0
0
0
0
0
0
0
0
0
0
0
0
0
0
0
0
0
0
0
0
0
0
0
0
0
0
0
0
0
0
0
0
0
0
0
0
0
0
0
0
0
0
0
0
0
0
0
0
0
0
0
0
0
0
0
0
0
0
0
0
0
0
0
0
0
0
0
0
0
0
0
0
0
0
0
0
0
0
0
0
0
0
0
0
0
0
0
0
0
0
0
0
0
0
0
0
0
0
0
0
0.0159455
0.0159455
0
0.0159455
0.0159455
0.0159455
0
0.0159455
0
0
0
0.0130101
0.0133774
0
0
0
0
0
0
0
0
0
0
0
0
0
0
0
0
0
0
0
0
0.108465
0.108465
0
0.108465
0.108465
0.108465
0.108465
0.108465
0.0125659
0.0125659
0
0
0
0
0
0
0
0
0
0
0
0
0
0
0
0
0
0
0
0
0
0
0
0
0
0
0
0
0
0
0
0
0
0
0
0
0
0
0.0129794
0.0129794
0.0129794
0
0
0
0
0
0
0
0
0
0
0
0
0
0
0
0
0
0
0
0
0
0
0
0
0
0
0
0
0
0
0
0
0
0
0
0.0159455
0.0159455
0
0.0159455
0
0.0159455
0.0159455
0.0159455
0.0159455
0.0159455
0.0159455
0.0159455
0
0
0.0159455
0.0159455
0.0159597
0.0159597
0
0
0.0159597
0.0159597
0.0159455
0
0.0159455
0.0159455
0.0159455
0
0
0
0
0
0
0
0
0
0
0
0
0
0
0
0
0.0159516
0.0159516
0
0.0159516
0.0159516
0.0159516
0
0.0159516
0
0
0
0.0159516
0
0
0.0159516
0.0159516
0.0159516
0
0.0159638
0.0159455
0.0159455
0.0159455
0
0
0.0159597
0.0159597
0
0.0159597
0.0159597
0
0
0
0
0
0.0159597
0.0159455
0
0.0159455
0.0159516
0.0159516
0.0159516
0.0159516
0
0.0159516
0.0159516
0
0
0.0159516
0.0159516
0
0.0159516
0
0
0
0
0
0
0
0
0
0
0
0
0
0
0
0
0
0
0
0
0
0
0
0
0
0
0
0
0
0
0
0
0
0
0
0
0
0
0
0
0
0
0
0
0
0
0
0
0
0
0
0
0.0153123
0
0.0153123
0
0
0
0
0
0
0
0
0.0125333
0
0
0
0
0
0
0.0168406
0.0168406
0.0166899
0.0166899
0.0166899
0.0166899
0.0166899
0.0166899
0.0166899
0.0166899
0.0166899
0.0166899
0.0166899
0
0
0
0
0
0
0
0
0
0
0
0
0
0
0
0
0
0
0
0
0
0
0
0
0
0
0.0125452
0.0125452
0.0125452
0
0
0
0
0
0
0
0.0124264
0.0124264
0
0
0.0202278
0.0202278
0.0202278
0.0202278
0.0125235
0.0125235
0.0125235
0.0125186
0
0
0
0
0.0125333
0.0125333
0.0125333
0
0
0.0133452
0.0133452
0
0
0
0.0125333
0.0125333
0
0.0124389
0.0254576
0.0254576
0.0254576
0.0254576
0
0.0254576
0.0261622
0
0.0261622
0.0254576
0
0
0
0
0
0
0
0.0126481
0
0.0125294
0.0159455
0
0
0
0
0
0
0
0
0
0
0
0
0
0
0
0
0
0
0
0
0
0
0
0
0
0
0
0
0
0
0
0
0.0207346
0
0
0
0
0
0
0
0
0
0
0
0
0
0
0
0
0
0
0
0
0
0
0
0
0
0
0
0
0
0
0
0
0
0
0
0
0
0
0
0
0
0
0
0
0
0
0
0
0.109764
0.109764
0.109764
0
0
0
0
0
0
0
0
0
0
0
0
0
0
0
0
0
0
0
0
0
0
0
0
0
0
0
0
0
0
0
0
0
0
0
0
0
0
0
0
0
0
0
0
0
0
0
0
0
0
0
0
0
0
0
0
0
0
0
0
0
0
0
0
0
0
0.0124264
0.0124264
0.0124264
0.0124264
0
0
0
0.0125333
0
0
0
0
0
0
0
0
0
0
0
0
0
0
0
0
0
0
0
0
0
0
0
0
0
0
0
0
0
0
0
0
0
0
0
0
0
0
0
0
0
0
0
0
0
0
0
0.0124159
0.0124159
0.0124159
0.0124159
0.0124159
0.0124159
0.0124159
0.0124159
0.0124159
0
0
0
0
0
0
0
0
0
0
0
0
0
0
0
0
0
0
0
0
0
0
0
0
0
0
0
0
0
0
0
0
0
0
0
0
0
0
0
0
0
0
0
0
0
0
0
0
0
0
0
0
0
0
0
0
0
0
0
0
0
0
0
0
0
0
0
0
0
0
0
0
0
0
0
0
0
0
0
0
0
0
0
0
0
0
0
0
0
0
0
0
0
0
0
0
0
0
0
0
0
0
0
0
0
0
0
0
0
0
0
0
0
0
0
0
0
0
0
0
0
0
0
0
0
0
0
0
0.0124159
0.0124159
0.0124159
0
0
0
0
0
0
0
0
0
0
0
0
0
0
0
0
0
0
0
0
0
0
0
0
0
0
0
0
0
0
0
0
0
0
0
0
0
0
0
0
0
0
0
0
0
0
0
0
0
0
0
0
0
0
0
0
0
0
0
0.012438
0
0.012438
0.012438
0.012438
0.012438
0.012438
0.012438
0
0.012438
0
0.012438
0
0
0.0124102
0
0
0
0
0
0
0
0
0
0
0
0
0
0
0
0
0
0
0
0
0
0
0
0
0
0
0
0
0
0
0
0
0
0
0
0
0
0
0
0
0
0
0
0
0
0
0
0
0
0
0
0
0
0
0.0125137
0.0125137
0.0125137
0.0125137
0.0125137
0.0125137
0.0125137
0.0125137
0
0.0125137
0.0125137
0.0125137
0.0125137
0.0125137
0.0125137
0
0
0
0
0
0
0
0
0.0125147
0.0125147
0.0125147
0.0125147
0.0125147
0.0125147
0.0125147
0
0
0.0125147
0
0
0
0
0
0
0
0
0
0
0
0
0
0
0
0
0
0
0
0
0
0
0
0
0
0
0
0
0
0
0
0
0
0
0
0
0
0
0
0
0
0
0
0
0
0
0
0
0
0
0
0
0
0
0
0
0
0
0.0325818
0
0
0
0
0
0
0
0
0.0189797
0
0
0
0
0.0125147
0.0125147
0.0125147
0
0
0
0
0
0
0.0125147
0.0125147
0.0125324
0.0125324
0.0125147
0.0125147
0.0125166
0.0137529
0.0137529
0.0125166
0.0125235
0.0125235
0.0125235
0.0125235
0.0125166
0.0125166
0.0125166
0.0137529
0.0137529
0.0137529
0.0137529
0.0137529
0.0145865
0.0137529
0.0137529
0.0137529
0
0.0137529
0.0137529
0.0137529
0.0137529
0.0137529
0.0137529
0.0137529
0
0
0
0
0
0.0125147
0.0125147
0.0125147
0.0125147
0
0.0125147
0
0
0
0
0
0
0.0125147
0
0.0125147
0
0.0125147
0.0125147
0.0125147
0
0
0
0
0
0
0
0
0
0
0
0
0
0
0
0
0
0
0
0
0
0
0
0
0.0125324
0.0125324
0
0.0980581
0
0
0
0
0
0
0
0
0.012437
0
0
0
0
0
0
0
0
0
0
0
0
0
0
0
0
0
0.0132932
0.0132932
0.0132932
0.0132932
0.0132932
0.0132932
0.0132932
0
0
0
0
0
0
0
0
0.0133038
0.0133038
0
0
0.0133014
0.0133014
0.0133014
0
0
0
0
0
0
0
0
0
0
0
0
0
0
0
0
0
0
0
0
0
0
0
0
0
0
0
0
0
0
0
0
0
0
0
0
0
0
0
0
0
0
0.0133003
0
0
0
0
0
0
0
0
0
0
0
0
0
0
0
0
0
0
0
0
0
0
0
0
0
0
0
0
0
0
0
0
0
0
0
0
0
0
0
0.023531
0.023531
0.023531
0.023531
0.023531
0.023531
0.023531
0.023531
0.023531
0.023531
0
0
0
0
0
0
0.0833333
0.0237089
0
0
0
0
0
0.0261712
0
0
0
0.0254411
0
0
0
0
0
0
0
0
0
0
0
0
0
0
0
0
0
0
0
0
0
0
0
0
0
0
0
0
0
0
0
0
0
0
0
0
0
0.012438
0.012438
0.012438
0.012438
0.012438
0.012438
0.012438
0.012438
0
0
0
0
0
0
0
0
0
0
0
0
0
0
0
0
0
0
0
0
0
0
0
0
0
0
0
0
0
0
0
0
0
0
0
0
0
0
0
0
0
0
0
0
0
0
0
0
0
0
0
0
0
0
0
0
0
0
0
0
0
0
0
0
0
0
0
0
0
0
0
0
0
0
0
0
0
0
0
0
0
0
0
0
0
0
0
0
0
0
0
0
0
0
0
0
0
0
0
0
0
0
0
0
0
0
0
0
0
0
0
0
0
0
0
0
0
0
0
0
0
0
0
0
0
0
0
0
0
0
0
0
0
0
0
0
0
0
0
0
0
0
0
0
0
0
0
0
0
0
0
0
0
0
0
0
0
0
0
0
0
0
0
0
0
0
0
0
0
0
0
0
0
0
0
0
0
0
0
0
0
0
0
0
0
0
0
0
0
0
0
0
0
0
0
0
0
0
0
0
0
0
0
0
0
0
0
0
0
0
0
0
0
0
0
0
0
0
0
0
0
0
0
0
0
0
0
0
0
0
0
0
0
0
0
0
0
0
0
0
0
0
0
0
0
0
0
0
0
0
0
0
0
0
0
0
0
0
0
0
0
0
0
0
0
0
0
0
0
0
0
0
0
0
0
0
0
0
0
0
0
0
0
0
0
0
0
0
0
0
0
0
0
0
0
0
0
0
0
0
0
0
0
0
0
0
0
0
0
0
0
0
0
0
0
0
0
0
0
0
0
0
0
0
0
0
0
0
0
0
0
0
0
0
0
0
0
0
0
0
0
0
0
0
0
0
0
0
0
0
0
0
0
0
0
0
0
0
0
0
0
0
0
0
0
0
0
0
0
0
0
0
0
0
0
0
0
0
0
0
0
0
0
0
0
0
0
0
0
0
0
0
0
0
0
0
0
0
0
0
0
0
0
0
0
0
0
0
0
0
0
0
0
0
0
0
0
0
0
0
0
0
0
0
0
0
0
0
0
0
0
0
0
0
0
0
0
0
0
0
0
0
0
0
0
0
0
0
0
0
0
0
0
0
0
0
0
0
0
0
0
0
0
0
0
0
0
0
0
0
0
0
0
0
0
0
0
0
0
0
0
0
0
0
0
0
0
0
0
0
0
0
0
0
0
0
0
0
0
0
0
0
0
0
0
0
0
0
0
0
0
0
0
0
0
0
0
0
0
0
0
0
0
0
0
0
0
0
0
0
0
0
0
0
0
0
0
0
0
0
0
0
0
0
0
0
0
0
0
0
0
0
0
0
0
0
0
0
0
0
0
0
0
0
0
0
0
0
0
0
0
0
0
0
0
0
0
0
0
0
0
0
0
0
0
0
0
0
0
0
0
0
0
0
0
0
0
0
0
0
0
0
0
0
0
0
0
0
0
0
0
0
0
0
0
0
0
0
0
0
0
0
0
0
0
0
0
0
0
0
0
0
0
0
0
0
0
0
0
0
0
0
0
0
0
0
0.012438
0.012438
0.012438
0.012438
0.012438
0.012438
0.012438
0.012438
0
0
0
0
0
0
0
0
0
0
0
0
0
0
0
0
0
0
0
0
0
0
0
0
0
0
0
0
0
0
0
0
0
0
0
0
0
0
0
0
0
0
0
0
0
0
0
0
0
0
0
0
0
0
0
0
0
0
0
0
0
0
0
0
0
0
0
0
0
0
0
0
0
0
0
0
0
0
0
0
0
0
0
0
0
0
0
0
0
0
0
0
0
0
0
0
0
0
0
0
0
0
0
0
0
0
0
0
0
0
0
0
0
0
0
0
0
0
0
0
0
0
0
0
0
0
0
0
0
0
0
0
0
0
0
0
0
0
0
0
0
0
0
0
0
0
0
0
0
0
0
0
0
0
0
0
0
0
0
0
0
0
0
0
0
0
0
0
0
0
0
0
0
0
0
0
0
0
0
0
0
0
0
0
0
0
0
0
0
0
0
0
0
0
0.0124073
0.0124073
0.0124073
0.0124073
0.0124073
0.0124073
0.0124178
0.0124102
0.012438
0.0124073
0
0.012438
0.012438
0
0
0
0
0
0
0
0
0
0
0
0.0124264
0.0124264
0.0124264
0
0
0
0
0
0
0
0
0
0
0
0
0
0
0
0
0
0
0
0
0
0.0124264
0.0124264
0.0124264
0.0124264
0.0124264
0.0124255
0.0124255
0.0124255
0.0124255
0.0124255
0.0124264
0.0124264
0.0124264
0.0124264
0
0
0
0
0
0
0
0
0
0
0
0
0
0
0
0
0
0
0
0
0
0
0
0
0
0
0
0
0
0
0
0
0
0
0
0
0
0
0
0
0
0
0
0
0
0
0
0
0
0
0
0
0
0
0
0
0
0
0
0
0
0
0
0
0
0
0
0
0
0
0
0
0
0
0
0
0
0
0
0
0
0
0
0
0
0
0
0
0
0
0
0
0
0
0
0
0
0
0
0
0
0
0
0
0
0
0
0
0
0
0
0
0
0
0
0
0
0
0
0
0
0
0
0
0
0
0
0
0
0
0
0
0
0
0
0
0
0
0
0
0
0
0
0
0
0
0
0
0
0
0
0
0
0
0
0
0
0
0
0
0
0
0
0
0
0
0
0
0
0
0
0
0
0
0
0
0
0
0
0
0
0
0
0
0
0
0
0
0
0
0
0
0
0
0
0
0
0
0
0
0
0
0
0
0
0
0
0
0
0
0
0
0
0
0
0
0
0
0
0
0
0
0
0
0
0
0
0
0
0
0
0
0
0
0
0
0
0
0
0
0
0
0
0
0
0
0
0
0
0
0
0
0
0
0
0
0
0
0
0
0
0
0
0
0
0
0
0
0
0
0
0
0
0
0
0
0
0
0
0
0
0
0
0
0
0
0
0
0
0
0
0
0
0
0
0
0
0
0
0
0
0
0
0
0
0.0137725
0.0137764
0
0
0.0124389
0
0
0
0.0124389
0.0124389
0.0124389
0.0124389
0.0124389
0.0124389
0
0
0
0.0124389
0.0124428
0.0124428
0.0124428
0.0124389
0
0
0
0
0
0
0
0.0125392
0.0125392
0.0125392
0.0125392
0
0
0
0
0
0
0
0
0
0
0
0
0
0.0124409
0.0124409
0.0124409
0.0124409
0.0124409
0.0124409
0.0261712
0.0261712
0
0.0288315
0.0288315
0.0261712
0
0
0
0
0
0.0125225
0.0159475
0.013009
0.0133774
0
0
0
0.0129947
0.0129947
0.0263432
0.0265279
0.0263432
0.0129947
0.0124063
0.0124063
0.0124063
0.0124063
0.0124409
0.0134231
0.0134231
0.0134231
0.0134231
0.0134231
0
0
0
0
0
0
0
0
0
0
0
0
0.0177471
0.0177471
0
0
0
0
0
0
0
0
0
0
0
0
0
0
0
0
0
0
0
0
0
0.0159172
0.0159172
0.0159172
0.0159172
0.0159172
0.0159172
0.0159172
0.0159172
0
0
0.0159172
0
0
0
0
0
0
0
0
0
0
0
0
0
0
0
0
0
0
0
0
0
0
0
0
0
0
0
0
0
0
0
0
0
0
0
0
0
0
0
0
0
0
0
0
0
0
0
0
0
0
0
0
0
0
0
0
0
0
0
0
0
0
0
0
0
0
0
0
0
0
0
0
0
0
0
0
0
0
0
0
0
0
0
0
0
0
0
0
0
0
0
0
0
0
0
0
0
0
0
0
0
0.0159172
0.0159172
0.0159172
0.0159172
0.0159172
0.0159172
0
0
0
0
0
0
0
0.0159172
0.0159172
0.0159172
0
0
0
0
0
0
0
0
0
0
0.0159172
0.0159172
0.0159172
0.0159172
0.0159172
0
0
0
0
0
0
0
0
0
0
0
0
0
0
0
0
0
0
0
0
0
0
0
0
0
0
0
0
0
0
0
0
0
0
0.0159172
0.0159172
0.0159172
0.0159172
0
0
0
0
0
0
0
0
0
0.0159172
0
0
0
0
0
0
0
0
0
0
0
0
0
0
0
0
0
0
0
0
0
0
0
0
0
0
0
0
0
0
0
0
0
0
0
0
0
0
0
0
0
0
0
0.0159172
0.0159172
0.0159172
0.0159172
0.0159172
0.0159172
0
0
0
0
0
0
0
0
0
0
0
0
0
0
0
0
0
0
0
0
0
0
0
0
0
0
0
0
0
0
0
0
0
0
0
0
0
0
0
0
0
0
0
0
0
0
0
0
0
0
0
0
0
0
0
0
0
0
0
0
0
0
0
0
0.012561
0.012561
0
0
0.01256
0.01256
0.01256
0.01256
0.01256
0.01256
0.01256
0.012561
0.01256
0.012561
0.012561
0.012561
0.012561
0.0125659
0.013292
0
0
0.0125828
0.0125828
0.0125828
0.0125828
0.0125828
0
0
0
0
0
0
0.012561
0.012561
0
0
0
0
0
0
0
0
0
0
0
0
0
0
0
0
0
0
0
0
0
0
0
0
0
0
0
0
0
0
0
0
0
0
0
0
0
0
0
0
0
0
0
0
0.0133014
0.0133014
0.0133014
0
0
0
0
0
0
0
0
0
0
0
0
0.012438
0.012438
0.012438
0.012438
0.012438
0.012438
0
0
0
0
0
0
0.012438
0.012438
0.012438
0.012438
0.012438
0.012438
0.012438
0.012438
0
0
0
0.0237089
0.0124621
0
0
0
0
0
0.0124409
0
0
0
0
0
0
0
0
0
0
0
0
0
0
0
0
0
0
0
0
0
0
0.012438
0.012438
0.012438
0.012438
0.012438
0.012438
0.012438
0.012438
0.012438
0.012438
0.012438
0.012438
0.012438
0.012438
0.012438
0.012438
0.012438
0.012438
0.012438
0.012438
0.012438
0.012438
0.012438
0.012438
0.012438
0.012438
0.012438
0.012438
0.012438
0.012438
0.012438
0
0
0
0
0
0
0
0
0
0
0
0
0
0
0
0
0
0
0
0
0
0
0
0
0
0
0
0
0
0
0
0
0
0
0
0
0
0
0
0
0
0
0
0
0
0
0
0
0
0
0
0
0
0
0
0
0
0
0
0
0
0
0
0
0
0
0
0
0
0
0
0
0
0
0
0
0
0
0
0
0
0
0
0
0
0
0
0
0
0
0
0
0
0
0
0
0
0
0
0
0
0
0
0
0
0
0
0
0
0
0
0
0
0
0
0
0
0
0
0
0
0
0
0
0
0
0
0
0
0
0
0
0
0
0
0
0
0
0
0
0
0
0
0
0
0
0
0
0
0
0
0
0
0
0
0
0
0
0
0
0
0
0
0
0
0
0
0
0
0
0
0
0
0
0
0
0
0
0
0
0
0
0
0
0
0
0
0
0
0
0
0
0
0
0
0
0
0
0
0
0
0
0
0
0
0
0
0
0
0
0
0
0
0
0
0
0
0
0
0
0
0
0
0
0
0
0
0
0
0
0
0
0
0
0
0
0
0
0
0
0
0
0
0
0
0
0
0
0
0
0
0
0
0
0
0
0
0
0
0
0
0
0
0
0
0
0
0
0
0
0
0
0
0
0
0
0
0
0
0
0
0
0
0
0
0
0
0
0
0
0
0
0
0
0
0
0
0
0
0
0
0
0
0
0
0
0
0
0
0
0
0
0
0
0
0
0
0
0
0
0
0
0
0
0
0
0
0
0
0
0
0
0
0
0
0
0
0
0
0
0
0
0
0
0
0
0
0
0
0
0
0
0
0
0
0
0
0
0
0
0
0
0
0
0
0
0
0
0
0
0
0
0
0
0
0
0
0
0
0
0
0
0
0
0
0
0
0
0
0
0
0
0
0
0
0
0
0
0
0
0
0
0
0
0
0
0
0
0
0
0
0
0
0
0
0
0
0
0
0
0
0
0
0
0
0
0
0
0
0
0
0
0
0
0
0
0
0
0
0
0
0
0
0
0
0
0
0
0
0
0
0
0
0
0
0
0
0
0
0
0
0
0
0
0
0
0
0
0
0
0
0
0
0
0
0
0
0
0
0
0
0
0
0
0
0
0
0
0
0
0
0
0
0
0
0
0
0
0
0
0
0
0
0
0
0
0
0
0
0
0
0
0
0
0
0
0
0
0
0
0
0
0
0
0
0
0
0
0
0
0
0
0
0
0
0
0
0
0
0
0
0
0
0
0
0
0
0
0
0
0
0
0
0
0
0
0
0
0
0
0
0
0
0
0
0
0
0
0
0
0
0
0
0
0
0
0
0
0
0
0
0
0
0
0
0
0
0
0
0
0
0
0
0
0
0
0
0
0
0
0
0
0
0.0124428
0.0124428
0.0124428
0.0124428
0.0124428
0.0124428
0
0
0
0
0
0
0
0
0
0
0
0
0
0
0
0
0
0
0
0
0
0
0
0
0
0
0
0
0
0
0
0
0
0
0
0
0
0
0
0
0
0
0
0
0
0
0
0
0
0
0
0
0
0
0
0
0
0
0
0
0
0
0
0
0
0
0
0
0
0
0
0
0
0
0
0
0
0
0
0
0
0
0
0
0
0
0
0
0
0
0
0
0
0
0
0
0
0
0
0
0
0
0
0
0
0
0
0
0
0
0
0
0
0
0
0
0
0
0
0
0
0
0
0
0
0
0
0
0
0
0
0
0
0
0
0
0
0
0
0
0
0
0
0
0
0
0
0
0
0
0
0
0
0
0
0
0
0
0
0
0
0
0
0
0
0
0
0
0
0
0
0
0
0
0
0
0
0
0
0
0
0
0
0
0
0
0
0
0
0
0
0
0
0
0
0
0
0
0
0
0
0
0
0
0
0
0
0
0
0
0
0
0
0
0
0
0
0
0
0
0
0
0
0
0
0
0
0
0
0
0
0
0
0
0
0
0.0124389
0.0124389
0.0124389
0.0124389
0.0124389
0.0124389
0.0124389
0.0124389
0.0124389
0.0124389
0.0124389
0.0124389
0.0124389
0.0124389
0.0124389
0.0124389
0.0124389
0.0124389
0.0124389
0.0124389
0.0124389
0.0124389
0.0124389
0.0124389
0.0124389
0.0124389
0.0124389
0.0124389
0.0124389
0.0124389
0.0124389
0.0124389
0.0124389
0.0124389
0.0124389
0.0124389
0.0124389
0.0124389
0.0124389
0.0124389
0.0124389
0.0124389
0.0124389
0.0124389
0.0124389
0.0124389
0.0124389
0.0124389
0.0124389
0.0124389
0.0124389
0.0124389
0.0124389
0.0124389
0.0124389
0.0124389
0.0124389
0.0124389
0.0124389
0.0124389
0.0124389
0.0124389
0.0124389
0.0124389
0.0124389
0.0124389
0.0124389
0.0124389
0.0124389
0.0124389
0.0124389
0.0124389
0.0124389
0.0124389
0.0124389
0.0124389
0.0124389
0.0124389
0.0124389
0.0124389
0.0124389
0.0124389
0.0124389
0.0124389
0.0124389
0.0124389
0.0124389
0.0124389
0.0124389
0.0124389
0.0124389
0.0124389
0.0124389
0.0124389
0.0124389
0.0124389
0.0124389
0.0124389
0.0124389
0.0124389
0.0124389
0.0124389
0.0124389
0.0124389
0.0124389
0.0124389
0.0124389
0.0124389
0.0124389
0.0124389
0.0124389
0.0124389
0.0124389
0.0124389
0.0124389
0.0124389
0.0124389
0.0124389
0.0124389
0.0124389
0.0124389
0.0124389
0.0124389
0.0124389
0.0124389
0.0124389
0.0124389
0.0124389
0.0124389
0.0124389
0.0124389
0.0124389
0.0124389
0.0124389
0.0124389
0.0124389
0.0124389
0.0124389
0.0124389
0.0124389
0.0124389
0
0
0
0
0
0
0
0
0
0
0
0
0
0
0
0
0
0
0
0
0
0
0
0
0
0
0
0
0
0
0
0
0
0
0
0
0
0
0
0
0
0
0
0
0
0
0
0
0
0
0
0
0
0
0
0
0
0
0
0
0
0
0
0
0
0
0
0
0
0
0
0
0
0
0
0
0
0
0
0
0
0
0
0
0
0
0.0124409
0
0.0124689
0.0124689
0.0124409
0
0
0
0
0.0124669
0.0124669
0
0
0
0
0
0
0
0
0
0
0
0
0
0
0
0
0
0
0
0
0
0
0
0
0
0
0
0
0
0
0
0
0
0
0
0
0
0
0
0
0
0
0
0
0
0
0
0
0
0
0
0
0
0
0
0
0
0
0
0
0
0
0
0
0
0
0
0
0.0124428
0
0
0
0
0
0
0
0
0
0
0
0.013264
0.013264
0.0125235
0
0
0
0
0
0
0
0
0
0
0
0
0
0
0
0
0
0
0
0
0
0
0
0
0.013243
0.013243
0.013243
0.0124409
0.0166899
0
0
0
0
0
0
0
0
0
0
0
0
0
0
0
0
0
0
0
0
0
0
0
0
0
0
0
0
0
0
0
0
0
0
0
0
0
0
0
0
0
0
0
0
0
0
0
0
0
0
0
0
0
0
0
0
0
0
0
0
0
0
0
0
0
0
0
0
0
0
0
0
0
0
0
0
0
0
0
0
0
0
0
0
0
0
0
0
0
0
0
0
0
0
0
0
0
0
0
0
0
0
0
0
0
0
0
0
0
0
0
0
0
0
0
0
0
0
0
0
0
0
0
0
0
0
0
0
0
0
0
0
0
0
0
0
0
0
0
0
0
0
0
0
0
0
0
0
0
0
0
0
0
0
0
0
0
0
0
0
0
0
0
0
0
0
0
0
0
0
0
0
0
0
0
0
0
0
0
0
0
0
0
0
0
0
0
0
0
0
0
0
0
0
0
0
0
0
0
0
0
0
0
0
0
0
0
0
0
0
0
0
0
0
0
0
0
0
0
0
0
0
0
0
0
0
0
0
0
0
0
0
0
0
0
0
0
0
0
0
0
0
0
0
0
0
0
0
0
0
0
0.012438
0.012438
0.012438
0
0
0
0
0
0
0
0
0.0124776
0.0124776
0.0124776
0.0124776
0.0124776
0.0124776
0.0124776
0.0124776
0.0124776
0.0124776
0
0
0
0
0
0
0
0
0
0
0
0
0
0
0
0
0
0
0
0
0
0
0
0
0
0
0
0
0
0
0
0
0
0
0
0
0
0
0
0
0
0
0
0
0
0
0
0
0
0
0
0
0
0
0
0
0
0
0
0
0
0
0
0
0
0
0
0
0
0
0
0
0
0
0
0
0
0
0
0
0
0
0
0
0
0
0
0
0
0
0
0
0
0
0
0
0
0
0
0
0
0
0
0
0
0
0
0
0
0
0
0
0
0
0
0
0
0
0
0
0
0
0
0
0
0
0
0
0
0
0
0
0
0
0
0
0
0
0
0
0
0
0
0
0
0
0
0
0
0
0
0
0
0
0
0
0
0
0
0
0
0
0
0
0
0
0
0
0
0
0
0
0
0
0
0
0
0
0
0
0
0
0
0
0
0
0
0
0.0335389
0.0444554
0.0395285
0
0
0
0
0.0297482
0.0295527
0.0367112
0
0
0
0
0
0
0
0
0
0.0449467
0
0
0
0
0
0
0
0.0471929
0
0.0472456
0.0370117
0
0.0455961
0.0666667
0.0666667
0.106
0
0
0
0
0
0
0
0
0
0
0.0477274
0.0344828
0.0414513
0.064957
0.0358517
0
0
0
0
0
0
0
0
0
0
0.0358287
0
0.0358287
0
0.0360375
0.0360375
0.0424094
0.0424094
0
0.0424094
0
0
0
0
0
0
0
0
0
0
0
0
0
0
0.0360375
0
0
0
0
0
0
0
0
0
0
0
0
0
0
0
0
0
0
0
0
0
0
0
0
0
0.0169981
0.196116
0.0246782
0
0
0
0
0
0
0.129099
0
0
0
0
0
0.01704
0
0
0
0
0
0
0
0
0
0
0
0
0
0
0
0
0
0
0
0
0
0
0
0
0
0
0
0
0
0
0
0
0
0
0
0
0
0.0179954
0.0229597
0.0181042
0
0
0
0
0
0
0
0
0
0
0
0
0
0
0
0
0.0140483
0
0
0
0
0
0
0
0
0
0
0
0
0
0
0
0
0
0
0
0
0
0
0
0
0
0
0
0
0
0
0
0
0
0
0
0
0
0
0
0
0
0
0
0
0
0
0
0
0.013597
0.013597
0.013597
0.014377
0.0153249
0
0
0
0
0
0
0
0
0
0
0
0
0
0
0
0
0
0
0
0
0
0
0
0
0
0
0
0
0
0
0
0
0
0
0
0
0
0
0
0
0
0
0
0
0
0
0
0
0
0
0
0
0
0
0
0.0137322
0
0
0
0
0
0
0
0
0
0
0
0
0
0
0
0
0
0
0
0
0
0
0
0
0
0
0
0
0
0
0
0
0
0
0
0
0
0
0
0
0
0
0
0
0
0.0163671
0
0
0
0
0
0
0.152499
0
0
0
0
0
0
0
0
0
0
0
0
0
0
0
0
0
0
0
0.0248222
0
0
0
0
0
0
0
0
0
0
0
0
0
0
0.016389
0
0
0
0
0
0
0
0
0
0
0
0
0
0
0
0
0
0
0
0
0
0
0
0
0
0
0
0
0
0
0
0
0
0
0
0
0
0
0
0
0
0
0
0
0
0
0
0
0
0
0
0
0
0
0
0
0
0
0
0
0
0
0
0
0
0.016843
0.016843
0.016843
0.016855
0.016855
0
0.0168454
0
0
0
0
0
0
0
0
0
0
0
0
0
0
0
0
0
0
0
0
0
0
0
0
0
0
0
0
0
0
0
0
0
0
0
0
0
0
0
0
0
0
0
0
0
0
0
0
0
0
0
0
0
0
0
0
0
0
0
0
0
0
0
0
0
0
0
0
0
0
0
0
0
0
0
0
0
0
0
0
0
0
0
0
0
0.0137529
0.0137529
0.0137529
0
0
0
0
0
0.0137529
0
0
0
0
0
0
0
0
0
0
0.0125147
0.0130134
0.0125147
0
0
0
0
0
0
0
0
0
0
0
0
0
0
0
0
0
0
0
0
0
0
0
0
0
0
0
0
0
0
0
0
0
0
0
0
0
0
0
0
0
0
0
0
0
0
0
0
0
0
0
0
0
0
0
0
0
0
0
0
0
0
0
0
0
0
0
0
0
0
0
0
0
0
0
0
0
0
0
0
0
0
0
0
0
0
0
0
0
0
0
0
0
0.0475114
0.0475114
0.0479463
0
0.447214
0.447214
0
0
0.447214
0
0
0.0525588
0
0
0
0
0
0
0
0
0
0
0
0
0
0
0
0
0
0
0
0
0
0
0
0
0
0
0
0.0124389
0.0124389
0.0124389
0.0124389
0
0.0124389
0.0124389
0.0124389
0
0
0.012438
0.012438
0.012438
0.012438
0
0
0.0124389
0.0124389
0.0124389
0.0124389
0.0124389
0.0159455
0.012438
0.012438
0.012438
0.012438
0.012438
0
0
0
0
0
0.012438
0
0
0
0
0
0
0
0
0
0
0
0
0
0
0
0
0
0
0
0
0
0
0
0
0
0
0
0
0
0
0
0
0
0
0
0
0
0
0
0
0
0
0
0
0
0
0
0
0
0
0
0
0
0
0
0
0
0
0
0
0
0
0
0
0
0
0
0
0
0
0
0
0
0
0
0
0
0
0
0
0
0
0
0
0
0
0
0
0
0
0
0
0
0
0
0
0
0
0
0
0
0
0
0
0
0
0
0
0
0
0
0
0
0
0
0
0
0
0
0
0
0
0
0
0.0124264
0.0124264
0.0124264
0.0124264
0
0
0
0.0125442
0.0135731
0.0135731
0.0175493
0.0175493
0.0135731
0
0
0
0
0
0
0
0
0
0
0
0
0
0
0
0
0
0.0150653
0.0150653
0.0150653
0
0.0150653
0.0125442
0.0125442
0.0125541
0.0125541
0.0125442
0.0125442
0.0125442
0.0125442
0
0
0
0
0
0.0125442
0
0.0125442
0.0125442
0.0125541
0.0125541
0.0137089
0
0
0
0
0
0
0
0
0
0
0
0
0
0
0
0
0
0
0
0
0
0
0
0.0356235
0.0356235
0.0131899
0.0131899
0.0131899
0
0
0
0
0
0
0
0.0163474
0.0163474
0.0217649
0.0217649
0.0163474
0.0163474
0.0163474
0.0163474
0.0137529
0.0137529
0.0137529
0
0
0
0
0
0
0
0.0137529
0.0137529
0.0137529
0
0
0
0
0.0137529
0.0137529
0.0137529
0.0137529
0.0149071
0
0.0137529
0.0137529
0.0137529
0.0168144
0.0168144
0.0168144
0
0.0168144
0.0137529
0.0137529
0.0137529
0
0
0.0137529
0.0137529
0.0137529
0.0418854
0.0418854
0.0418854
0.0418854
0
0.0418854
0.014554
0.014554
0.014554
0.014554
0.014554
0
0
0
0
0
0
0
0
0
0
0
0
0
0
0
0
0
0
0.0125998
0.0125948
0
0.0125998
0
0.0125998
0.0125998
0
0.0187713
0
0
0
0
0
0
0
0
0
0
0
0
0
0
0
0
0
0
0
0
0
0
0
0
0
0
0
0
0
0
0
0.0342796
0.0342796
0.0342796
0
0
0
0
0
0
0
0
0
0
0
0
0
0
0
0
0
0.0251577
0.0251577
0
0.0251577
0
0.0277564
0.0277564
0.0277564
0
0
0
0
0.0277564
0
0
0
0
0
0
0
0
0
0
0
0
0
0
0
0
0
0
0
0
0
0
0
0
0
0
0
0
0
0
0
0
0
0
0
0
0
0
0
0
0
0
0
0
0
0
0
0
0
0
0
0
0
0
0
0.0149354
0.0149354
0
0.0148071
0
0.0148071
0.0148071
0.0148071
0.0148071
0.0148071
0.0148071
0.0148071
0.0161081
0.0161081
0.0148071
0
0
0
0
0
0
0
0
0
0
0
0
0
0
0.0125442
0.0125442
0.0293484
0
0.0150653
0
0.0135731
0.0137089
0
0
0
0
0.0173214
0
0
0
0
0
0.0342193
0.0131716
0.0131899
0
0
0
0
0
0
0
0
0
0.0137529
0
0
0
0.0418854
0
0.0342796
0.0125998
0
0.0187713
0
0
0.0251577
0.0125442
0.0277564
0
0
0
0.0148071
0.0148071
0.0148071
0.0148071
0
0
0
0
0.0125442
0.0125442
0.0125442
0.0125442
0.0125442
0.0125442
0.0125442
0.0125442
0.0125442
0.0125442
0.0125442
0.0125442
0.0125442
0
0
0.0133452
0.0133452
0
0
0
0.0125442
0.0125442
0.0125442
0.0125442
0.0125442
0.0125442
0.0125442
0.0125442
0.0125442
0.0125442
0
0
0
0
0
0
0.0125442
0.0125442
0.0125442
0.0125442
0
0
0.0125442
0
0
0
0
0.0125442
0.0341196
0.0341196
0.0537603
0.0990148
0.0990148
0.058621
0.058621
0.058621
0.058621
0.058621
0.0341196
0
0
0
0
0
0
0
0
0
0
0
0
0.0125442
0.0125442
0
0
0
0
0.0125442
0.0125442
0.0125442
0.0125442
0
0.0125442
0.0125442
0
0
0
0
0
0
0
0
0
0
0
0
0
0
0
0
0.0125442
0.0125442
0.0125442
0.0125442
0.0125442
0.0125442
0.0125442
0
0
0
0
0
0
0
0
0
0.0125442
0
0.0125442
0.0125442
0.0125442
0.0125442
0.0188278
0.0125442
0.0126562
0
0
0
0
0.0798087
0
0
0
0
0
0
0
0
0
0
0
0
0
0
0
0
0
0
0
0
0
0
0.0173214
0
0
0
0
0
0
0
0
0
0
0
0
0
0
0
0
0
0.103695
0.0151099
0
0
0
0
0
0
0
0
0
0
0
0
0
0
0
0
0
0
0
0
0
0
0
0
0
0
0
0
0
0
0
0.0135731
0
0.0131899
0
0
0
0
0
0
0.0125442
0.0155775
0.0136986
0
0.0273281
0.0125938
0.0187713
0.0125442
0.0125333
0.0125333
0.0125333
0.0125333
0.0125333
0.0125333
0.0125333
0.0125333
0.0125333
0.0125333
0.0125333
0.0125333
0.0125333
0.0125333
0.0125333
0.0125333
0.0125333
0.0125333
0.0125333
0.0125333
0.0125333
0.0125333
0.0125333
0.0125333
0.0125333
0.0125333
0.0125333
0.0125333
0.0125333
0.0125333
0.0125333
0.0125333
0.0125333
0.0125333
0.0125333
0.0125333
0.0125333
0.0125333
0.0125333
0.0125333
0.0125333
0.0125333
0.0125333
0.0125333
0.0125333
0.0125333
0.0125333
0.0125333
0.0125333
0.0125333
0.0125333
0.0125333
0.0125333
0.0125333
0.0125333
0.0125333
0.0125333
0.0125333
0.0125333
0.0125333
0.0125333
0.0125333
0.0125333
0
0.0125333
0.0125333
0
0
0.0125333
0.0125333
0.0125343
0
0
0.0125333
0.0125333
0.0163104
0.0125333
0.0125333
0.0125333
0.0125333
0.0125333
0.0125333
0.0125333
0.0125333
0.0125333
0.0125333
0.0125333
0.0125333
0.0125333
0.0125333
0.0125333
0.0125333
0.0125333
0.0125333
0.0125333
0.0125333
0.0125333
0.0125333
0.0125333
0.0125333
0.0125333
0.0125442
0.0125442
0
0
0.0125333
0.0125333
0.0125442
0.0125442
0.0125333
0.0125333
0.0125333
0.0125333
0.0125333
0.0125442
0
0
0
0
0
0
0
0
0.0124776
0
0
0
0
0
0
0
0
0
0
0
0
0
0
0
0
0
0
0
0
0
0
0
0
0
0
0
0
0
0
0
0
0
0
0
0
0
0
0
0
0
0
0
0
0
0
0
0
0
0
0
0
0
0
0
0
0
0
0
0
0
0
0
0
0
0
0
0
0
0
0
0
0
0
0
0
0
0
0
0
0
0
0
0
0
0
0
0
0
0
0
0
0
0
0
0
0
0
0
0
0
0
0
0
0
0
0
0
0
0
0
0
0
0
0
0
0
0
0
0
0
0
0
0
0
0
0
0
0
0
0
0
0
0
0
0
0
0
0
0
0
0
0
0
0
0
0
0
0
0
0
0
0
0
0
0
0
0
0
0
0
0
0
0
0
0
0
0
0
0
0
0
0
0
0
0
0
0
0
0
0
0
0
0
0
0
0
0
0
0
0
0
0
0
0
0
0
0
0
0
0
0
0
0.0124409
0.0124409
0.0124409
0.0124409
0.0124409
0.0124409
0.0235768
0.0235768
0.0262432
0.0262432
0.0262432
0.0262432
0.0262432
0.0398094
0.0262432
0.0263432
0.0262432
0.0521996
0.0521996
0
0.0262432
0
0
0
0
0
0
0
0.0262432
0.0236162
0.0124409
0
0
0
0
0
0
0
0
0
0
0
0
0
0
0
0
0.016389
0.016389
0.016389
0.016389
0.016389
0.016389
0.016389
0.016389
0.016389
0.016389
0.016389
0.016389
0
0.016389
0
0
0.0163868
0
0
0.0168718
0.0168718
0.0168694
0.0168694
0.016389
0.016389
0.016389
0
0.016389
0.016389
0.016389
0.016389
0.016389
0.016389
0.022804
0.022804
0.022804
0.022804
0
0
0
0.022804
0
0
0
0.022804
0.022804
0.016389
0.016389
0
0
0
0
0
0
0
0
0
0
0
0
0
0
0
0
0
0
0
0
0
0.0390732
0.0390732
0
0.122169
0.0390732
0.0390732
0.0211477
0.0211477
0.0211477
0
0
0
0.016937
0.0172619
0.0227744
0.0227744
0.0227744
0.0227744
0
0.022798
0.022798
0
0
0
0
0.0214571
0.0214571
0.0214571
0.0214571
0.117041
0.117041
0.117041
0.0242038
0.0242038
0.0242038
0
0
0
0
0
0
0
0
0
0
0
0
0
0
0
0
0
0
0
0
0
0
0
0
0
0
0.0216118
0
0.0216118
0.0216118
0.0216118
0
0.0216118
0.0216118
0.0216118
0.0216118
0.0216118
0.0216118
0
0
0
0
0
0
0
0
0
0
0
0
0
0
0
0
0
0
0
0
0
0
0
0.0164001
0
0.0164001
0.0164001
0.0211477
0.0164001
0.0164001
0.0164199
0.0164199
0.0212911
0.0164199
0.0256664
0.0164199
0.01676
0.0164001
0.0211477
0
0
0
0
0
0
0
0
0
0
0
0
0
0
0
0
0
0
0
0
0
0
0
0
0
0
0
0
0
0
0
0
0
0.0538382
0.0538382
0
0
0
0
0
0
0
0
0
0
0
0
0
0
0
0
0
0
0
0
0
0
0
0
0
0
0
0
0
0
0
0
0.0229779
0
0
0
0.02299
0.0229779
0.0229779
0.0229779
0.0229779
0.0567962
0.0567962
0.0567962
0
0.0567962
0.0567962
0.0567962
0.0567962
0
0
0
0.0635001
0.0635001
0.0567962
0
0
0
0
0
0
0
0
0
0
0
0
0
0
0
0
0
0
0
0
0
0
0
0
0
0
0
0
0
0
0
0
0
0
0
0.0185984
0.0185984
0.0185984
0.0185984
0
0
0
0
0
0
0
0
0
0
0
0
0
0.0424859
0.0424859
0.0424859
0
0
0
0
0
0
0
0
0
0
0
0
0
0
0
0
0
0
0
0
0
0
0
0
0
0
0
0
0
0
0
0
0
0
0
0
0
0
0
0
0
0
0
0
0
0
0
0
0
0
0.016389
0.016389
0.022663
0.022663
0
0.022663
0.022663
0.022663
0.022663
0.022663
0.022663
0.022663
0
0
0
0
0
0
0
0
0
0
0
0
0
0.0229779
0.0458349
0.0458349
0
0.0458349
0.0464739
0.0464739
0.0813788
0
0
0.0816497
0.0813788
0.051778
0.0562544
0.0562544
0.0562544
0
0
0
0
0
0.0571662
0.0524142
0
0.0515026
0
0.0515026
0.0515026
0
0.0515026
0.0565233
0
0
0
0
0
0
0.0565233
0.01704
0.0686803
0.0686803
0.0686803
0.01704
0.01704
0.0190037
0.0190037
0
0
0.0173266
0.0192201
0.0192201
0.0192201
0.0455961
0.0455961
0.0173266
0
0
0
0
0
0
0
0
0
0
0
0
0
0
0
0
0.0414158
0.0414158
0.0414158
0
0.0414513
0.0414513
0.0414513
0.0414513
0.0414513
0.0414158
0.0414158
0.0414158
0.0423714
0
0
0.0414158
0
0
0
0.0414513
0.0414513
0.0414513
0.0414158
0
0
0
0.040522
0.040522
0.040522
0.0413803
0.0413803
0
0
0
0
0
0
0
0
0
0
0
0
0
0
0
0
0
0
0
0
0
0
0
0
0
0
0
0.0413803
0
0
0
0.0413803
0.0413803
0
0.040522
0.040522
0.0168694
0.0168694
0
0
0
0
0
0
0
0.0464739
0.0464739
0.0464739
0.051778
0
0.051778
0.051778
0.0464739
0.0562544
0.0562544
0
0
0
0
0.0562544
0
0
0.0187581
0.0686803
0
0
0
0
0
0
0
0
0
0
0
0
0
0
0
0
0
0
0
0
0
0
0
0
0
0
0
0
0
0
0
0
0
0
0
0
0
0
0
0
0
0
0
0
0
0
0
0
0
0
0
0
0
0
0
0
0
0
0
0
0
0
0
0
0
0
0
0
0
0
0
0
0
0
0
0
0
0
0
0
0
0
0
0
0
0
0
0
0
0
0
0
0
0
0
0
0
0
0
0
0
0
0
0
0
0
0
0
0
0
0
0
0
0
0
0
0
0
0
0
0
0
0
0
0
0
0
0
0
0
0
0
0
0
0
0
0
0
0
0
0
0
0
0
0
0
0
0
0
0
0
0
0
0
0
0
0
0
0
0
0
0
0
0
0
0
0
0
0
0
0
0
0
0
0
0
0
0
0
0
0
0
0.0125452
0.0125452
0.0125452
0.0125452
0.0125452
0.0125452
0
0
0
0.0125452
0
0.0125452
0.0175439
0.0125452
0.0125452
0.0125452
0
0
0
0
0
0
0
0
0
0
0
0
0
0
0
0
0
0
0
0
0
0
0
0
0
0
0
0
0
0
0
0
0
0
0
0
0
0
0
0
0
0
0
0
0
0
0
0
0
0
0
0
0
0
0
0
0
0
0
0
0
0
0
0
0
0
0
0
0
0
0
0
0
0
0
0
0
0
0
0
0
0
0
0
0
0
0
0
0
0
0
0
0
0
0
0
0
0
0
0
0
0
0
0
0
0
0
0
0
0
0
0
0
0
0
0
0
0
0
0
0
0
0
0
0
0
0
0
0
0
0
0
0
0
0
0
0
0
0
0
0
0
0
0
0
0
0
0
0
0
0
0
0
0
0
0
0
0
0
0
0
0
0
0
0
0
0
0
0
0
0
0
0
0
0
0
0
0
0
0
0
0
0
0
0
0.012438
0.012438
0.012438
0.012438
0.012438
0.012438
0.012438
0.012438
0.012438
0.012438
0.012438
0.012438
0.012438
0
0
0
0
0
0
0
0
0
0
0
0
0
0
0
0
0
0
0
0
0
0
0
0
0
0
0
0
0
0
0
0
0
0
0
0
0
0
0
0
0
0
0
0
0
0
0
0
0
0
0
0
0
0
0
0
0
0
0
0
0
0
0
0
0
0
0
0
0
0
0
0
0
0
0
0
0
0
0
0
0
0
0
0
0
0
0
0
0
0
0
0
0
0
0
0
0
0
0
0
0
0
0
0
0
0
0
0
0
0
0
0
0
0
0
0
0
0
0
0
0
0
0
0
0
0
0
0
0
0
0
0
0
0
0
0
0
0
0
0
0
0
0
0
0
0
0
0
0
0
0
0
0
0
0
0
0
0
0
0
0
0
0
0
0
0
0
0
0
0
0
0
0
0
0
0
0
0
0
0
0
0
0
0
0
0
0
0
0
0
0
0
0
0
0
0
0
0
0
0
0
0.0125206
0.0125206
0.0125206
0.0125206
0.0125206
0.0125206
0.0125333
0.0125333
0.0125333
0.0125333
0
0
0
0.012561
0.012561
0
0
0
0.0125333
0.0125333
0.0125333
0
0
0.0125333
0
0.0125452
0.0125333
0.0125333
0.012498
0.012498
0.012498
0.012498
0.012498
0.012498
0
0.012498
0.012498
0
0
0
0
0
0
0
0
0
0
0
0
0
0
0
0
0
0.0125235
0
0
0.012499
0.012499
0
0.012499
0.012499
0
0
0.0125147
0
0.012561
0.012561
0
0
0
0
0
0
0
0
0
0
0
0
0
0
0
0
0
0
0
0
0
0
0
0
0
0
0
0
0
0
0
0
0
0
0
0
0
0
0
0
0
0
0
0
0
0
0
0
0
0
0
0
0
0
0
0
0.012499
0
0
0
0
0
0.012499
0.012499
0
0
0
0
0
0
0
0
0
0
0
0
0.0517088
0.0517088
0.0517088
0.0517088
0.0517088
0.0517088
0.012438
0.0517088
0.0517088
0.0971286
0.0517088
0
0
0.0517088
0.316228
0.0517088
0.0517088
0.0517088
0.0632456
0.0517088
0
0.0517088
0.0517088
0.0517088
0.57735
0.707107
0.57735
0.707107
0.707107
0.707107
0.707107
0.0517088
0.0539164
0.0539164
0.0517088
0.185695
0.185695
0.57735
0.19245
0.316228
0.185695
0.185695
0.185695
0.0517088
0.0971286
0.301511
0.301511
0.301511
0.301511
0.301511
0.301511
0.301511
0.301511
0.301511
0.301511
0.0971286
0.301511
0.301511
0.301511
0.301511
0.301511
0.301511
0.301511
0.301511
0.301511
0.301511
0.0125452
0.0125452
0.0125452
0.0125452
0
0.0125452
0.0125452
0.0173214
0.0173214
0.0137529
0.0137529
0.0125452
0
0
0
0
0
0
0.0173214
0.0173214
0.0173214
0.0209842
0.0173214
0
0.0173214
0.0137529
0.0137529
0
0
0
0.0137529
0
0
0
0
0.0137529
0.0137529
0.0137529
0.0137529
0.0168144
0.0168144
0.0168144
0
0.0168144
0
0.0168144
0.0137529
0
0
0
0
0
0
0
0
0
0
0
0
0
0
0
0
0
0
0
0
0
0
0
0
0
0
0
0
0
0
0
0
0
0
0
0
0
0
0
0
0
0
0
0
0
0
0
0
0
0
0
0
0
0
0
0
0
0
0
0
0
0
0
0
0
0
0
0
0
0
0
0
0
0
0.0163912
0.0163912
0.0163912
0.0163912
0.0163912
0.0163912
0.0163912
0.0163912
0.0163912
0.0163912
0.0163912
0.0163912
0.0163912
0.0163912
0
0
0
0
0
0
0
0
0.0163912
0.0163912
0
0
0
0
0
0.0163912
0
0
0
0
0
0
0
0
0
0
0
0
0
0
0
0
0
0
0
0
0
0
0
0.0163912
0.0167108
0
0
0.016389
0.016389
0.016389
0.016389
0
0
0.0163912
0.0168862
0.0168862
0.021267
0.021267
0.021267
0.021267
0
0
0
0
0.0184963
0
0.0210865
0
0
0.0210865
0.0210865
0.0210865
0.0210865
0
0
0.0210865
0.0210865
0
0.0210865
0.0210865
0.0410651
0.0410651
0.0410651
0.0168958
0.0168958
0.0167931
0.0681994
0.0681994
0.0681994
0.0168958
0.0168958
0.0167931
0.0166899
0.0205673
0.0205673
0.0205673
0.0205673
0.0166899
0.0166899
0
0
0.0216118
0.0216118
0.025641
0.0216118
0
0
0
0.0166899
0.0166899
0
0.0166899
0.0166899
0.023237
0.0167132
0
0.0166899
0.0166899
0.01899
0.01899
0.0188646
0.0188646
0.0188646
0.0188646
0
0.0188646
0
0.0188713
0
0.0188646
0.0188646
0.0190243
0.0188646
0.0241755
0.0241755
0.0241755
0
0.0241755
0
0.0241896
0.0241967
0.0241967
0.0241967
0.0241967
0
0
0
0.0241967
0
0.0241967
0.0241967
0
0.0241967
0.0241967
0
0.0241755
0.0230083
0.0230083
0.0241755
0.0166899
0.0494468
0.0213249
0.0164912
0.0163912
0
0.0163912
0.0163912
0.0163912
0.0163912
0.0163912
0
0.0163912
0.0163912
0.0163912
0.0163912
0
0.0163912
0.0163912
0.0163912
0.0163912
0.0163912
0.0163912
0.0163912
0.0163912
0.0163912
0.0163912
0.0163912
0.0163912
0.0163912
0.0163912
0.0163912
0.0163912
0.0164089
0.0164089
0.016525
0.016525
0.0166875
0.0166875
0
0
0.0165431
0.0165431
0.0165862
0.0165862
0.0166899
0.0166899
0.0166899
0.0166899
0.0166899
0.0166875
0.0166875
0.0163912
0
0.0163912
0.0163912
0.0164912
0.0164912
0.0164912
0.0164912
0.0164912
0.0164912
0.0164912
0.0164912
0.0164912
0.0168049
0.0168049
0.0168049
0
0
0
0
0
0
0
0
0.0185984
0
0
0
0.0185984
0.0185984
0.0230756
0.0230756
0.0230756
0.0185984
0.0185984
0.0174316
0
0
0
0
0
0
0
0
0
0
0.0174316
0.0168144
0.0168144
0.0164912
0.0164912
0.0164912
0
0
0
0
0
0
0
0
0
0
0
0
0
0
0.0124293
0.0124293
0.0124293
0.0124776
0
0
0
0
0
0
0
0
0
0
0
0
0
0
0
0.0124776
0
0.012438
0.012438
0.012438
0.012438
0.012438
0
0
0
0
0
0
0
0
0
0.0159455
0
0
0
0
0.0124428
0
0
0
0
0
0
0
0
0
0
0
0
0
0
0
0
0
0
0
0
0
0
0
0
0
0
0
0
0
0
0
0
0
0
0
0.0124428
0.0124428
0.0124428
0.0124428
0.0124428
0.0124428
0.0124428
0
0
0
0
0
0
0
0
0
0
0
0
0
0
0
0
0
0
0
0
0
0
0
0
0
0
0
0
0
0
0
0
0
0
0
0
0
0
0
0
0
0
0
0
0
0
0.0124332
0.0124332
0.0124332
0.0124332
0.0124332
0.0124332
0.0124332
0.0124332
0.0124332
0
0
0
0
0
0
0
0
0
0
0
0
0
0
0
0
0
0
0
0
0
0
0
0
0
0
0
0
0
0
0
0
0
0
0
0
0
0
0
0
0
0
0
0
0
0
0
0
0
0
0
0
0
0
0
0
0
0
0
0
0
0
0
0
0
0
0
0
0
0
0
0
0
0
0
0
0
0
0
0
0
0
0
0
0
0
0
0
0
0
0
0
0
0
0
0
0
0
0
0
0
0
0
0
0
0
0
0
0
0
0
0
0
0
0
0
0
0
0
0
0
0
0
0
0
0
0
0
0
0
0
0
0
0
0
0
0
0
0
0
0
0
0
0
0
0
0
0
0
0
0
0
0
0
0
0
0
0
0
0
0
0
0
0
0
0
0
0
0
0
0
0
0
0
0
0
0
0
0
0
0
0
0
0
0
0
0
0
0
0
0
0
0
0
0
0
0
0
0
0
0
0
0
0
0
0
0
0
0
0
0
0
0
0
0
0
0
0
0
0
0
0
0
0
0
0.0124389
0.0124389
0.0124389
0.0124389
0.0124389
0.0124389
0.0124389
0.0124389
0.0124389
0.0124389
0.0124389
0.0124409
0.0124409
0
0.0124409
0.0124409
0.0124389
0.0124389
0.0124389
0.0124389
0.0124389
0.0124389
0.0124409
0.0124409
0.0124389
0.0235637
0.0235637
0.0235637
0
0
0
0.0236162
0.0242109
0
0
0
0
0
0
0
0
0
0
0.0124409
0.0124631
0.0136373
0
0
0
0
0
0
0
0
0
0
0
0
0
0
0
0
0
0
0
0
0
0
0
0
0
0
0.012438
0
0
0
0
0
0
0
0
0
0
0
0
0
0
0
0
0
0
0
0
0
0
0
0
0
0
0
0
0
0
0
0
0
0
0
0
0
0
0
0
0
0
0
0
0
0
0
0
0
0
0
0
0
0
0
0
0
0
0
0
0
0
0
0
0
0
0.0124409
0.0261712
0
0
0
0.0261712
0
0.0261712
0.0261712
0.0261712
0.0262976
0.0262976
0
0.0262976
0
0
0
0.0261712
0.0261712
0.0261712
0
0.0261712
0
0.0261712
0
0.0261712
0.0261712
0.0261712
0
0.0261712
0
0.0261712
0
0.0261712
0.0261712
0.0261712
0.0261712
0.0261712
0.0124389
0.0124389
0.0124389
0.0124389
0.0124389
0.0124389
0.0124602
0.0124389
0
0
0
0.012438
0
0
0
0
0
0.0159172
0
0
0
0
0
0
0
0
0
0
0
0
0
0
0
0
0
0
0
0
0
0
0.012438
0
0
0
0
0
0
0
0
0
0
0
0
0
0
0
0
0
0
0
0
0
0
0
0
0
0
0
0
0
0
0
0
0
0
0
0
0
0
0
0
0
0
0
0
0
0
0
0
0
0
0
0
0
0
0
0
0
0
0
0
0
0
0
0
0
0
0
0
0
0
0
0
0
0
0
0
0
0
0
0
0
0
0
0
0
0
0
0
0
0
0
0
0
0
0
0
0
0
0
0
0
0
0
0
0
0
0
0
0
0
0
0
0
0
0
0
0
0
0
0
0
0
0
0
0
0
0
0
0
0
0
0
0
0
0
0
0
0
0
0
0
0
0
0
0
0
0
0
0
0
0
0
0
0
0
0
0
0
0
0
0
0
0
0
0
0
0
0
0
0
0
0
0
0
0
0
0
0
0
0
0
0
0
0
0
0
0
0
0
0
0
0
0
0
0
0
0
0
0
0
0
0
0
0
0
0
0
0
0
0
0
0
0
0
0
0
0
0
0
0
0
0
0
0
0
0
0
0
0
0
0
0
0
0
0
0
0
0
0
0
0
0
0
0
0
0
0
0
0
0
0
0
0
0
0
0
0
0
0
0
0
0
0
0
0
0
0
0
0
0
0
0
0
0
0
0
0
0
0
0
0
0
0
0
0
0
0
0
0
0
0
0
0
0
0
0
0
0
0
0
0
0
0
0
0
0
0
0
0
0
0
0
0
0
0
0
0
0
0
0
0
0
0
0
0
0
0
0
0
0
0
0
0
0
0
0
0
0
0
0
0
0
0
0
0.0125117
0
0
0
0
0
0
0
0
0
0
0
0
0
0
0
0
0
0
0
0
0
0.012438
0.012438
0.012438
0.012438
0.012438
0.012438
0
0
0
0
0
0
0
0
0
0
0
0
0
0
0
0
0
0
0
0
0
0
0
0
0
0
0
0
0
0
0
0
0
0
0
0
0
0
0
0
0
0
0
0
0
0
0
0
0
0
0
0
0
0
0
0
0
0
0
0
0
0
0
0
0
0
0
0
0
0
0
0
0
0
0
0
0
0
0
0
0
0
0
0
0
0
0
0
0
0
0
0
0
0
0
0.0124428
0
0.0124428
0.0124428
0.0124428
0.0124428
0
0
0
0
0
0
0
0
0
0
0
0
0
0
0
0
0
0
0
0
0
0
0.012438
0.012438
0.012438
0.012438
0.012438
0.012438
0.012438
0.012438
0.012438
0.012438
0.012438
0
0
0
0
0
0
0
0
0
0
0
0
0
0
0
0
0
0
0
0
0
0
0
0
0
0
0
0
0
0
0
0
0
0
0
0
0
0
0
0
0
0
0
0
0
0
0
0
0
0
0
0
0
0
0
0
0
0
0
0
0
0
0
0
0
0
0
0
0
0
0
0
0
0
0
0
0
0
0
0
0
0
0
0
0
0
0
0
0
0
0
0
0
0
0
0
0
0
0
0
0
0
0
0
0
0
0
0
0
0
0
0
0
0
0
0
0
0
0
0
0
0
0
0
0
0
0
0
0
0
0
0
0
0
0
0
0
0
0
0
0
0
0
0
0
0
0
0
0
0
0
0
0
0
0
0
0
0
0
0
0
0
0
0
0
0
0
0
0
0
0
0
0
0
0
0
0
0
0
0
0
0
0
0
0
0
0
0
0
0
0
0
0
0
0
0
0
0
0
0
0
0
0
0
0
0
0
0
0
0
0
0
0
0
0
0
0
0
0
0
0
0
0
0
0
0
0
0
0
0
0
0
0
0
0
0
0
0
0
0
0
0
0
0
0
0
0
0
0
0
0
0
0
0
0
0
0
0
0
0
0
0
0
0
0
0
0
0
0
0
0
0
0
0
0
0
0
0
0
0
0
0
0
0
0
0
0
0
0
0
0
0
0
0
0
0
0
0
0
0
0
0
0
0
0
0
0
0
0
0
0
0
0
0
0
0
0
0
0
0
0
0
0
0
0
0
0
0
0
0
0
0
0
0
0
0
0
0
0
0
0
0
0
0
0
0
0
0
0
0
0
0
0
0
0
0
0
0
0
0
0
0
0
0
0
0
0
0
0
0
0
0
0
0
0
0
0
0
0
0
0
0
0
0
0
0
0
0
0
0
0
0
0
0
0
0
0
0
0
0
0
0
0
0
0
0
0
0
0
0
0
0
0
0
0
0
0
0
0
0
0
0
0
0
0
0
0
0
0
0
0
0
0
0
0
0
0
0
0
0
0
0
0
0
0
0
0
0
0
0
0
0
0
0
0
0
0
0
0
0
0
0
0
0
0
0
0
0
0
0
0
0
0
0
0
0
0
0
0
0
0
0
0
0
0
0
0
0
0
0
0
0
0
0
0
0
0
0
0
0
0
0
0
0
0
0
0
0
0
0
0
0
0
0
0
0
0
0
0
0
0
0
0
0
0
0
0
0
0
0
0
0
0
0
0
0
0
0
0
0
0
0
0
0
0
0
0
0
0
0
0
0
0
0
0
0
0
0
0
0
0
0
0
0
0
0
0
0
0
0
0
0
0
0
0
0
0
0
0
0
0
0
0
0
0
0
0
0
0
0
0
0
0
0
0
0
0
0
0
0
0.0124264
0.0124264
0.0202278
0.0202278
0.0159172
0.0166736
0.0166736
0
0
0
0
0
0
0
0
0
0
0
0
0
0
0
0
0
0
0
0
0
0
0
0
0
0
0
0
0
0
0
0
0
0
0
0
0
0
0
0
0
0
0
0
0
0
0
0
0
0
0
0
0
0
0.0124102
0
0
0
0
0
0
0
0
0
0
0
0
0
0
0
0
0
0
0
0
0
0
0
0
0
0
0
0
0
0
0
0
0
0
0
0
0
0
0
0
0
0
0
0
0
0
0
0
0
0
0
0
0
0
0
0
0
0.0124159
0
0
0
0.0125117
0.0125117
0.0125117
0.0125117
0
0
0
0
0.0124341
0.0124341
0
0
0
0
0
0
0
0
0
0
0
0
0
0
0
0
0
0
0
0
0
0
0
0
0
0
0
0
0
0
0
0
0
0
0
0
0
0
0
0
0
0
0
0
0
0
0
0
0
0
0
0
0
0
0
0
0
0
0
0
0
0
0
0
0
0
0
0
0
0
0
0
0
0
0
0
0
0
0
0
0
0.0124293
0
0.0124293
0
0.0124264
0
0
0
0
0
0
0
0
0
0
0
0
0
0
0
0.108465
0.108465
0.108465
0.108465
0.108465
0.108465
0.108465
0.108465
0.108465
0.108465
0.108465
0.108465
0
0.012499
0.012499
0.012499
0
0
0
0
0
0
0.012499
0
0
0
0
0
0
0
0
0
0
0
0
0
0
0
0
0
0
0
0
0
0
0
0
0
0
0
0
0
0
0
0
0
0
0
0
0
0
0
0
0
0
0
0
0
0
0
0
0
0
0
0
0
0
0
0
0
0
0
0
0
0
0
0
0
0
0
0
0
0
0
0
0
0
0
0
0
0
0
0
0
0
0
0
0
0
0
0
0
0
0
0
0
0
0
0
0
0
0
0
0
0
0
0
0
0
0
0
0
0
0
0
0
0
0
0
0
0
0
0
0
0
0
0
0
0
0
0
0
0
0
0
0
0
0
0
0
0
0
0
0
0
0
0.0124389
0.0124389
0.0124389
0.0124389
0.0237089
0
0.0124737
0.0136297
0.0136297
0.0136373
0.0136297
0
0
0
0
0
0
0.012438
0
0
0
0
0
0
0
0
0
0
0
0
0
0
0
0
0
0
0
0
0
0
0
0
0
0
0
0
0
0
0
0
0
0
0
0
0
0
0
0
0
0
0
0
0
0
0
0
0
0
0
0
0.012438
0.012438
0.012438
0
0
0
0
0
0
0
0
0
0
0
0
0
0
0
0
0
0
0
0
0
0
0
0
0
0
0
0
0
0
0
0
0
0
0
0
0
0
0
0
0
0
0
0
0
0
0
0
0
0
0
0
0
0
0
0
0
0
0
0
0
0
0
0
0
0
0
0
0
0
0
0
0
0
0
0
0
0
0
0
0
0
0
0
0
0
0
0
0
0
0
0
0
0
0
0
0
0
0
0
0
0
0
0
0
0
0
0
0
0
0
0
0
0
0.0124389
0.0124389
0.0124389
0.0124389
0.0124389
0.0124389
0
0
0
0
0
0
0
0
0
0
0
0
0
0
0
0
0
0
0
0
0
0
0
0
0
0
0
0
0
0
0
0
0
0
0
0
0
0
0
0
0
0
0
0
0
0
0
0
0
0
0
0
0
0
0
0
0
0
0
0
0
0
0
0
0
0
0
0
0
0
0
0
0
0
0
0
0
0
0
0
0
0
0
0
0
0
0
0
0
0
0
0
0
0
0
0
0
0
0
0
0
0
0
0
0
0
0
0
0
0
0
0
0
0
0
0
0
0
0
0
0
0
0
0
0
0
0
0
0
0
0
0
0
0
0
0
0
0
0
0
0
0
0
0
0
0
0
0
0
0
0
0.0159172
0.0159172
0
0
0
0
0
0
0
0
0
0
0
0
0
0
0
0
0
0
0
0
0.0124264
0.0124264
0.0124264
0
0
0
0
0.0124389
0.0124389
0.0124389
0.0124389
0.0124389
0.0174316
0.0174316
0.0174316
0.0174316
0.0174316
0
0
0
0.0176694
0.0176694
0.0176694
0.0174316
0.0175927
0.0174316
0.0174316
0.0175927
0.0174316
0.0177276
0
0.0174316
0
0
0
0
0
0.0124389
0.0124389
0.0124389
0.0124389
0.0124389
0.0124389
0.0124389
0
0
0
0
0.012438
0
0
0
0
0
0
0
0
0
0
0
0
0
0
0
0
0
0
0
0
0
0
0
0
0
0
0
0
0.012499
0.012499
0.012499
0.012499
0
0
0
0
0
0
0
0
0
0
0
0
0
0
0
0
0
0
0
0
0
0
0
0
0
0
0
0
0
0
0
0
0
0
0
0
0
0
0
0
0
0
0
0
0
0
0
0.012438
0.012438
0.012438
0.012438
0.012438
0.012438
0.012438
0
0
0
0
0
0
0
0
0
0
0
0
0
0
0
0
0
0
0
0
0
0
0
0
0
0
0
0
0
0
0
0
0
0
0
0
0
0
0
0
0
0
0
0
0
0
0
0
0
0
0
0
0
0
0
0
0.0124776
0
0.0164488
0
0
0
0
0.0164488
0.0164488
0.0164488
0
0
0
0
0
0.0170499
0.0170499
0.0170499
0.0170499
0.0170499
0.0170499
0.0165182
0.0165182
0.0165182
0.0165182
0.0165182
0.0164355
0.0164355
0.0164355
0.0164355
0.0164466
0.0164355
0.0164399
0
0
0
0
0.0211714
0.0211714
0
0
0
0
0
0
0
0
0
0
0.0559017
0.0559893
0.0183959
0.0183959
0.0174901
0.0174901
0.0370117
0.0370117
0
0
0
0
0
0
0
0
0.059976
0.059976
0
0
0
0
0.0165453
0
0
0
0
0.0403567
0.0403567
0.0209381
0.0209381
0
0
0.0373457
0.0373457
0.0231372
0.0231372
0.0170598
0.0170598
0
0
0
0
0
0
0
0
0
0
0.0212382
0.0212382
0
0
0
0
0
0
0.018128
0.0181309
0.0230449
0.0181309
0
0
0
0
0
0.0165137
0
0.0165137
0.0164355
0.0164355
0
0.0164355
0.0164355
0.0164355
0
0.0164355
0
0
0
0
0
0
0
0
0
0.0165385
0.0165385
0
0.0165385
0.016534
0
0.016534
0.0167483
0.0167483
0.0167483
0.0167483
0
0
0
0
0.0211714
0.0211714
0.0211714
0.0211714
0.0211714
0.0211714
0
0
0
0
0
0
0.0185695
0.0185695
0.0263067
0.0185695
0.0212382
0.0212382
0.0212382
0.0212382
0.0212382
0
0
0
0
0
0.0183804
0.0183804
0.0183804
0.0183804
0.0183804
0.0183804
0.0183804
0.0200281
0.0183804
0
0
0
0
0
0
0
0
0
0
0
0
0
0
0
0
0
0
0
0
0
0
0
0
0
0
0
0
0
0
0
0
0
0
0
0
0
0.0559017
0.0559017
0.0559017
0.0559017
0.0559017
0.0559893
0
0.0559893
0.0174901
0.0174901
0.0174901
0.0174901
0.0370117
0.0370117
0.0370117
0
0.0370117
0
0
0
0
0
0
0
0
0
0
0
0
0
0
0
0
0
0
0
0
0
0
0
0
0
0
0
0
0
0
0
0
0
0
0
0
0
0
0
0
0
0
0
0
0
0
0
0
0
0
0
0
0
0
0
0
0
0
0
0
0
0
0
0
0
0
0
0.0306138
0.0306138
0.0209381
0.0209381
0.0209381
0.0209381
0.0208605
0.0208605
0.0208605
0
0
0
0
0
0
0
0
0
0
0
0
0
0
0
0.0367359
0.0367359
0.0367359
0.0367359
0
0
0.0367359
0.0231372
0.0231372
0.0231372
0.0231372
0
0
0.0231372
0
0
0
0
0
0
0
0
0
0
0
0
0
0
0
0
0
0
0
0
0
0
0
0
0
0
0
0
0
0
0
0
0
0
0
0
0
0
0
0
0
0
0
0
0
0
0
0
0
0
0
0
0
0
0.0335578
0.0335578
0.0335578
0.0335578
0
0
0
0
0
0
0
0
0.0164355
0
0.0164355
0.0164377
0.0164377
0.01648
0.0164466
0.0172056
0.0164555
0.0164377
0
0.0164377
0.0168934
0.0168934
0.0169589
0.0463739
0.0515711
0
0.0168934
0
0.0168934
0.0176474
0.0176474
0.0178259
0.0448561
0.0176474
0
0.0176474
0
0
0
0
0
0
0.012438
0.012438
0.012438
0.012438
0.012438
0.012438
0.012438
0.012438
0.012438
0.012438
0.012438
0.012438
0.012438
0
0
0
0
0
0
0
0
0
0
0
0
0
0
0
0
0
0
0
0
0
0
0
0
0
0
0
0
0
0
0
0
0
0
0
0
0
0
0
0
0
0
0
0
0
0
0
0
0
0
0
0
0
0
0
0
0
0
0
0
0
0
0
0
0
0
0
0
0
0
0
0
0
0
0
0
0
0
0
0
0
0
0
0
0
0
0
0
0
0
0
0
0
0
0
0
0
0
0
0
0
0
0
0
0
0
0
0
0
0
0
0
0
0
0
0
0
0
0
0
0
0
0
0
0
0
0
0
0
0
0
0
0
0
0
0
0
0
0
0
0
0
0
0
0
0
0
0
0.012438
0.012438
0.012438
0.012438
0.012438
0.012438
0.012438
0.012438
0.012438
0
0
0
0
0
0
0
0
0
0
0
0
0
0
0
0
0
0
0
0
0
0
0
0
0
0
0
0
0
0
0
0
0
0
0
0
0
0
0
0
0
0
0
0
0
0
0
0
0
0
0
0
0
0
0
0
0
0
0
0
0
0
0
0
0
0
0
0
0
0
0
0
0
0
0
0
0
0
0.012438
0.012438
0.012438
0.012438
0.012438
0.012438
0.012438
0.012438
0.012438
0.012438
0.012438
0.012438
0.012438
0.012438
0.012438
0.012438
0.012438
0.012438
0.012438
0.012438
0.012438
0.012438
0.012438
0.012438
0
0
0
0
0.012438
0
0
0
0
0
0
0
0
0
0
0
0
0
0
0
0
0
0
0
0
0
0
0.0124389
0
0
0
0
0
0
0
0
0
0
0
0
0
0
0
0
0
0
0
0
0
0
0.012438
0
0
0
0
0
0
0
0
0
0
0
0
0
0
0
0
0
0
0
0
0
0
0
0
0
0
0
0
0
0
0
0
0
0
0
0
0
0
0
0
0
0
0
0
0
0
0
0
0
0
0
0
0
0
0
0
0
0
0
0
0
0
0
0
0
0
0
0
0
0.012438
0.012438
0
0
0
0
0
0
0
0
0
0
0
0
0
0
0
0
0
0
0
0
0
0
0
0
0
0
0
0
0
0
0
0
0
0
0
0.012438
0.012438
0.012438
0.012438
0.012438
0.012438
0.012438
0.012438
0.012438
0.012438
0.012438
0.012438
0.012438
0.012438
0.012438
0.012438
0.012438
0.012438
0.012438
0.012438
0.012438
0.012438
0.012438
0.012438
0.012438
0.012438
0.012438
0.012438
0.012438
0.012438
0.012438
0.012438
0.012438
0.012438
0.012438
0.012438
0.012438
0.012438
0.012438
0.012438
0.0124409
0
0
0
0
0
0
