0.0967071
0.0967071
0.0967071
0.0967071
0.0967071
0.0967071
0.0967071
0.0967071
0.0967071
0.0967071
0.0967071
0.0967071
0.0967071
0.0967071
0.0967071
0.0967071
0.0967071
0.0967071
0.0967071
0.0967071
0.0967071
0.0967071
0.0967071
0.0967071
0.0967071
0.0967071
0.0967071
0.0967071
0.0967071
0.0967071
0.0967071
0.0967071
0.0967071
0.0967071
0.0967071
0.0967071
0.0967071
0.0967071
0.0967071
0.0967071
0.0967406
0
0
0
0
0
0.0967071
0.0967071
0.0967071
0.0967071
0.0967071
0.0967071
0.0967071
0.0967071
0.0967071
0.0967071
0
0.0967071
0.0967071
0
0
0
0.0967071
0.0967071
0.0967071
0.0967071
0.0967071
0.0967071
0.213741
0.213741
0.213741
0.213741
0
0
0.0967071
0.0967071
0.0967071
0.0967071
0.0967071
0.0967071
0.0967071
0.0967071
0.213741
0.213741
0.213741
0
0.0970777
0.214468
0.214468
0.214468
0
0
0.0967406
0
0.0967071
0.0967071
0.0967071
0.0967071
0.0967071
0.0967071
0.0967071
0.0967071
0.0967071
0.0967071
0.0967071
0.0967071
0.0967071
0.0967071
0.0967071
0.0967071
0.0967071
0.0967071
0.0967071
0.0967071
0.0967071
0.0967071
0.0967071
0.0967071
0.0967071
0.0967071
0.0967071
0.0967071
0.0967071
0.0967071
0.0967071
0.0967071
0.0967071
0.0967071
0.0967071
0.0967071
0.0967071
0.0967071
0.0967071
0.0967071
0.0967071
0.0967071
0.0967071
0.0967071
0.0967071
0.0967071
0.0967071
0.0967071
0.0967071
0.0967071
0.0967071
0.0967071
0.0967071
0.0967071
0.0967071
0.0967071
0.0967071
0.0967071
0.0967071
0.0967071
0.0967071
0.0967071
0.0967071
0.0967071
0.0967071
0.0967071
0.0967071
0.0967071
0.0967071
0.0967071
0.0967071
0.0967071
0.0967071
0.0967071
0.0967071
0.0967071
0.0967071
0.0967071
0.0967071
0.0967071
0.0967071
0.0967071
0.0967071
0.0967071
0.0967071
0.0967071
0.0967071
0.0967071
0.0967071
0.0967071
0.0967071
0.0967071
0.0967071
0.0967071
0.0967071
0.0967071
0.0967071
0.0967071
0.0967071
0.0967071
0.0967071
0.0967071
0.0967071
0.0967071
0.0967071
0.0967071
0.0967071
0.0967071
0.0967071
0.0967071
0.0967071
0.0967071
0.0967071
0.0967071
0.0967071
0.0967071
0.0967071
0.0967071
0.0967071
0.0967071
0.0967071
0.0967071
0.0967071
0.0967071
0.0967071
0.0967071
0.0967071
0.0967071
0.0967071
0.0967071
0.0967071
0.0967071
0.0967071
0.0967071
0.0967071
0.0967071
0.0967071
0.0967071
0.0967071
0.0967071
0.0967071
0
0
0
0
0
0
0
0
0
0
0
0
0
0
0
0
0
0
0
0
0
0
0
0
0
0
0
0
0
0
0
0
0
0
0
0
0
0
0
0
0
0
0
0
0
0
0
0
0
0
0
0
0
0
0
0
0
0
0
0
0
0
0
0
0
0
0
0
0
0
0
0
0
0
0
0
0
0
0
0
0
0
0
0
0
0
0.0967406
0.213741
0.0972306
0.0972306
0.0967406
0
0
0
0
0.0971965
0.0971965
0
0
0
0
0
0
0
0
0
0
0
0
0
0
0
0
0
0
0
0
0
0
0
0
0
0
0
0
0
0
0
0
0
0
0
0
0
0
0
0
0
0
0
0
0
0
0
0
0
0
0
0
0
0
0
0
0
0
0
0
0
0
0
0
0
0
0
0
0.0967406
0
0
0
0
0
0
0
0
0
0
0
0
0
0.0967742
0
0
0
0
0
0
0
0
0
0
0
0
0
0
0
0
0
0
0
0
0
0
0
0
0.10092
0.10092
0.10092
0.0967406
0
0
0
0
0
0
0
0
0
0
0
0
0
0
0
0
0
0
0
0
0
0
0
0
0
0
0
0
0
0
0
0
0
0
0
0
0
0
0
0
0
0
0
0
0
0
0
0
0
0
0
0
0
0
0
0
0
0
0
0
0
0
0
0
0
0
0
0
0
0
0
0
0
0
0
0
0
0
0
0
0
0
0
0
0
0
0
0
0
0
0
0
0
0
0
0
0
0
0
0
0
0
0
0
0
0
0
0
0
0
0
0
0
0
0
0
0
0
0
0
0
0
0
0
0
0
0
0
0
0
0
0
0
0
0
0
0
0
0
0
0
0
0
0
0
0
0
0
0
0
0
0
0
0
0
0
0
0
0
0
0
0
0
0
0
0
0
0
0
0
0
0
0
0
0
0
0
0
0
0
0
0
0
0
0
0
0
0
0
0
0
0
0
0
0
0
0
0
0
0
0
0
0
0
0
0
0
0
0
0
0
0
0
0
0
0
0
0
0
0
0
0
0
0
0
0
0
0.0966904
0.0966904
0.0966904
0.0966904
0.0967406
0
0
0
0
0
0
0
0
0
0.0981805
0.0981805
0.0981805
0.0981805
0.0981805
0.0981805
0.0981805
0.0981805
0.0981805
0.0981805
0.0981805
0.0981805
0.0981805
0.167618
0
0
0
0
0
0.100354
0
0.115642
0
0.139472
0.170297
0
0
0.106354
0.106354
0.106354
0.108941
0
0
0
0
0
0.102478
0
0
0.177601
0.177601
0.177601
0.102339
0.102339
0.102339
0.103061
0
0
0
0
0
0
0
0
0
0
0
0
0
0
0.253245
0.0998153
0.0978319
0.0998153
0.0998153
0.0998153
0.0998153
0.0998153
0.0998153
0.103861
0.232612
0.0998153
0.0998153
0.0998153
0.0978319
0.0978319
0.0978319
0.0978319
0.0978319
0.0978319
0.0978319
0.102339
0.102339
0.102339
0.102339
0.102339
0.102339
0.102339
0.0978319
0
0
0.100242
0.125914
0
0
0
0
0.102319
0.102319
0.170389
0.0981805
0.0981805
0.0981805
0.0981805
0.0981805
0.0981805
0
0
0
0
0.103469
0
0.0987106
0.0987106
0.0987462
0.10113
0.105215
0.102398
0
0
0
0.0992674
0.0992674
0
0.0992855
0
0.0992855
0.0992131
0
0
0
0
0
0.0982331
0.100204
0.102339
0
0
0
0
0
0
0
0
0.0966904
0.0966904
0.0966904
0.0966904
0.0966904
0.101399
0.101399
0.101399
0.101399
0.101399
0.101399
0.101399
0.101399
0.101399
0.101399
0
0
0
0
0
0
0
0
0
0
0
0
0
0
0
0
0
0
0
0
0
0
0
0
0
0
0
0
0
0
0
0
0
0
0
0
0
0
0
0
0
0
0
0
0
0
0
0
0
0
0
0
0
0
0
0
0
0.104531
0.104531
0.104531
0.104531
0.104531
0
0
0
0
0
0
0
0
0
0
0
0
0
0
0
0
0
0
0
0
0
0
0
0
0
0
0
0
0
0
0
0
0
0
0
0
0
0
0
0
0
0
0
0
0
0
0
0
0
0
0
0
0
0
0
0
0
0
0
0
0
0.0967742
0.104786
0
0.0966904
0
0
0.108631
0.0966904
0.0968078
0.0967239
0
0
0
0
0
0
0
0
0
0
0
0
0
0
0
0
0
0
0
0
0
0
0
0
0
0
0
0
0
0
0
0
0
0.0967239
0.0967239
0.0967239
0.0967239
0.0967239
0.0967574
0.0967574
0.0970269
0.0970269
0.0970269
0
0
0
0
0
0
0
0
0
0
0
0
0
0
0
0
0
0
0
0
0
0
0
0
0
0
0
0
0
0
0
0
0
0
0
0
0
0
0
0
0
0
0
0
0
0
0
0
0
0
0
0
0
0
0
0
0
0
0
0
0
0
0
0
0
0
0
0
0
0
0
0
0
0
0
0
0
0.0967742
0.0967742
0.096791
0.0967742
0.0971286
0.0971286
0.0971286
0.0967574
0.0967574
0.0971286
0.0967574
0.0967574
0.0967574
0.0971286
0.0971286
0.0971286
0.0971286
0.0971286
0.0971286
0.096791
0
0.096791
0.096791
0.096791
0.0969593
0.0975212
0.0974526
0.0974526
0.0976762
0
0
0
0
0
0.0969593
0
0
0.0969593
0.0969593
0.0969593
0.0969593
0.0967574
0.0967574
0.0967574
0.0967574
0.0967574
0.0967574
0.0969593
0.0967574
0
0
0
0
0
0
0
0
0
0
0
0
0
0
0
0
0
0
0
0
0
0
0
0
0
0
0
0
0
0
0
0
0
0
0
0
0
0
0
0
0
0
0
0
0
0
0
0
0
0
0
0
0
0
0
0
0
0
0
0
0
0
0
0
0
0
0
0
0
0
0
0
0
0
0
0
0
0
0.0971286
0.0971286
0
0
0.0969593
0.0969593
0.0969593
0.0969593
0.0969593
0.0969593
0.102798
0.102798
0
0.104489
0.104489
0.0971286
0.0971286
0
0
0
0
0
0
0
0
0.0971286
0.0971286
0.0971286
0.0971286
0.0971286
0.0971286
0.0971286
0
0
0
0
0
0
0
0.0971286
0.102398
0.0971286
0
0.0971286
0.0971286
0.0971286
0.0971286
0.0971286
0.0971286
0.0987997
0.101807
0.121599
0.105583
0
0
0.0970608
0
0
0
0
0
0
0.0984975
0.11874
0.0972646
0.0972646
0.0972646
0.0972646
0
0
0
0
0
0
0
0
0
0
0
0
0
0
0
0
0
0
0
0
0
0
0
0
0
0
0
0
0
0
0
0
0
0
0
0
0
0
0
0
0
0
0
0
0
0
0
0
0
0
0
0
0
0
0
0
0
0
0
0
0
0.0997417
0.0998337
0
0
0
0
0
0
0
0
0.101593
0
0
0.102319
0
0
0
0
0
0
0
0
0
0
0
0
0
0
0
0
0
0
0
0
0
0
0
0
0
0
0
0
0
0
0
0
0
0
0
0
0
0
0
0
0
0
0
0
0
0
0
0
0
0
0
0
0
0
0
0
0
0
0
0
0
0
0
0
0
0
0
0
0
0
0
0
0
0
0
0
0
0
0
0
0
0
0
0
0
0
0
0
0
0.0978492
0.0976934
0.0976934
0.0971286
0.096791
0.101303
0.101303
0.0976934
0.0976934
0
0.0976934
0.0976934
0
0.096791
0.096791
0.10073
0
0
0
0
0
0
0
0
0
0
0
0
0
0
0
0
0
0
0
0
0
0
0
0.102658
0
0.0975384
0
0.0972646
0
0
0
0
0.0998706
0
0
0.367423
0
0
0
0
0.10056
0
0.233314
0.0967574
0
0.10351
0.0978319
0.102658
0
0
0.367423
0
0
0
0.0975212
0
0
0
0
0
0.0971286
0.102478
0.0991769
0
0.103142
0.0967574
0
0.0990148
0
0
0
0
0
0.100711
0
0.0971116
0
0
0
0.0976934
0.0976934
0.0976934
0.0976934
0.0976934
0.0967071
0.0976934
0
0
0
0
0.0976934
0.0976934
0.0976934
0.0976934
0
0
0
0
0
0
0
0
0
0
0
0
0
0
0
0.0976934
0.0976934
0
0.0976934
0.0976934
0
0.0976934
0.0976934
0.101341
0
0
0
0
0
0.0976934
0.0976934
0
0
0
0
0
0
0
0
0
0
0
0
0
0
0
0.0976934
0
0.0976934
0
0.105692
0.0976934
0
0
0
0
0
0
0
0
0
0
0
0
0
0
0
0.0976934
0
0
0
0
0
0
0
0
0
0
0
0
0
0
0
0
0
0
0
0
0
0
0
0
0
0
0
0
0
0
0
0
0
0
0
0
0
0
0
0
0
0
0
0
0
0
0
0
0
0
0
0
0
0
0
0
0
0
0
0
0
0
0
0
0
0
0
0
0
0
0
0
0
0
0
0
0
0
0
0
0
0
0
0
0
0
0
0
0
0
0
0
0
0
0
0
0
0
0
0
0
0
0
0
0
0
0.102339
0.0976934
0
0
0
0.0976934
0
0.0976934
0
0.0976934
0
0.0976934
0
0
0
0
0
0.0976934
0
0.0976934
0
0
0
0
0
0.102339
0.102339
0
0.102339
0.102339
0.102339
0.102339
0.102339
0.102339
0.102339
0.102339
0
0
0
0
0.102339
0
0.0976934
0
0
0
0.101322
0.101303
0.101303
0.101303
0.101303
0.101303
0.101303
0.101303
0.101303
0.101322
0.101322
0
0
0
0
0
0.104701
0.104701
0
0
0
0
0
0
0
0
0
0
0
0
0
0
0
0
0
0
0
0
0
0
0
0
0
0
0
0
0
0
0
0
0
0
0.104006
0.104006
0
0.104006
0
0
0.101341
0.101944
0
0
0
0
0
0
0.10138
0
0
0
0
0
0
0.101361
0
0.101361
0
0.101322
0.101361
0.101361
0.107075
0.107075
0.107075
0.101361
0.102758
0
0
0
0.10138
0.102778
0
0
0
0
0
0
0
0
0
0
0
0
0
0
0
0
0
0
0
0
0
0
0
0
0
0
0
0
0
0
0
0
0
0
0
0
0
0
0
0
0
0
0
0
0
0
0
0
0
0
0
0
0
0
0
0
0
0
0
0
0
0
0
0
0
0
0
0
0
0
0
0
0
0
0
0
0
0
0
0
0
0
0
0.11312
0.11312
0.11312
0.11312
0.11312
0.11312
0
0
0
0
0
0
0
0
0
0
0
0.101341
0.112194
0
0.11312
0
0
0
0.114624
0.106825
0
0.115584
0
0
0
0
0
0
0
0
0
0
0
0
0
0
0
0
0
0
0
0.101361
0.101457
0.101515
0.101515
0.101341
0
0
0
0
0
0
0
0
0
0
0.101515
0
0
0
0.101612
0
0
0
0
0
0
0
0
0
0
0
0
0
0
0
0
0
0.101612
0
0
0
0
0
0
0
0.109569
0.109642
0
0
0
0
0
0
0
0
0
0
0
0
0
0
0
0
0
0
0
0
0
0
0
0
0
0
0
0
0
0
0
0
0
0.101361
0
0
0.101361
0.101361
0
0
0.106825
0
0.112906
0
0
0
0
0
0
0
0
0
0
0
0
0
0
0
0
0
0
0
0
0
0
0
0
0
0
0
0
0
0
0
0
0
0
0
0.0971286
0.0971286
0
0
0.0971286
0.0971286
0.0971286
0.0971286
0.0971286
0.0971286
0.0971286
0.0971286
0.0971286
0.0971286
0.0971286
0.0971286
0.0971286
0.0971286
0
0
0
0.0971286
0.0971286
0.0971286
0.0971286
0.0971286
0
0
0
0
0
0
0.0971286
0.0971286
0
0
0
0
0
0
0
0
0
0
0
0
0
0
0
0
0
0
0
0
0
0
0
0
0
0
0
0
0
0
0
0
0
0
0
0
0
0
0
0
0
0
0
0
0
0
0
0
0
0.101226
0
0.101226
0
0
0
0
0
0
0
0
0
0
0
0
0
0
0
0
0
0
0.0967071
0.0967071
0.0967071
0.0967071
0.0967071
0
0
0
0
0
0
0
0
0
0
0.0967071
0.0967071
0.0967071
0.0967071
0.0967071
0.0967071
0.0967071
0.0967071
0.0967071
0.0967071
0.0967071
0.0967071
0.0967071
0.0967071
0
0
0
0
0
0
0
0
0
0.0967071
0.0967071
0.0967071
0.0967071
0
0
0
0
0
0
0
0
0
0
0
0
0
0
0
0
0
0
0
0
0
0
0
0
0
0
0
0
0
0
0
0
0
0
0
0
0
0
0
0
0
0
0
0
0
0
0
0
0
0
0
0
0
0
0
0
0
0
0
0
0
0
0
0
0
0
0
0
0
0
0
0
0
0
0
0
0
0
0
0
0
0
0
0
0
0
0
0
0
0
0
0
0
0
0
0
0
0
0
0
0
0
0
0
0
0
0
0
0
0
0
0
0
0
0
0
0
0
0
0
0
0
0
0
0
0
0
0
0
0
0
0
0
0
0
0
0
0
0
0
0
0
0
0
0
0
0
0
0
0
0
0
0
0
0
0
0
0
0
0
0
0
0
0
0
0
0
0
0
0
0
0
0
0
0
0
0
0
0
0
0
0
0
0
0
0
0
0
0
0
0
0
0
0
0
0
0
0
0
0
0
0
0
0
0
0
0
0
0
0
0
0
0
0
0
0
0
0
0
0
0
0
0
0
0
0
0
0
0
0
0
0
0
0
0
0
0
0
0
0
0
0
0
0
0
0
0
0
0
0
0
0
0
0
0
0
0
0
0
0
0
0
0
0
0
0
0
0
0
0
0
0
0
0
0
0
0
0
0
0
0
0
0
0
0
0
0
0
0
0
0
0
0
0
0
0
0
0
0
0
0
0
0
0
0
0
0
0
0
0
0
0
0
0
0
0
0
0
0
0
0
0
0
0
0
0
0
0
0
0
0
0
0
0
0
0
0
0
0
0
0
0
0
0
0
0
0
0
0
0
0
0
0
0
0
0
0
0
0
0
0
0
0
0
0
0
0
0
0
0
0
0
0
0
0
0
0
0
0
0
0
0
0
0
0
0
0
0
0
0
0
0
0
0
0
0
0
0
0
0
0
0
0
0
0
0
0
0
0
0
0
0
0
0
0
0
0
0
0
0
0
0
0
0
0
0
0
0
0
0
0
0
0
0
0
0
0
0
0
0
0
0
0
0
0
0
0
0
0
0
0
0
0
0
0
0
0
0
0
0
0
0
0
0
0
0
0
0
0
0
0
0
0
0
0
0
0
0
0
0
0
0
0
0
0
0
0
0
0
0
0
0
0
0
0
0
0
0
0
0
0
0
0
0
0
0
0
0
0
0
0
0
0
0.0966904
0
0.0967406
0.0967406
0.0967406
0.0967406
0.0967406
0.0967406
0
0
0
0
0
0
0
0
0
0
0
0
0
0
0
0
0
0
0
0
0
0
0
0
0
0
0
0.0967574
0.0967574
0.0967574
0.0967574
0.0967574
0.0967574
0.0967574
0.0967574
0.0985861
0.0967574
0.0967574
0.0967574
0.0967574
0.0967574
0.0967574
0
0
0
0
0
0
0
0
0.0967574
0.0967574
0.0967574
0.0967574
0.0967574
0.0967574
0.0967574
0
0
0.0967574
0
0
0.0985861
0
0.0985861
0.0985861
0.0985861
0.0985861
0.0985861
0.0985861
0.0985861
0.0985861
0.0985861
0.0985861
0.0985861
0.0985861
0
0
0.0985861
0
0
0
0
0
0
0
0
0
0
0
0
0
0
0
0
0
0
0
0
0
0
0
0
0
0
0
0
0
0
0
0
0
0
0
0
0
0
0
0
0
0
0
0
0
0
0
0
0
0.0989968
0
0
0
0.0967574
0.0967574
0.0967574
0.0986039
0.0986039
0.0986039
0
0
0
0.0967574
0.0967574
0.0969593
0.0969593
0.0967574
0.0967574
0.0967574
0.0986572
0.0986572
0.0967574
0.096791
0.096791
0.096791
0.096791
0.0967574
0.0967574
0.0967574
0.0986572
0.0986572
0.0986572
0.0986572
0.0986572
0.0991589
0.0986572
0.0986572
0.0986572
0.102398
0.0986572
0.0986572
0.0986572
0.0986572
0.0986572
0.0986572
0.0986572
0
0
0
0
0
0.0967574
0.0967574
0.0967574
0.0967574
0.0985861
0.0967574
0
0
0
0
0
0
0.0967574
0.0985861
0.0967574
0.0993944
0.0967574
0.0967574
0.0967574
0.0993944
0.0993944
0
0.100204
0.100204
0.100204
0.100204
0.100204
0.100204
0
0
0
0
0
0
0.100074
0
0.100093
0.0978319
0.0978319
0
0
0
0
0.0969593
0.0969593
0.102339
0
0
0
0
0
0
0
0
0
0
0
0
0
0
0
0
0
0
0
0
0
0
0
0
0
0
0
0
0
0
0
0
0
0
0
0
0
0
0
0
0
0
0
0
0
0
0
0
0
0
0
0
0
0
0
0
0
0
0
0
0
0
0
0
0
0
0
0
0
0
0
0
0
0
0
0
0
0
0
0
0
0
0
0
0
0.0967071
0.0967071
0.0970439
0.107601
0.107601
0.0967574
0
0
0
0
0
0
0
0
0
0
0
0
0.0967071
0.0967071
0.0967071
0
0
0
0
0
0
0
0
0
0
0
0
0
0
0
0
0
0
0
0
0
0
0
0
0
0
0
0
0
0
0
0
0
0
0.100692
0
0.100692
0.100692
0.100692
0.100692
0.100692
0.100692
0.100692
0.100692
0.100692
0.100692
0.100692
0.100692
0.100692
0.100692
0.100692
0.100692
0.100692
0.100692
0.100692
0.100692
0
0
0
0
0
0
0.100692
0.100692
0
0.100692
0.100692
0.100692
0.100692
0.100692
0.100692
0.100692
0.100692
0
0.100692
0.100692
0.100692
0.100692
0.100692
0.100692
0.100692
0.100692
0.100692
0.103081
0.103081
0.103081
0.108536
0
0
0.100692
0.100692
0
0
0
0
0.103081
0.101457
0
0
0
0.100711
0.100692
0
0
0
0
0
0
0
0
0
0
0
0
0
0
0.100692
0.100692
0.103081
0.103081
0.10409
0.10409
0
0
0
0
0
0
0
0
0
0
0
0
0
0
0
0.11902
0.11902
0
0
0
0
0
0
0
0
0
0
0
0
0
0
0
0
0
0
0
0
0
0
0
0
0
0
0
0
0
0
0
0
0
0
0
0
0
0
0
0
0
0
0
0
0
0
0
0
0
0
0
0
0
0
0
0
0
0
0
0
0
0
0.100692
0.100692
0
0.100692
0.100692
0.110959
0.100692
0.100711
0
0.100692
0.100692
0
0.100692
0
0.100692
0.103081
0.103081
0.103081
0.103081
0.103081
0.10409
0.10409
0.10409
0
0
0
0
0
0
0
0
0
0
0
0
0
0
0
0
0
0
0
0
0
0
0
0
0
0
0
0
0
0
0
0
0
0
0
0
0
0
0
0
0
0
0
0
0
0
0
0
0
0
0
0
0
0
0
0
0
0
0
0
0
0
0
0
0
0
0
0.11902
0.11902
0.11902
0.100711
0
0.100636
0.100636
0.100711
0.100655
0
0
0
0
0
0
0
0
0
0
0
0
0
0
0
0
0
0
0
0
0
0
0
0
0
0
0.100655
0.100655
0
0.100655
0.101788
0.100749
0.100692
0
0
0
0
0
0.100692
0.100692
0.100692
0.100692
0.100692
0.101053
0.168056
0.168056
0.168056
0.168408
0
0
0
0
0
0
0
0
0
0
0
0
0.101885
0
0
0
0
0
0
0
0
0
0
0
0
0
0
0.101053
0.103654
0
0.101073
0.101632
0.103861
0.115871
0
0
0
0
0
0
0
0
0
0
0
0
0
0
0
0
0
0
0
0
0
0
0
0
0
0
0
0
0
0
0
0
0
0
0
0
0
0
0
0
0
0
0
0
0
0
0
0
0
0
0
0
0
0
0
0
0
0
0
0
0
0
0
0
0
0
0
0
0
0
0
0
0
0
0
0
0
0
0
0
0
0
0
0
0
0
0
0
0
0
0
0
0
0
0
0
0
0
0
0
0
0
0
0
0
0
0
0
0
0
0
0
0
0
0
0
0
0
0
0
0
0
0
0
0
0.100692
0.100692
0.100692
0.100692
0.100806
0.100863
0
0.100806
0.100806
0.100806
0.100692
0.100692
0.100692
0.100692
0.100692
0.100692
0
0
0
0
0.101612
0.101612
0
0
0
0
0
0
0
0.101612
0.100429
0.100429
0.100429
0.100429
0.100429
0
0
0
0
0
0.10056
0.10056
0.10056
0.10056
0.10056
0.10056
0
0
0
0
0
0
0
0
0
0
0.100485
0.100429
0.10056
0
0
0.101729
0.101729
0.100429
0.100429
0.100429
0.100429
0.100429
0
0
0
0
0
0
0
0
0
0
0
0
0
0
0
0
0
0
0.100429
0
0
0
0
0
0
0
0
0
0.100636
0.100636
0.100636
0.100636
0.100636
0
0.100636
0.100636
0
0
0.100806
0
0.100806
0.100806
0.100806
0.100806
0.100806
0.100692
0
0.100692
0.100692
0.100692
0.100692
0.100692
0
0
0
0
0
0
0
0
0
0
0
0
0
0
0
0
0
0
0
0
0
0
0
0
0
0
0
0
0
0
0
0
0
0
0.100429
0.100429
0
0.100692
0.10041
0.10041
0.100692
0.100692
0.100692
0
0
0.100541
0.100541
0
0.100541
0
0
0
0
0
0
0
0
0
0
0
0
0
0
0
0
0
0
0
0
0
0
0
0
0
0
0
0
0
0
0
0
0
0
0
0
0
0
0
0.0966904
0.0966904
0.0966904
0.0966904
0.0966904
0
0
0
0
0
0
0
0
0
0
0
0
0.0967071
0
0
0
0.0967071
0.0967071
0.0967071
0.0967071
0.0967071
0.0967071
0
0
0
0.0967071
0.0967406
0.0967406
0.0967406
0.0967071
0
0
0
0
0
0
0
0
0
0
0.0967071
0.0967071
0.0967071
0.0967071
0.0967071
0.0967071
0.0967071
0
0
0
0
0
0
0
0
0
0
0
0
0
0
0
0
0
0
0
0
0
0
0
0
0
0
0
0
0
0
0
0
0
0
0
0
0
0
0
0
0
0
0
0
0
0
0
0
0
0
0
0
0
0
0
0.104531
0.104531
0.104531
0.104531
0
0
0
0.113228
0.113174
0.109229
0.109229
0.109229
0
0
0
0
0
0.102339
0.102339
0.102339
0.102339
0.102339
0.102339
0.102339
0.102339
0.102339
0.102339
0.102339
0.102339
0.102339
0.102339
0.102339
0.102339
0
0.102339
0.143729
0.143729
0.143729
0.143729
0.143729
0
0
0
0
0
0
0
0
0
0.103407
0.170756
0.170756
0.173109
0.174371
0.103572
0
0.102339
0.102339
0
0
0
0.102339
0
0
0
0
0
0
0
0
0
0
0
0
0
0
0
0
0
0
0
0
0
0
0.102339
0.102339
0.102339
0.102339
0.102339
0.102339
0.102339
0
0.102339
0.102339
0
0
0
0
0
0
0
0
0
0
0
0
0
0
0
0
0
0
0
0
0
0
0
0
0
0
0
0
0
0
0
0
0
0
0
0
0.102339
0.0976934
0.0976934
0.0976934
0.0976934
0
0
0
0
0
0
0
0
0
0
0
0
0
0
0
0
0
0
0
0
0
0
0
0
0
0
0
0
0
0
0
0
0
0
0.0967071
0
0
0
0
0
0
0
0.103346
0.103346
0.103346
0
0
0
0
0
0
0
0
0
0
0
0
0
0.103305
0
0
0
0
0
0.0976934
0.0976934
0.0976934
0
0.0976934
0.0976934
0
0.0976934
0.0976934
0.0976934
0.0976934
0.0976934
0
0
0
0
0.108845
0.0976934
0
0.0976934
0
0
0
0.0976934
0.0976934
0
0
0
0
0
0.102339
0.102339
0.102339
0.102339
0.102339
0.102339
0.102339
0
0
0
0
0
0
0
0
0
0
0
0
0
0
0
0
0
0
0
0
0
0
0
0
0
0
0
0
0
0
0
0
0
0
0
0.103572
0
0.103592
0.102339
0.143729
0.143729
0.143729
0.142374
0.142374
0.142374
0.142374
0.142374
0.158777
0.158777
0.17982
0
0
0.161203
0.0967071
0.0967071
0.0967071
0.0967071
0.0967071
0.0967071
0.0967071
0.0967071
0.0967071
0.0967071
0.0967071
0.0967406
0.0967406
0
0.0967406
0.0967406
0.0967071
0.0967071
0.0967071
0.0967071
0.0967071
0.0967071
0.0967406
0.0967406
0.0967071
0
0
0
0
0
0
0
0
0.213741
0.213741
0.213741
0
0
0
0
0
0.213922
0
0.0967406
0.0970777
0
0.103757
0
0.103757
0.105736
0
0
0
0
0
0
0
0
0
0
0
0
0
0
0
0
0
0.0984092
0.0984092
0.0967071
0.0967071
0.0967071
0.0967071
0.0967071
0.0967071
0.0967071
0.0967071
0.0967071
0.0967071
0.0967071
0.0967071
0.0967071
0.0967071
0.0967071
0.0967071
0.0967071
0.0967071
0.0967071
0.0967071
0.0967071
0.0967071
0.0967071
0.0967071
0.0967071
0
0
0
0.0967071
0.0967071
0.0967071
0.0967071
0.0967071
0.0967071
0.0967071
0.0967071
0.0967071
0.0967406
0.0967406
0.0967406
0.0967406
0.0967406
0.0967406
0.0967406
0.0967406
0.0984092
0
0
0
0.0967406
0
0.22486
0
0.22507
0.231916
0.0967406
0
0.0967406
0
0.0967406
0.0967406
0.0967406
0.0967406
0.0967406
0.107624
0.0967406
0.0967406
0
0
0
0
0
0
0
0
0
0
0
0
0
0
0
0
0
0
0
0
0
0
0
0
0
0
0
0
0
0
0
0
0
0
0
0
0
0
0
0
0
0
0
0
0
0
0
0
0
0
0
0
0
0
0
0
0
0
0
0
0
0
0
0
0
0
0
0
0
0
0
0
0
0
0
0
0
0
0
0
0
0
0
0
0
0
0
0
0
0
0
0
0
0
0
0
0
0
0
0
0
0
0
0
0
0
0
0
0
0
0
0
0
0
0
0
0
0
0
0
0
0
0
0
0
0
0
0
0
0
0
0
0
0
0
0
0
0
0
0
0
0
0
0
0
0
0
0
0
0
0
0
0
0
0
0
0
0
0
0
0
0
0
0
0
0
0
0
0
0
0
0
0
0
0
0
0
0
0
0
0
0
0
0
0
0
0
0
0
0
0
0
0
0
0
0
0
0
0
0
0
0
0
0
0
0
0
0
0
0
0
0
0
0
0
0
0
0
0
0
0
0
0
0
0
0
0
0.09759
0
0
0
0
0
0
0
0
0
0
0.0982156
0
0
0
0
0
0
0
0
0
0
0
0
0
0
0
0
0
0
0.0971286
0.0971286
0
0
0
0
0
0
0
0
0
0
0
0
0
0
0
0
0
0
0
0
0
0
0
0
0
0
0
0
0
0
0
0
0
0
0
0
0
0
0.0976934
0.0976934
0.0976934
0
0
0
0
0
0
0
0
0
0
0
0
0
0
0
0
0
0
0
0
0
0
0
0
0
0
0
0
0
0
0
0
0.102299
0.102299
0.102299
0
0
0
0
0
0
0
0
0
0
0
0
0
0
0
0
0
0
0
0
0
0
0
0
0
0
0
0
0
0
0
0
0
0
0
0
0
0
0
0
0
0
0
0
0
0
0
0
0
0
0
0
0
0
0
0
0
0
0
0
0
0
0
0
0
0
0
0
0
0
0
0
0
0
0
0
0
0
0
0
0
0
0
0
0
0
0
0
0
0
0
0
0
0
0
0
0
0
0
0
0
0
0
0
0
0
0
0
0
0
0
0
0
0
0
0
0
0
0
0
0
0
0
0
0
0
0
0
0
0
0
0
0
0
0
0
0
0
0
0
0
0
0
0
0
0
0.165816
0
0.165816
0
0
0.322873
0.322873
0.322873
0.322873
0.322873
0.322873
0.0971286
0
0
0
0
0
0
0
0
0
0
0
0
0
0
0
0
0
0
0
0
0
0
0
0
0
0
0
0
0
0
0
0
0
0
0
0
0
0
0
0
0
0
0
0
0
0.0971286
0.0971286
0.0971286
0
0
0
0
0
0
0
0.0967071
0.0967071
0
0
0
0
0
0
0.0967742
0.0967742
0.0967742
0.0971286
0
0
0
0
0.0971286
0.0971286
0.0971286
0
0
0.101846
0.101846
0
0
0
0.0971286
0.0971286
0
0.0967071
0
0
0
0
0
0
0
0
0
0
0
0
0
0
0
0
0
0.0984268
0
0.0971286
0
0
0
0
0
0
0
0
0
0
0
0
0
0
0
0
0
0
0
0
0
0
0
0
0
0
0
0
0
0
0
0
0
0
0
0
0
0
0
0
0
0
0
0
0
0
0
0
0
0
0
0
0
0
0
0
0
0
0
0
0
0
0
0
0
0
0
0
0
0
0
0
0
0
0
0
0
0
0
0
0
0
0
0
0
0
0
0
0
0
0
0
0
0
0
0
0
0
0
0
0
0
0
0
0
0
0
0
0
0
0
0
0
0
0
0
0
0
0
0
0
0
0
0
0
0
0
0
0
0
0
0
0
0
0
0
0
0
0
0
0
0
0
0
0
0
0
0
0
0
0
0
0
0
0
0
0
0
0
0
0
0
0
0
0
0
0
0
0
0
0
0
0
0
0
0
0
0
0
0
0
0
0
0
0
0
0
0
0.0966904
0
0.0966904
0
0.0966904
0
0.0966904
0
0
0
0
0
0.0967071
0
0
0
0
0
0
0
0
0
0
0
0
0
0
0
0
0
0
0
0
0
0
0
0
0
0
0
0
0
0
0
0
0
0
0
0
0
0
0
0
0
0
0
0
0
0
0
0
0
0
0
0
0
0
0
0
0
0
0
0
0
0
0
0
0
0
0
0
0
0
0
0
0
0
0
0
0
0
0
0
0
0
0
0
0
0
0
0
0
0
0
0
0
0
0
0
0
0
0
0
0
0
0
0
0
0
0
0
0
0
0
0
0
0
0
0
0
0
0
0
0
0
0
0
0
0
0
0
0
0
0
0
0
0
0
0
0
0
0
0
0
0
0
0
0
0
0
0
0
0
0
0
0
0
0
0
0
0
0
0
0
0
0
0
0
0
0
0
0
0
0
0
0
0
0
0
0
0
0
0
0
0
0
0
0
0
0
0
0
0
0
0
0
0
0
0
0
0
0
0
0
0
0
0
0
0
0
0
0
0
0
0
0
0
0
0
0
0
0
0
0
0
0
0
0
0
0
0
0
0
0
0
0
0
0
0
0
0
0
0
0
0
0
0
0
0
0
0
0
0
0
0
0
0
0
0
0
0
0
0
0
0
0
0
0
0
0
0
0
0
0
0
0
0
0
0
0
0
0
0
0
0
0
0
0
0
0
0
0
0
0
0
0
0
0
0
0
0
0
0
0
0
0
0
0
0
0
0
0
0
0
0
0
0
0
0
0
0
0
0
0
0
0
0
0
0
0
0
0
0
0
0
0
0
0
0
0
0
0
0
0
0
0
0
0
0
0
0
0
0
0
0
0
0
0
0
0
0
0
0
0
0
0
0
0
0
0
0
0
0
0
0
0
0
0
0
0
0
0
0
0
0
0
0
0
0
0
0
0
0
0
0
0
0
0
0
0
0
0
0
0
0
0
0
0
0
0
0
0
0
0
0
0
0
0
0
0
0
0
0
0.0966904
0.0966904
0.0966904
0.0966904
0.0966904
0.0966904
0.0966904
0.0966904
0.0966904
0.0966904
0
0
0
0
0
0
0
0
0
0
0
0
0
0
0
0
0
0
0
0
0
0
0
0
0
0
0
0
0
0
0
0
0
0
0
0
0
0
0
0
0
0
0
0
0
0
0
0
0
0
0
0
0
0
0
0
0
0
0
0
0
0
0
0
0
0
0
0
0
0
0
0
0
0
0
0
0
0
0
0
0
0
0
0
0
0
0
0
0
0
0
0
0
0
0
0
0
0
0
0
0
0
0
0
0
0
0
0
0
0
0
0
0
0
0
0
0
0
0
0
0
0
0
0
0
0
0
0
0
0
0
0
0
0
0
0
0
0
0
0
0
0
0
0
0
0
0
0
0
0
0
0
0
0
0
0
0
0
0
0
0
0
0
0
0
0
0
0
0
0
0
0
0
0
0
0
0
0
0
0
0
0
0
0
0
0
0
0
0
0
0
0
0
0
0
0
0
0
0
0
0
0
0
0
0
0
0
0
0
0
0
0
0
0
0
0
0
0
0
0
0
0
0
0
0
0
0
0
0
0
0
0
0
0
0
0
0
0
0
0
0
0
0
0
0
0
0
0
0
0
0
0
0
0
0
0
0
0
0
0
0
0
0
0
0
0
0
0
0
0
0
0
0
0
0
0
0
0
0
0
0
0
0
0
0
0
0
0
0
0
0
0
0
0
0
0
0
0
0
0
0
0
0
0
0
0
0
0
0
0
0
0
0
0
0
0
0
0
0
0
0
0
0
0
0
0
0
0
0
0
0
0
0
0
0
0
0
0
0
0
0
0
0
0
0
0
0
0
0
0.178753
0
0.180253
0
0
0
0
0
0
0
0
0
0
0
0
0
0
0
0
0.101168
0
0
0
0
0
0
0
0
0
0
0.234023
0
0
0
0
0
0
0
0
0
0
0
0
0
0
0.0978666
0
0.0978666
0
0
0
0
0
0
0
0
0
0
0
0
0
0
0
0
0
0
0
0.0978666
0.0973499
0.0973499
0.0973499
0.0978319
0.0974355
0
0
0
0
0
0
0
0
0
0
0
0
0
0
0
0
0
0
0
0
0
0
0
0
0
0
0
0
0
0
0
0
0
0
0
0
0
0
0
0
0
0
0
0
0
0
0
0
0
0
0
0
0
0.0986039
0.0987462
0.0986572
0
0
0
0
0
0
0
0
0
0
0
0
0
0
0
0
0
0
0
0.5
0.5
0.5
0.0981105
0
0.0981105
0
0
0
0
0
0
0
0
0
0
0
0
0
0
0
0
0
0
0
0
0
0
0
0
0
0
0
0
0
0
0
0
0
0
0
0
0
0
0
0
0
0
0
0
0
0
0
0
0
0
0
0
0
0
0
0
0
0
0
0
0
0
0
0
0
0
0
0
0
0
0
0
0
0
0
0
0
0
0
0
0
0
0
0
0
0
0
0
0
0
0
0
0
0
0
0
0
0
0
0
0
0
0
0
0
0
0
0
0
0
0
0
0
0
0
0
0
0
0
0
0
0
0
0
0
0
0
0
0
0
0
0
0
0
0
0
0
0
0
0
0
0
0
0
0
0
0
0
0
0
0
0
0
0
0
0
0
0
0
0
0
0
0
0
0
0
0
0
0
0
0
0
0
0
0
0
0
0
0
0
0
0
0
0
0
0
0
0
0
0
0
0
0
0
0
0
0
0
0
0
0
0
0
0
0
0
0
0
0
0
0
0
0
0
0
0
0
0
0
0
0.0986572
0.0986572
0.0986572
0.102558
0.102558
0
0.181679
0
0.0986572
0.102458
0.102458
0.102458
0.102458
0.102458
0
0
0
0
0
0.0967574
0.0976589
0.0967574
0
0
0
0
0
0
0
0
0
0
0
0
0
0
0
0
0
0
0
0
0
0
0
0
0
0
0
0
0
0
0
0
0
0
0
0
0
0
0
0.0985861
0.0985861
0.0986216
0.0986216
0
0.0986216
0.164895
0.0986216
0
0.0986394
0
0.0986394
0.104341
0.1
0.12
0.102658
0
0.0998522
0.102798
0.102798
0.102798
0.108869
0.106825
0.164153
0.1083
0
0.269771
0
0.313911
0
0.362033
0.103675
0.424264
0.105496
0
0.105692
0
0.107601
0.102738
0.105474
0.104468
0
0
0
0
0
0
0.104468
0
0
0
0
0
0
0
0
0
0
0
0
0
0
0
0
0
0
0
0
0
0
0
0
0
0
0
0
0
0
0
0
0
0
0
0
0
0
0.0966904
0
0
0
0.0971286
0.0971286
0.0971286
0.0971286
0.0971286
0.0971286
0
0
0
0.0971286
0
0.0971286
0
0.0971286
0.0971286
0.0971286
0
0
0
0
0
0
0
0
0
0
0
0
0
0
0
0
0
0
0
0
0
0
0
0
0
0
0
0.0966904
0.0966904
0.0966904
0.0966904
0
0
0
0.0967071
0.0967071
0.0967071
0
0
0
0
0
0
0
0
0
0
0
0
0
0
0
0
0
0
0
0
0
0
0
0
0
0
0
0
0
0
0
0
0
0
0
0
0
0
0
0
0
0
0
0
0
0
0
0
0
0
0
0
0
0
0
0
0
0
0
0
0
0
0
0
0
0
0
0
0
0
0
0
0
0
0
0
0
0
0
0
0
0
0
0
0
0
0
0
0
0
0
0
0
0
0
0
0
0
0
0
0
0
0
0
0
0
0
0
0
0
0
0.100692
0.100692
0.100692
0.100692
0.100692
0.100692
0
0
0
0
0
0
0
0.102299
0.102299
0.102299
0.102299
0.102299
0
0
0
0
0.105279
0.105279
0
0.109472
0.102299
0.103572
0
0
0
0
0
0.103572
0.10226
0.10226
0
0
0.0967071
0.0967071
0.0967071
0.0967071
0
0.103985
0.0972646
0
0
0
0
0.103985
0
0.0967071
0.0967071
0.0967071
0.0967071
0.0967071
0
0.0966235
0.0966235
0.0966235
0.0967071
0.0967071
0.0967071
0.0967071
0.0967071
0.0967071
0.0967071
0.0967071
0.0967071
0.0967071
0.0967071
0
0
0
0
0.0967071
0.0967071
0.0967071
0.0967071
0.0967071
0
0
0
0
0
0
0
0
0
0
0
0
0
0
0.0967071
0.0967071
0.0967071
0.0967071
0.0966904
0.0966904
0.0966904
0.0966904
0.0966904
0.0967071
0.0967071
0.0967071
0.0967071
0.0967071
0.0967071
0.0967071
0
0
0
0
0
0
0
0
0
0
0
0
0
0
0
0
0
0
0
0.100806
0.100806
0.100806
0.100806
0.100806
0.100806
0
0.100806
0.100806
0
0
0
0
0.100806
0.100806
0.100806
0.100806
0.100806
0.100806
0
0.100806
0.100806
0.100806
0.100806
0.100806
0.100806
0.100806
0.101983
0.100806
0.100806
0.100806
0.100806
0.100863
0.100806
0
0
0
0
0
0
0
0
0
0
0
0
0
0
0
0
0
0
0
0
0
0
0
0
0
0
0
0
0
0
0
0
0
0
0
0
0
0
0
0
0
0
0
0
0
0
0
0
0
0
0
0
0
0
0
0.102339
0.102339
0.102339
0.102339
0.102339
0.102339
0.102339
0.541736
0.102339
0.102339
0.102339
0
0
0
0
0
0
0
0
0
0.102339
0.102339
0.102339
0.102339
0.102339
0.102339
0.102339
0.102339
0.102339
0.102339
0.102339
0.102339
0.102339
0
0
0
0.102339
0.102339
0.102339
0.102339
0.102339
0.102339
0.102339
0.102339
0
0.102339
0.102339
0.102339
0.102339
0.102339
0.102339
0.102339
0.102339
0.102339
0.102339
0.102339
0.102339
0.102339
0
0
0
0
0
0
0
0
0
0
0
0
0
0
0
0
0
0
0
0
0
0
0
0
0
0
0
0
0
0
0
0
0
0
0
0
0
0
0
0
0
0
0
0
0
0
0
0
0
0
0
0
0
0
0
0
0
0
0
0
0
0
0
0
0
0
0
0
0
0
0
0
0
0
0
0
0
0
0
0
0
0
0
0
0
0
0
0
0
0
0
0
0
0
0
0
0
0
0
0
0
0
0
0
0
0
0
0
0
0
0
0
0
0
0
0
0
0
0
0
0
0
0
0
0
0
0
0
0
0
0
0
0
0
0
0
0
0
0
0
0
0
0
0
0
0
0
0
0
0
0
0
0
0
0
0
0
0
0
0
0
0
0
0
0
0
0
0
0
0
0
0
0
0
0
0
0
0
0
0
0
0
0
0
0
0
0
0
0
0
0
0
0
0
0
0
0
0
0
0
0
0
0
0
0
0
0
0
0
0
0
0
0
0
0
0
0
0
0
0
0
0
0
0
0
0
0
0
0
0
0
0
0
0
0
0
0
0
0
0
0
0
0.0967071
0.0967071
0.0967071
0.0967071
0.0967071
0.0967071
0.0967071
0.0967071
0.0967071
0.0967071
0.0967071
0.0967071
0.0967071
0.0967071
0.0967071
0.0967071
0.0967071
0.0967071
0.0967071
0.0967071
0.0967071
0.0967071
0.0967071
0.0967071
0.0967071
0.0967071
0.0967071
0.0967071
0.0967071
0.0967071
0.0967071
0
0
0
0
0
0
0
0
0
0
0
0
0
0
0
0
0
0
0
0
0
0
0
0
0
0
0
0
0
0
0
0
0
0
0
0
0
0
0
0
0
0
0
0
0
0
0
0
0
0
0
0
0
0
0
0
0
0
0
0
0
0
0
0
0
0
0
0
0
0
0
0
0
0
0
0
0
0
0
0
0
0
0
0
0
0
0
0
0
0
0
0
0
0
0
0
0
0
0
0
0
0
0
0
0
0
0
0
0
0
0
0
0
0
0
0
0
0
0
0
0
0
0
0
0
0
0
0
0
0
0
0
0
0
0
0
0
0
0
0
0
0
0
0
0
0
0
0
0
0
0
0
0
0
0
0
0
0
0
0
0
0
0
0
0
0
0
0
0
0
0
0
0
0
0
0
0
0
0
0
0
0
0
0
0
0
0
0
0
0
0
0
0
0
0
0
0
0
0
0
0
0
0
0
0
0
0
0
0
0
0
0
0
0
0
0
0
0
0
0
0
0
0
0
0
0
0
0
0
0
0
0
0
0
0
0
0
0
0
0
0
0
0
0
0
0
0
0
0
0
0
0
0
0
0
0
0
0
0
0
0
0
0
0
0
0
0
0
0
0
0
0
0
0
0
0
0
0
0
0
0
0
0
0
0
0
0
0
0
0
0
0
0
0
0
0
0
0
0
0
0
0
0
0
0
0
0
0
0
0
0
0
0
0
0
0
0
0
0
0
0
0
0
0
0
0
0
0
0
0
0
0
0
0
0
0
0
0
0
0
0
0
0
0
0
0
0
0
0
0
0
0
0
0
0
0
0
0
0
0
0
0
0
0
0
0
0
0
0
0
0
0
0
0
0
0
0
0
0
0
0
0
0
0
0
0
0
0
0
0
0
0
0
0
0
0
0
0
0
0
0
0
0
0
0
0
0
0
0
0
0
0
0
0
0
0
0
0
0
0
0
0
0
0
0
0
0
0
0
0
0
0
0
0
0
0
0
0
0
0
0
0
0
0
0
0
0
0
0
0
0
0
0
0
0
0
0
0
0
0
0
0
0
0
0
0
0
0
0
0
0
0
0
0
0
0
0
0
0
0
0
0
0
0
0
0
0
0
0
0
0
0
0
0
0
0
0
0
0
0
0
0
0
0
0
0
0
0
0
0
0
0
0
0
0
0
0
0
0
0
0
0
0
0
0
0
0
0
0
0
0
0
0
0
0
0
0
0
0
0
0
0
0
0
0
0
0
0
0
0
0
0
0
0
0
0
0
0
0
0
0
0
0
0
0
0
0
0
0
0
0
0
0
0
0
0
0
0
0
0
0
0
0
0
0
0
0
0
0
0.102339
0.102339
0.102299
0.102299
0.102299
0.102299
0.102299
0.102299
0.102299
0.102299
0.102299
0.102299
0.0967071
0.0967071
0.0967071
0.0967071
0.0967071
0.0967071
0.0967071
0.0967071
0.102339
0.102339
0.102339
0.102339
0.102339
0.102339
0.102339
0.102339
0.102339
0.103861
0.103861
0.103861
0.103861
0.102339
0.102339
0.102339
0.113362
0.113362
0.113362
0.113362
0.113362
0.165061
0.113362
0.102339
0.102339
0.102339
0
0
0
0
0
0
0
0
0
0
0
0
0
0
0
0
0
0
0
0
0
0
0
0
0.102299
0.102299
0.102299
0.102299
0.102299
0.102299
0.102299
0.102299
0.102299
0.102299
0.102299
0.102299
0.102299
0.102299
0.102299
0.102299
0.102299
0.102299
0.102299
0.102299
0.102299
0.102299
0.102299
0.102299
0.102299
0.102299
0.102299
0.102299
0.103285
0.103633
0
0.103861
0.102339
0
0
0
0
0.102003
0.102003
0.102003
0.102003
0.102003
0.102003
0.102003
0
0
0.0976934
0.0976934
0.0976934
0.0976934
0.0976934
0.0976934
0.0976934
0.0976934
0.0976934
0.0976934
0.0976934
0.0976934
0.0976934
0.0976934
0.0976934
0.0976934
0.0976934
0.0976934
0.0976934
0.0976934
0.0976934
0.0976934
0.0976934
0.0976934
0.0976934
0.0976934
0.0976934
0.0976934
0.0976934
0.0976934
0.0976934
0.0976934
0.0976934
0.0976934
0.0976934
0.0976934
0.0976934
0.0976934
0.0976934
0.0976934
0.0976934
0.0976934
0.0976934
0.0976934
0.0976934
0.0976934
0.0976934
0.0976934
0.0976934
0.0976934
0.0976934
0.0976934
0.0976934
0.0976934
0.0976934
0.0976934
0
0
0
0
0
0
0
0
0
0
0
0
0
0
0
0
0
0
0
0
0
0
0
0
0
0
0
0
0
0
0
0
0.102339
0.102339
0.102339
0.102339
0.102339
0.102339
0
0
0.102339
0
0
0
0
0
0
0
0
0
0
0
0
0
0
0
0
0.102339
0.102339
0.102339
0.102339
0.102339
0.102339
0.102339
0.102339
0.102339
0.102919
0.102919
0.102339
0.102919
0.102919
0.102339
0.102339
0.102339
0.102339
0.102339
0.102339
0.102339
0.102538
0.102538
0.102339
0.102339
0.102339
0.102339
0.102339
0.102339
0.109229
0.102339
0.102339
0.102339
0.102339
0.102339
0
0
0
0.103861
0.113362
0.103861
0.108489
0
0
0
0
0
0.127228
0.127228
0
0
0.102339
0
0
0
0
0.102339
0.102339
0
0
0
0
0
0
0
0
0
0
0
0
0.196116
0.196116
0
0
0
0.197243
0.102339
0.196116
0.196116
0.196116
0
0
0
0
0
0
0
0
0
0
0
0.196116
0.196116
0.196116
0.196116
0.196116
0
0
0.196116
0.213021
0.196116
0.196116
0.196116
0.196116
0
0
0
0
0
0
0
0
0
0
0
0
0
0
0
0.196116
0.106288
0.106288
0.106288
0
0
0
0
0
0.106288
0.102839
0.102839
0.102839
0
0
0
0
0.127228
0.127228
0.127228
0
0
0
0
0
0.127535
0.127535
0.127228
0.103861
0.103861
0.103861
0.103861
0.103861
0.103861
0.103861
0.109229
0.103861
0.127228
0.127228
0.127228
0.166838
0.127228
0.127228
0
0
0
0
0
0.103633
0.103633
0
0
0
0
0
0
0
0.103633
0.103633
0.103633
0.103633
0.103633
0.103633
0.103633
0
0
0
0
0
0.103633
0.103675
0.103675
0.103675
0.103675
0.103675
0.103675
0
0
0
0
0
0.103675
0.103675
0
0.103675
0.103675
0.103675
0
0
0.103778
0
0
0.103675
0.103778
0.103675
0.103633
0
0
0
0
0
0
0
0
0
0
0
0
0
0
0
0
0
0
0
0
0
0
0
0
0
0
0
0
0
0
0
0
0
0.103613
0.103613
0.103572
0.103572
0.103613
0
0.103572
0.103572
0.10353
0.10353
0.10353
0.10353
0.10353
0
0
0
0.10353
0.10353
0.10353
0.10353
0
0
0
0.103551
0.105042
0.103551
0.103551
0
0
0
0
0.10353
0.10353
0.105605
0.109593
0.109593
0.109593
0.109593
0.109593
0.109593
0
0.109593
0.109593
0
0.10353
0
0
0
0
0.10353
0
0
0
0
0.10353
0
0
0
0
0
0
0
0
0.104658
0
0.105215
0
0.141056
0
0
0
0
0
0
0
0
0
0
0
0
0
0
0
0
0
0.143237
0
0
0
0
0
0
0
0
0
0
0
0
0
0
0
0
0
0
0
0
0
0
0
0
0
0
0
0
0
0
0
0
0
0
0
0
0
0
0
0
0
0
0
0
0
0
0
0
0
0
0
0
0
0
0
0
0
0
0
0
0
0
0
0
0
0
0
0
0
0
0
0
0
0
0
0
0
0
0
0
0
0
0
0
0
0
0
0
0
0
0
0
0
0
0
0
0
0
0
0
0
0
0
0
0
0
0
0
0
0
0
0
0
0
0
0
0
0.102339
0
0
0
0
0
0
0
0
0
0
0
0
0
0
0
0.102339
0
0
0
0
0
0
0
0
0
0
0
0
0
0
0
0
0
0
0
0
0
0
0
0
0
0
0
0
0
0
0
0
0
0
0
0
0
0
0
0
0
0
0
0
0
0
0
0
0
0
0
0
0
0
0
0
0
0
0
0
0
0
0
0
0
0
0
0
0
0
0
0
0
0
0
0
0
0
0
0
0
0
0
0.0976934
0.0976934
0.0976934
0.0976934
0.0976934
0.0976934
0.0976934
0.0976934
0.0976934
0.0976934
0.0976934
0.0976934
0
0
0
0
0
0
0
0
0
0
0
0
0
0
0
0
0
0
0
0
0
0
0
0.103305
0.334021
0
0
0
0
0
0
0
0
0
0
0
0
0
0
0
0
0
0
0
0
0
0
0
0
0
0
0.103305
0
0.103305
0.103305
0.103305
0
0.103305
0.103305
0
0
0
0
0
0
0
0
0
0
0
0
0
0
0
0
0
0
0
0
0
0
0
0
0
0
0
0
0
0
0
0
0
0
0
0
0.464758
0
0.83205
0.83205
0.83205
0.83205
0.83205
0.83205
0.83205
0.83205
0.83205
0.83205
0.83205
0
0
0
0
0
0
0
0
0
0
0.83205
0.83205
0.83205
0
0.0976934
0.0976934
0
0
0.0976934
0.0976934
0.0976934
0.0976934
0.0976934
0.0976934
0.101535
0.101535
0
0.0976934
0.0976934
0
0.0976934
0
0.0976934
0
0.0976934
0.0976934
0.0976934
0
0
0
0
0
0.0976934
0
0
0
0
0.0976934
0
0.0976934
0.0976934
0.0976934
0.0976934
0
0.0976934
0.0976934
0.0976934
0.0976934
0.0976934
0.0976934
0.0976934
0.0976934
0
0.0976934
0.102339
0.102339
0.102339
0.102339
0.102339
0.104173
0.104173
0.102339
0
0
0
0
0
0
0
0
0
0
0
0
0
0.0976934
0.0976934
0.0976934
0.0976934
0.0976934
0.0976934
0.0976934
0.0976934
0.0976934
0.0976934
0.0976934
0.0976934
0.0976934
0.0976934
0
0
0
0
0
0
0
0
0
0
0
0.0976934
0.0976934
0
0.0976934
0
0
0
0
0
0
0
0
0
0
0
0.103799
0
0
0
0
0
0
0
0
0
0
0
0
0
0
0
0
0.0976934
0.109399
0.10952
0.10952
0
0
0
0
0
0
0.0976934
0.0976934
0.0976934
0
0.0976934
0.0976934
0.0976934
0.0976934
0.0976934
0.0976934
0.0976934
0.0976934
0.0976934
0
0.0976934
0
0.0976934
0.0976934
0.0976934
0.0976934
0.0976934
0
0.0976934
0.0976934
0.0976934
0.0976934
0.0976934
0
0
0
0
0.0976934
0
0.0976934
0
0
0
0
0
0
0
0
0
0
0
0
0
0
0
0
0
0
0
0.109569
0
0
0.109569
0.109569
0
0
0
0
0
0
0
0
0
0
0
0
0.0976934
0
0
0
0
0
0
0
0
0
0
0
0
0
0
0
0
0
0
0
0
0
0
0
0
0
0
0
0
0
0
0
0
0
0
0
0
0
0
0
0
0
0
0
0
0
0
0
0
0
0
0
0
0
0
0
0
0
0
0
0
0
0
0
0
0
0
0
0
0
0
0
0
0
0
0
0
0
0
0
0
0
0
0
0
0
0.0976934
0.0976934
0.0976934
0.0976934
0.0976934
0
0
0
0
0
0
0
0
0
0
0
0
0
0
0
0
0
0
0.107052
0.107052
0
0.107166
0.10856
0.10856
0
0
0
0
0
0
0
0
0
0
0
0
0
0
0
0
0
0
0
0
0
0
0
0
0
0
0
0
0
0
0
0
0
0
0
0
0
0
0
0
0
0
0
0
0
0
0
0
0
0
0
0
0
0
0
0
0
0
0
0
0
0
0.0976934
0.0976934
0.0976934
0.0976934
0.0976934
0.103861
0
0
0
0
0
0
0.0976934
0.0976934
0.0976934
0.0976934
0
0
0
0
0
0
0
0
0
0
0
0
0.0976934
0
0.102339
0.102339
0.102339
0.102339
0.102339
0.102339
0.102339
0.102339
0.102339
0.102339
0.102339
0.102339
0
0
0
0
0.102339
0
0.102339
0.102339
0.102339
0.102339
0
0
0
0
0
0
0
0
0
0
0
0
0
0
0
0
0
0
0
0
0
0
0
0
0
0
0.0976934
0
0
0
0
0
0
0
0
0
0
0
0
0
0
0
0
0
0
0
0
0
0
0
0
0
0
0
0
0
0
0
0
0
0
0
0
0
0
0
0
0
0
0
0
0
0
0
0
0
0
0
0
0
0
0
0
0
0
0
0
0
0
0
0
0
0
0
0
0
0
0
0
0
0
0
0
0
0
0
0
0
0
0
0
0
0
0
0
0
0
0
0
0
0
0
0
0
0
0
0
0
0
0
0
0
0
0
0
0
0
0
0
0
0
0
0
0
0
0
0
0
0
0
0
0
0
0
0
0
0
0
0.0967406
0.0967406
0.0967406
0.0967406
0.0967406
0.0967406
0
0
0
0
0
0
0
0
0
0
0
0
0
0
0
0
0
0
0
0
0
0
0
0
0.0967406
0.0967406
0
0
0
0
0
0
0
0
0
0
0
0
0
0
0
0
0
0
0
0
0
0
0
0
0
0
0
0
0
0
0
0
0
0.0967406
0.0967406
0.0967406
0.0967406
0.0967406
0.0967406
0
0
0
0
0
0
0
0
0
0
0
0.0971286
0
0.09759
0
0
0
0
0.097367
0.097367
0
0
0
0.097367
0
0
0
0
0
0
0
0
0
0
0
0
0
0.0967071
0.0967071
0.0967071
0.0967071
0.0967071
0.0967071
0
0
0
0
0
0
0
0
0
0
0
0
0
0
0
0
0
0
0
0
0
0
0
0
0
0
0
0
0
0
0
0
0
0
0
0
0
0
0
0
0
0
0
0
0
0
0
0
0
0
0
0
0
0
0
0
0
0
0
0
0.103675
0.103675
0.103675
0.103675
0.103675
0.103675
0.103675
0.103675
0.103675
0.103675
0.103675
0.103675
0.103675
0.103675
0.103675
0.103675
0.103675
0.103675
0.103675
0.103675
0.103675
0.0967071
0.0967071
0.0967071
0.0967071
0.0967071
0.0967071
0.0967071
0.0967071
0.0967071
0.0967071
0.0967071
0.103675
0.103902
0.103675
0.103675
0.103675
0
0
0
0
0
0
0
0
0
0
0
0
0
0
0
0
0
0
0
0
0
0
0
0
0
0.103675
0
0
0.103675
0
0.103675
0.103675
0.106825
0.106825
0.106825
0
0
0
0
0
0
0.106825
0.109569
0.109569
0
0
0
0
0
0
0.106825
0
0
0
0
0
0
0.103675
0
0
0
0
0
0
0.103675
0.103675
0
0.103675
0
0
0.103675
0
0
0
0
0
0.103675
0
0
0
0.103675
0.103675
0
0.103675
0.103675
0.103675
0.103675
0.103675
0.103675
0.112667
0.112667
0.112667
0.112667
0.112667
0.112667
0.115584
0
0
0
0
0
0.112667
0
0
0
0.112667
0.112667
0
0.112667
0.103675
0.103861
0
0
0.103675
0
0.103675
0
0
0.103675
0.103675
0.112667
0
0.11288
0.11288
0.112667
0
0.1128
0.1128
0.103675
0.106825
0.106825
0.103675
0.112667
0.112667
0
0
0
0.11296
0
0
0
0.113497
0
0
0
0
0.112667
0.103675
0.104048
0.127688
0.127688
0.103675
0
0.103675
0
0.103675
0.109961
0.106044
0
0
0
0
0.106444
0.106444
0.103675
0.109569
0.103675
0
0.103675
0.103675
0.10384
0
0.10384
0.109961
0.109961
0.109961
0
0
0
0
0
0
0
0
0.110257
0.110257
0
0.110257
0
0
0
0
0
0.109862
0.109862
0
0
0
0
0.111111
0
0
0
0
0
0
0
0
0
0
0
0
0
0.0976934
0.0976934
0.0976934
0.0976934
0.0976934
0
0.0976934
0.0976934
0.0976934
0.0976934
0
0.0976934
0.0976934
0.0976934
0.0976934
0
0.0976934
0.0976934
0.0976934
0.0976934
0
0
0
0
0
0
0
0
0.0976934
0.0976934
0.0976934
0.0976934
0.0976934
0.0976934
0.0976934
0.0976934
0.0976934
0
0
0.0976934
0.0976934
0.0976934
0.0976934
0.0976934
0.0976934
0.0976934
0.0976934
0.0976934
0.0976934
0.0976934
0.0976934
0.0976934
0.0976934
0.0976934
0.0976934
0.0976934
0.0976934
0
0
0
0.102299
0
0.0976934
0.0976934
0.0976934
0.0976934
0.0976934
0.0976934
0.0976934
0.0976934
0.0976934
0.0976934
0.0976934
0.0976934
0.0976934
0.0976934
0.0976934
0.0976934
0.0976934
0.0976934
0.0976934
0.0976934
0.0976934
0.0976934
0.0976934
0.0976934
0.0976934
0.0976934
0.0976934
0.0976934
0.0976934
0.0976934
0.0976934
0.0976934
0.0976934
0.0976934
0.0976934
0.0976934
0.0976934
0.0976934
0.0976934
0.0976934
0.0976934
0.0976934
0.0976934
0.0976934
0.0976934
0.0976934
0.0976934
0.0976934
0.0976934
0.0976934
0.0976934
0.0976934
0.0976934
0.0976934
0.0976934
0.0976934
0.0976934
0.0976934
0.0976934
0.0976934
0.0976934
0.0976934
0.0976934
0.0976934
0.0976934
0.0976934
0.0976934
0.0976934
0.0976934
0.0976934
0.0976934
0.0976934
0.0976934
0.0976934
0.0976934
0.0976934
0.0976934
0.0976934
0.0976934
0.0976934
0.0976934
0.0976934
0.0976934
0.0976934
0.0976934
0.0976934
0.0976934
0.0976934
0.0976934
0.0976934
0.0976934
0.0976934
0.0976934
0.0976934
0.0976934
0.0976934
0.0976934
0.0976934
0.0976934
0.0976934
0.0976934
0.0976934
0.0976934
0.0976934
0.0976934
0.0976934
0.0976934
0.0976934
0.0976934
0.0976934
0.0976934
0.0976934
0.0976934
0.0976934
0.0976934
0.0976934
0.0976934
0.0976934
0.0976934
0.0976934
0.0976934
0.0976934
0.0976934
0.0976934
0.0976934
0.0976934
0.0976934
0.0976934
0.0976934
0.0976934
0.0976934
0.0976934
0.0976934
0.0976934
0.0976934
0.0976934
0.0976934
0.0976934
0.0976934
0.0976934
0.0976934
0.0976934
0.0976934
0.0976934
0.0976934
0.0976934
0.0976934
0.0976934
0.0976934
0.0976934
0.0976934
0.0976934
0.0976934
0.0976934
0.0976934
0.0976934
0.0976934
0.0976934
0.0976934
0.0976934
0.0976934
0.0976934
0.0976934
0.0976934
0
0
0.0976934
0.0976934
0.0976934
0.0976934
0.0976934
0.0976934
0.0976934
0.0976934
0.0976934
0.0976934
0.0976934
0.0976934
0.0976934
0.0976934
0.0976934
0.0976934
0.0976934
0.0976934
0.0976934
0
0.196256
0
0
0
0.0976934
0
0
0
0
0
0
0
0
0
0
0
0
0
0
0
0
0
0
0
0
0
0
0
0
0
0
0
0
0
0
0
0
0
0
0
0
0
0
0
0
0
0
0
0
0
0
0
0
0
0
0
0
0
0
0
0
0
0
0
0
0
0
0
0.102062
0
0.102062
0.0976934
0.0976934
0.0976934
0.109545
0.109545
0
0
0
0.109545
0
0
0
0.102339
0
0
0.102339
0.102339
0.102339
0.102339
0.102339
0
0
0
0
0.102339
0.0976934
0.0976934
0
0
0
0
0.0976934
0.0976934
0.0976934
0.0976934
0.102299
0.102299
0.102299
0.102299
0
0.0976934
0.0976934
0
0
0
0.0976934
0
0
0
0
0
0
0
0.0976934
0.0976934
0.0976934
0.0976934
0.0976934
0.0976934
0.0976934
0.0976934
0.0976934
0.0976934
0.0976934
0.0976934
0.0976934
0
0
0
0.0976934
0
0
0
0
0.981981
0
0.209359
0.209359
0.209359
0
0
0
0
0
0
0
0
0
0.109961
0
0
0
0
0
0
0.109229
0
0
0
0.109229
0
0
0
0
0
0
0
0.109229
0.981981
0
0
0
0
0
0
0
0
0
0.343371
0.343371
0.343371
0.343371
0.343371
0
0
0.109545
0.109545
0
0.109545
0
0
0
0
0
0
0
0
0.113497
0
0
0
0
0
0
0
0
0
0
0
0
0
0
0
0
0
0
0
0
0
0
0
0
0
0
0
0
0
0
0.981981
0.981981
0.981981
0.981981
0.981981
0.981981
1
1
0.981981
0.981981
0
0.981981
0.981981
1
0
0.981981
0
0.981981
0.981981
0.106825
0.106825
0.106825
0.103675
0.103675
0.103675
0
0
0
0
0
0
0
0
0
0.0967071
0.0967071
0.0967071
0.0967071
0.0967071
0.0967071
0.0967071
0.0967071
0.0967071
0.0967071
0.0967071
0.0967071
0.0967071
0.0967071
0.0967071
0.0967071
0.0967071
0.0967071
0.0967071
0.0967071
0.0967071
0.0967071
0.0967071
0.0967071
0
0
0
0
0.0967071
0
0
0
0
0
0
0
0
0
0
0
0
0
0
0
0
0
0
0
0
0
0
0
0
0
0
0.0969931
0.0969931
0.0969931
0.0969931
0.0969931
0.0969931
0
0.0969931
0.0969931
0
0
0
0
0
0
0
0
0
0
0
0
0
0
0
0
0
0.0971286
0
0
0.0969931
0.0969931
0
0.0969931
0.0969931
0
0
0.0971286
0.100996
0.0971286
0.0971286
0
0
0
0
0
0
0
0
0
0
0
0
0
0
0
0
0
0
0
0
0
0
0
0
0
0
0
0
0
0
0
0
0
0
0
0
0
0
0
0
0
0
0
0
0
0
0
0
0
0
0
0
0
0
0
0
0.0969931
0
0
0
0
0
0.0969931
0.0969931
0.0969931
0.0969931
0.0969931
0
0
0
0
0
0
0.0969931
0
0
0
0
0
0
0
0
0
0
0
0
0
0
0
0
0
0
0
0
0
0
0
0
0
0
0
0
0
0
0
0
0
0
0
0
0
0
0
0
0
0
0
0
0
0
0
0
0
0
0
0
0
0
0
0
0
0
0
0
0
0
0
0
0
0
0
0
0
0
0
0
0
0
0
0
0
0
0
0
0
0
0
0.100863
0.102339
0.102339
0.102339
0.102339
0
0
0
0
0
0
0
0
0.0967071
0.0967071
0
0
0
0
0
0
0
0
0
0
0
0
0
0.0978319
0.102339
0
0
0
0
0
0
0
0
0
0
0
0
0
0
0
0
0
0
0
0
0
0
0
0
0
0
0
0
0
0
0
0
0
0
0
0
0
0
0
0
0
0
0
0
0
0
0
0
0
0
0
0
0
0
0
0
0
0
0
0
0
0
0
0
0.102339
0
0
0
0
0
0
0
0
0
0
0
0
0
0
0
0
0.102339
0.102339
0.102339
0.102339
0.102339
0.102339
0.102339
0.102339
0.102339
0
0
0
0
0
0
0
0
0
0
0
0
0
0
0
0
0
0
0
0
0
0
0
0
0
0
0
0
0
0
0
0
0
0
0
0
0
0
0
0
0
0
0
0
0
0
0
0
0
0
0
0
0
0
0
0
0
0
0
0
0.0976934
0.0976934
0.0976934
0.0976934
0
0
0
0
0
0
0
0
0
0
0
0
0
0
0
0
0
0
0
0
0
0
0
0
0
0
0
0
0
0
0
0
0
0
0
0
0
0
0
0
0
0
0
0
0
0
0
0
0
0
0
0
0
0
0
0
0
0
0
0
0
0
0
0
0
0
0
0
0
0
0
0
0
0
0
0
0
0
0
0
0
0
0
0
0
0
0
0
0
0
0
0
0
0
0
0
0
0
0
0
0
0
0
0
0
0
0
0
0
0
0
0
0
0
0
0
0
0
0
0
0
0
0
0
0
0
0
0
0
0
0
0
0
0
0
0
0
0
0
0
0
0
0
0
0
0
0
0
0
0
0
0
0
0
0
0
0
0
0
0
0
0
0
0
0
0
0
0
0
0
0
0
0
0
0
0
0
0
0
0
0
0
0
0
0
0
0
0
0
0
0
0
0
0.105627
0.105627
0.105627
0.105627
0.105627
0.105627
0.105627
0.105627
0.105627
0
0
0
0.105627
0
0
0
0
0
0
0
0
0
0
0
0
0
0
0
0
0
0
0
0
0
0
0
0
0
0
0
0
0
0
0.102339
0
0
0
0.102339
0.102339
0.102339
0.102339
0.102339
0.102339
0.102339
0
0
0
0
0
0
0
0
0
0
0
0
0
0
0
0
0
0
0
0
0
0
0
0
0
0
0
0
0
0
0
0
0
0
0
0
0
0
0
0
0
0
0
0
0
0
0
0
0
0
0
0
0
0
0
0
0
0
0
0
0
0
0
0
0
0
0
0
0
0
0
0
0
0
0
0
0
0
0
0
0
0
0
0
0
0
0
0
0
0
0
0
0
0
0
0
0
0
0
0
0
0
0
0
0
0
0
0
0
0
0
0
0
0
0
0
0
0
0
0
0
0
0
0
0
0
0
0
0
0
0
0
0
0
0
0
0
0
0
0
0
0
0
0
0
0
0
0
0
0
0
0
0
0
0
0
0
0
0
0
0
0
0
0
0
0
0
0
0
0
0
0
0
0
0
0
0
0
0
0
0
0
0
0
0
0
0
0
0
0
0.102339
0
0
0
0
0
0
0
0
0
0
0
0
0
0
0
0
0
0
0
0
0
0
0
0
0
0
0
0
0
0
0
0
0.102339
0
0
0
0
0
0
0
0
0
0
0
0
0
0
0
0
0
0
0
0
0
0
0
0
0
0
0
0
0
0
0
0
0
0
0
0
0
0
0
0
0
0
0
0
0
0
0
0
0
0
0
0
0
0
0
0
0
0.102339
0
0.102339
0
0
0
0.102339
0
0
0
0
0
0
0
0
0
0
0
0
0
0
0
0
0
0
0
0
0
0
0
0
0
0
0
0
0
0
0
0
0
0
0
0
0
0
0
0
0
0
0
0
0
0
0
0
0
0
0
0.0967406
0.0967406
0.0967406
0.0967406
0.0967406
0.0967406
0.0967406
0
0
0
0
0
0
0
0
0
0
0
0
0
0
0
0
0
0
0
0
0
0
0
0
0
0
0
0
0.0967406
0.0967406
0.0967406
0.0967071
0
0
0
0
0
0
0
0
0
0
0.0967071
0.0967071
0.0967071
0.0967071
0
0
0
0
0
0
0
0
0
0
0
0
0.0967071
0
0
0
0
0
0
0
0
0
0
0
0
0
0
0
0
0
0
0
0
0
0
0
0
0
0
0
0
0
0
0
0
0
0
0
0
0
0
0
0
0
0
0
0
0
0
0
0
0
0
0
0
0
0
0
0
0
0
0
0
0
0
0
0
0
0
0
0
0.0967071
0
0
0
0
0
0
0
0
0
0
0.0971286
0.0971286
0.0971286
0.0971286
0.184057
0.0971286
0.0971286
0
0
0.0986572
0.0986572
0.0971286
0.184057
0.184057
0.184057
0
0
0.184057
0
0
0
0
0
0
0
0.0986572
0.0986572
0
0
0
0.0986572
0
0
0
0
0.0986572
0.0986572
0.0986572
0.0986572
0.10678
0.10678
0.10678
0
0.10678
0
0.10678
0.0986572
0
0
0
0
0
0
0
0
0
0
0
0
0
0.0967071
0.0967071
0.0967071
0.0967071
0.0967071
0.0967071
0.0967071
0.0967071
0.0967071
0
0
0
0
0
0
0
0
0
0
0
0
0
0
0
0
0
0
0
0
0
0
0
0
0
0
0
0
0
0
0
0
0
0
0
0
0
0
0
0
0
0
0
0
0
0
0
0
0
0
0
0
0
0
0
0
0
0
0
0
0
0
0
0
0
0
0
0
0
0
0
0
0
0
0
0
0
0
0
0
0
0
0
0
0
0
0
0
0
0
0
0
0
0
0
0
0
0
0
0
0
0
0
0
0
0
0
0
0
0
0
0
0
0
0
0
0
0
0
0
0
0
0
0
0
0
0
0
0
0
0
0
0
0
0
0
0
0
0
0
0
0
0
0
0
0
0
0
0
0
0
0
0
0
0
0
0
0
0
0
0
0
0
0
0
0
0
0
0
0
0
0
0
0
0
0
0
0
0
0
0
0
0
0
0
0
0
0
0
0
0
0
0
0
0
0
0
0
0
0
0
0
0
0
0
0
0
0
0
0
0
0
0
0
0
0
0
0
0
0
0
0
0
0
0
0
0
0
0
0
0
0
0
0
0
0
0
0
0
0
0
0
0
0
0
0
0
0
0
0
0
0
0
0
0
0
0.0971286
0
0
0
0
0
0
0
0
0
0.0967071
0.0967071
0.0967071
0.0967071
0.0967071
0.0967071
0.0967071
0.0967071
0.0967071
0
0
0
0
0
0
0
0
0
0
0
0
0
0
0
0
0
0
0
0
0
0
0
0
0
0
0
0
0
0
0
0
0
0
0
0
0
0
0
0
0
0
0
0
0
0
0
0
0
0
0
0
0
0
0
0
0
0
0
0
0
0
0.102339
0.102339
0.102339
0.102339
0.102339
0.102339
0.102339
0.102339
0.102339
0.102339
0.182574
0.182574
0
0.18314
0.18314
0.102339
0.102339
0.102339
0.102339
0.102339
0.102339
0.102339
0.102339
0
0.102339
0.102339
0.102339
0.102339
0.102339
0.102339
0.102339
0.102339
0.102339
0.102339
0.102339
0.102339
0.102339
0
0
0
0
0
0
0
0
0
0
0
0
0
0
0
0
0
0
0
0
0
0
0
0
0
0
0
0
0
0
0
0.102339
0.102339
0.102339
0.102339
0
0
0.103061
0.103061
0
0
0
0
0
0
0
0
0.196116
0.196116
0
0
0.225494
0.225494
0
0
0
0
0
0
0
0
0
0
0
0
0
0
0
0
0
0
0
0
0
0
0
0
0
0
0.105085
0.105085
0
0
0
0
0
0.127152
0.127152
0
0.102339
0.102339
0.102339
0
0
0
0
0.102339
0
0
0
0
0
0
0
0
0
0
0
0
0
0
0
0
0
0
0
0
0
0
0.104722
0.104722
0.130765
0.130765
0.130765
0.130765
0.174371
0.130765
0.130765
0.184405
0.184405
0.184405
0
0
0
0
0
0.104722
0
0
0
0
0
0
0
0
0
0
0
0
0
0
0
0
0
0
0
0
0
0
0
0
0
0
0
0
0.103061
0.103061
0.103061
0.103061
0.134433
0.134433
0.134433
0.103675
0.103675
0.103985
0.103985
0.103985
0.103985
0.104069
0.104069
0
0.103675
0.103675
0
0
0
0.196116
0.196116
0.196116
0
0.196116
0.196116
0
0.196116
0.196116
0
0.212132
0.212132
0
0
0
0
0
0
0
0
0
0
0
0
0
0
0
0
0
0
0.212132
0
0
0
0
0
0
0
0
0
0
0
0
0
0
0
0
0
0
0
0
0
0
0
0
0
0
0
0
0
0
0
0
0
0
0
0
0
0
0
0
0
0
0
0
0
0
0
0
0
0
0
0
0
0
0
0
0
0
0
0
0
0
0
0
0
0
0
0
0
0
0
0
0
0
0
0
0
0
0
0
0
0
0
0
0
0
0
0
0
0
0
0
0
0
0
0
0
0
0
0
0
0
0
0
0
0
0
0
0
0
0
0
0
0
0
0
0
0
0
0
0
0
0
0
0
0
0
0
0
0
0
0
0
0
0
0
0
0
0
0
0
0
0
0
0
0
0.225494
0.225494
0.225494
0.225494
0.225494
0.22592
0.22592
0
0.227212
0.227212
0
0.227212
0.234261
0.225494
0.225494
0.649519
0.225494
0
0.10298
0.10298
0.10298
0
0
0
0
0
0
0
0
0
0
0
0
0
0
0
0
0
0
0
0
0
0
0
0
0
0
0
0
0
0
0
0
0
0
0
0
0
0
0
0
0
0
0
0
0
0
0
0
0
0
0
0
0
0
0
0
0
0
0
0
0
0
0
0
0
0
0
0
0
0
0
0
0.161749
0.161749
0.161749
0
0.161749
0
0.161828
0.161828
0.15316
0.103778
0.103778
0
0.103882
0.104957
0.102339
0
0
0
0
0.0967071
0
0
0
0
0
0
0
0
0
0
0
0
0
0
0
0
0
0
0
0
0
0
0
0
0
0
0
0
0
0
0
0
0.0971286
0.0971286
0.0971286
0.0971286
0.0971286
0.0971286
0.0971286
0.0971286
0.0971286
0.0971286
0
0
0
0.0971286
0.0971286
0
0
0
0.0971286
0.0971286
0.0971286
0
0
0.0971286
0
0.0971286
0.0971286
0.0971286
0.0969593
0.0969593
0.0969593
0
0.0971286
0
0
0
0
0
0
0
0
0
0.0967071
0
0
0
0
0
0
0
0
0
0
0
0
0
0
0
0
0
0
0
0
0
0
0
0
0
0
0
0
0
0
0
0
0
0
0
0
0
0
0
0
0
0
0
0
0.0967406
0
0.0967406
0
0
0
0
0
0
0
0
0
0
0
0
0
0
0
0
0
0
0
0
0
0
0
0
0
0
0
0
0
0
0
0
0
0
0
0
0
0
0
0
0
0
0
0
0
0
0
0
0
0
0
0
0
0
0
0
0
0
0
0
0
0
0
0
0
0
0
0
0
0
0
0
0
0
0
0
0
0
0
0
0
0
0
0
0
0
0
0
0
0
0
0
0
0
0
0
0
0
0
0
0
0
0
0
0
0
0
0
0
0
0
0
0
0
0
0
0
0
0
0
0
0
0
0
0
0
0
0
0
0
0
0
0
0
0
0
0
0
0
0
0
0
0
0
0
0
0
0
0
0
0
0.0971286
0.0971286
0.0971286
0.0971286
0.0971286
0.0971286
0.0971286
0.0971286
0.0971286
0.0971286
0.0971286
0.0971286
0.0971286
0
0
0.101846
0.101846
0
0
0
0.0971286
0.0971286
0.0971286
0.0971286
0.0971286
0.0971286
0.0971286
0.0971286
0.0971286
0.0971286
0.101341
0.101341
0
0.101341
0
0.101341
0.0971286
0.0971286
0.0971286
0.0971286
0
0
0.0971286
0
0
0
0
0.0971286
0
0
0
0
0
0
0
0
0
0
0
0
0
0
0
0.101361
0
0
0.101361
0
0
0
0
0.0971286
0.0971286
0.101361
0.101361
0.101361
0.101361
0.0971286
0.0971286
0.0971286
0.0971286
0.101651
0.0971286
0.0971286
0
0
0
0
0
0
0
0
0
0
0
0
0
0
0
0
0.0971286
0.0971286
0.0971286
0.0971286
0.0971286
0.0971286
0.0971286
0.101361
0.101361
0.101361
0.101361
0.101361
0.101361
0.101361
0.101361
0.101361
0.0971286
0
0.0971286
0.0971286
0.0971286
0.0971286
0.10485
0.0971286
0.0976417
0
0
0
0
0
0
0
0
0
0
0
0
0
0
0
0
0
0
0
0
0
0
0.213201
0
0
0
0
0
0
0
0
0
0
0
0
0
0
0
0
0
0
0
0
0
0
0
0
0
0
0
0
0
0
0
0
0
0
0
0
0
0
0
0
0
0
0
0
0
0
0
0
0
0
0
0
0
0
0
0.0986039
0
0.098764
0
0
0
0
0
0
0.0971286
0.129621
0
0
0
0.0971795
0
0.0971286
0.0971286
0.0971286
0.0971286
0.0971286
0.0971286
0.0971286
0.0971286
0.0971286
0.0971286
0.0971286
0.0971286
0.0971286
0.0971286
0.0971286
0.0971286
0.101361
0.101361
0.101361
0.101361
0.101361
0.101361
0.101361
0.101361
0.101361
0.101361
0.101361
0.101361
0.101361
0.101361
0.101361
0.101361
0.101361
0.101361
0.101361
0.101361
0.101361
0.10451
0
0
0
0.101361
0.101361
0.101361
0.101361
0.101361
0
0
0
0
0
0.102758
0
0.101361
0.10138
0.10138
0.10138
0.10138
0.10138
0.10138
0.10138
0
0.10138
0.10138
0
0
0
0
0
0
0
0
0
0
0
0
0
0
0
0
0
0
0.104701
0
0
0
0.104701
0.104701
0
0
0
0
0
0
0
0
0
0
0
0
0
0
0
0
0
0
0
0
0
0
0
0
0
0
0
0
0
0
0
0
0
0
0
0
0
0
0
0
0
0
0
0
0
0
0
0
0
0
0
0
0
0
0
0
0
0
0
0
0
0
0
0
0
0
0
0
0
0
0
0
0
0
0
0
0
0
0
0
0
0
0
0
0
0
0
0
0
0
0
0
0
0
0
0
0
0
0
0
0
0
0
0
0
0
0
0
0
0
0
0
0
0
0
0
0
0
0
0
0
0
0
0
0
0
0
0
0
0
0
0
0
0
0
0
0
0
0
0
0
0
0
0
0
0
0
0
0
0
0
0
0
0
0
0
0
0
0
0
0.11312
0.11312
0.11312
0.11312
0.11312
0.11312
0.11312
0.11312
0
0
0.11312
0.11312
0.11312
0.11312
0.11312
0.11312
0.11312
0
0.11312
0
0.11312
0.11312
0
0
0
0
0
0
0
0
0
0.11312
0
0.11312
0
0
0
0.11312
0
0
0.11312
0.11312
0
0
0
0
0
0
0.114736
0.114736
0
0
0
0
0
0
0
0
0
0
0
0
0
0
0
0
0
0
0
0
0
0
0
0
0
0
0
0
0
0
0
0
0
0
0
0
0
0
0
0
0
0
0
0
0
0
0
0
0
0
0
0
0
0
0
0
0
0
0
0
0
0
0
0
0
0
0
0
0
0
0
0
0
0
0
0
0
0
0
0
0
0
0
0
0
0
0
0
0
0
0
0
0
0
0
0
0
0
0
0
0.101361
0
0.101361
0.101361
0
0
0
0
0.108324
0
0.108324
0.108324
0.109789
0.109838
0.109838
0
0
0
0
0.101361
0
0
0
0
0
0
0.101361
0
0
0
0
0
0
0
0
0
0
0
0
0
0
0
0
0
0
0
0
0
0
0
0
0
0
0
0
0
0
0
0
0
0
0
0
0
0
0
0
0
0.11312
0.11312
0.11312
0.11312
0.11312
0.11312
0.11312
0.11312
0.11312
0
0
0
0
0
0
0
0
0
0
0
0
0
0
0
0
0
0
0
0
0
0
0
0
0
0
0
0
0
0
0
0.104531
0
0
0
0
0
0
0
0
0
0
0
0
0
0
0
0
0
0
0
0
0
0
0
0
0
0
0
0
0
0
0
0
0
0
0
0
0
0
0
0
0
0
0
0
0
0
0
0
0
0
0
0
0
0
0
0
0
0
0
0
0
0
0
0
0
0
0
0
0
0
0
0
0
0
0
0
0
0
0
0
0
0
0
0
0
0
0
0
0
0
0
0
0
0
0
0
0
0
0
0
0
0
0
0
0
0.11312
0.11312
0.11312
0.11312
0.11312
0
0
0
0
0.11312
0.11312
0.11312
0.11312
0
0.113255
0
0
0
0.11312
0
0.11312
0.11312
0
0
0
0
0
0
0
0
0
0
0.10631
0.10631
0.10631
0
0
0
0
0
0
0.106444
0
0
0
0
0
0
0
0
0
0
0
0
0
0.105824
0
0
0
0
0
0.105978
0
0.106177
0.106177
0.106177
0
0
0.106177
0
0
0.106177
0.105846
0
0.106088
0
0
0.106088
0.981981
0.981981
0.106088
0.507093
0.507093
0.106088
0.106088
0.106088
0
0
0.10611
0.412082
0.10611
0
0
0.104978
0
0.104978
0.104978
0.104978
0.104978
0
0
0
0
0.104978
0.104978
0
0
0
0
0
0
0
0
0
0.104978
0
0
0
0
0
0
0
0
0
0
0
0
0
0
0
0
0
0
0
0
0
0
0
0
0
0
0
0
0
0
0
0
0
0
0
0
0
0
0
0
0
0
0
0
0
0
0
0
0
0
0
0
0
0
0
0
0
0
0
0
0
0
0
0
0
0
0
0
0
0
0
0
0
0
0
0
0
0
0
0
0
0
0
0
0
0
0
0
0
0
0.507093
0.329956
0.329956
0
0.329956
0.329956
0.49099
0.49099
0.49099
0.49099
0.49099
0
0.49099
0.49099
0.329956
0.329956
0
0.329956
0.329956
0.329956
0.507093
0.507093
0
0.507093
0.329956
0
0
0
0
0
0
0
0
0
0
0
0
0
0
0
0
0
0
0
0
0
0
0.981981
0.981981
0.981981
0
0.981981
0.981981
0
0.981981
0.981981
0.981981
0.981981
0.981981
0.981981
0
0.981981
0.981981
0.981981
0.981981
0
0
0
0
0.981981
0.981981
0.981981
0
0.981981
0.981981
0
1
1
1
1
0
1
1
1
1
0.981981
0.981981
0.981981
0
0
0.114457
0.321634
0.104786
0.104786
0.104786
0.101361
0.101361
0.101361
0
0
0
0.102819
0.101632
0.101632
0.101632
0.107949
0.107949
0
0
0.101361
0.101361
0.329956
0.329956
0.101361
0.101361
0.101361
0.101361
0.101361
0.101361
0.101361
0.114904
0.114904
0.114904
0.101361
0.101361
0
0.101361
0.101361
0
0
0
0
0
0
0
0
0
0
0.0971286
0.0986039
0.0986039
0.137553
0.137553
0.0986039
0
0
0
0
0
0
0
0
0
0
0
0
0
0
0
0
0
0
0
0
0
0
0.0971286
0.0971286
0.0971286
0.0971286
0.0971286
0.0971286
0.0971286
0.0971286
0
0
0
0
0
0.0971286
0
0.0971286
0.0971286
0.0971286
0.0971286
0.0986394
0
0
0
0
0
0
0
0
0
0
0
0
0
0
0
0
0
0
0
0
0
0
0
0
0
0.098764
0.098764
0.098764
0
0
0
0
0
0
0
0.135526
0.135526
0.192055
0.192055
0.135526
0.135526
0.135526
0.135526
0.0986572
0.0986572
0.0986572
0.102398
0.102398
0
0
0.102398
0.102398
0.102398
0.0986572
0.0986572
0.0986572
0.102398
0.102398
0.102398
0.102398
0.0986572
0.0986572
0.0986572
0.0986572
0.103799
0.102398
0.0986572
0.0986572
0.0986572
0.10678
0.10678
0.10678
0
0.10678
0.0986572
0.0986572
0.0986572
0
0
0.0986572
0.0986572
0.0986572
0
0
0
0
0
0
0
0
0
0
0
0
0
0
0
0
0
0
0
0
0
0
0
0
0
0
0
0
0
0.0971965
0.0971795
0
0.0971965
0
0.0971965
0.0971965
0.213201
0
0.183942
0
0.183942
0.183942
0
0
0
0
0
0
0
0
0
0
0
0
0
0
0
0
0
0
0
0
0
0
0
0.183942
0
0
0
0.258839
0.258839
0.258839
0
0
0
0
0
0
0
0
0
0
0
0
0
0
0
0
0
0
0
0
0
0
0
0
0
0
0
0
0
0
0
0
0
0
0
0
0
0
0
0
0
0
0
0
0
0
0
0
0
0
0
0
0
0
0
0
0
0
0
0
0
0
0
0
0
0
0
0
0
0
0
0
0
0
0
0
0
0
0
0
0
0
0
0
0
0
0
0
0.117519
0
0.117519
0.117519
0.117519
0.117519
0.117519
0.117519
0.117519
0.124425
0.124425
0.117519
0
0
0
0
0
0
0
0
0
0
0
0
0
0
0.0971286
0.0971286
0
0
0
0
0.0986039
0.0986394
0
0
0
0
0
0
0
0
0
0
0
0.0987462
0.098764
0
0
0
0
0
0
0
0
0
0.0986572
0
0
0
0
0
0.258839
0.0971965
0.213201
0
0.183942
0
0
0.0971286
0
0
0
0
0.117519
0.117519
0.117519
0.117519
0
0
0
0
0.0971286
0
0
0
0
0
0
0
0
0
0
0
0
0
0
0.0971286
0.0971286
0.0971286
0.0971286
0.101361
0.101361
0.101361
0.101361
0.101361
0.101361
0.101361
0.101361
0.101361
0.101361
0.101361
0.101361
0.101361
0.101361
0.101361
0.101361
0.101361
0.101361
0.101361
0.101361
0.101361
0.101361
0
0
0
0
0
0
0
0
0
0
0
0
0
0.101361
0.101361
0.101361
0.101361
0.101361
0.101361
0.101361
0.101361
0.101361
0.101361
0.101361
0.101361
0.101361
0.101361
0.101361
0.101361
0.101361
0.101361
0.101361
0.101361
0.101361
0
0.101361
0.108089
0.101361
0.101361
0.101361
0.10138
0.10138
0.10138
0.10138
0.10138
0.10138
0.10138
0.101361
0.101361
0.108183
0
0
0.359425
0.359425
0.105301
0.105301
0
0
0
0
0.122001
0
0.390567
0.390567
0
0
0
0
0
0
0
0
0
0
0.104658
0.104658
0.104658
0.104658
0.173591
0.173591
0.173591
0.173591
0.104957
0.104957
0.104957
0
0
0
0
0
0.104957
0.105042
0.104957
0.104957
0.104957
0.104957
0.104957
0
0
0
0
0
0
0
0
0
0
0
0.10138
0.10138
0.10138
0
0.101361
0.101361
0.101361
0.101361
0
0
0
0.101361
0.101361
0.101361
0.101361
0.101361
0.101361
0.101361
0.101361
0.101361
0.101361
0.101361
0.107879
0.107879
0.10138
0.10138
0.10138
0.104658
0.105474
0.104765
0.101361
0.101361
0
0
0
0
0
0
0
0.101361
0.101361
0.101361
0.101361
0.101361
0.101361
0.101361
0
0
0
0
0.101361
0.101361
0.101361
0.108089
0
0
0.108089
0.108089
0.108089
0.101361
0.101361
0.108089
0.108089
0
0
0
0
0
0.101361
0.101361
0.101361
0.101361
0
0
0
0
0
0.101535
0
0
0
0
0.101535
0.101535
0.101535
0.101535
0
0
0
0
0
0
0
0.101535
0
0.101535
0.107879
0.107879
0.107879
0.101361
0.101361
0.101361
0.101361
0.101361
0.101361
0.101361
0.101361
0.101361
0
0.101361
0.101361
0.101361
0.101361
0
0.101361
0.101361
0.101361
0.101361
0.101361
0.101361
0.101361
0
0.101361
0.101438
0.101361
0.10138
0.10138
0
0
0
0
0
0.10138
0.10138
0
0
0
0
0
0
0.104722
0
0
0
0
0
0.104722
0
0
0.11312
0
0
0
0
0
0
0
0
0
0
0
0.11312
0
0
0
0
0
0
0
0.11312
0.11312
0.11312
0
0
0
0
0
0
0
0
0
0
0
0
0
0
0
0
0
0
0
0
0
0
0
0
0
0
0
0
0
0
0
0
0
0
0
0
0
0
0
0
0
0
0
0
0
0
0
0
0
0
0
0
0
0
0
0
0
0
0
0
0
0
0
0
0
0
0
0
0
0
0
0
0
0
0
0
0
0
0
0
0
0
0
0
0
0
0
0
0
0
0
0
0
0
0
0
0
0
0
0
0
0
0
0
0
0
0
0
0
0
0
0
0
0
0
0
0
0
0
0
0
0
0
0
0
0.104701
0.104701
0.104701
0.104701
0
0
0
0
0
0
0
0
0
0
0
0
0
0
0
0
0
0
0
0
0
0
0
0
0
0
0
0
0
0
0
0
0
0
0
0
0
0
0
0
0
0
0
0
0
0
0
0
0
0
0
0
0
0
0
0
0
0
0
0
0
0
0
0
0
0
0
0
0
0
0
0
0
0
0
0
0
0
0
0.10171
0
0.101361
0
0
0
0
0
0
0
0
0.101361
0.101361
0.101361
0.101361
0.0971286
0
0.0971286
0.0971286
0
0
0.0971286
0.0971286
0.0971456
0
0
0.0971286
0.0971286
0
0.0971286
0.0971286
0.0971286
0.0971286
0.0971286
0.0971286
0.0971286
0.0971286
0.0971286
0.0971286
0.0971286
0.0971286
0.0971286
0.0971286
0.0971286
0.0971286
0.0971286
0.0971286
0.0971286
0.0971286
0.0971286
0.0971286
0.0971286
0.0971286
0.0971286
0.0971286
0.0971286
0
0
0.0971286
0.0971286
0.0971286
0.0971286
0.0971286
0.0971286
0.0971286
0.0971286
0.0971286
0.0971286
0.0971286
0.0971286
0.0971286
0.0971286
0.0971286
0.0971286
0.0971286
0.0971286
0.0971286
0.0971286
0.0971286
0.0971286
0.0971286
0.0971286
0.0971286
0.0971286
0.0971286
0.0971286
0.0971286
0.0971286
0.0971286
0.0971286
0.0971286
0.0971286
0.0971286
0.0971286
0.0971286
0.0971286
0.0971286
0.0971286
0.0971286
0.0971286
0.0971286
0.0971286
0.0971286
0.0971286
0.0971286
0.0971286
0.0971286
0.0971286
0.0971286
0.0971286
0.0971286
0.101361
0.101361
0.165061
0.165061
0.165061
0.165061
0
0
0
0
0
0.165061
0
0
0
0
0
0
0
0
0
0
0
0
0
0
0
0
0
0
0
0
0
0
0
0
0
0
0
0
0
0
0
0
0
0
0
0.0966904
0
0
0
0
0
0
0.0966904
0
0
0
0
0
0
0
0
0
0
0
0
0
0
0
0.0967574
0.0967574
0.0967574
0.0967574
0
0
0
0
0.0967071
0.0967071
0.192582
0.192582
0.192582
0.200297
0.192582
0.192582
0.192582
0.192582
0.192582
0.192582
0.200297
0.200297
0.200297
0.200297
0.200297
0.200297
0.200297
0
0.200297
0.200297
0.229416
0.229416
0.229416
0.200297
0.200297
0.192582
0.192582
0.192582
0.192582
0.210905
0.210905
0.210905
0.210905
0.210905
0.210905
0.210905
0.20902
0
0.20902
0.20902
0
0.20902
0.20902
0
0
0
0
0
0
0
0.192582
0.192582
0.192582
0.192582
0.192582
0.192582
0.192582
0.192582
0.192582
0.192582
0.19556
0.19556
0.19556
0.19556
0
0.19556
0.19556
0
0
0
0
0
0
0
0
0
0
0
0
0
0
0
0
0
0
0
0
0
0
0
0
0
0
0
0
0
0
0
0
0
0
0
0
0
0
0
0
0
0
0
0
0
0
0
0
0
0.100429
0.100429
0.100429
0.100429
0.100429
0.100429
0
0
0
0
0
0
0.10056
0.100429
0
0
0.100692
0.100692
0.100711
0.100711
0.100711
0.10056
0.10056
0.10056
0.10056
0.10056
0.100787
0.10056
0
0
0
0
0.100617
0
0
0
0
0
0
0
0
0
0
0
0
0
0
0
0
0
0
0
0
0
0
0
0
0
0.102299
0.102299
0.102299
0.102299
0.102299
0.102299
0.102299
0.102299
0.0967071
0.0967071
0.0967071
0.0967071
0.0967071
0.0967071
0.0967071
0.0967071
0
0
0
0
0
0
0
0
0
0
0
0
0
0
0
0
0
0
0
0
0
0
0
0
0
0
0
0
0
0
0
0
0
0
0
0
0
0
0
0
0
0
0
0
0
0
0
0
0
0
0
0
0
0
0
0
0
0
0
0
0
0
0
0
0
0
0
0
0
0
0
0
0
0
0
0
0
0
0
0
0
0
0
0
0
0
0
0
0
0
0
0
0
0
0
0
0
0
0
0
0
0
0
0
0
0
0
0
0
0
0
0
0
0
0
0
0
0
0
0
0
0
0
0
0
0
0
0
0
0
0
0
0
0
0
0
0
0
0
0
0
0
0
0
0
0
0
0
0
0
0
0
0
0
0
0
0
0
0
0
0
0
0
0
0
0
0
0
0
0
0
0
0
0
0
0
0
0
0
0
0
0
0
0
0
0
0
0
0
0
0
0
0
0
0.100863
0.100863
0
0
0
0
0
0.0967071
0.0967071
0.0967071
0
0
0
0
0
0
0
0
0
0
0
0
0
0
0
0
0
0
0
0
0
0
0
0
0
0
0
0
0
0
0
0
0
0
0
0
0
0
0
0
0
0
0
0.103861
0.103861
0.103861
0.103861
0.103861
0.103861
0.103861
0.103861
0
0
0
0
0.103861
0.103861
0.103861
0.103861
0.103861
0.103861
0.103861
0.103861
0.103861
0.103861
0
0
0
0.103861
0.103861
0.103861
0.103861
0.103861
0.103861
0.103861
0.103861
0.103861
0.103861
0
0
0
0
0
0.103861
0.103861
0.103861
0.103861
0.103861
0.103902
0.10451
0.104236
0
0
0.104489
0.104489
0.103861
0
0
0
0
0
0
0
0
0
0
0
0
0
0
0
0
0
0
0
0
0
0
0
0
0
0
0
0
0
0
0
0
0
0
0
0
0
0
0
0
0
0
0
0
0
0
0
0
0
0
0
0
0
0
0
0
0
0
0
0
0
0
0
0
0
0
0
0
0
0
0
0
0
0
0
0
0
0
0
0
0
0
0
0
0
0
0.0967071
0.0967071
0
0
0
0
0
0
0
0
0
0
0
0
0
0
0
0
0
0
0
0
0
0
0
0
0
0
0
0
0
0
0
0
0
0
0
0
0
0
0
0
0
0
0.0967071
0
0
0
0
0
0
0
0
0
0
0
0
0
0
0
0
0
0
0
0
0
0
0
0
0
0
0
0
0
0
0
0
0
0.0966235
0
0.0966235
0
0
0
0
0
0
0.0967071
0.0967071
0.0967071
0
0
0
0
0
0
0
0
0
0
0
0
0
0
0.0966904
0
0
0
0
0
0
0
0
0
0
0
0
0
0
0
0
0
0
0
0
0
0
0
0
0
0
0
0
0
0
0
0
0
0
0
0
0
0
0
0
0
0
0
0
0
0
0
0
0
0
0
0
0
0
0
0
0
0
0
0
0
0
0
0
0
0
0
0
0
0
0
0
0
0
0
0
0
0.0966904
0
0
0
0
0
0
0
0
0
0
0
0
0
0
0
0
0
0
0
0
0
0
0
0
0
0
0
0.102339
0
0
0
0
0
0
0
0
0
0
0
0
0
0
0
0
0
0
0
0
0
0
0
0
0
0
0
0
0
0
0
0
0
0
0
0
0
0
0
0
0
0
0
0
0
0
0
0
0
0
0
0
0
0.0967071
0
0
0
0
0
0
0
0
0
0
0
0
0
0.0967071
0.0967071
0.0967071
0.0967071
0.0967071
0.0967071
0.0967071
0.0967071
0.0967071
0.0967071
0.0967071
0
0
0
0
0
0
0.0966904
0
0
0
0
0
0
0
0
0
0
0
0
0
0
0
0
0
0
0
0
0
0
0
0
0
0
0
0
0
0
0
0
0
0
0.0984092
0.0984092
0.0984092
0.0984092
0
0
0
0
0
0
0
0
0
0
0
0
0
0.102919
0.102919
0.102919
0.102919
0.102919
0.102919
0.102919
0.102919
0.102919
0.0969931
0.0969931
0.0969931
0.0969931
0
0
0
0
0
0
0
0.102339
0
0
0
0
0
0
0
0.0967071
0.0967071
0.0967071
0
0
0
0
0
0
0
0
0
0
0
0
0
0
0
0
0
0
0
0
0
0
0
0
0
0
0
0
0.102359
0.102359
0
0
0
0
0
0
0
0.0967406
0
0
0
0
0
0
0
0
0
0
0
0
0
0
0
0
0
0
0
0
0
0
0
0
0
0
0
0
0
0
0
0
0
0
0
0
0
0
0
0
0
0
0
0
0
0
0
0.0967071
0.0967071
0.0967071
0.0967071
0.0967071
0.0967071
0.0967071
0.0967071
0.0967071
0.0967071
0.0967071
0.0967071
0.0967071
0
0
0
0
0
0
0
0
0
0
0
0
0
0
0
0
0
0
0
0
0
0
0
0
0
0
0
0
0
0
0
0
0
0
0
0
0
0
0
0
0
0
0
0
0
0
0
0
0
0
0
0
0
0
0
0
0
0
0
0
0
0.103675
0.103675
0.103675
0
0
0
0
0
0
0.0967071
0.0967071
0.0967071
0
0
0
0
0
0
0
0
0
0
0
0
0
0
0
0
0
0.0967071
0
0
0
0
0
0
0
0
0
0
0
0
0
0
0
0
0
0
0
0
0
0
0
0
0
0
0
0
0
0
0
0
0
0
0.0967071
0.0967071
0.0967071
0.0967071
0.0967071
0.0967071
0.0970777
0.0967071
0
0
0
0
0
0
0
0
0
0
0
0
0
0
0
0
0
0
0.0967071
0
0
0
0
0
0
0
0
0
0
0
0
0
0
0
0
0
0.102339
0.102339
0.102339
0.102339
0.102339
0
0.102339
0.102339
0.102339
0.103861
0.103861
0.102339
0.102339
0.102339
0.103861
0
0.103861
0.103861
0.504695
0.547723
0.547723
0.547723
0.547723
0.734847
0.734847
0
0.547723
0
0
0
0
0
0
0
0.504695
0.102319
0.102319
0
0.102319
0
0
0
0
0
0
0
0
0
0
0
0
0
0
0
0
0
0
0
0
0
0
0
0
0
0
0
0
0
0
0
0
0
0
0
0
0
0
0
0
0
0
0
0
0
0
0
0
0
0
0
0.0967071
0.0967071
0.0967071
0.0967071
0.0967071
0.0967071
0.0967071
0.0967071
0.0967071
0.0967071
0.0967071
0.0967071
0.0967071
0
0
0
0
0
0
0
0
0
0
0
0
0
0
0
0
0
0
0
0
0
0
0
0
0
0
0
0
0
0
0
0
0
0
0
0
0
0
0
0
0
0
0
0
0
0
0
0
0
0
0
0
0
0
0
0
0
0
0
0
0
0
0
0
0
0
0
0
0
0
0
0
0
0
0
0
0
0
0
0
0
0
0
0
0
0
0
0
0
0
0
0
0
0
0
0
0
0
0
0
0
0
0
0
0
0
0
0
0
0
0
0
0
0
0
0
0
0
0
0
0
0
0
0
0
0
0
0
0
0
0
0
0
0
0
0
0
0
0
0
0
0
0
0
0
0
0
0
0
0
0
0
0
0
0
0
0
0
0
0
0
0
0
0
0
0
0
0
0
0
0
0
0
0
0
0
0
0
0
0
0
0
0
0
0
0
0
0
0
0
0
0
0
0
0
0
0
0
0
0
0
0.0967071
0.0967071
0.0967071
0.0967071
0.0967071
0.0967071
0
0
0
0
0
0
0
0
0
0
0
0
0
0
0
0
0
0
0
0
0
0
0
0
0
0
0
0
0
0
0
0
0
0
0
0
0
0
0
0
0
0
0
0
0
0
0
0
0
0
0
0
0
0
0
0
0
0
0
0
0
0
0
0
0
0
0
0
0
0
0
0
0
0
0
0
0
0
0
0
0
0
0
0
0
0
0
0
0
0
0.343371
0.343371
0
0.102003
0
0
0
0
0
0
0
0
0
0
0
0
0
0
0
0
0
0
0
0
0
0
0
0
0
0
0
0
0
0
0
0
0
0
0
0
0
0
0
0
0
0
0
0
0
0
0
0
0
0
0
0
0
0
0
0
0
0
0
0
0
0
0.0967406
0.0967406
0
0.0967406
0.0967406
0.104765
0.104765
0
0.104765
0.104765
0.0969087
0
0
0
0
0
0
0
0
0
0
0
0
0
0
0
0
0
0
0
0
0
0
0
0
0
0
0
0
0
0
0
0
0
0
0
0
0
0
0
0
0
0
0
0
0
0
0
0
0
0
0
0
0
0
0
0
0
0.106825
0.106825
0.106825
0
0
0
0
0.106735
0.106735
0.106735
0
0
0
0
0
0.106735
0.106735
0.106735
0
0.106735
0
0
0
0
0
0
0
0
0
0
0
0
0
0
0
0
0
0
0
0
0
0
0
0
0
0
0
0
0
0
0
0
0
0
0
0
0
0
0
0
0
0
0
0
0
0
0
0
0
0
0
0
0
0
0
0
0
0
0
0
0
0
0
0
0
0
0
0
0
0
0
0
0
0
0.0976934
0.0976934
0.0976934
0.0976934
0.0976934
0.0976934
0.0976934
0
0
0
0
0
0.0976934
0
0
0.102339
0.102339
0
0
0
0.109593
0.109593
0
0.981981
0.981981
0.981981
0.981981
0.981981
0.981981
0.981981
0
0.981981
0.981981
0.981981
0.981981
0
0
0
0
0
0
0
0
0
0
0
0
0
0
0.981981
0.981981
0
0.981981
0.981981
0.981981
0
0
0
0
0
0
0
0
0
0
0
0
0
0
0
0
0
0
0
0
0
0
0
0
0
0
0
0
0
0
0
0
0
0
0
0
0
0
0
0
0
0
0
0
0
0
0
0
0
0.981981
0.981981
0.981981
0.981981
0
0.981981
0.981981
0.0976934
0.0976934
0.0976934
0.0976934
0.0976934
0.0976934
0.0976934
0
0
0
0
0
0
0
0
0
0
0
0
0
0
0
0
0
0
0
0
0
0
0
0
0
0
0
0
0
0
0
0
0
0
0
0
0
0
0
0
0
0
0
0
0
0
0
0
0
0
0
0
0
0
0
0
0
0
0
0
0
0
0
0
0
0
0
0
0
0
0
0.102339
0.102339
0.102339
0.102339
0.102339
0.102339
0
0
0
0
0
0
0
0
0.0976934
0.0976934
0.0976934
0
0.106377
0
0
0
0
0
0
0
0
0
0
0
0
0
0
0
0
0
0
0
0
0
0
0
0
0.102339
0
0.0976934
0.0976934
0.0976934
0.0976934
0.0976934
0.0976934
0.0976934
0.0976934
0.0976934
0.0976934
0.0976934
0.0976934
0.106444
0.106444
0.106444
0.106444
0
0
0.0976934
0.0976934
0.0976934
0.0976934
0.106444
0.106444
0.106444
0
0
0
0.106421
0.106421
0.106444
0.106444
0
0
0
0
0
0
0
0
0
0
0
0
0
0
0
0.0976934
0.0976934
0.0976934
0.102339
0
0.0976934
0.0976934
0
0
0
0
0
0
0
0
0
0
0.0976934
0.0976934
0
0
0
0
0
0
0
0
0
0
0
0
0
0
0
0
0.0976934
0.0976934
0
0.0976934
0
0
0
0
0
0
0
0
0.0976934
0.0976934
0.0976934
0.0976934
0
0
0
0
0
0
0
0
0
0
0
0
0
0
0
0
0
0
0
0
0
0
0
0.102339
0
0
0.0976934
0.0976934
0.0976934
0.0976934
0.0976934
0.0976934
0.0976934
0.0976934
0
0
0
0
0.0976934
0.0976934
0
0
0
0
0
0
0
0
0
0.0976934
0.0976934
0.108489
0.0976934
0.0976934
0.0976934
0
0.0976934
0.0976934
0.0976934
0
0
0.0976934
0.0976934
0.0976934
0.0976934
0.0976934
0
0
0
0
0
0
0
0
0
0.0976934
0.0976934
0
0
0
0
0
0
0
0
0
0
0
0.0976934
0.0976934
0
0
0
0
0.0976934
0
0.0976934
0.0976934
0
0
0
0
0
0
0
0
0
0
0.0976934
0.0976934
0
0
0
0.0976934
0.0976934
0.0976934
0.0976934
0.0976934
0.0976934
0.0976934
0.0976934
0.0976934
0.0976934
0.0976934
0.0976934
0
0
0
0
0.0976934
0
0.0976934
0.0976934
0.0976934
0.0976934
0
0.0976934
0.0976934
0
0
0
0
0
0.0976934
0
0.0976934
0
0
0
0
0
0.0976934
0.0976934
0.0976934
0.0976934
0.0976934
0
0
0.0976934
0
0.0976934
0
0
0
0
0
0
0.0976934
0.0976934
0.0976934
0.0976934
0.0976934
0.0976934
0.0976934
0.0976934
0
0.0976934
0.0976934
0
0.0976934
0
0
0
0.0976934
0.0976934
0
0.0976934
0.0976934
0
0
0
0.0976934
0.0976934
0.0976934
0.0976934
0.0976934
0.0976934
0.981981
0.981981
0.981981
0.981981
0.981981
0.981981
0.981981
0.981981
0.981981
0.981981
0.981981
0.981981
0.981981
0
0.981981
0.981981
0.981981
0
0.981981
0
0.0976934
0.0976934
0
0
0
0
0
0
0
0
0
0
0
0
0.0976934
0.0976934
0
0
0
0
0
0
0
0
0
0
0
0
0
0
0
0
0
0
0
0
0
0
0
0
0
0
0
0
0
0
0
0
0
0
0
0
0
0
0
0
0
0
0
0
0
0
0
0
0
0
0
0
0
0
0
0
0
0
0
0
0
0
0
0
0
0
0
0
0
0
0
0
0
0
0
0
0
0
0
0
0
0
0
0
0
0
0
0
0
0
0
0
0
0
0
0
0
0
0
0
0
0
0
0
0
0
0
0
0
0
0
0
0
0
0
0
0
0
0
0
0
0.0976934
0.0976934
0
0
0
0
0
0
0
0
0
0
0
0
0
0
0.0976934
0.0976934
0
0
0
0.0976934
0.0976934
0.0976934
0
0
0
0
0
0
0
0
0
0.102339
0.0976934
0.0976934
0
0
0
0
0
0
0
0.0976934
0.0976934
0.0976934
0
0
0
0
0.0976934
0.0976934
0.0976934
0.0976934
0.0967071
0
0
0
0
0
0
0
0
0
0
0
0
0
0
0
0
0
0
0
0
0
0
0
0
0
0
0
0
0
0
0
0
0
0
0
0
0
0.105583
0.105583
0.105583
0.105583
0.105583
0.105583
0.105583
0.105583
0
0.105583
0.105583
0
0.105583
0.105583
0
0.105583
0.0969593
0.0969593
0.0969593
0
0.0969593
0
0
0.0967574
0.0967574
0.0967574
0.0967574
0.096791
0.096791
0.107075
0.107075
0.107075
0.107075
0.107075
0.107075
0.107075
0.107075
0.107075
0.107075
0.107075
0.107075
0.107075
0.107075
0
0
0
0
0
0
0
0
0
0
0
0.101341
0.101341
0.101341
0.101341
0.101341
0.0967574
0.0967574
0.0967574
0
0
0
0.0971286
0
0
0
0
0
0
0
0.0967071
0.0967071
0
0
0
0
0
0
0
0
0
0
0
0
0
0
0
0
0
0
0
0
0
0
0
0
0
0
0
0
0
0
0
0
0
0
0
0
0
0
0
0
0
0
0
0
0
0
0
0
0
0
0
0
0
0
0
0
0
0
0
0
0
0
0
0
0
0
0
0
0
0
0
0
0
0
0
0
0
0
0
0
0
0
0
0
0
0
0
0
0
0
0
0
0
0
0
0
0
0
0
0
0
0
0
0
0
0
0
0
0
0
0
0
0
0
0
0
0
0
0
0
0
0
0
0
0
0
0
0
0
0
0
0
0
0
0
0
0
0
0
0
0
0
0
0
0
0
0
0
0
0
0
0
0.0967071
0
0
0.0967071
0.0967071
0.0967071
0.0967071
0.0967071
0
0
0.0967071
0.0967071
0
0
0
0
0
0
0
0
0
0
0
0
0
0
0
0
0
0
0
0
0
0
0
0
0
0
0
0
0
0
0
0.101322
0.101322
0
0
0.101322
0
0
0
0
0
0
0
0
0
0
0
0
0
0
0
0
0
0
0
0
0
0
0
0
0
0
0
0
0
0
0
0
0
0
0
0
0
0
0
0
0
0
0
0
0
0
0
0
0
0
0
0
0
0
0
0
0
0
0
0
0
0
0
0
0
0
0
0
0
0
0
0
0
0
0
0
0
0
0
0
0
0
0
0
0
0
0
0
0
0
0
0
0
0
0
0
0
0
0
0
0
0
0
0
0
0
0
0
0
0
0
0
0
0
0
0
0
0
0
0
0
0
0
0
0
0
0
0
0
0
0
0
0
0
0
0
0
0
0
0
0
0
0
0
0
0
0
0
0
0
0
0
0
0
0
0
0
