0.0323029
0.0322973
0.0322973
0.0322973
0.0322973
0.0322973
0.0322973
0.0322973
0.0322973
0.0323029
0.0323029
0
0
0
0.035007
0.035007
0
0
0
0
0
0
0
0
0
0
0
0
0
0
0
0
0
0
0
0
0
0
0.105605
0.105605
0
0
0
0
0
0
0.0333272
0.0333272
0
0.0333272
0.0524623
0.0336781
0.033602
0
0
0
0
0
0
0.0336781
0
0
0
0.105215
0.0326164
0.0653255
0.0326164
0
0.0323536
0.0323762
0.0323762
0.0377875
0.0377875
0.0377875
0.0326106
0.0327268
0
0
0
0.0326164
0.0327327
0
0
0
0
0
0
0
0
0
0
0
0
0
0
0
0
0
0
0
0
0
0
0
0
0
0
0
0
0
0
0
0
0
0
0
0
0
0
0
0
0
0
0
0
0
0
0
0
0
0
0
0
0
0
0
0
0
0
0
0
0
0
0
0
0
0
0
0
0
0
0
0
0
0
0
0
0
0
0
0
0
0
0
0.039143
0.039143
0.039143
0.039143
0.039143
0.039143
0
0
0
0
0
0
0
0
0
0
0
0.0323705
0.0388759
0
0.039163
0
0
0
0
0
0
0
0.0367856
0.0368355
0
0.0388368
0.0388368
0.0395491
0.0395491
0
0
0
0
0.0376889
0
0.0376889
0.0376889
0.0376889
0
0
0
0.0335326
0.0335641
0.0335389
0.0353996
0.033495
0
0.0395491
0
0
0.038097
0
0.0395491
0
0.170664
0.170664
0.0353259
0
0
0
0.0355634
0
0
0
0
0
0
0
0
0.0384426
0
0
0
0
0
0
0
0
0.0355634
0
0
0
0
0
0
0
0
0
0
0
0
0
0
0
0
0
0
0
0
0
0
0
0.0384426
0.0384426
0
0
0
0
0
0
0
0
0
0
0
0
0
0
0
0
0
0.0326338
0
0
0
0.0323762
0.0323762
0
0
0
0
0
0
0
0
0
0
0
0
0
0
0
0
0
0
0
0
0
0
0
0
0
0
0
0
0
0
0.105605
0
0
0
0
0
0.0367112
0.0367112
0.0367112
0.0367112
0
0
0
0.0392031
0.0391831
0
0
0
0
0.022445
0.022445
0.022445
0.022445
0.022445
0.0246183
0.0246183
0.0246183
0.0246183
0.0246183
0.0246183
0.0246183
0.0246183
0.0246183
0.0246183
0.0230245
0.0230245
0.0230245
0.0230245
0.0230245
0.0230245
0.0230245
0.0230245
0.0230245
0.0230245
0.0230245
0.0230245
0.0230245
0.0230245
0.0230245
0
0
0
0
0
0
0
0
0
0
0
0
0
0
0
0
0
0
0
0
0
0
0
0
0
0
0
0
0
0
0
0
0
0
0
0
0
0
0
0
0
0
0.0357295
0.0357295
0.0357295
0.0357295
0.0357295
0.0358902
0.0358902
0.0358902
0
0
0
0
0
0
0
0
0
0
0
0
0
0
0
0
0
0
0
0
0
0
0
0
0
0
0
0
0
0
0
0
0
0
0
0
0
0
0
0
0
0
0
0
0
0
0
0
0
0
0
0
0
0
0
0
0
0
0
0
0
0
0
0
0
0
0
0
0
0
0
0
0
0
0
0
0
0
0
0
0
0
0
0
0
0
0
0
0
0.0225284
0.0368022
0
0.022517
0
0
0.0246307
0.0225265
0.0227136
0.0225973
0
0
0
0
0
0
0
0
0.0316439
0.0316439
0.0316492
0.0316492
0.0316439
0
0
0
0
0.0506803
0.0506803
0.0506803
0.0506803
0.0506803
0.0506803
0
0.0506803
0.0225227
0.0225227
0.0225227
0.0225227
0.0225227
0.0225227
0.0225227
0.0226108
0.0226108
0.0226108
0
0
0
0
0
0
0
0
0
0
0
0
0
0
0
0
0
0
0
0
0
0
0
0
0
0
0
0
0
0
0
0
0
0
0
0
0
0
0
0
0
0
0
0
0
0
0
0
0
0
0
0
0
0
0
0
0
0
0
0
0
0
0
0
0
0
0
0
0
0
0
0
0.0225532
0.0225532
0.0226166
0.0225532
0.022661
0.022661
0.022661
0.0225056
0.0225056
0.022663
0.0225056
0.0225056
0.0225056
0.0226572
0.022663
0.0226572
0.0226572
0.022663
0.0226572
0.0225532
0.0225532
0.0225532
0.0226552
0.0234104
0.0233359
0.0233359
0.0246233
0.0242132
0
0
0
0
0.022632
0.022632
0.022632
0.022632
0.0225284
0.0225284
0.0225284
0.0225284
0.0225284
0.0225284
0
0
0
0
0
0
0
0
0
0.022661
0.0226591
0
0
0
0
0
0
0
0
0
0
0
0
0
0
0
0
0
0
0
0
0
0
0
0
0
0
0
0
0
0
0
0
0
0
0
0
0
0
0
0
0
0
0
0
0
0
0
0
0
0
0
0
0
0
0
0
0
0
0
0
0
0
0
0
0
0
0
0
0
0
0
0
0
0
0
0
0
0
0
0
0
0
0
0
0
0
0
0
0
0
0
0
0
0
0
0
0
0
0
0
0
0
0
0
0
0
0
0.0226591
0.0226591
0.0226591
0.0226591
0.0226591
0.022661
0.022661
0
0
0
0
0
0.0226591
0.0369863
0.0226591
0
0.0226591
0.022661
0.022661
0.022661
0.0226591
0.0226591
0.0234748
0
0
0
0
0.0227253
0
0
0
0
0
0
0.0255962
0.0274307
0.0228635
0.0228635
0.0228774
0.0228635
0
0
0
0
0
0
0
0
0
0
0
0
0
0
0
0
0
0
0
0
0
0
0
0
0
0
0
0
0
0
0
0
0
0
0
0
0
0
0
0
0
0
0
0
0
0
0
0
0
0
0
0
0
0
0
0
0
0
0
0
0
0
0
0
0
0
0
0
0
0
0
0
0
0
0
0
0
0
0
0
0
0
0
0
0
0
0
0
0
0
0
0
0
0
0
0
0
0
0
0
0
0
0
0
0
0
0
0
0
0
0
0
0
0
0
0
0
0
0
0
0
0
0
0
0
0
0
0
0
0
0
0
0
0
0
0
0
0
0
0
0
0
0
0
0
0
0
0
0
0
0
0
0
0
0
0
0
0
0
0
0
0
0
0
0
0
0
0
0
0
0
0
0
0
0
0
0
0
0
0
0
0
0
0
0
0
0
0
0
0
0
0
0
0
0
0
0
0
0
0
0
0.0291565
0.0292145
0.0305376
0.0306955
0.0306955
0
0.0307003
0
0
0
0
0
0
0
0
0
0
0
0
0
0
0
0
0
0
0
0
0
0
0
0
0
0
0
0
0
0
0
0
0
0
0
0
0
0
0
0
0
0
0
0
0
0
0
0
0
0
0
0
0
0
0
0
0
0
0
0
0
0
0
0
0
0
0
0
0
0
0
0.0271864
0.0234964
0.0234964
0.022661
0.0225647
0.022661
0.022661
0.0234964
0.0234964
0
0.0234964
0.0234964
0
0.0226108
0.0226108
0.0324956
0
0
0
0
0
0
0
0
0
0
0
0
0
0
0
0
0
0
0
0
0
0
0
0
0
0.0234964
0.0234964
0.0234964
0.0234964
0.0234964
0.0234964
0.0234964
0.0234964
0.0234964
0.0234964
0.0234964
0.0234964
0.0234964
0.0234964
0.0234964
0.0234964
0.0234964
0.0234964
0
0
0
0
0
0.0234964
0.0234964
0.0234964
0.0234964
0.0234964
0.0234964
0.0234964
0.0234964
0.0234964
0.0234964
0.0234964
0.0234964
0.0234964
0.0234964
0.0234964
0.0234964
0.0234964
0.0234964
0.0234964
0.0234964
0.0234964
0.0234964
0.0234964
0.0234964
0.0234964
0.0234964
0.0234964
0.0234964
0.0234964
0.0234964
0.0234964
0.0234964
0.0234964
0.0234964
0.0234964
0.0234964
0.0234964
0.0234964
0.0234964
0.0234964
0.0234964
0.0234964
0.0234964
0.0234964
0.0234964
0.0234964
0.0234964
0.0234964
0.0234964
0.0234964
0.0234964
0.0234964
0.0234964
0.0234964
0.0234964
0.0234964
0.0234964
0.0234964
0.0234964
0.0234964
0.0234964
0.0234964
0.0234964
0.0234964
0.0234964
0.0234964
0.0234964
0.0234964
0.0234964
0.0234964
0.0234964
0.0234964
0.0234964
0.0234964
0.0234964
0.0234964
0.0234964
0.0234964
0.0234964
0.0234964
0.0234964
0.0234964
0.0234964
0.0234964
0.0234964
0.0234964
0.0234964
0.0234964
0.0234964
0.0234964
0.0234964
0.0234964
0.0234964
0.0234964
0.0234964
0.0234964
0.0234964
0.0234964
0.0234964
0.0234964
0.0234964
0.0234964
0.0234964
0.0234964
0.0234964
0.0234964
0.0234964
0.0234964
0.0234964
0.0234964
0.0234964
0.0234964
0.0234964
0.0234964
0.0234964
0.0234964
0.0234964
0.0234964
0.0234964
0.0234964
0.0234964
0.0234964
0.0234964
0.0234964
0.0234964
0.0234964
0.0234964
0.0234964
0.0234964
0.0234964
0.0234964
0.0234964
0.0234964
0.0234964
0.0234964
0.0234964
0.0234964
0.0234964
0.0234964
0.0234964
0.0234964
0.0234964
0.0234964
0.0234964
0.0234964
0.0234964
0.0234964
0.0234964
0.0234964
0.0234964
0.0234964
0.0234964
0.0234964
0.0234964
0.0234964
0.0234964
0.0234964
0.0234964
0.0234964
0.0234964
0.0234964
0.0234964
0.0234964
0.0234964
0
0
0.0234964
0.0234964
0.0234964
0.0234964
0.0234964
0.0234964
0.0234964
0.0234964
0.0234964
0.0234964
0.0234964
0.0234964
0.0234964
0.0234964
0.0234964
0.0234964
0.0234964
0.0234964
0.0234964
0
0
0
0
0
0.0234964
0
0
0
0
0
0
0
0
0
0
0
0
0
0
0
0
0
0
0
0
0
0
0
0
0
0
0
0
0
0
0
0
0
0
0
0
0
0
0
0
0
0
0
0
0
0.0234964
0.0234964
0.0234964
0
0
0
0
0
0
0
0
0
0
0
0
0
0
0
0
0
0
0
0
0
0
0.0234964
0.0234964
0
0
0
0
0.0234964
0.0234964
0.0234964
0.0234964
0
0
0
0
0
0.0234964
0.0234964
0
0
0
0.0234964
0
0
0
0
0
0
0
0.0234964
0.0234964
0.0234964
0.0234964
0.0234964
0.0234964
0.0234964
0.0234964
0.0234964
0.0234964
0.0234964
0.0234964
0.0234964
0
0
0
0.0234964
0
0
0
0
0
0
0
0
0
0
0
0
0
0
0
0
0
0
0
0
0
0
0
0
0
0
0
0
0
0
0
0
0
0
0
0
0
0
0
0
0
0
0
0
0
0
0
0
0
0
0
0
0
0
0
0
0
0
0
0
0
0
0
0
0
0
0
0
0
0
0
0
0
0
0
0
0
0
0
0
0
0
0
0
0
0
0
0
0
0
0
0
0
0
0
0
0
0
0
0
0
0
0
0
0
0
0
0
0
0
0
0
0
0
0.0234964
0.0234964
0.0234964
0.0234964
0.0234964
0.0224639
0.0234964
0
0
0
0
0.0234964
0.0234964
0.0234964
0.0234964
0
0
0
0
0
0
0
0
0
0
0
0
0
0
0
0.0234964
0.0234964
0
0
0
0
0
0
0
0
0
0
0
0
0
0
0.0234964
0
0.0234964
0
0
0.0234964
0
0
0
0
0
0
0
0
0
0
0
0
0
0
0
0.0234964
0
0
0
0
0
0
0
0
0
0
0
0
0
0
0
0
0
0
0
0
0
0
0
0
0
0
0
0
0
0
0
0
0
0
0
0
0
0
0
0
0
0
0
0
0
0
0
0
0
0
0
0
0
0
0
0
0
0
0
0
0
0
0
0
0
0
0
0
0
0
0
0
0
0
0
0
0
0
0
0
0
0
0
0
0
0
0
0
0
0
0
0
0
0
0
0
0.0234964
0
0.0234964
0.0234964
0.0234964
0
0.0234964
0
0
0
0
0
0.0234964
0
0.0234964
0
0
0
0
0
0
0
0
0
0
0
0
0
0
0
0
0
0
0
0
0
0
0
0
0
0
0
0
0
0
0
0
0
0
0
0
0
0
0
0
0
0
0
0
0
0
0
0
0
0
0
0
0
0
0
0
0
0
0
0
0
0
0
0
0
0
0
0
0
0
0
0
0
0
0
0
0
0
0
0
0
0
0
0
0
0
0
0
0
0
0
0
0
0
0
0
0.0323705
0.0323705
0.0323705
0.0323705
0.0323705
0
0
0
0
0
0
0
0
0
0
0
0
0
0
0
0
0
0
0
0
0
0
0
0
0
0
0
0
0
0
0
0
0
0
0
0
0
0.0377875
0.0377875
0.0377875
0.0377875
0.0377875
0.0377875
0.0377875
0.0377875
0.0377875
0.0377875
0.0377875
0.0377875
0.0377875
0.0377875
0
0
0
0
0
0
0
0
0
0
0
0
0
0
0
0
0
0
0
0
0
0
0
0
0
0
0
0
0
0
0
0
0
0
0
0
0
0.022661
0
0
0
0
0
0
0
0
0
0.0225208
0.0225208
0
0.0225208
0.0225208
0.0361393
0.0361393
0
0.0361393
0.0361393
0.0226902
0.0623379
0
0.0623379
0.0623379
0
0
0
0
0
0
0
0
0
0
0
0
0
0
0.0323592
0.0323592
0.0323592
0.0323592
0.0323592
0.0323592
0.0323592
0.0326106
0
0.0326106
0.0326106
0.0326106
0.0326106
0
0.0323592
0.0323762
0.0323762
0.0323762
0.0323762
0.0323762
0.0323762
0
0.0323762
0.0324045
0.0323762
0.0326164
0.0326164
0
0
0
0.0326164
0.0326164
0
0
0
0
0
0.0368105
0
0
0
0
0.0368105
0.039143
0
0
0
0.039143
0
0
0
0
0
0
0
0.039143
0.039143
0.039143
0
0
0
0
0
0
0
0
0
0
0
0
0
0
0
0
0
0
0
0
0
0
0
0
0
0
0
0
0
0
0
0
0
0
0
0
0
0
0
0
0
0
0.0388368
0.0388368
0.0388368
0.0388368
0
0
0
0
0
0
0.0395491
0.0395491
0.0395491
0.0395491
0
0
0
0
0
0
0
0
0
0
0
0
0
0
0
0.170664
0.170664
0.170664
0.170664
0
0
0
0
0
0
0
0
0
0
0
0
0
0
0
0
0
0
0
0
0
0
0
0
0
0
0
0
0
0
0
0
0
0
0
0
0
0
0
0
0.035007
0.035007
0.035007
0.035007
0
0
0
0
0
0
0
0
0
0
0
0
0
0
0
0
0
0
0
0
0
0
0
0
0
0
0
0
0
0
0
0
0
0
0
0
0
0
0
0
0
0
0
0
0
0
0
0
0.105605
0.105605
0.105605
0.105605
0
0
0
0
0
0
0
0
0
0
0
0
0
0
0
0
0
0
0
0
0
0.0384426
0.0337548
0.105605
0
0
0
0
0
0
0
0
0
0
0
0
0
0
0
0
0
0
0
0
0
0
0
0
0
0
0
0
0
0
0
0
0
0
0
0
0
0
0
0
0
0
0
0
0
0
0
0
0
0
0
0
0
0
0
0
0
0
0
0
0
0
0
0
0
0
0
0
0
0
0
0
0
0
0
0
0
0
0
0
0
0
0
0
0
0
0
0
0
0
0
0
0
0
0
0
0
0
0
0
0
0
0
0
0
0
0
0
0
0
0
0
0
0
0
0
0
0
0
0
0
0
0
0
0
0
0
0
0
0
0
0
0
0.0234964
0.0234964
0.0234964
0.0234964
0.0234964
0.0234964
0.0234964
0.0234964
0.0234964
0
0
0
0
0
0
0
0
0
0
0
0
0
0
0
0
0
0
0
0
0
0
0
0
0
0
0
0
0
0
0
0
0
0
0
0
0
0
0
0
0
0
0
0
0
0
0
0
0
0
0
0
0
0
0
0
0
0
0
0
0
0
0
0
0
0
0
0
0
0
0
0
0
0
0
0
0
0
0
0
0
0
0
0
0
0
0
0
0
0
0
0
0
0
0
0
0
0
0
0
0
0
0
0
0
0
0
0
0
0
0
0
0
0
0
0
0
0
0
0
0
0
0.0234964
0.0234964
0.0234964
0.0234964
0.0234964
0.0234964
0.0234964
0
0.0234964
0.0234964
0
0.0234964
0
0.0234964
0
0.0234964
0.0234964
0.0234964
0
0
0
0
0
0.0234964
0
0
0
0
0.0234964
0.0234964
0
0.0234964
0
0.0234964
0.0234964
0.0234964
0
0.0234964
0.0234964
0.0234964
0.0234964
0
0
0
0
0
0
0
0
0.0234964
0.0234964
0.0234964
0.0234964
0
0
0
0
0
0
0
0
0
0
0
0
0
0
0
0
0
0
0
0
0
0
0
0
0
0
0
0
0
0
0
0
0
0.0224639
0
0
0
0
0
0
0
0.0234964
0.0234964
0.0234964
0
0
0
0
0
0
0
0
0
0
0
0
0
0
0
0
0
0
0.0234964
0.0234964
0.0234964
0
0.0234964
0.0234964
0
0.0234964
0.0234964
0.0234964
0.0234964
0.0234964
0
0
0
0
0.0234964
0.0234964
0
0.0234964
0.0234964
0.0234964
0
0.0234964
0
0.0234964
0
0.0234964
0.0234964
0.0234964
0.0234964
0.0234964
0.0234964
0.0234964
0.0234964
0.0234964
0.0234964
0.0234964
0.0234964
0.0234964
0
0
0
0
0
0
0
0
0
0
0.0234964
0.0234964
0
0.0234964
0
0
0
0
0
0
0
0
0
0
0
0
0
0
0
0
0
0
0
0
0
0
0
0
0
0
0
0
0.0234964
0.0234964
0.0234964
0.0234964
0.0234964
0.0234964
0
0.0234964
0.0234964
0
0.0234964
0
0.0234964
0.0234964
0.0234964
0.0234964
0.0234964
0.0234964
0.0234964
0
0
0
0
0.0234964
0.0234964
0.0234964
0
0
0
0
0
0
0
0
0
0
0
0
0
0
0
0
0
0
0
0
0
0
0
0
0
0
0
0
0
0
0
0
0
0
0
0.0234964
0
0
0
0
0
0
0
0
0
0
0
0
0
0
0
0
0
0
0
0
0
0
0
0
0
0.0234964
0.0234964
0.0234964
0.0234964
0
0.0234964
0
0
0
0
0
0
0
0
0
0
0
0
0
0
0
0
0
0
0
0
0
0
0
0
0
0
0
0
0
0
0
0
0
0
0
0
0
0
0
0
0
0
0
0
0.0234964
0.0234964
0.0234964
0
0.0234964
0
0
0
0
0
0
0
0
0
0
0
0
0
0
0
0
0
0
0
0.0234964
0
0.0234964
0.0234964
0
0.0234964
0.0234964
0.0234964
0
0
0
0
0
0
0
0
0
0
0
0
0
0
0
0
0
0
0
0
0
0
0
0
0
0
0
0
0
0
0
0
0
0
0
0
0
0
0
0
0
0
0.0234964
0.0234964
0
0
0
0
0
0
0
0
0
0
0.0234964
0.0234964
0.0234964
0.0234964
0.0234964
0
0
0
0
0.0234964
0.0234964
0.0234964
0.0234964
0.0234964
0.0234964
0
0
0
0.0234964
0
0
0
0
0.0234964
0
0.0234964
0
0
0
0
0
0
0
0
0
0
0
0
0
0
0
0
0
0
0
0
0
0
0
0
0
0
0
0
0
0
0
0
0
0
0
0
0
0
0
0
0
0
0
0
0
0
0
0
0.0234964
0
0
0
0
0.0234964
0.0234964
0.0234964
0.0234964
0.0234964
0.0234964
0.0234964
0.0234964
0.0234964
0.0234964
0.0234964
0.0234964
0.0234964
0.0234964
0.0234964
0.0234964
0.0234964
0.0234964
0.0234964
0.0234964
0.0234964
0.0234964
0.0234964
0.0234964
0.0234964
0.0234964
0.0234964
0.0234964
0.0234964
0.0234964
0.0234964
0.0234964
0.0234964
0.0234964
0.0234964
0.0234964
0.0234964
0.0234964
0.0234964
0.0234964
0.0234964
0.0234964
0.0234964
0.0234964
0.0234964
0.0234964
0.0234964
0.0234964
0.0234964
0.0234964
0.0234964
0.0234964
0.0234964
0.0234964
0.0234964
0.0234964
0
0
0
0
0
0
0
0
0
0
0
0
0
0
0
0
0
0
0
0
0
0
0
0
0
0
0
0
0
0
0
0
0
0
0
0
0
0
0
0
0
0
0
0
0
0
0
0
0
0
0
0
0
0
0
0
0
0
0
0
0
0
0
0
0
0
0
0
0
0
0
0
0
0.0234964
0.0234964
0
0.0234964
0
0
0
0
0
0
0
0
0
0
0
0
0
0
0
0
0
0
0
0
0
0
0
0
0
0
0
0
0
0
0
0
0
0
0
0
0
0
0
0
0
0
0
0
0
0
0
0
0
0
0
0
0
0
0
0
0
0
0
0
0
0
0
0
0
0
0
0
0
0
0
0
0
0
0
0
0
0
0
0
0
0
0
0
0
0
0
0
0
0
0
0
0
0
0
0
0
0
0
0
0
0
0
0
0
0
0
0
0
0
0
0
0
0
0
0
0
0
0
0
0
0
0
0
0
0
0
0
0
0
0
0
0
0
0.0234964
0.0234964
0
0
0
0
0
0
0
0
0
0
0
0
0.0234964
0.0234964
0
0
0.0234964
0.0234964
0.0234964
0.0234964
0
0
0.0234964
0.0234964
0
0
0
0
0
0
0
0
0
0
0
0
0
0
0.0234964
0.0234964
0
0
0
0.0234964
0.0234964
0
0
0
0
0
0
0
0
0
0
0
0.0234964
0.0234964
0
0
0
0.0234964
0.0234964
0.0234964
0
0
0
0
0
0
0
0
0
0
0.0234964
0.0234964
0
0
0
0.0234964
0.0234964
0.0234964
0.0234964
0
0
0
0
0
0
0
0
0
0
0
0
0
0
0
0
0
0
0
0
0
0
0
0
0
0
0
0.0234964
0.0234964
0
0
0
0
0
0
0
0
0
0
0.0234964
0.0234964
0
0
0
0.0234964
0.0234964
0.0234964
0.0234964
0.0234964
0
0
0
0
0
0.0234964
0
0.0234964
0.0234964
0.0234964
0.0234964
0.0234964
0.0234964
0
0.0234964
0
0
0
0
0
0
0
0
0.0234964
0.0234964
0.0234964
0.0234964
0
0
0
0
0
0
0
0
0
0
0
0
0
0
0
0
0
0
0
0
0
0
0
0.0234964
0.0234964
0
0
0
0
0
0
0
0.0234964
0.0234964
0.0234964
0.0234964
0
0
0
0
0
0
0
0
0
0
0
0
0
0
0.0234964
0.0234964
0.0234964
0.0234964
0.0234964
0.0234964
0.0234964
0.0234964
0.0234964
0.0234964
0.0234964
0.0234964
0.0234964
0
0
0
0
0.0234964
0
0.0234964
0.0234964
0.0234964
0.0234964
0
0.0234964
0.0234964
0
0
0
0
0
0.0234964
0
0.0234964
0.0234964
0.0234964
0.0234964
0
0
0.0234964
0.0234964
0.0234964
0
0.0234964
0.0234964
0.0234964
0.0234964
0
0.0234964
0.0234964
0
0.0234964
0
0
0
0.0234964
0.0234964
0
0.0234964
0.0234964
0
0
0
0.0234964
0.0234964
0.0234964
0.0234964
0.0234964
0.0234964
0.0234964
0.0234964
0.0234964
0.0234964
0.0234964
0
0
0
0
0
0
0
0
0
0
0
0
0
0
0
0
0
0
0
0
0
0
0
0
0
0
0
0
0
0
0
0
0
0
0
0
0
0
0
0
0
0
0
0
0
0
0
0
0
0
0
0
0
0
0
0
0
0
0
0
0
0
0
0
0
0
0
0
0
0
0
0
0
0
0
0
0
0
0
0
0
0
0
0
0
0
0
0
0
0
0
0
0
0
0
0
0
0
0
0
0
0
0
0
0
0
0
0
0
0
0
0
0
0
0
0
0
0
0
0
0
0
0
0
0
0
0
0
0
0
0
0
0
0
0
0
0
0
0
0
0
0
0
0
0
0
0
0
0
0
0
0
0
0
0
0
0
0
0
0
0
0
0
0
0
0
0
0
0
0
0
0
0
0
0
0
0
0
0
0
0
0
0
0
0
0
0
0
0
0
0
0
0
0
0
0
0
0
0
0
0
0
0
0
0
0
0
0
0.0224639
0
0.0234964
0.0234964
0.0234964
0.0234964
0.0234964
0.0234964
0.0234964
0
0
0
0
0
0
0
0
0
0
0
0
0
0
0
0
0
0
0
0
0
0
0
0
0
0
0
0
0
0
0
0
0
0
0
0
0
0
0
0
0
0
0
0
0
0
0
0
0
0
0
0
0
0
0
0
0
0
0
0
0
0
0
0
0
0
0
0
0
0
0
0
0
0
0
0
0.0234964
0.0234964
0.0234964
0.0234964
0.0234964
0.0234964
0.0234964
0.0234964
0.0234964
0
0.0234964
0.0234964
0.0234964
0.0234964
0
0.0234964
0.0234964
0.0234964
0.0234964
0
0.0234964
0.0234964
0.0234964
0.0234964
0
0
0
0
0.0234964
0.0234964
0.0234964
0.0234964
0.0234964
0.0234964
0.0234964
0.0234964
0.0234964
0
0
0.0234964
0.0234964
0.0234964
0.0234964
0.0234964
0.0234964
0.0234964
0.0234964
0
0
0
0
0.0234964
0.0234964
0
0
0
0
0
0
0
0
0
0.0234964
0.0234964
0
0.0234964
0.0234964
0.0234964
0
0.0234964
0.0234964
0.0234964
0
0
0.0234964
0.0234964
0.0234964
0.0234964
0.0234964
0.0234964
0.0234964
0.0234964
0.0234964
0.0234964
0.0234964
0.0234964
0.0234964
0.0234964
0
0
0
0
0
0
0.0234964
0.0234964
0.0234964
0.0234964
0
0
0
0
0
0
0
0
0
0
0
0
0
0
0
0
0
0
0
0
0
0
0
0
0
0.0234964
0
0
0
0
0
0
0
0
0
0
0.0234964
0.0234964
0
0
0
0
0
0
0
0.0225284
0.0225284
0.022632
0.022632
0.0225056
0.0225056
0.0225056
0.0225056
0.0225056
0.0225056
0
0
0.0224431
0.0224431
0.0224431
0.0224431
0.0224431
0
0
0
0
0
0
0
0
0
0
0
0
0
0
0
0
0
0
0
0
0
0
0
0
0
0
0
0
0
0
0
0
0
0
0
0
0
0
0
0
0
0
0
0
0
0
0
0
0
0
0
0
0
0
0
0
0
0
0
0
0
0
0
0
0
0
0
0
0
0
0
0
0
0
0
0
0
0
0
0
0
0
0
0
0
0
0
0
0
0
0
0
0
0
0
0
0
0
0
0
0
0
0
0
0
0
0
0
0
0
0
0
0
0
0
0
0
0
0
0
0
0
0
0
0
0
0
0
0
0
0
0
0
0
0
0
0
0
0
0
0
0
0
0
0
0
0
0
0
0
0
0
0
0
0
0
0
0
0
0
0
0
0
0
0
0
0
0
0
0
0
0
0
0.0224431
0
0
0
0
0
0
0
0
0.0224431
0.0224431
0.0224431
0.0224431
0.0224431
0.0224431
0
0
0.0224431
0.0224431
0
0
0
0
0
0
0
0
0
0
0
0
0
0
0
0
0
0
0
0
0
0
0
0
0
0
0
0
0
0
0
0
0
0
0
0
0
0
0
0
0.0224431
0.0224431
0
0
0
0
0
0
0
0
0
0
0
0
0
0
0
0
0
0
0
0
0
0
0
0
0
0.0224431
0
0
0
0
0
0
0
0
0
0
0
0
0
0
0
0
0
0
0
0
0
0
0
0
0
0
0
0
0
0
0
0
0
0
0
0
0
0
0
0
0
0
0
0
0
0
0
0
0
0
0
0
0
0
0
0
0
0
0
0
0
0
0
0
0
0
0
0
0
0
0
0
0
0
0
0
0
0
0
0
0
0
0
0
0
0
0
0
0
0
0
0
0
0
0
0
0
0
0
0
0
0
0
0
0
0
0
0
0
0
0
0
0
0
0
0
0
0
0
0
0
0
0
0
0
0
0
0
0
0
0
0
0
0
0
0
0
0
0
0
0
0
0
0
0
0
0
0
0
0
0
0
0
0
0
0
0
0
0
0
0
0
0
0
0
0
0
0
0
0
0
0
0
0
0
0
0
0
0
0
0
0
0
0
0
0
0
0
0
0
0
0
0
0
0
0
0
0
0
0
0
0
0
0
0
0
0
0
0
0
0
0
0
0
0
0
0
0
0
0
0
0
0
0
0.0224431
0.0224431
0.0224431
0.0224431
0.0224431
0.0224431
0.0224431
0.0224431
0.0224431
0.0224431
0.0224431
0.0224431
0.0224431
0.0224431
0.0224431
0.0224431
0.0224431
0.0224431
0.0224431
0.0224431
0.0224431
0
0
0
0.0224431
0.0224431
0.0224431
0.0224431
0.0224431
0.0224431
0.0224431
0.0224431
0.0224431
0.0224658
0.0224658
0.0224658
0.0224695
0.0224695
0.0224658
0.0224658
0.0224695
0
0.2
0.2
0.2
0.0224658
0
0.0567962
0
0.0567962
0.0573854
0.0224658
0
0.0224658
0.0224658
0.0224658
0.0224658
0.0224658
0.0333148
0.0224658
0.0224658
0
0
0.0241005
0.0241005
0.0241051
0.0241051
0.0241005
0.0241005
0
0
0.0240795
0.0240795
0.0240795
0.0240795
0.0240795
0.0240795
0
0
0
0
0
0.0240981
0.0240795
0.0240795
0.0240795
0.0240795
0.0240795
0
0.0240795
0.0240795
0.0240795
0.0241309
0.0241309
0.0240795
0.0240795
0
0.0240795
0
0.0240795
0.0240795
0.0240795
0
0.0240795
0.0240795
0
0
0
0.0240795
0.0240795
0.0240795
0.0240795
0.0240795
0.0240795
0.0240795
0.0240795
0.0240795
0.0240795
0.0240795
0.0240795
0.0241309
0.0241309
0.0241309
0
0.0241309
0.0240795
0.0240795
0.0240795
0.0240795
0
0.0240795
0.0240795
0
0
0
0
0.147442
0.147442
0.147442
0
0
0
0
0
0.147442
0
0
0
0
0
0
0
0
0
0
0.144338
0
0
0.142857
0
0.142857
0.142857
0.142857
0.142857
0.142857
0.142857
0.142857
0.142857
0.142857
0
0
0.142857
0
0.142857
0
0.142857
0.144338
0.144338
0
0.147979
0
0.147979
0
0
0.147979
0.147979
0.147979
0
0.15133
0
0.15133
0.214834
0.15133
0
0.15133
0
0.15133
0.143839
0.143839
0.142857
0.142857
0.142857
0.142857
0
0
0
0
0
0.147979
0.147979
0.147979
0.147979
0
0.147979
0.147979
0.147979
0
0.15133
0
0.15133
0
0.15133
0
0.15133
0.15133
0
0
0
0
0
0
0
0.186772
0.186772
0.186772
0
0.186772
0
0
0
0
0
0
0
0
0
0
0
0
0
0
0
0
0.147979
0
0
0
0
0
0
0.147979
0.186772
0.186772
0.186772
0.186772
0.186772
0.186772
0.186772
0.186772
0.186772
0.186772
0.186772
0.0226572
0.0226572
0
0.0226572
0.0226572
0.0226572
0
0.0226572
0.144338
0.144338
0
0.023636
0.0242917
0
0
0
0
0.0763975
0.0763975
0
0
0
0.02537
0
0
0
0
0
0
0
0
0.252646
0
0.252646
0.252646
0.252646
0.252646
0.252646
0
0
0
0
0
0
0
0
0
0
0
0
0
0
0
0
0
0
0
0
0.0717342
0.0234964
0.0234964
0.0234964
0
0
0
0
0
0
0
0
0
0
0
0.0291606
0.0291606
0
0.0291606
0
0.0291606
0.0291606
0.0291606
0.0291606
0.0291606
0.0291606
0.0291606
0
0
0.0291606
0.0291606
0.0291813
0.0291813
0
0
0.0291813
0.0291813
0.0291606
0
0
0
0
0
0
0
0
0
0
0
0
0
0
0.0291771
0.0291771
0.0291771
0.0291771
0
0.0291771
0
0
0
0
0
0
0
0
0
0
0.0291771
0.0291771
0
0
0.0291771
0.0291771
0.0291771
0
0.0291771
0
0
0
0.0291771
0
0
0.0291771
0.0291771
0.0291771
0
0.0291979
0
0
0
0
0
0
0
0
0
0
0
0
0
0
0
0
0
0.0226397
0.171499
0
0
0
0.1659
0.1659
0
0
0.030317
0.030317
0.030317
0.030317
0.030317
0.030317
0.030317
0.030317
0.030317
0.030317
0.214834
0.214834
0.214834
0
0.214834
0.214834
0.214834
0
0.214834
0
0
0.213201
0
0
0
0
0
0
0
0
0
0.214834
0.214834
0.214834
0.214834
0.214834
0.022663
0.022663
0.022663
0.022663
0.022663
0
0
0
0
0
0
0
0.0224431
0.0224431
0
0
0.0372333
0.0372333
0.0372333
0.0372333
0.0226224
0.0226224
0.0226224
0.0226127
0
0
0
0
0.0226397
0.0226397
0.0226397
0
0
0
0
1
1
0
0.0226397
0.0226397
0
0.0224658
0.0448862
0.0448862
0.0448862
0.0448862
0.143839
0.0448862
0
0.0448862
0.110657
0.110657
0
0
0
0
0
0.0227449
0
0.0226339
0.0291647
0.0780869
0.0780869
0.0780869
0.0780869
0
0
0
0
0
0
0
0
0
0
0
0
0
0
0
0
0
0
0
0
0
0
0
0
0
0
0
0
0.201347
0.201347
0
0
0
0
0
0
0
0
0.106399
0
0
0
0
0
0
0
0
0
0
0
0
0
0
0
0
0
0
0
0
0
0
0
0
0
0.106399
0.106399
0.106399
0.106399
0.106399
0.106399
0.0909091
0.0224431
0.0224431
0.0224431
0.0224431
0.0435745
0.0454233
0.0454233
0.149626
0
0
0
0.149626
0.149626
0.149626
0.149626
0.149626
0.149626
0.149626
0.149626
0.149626
0.149626
0.149626
0.149626
0.149626
0.149626
0
0.159448
0.149626
0.149626
0.149626
0.149626
0
0.214834
0.149626
0.149626
0.149626
0.149626
0.149626
0.149626
0.149626
0.149626
0.149626
0.149626
0.196116
0.149626
0
0.149626
0.149626
0.149626
0
0
0
0
0
0.149626
0.149626
0
0
0
0
0
0
0.149626
0
0.149626
0.149626
0.149626
0
0
0
0
0
0
0
0
0
0
0
0
0
0
0
0
0
0
0
0
0
0
0
0
0
0.149626
0.149626
0.149626
0.149626
0.149626
0
0
0
0
0
0
0
0
0
0
0
0
0.149626
0.149626
0
0
0
0
0
0
0
0
0
0
0.149626
0
0
0
0
0.197386
0.151911
0
0
0
0
0
0
0
0
0
0
0
0
0
0.149626
0
0
0
0
0
0
0
0
0
0
0
0
0
0
0
0
0
0
0
0
0
0
0.162938
0.162938
0.162938
0.162938
0.162938
0.162938
0.162938
0.168232
0.168232
0.168232
0.162938
0.162938
0.162938
0.162938
0
0.162938
0.162938
0
0
0.162938
0.162938
0
0
0.162938
0
0
0
0
0
0
0
0
0
0
0
0
0
0.162938
0
0
0
0
0
0
0
0
0.162938
0
0
0
0
0
0
0
0
0
0
0
0
0
0
0
0
0
0
0
0.162938
0
0
0
0
0
0
0
0
0
0
0
0.162938
0
0
0
0
0
0
0
0
0
0
0
0
0
0
0
0.0225992
0.0225992
0.0225992
0.0225992
0.0225992
0.0225992
0.0225992
0.0225992
0.0266186
0.0225992
0.0225992
0.0225992
0.0225992
0.0225992
0
0
0
0
0
0
0
0
0.0226012
0.0226012
0.0226012
0.0226012
0.0226012
0.0226012
0
0
0.0226012
0.0453143
0.0453298
0.0412979
0
0.0412979
0.0412979
0.0412979
0.0412979
0.0412979
0.0412979
0.0412979
0.0412979
0.0412979
0.0413214
0.0413214
0
0
0.0413214
0
0
0
0
0
0
0
0
0
0
0
0
0
0
0
0
0
0
0
0
0
0
0
0
0
0
0
0
0
0
0
0
0
0
0
0
0.0583543
0
0
0
0
0
0
0
0
0.0341394
0.0272603
0
0
0.0351726
0.0226012
0.0226012
0.0226012
0.0437269
0.0437269
0.0437548
0.0226012
0.0226012
0.0226397
0.0226012
0.0226012
0.022605
0.025203
0.025203
0.022605
0.0226185
0.0226185
0.0226185
0.0226185
0.022605
0.022605
0.022605
0.025203
0.025203
0.025203
0.025203
0.025203
0.0266029
0.025203
0.025203
0.025203
0.0367194
0.025203
0.025203
0.025203
0.025203
0.025203
0.025203
0.025203
0
0
0
0
0
0.0226012
0.0226012
0.0226012
0.0226012
0.0268157
0.0226012
0
0
0
0
0
0
0.0226012
0.0266186
0.0226012
0.0256579
0.0226012
0.0226012
0.0226012
0.0256579
0.0256579
0.0263219
0.0258948
0.0258948
0.0258948
0.0258948
0.0258948
0.0258948
0.135665
0.135665
0.135665
0.135665
0.135665
0.135665
0.0381062
0.0747435
0.0394362
0.0346549
0.0346479
0
0.109985
0.109985
0.109985
0.0226397
0.0226397
0
0
0
0
0
0
0
0
0
0
0
0
0
0
0
0
0
0
0
0
0
0
0
0.0224639
0.0224639
0.0224639
0.0224639
0.0224639
0.0224639
0.0224639
0.0224639
0.0224639
0.0224639
0.0224639
0
0
0
0
0
0
0
0
0
0
0
0
0
0
0
0
0
0
0
0
0
0
0
0
0
0
0
0
0
0
0
0
0
0
0
0
0
0
0
0
0
0
0
0
0
0
0
0
0
0
0
0
0
0
0
0
0
0
0
0
0
0
0
0
0
0
0
0
0
0
0
0
0
0
0
0
0
0
0
0
0
0
0
0
0
0
0
0
0
0
0
0
0
0
0
0
0
0
0
0
0
0
0
0
0
0
0
0
0
0
0
0
0
0
0
0
0
0
0
0
0
0
0
0
0
0
0
0
0
0
0
0
0
0
0
0
0
0
0
0
0
0
0
0
0
0
0
0
0
0
0
0
0
0
0
0
0
0
0
0
0
0
0
0
0
0
0
0
0
0
0
0
0
0
0
0
0
0
0
0
0
0
0
0
0
0
0
0
0
0
0
0
0
0
0
0
0
0
0
0
0
0
0
0
0
0
0
0
0
0
0
0
0
0
0
0
0
0
0
0
0
0
0
0
0
0
0
0
0
0
0
0
0
0
0
0.0224055
0.0224055
0.0224055
0.0224055
0.0224055
0.0224055
0.0224243
0.022413
0.0224639
0.0224055
0
0.0224639
0.0224639
0
0
0
0.0275869
0.0252538
0.0275869
0.0275869
0.0275869
0.0275869
0.0275869
0.0275869
0
0.0417513
0.0275869
0.0275869
0.0275869
0.0252538
0.0252538
0.0252538
0.0252538
0.0252538
0.0252538
0.0252538
0
0
0
0
0
0
0
0.0252538
0
0
0.03125
0.0255878
0.261116
0.261116
0
0.261116
0
0
0.0330469
0.0255516
0.0255516
0.0255516
0.0255516
0.0255516
0.0255516
0
0
0
0
0
0
0.0260732
0.0260732
0.0263158
0.0290742
0
0.0375735
0
0
0
0.0258515
0.0258515
0
0.0258544
0
0.0258544
0.0316492
0
0.0257513
0.025757
0
0
0
0
0
0
0
0
0
0
0
0
0
0
0
0
0
0
0
0
0
0
0
0
0
0
0
0
0
0
0
0
0
0
0
0
0
0
0
0
0
0
0
0
0
0
0
0
0
0
0
0
0
0
0
0
0
0
0
0
0
0
0
0
0
0
0
0
0
0
0
0
0
0
0
0
0
0
0
0
0
0
0
0
0
0
0
0
0
0
0
0
0
0
0
0
0
0
0
0
0
0
0
0
0
0
0
0
0
0
0
0
0
0
0
0
0
0
0
0
0
0
0
0
0
0
0
0
0
0
0
0
0
0
0
0
0
0
0
0
0
0
0
0
0
0
0
0
0
0
0
0
0
0
0
0
0
0
0
0
0.0971286
0.0971286
0
0
0
0.0313215
0.0313215
0.0313215
0.0313215
0.0313215
0
0.0313215
0
0
0
0
0.0318896
0
0
0
0
0
0
0
0
0
0.0311891
0.0311891
0.0311891
0.0311891
0.0311891
0
0
0
0
0
0.0313215
0.0313215
0.0313215
0.0313215
0.0313215
0.0313215
0
0
0
0
0
0
0
0
0
0
0.0314866
0.0313061
0.0313215
0
0
0
0
0.0313061
0.0313061
0.0313061
0.0313061
0.0313061
0
0
0
0
0
0
0
0
0
0
0
0
0
0
0
0
0
0
0.0313061
0
0
0
0
0
0
0
0
0
0.0316439
0.0316439
0.0316439
0.0316439
0.032097
0
0.032219
0.0316439
0
0
0
0
0
0
0
0
0
0.0331436
0
0.0331436
0.0331436
0.0331436
0.0331436
0.0331436
0
0
0
0
0
0
0
0
0
0
0
0
0
0
0.0718576
0
0
0
0
0
0
0
0
0
0
0
0
0
0
0
0
0
0
0
0.0311891
0.0311891
0
0.0331436
0.0311841
0.0311841
0.0331436
0.0331436
0.0331436
0
0
0.0313163
0.0313163
0
0.0313163
0.149626
0.149626
0.149626
0.149626
0
0
0
0
0
0
0
0
0
0
0
0
0
0
0
0
0
0
0
0
0
0
0
0
0
0
0
0
0
0
0.194871
0.194871
0.194871
0.194871
0.194871
0.172345
0.172345
0.1659
0.1659
0.1659
0.1659
0.1659
0.1659
0.1659
0.1659
0.1659
0
0
0
0
0
0.1659
0.1659
0.1659
0.1659
0.1659
0.166667
0
0
0
0
0
0
0
0
0
0
0
0
0
0
0
0
0
0
0
0
0
0
0
0
0
0
0
0
0
0
0
0
0
0
0
0
0
0
0
0
0
0
0
0
0
0
0
0
0
0
0
0
0
0
0
0
0
0
0
0
0
0
0
0
0
0
0
0
0
0
0
0
0
0
0
0
0
0
0
0
0
0
0
0
0
0
0
0
0
0
0
0
0
0
0
0
0
0
0
0
0
0
0
0
0
0
0
0
0
0
0
0
0
0
0
0
0
0
0
0
0
0
0
0
0
0
0
0
0
0
0
0
0
0
0
0
0
0
0
0
0
0
0
0
0
0
0
0
0
0
0
0
0
0
0
0
0
0
0
0
0
0
0
0
0
0
0
0
0
0
0
0
0
0
0
0
0
0
0
0
0
0
0
0
0
0
0
0
0
0
0
0
0
0
0
0
0
0
0
0
0
0
0
0
0.0724841
0.0724841
0.0724841
0.0724841
0
0
0
0
0
0
0.1659
0.1659
0.1659
0.1659
0.0724841
0.0724841
0.0724841
0.0724841
0.0724841
0.0739895
0.0739895
0.0724841
0.0739895
0.0739895
0.0739895
0.0739895
0.0739895
0.0798935
0.0798935
0.0855399
0.0798935
0.0724841
0.0724841
0
0
0
0.0313061
0.0313061
0.0313061
0.0313061
0.0313061
0.0313061
0
0
0
0
0
0
0.0313215
0.0313061
0
0
0.0331436
0.0331436
0.0334637
0.0334637
0.0334637
0
0
0
0
0
0
0
0
0
0
0
0
0
0
0
0
0
0.1659
0
0
0
0
0
0
0
0
0
0.13525
0.219971
0.219971
0
0
0
0
0.219971
0.219971
0.0224431
0.0224431
0.0224431
0.0224431
0.0224431
0.140952
0.146385
0.184637
0
0.184637
0.184637
0.13403
0.13403
0.13403
0
0.13525
0.13525
0.13525
0.13525
0.13525
0.13525
0.13525
0.13525
0.13525
0.13525
0.13525
0.13525
0.13525
0.13525
0.13525
0.13525
0.13525
0.13525
0.13525
0.13525
0.13525
0.13525
0.13525
0.13525
0.13525
0.13525
0.13525
0.13525
0.13525
0.13525
0.13525
0.13525
0.13525
0.13525
0.13525
0.13525
0.13525
0.13525
0.13525
0.13525
0.13525
0.13525
0.13525
0.13525
0.13525
0.13525
0.13525
0.13525
0.13525
0.13525
0.13525
0.13525
0.13525
0.13525
0.13525
0.13525
0.13525
0.13525
0.13525
0.13525
0.13525
0.13525
0.13525
0.13525
0.13525
0.13525
0.13525
0.13525
0.13525
0.13525
0.13525
0.13525
0.13525
0.13525
0.13525
0.13525
0.13525
0.13525
0.13525
0.13525
0.13525
0.13525
0.13525
0.13525
0.13525
0.13525
0.13525
0.13525
0.13525
0.13525
0.13525
0.13525
0.13525
0.13525
0.13525
0.13525
0.13525
0.13525
0.13525
0.13525
0.13525
0.13525
0.13525
0.13525
0.13525
0.13525
0.13525
0.13525
0.13525
0.13525
0.13525
0.13525
0.144338
0
0
0
0
0
0
0
0
0
0
0.147979
0.147979
0.208514
0.147979
0
0
0
0
0
0.147979
0.213201
0.147979
0.216506
0.147979
0
0.147979
0
0.147979
0
0.147979
0
0.147979
0.208514
0.147979
0
0.147979
0
0.147979
0.147979
0
0.147979
0
0.147979
0
0.147979
0
0.147979
0
0
0
0
0
0.147979
0.216506
0.147979
0
0.147979
0
0.147979
1
0.147979
0.208514
0.147979
0.147979
0
0.147979
0.147979
0
0.147979
0
0.147979
0
0.147979
0.147979
0.214834
0.214834
0
0.214834
0.214834
0
0.214834
0.218218
0.214834
0.218218
0.214834
0
0.214834
0
0.214834
0
0.214834
0
0.214834
0
0.225494
0
0.214834
0
0.214834
0
0.214834
0
0.214834
0.214834
0
0
0.214834
0.218218
0.214834
0
0.214834
0
0.214834
0
0.214834
0.214834
0
0
0
0
0
0
0.214834
0.214834
0.214834
0
0.214834
0
0.214834
0.214834
0
0.214834
0.219971
0.219971
0
0.214834
0
0.214834
0
0.214834
0
0.214834
0
0.214834
0
0.214834
0
0.214834
0
0.214834
0
0.214834
0.218218
0.214834
0
0.214834
0
0.214834
0
0.214834
0
0.214834
0.214834
0.218218
0.218218
0.219971
0.214834
0.218218
0.218218
0.214834
0.214834
0
0.214834
0.225494
0.214834
0.219971
0.214834
0
0.214834
0
0.214834
0.218218
0.214834
0.219971
0.214834
0
0.214834
0.214834
0.214834
0.214834
0.214834
0.214834
0.214834
0
0.214834
0.214834
0.218218
0.214834
0.214834
0.218218
0.218218
0.218218
0.229416
0.214834
0
0.214834
0.214834
0.214834
0.214834
0
0.214834
0.218218
0
0
0.214834
0.219971
0.219971
0.214834
0.218218
0.214834
0
0.214834
0.214834
0.147979
0.147979
0.147979
0.147979
0.214834
0.218218
0.218218
0.214834
0.213201
0.213201
0.213201
0
0
0
0
0
0
0
0
0
0
0
0
0.219971
0.219971
0.219971
0.219971
0.219971
0.147979
0
0.218218
0.15133
0.15133
0.15133
0.15133
0.218218
0.15133
0
0.15133
0.147979
0.13525
0.13525
0.13525
0.13525
0
0
0
0
0
0
0
0
0
0
0
0
0
0
0
0
0
0
0
0
0
0
0
0
0
0
0
0
0
0
0
0
0
0
0
0
0
0
0
0
0
0
0
0
0.184637
0.186772
0
0.0224658
0.0224658
0.0224658
0.0224658
0.0226572
0.0224658
0.0224658
0.0224658
0.0224658
0.0224658
0.0224658
0.0224658
0.0224658
0.0224658
0.0224658
0.0224658
0.0224658
0.0224658
0.0224658
0.0224658
0.0224658
0.0224658
0.0224658
0.0224658
0.0224658
0.0224658
0.0224658
0.0224658
0.0224658
0.0224658
0.0224658
0.0224658
0.0224658
0.0224658
0.0224658
0.0224658
0.0224658
0.0224658
0.0224658
0.0224658
0.0224658
0.0224658
0.0224658
0.0224658
0.0224658
0.0224658
0.0224658
0.0224658
0.0224658
0.0224658
0.0224658
0.0224658
0.0224658
0.0224658
0.0224658
0.0224658
0.0224658
0.0224658
0.0224658
0.0224658
0.0224658
0.0224658
0.0224658
0.0224658
0.0224658
0.0224658
0.0224658
0.0224658
0.0224658
0.0224658
0.0224658
0.0224658
0.0224658
0.0224658
0.0224658
0.0224658
0.0224658
0.0224658
0.0224658
0.0224658
0.0224658
0.0224658
0.0224658
0.0224658
0.0224658
0.0224658
0.0224658
0.0224658
0.0224658
0.0224658
0.0224658
0.0224658
0.0224658
0.0224658
0.0224658
0.0224658
0.0224658
0.0224658
0.0224658
0.0224658
0.0224658
0.0224658
0.0224658
0.0224658
0.0224658
0.0224658
0.0224658
0.0224658
0.0224658
0.0224658
0.0224658
0.0224658
0.0224658
0.0224658
0.0224658
0.0224658
0.0224658
0.0224658
0.0224658
0.0224658
0.0224658
0.0224658
0.0224658
0.0224658
0.0224658
0.0224658
0.0224658
0.0224658
0.0224658
0.0224658
0.0224658
0.0224658
0.0224658
0.0224658
0.0224658
0.0224658
0.0224658
0.0224658
0.0224658
0.0224658
0.0224658
0.0224658
0.0224658
0.0224658
0.0224658
0.0224658
0.15133
0
0.15133
0.15133
0
0
0
0
0
0
0
0
0
0
0
0.15133
0
0
0
0
0
0
0
0
0
0
0
0
0
0
0
0
0
0
0.0224658
0.0567962
0.0225018
0.0225018
0.0224658
0
0
0
0
0.0225018
0.0225018
0
0
0
0
0
0
0
0
0
0
0
0
0
0
0
0
0
0
0
0
0
0
0
0
0
0
0
0
0.0224695
0
0
0
0
0
0
0
0
0
0
0
0.0240238
0.0240238
0.0226224
0
0
0
0
0
0
0.201347
0.201347
0
0
0.15133
0
0
0.201347
0.201347
0.147979
0.0235899
0.0235899
0.0235899
0.0226378
0.030317
0
0
0
0
0
0
0.208514
0
0
0
0.218218
0
0
0.0224658
0.0224658
0.0224658
0
0
0.0224639
0.0224639
0.0224639
0.0224639
0.147979
0.15133
0
0
0
0
0
0
0
0
0
0
0
0
0
0
0
0
0
0
0
0
0
0
0
0
0
0
0
0
0
0
0
0
0
0
0
0
0
0
0
0
0
0
0
0
0
0
0
0
0
0
0
0
0
0
0
0
0
0
0
0
0
0
0
0
0
0
0
0
0
0
0.0224037
0.0224037
0.0224037
0.0224037
0.0224658
0.0224695
0.0224695
0.0224695
0.0224658
0.0224658
0.0224658
0.0224658
0.0224658
0.0224658
0.0224658
0.0224658
0.0224658
0.0224658
0.0224658
0.0224658
0.0224658
0.0224658
0.0224658
0.0224658
0.0224658
0.0224658
0.0224658
0.0224658
0.0433419
0.0433419
0.0433419
0.142857
0.0434236
0.0445141
0.0567962
0.0567962
0.0567962
0.201347
0
0.202721
0
0.202721
0.0567962
0
0.0224658
0.0225075
0
0.032331
0
0.032331
0.0331618
0
0
0
0
0
0
0
0
0
0
0
0
0
0
0
0.0224658
0.0224658
0.0225018
0.0333087
0.0333087
0.0225839
0.0225839
0.0225839
0.0225839
0
0.0225839
0.0225839
0.0225839
0.0225839
0.0226243
0
0
0.0225839
0.0225839
0
0.0225839
0.0225839
0
0
0.0225839
0
0
0
0
0
0
0
0
0
0
0
0
0
0
0
0
0
0
0
0
0
0
0
0
0
0
0
0
0
0
0
0
0
0
0
0
0
0
0
0
0
0
0
0
0
0
0
0
0
0
0.0225839
0
0
0
0
0
0.0225839
0.045053
0.045053
0.045053
0.045053
0.045053
0.0510976
0.0510976
0.0510976
0.0510976
0.0510976
0.0455016
0.0455016
0.0456277
0.0625407
0.0625407
0.0625407
0.0625407
0.0881591
0.0625407
0.0455016
0.0450682
0.0881591
0.0456277
0.0456277
0.0625407
0.0881591
0.0450682
0.0450682
0.0447961
0.0447961
0.0447961
0.0447961
0.210042
0.0447961
0.0447961
0.0447961
0.0447961
0.0447961
0.0509207
0.0447961
0.0509207
0.0509207
0.0682524
0.0682524
0.0509207
0.0509207
0.0509207
0.0450073
0.0447961
0.0447961
0.0447961
0.0509207
0.0447961
0.0447961
0.0509207
0.0509207
0.0509207
0
0.0509207
0.0509207
0
0
0
0
0.0447961
0.0447961
0.0448111
0.0448111
0.078811
0.078811
0
0.078811
0.078811
0.078811
0.0509207
0.0509207
0
0.0447961
0.0448111
0.0448111
0.0448111
0.078811
0.0448261
0.0448261
0.0447961
0.0447961
0.0477818
0.0447961
0.0581566
0.0581566
0.0447961
0.0448261
0.0447961
0
0
0
0
0
0
0
0
0
0
0
0
0
0
0
0
0
0
0
0
0
0
0
0
0.13525
0
0
0.190117
0
0
0
0
0
0
0
0
0
0
0
0
0
0
0
0.13525
0
0.13525
0.13525
0
0
0
0
0
0
0
0
0
0
0
0
0
0
0
0
0
0
0
0
0
0
0
0
0
0
0
0
0
0
0
0
0
0
0
0
0
0
0
0
0
0
0
0
0
0
0
0
0
0
0
0
0
0
0
0
0
0
0
0
0
0
0
0
0
0
0
0
0
0
0
0
0
0
0
0
0
0
0
0
0
0
0
0
0
0
0
0
0
0
0
0
0
0
0
0
0
0
0
0
0
0
0
0
0
0
0
0
0
0
0
0
0
0
0
0
0
0
0
0
0
0
0
0
0
0
0
0
0
0
0
0
0
0
0
0
0
0
0
0
0
0
0
0
0
0
0
0
0
0
0
0
0
0
0
0
0
0
0
0
0
0
0
0
0
0
0
0
0
0
0
0
0
0
0
0
0
0
0
0
0
0
0
0
0
0
0
0
0
0
0
0
0
0
0
0
0
0
0
0
0
0
0
0
0
0
0
0
0
0
0
0
0
0
0
0
0
0
0
0
0
0
0
0
0
0
0
0
0
0
0
0
0
0
0
0
0
0
0
0
0
0
0
0
0
0
0
0
0
0.13525
0
0.184637
0
0.184637
0.184637
0.184637
0.184637
0.184637
0.184637
0.184637
0.218218
0.218218
0.184637
0.184637
0
0
0
0
0
0
0
0
0
0
0
0.184637
0.184637
0
0
0.184637
0.184637
0
0
0
0
0
0
0
0
0
0
0
0
0
0
0
0
0
0
0
0
0
0
0
0
0
0
0
0
0
0
0
0
0
0
0
0
0
0
0
0
0
0
0
0
0
0
0
0
0
0
0
0
0
0
0
0
0
0
0
0
0
0
0
0
0
0
0
0
0
0
0
0
0
0
0
0
0
0
0
0
0
0
0
0
0
0
0
0
0.0243806
0.0243878
0.0255516
0.0255516
0.0255516
0.0255516
0.0255516
0.0255516
0.0255516
0.0255516
0.0255516
0.0255516
0.0255516
0.0255516
0.0476912
0.0321357
0.158777
0
0.0667161
0.0389939
0
0
0
0
0
0
0
0
0
0
0
0
0
0
0.0448111
0
0
0
0
0
0
0
0
0
0
0
0
0
0
0
0
0
0
0
0.155543
0.155543
0.155543
0.155543
0.155543
0.155543
0
0
0
0
0
0
0
0
0
0
0
0
0
0
0
0.155543
0.155543
0.155543
0.155543
0
0
0
0
0
0
0
0
0
0
0
0
0.0331436
0.0331436
0.0331436
0.0331436
0.0331436
0.0331436
0
0
0
0
0.033583
0.033583
0
0
0
0
0
0
0
0.033583
0
0
0
0
0.13525
0
0
0.225494
0.247436
0
0
0
0
0
0
0
0
0
0
0
0
0
0
0.13525
0
0
0
0
0
0
0
0
0
0
0
0
0
0
0
0
0
0
0
0
0
0
0
0
0
0
0
0
0
0
0
0
0
0
0
0
0
0
0
0
0
0
0
0
0
0
0
0
0
0
0
0
0
0
0
0
0
0
0
0
0
0
0
0
0
0
0
0
0
0
0
0
0
0
0
0
0
0
0
0
0
0
0
0
0
0
0
0
0
0
0
0
0
0
0
0
0
0
0
0
0
0
0
0
0
0
0
0
0
0
0
0
0
0
0
0
0
0
0
0
0
0
0
0
0
0
0
0
0
0
0
0
0
0
0
0
0
0
0
0
0
0
0
0
0
0
0
0
0
0
0
0
0
0
0
0
0
0
0
0
0
0
0
0
0
0
0
0
0
0
0
0
0
0
0.13525
0.218218
0
0
0.0226397
0.144338
0.144338
0.144338
0.144338
0.144338
0.144338
0.144338
0.144338
0.144338
0.144338
0.144338
0.0224431
0.0224431
0.0224431
0.0224431
0.0441081
0
0.0450835
0
0
0.2
0.2
0
0
0.2
0.2
0.2
0.2
0.2
0.2
0.2
0.2
0.2
0.2
0.229416
0.229416
0.229416
0.229416
0
0.229416
0.229416
0.2
0.2
0
0
0
0
0
0
0
0
0
0
0
0
0
0
0.2
0.2
0.2
0.2
0.2
0.2
0
0.2
0
0
0
0
0
0
0.2
0
0
0
0.2
0
0
0.201347
0.2
0.201347
0.201347
0.201347
0.201347
0.201347
0
0.201347
0
0.201347
0.201347
0.201347
0
0
0.201347
0.201347
0.201347
0.201347
0.201347
0.201347
0
0
0
0
0
0
0
0
0
0
0
0
0
0
0
0
0.2
0
0
0
0
0
0
0
0.2
0.2
0.2
0.2
0.2
0.2
0.2
0.2
0.2
0.2
0.2
0.201347
0.201347
0.201347
0.201347
0.201347
0.201347
0.201347
0.201347
0.201347
0.201347
0
0.201347
0
0.201347
0.201347
0.201347
0
0
0.201347
0.201347
0.201347
0.201347
0.201347
0
0.201347
0.201347
0.201347
0.201347
0.201347
0.201347
0
0
0
0.201347
0
0.201347
0
0.201347
0
0.201347
0.201347
0.201347
0
0.201347
0
0.201347
0.201347
1
0
0
0
0
0
0.201347
0.201347
0.201347
0.201347
0.201347
0.201347
0
0
0.201347
0.201347
0.201347
0.201347
0.201347
0
0
0
0
0
0
0.201347
0
0.201347
0.201347
0.201347
0
0
0.201347
0.201347
0
0.201347
0.201347
0
0
0
0
0
0
0
0
0
0
0
0
0
0
0
0.20702
0.20702
0
0
0
0
0
0
0
0
0
0
0
0
0
0
0
0
0
0
0
0
0
0
0
0
0
0
0
0
0
0
0
0
0
0
0
0
0
0
0
0
0
0
0
0
0
0
0
0
0
0
0
0
0
0
0
0
0
0
0
0
0
0
0
0
0
0
0
0
0
0
0
0
0
0
0
0
0.223607
0.223607
0
0
0
0
0
0
0
0
0
0
0
0
0.223607
0.223607
0.223607
0
0
0
0
0
0.201347
0.201347
0.201347
0.201347
0.201347
0.201347
0.201347
0.201347
0.201347
0
0.204124
0.204124
0.201347
0.201347
0.201347
0
0
0
0
0.20702
0.20702
0
0.20702
0.201347
0.201347
0.201347
0.201347
0.201347
0
0.201347
0
0
0
0
0
0.201347
0
0
0
0
0
0
0.202721
0
0
0
0
0
0
0.202721
0
0
0.202721
0.223607
0.231455
0.231455
0
0
0
0
0
0
0
0
0
0
0
0
0
0
0
0
0
0
0
0
0
0
0.223607
0
0
0
0.223607
0.223607
0.202721
0.201347
0
0
0
0.201347
0.201347
0
0
0
0.201347
0.201347
0
0
0
0
0
0
0
0
0
0
0
0
0
0
0
0
0
0
0
0
0
0
0
0
0
0
0.204124
0
0.204124
0.231455
0.23355
0
0
0
0
0
0
0
0
0
0
0
0
0
0
0
0
0.223607
0.223607
0.223607
0.223607
0
0
0
0
0.223607
0
0
0
0.223607
0
0
0
0.223607
0
0
0.223607
0
0
0.223607
0
0
0
0
0
0
0
0.223607
0.201347
0
0
0
0
0
0
0
0
0
0
0
0
0
0
0
0
0
0
0
0
0
0
0
0
0
0
0
0
0.201347
0
0.223607
0.223607
0
0.223607
0.223607
0.223607
0
0
0
0
0
0
0
0
0
0
0
0
0
0
0
0.223607
0
0
0
0
0
0
0
0
0
0
0
0
0
0
0
0
0
0
0
0
0.2
0.2
0.2
0.2
0
0
0
0
0
0
0
0
0
0
0
0
0
0
0
0.2
0.2
0.2
0.2
0.2
0.2
0.2
0.2
0.2
0.2
0.2
0.2
0.2
0.2
0.2
0.2
0.2
0.2
0.2
0.2
0.2
0.2
0.2
0.2
0.2
0.2
0.2
0.2
0.2
0.2
0.2
0.2
0.2
0.2
0.2
0.2
0.2
0.2
0.2
0.2
0.2
0.2
0.2
0.2
0.2
0.2
0.2
0.2
0
0
0
0
0
0.2
0.2
0.2
0.2
0.2
0.2
0.022663
0.022663
0.022663
0.022663
0.022663
0.022663
0
0
0
0.022663
0
0.022663
0
0.022663
0.022663
0.022663
0
0
0
0
0
0
0
0
0
0
0
0
0
0
0
0
0
0
0
0
0
0
0
0.151911
0.151911
0.151911
0.151911
0
0
0
0
0
0
0
0
0
0
0
0
0
0
0
0
0
0
0
0
0
0
0
0
0
0
0
0
0
0
0
0
0
0
0
0
0
0
0
0
0
0
0
0
0
0
0.140952
0.140952
0.140952
0.141421
0.141421
0.141421
0.141421
0.141421
0.201347
0.0835269
0.0835269
0.0835269
0.0835269
0.0835269
0.0835269
0.0835269
0.0835269
0.0835269
0.0835269
0.0835269
0.0835269
0.0835269
0.0835269
0.0835269
0.0835269
0
0
0
0
0
0
0
0
0
0
0
0
0
0
0
0
0
0
0
0
0
0
0
0.0837218
0.0837218
0.0808452
0.0808452
0.0808452
0.0808452
0.0808452
0.0808452
0.0808452
0.0808452
0.0808452
0
0
0
0
0
0
0
0.0840168
0.136931
0.0840168
0
0
0
0.0808452
0
0
0.0808452
0.0808452
0.0808452
0.0808452
0.0818317
0.0818317
0.0818317
0.0818317
0.0818317
0.0818317
0
0.0818317
0.0835269
0.0808452
0.022632
0.022632
0.022632
0.022632
0.022632
0.022632
0
0
0
0
0
0
0
0.022632
0.022632
0.022632
0
0
0
0
0
0
0
0
0
0
0.022632
0.022632
0.022632
0.022632
0.022632
0
0
0
0
0
0
0
0
0
0
0
0
0
0
0
0
0
0
0
0
0
0
0
0
0
0
0
0
0
0
0
0
0
0
0.022632
0.022632
0.022632
0.022632
0
0
0
0
0
0
0
0
0
0.022632
0
0
0
0
0
0
0
0
0
0
0
0
0
0
0
0
0
0
0
0
0
0
0
0
0
0
0
0
0
0
0
0
0
0
0
0
0
0
0
0
0
0
0
0.022632
0.022632
0.022632
0.022632
0.022632
0.022632
0
0
0
0.022632
0
0
0
0
0.022632
0.022632
0.022632
0.022632
0.022632
0.022632
0.022632
0.022632
0
0
0.022632
0
0
0
0
0
0
0
0
0
0
0
0
0
0
0
0
0
0
0
0
0
0
0
0
0
0
0
0
0
0
0
0
0
0
0
0
0
0
0
0
0
0
0
0
0
0
0
0
0
0
0
0
0
0
0
0
0
0
0
0
0
0
0
0
0
0
0
0
0
0
0
0
0
0
0
0
0
0
0
0
0
0
0
0
0
0
0
0
0
0
0
0
0
0
0
0
0
0
0
0
0
0
0
0
0
0
0
0
0
0
0
0
0
0.0224431
0.0224431
0.0224431
0.0224431
0.0224431
0.0224412
0.0224412
0.0224412
0.0224412
0.0224412
0.0224412
0.0224431
0.0224431
0.0224431
0.0224431
0
0
0
0
0
0
0
0
0
0.0433419
0.0433419
0.0433419
0.0433419
0.0433419
0.0433419
0.0433419
0.0433419
0.0433419
0.048094
0.048094
0
0.101885
0
0.048094
0
0.0436297
0
0
0
0
0
0
0
0
0
0
0
0
0
0
0
0
0
0
0
0
0
0
0
0
0
0
0
0
0
0
0
0.140952
0.140952
0.140952
0.140952
0.140952
0.140952
0.140952
0.140952
0.140952
0.140952
0.140952
0.137795
0.137795
0.137795
0.137795
0
0
0.201347
0.201347
0.201347
0.146385
0.146385
0.146385
0.146385
0.146385
0.214834
0.214834
0.214834
0.146385
0.213201
0.213201
0.146385
0.146385
0
0.146385
0.144338
0.144338
0
0
0
0
0
0.141421
0.141421
0.141895
0
0.141895
0.144841
0.141421
0.141421
0.141421
0.141421
0.141421
0.141421
0.141421
0.141421
0.141421
0.141421
0.141421
0
0
0.141421
0.141421
0
0.141421
0.141421
0.141421
0.141421
0
0.141421
0.141421
0.141421
0
0.141421
0.140952
0.141895
0.141895
0.141895
0.141895
0.2
0.2
0.2
0.2
0.2
0
0
0
0
0
0.201347
0.201347
0.201347
0
0.201347
0.201347
0.201347
0
0.201347
0.201347
0.201347
0.201347
0
0.201347
0.201347
0.202721
0
0.202721
0.202721
0.202721
0
0
0
0
0
0
0.201347
0.201347
0.201347
0.201347
0.216506
0.216506
0.201347
0.201347
0.201347
0.201347
0.201347
0.0224431
0.0224431
0.0372333
0.0372333
0.022632
0.0299208
0.0299208
0.0297834
0.0297834
0.0297834
0.0297834
0.0297834
0
0.0297834
0
0
0.029779
0.866025
0.866025
0.0306043
0.0306043
0.0306474
0.0306474
0.0297834
0.0297834
0.0297834
0
0.0297834
0.0297834
0.0297834
0.0297834
0.0297834
0.0297834
0
0
0
0
0
0
0
0
0
0
0
0.0297834
0.0297834
0
0
0
0
0
0
0
0
0
0
0
0
0
0
0
0
0
0
0
0
0
0
0
0
0
0
0
0.0380602
0.0380602
0.0380602
0
0
0
0.030768
0.0313112
0.0412043
0.0412043
0.0412043
0.0412043
0
0.0412276
0.0412276
0
0
0
0
0
0
0
0
0
0
0
0
0
0
0
0
0
0
0
0
0
0
0
0
0
0
0
0
0
0
0
0
0
0
0
0
0
0
0
0
0
0
0
0
0
0
0
0
0
0
0
0
0
0
0
0
0
0
0
0
0
0
0
0
0
0
0
0
0
0
0
0
0
0
0
0
0
0
0
0
0
0
0.0297966
0
0.0297966
0.0297966
0
0.0297966
0.0297966
0.0298187
0.0298187
0.0383201
0.0298187
0
0.0298187
0.0304384
0.0297966
0
0
0
0
0
0
0
0
0
0
0
0
0
0
0
0
0
0
0
0
0
0
0
0
0
0
0
0
0
0
0
0
0
0
0
0
0.0479463
0.0479463
0.0479463
0.0479463
0
0.0479463
0.0479463
0
0.0479463
0.0479463
0.0479463
0
0
0
0
0
0
0
0
0
0
0
0
0
0
0
0
0
0
0
0
0
0
0
0
0
0
0
0
0
0
0
0
0
0
0
0
0
0
0
0
0
0
0
0
0
0
0
0
0
0
0
0
0
0
0
0
0
0
0
0
0
0
0
0
0
0
0
0
0
0
0
0
0
0
0
0
0
0
0
0
0
0
0
0
0
0
0
0
0
0
0
0
0
0
0
0
0
0
0
0
0
0
0
0
0
0
0
0
0
0
0
0
0
0
0
0
0
0
0
0
0
0
0
0
0
0
0
0
0
0
0
0
0
0
0
0
0
0
0
0
0.0297834
0.0297834
0
0
0
0
0
0
0
0
0
0
0
0
0
0
0
0
0
0
0
0
0
0
0
0
0
0
0
0
0
0
0
0
0
0
0
0
0
0
0
0
0
0
0
0
0
0
0
0
0
0
0
0.0311488
0.0311488
0
0
0.0309245
0
0
0
0.0309245
0.0309245
0
0
0
0
0.0314555
0.0345582
0.0345582
0.0345582
0
0
0.0314555
0
0
0
0
0
0
0
0
0
0
0
0
0
0
0
0
0
0
0
0
0
0
0
0
0
0
0
0
0
0
0
0
0
0
0
0
0
0
0
0
0
0
0
0
0
0
0
0
0
0
0
0
0
0
0
0
0
0
0
0
0
0
0
0
0
0
0
0
0
0
0
0.0306474
0.0306474
0
0
0
0
0
0
0
0
0
0
0
0
0
0
0
0
0
0
0
0
0
0
0
0
0.0340141
0
0
0
0
0
0
0
0
0
0
0
0
0
0.0297834
0.0297834
0.0297834
0.0297834
0.0297834
0.0297834
0.0297834
0.0297834
0.0297834
0.0297834
0.0297834
0
0
0.0297878
0.0306762
0.0306762
0
0
0
0
0
0
0
0
0
0
0
0
0
0
0
0
0
0
0
0
0
0
0
0
0
0
0
0.0306666
0.0306666
0.0304667
0
0
0
0.0306666
0.0306666
0.0304667
0.030317
0
0
0
0
0.030317
0.030317
0
0
0
0
0
0
0
0
0
0.030317
0.030317
0
0.030317
0.030317
0
0.030317
0.030317
0.0346203
0.0346203
0.0343672
0.0343672
0.0343672
0.0343672
0
0.0343672
0
0.0343739
0
0.0343672
0.0343672
0.0346688
0.0343672
0
0
0
0
0
0
0
0
0
0
0
0
0
0
0
0
0
0.030317
0
0
0.0299745
0.13525
0
0
0
0
0
0
0
0
0.0835269
0.0835269
0.0835269
0.0835269
0.0835269
0.0835269
0.0835269
0.0835269
0.0835269
0.0835269
0.0835269
0.0835269
0.0835269
0.0835269
0.0835269
0
0
0
0
0
0
0
0
0.0835269
0.0835269
0.0835269
0.0835269
0.0835269
0.0835269
0.0835269
0
0
0
0
0
0
0
0
0
0
0
0
0
0.0835269
0
0
0
0
0
0
0
0
0
0
0
0
0
0
0
0
0
0
0
0
0
0
0
0
0
0
0.0845154
0.0835269
0.0835269
0.0835269
0.0835269
0
0
0
0
0
0
0
0
0
0
0
0
0
0
0
0
0
0
0
0
0
0
0
0
0
0
0
0
0
0
0
0
0
0
0
0
0
0
0
0.0835269
0.0835269
0.0835269
0
0.090167
0
0
0.0835269
0.0808452
0.0808452
0.0808452
0.0808452
0.0808452
0.0808452
0.13525
0
0.205557
0.205557
0.205557
0.205557
0
0.205557
0.205557
0.205557
0
0
0
0
0
0
0
0
0
0
0
0
0
0
0
0
0
0
0
0
0
0
0
0
0
0
0
0
0
0
0
0
0
0
0
0
0
0
0
0
0
0
0
0
0
0
0
0
0
0
0
0
0
0
0
0
0
0
0
0
0
0
0
0
0
0.0914141
0
0
0
0
0
0
0
0
0.147979
0.147979
0.147979
0.0914141
0.0914141
0.0914141
0.0914141
0
0.118678
0
0
0
0
0
0
0
0
0
0
0
0
0
0
0
0
0
0
0
0
0
0
0
0
0
0
0
0
0
0
0
0
0
0
0
0
0
0
0
0
0
0
0
0
0
0
0
0
0
0
0
0
0
0
0
0
0
0
0
0
0
0
0
0
0
0
0
0
0
0
0
0
0
0
0
0
0
0
0
0
0
0
0
0
0
0
0
0
0
0
0
0
0
0
0
0
0
0
0
0
0
0
0
0
0
0
0
0.0456435
0.0456435
0.0456435
0.0456435
0.0450988
0
0
0
0
0
0
0
0
0
0
0
0
0.0456435
0.0456594
0.0456594
0.0456594
0.0456594
0.0456594
0.0456594
0.0456753
0.0456594
0.0456594
0.0456594
0.0456594
0.0456594
0.0456594
0
0.13525
0
0
0
0
0
0
0
0
0
0
0.13525
0
0.118958
0.118958
0.118958
0.118958
0.118958
0.118958
0.118958
0.118958
0.118958
0.118958
0
0
0
0
0
0
0
0
0
0
0.118958
0.118958
0
0
0
0.118958
0
0
0
0
0
0
0
0
0
0
0
0
0
0
0
0
0
0
0
0
0
0
0
0
0
0
0
0
0
0
0
0
0.213201
0.213201
0.118958
0.118958
0.118958
0.118958
0.118958
0.118958
0.118958
0
0.118958
0.118958
0
0
0
0
0.13525
0
0.1659
0.1659
0
0
0
0
0
0
0
0
0
0.1659
0
0.1659
0
0.1659
0.1659
0.173205
0.173205
0.173205
0.173205
0.173205
0.173205
0.174964
0.1659
0.0456594
0.0456594
0
0
0
0
0
0
0
0
0
0
0
0
0
0
0
0
0
0
0
0
0
0
0
0
0
0
0
0
0
0
0
0
0
0
0
0
0
0
0
0
0.25
0.022696
0.022696
0.022696
0.022696
0.25
0.25
0.25
0.25
0.022698
0.022698
0.022698
0.022698
0.022698
0.022698
0.022698
0.022696
0
0.0227371
0
0
0
0
0
0
0
0
0
0
0
0
0
0
0
0
0
0
0
0
0
0
0
0
0
0
0
0
0
0
0
0
0
0
0
0
0
0
0
0
0
0
0
0.0486408
0.0240702
0.0240702
0.0240702
0
0
0
0
0
0
0
0
0
0
0
0
0
0
0
0
0
0
0
0
0.0297878
0.0297878
0.0297878
0.0297878
0.0297878
0
0.0297878
0.0297878
0.0297878
0.0297878
0.0297878
0.866025
0.0297878
0.0297878
0.0297878
0.0297878
0
0.0297878
0.0224639
0
0.0224639
0.0224639
0.0224639
0.0224639
0.0224639
0.0224639
0
0.0224639
0
0.0224639
0
0.201347
0.2
0.2
0.2
0.2
0.2
0.201347
0
0
0.227429
0.227429
0
0
0.201347
0
0
0.205557
0.205557
0.205557
0.205557
0
0
0
0
0
0
0
0
0
0
0
0.155543
0
0
0
0
0
0
0
0
0
0
0.13525
0
0.045053
0.045053
0.045053
0.045053
0
0
0
0
0.045053
0.045053
0.045053
0
0
0
0
0
0
0
0
0.0512764
0.0512764
0.0450835
0.0450835
0.045053
0.0450835
0.0450835
0.0450835
0.0450835
0.0450835
0.0450835
0
0
0
0
0.0450835
0.0512764
0.0512764
0
0.0512764
0
0
0
0
0
0
0
0
0
0
0.045053
0
0.045053
0.045053
0.045053
0.045053
0.045053
0.0512764
0.045053
0
0
0
0
0
0
0
0
0
0
0.045053
0.045053
0.045053
0.045053
0.045053
0
0
0
0
0
0
0
0
0
0
0
0
0
0
0
0
0
0
0
0
0.045053
0.045053
0.045053
0.045053
0.0479096
0
0.0479096
0
0
0
0
0
0
0.045053
0.0512764
0.0512764
0.0512764
0.0512764
0
0
0.0512764
0.0512764
0
0
0
0
0
0
0
0
0
0.0512764
0
0
0
0
0.0456594
0.0456594
0.0456594
0.0456594
0.0456594
0.0456594
0
0
0
0
0
0
0
0
0
0
0
0
0
0
0
0
0
0
0
0
0
0
0
0
0
0
0
0
0
0
0
0
0
0
0
0
0
0
0
0
0
0
0
0
0.13525
0
0.13525
0.225494
0
0
0
0
0
0
0
0.0224639
0.0224639
0.0224639
0.0224639
0.0224639
0.0224639
0.0224639
0.0224639
0.0224639
0.0224639
0.0224639
0.0224639
0.0224639
0
0
0
0
0
0
0
0
0
0
0
0
0
0
0
0
0
0
0
0
0
0
0
0
0
0
0
0
0
0
0
0
0
0
0
0
0
0
0
0
0
0
0
0
0
0
0
0
0
0
0
0
0
0
0
0
0
0
0
0
0
0
0
0
0
0
0
0
0
0
0
0
0
0
0
0
0
0
0
0
0
0
0
0
0
0
0
0
0
0
0
0
0
0
0
0
0
0
0
0
0
0
0
0
0
0
0
0
0
0
0
0
0
0
0
0
0
0
0
0
0
0
0
0
0
0
0
0
0
0
0
0
0
0
0
0
0
0
0
0
0
0
0
0
0
0
0
0
0.139122
0.139122
0.13484
0.13484
0.13484
0.13484
0.13484
0.13484
0.202721
0.225494
0
0.202721
0.13484
0.13484
0
0
0.13484
0.13484
0.13484
0.13484
0.13484
0.13484
0.13484
0.13484
0.13484
0.13484
0.13484
0.13484
0
0
0
0
0
0
0
0
0.0849208
0.0849208
0.0849208
0.0849208
0.0849208
0.0849208
0.0849208
0.0849208
0.0849208
0.0849208
0
0
0
0
0
0
0
0
0
0
0
0
0
0
0
0
0
0
0
0
0
0
0
0
0
0
0
0
0
0
0
0
0
0
0
0
0
0
0
0
0
0
0
0
0
0
0
0
0
0
0
0
0
0
0
0
0
0
0
0
0
0
0
0
0
0
0
0
0
0
0
0
0
0
0
0
0
0
0
0
0
0
0
0
0
0
0
0
0
0
0
0
0
0
0
0
0
0
0
0
0
0
0
0
0
0
0
0
0
0
0
0
0
0
0
0
0
0
0
0
0
0
0
0
0
0
0
0
0
0
0
0
0
0
0
0
0
0
0
0
0
0
0
0
0
0
0
0
0
0
0
0
0
0
0
0
0
0
0
0
0
0
0
0
0
0
0
0
0
0
0
0
0
0
0
0
0
0
0
0
0
0
0
0
0
0
0
0
0
0
0
0
0
0
0
0
0
0
0
0
0
0
0
0
0
0
0
0
0
0
0
0
0
0
0
0
0
0
0
0
0
0
0
0
0
0
0
0
0
0
0
0
0.0224658
0.0224658
0.0224658
0.0224658
0.0224658
0.0224658
0.0224658
0.218218
0.13525
0
0.13525
0.218218
0
0.218218
0
0.229416
0.229416
0
0.218218
0
0
0
0
0
0
0
0
0
0
0
0
0
0
0
0
0
0
0
0
0
0
0
0
0
0
0
0
0
0
0
0
0
0
0
0
0
0
0
0
0
0
0
0
0
0
0
0
0
0
0
0
0
0
0
0
0.163663
0.163663
0.163663
0.163663
0
0
0.171499
0.171499
0.171499
0.171499
0
0
0.171499
0.172345
0
0.171499
0.165145
0
0
0
0
0
0
0
0
0
0
0
0
0
0
0
0
0
0.194871
0.194871
0.194871
0.194871
0.0224639
0.194871
0.194871
0.194871
0.194871
0
0
0
0
0.194871
0.194871
0.194871
0.194871
0.194871
0
0
0.0331436
0.0331436
0.0331436
0.0331436
0
0
0
0
0
0
0.144338
0
0.144841
0.144841
0.144841
0.144841
0.144338
0.144338
0.144338
0.144338
0.144338
0.144338
0.144338
0.144841
0
0
0
0
0
0
0
0
0
0
0
0
0
0
0
0
0
0
0
0
0
0
0
0
0
0
0
0
0
0
0.149626
0.144841
0
0.144841
0
0
0
0
0
0
0
0
0
0
0
0
0
0
0.144841
0.144841
0.144841
0
0
0
0
0
0
0
0
0
0
0
0
0
0
0
0
0
0
0.144841
0.149626
0
0
0
0
0.149626
0
0
0
0
0
0
0
0
0
0
0
0
0
0
0
0
0
0
0
0
0
0
0
0
0
0
0
0
0
0
0
0
0
0
0
0
0
0
0
0
0
0
0
0
0
0
0
0
0
0
0
0
0
0
0
0
0
0
0
0
0
0
0
0
0
0
0
0
0
0
0
0
0
0
0
0
0
0
0
0
0
0
0
0
0
0
0
0
0
0
0
0
0
0
0
0
0
0
0
0
0
0
0
0
0
0
0
0
0
0
0
0
0
0
0
0
0
0
0
0
0
0
0
0
0
0
0
0
0
0
0
0
0
0
0
0
0
0
0
0
0
0
0
0
0
0
0
0
0
0
0
0
0
0
0
0
0
0
0
0
0
0
0
0
0
0
0
0
0
0
0
0
0
0
0
0
0
0
0
0
0
0
0
0
0
0
0
0
0
0
0
0
0
0
0
0
0
0
0
0
0
0
0
0
0
0
0
0
0
0
0
0
0
0
0
0
0
0
0
0
0
0
0
0
0
0
0
0
0
0
0
0
0
0
0
0
0
0
0
0
0
0
0
0
0
0
0
0
0
0
0
0
0
0
0
0
0
0
0
0
0
0
0
0
0
0
0
0
0
0
0
0
0
0
0
0
0
0
0
0
0
0
0
0
0
0
0
0
0
0
0
0
0
0
0
0
0
0
0
0
0
0
0
0
0
0
0
0
0
0
0
0
0
0
0
0
0
0
0
0
0
0
0
0
0
0
0
0
0
0
0
0
0
0
0
0
0
0
0
0
0
0
0
0
0
0
0
0
0
0
0
0
0
0
0
0
0
0
0
0
0
0
0
0
0
0
0
0
0
0
0
0
0
0
0
0
0
0
0
0
0
0
0
0
0
0
0
0
0
0
0
0
0
0
0
0
0
0
0
0
0
0
0
0
0
0
0
0
0
0
0
0
0
0
0
0
0
0
0
0
0
0
0
0
0
0
0
0
0
0
0
0
0
0
0
0
0
0
0
0
0
0
0
0
0
0
0
0
0
0
0
0
0
0
0
0
0
0
0
0
0
0
0
0
0
0
0
0
0
0
0
0
0
0
0
0
0
0
0
0
0
0
0
0
0
0
0
0
0
0
0.13525
0
0
0
0
0
0
0
0
0
0
0
0
0
0
0
0
0
0
0
0
0
0
0
0
0
0
0
0
0
0
0
0
0
0
0
0
0
0
0
0
0
0.0225839
0.0225839
0.0225839
0
0
0
0
0.0225839
0
0
0.0226243
0
0
0
0.0240563
0.0240563
0.0240563
0.0240563
0.0240563
0.0240563
0.0240563
0
0
0
0
0
0
0
0
0.0240748
0.0240748
0
0
0.0240702
0.0240702
0.0240702
0
0
0
0
0
0
0
0
0
0
0
0
0
0
0
0
0
0
0
0
0
0
0
0
0
0
0
0
0
0
0
0
0
0
0
0
0
0
0.0240702
0
0
0
0
0
0
0
0
0
0
0
0
0
0
0
0
0
0
0
0
0
0
0
0
0
0
0
0
0
0
0
0
0
0
0
0
0.214834
0.214834
0.214834
0.13525
0.214834
0.0225819
0
0
0.0225819
0.0225819
0.0225819
0.0225819
0.0225819
0.0225819
0.0225819
0.0225819
0.0225819
0.0225819
0
0
0
0
0
0
0
0
0
0
0
0
0
0
0
0
0
0
0
0
0
0
0
0
0
0
0
0
0
0
0
0
0
0
0
0
0
0
0
0
0
0
0
0
0
0
0
0
0
0
0
0
0
0
0
0
0
0
0
0
0
0
0
0
0
0
0
0
0
0
0
0
0
0
0
0
0
0
0
0
0
0
0
0
0
0
0
0
0
0
0
0
0
0
0
0
0
0
0
0
0
0
0
0
0
0
0
0
0
0
0
0
0
0
0
0
0
0
0
0
0
0
0
0
0
0
0
0
0
0
0
0
0
0
0
0
0
0
0
0
0
0
0
0
0
0
0
0
0
0
0
0
0
0
0
0
0
0
0
0
0
0
0
0
0
0
0
0
0.0691164
0
0.0861727
0
0
0
0
0.0695608
0.0604858
0.0599401
0
0
0
0
0
0
0
0
0
0
0.0944911
0.193649
0
0
0
0
0
0
0
0
0
0.0798935
0
0.110432
0
0
0
0
0
0
0
0
0
0
0
0
0
0.114708
0
0
0
0
0
0
0
0
0
0
0
0
0
0
0
0
0
0
0
0
0
0
0
0
0
0
0
0
0
0
0
0
0
0
0
0
0
0
0
0
0
0
0
0
0
0
0
0
0
0
0
0
0
0
0
0
0
0
0
0
0
0
0
0
0
0.0308509
0
0
0
0.113228
0.114208
0
0
0
0
0
0
0
0
0.0630776
0.0309245
0
0
0
0
0
0
0
0
0
0
0
0
0
0
0
0
0
0
0
0
0
0.182574
0
0.190117
0
0
0
0
0
0
0
0
0
0
0
0
0
0
0.0344691
0.0420084
0.0346341
0
0
0
0
0
0
0
0
0
0
0
0
0
0.0295184
0
0
0
0.0303449
0
0.0450377
0
0.0778499
0.0404888
0
0
0
0
0
0
0
0
0.0803219
0.0498755
0
0
0
0
0
0
0
0
0
0
0
0
0
0
0
0
0.025235
0
0.025235
0
0
0
0
0
0
0
0
0
0
0
0
0
0
0
0
0
0
0
0.0249119
0.0251154
0.0249429
0.0249429
0.0262131
0.0285481
0
0.167444
0
0
0
0
0
0
0
0
0
0
0
0
0
0
0
0
0
0
0
0
0
0
0
0
0
0
0
0
0
0
0
0
0
0
0
0
0
0
0
0
0
0
0
0
0
0
0
0
0.0556702
0
0.0392837
0
0
0
0
0
0.0269582
0.0297438
0.025163
0
0
0
0
0
0
0
0
0
0
0
0
0
0
0
0
0
0
0
0
0
0
0
0.0272132
0.0302429
0
0.0273213
0
0
0
0
0
0
0
0
0
0
0
0
0
0
0
0
0
0
0
0
0.0297394
0
0
0
0
0
0
0
0
0
0
0
0
0
0
0
0
0
0
0
0
0
0
0
0
0
0
0
0
0
0
0
0
0
0
0
0
0
0
0
0
0
0.0297834
0
0
0
0
0
0
0
0
0
0
0
0
0
0
0
0
0
0
0
0
0
0
0
0
0
0
0
0
0
0
0
0
0
0
0
0
0
0
0
0
0
0
0
0
0
0
0
0
0
0
0
0
0
0
0
0
0
0
0
0
0
0
0
0
0
0
0
0
0
0
0
0
0
0
0
0
0
0
0
0.0306091
0.0306091
0.0306091
0.0306282
0.0306282
0
0.0306138
0
0
0
0
0
0
0
0
0
0
0
0
0
0
0
0
0
0
0
0
0
0
0
0
0
0
0
0
0
0
0
0
0
0
0
0
0
0
0
0
0
0
0
0
0
0
0
0
0
0
0
0
0
0
0
0
0
0
0
0
0
0
0
0
0
0
0
0
0
0
0
0.0450835
0.0450835
0.057639
0.0450835
0
0.0450835
0.0255516
0.0255516
0.0255516
0.0257399
0.0257399
0.0255516
0.0261652
0.0255516
0.025203
0.025203
0.025203
0.0369863
0.0369863
0.0474936
0
0
0.025203
0
0
0
0
0
0
0
0
0
0
0
0
0
0
0
0
0
0
0
0
0
0
0
0
0
0
0
0
0
0
0
0
0
0
0
0
0
0
0
0
0
0
0
0
0
0
0
0
0
0
0
0
0
0
0
0
0
0
0
0
0
0
0
0
0
0
0
0
0
0
0
0
0
0
0
0
0
0
0
0
0
0
0
0
0
0
0
0
0
0
0
0
0
0
0
0
0
0
0
0
0
0
0
0
0
0
0
0
0
0
0
0
0
0
0
0
0
0
0
0
0
0
0
0
0
0
0
0
0
0
0
0
0
0
0
0
0
0
0
0
0
0
0
0
0
0
0
0
0
0
0
0
0
0
0
0
0
0
0
0
0
0
0
0
0
0
0
0
0
0
0
0
0
0
0
0
0
0.10224
0.10224
0.10224
0.10224
0
0
0.10224
0
0
0
0
0
0
0
0
0
0
0
0
0
0
0
0
0
0
0
0
0
0
0
0
0
0.0224431
0.0224431
0.0224431
0
0.202721
0.202721
0
0
0.202721
0.202721
0.202721
0.202721
0
0.39736
0.39736
0.39736
0.46291
0
0
0
0
0
0
0
0
0
0
0
0
0
0
0
0
0
0
0
0
0
0
0
0
0
0
0
0
0
0
0
0
0
0
0
0
0
0
0
0
0.213201
0.213201
0
0.10171
0.10171
0.10171
0.10171
0.10171
0.10171
0.10171
0.10171
0.10171
0.10171
0.109326
0
0
0
0
0.10171
0
0
0
0
0
0.10171
0
0
0
0
0
0
0
0
0
0
0
0
0
0
0
0
0
0
0
0
0.13525
0.218218
0
0
0
0
0
0
0
0
0
0
0
0
0
0
0
0
0
0
0
0
0
0
0
0
0
0
0
0
0
0
0
0
0
0.13525
0.218218
0.0225819
0
0
0
0
0
0
0
0
0
0
0
0
0
0
0
0
0
0
0
0
0
0
0.213201
0.213201
0.213201
0.213201
0.213201
0.213201
0.339683
0
0
0
0
0
0
0
0
0.213201
0.13525
0
0
0
0
0
0
0
0
0
0
0
0
0
0
0
0
0
0
0
0
0
0
0
0
0
0
0
0
0
0
0.13525
0.213201
0.213201
0.216506
0.216506
0.213201
0
0.213201
0.0299745
0.0299745
0.0299745
0.0299745
0.0299745
0.0299745
0.0305281
0.0305281
0.0305281
0
0
0
0
0
0
0
0
0
0
0
0
0
0
0
0
0
0.0316756
0
0
0
0
0
0
0
0
0
0.0316756
0.0305376
0.0305376
0.0297878
0.0297878
0.0297878
0.0297878
0.0297878
0.0297878
0.0297878
0.0297878
0.0297878
0.0297878
0.0297878
0.0297878
0.0297878
0.0297878
0
0
0
0
0
0
0
0
0.0297878
0.0297878
0
0
0
0
0
0.0297878
0
0
0
0
0
0
0
0
0
0
0
0
0
0
0
0
0
0.0297878
0.030415
0
0
0.0297878
0.0297878
0.0297878
0.0297878
0.0297878
0.0297878
0.0297878
0.0297878
0.0297878
0.0297878
0.0298142
0.0298142
0.030006
0.030006
0
0
0.0300874
0.0300874
0.0301101
0.0301101
0.030317
0.030317
0.030317
0.030317
0.030317
0.0303123
0.0303123
0.0297878
0
0.0297878
0.0297878
0
0
0
0
0
0
0
0
0
0
0
0
0
0
0
0
0
0
0
0
0.0224525
0.0224525
0.0224525
0
0
0
0
0
0.0224658
0.0224658
0.0224658
0.0224658
0.0224658
0
0
0
0
0
0
0
0
0
0
0
0
0
0
0
0
0
0
0
0
0
0
0
0
0
0
0
0
0
0
0
0
0
0
0
0
0
0
0
0
0
0
0
0
0
0
0
0
0
0
0
0
0
0
0
0
0
0
0
0
0
0
0
0
0
0
0
0
0
0
0
0
0
0
0
0
0
0
0
0
0
0
0
0
0
0
0
0
0
0
0.13525
0
0
0
0
0.0224695
0.0224695
0.0224695
0.0224695
0.0224695
0.0224695
0.0224695
0
0
0
0
0
0
0
0
0
0
0
0
0
0
0
0
0
0
0
0
0
0
0
0
0
0
0
0
0.0224695
0.0224695
0.0224695
0.0224695
0.0224695
0.0224695
0
0
0
0
0
0
0
0
0.0298363
0
0
0
0
0.0298363
0.0298363
0.0298363
0.211604
0.211604
0.211604
0.211604
0.211604
0
0
0
0
0
0
0.0299745
0.0299745
0.0299745
0.0299745
0.0299745
0.0298098
0.0298098
0.0298098
0.0298098
0.0298275
0.0298098
0.0298142
0
0
0
0
0.0393141
0.0393141
0
0
0
0
0
0
0
0
0
0
0
0
0.0339553
0.0339553
0.0317821
0.0317821
0
0
0
0
0
0
0
0
0
0
0
0
0
0
0
0
0.0300285
0
0
0
0
0
0
0.0389742
0.0389742
0
0
0
0
0
0
0.0310785
0.0310785
0
0
0.039173
0.039173
0
0
0
0
0
0
0
0
0
0
0.047123
0.047123
0
0
0.0334388
0.0334388
0
0.0334388
0
0
0
0
0
0.0298098
0
0.0298098
0.0298098
0.0298098
0
0.0298098
0
0
0
0
0
0
0
0
0
0.030024
0.030024
0
0.030024
0.030015
0
0.030015
0.030415
0.030415
0.030415
0.030415
0.0464072
0.0464072
0.0464072
0.0464072
0.0393141
0.0393141
0.0393141
0.0393141
0.0393141
0.0393141
0.0464072
0.0464072
0.0464072
0.0464072
0.0464072
0.0464072
0.0345444
0.0345444
0.0496088
0.0345444
0
0
0
0
0
0
0
0
0
0
0.0339227
0.0339227
0.0339227
0.0339227
0.0339227
0.0339227
0.0339227
0.0373892
0.0339227
0
0
0
0
0
0
0
0
0
0
0
0
0
0
0
0
0
0
0
0
0
0
0
0
0
0
0
0
0
0
0
0
0
0
0
0
0
0
0
0
0
0
0
0
0
0.0317821
0.0317821
0.0317821
0.0317821
0
0
0
0
0
0
0
0
0
0
0
0
0
0
0
0
0
0
0
0
0
0
0
0
0
0
0
0
0
0
0
0
0
0
0
0
0
0
0
0
0
0
0
0
0
0
0
0
0
0
0
0
0
0
0
0
0
0
0
0
0
0
0
0
0
0
0
0
0
0
0
0
0
0
0.0389742
0.0389742
0.0389742
0.0389742
0.0388075
0.0388075
0.0388075
0
0
0.039173
0.039173
0.039173
0.039173
0.039173
0.039173
0.039173
0
0
0
0
0
0
0
0
0
0
0
0
0
0
0
0
0
0
0
0
0
0
0
0
0
0
0
0
0
0
0
0
0
0
0
0
0
0
0
0
0
0
0
0
0
0
0
0
0
0
0
0
0
0
0
0
0
0
0
0
0
0
0
0
0
0
0
0
0
0
0
0
0
0
0
0
0
0
0
0
0
0
0
0
0
0
0.0298098
0
0.0298098
0.0298142
0.0298142
0.0298896
0.0298319
0.0312755
0.0298496
0.0298142
0
0.0298142
0.0307826
0.0307826
0.0309443
0
0
0
0.0307826
0
0.0307826
0.0324045
0.0324045
0.0328148
0
0.0324045
0
0.0324045
0
0
0.022413
0.137795
0.153093
0
0
0
0.0484691
0
0
0
0
0
0
0
0
0
0
0
0
0
0
0
0
0
0
0
0
0
0
0
0.0224243
0.0224243
0.0224243
0
0
0
0
0
0
0
0
0
0
0
0
0
0
0
0
0
0
0
0
0
0
0
0
0
0
0
0
0
0
0
0
0
0
0
0
0
0
0
0
0
0
0
0
0
0
0
0
0
0
0
0
0
0
0
0
0
0
0
0
0
0
0
0
0
0
0
0
0
0
0
0
0
0
0
0
0
0
0
0
0
0
0
0
0
0
0
0
0.0939336
0.0939336
0
0
0.144338
0.144338
0.144338
0.144338
0.144338
0.144338
0.144338
0.144338
0.144338
0.144338
0.144338
0.144338
0.144338
0.144338
0.144338
0
0
0.0224639
0.0224639
0.0224639
0.0224639
0.0224639
0.0224639
0.0224639
0.0224639
0.0224639
0.0224639
0.0224639
0.0224639
0.0224639
0.0224639
0.0224639
0.0224639
0.0224639
0.0224639
0.0224639
0.0224639
0.0224639
0.0224639
0.0224639
0.0224639
0
0
0.0224639
0.0224639
0.0224639
0.0224639
0.0224639
0.0224639
0.0224658
0
0
0
0
0
0.2
0.2
0.2
0.2
0.2
0.2
0.2
0.2
0.2
0.2
0.2
0.2
0.2
0.2
0.2
0.2
0.2
0.2
0.2
0.2
0.2
0.2
0.2
0.2
0.2
0.2
0.2
0.2
0.2
0.2
0.2
0.2
0.2
0.2
0.2
0.201347
0.201347
0
0
0.201347
0.201347
0.201347
0.201347
0.201347
0.201347
0.201347
0.201347
0.201347
0.201347
0.201347
0.201347
0.201347
0.201347
0.201347
0.201347
0.201347
0.201347
0.201347
0.201347
0.201347
0.201347
0.201347
0.201347
0.201347
0.201347
0.201347
0.201347
0.201347
0.201347
0.201347
0.201347
0.201347
0.201347
0.201347
0.201347
0.201347
0.201347
0.201347
0.201347
0.201347
0.201347
0
0
0
0
0.201347
0.201347
0.201347
0.201347
0.201347
0
0
0
0
0
0.201347
0.201347
0.201347
0.201347
0.201347
0.201347
0.201347
0.201347
0.201347
0.201347
0.201347
0.201347
0.201347
0
0
0.2
0.2
0.2
0.2
0.2
0.201347
0.201347
0.201347
0.201347
0.201347
0.201347
0.201347
0.201347
0.201347
0.201347
0
0
0
0
0
0
0
0
0
0
0
0.0331436
0.0551039
0.0331436
0.0331436
0.0331436
0.0331436
0.0331436
0.0331436
0.0331436
0.0331436
0.0331436
0.0331436
0.0331436
0.0331436
0.0331436
0.0331436
0.0331436
0.0331436
0.0331436
0.0331436
0.0331436
0.0331436
0
0
0
0
0
0
0.0331436
0.0331436
0
0.0331436
0.0331436
0.0331436
0.0331436
0.0331436
0.0331436
0.0331436
0.0331436
0.055076
0.0331436
0.0331436
0.0331436
0.0331436
0.0331436
0.0331436
0.0331436
0.0331436
0.0331436
0
0
0
0
0
0
0.0331436
0.0331436
0
0
0
0
0
0.0334575
0
0
0
0.0331497
0.0331436
0
0
0
0
0
0
0
0
0
0
0
0
0
0
0.0331436
0.0331436
0
0
0
0
0
0
0
0
0
0
0
0
0
0
0
0
0
0
0
0.0388368
0.0388368
0
0
0
0
0
0
0
0
0
0
0
0
0
0
0
0
0
0
0
0
0
0
0
0
0
0
0
0
0
0
0
0
0
0
0
0
0
0
0
0
0
0
0
0
0
0
0
0
0
0
0
0
0
0
0
0
0
0
0
0
0
0.0331436
0.0331436
0
0.0331436
0.0331436
0
0.0331436
0.0331497
0
0.0331436
0.0331618
0
0.0331923
0.0673181
0.0331436
0
0
0
0
0
0
0
0
0
0
0
0
0
0
0
0
0
0
0
0
0
0
0
0
0
0
0
0
0
0
0
0
0
0
0
0
0
0
0
0
0
0
0
0
0
0
0
0
0
0
0
0
0
0
0
0
0
0
0
0
0
0
0
0
0
0
0
0
0
0
0
0
0.0388368
0.0388368
0.0388368
0.0331801
0
0.0330891
0.0330891
0.0332106
0.0331194
0
0
0
0
0
0
0
0
0
0
0
0
0
0
0
0
0
0
0
0
0
0
0
0
0
0
0.0331254
0.0331254
0
0.0331254
0.0336845
0.0332045
0.0330952
0
0
0
0
0
0.0330952
0.0331436
0.0331436
0.0331436
0.0331436
0.0332779
0
0
0
0
0
0
0
0
0
0
0
0
0
0
0
0
0.0334825
0
0
0
0
0
0
0
0
0
0
0
0
0
0
0.0332779
0.034246
0
0.0333025
0.0335893
0.0344214
0
0
0
0
0
0
0
0
0
0
0
0
0
0
0
0
0
0
0
0
0.0551039
0
0
0
0
0
0.0224639
0.0224639
0.0224639
0
0
0
0
0
0
0
0
0
0
0
0
0
0
0
0
0
0
0
0
0
0
0
0
0
0
0
0
0
0
0
0
0
0
0
0
0
0
0
0
0
0
0
0.13525
0
0.147979
0.147979
0.147979
0.147979
0.147979
0.252646
0.252646
0.252646
0.252646
0.252646
0.252646
0.252646
0.252646
0.252646
0
0
0.0225954
0
0
0
0
0
0
0
0
0
0
0
0
0
0
0
0
0
0
0
0
0.0224658
0.0224695
0.0224695
0.0224695
0.0224658
0.0224658
0.0224658
0.0224658
0.0224658
0.0224658
0
0
0
0.0224658
0
0
0
0.0224658
0
0
0
0
0
0.103882
0.103882
0.103882
0.103882
0.103882
0.103882
0.103882
0.103882
0.108253
0.108253
0
0
0
0
0.103882
0.105021
0
0.105021
0.105021
0
0.103882
0
0.103882
0.103882
0.103882
0.103882
0.103882
0.103882
0.103882
0.106399
0.106399
0
0.103882
0.103882
0
0.103882
0.103882
0.103882
0
0
0.103882
0
0
0
0
0
0
0
0
0
0
0
0
0
0
0
0
0
0
0
0
0
0
0
0
0
0
0
0
0
0
0
0
0
0
0
0
0
0
0
0
0
0
0
0
0
0
0
0
0
0
0
0
0
0
0
0
0
0
0
0
0
0
0
0
0
0
0
0
0
0
0
0
0
0
0
0
0
0
0
0
0
0
0
0
0
0
0
0
0
0
0
0
0
0
0
0
0
0
0
0
0
0
0
0
0
0
0
0
0
0
0
0
0
0
0
0
0
0
0.13525
0
0
0
0
0
0
0
0
0
0.0224639
0.0224639
0.0224639
0.0224639
0.0224639
0.0224639
0.0224639
0.0224639
0.0224639
0.0224639
0.0224639
0.0224639
0.0224639
0
0
0
0
0
0
0
0
0
0
0
0
0
0
0
0
0
0
0
0
0
0
0
0
0
0
0
0
0
0
0
0
0
0
0
0
0
0
0
0
0
0
0
0
0
0
0
0
0
0
0
0
0
0
0
0
0
0
0
0
0
0
0
0
0
0
0
0
0
0
0
0
0
0
0
0
0
0
0
0
0
0
0
0
0
0
0
0
0
0
0
0
0
0
0
0
0
0
0
0
0
0
0
0
0
0
0
0
0
0
0
0
0
0
0
0
0
0
0
0
0
0
0
0
0
0
0
0
0
0
0
0
0
0
0
0
0
0
0
0
0
0
0
0
0
0
0
0
0
0
0
0
0
0
0
0
0
0
0
0
0
0
0
0
0
0
0
0
0
0
0
0
0
0
0
0
0
0
0
0
0
0
0
0
0
0
0
0
0
0
0
0
0
0
0
0
0
0
0
0
0
0
0
0
0
0.0224639
0.0224639
0.0224639
0.0224639
0.0224639
0.0224639
0.0224639
0.0224639
0
0
0
0
0
0
0
0
0
0
0
0
0
0
0
0
0
0
0
0
0
0
0
0
0
0
0
0
0
0
0
0
0
0
0
0
0
0
0
0
0
0
0
0
0
0
0
0
0
0
0
0
0
0
0
0
0
0
0
0
0
0
0
0
0
0
0
0
0
0
0
0
0
0
0
0
0
0
0
0
0
0
0
0
0
0
0
0
0
0
0
0
0
0
0
0
0
0
0
0
0
0
0
0
0
0
0
0
0
0
0
0
0
0
0
0
0
0
0
0
0
0
0
0
0
0
0
0
0
0
0
0
0
0
0
0
0
0
0
0
0
0
0
0
0
0
0
0
0
0
0
0
0
0
0
0
0
0
0
0
0
0
0
0
0
0
0
0
0
0
0
0
0
0
0
0
0
0
0
0
0
0
0
0
0
0
0
0
0.20702
0.20702
0.20702
0
0
0
0.20702
0
0
0
0
0
0
0
0
0
0
0
0
0
0
0
0
0
0
0
0
0
0
0
0
0
0
0
0
0
0
0
0
0
0
0
0
0
0.132453
0.132453
0.132453
0.132453
0.132453
0.0224639
0.0224639
0.0224639
0.0224639
0.0224639
0.0224639
0.0224639
0.132453
0.132453
0.132453
0.158114
0.132453
0.132453
0.132453
0.132453
0
0
0
0
0
0
0
0
0
0.132453
0
0.132453
0.132453
0.132453
0.132453
0
0
0.132453
0
0
0
0.132453
0.132453
0.143839
0
0
0
0
0
0.155543
0.155543
0.155543
0
0
0
0
0
0
0
0
0
0.143839
0.132453
0.132453
0.132453
0
0.196116
0.196116
0.196116
0.196116
0
0
0
0
0
0
0
0
0
0
0
0
0
0
0
0
0
0
0
0
0
0
0.196116
0.196116
0
0
0
0
0
0
0
0
0
0
0
0
0
0
0
0
0
0
0
0
0
0
0
0
0
0
0
0
0
0.13525
0
0
0
0
0.13525
0
0
0
0
0
0
0
0
0
0
0.13525
0.225494
0.225494
0.225494
0.225494
0
0.225494
0
0
0.0224658
0.0224658
0.0224658
0.0224658
0.0224658
0.0224658
0
0
0
0
0
0
0.144338
0
0
0.144338
0.144338
0.0226166
0.0292561
0.023636
0.0242917
0
0
0
0.0236074
0.0236074
0
0
0
0.0236074
0
0
0.0224639
0.0224639
0.0224639
0.0224639
0.0224639
0.0224639
0.0565836
0.0565836
0.0565836
0.0565836
0
0
0.0224639
0.0224639
0.0224639
0.0224639
0.0224639
0.0224639
0.0224639
0.0224639
0.0565836
0.0565836
0.0565836
0.0436297
0.0225056
0.0557856
0.0557856
0.0557856
0
0
0.0224658
0
0.13525
0
0.13525
0
0.13525
0
0
0
0
0
0
0
0
0
0
0
0
0
0
0
0
0.2
0.19868
0.19868
0.19868
0.19868
0.19868
0.2
0
0
0.208514
0.208514
0
0
0
0.2
0
0
0
0
0
0
0
0
0.208514
0.208514
0.208514
0.208514
0.208514
0.208514
0.208514
0.208514
0.208514
0.208514
0.208514
0.208514
0.208514
0.208514
0.208514
0.208514
0.208514
0.208514
0.208514
0
0
0
0
0
0
0
0
0
0
0
0
0
0
0
0
0
0
0
0
0
0
0
0
0
0
0
0
0
0
0
0
0
0
0
0
0
0
0
0
0
0.13525
0
0
0
0.13525
0
0.117851
0.117851
0.117851
0.117851
0.117851
0.117851
0.117851
0.117851
0.117851
0.117851
0.117851
0.117851
0.117851
0
0
0
0
0.117851
0.117851
0
0
0
0
0
0
0
0.117851
0.117851
0
0
0
0.117851
0.117851
0.117851
0.117851
0
0
0
0
0
0
0
0
0
0
0
0
0
0
0
0
0
0
0
0
0
0
0
0
0
0
0
0
0
0
0
0
0
0
0
0
0
0
0
0
0
0
0
0
0
0
0
0
0
0
0
0
0
0
0
0
0
0
0
0
0
0
0
0
0
0
0
0
0
0
0
0
0
0
0.13525
0.218218
0
0
0
0
0
0
0
0
0
0
0.13525
0
0
0
0
0
0
0
0
0.13525
0
0
0
0
0
0
0.214834
0.214834
0.214834
0.214834
0.214834
0
0
0
0
0.214834
0
0
0
0
0
0.103882
0.103882
0.103882
0.103882
0.103882
0.103882
0.103882
0.103882
0
0.103882
0
0
0
0
0
0
0
0
0
0
0
0
0
0
0
0
0
0
0
0
0
0
0.0224658
0.0224658
0.0224658
0.0224658
0.0224639
0.0224639
0.0224639
0.0224639
0.0224639
0
0
0
0
0
0.128388
0.128388
0
0
0
0
0
0
0
0
0
0
0
0
0
0
0
0
0
0
0
0
0
0
0
0
0
0
0
0
0
0
0.142857
0.142857
0
0.142857
0.142857
0
0
0
0.142857
0.120972
0.120972
0.120972
0.120972
0.120972
0.120972
0.120972
0.124035
0.127688
0.127688
0.127688
0
0
0
0
0.127688
0.120972
0.120972
0.120972
0.124354
0.124354
0.124354
0
0
0
0
0
0
0
0
0
0
0.120972
0.120972
0
0
0
0
0
0
0
0
0
0.120972
0
0
0
0
0
0
0
0
0
0
0
0
0
0
0
0
0
0
0
0
0
0
0
0
0
0
0
0
0
0
0
0
0
0
0
0
0
0
0
0
0
0
0
0
0
0
0
0
0
0
0
0
0
0
0
0
0
0
0
0
0
0
0
0
0
0
0
0
0
0
0
0
0
0
0
0
0
0
0
0
0
0
0
0
0
0
0
0
0
0
0
0
0
0
0
0
0
0
0
0
0
0
0
0
0
0
0
0
0
0
0
0
0
0
0
0
0
0
0
0
0
0
0
0
0
0
0
0
0
0
0
0
0
0
0
0
0
0
0
0
0
0
0
0
0
0
0
0
0
0
0
0
0
0
0
0
0
0
0
0
0
0
0
0
0
0
0
0
0
0
0
0
0
0
0
0
0
0
0
0
0
0
0
0
0
0
0
0
0
0
0
0
0
0
0
0
0
0
0
0
0
0.0224658
0.0224658
0.0224658
0.0224658
0.0436297
0.032331
0.0225075
0
0
0
0
0.032331
0
0.13525
0
0
0
0
0
0
0
0
0
0
0
0
0
0
0
0
0
0
0
0
0
0
0.13525
0
0
0
0
0
0
0
0
0
0
0.196116
0.196116
0.196116
0.208514
0.210042
0
0
0
0
0
0
0
0
0
0
0
0
0
0.13525
0.211604
0.211604
0.13525
0
0.181568
0.181568
0.186772
0.181568
0.181568
0.181568
0.181568
0.181568
0.205557
0.205557
0
0
0
0
0
0
0
0
0
0
0
0.181568
0
0.181568
0
0
0
0
0
0
0
0
0
0
0
0.205557
0
0
0
0
0
0
0
0
0
0
0
0
0
0
0
0
0
0
0
0
0
0
0
0
0
0
0
0
0
0
0
0
0
0
0
0
0
0
0
0
0
0
0
0
0
0
0
0
0
0
0
0
0
0
0
0
0
0
0
0
0
0
0
0
0
0
0
0
0
0
0
0
0
0
0
0
0
0
0
0
0
0
0
0
0
0
0
0
0
0
0
0
0
0
0
0
0
0
0
0
0
0
0
0
0
0
0
0
0
0
0
0
0
0
0
0
0
0
0
0
0
0
0
0
0
0
0
0
0
0
0
0
0
0
0
0
0
0
0
0
0
0
0
0
0
0
0
0
0
0
0
0
0
0
0
0
0
0
0
0
0
0
0
0
0
0
0
0
0
0
0
0
0
0
0
0
0
0
0
0
0
0
0
0
0
0
0
0
0
0
0
0
0
0
0
0.13525
0
0.0224658
0
0
0
0
0
0
0
0
0
0
0
0
0
0
0
0
0
0
0
0
0
0
0
0
0
0
0
0
0
0
0
0
0
0
0
0
0
0
0
0
0
0
0
0
0
0
0
0
0
0
0
0
0
0
0
0
0
0
0
0.117851
0.117851
0.117851
0.117851
0.117851
0.117851
0.117851
0.117851
0.117851
0.117851
0.117851
0.117851
0.117851
0.117851
0.117851
0.117851
0.117851
0.117851
0.117851
0.117851
0.117851
0.117851
0.117851
0.117851
0.117851
0.20702
0.117851
0.117851
0.117851
0.117851
0.117851
0.117851
0
0
0
0
0
0
0.117851
0
0
0.117851
0
0
0
0
0
0
0
0
0
0
0
0
0
0
0
0
0
0
0
0
0
0
0
0
0
0
0
0
0
0
0
0
0
0.119523
0.119523
0
0
0
0
0
0
0
0
0
0
0.130189
0
0.117851
0
0
0
0
0
0
0
0
0
0
0
0
0
0
0
0
0
0
0
0
0
0
0
0
0
0
0
0
0
0
0
0
0
0
0
0
0
0.119523
0.119808
0.119808
0.160128
0.123404
0
0.119808
0.146385
0
0.146385
0.146385
0
0.119523
0
0
0
0
0
0
0
0
0
0
0
0
0
0
0
0
0
0
0
0
0
0
0
0
0
0
0
0
0
0
0
0
0
0
0
0
0
0
0
0
0
0
0
0
0
0
0
0
0
0
0
0
0
0
0
0
0
0
0
0
0
0
0
0
0
0
0
0
0
0
0
0
0
0
0
0
0
0
0
0
0
0
0
0
0
0
0
0
0
0
0
0
0
0
0
0
0
0
0
0
0
0
0
0
0
0
0
0
0
0
0
0
0
0
0
0
0
0
0
0
0
0
0
0
0
0
0
0
0
0
0
0
0
0
0
0
0
0
0
0
0
0
0
0
0
0
0
0
0
0
0
0
0
0
0
0
0
0
0
0
0
0
0
0
0
0
0
0
0
0
0
0
0
0
0
0
0
0
0
0
0
0
0
0
0
0
0.13525
0
0.194871
0.194871
0.194871
0.194871
0
0
0
0
0
0
0
0
0
0
0
0
0
0
0
0.15133
0.15133
0
0
0.15133
0
0
0
0
0
0
0
0
0
0
0
0
0
0
0
0
0
0
0
0
0
0
0
0
0
0
0
0.10224
0.10224
0.10224
0.10224
0.10224
0.10224
0.10224
0.10224
0.10224
0.10224
0.10224
0
0
0
0
0
0
0
0.10224
0.10224
0.10224
0.124676
0
0
0
0
0
0
0
0
0
0
0
0
0
0
0
0
0
0
0
0
0
0
0
0
0
0
0
0
0
0
0
0
0
0
0
0
0
0
0
0
0
0
0
0
0
0
0
0
0
0
0
0
0
0
0
0
0
0
0
0
0
0
0
0
0
0
0
0
0
0
0
0
0
0
0
0
0
0
0
0
0
0
0
0
0
0
0
0
0
0
0
0
0
0
0
0
0
0
0
0
0
0
0
0
0
0
0
0
0
0
0
0
0
0
0
0
0
0
0
0
0
0
0
0
0
0
0
0
0
0
0
0
0
0
0
0
0
0
0
0
0
0
0
0
0.10224
0
0
0
0
0
0
0
0
0
0
0
0
0
0
0
0
0
0
0
0
0
0
0.0331436
0.0331436
0.0331436
0.0331436
0.0331436
0.0331436
0.187867
0.0252538
0
0
0
0
0
0
0
0
0
0
0
0
0
0
0
0
0
0
0
0
0
0
0
0
0
0
0
0
0
0
0
0
0
0
0
0
0
0
0
0
0
0
0
0
0
0
0
0
0
0
0
0
0
0
0
0
0
0
0
0
0
0
0
0
0
0
0
0
0
0
0
0
0
0
0
0
0
0
0
0
0
0
0
0
0
0
0
0
0
0
0
0
0
0
0
0
0
0
0
0
0
0
0
0
0
0
0
0
0
0
0
0
0
0
0
0
0
0
0
0
0
0
0
0
0
0
0
0
0
0
0
0
0
0
0
0
0
0
0
0
0
0
0
0
0
0
0
0
0
0
0
0
0
0
0
0
0
0
0
0
0
0
0
0
0
0
0
0
0
0
0
0
0
0
0
0
0
0
0
0
0
0
0
0
0
0
0
0
0
0
0
0
0
0
0
0
0
0
0
0
0
0
0
0
0
0
0
0
0
0
0
0
0
0
0
0
0
0
0
0
0
0
0
0
0
0
0
0
0
0
0
0
0
0
0
0
0
0
0
0
0
0
0
0
0
0
0
0
0
0
0
0
0
0
0
0
0
0
0
0
0
0
0
0
0
0
0
0
0
0
0
0
0
0
0
0
0
0
0
0
0
0
0
0
0
0
0
0
0
0
0
0
0
0
0
0
0
0
0
0
0
0
0
0
0
0
0
0
0
0
0
0
0
0
0
0
0
0
0
0
0
0
0
0
0
0
0
0
0
0
0
0
0
0
0
0
0
0
0
0
0
0
0
0
0
0
0
0
0
0
0
0
0
0
0
0
0
0
0
0
0
0
0
0
0
0
0
0
0
0
0
0
0
0
0
0
0
0
0
0
0
0
0
0
0
0
0
0
0
0
0
0
0
0
0
0
0
0
0
0
0
0
0
0
0
0
0
0
0
0
0
0
0
0
0
0
0
0
0
0
0.2
0.2
0.2
0.2
0.2
0
0
0
0
0.2
0.2
0.201347
0
0
0
0.201347
0
0
0.140952
0.140952
0.124354
0.124354
0.124354
0.124354
0.124354
0.124354
0.124354
0.124354
0.0224639
0.0224639
0.0224639
0.0224639
0.0224639
0.0224639
0.0224639
0.124354
0.125988
0.124354
0.124676
0
0
0.124676
0
0
0
0
0.124354
0.124354
0.125327
0.125327
0.167444
0.167444
0
0.167444
0.125656
0
0
0.125656
0.125656
0.125656
0.280976
0.280976
0.280976
0.280976
0
0.284747
0.284747
0.284747
0.129823
0.129823
0.129823
0.129823
0.23355
0.23355
0.23355
0.23355
0
0
0
0
0
0
0.23355
0.252646
0.252646
0
0.252646
0.252646
0.252646
0.252646
0.252646
0.252646
0.252646
0.252646
0.252646
0.252646
0.252646
0
0.13525
0
0.0224431
0
0
0
0
0
0.13525
0
0.13525
0
0.20702
0.20702
0.20702
0.20702
0.20702
0.20702
0.20702
0
0
0.20702
0
0
0
0
0.20702
0.20702
0.20702
0.20702
0.20702
0.20702
0.20702
0
0
0.13525
0.218218
0.13525
0
0
0
0
0
0
0
0
0
0
0
0
0
0
0
0
0
0
0
0
0
0
0
0
0
0
0
0
0
0
0
0
0
0
0
0
0
0
0
0
0
0
0
0.13525
0
0.144338
0.144338
0.144338
0.218218
0.218218
0.218218
0
0.218218
0.218218
0.218218
0
0
0
0
0
0
0
0
0
0
0.0224639
0.0224639
0.0224639
0.0224639
0.0224639
0.0224639
0.0224639
0.0224639
0
0
0
0
0
0
0
0
0
0
0
0
0
0
0
0
0
0
0
0
0
0
0
0
0
0
0
0
0
0
0
0
0
0
0
0
0
0
0
0
0
0
0
0
0
0
0
0
0
0
0
0
0
0
0
0
0
0
0
0
0
0
0
0
0
0
0
0
0
0
0
0
0
0
0
0
0
0
0
0
0
0
0
0
0
0
0
0
0
0
0
0
0
0
0
0
0
0
0
0
0
0
0
0
0
0
0
0
0
0
0
0
0
0
0
0
0
0
0
0
0
0
0
0
0
0
0
0
0
0
0
0
0
0
0
0
0
0
0
0
0
0
0
0
0
0
0
0
0
0.13525
0.218218
0.13525
0
0
0
0.13484
0.13484
0.13484
0.13484
0.186772
0.147442
0.13484
0.13484
0.13484
0.13484
0
0
0.13484
0.13484
0
0.13484
0.13484
0.186772
0.13484
0.13484
0.186772
0.13484
0.13484
0.132453
0.132453
0.132453
0.132453
0.132453
0.132453
0.132453
0.132453
0.132453
0
0
0
0
0
0
0
0
0
0.132453
0.132453
0.132453
0.132453
0.132453
0.132453
0
0
0
0
0
0
0
0
0
0
0
0
0
0
0
0
0.132453
0
0.132453
0
0
0
0
0
0
0
0
0
0.132453
0
0
0
0
0
0.132453
0.132453
0.132453
0
0
0
0.132453
0
0
0
0
0
0
0
0
0
0
0
0
0
0
0
0
0
0
0
0
0
0
0
0
0
0
0
0
0
0
0
0
0
0
0
0
0
0
0
0
0
0
0
0
0
0
0
0
0
0
0
0
0
0
0
0
0
0
0
0
0
0
0
0
0.162938
0.162938
0.162938
0.162938
0.162938
0.162938
0.162938
0.162938
0.162938
0.162938
0.162938
0.162938
0.162938
0.162938
0.162938
0.162938
0.168232
0
0
0.168232
0
0
0
0
0.168232
0
0
0
0
0
0
0.168232
0
0.162938
0
0.0763975
0
0.13525
0
0
0
0
0
0.0224639
0
0
0
0
0
0
0
0
0
0
0
0
0
0
0
0
0
0
0
0
0
0
0
0
0
0
0
0
0
0
0
0
0
0
0
0
0
0
0
0
0
0
0
0
0.13525
0.208514
0.0456594
0.0456594
0.0456594
0.0456594
0.0456594
0.0456594
0.0456594
0.0456753
0.0732579
0.0457389
0.0457389
0.0457389
0.0461102
0.0457389
0.0457389
0.0457389
0
0
0
0
0.0456594
0
0
0
0
0
0
0
0
0
0
0
0
0
0
0
0
0
0
0
0
0
0
0
0
0
0
0
0
0
0
0
0
0
0
0
0
0
0
0.0225819
0
0
0.138675
0.138675
0.138675
0.138675
0.138675
0.138675
0.138675
0.138675
0.138675
0.138675
0
0
0
0
0
0.138675
0.138675
0.138675
0.138675
0.138675
0.138675
0.138675
0.138675
0.148522
0.321634
0
0
0
0
0
0
0
0
0
0
0
0
0.182574
0
0
0
0
0
0
0.138675
0
0
0
0
0
0
0
0.138675
0
0
0
0
0
0
0
0
0
0
0
0
0
0
0
0
0
0
0
0
0
0
0
0
0
0
0
0
0
0
0
0
0
0
0
0
0
0
0
0
0
0
0
0
0
0
0
0
0
0
0
0
0
0
0
0
0
0
0
0
0
0
0
0
0
0
0
0
0
0
0
0
0
0
0
0
0
0
0
0
0
0
0
0
0
0
0
0
0
0
0
0
0
0
0
0
0
0
0
0
0
0
0
0
0
0
0
0
0
0
0
0
0
0
0
0
0
0
0
0
0
0
0
0
0
0
0
0
0
0
0
0
0
0
0
0
0
0
0
0
0
0
0
0
0
0
0
0
0
0
0
0
0
0
0
0
0
0
0
0
0
0
0
0
0
0
0
0
0
0
0
0
0
0
0
0
0
0
0
0
0
0
0
0
0
0
0
0
0
0
0
0
0
0
0
0
0
0
0
0
0
0
0
0
0
0
0
0
0
0
0
0
0
0
0
0
0
0
0
0
0
0
0
0
0
0
0
0
0
0
0
0
0
0
0
0
0
0
0
0
0
0
0
0
0
0
0
0
0
0
0
0
0
0
0
0
0
0
0
0
0
0
0
0
0
0
0
0
0
0
0
0
0
0
0
0
0
0
0
0
0
0
0
0
0
0
0
0
0
0
0
0
0
0
0
0
0
0
0
0
0
0
0
0
0
0
0
0
0
0
0
0
0
0
0
0
0
0
0
0
0
0
0
0
0
0
0
0
0
0
0
0
0
0
0
0
0
0
0
0
0
0
0
0
0
0
0
0
0
0
0
0
0
0
0
0
0
0
0
0
0
0
0
0
0
0
0
0
0
0
0
0
0
0
0
0
0
0
0
0
0
0
0
0
0
0
0
0
0
0
0
0
0
0
0
0
0
0
0
0
0
0
0
0
0
0
0
0
0
0
0
0
0
0
0
0
0
0
0
0
0
0
0
0
0
0
0
0
0
0
0
0
0
0
0
0
0
0
0
0
0
0
0
0
0
0
0
0
0
0
0
0
0
0
0
0
0
0
0
0
0
0
0
0
0
0
0
0
0
0
0
0
0
0
0
0
0
0
0
0
0
0
0
0
0
0
0
0
0
0
0
0
0
0.321634
0.321634
0
0.327327
0
0
0
0
0
0
0
0
0
0
0
0
0
0
0.34641
0
0
0
0
0
0
0
0
0
0
0
0
0
0
0
0
0
0
0
0
0
0
0
0
0
0
0
0
0
0
0
0
0
0
0
0
0
0
0
0
0
0
0
0
0
0
0
0
0
0
0
0
0
0
0
0
0
0
0
0
0.13525
0
0.2
0.2
0
0
0.2
0.2
0.13525
0
0
0
0
0
0
0
0
0
0
0
0
0
0
0
0
0
0
0
0
0
0
0
0
0
0
0
0
0
0
0
0
0
0.0224639
0.0224639
0.0224639
0.0224639
0.0224639
0.0224639
0.0224639
0.0224639
0.0224639
0.0224639
0.0224639
0.0224639
0.0224639
0.0224639
0.0224639
0.0224639
0.0224639
0.0224639
0.0224639
0.0224639
0.0224639
0.0224639
0.0224639
0.0224639
0.0224639
0.0224639
0.0224639
0.0224639
0.0224639
0.0224639
0.0224639
0
0
0
0
0
0
0
0
0
0
0
0
0
0
0
0
0
0
0
0
0
0
0
0
0
0
0
0
0
0
0
0
0
0
0
0
0
0
0
0
0
0
0
0
0
0
0
0
0
0
0
0
0
0
0
0
0
0
0
0
0
0
0
0
0
0
0
0
0
0
0
0
0
0
0
0
0
0
0
0
0
0
0
0
0
0
0
0
0
0
0
0
0
0
0
0
0
0
0
0
0
0
0
0
0
0
0
0
0
0
0
0
0
0
0
0
0
0
0
0
0
0
0
0
0
0
0
0
0
0
0
0
0
0
0
0
0
0
0
0
0
0
0
0
0
0
0
0
0
0
0
0
0
0
0
0
0
0
0
0
0
0
0
0
0
0
0
0
0
0
0
0
0
0
0
0
0
0
0
0
0
0
0
0
0
0
0
0
0
0
0
0
0
0
0
0
0
0
0
0
0
0
0
0
0
0
0
0
0
0
0
0
0
0
0
0
0
0
0
0
0
0
0
0
0
0
0
0
0
0
0
0
0
0
0
0
0
0
0
0
0
0
0
0
0
0
0
0
0
0
0
0
0
0
0
0
0
0
0
0
0
0
0
0
0
0
0
0
0
0
0
0
0
0
0
0
0
0
0
0
0
0
0
0
0
0
0
0
0
0
0
0
0
0
0
0
0
0
0
0
0
0
0
0
0
0
0
0
0
0
0
0
0
0
0
0
0
0
0
0
0
0
0
0
0
0
0
0
0
0
0
0
0
0
0
0
0
0
0
0
0
0
0
0
0
0
0
0
0
0
0
0
0
0
0
0
0
0
0
0
0
0
0
0
0
0
0
0
0
0
0
0
0
0
0
0
0
0
0
0
0
0
0
0
0
0
0
0
0
0
0
0
0
0
0
0
0
0
0
0
0
0
0
0
0
0
0
0
0
0
0
0
0
0
0
0
0
0
0
0
0
0
0
0
0
0
0
0
0
0
0
0
0
0
0
0
0
0
0
0
0
0
0
0
0
0
0
0
0
0
0
0
0
0
0
0
0
0
0
0
0
0
0
0
0
0
0
0
0
0
0
0
0
0
0
0
0
0
0
0
0
0
0
0
0
0
0
0
0
0
0
0
0
0
0
0
0
0
0
0
0
0
0
0
0
0
0
0
0
0
0
0
0
0
0
0
0
0
0
0
0
0
0
0
0
0
0
0
0
0
0
0
0
0
0
0
0
0
0
0
0
0
0
0
0
0
0
0
0
0
0
0
0
0
0
0
0
0
0
0
0
0
0
0
0
0
0
0
0
0
0
0
0
0
0
0
0
0
0
0
0
0
0
0
0
0
0
0
0
0
0
0
0
0
0
0
0
0
0.120972
0.120972
0.120972
0.120972
0.120972
0.120972
0.120972
0.120972
0.120972
0.120972
0.120972
0.120972
0.120972
0.120972
0
0.225494
0
0
0.120972
0.120972
0
0
0
0
0
0.120972
0
0.13525
0.219971
0
0.0224639
0
0
0
0
0
0
0
0
0
0
0
0
0
0
0
0
0
0
0
0
0
0
0
0
0
0
0
0
0
0
0
0
0
0
0
0
0
0
0
0
0
0
0
0
0
0
0
0.0224695
0
0.0224695
0
0
0
0
0
0
0
0
0
0
0
0
0
0
0
0
0
0
0
0.022632
0.022632
0
0
0
0
0
0
0
0
0
0
0
0
0
0
0
0
0
0
0
0
0
0
0
0
0
0
0
0
0
0
0
0
0
0
0
0
0
0
0.0225839
0.0225839
0.0225839
0.0225839
0.0225839
0.0225839
0
0
0
0
0
0
0.149626
0.149626
0.149626
0.149626
0.156813
0.156813
0.158777
0.158777
0
0
0.158777
0.156813
0.149626
0.149626
0.149626
0.149626
0.149626
0.184637
0.149626
0.149626
0.149626
0.205557
0.205557
0.151911
0
0
0.151911
0
0
0
0
0
0.152499
0.211604
0
0.211604
0
0
0
0
0
0
0
0
0
0
0
0
0
0
0
0
0
0
0.13525
0.219971
0.0224525
0
0.0224525
0
0
0
0
0
0
0
0
0
0
0
0
0
0.13525
0
0
0
0
0
0
0
0
0
0
0
0
0
0
0
0
0
0
0
0
0
0
0
0
0
0.0224658
0.0224658
0.0224658
0.0224658
0.0224658
0.0224658
0.0225018
0.0224658
0.1659
0.1659
0.1659
0.1659
0.218218
0.218218
0.218218
0.218218
0.1659
0.1659
0.1659
0
0
0
0
0
0
0
0
0
0
0.1659
0.1659
0
0
0
0
0
0
0
0
0
0
0
0
0
0
0
0
0
0
0
0
0
0
0
0
0
0
0
0
0
0
0
0
0
0
0
0
0
0
0
0
0
0
0
0
0
0
0
0
0
0
0
0
0
0
0
0
0
0
0
0
0
0
0
0
0
0
0
0
0
0
0
0
0
0
0
0
0
0
0
0
0
0
0
0
0
0
0
0
0
0
0
0
0
0
0
0
0
0
0
0
0
0
0
0
0
0
0
0
0
0
0
0
0
0
0
0
0
0
0
0
0
0
0
0
0
0
0
0
0
0
0
0.0224639
0.0224639
0.0224639
0
0
0
0
0
0
0
0.210042
0.210042
0.210042
0.210042
0.210042
0.210042
0.210042
0.210042
0.210042
0.210042
0
0
0.210042
0
0
0
0
0
0
0
0
0
0
0
0
0
0
0
0
0
0
0
0
0
0
0
0
0
0
0
0.288675
0.0224639
0.0224639
0.0224639
0.0224639
0.0224639
0.0224639
0.0224639
0.0224639
0.0224639
0.0224639
0.0224639
0.0224639
0.0224639
0.0224639
0.0224639
0.0224639
0.0224639
0.0224639
0.0224639
0.0224639
0.0224639
0.0224639
0.0224639
0.0224639
0
0
0
0
0.0224639
0
0
0
0
0
0
0
0.0224431
0.0224431
0.0224431
0
0
0
0
0
0
0
0.193649
0.193649
0.193649
0.193649
0.193649
0.193649
0.193649
0.193649
0.193649
0.193649
0.193649
0.193649
0.193649
0.193649
0.193649
0.197386
0.197386
0.197386
0.197386
0.197386
0.197386
0
0
0.197386
0
0
0
0.197386
0.197386
0.197386
0.197386
0
0
0
0
0
0
0
0
0
0
0
0
0
0
0
0
0
0
0
0
0
0
0
0.193649
0.193649
0.193649
0.193649
0.193649
0
0
0
0.0225819
0
0.13525
0.214834
0
0
0
0
0
0
0
0
0
0.13525
0
0
0
0
0
0
0.13525
0
0.147979
0.15133
0.13525
0.219971
0.13525
0
0.13525
0
0
0
0
0.13525
0
0
0
0
0.13525
0
0
0
0.13525
0.219971
0.13525
0.149626
0.13525
0
0.13525
0
0.13525
0
0.13525
1
0.13525
0.15133
0.13525
0
0.13525
0
0.13525
0
0.13525
0
0.13525
0
0
0
0.13525
0
0.13525
0.218218
0.13525
0.218218
0.13525
0.218218
0.218218
0.13525
0.218218
0.218218
0.218218
0.13525
0.219971
0.13525
0.218218
0.13525
0.218218
0.13525
0
0.13525
0.214834
0.13525
0.218218
0.13525
0.214834
0.13525
0.214834
0
0
0
0
0.202721
0.202721
0.202721
0.202721
0.202721
0.202721
0.202721
0.202721
0.202721
0.202721
0.202721
0
0.202721
0.202721
0
0
0.202721
0
0
0
0
0
0
0
0
0
0.202721
0
0.0808452
0.0808452
0.0808452
0.0808452
0.0808452
0.0808452
0.0808452
0.0808452
0.0808452
0
0.0808452
0
0.0808452
0.0808452
0.0808452
0.0808452
0.0907841
0.0907841
0
0.0907841
0
0
0
0
0
0
0
0
0
0.0817405
0.0817405
0.0879316
0.0879316
0.0879316
0.0879316
0
0
0
0.0979013
0
0
0
0
0
0.0821995
0.0821995
0.0966736
0.0966736
0
0
0
0
0
0.0966736
0.0966736
0.0808452
0.0818317
0.0818317
0.114708
0.0835269
0.0835269
0.0835269
0
0
0.0835269
0
0
0
0
0
0
0
0
0
0
0
0
0
0
0
0
0
0
0
0
0
0
0
0.0852286
0
0
0
0
0
0
0
0
0.0979013
0.0835269
0.0835269
0.0835269
0.0835269
0.0835269
0.0835269
0
0
0
0
0
0.0835269
0.0835269
0
0
0
0.0898027
0.0898027
0.0902894
0.0898027
0.0898027
0.0898027
0
0
0
0
0
0.0835269
0
0
0
0
0
0
0
0
0
0
0
0
0
0
0
0
0
0
0
0
0
0
0
0
0
0
0
0
0
0
0
0
0
0
0
0
0
0
0
0
0
0
0
0
0
0
0.0835269
0
0
0.0835269
0.0835269
0.0835269
0
0
0
0
0
0
0
0
0
0
0
0
0
0.0835269
0.0835269
0.0835269
0.0835269
0.0835269
0
0
0
0
0.0835269
0.0835269
0.0835269
0.0835269
0.15133
0.15133
0.15133
0.15133
0.15133
0.15133
0
0
0
0
0
0
0
0
0
0
0.204124
0.204124
0.204124
0
0.204124
0
0
0
0
0
0
0
0
0
0
0
0
0
0
0
0
0
0
0
0
0
0
0
0
0
0
0
0
0
0
0
0
0
0
0
0
0
0
0
0
0
0
0
0
0
0
0
0
0
0
0
0
0
0
0
0
0
0
0
0
0
0
0
0
0
0
0
0
0
0
0
0
0
0
0
0
0
0
0
0
0
0
0
0
0
0
0
0
0
0
0
0
0
0
0
0
0
0
0
0
0
0
0
0
0
0
0
0
0
0
0
0
0
0
0
0
0
0
0
0
0
0
0
0
0
0
0
0
0
0
0
0
0
0
0
0
0
0
0
0
0
0
0
0
0
0
0
0
0
0
0
0
0
0
0
0
0
0
0
0
0
0
0
0
0
0
0
0
0
0
0
0
0
0
0
0
0
0
0
0
0
0
0
0
0
0
0
0
0
0
0
0
0
0
0
0
0
0
0
0
0
0
0
0
0
0
0
0
0
0
0
0
0
0
0
0
0
0
0
0
0
0
0
0
0
0
0
0
0
0
0
0
0
0
0
0
0
0
0
0
0
0
0
0
0
0
0
0
0
0
0
0
0
0
0
0
0
0
0
0
0
0
0
0
0
0
0
0
0
0
0
0
0
0
0
0
0
0
0
0
0
0
0
0
0
0
0
0
0
0
0
0
0
0
0
0
0
0
0
0
0
0
0
0
0
0
0
0
0
0
0
0
0
0
0
0
0
0
0
0
0
0
0
0
0
0.0224639
0.0224639
0
0
0
0
0
0
0
0
0
0
0
0
0
0
0
0
0
0
0
0
0
0.280976
0.280976
0.280976
0.280976
0.280976
0.280976
0.280976
0.280976
0.280976
0.280976
0.280976
0.280976
0.280976
0.280976
0.280976
0.280976
0.280976
0.280976
0.280976
0
0.280976
0.280976
0.39736
0.280976
0.5
0.280976
0
0.280976
0
0.280976
0
0.280976
0.280976
0.280976
0.280976
0.39736
0.39736
0.39736
0
0
0.39736
0
0
0
0
0.39736
0.5
0
0
0
0
0
0.5
0
0
0
0
0
0
0
0
0
0
0
0
0
0
0
0
0
0
0
0
0
0
0
0
0
0.280976
0.280976
0.280976
0.284747
0.280976
0.707107
0.280976
0.284747
0
0.29277
0
0.301511
0
0
0.284747
0.707107
0
0
0.707107
0.0224658
0.0224658
0.0224658
0.0224658
0.0224658
0.0224658
0.19245
0.19245
0.19245
0.196116
0.196116
0.19245
0.19245
0.19245
0.19245
0.19245
0.19245
0.19245
0.214834
0.214834
0.219971
0
0
0
0
0
0
0
0
0
0
0
0
0
0
0
0
0
0
0
0
0
0
0
0.210042
0.210042
0.210042
0.288675
0.210042
0.288675
0.288675
0.288675
0.288675
0.288675
0.288675
0.288675
0
0
0
0
0
0
0.288675
0
0
0.288675
0.288675
0.288675
0.288675
0
0.288675
0.210042
0.210042
0
0
0
0
0
0
0
0
0
0
0
0
0
0
0
0
0
0
0
0
0.208514
0.208514
0.208514
0.0224639
0.208514
0
0.208514
0.208514
0.208514
0.208514
0
0
0
0
0
0
0
0
0
0
0
0
0.216506
0.216506
0.208514
0
0
0
0
0
0
0
0
0.208514
0.103882
0
0
0
0
0
0
0
0
0
0
0
0
0
0
0
0
0
0
0
0.218218
0.218218
0.19245
0.19245
0.19245
0.19245
0.19245
0.19245
0.19245
0.19245
0.19245
0.19245
0.19245
0.19245
0.19245
0
0
0
0
0.19245
0.19245
0.19245
0
0
0
0
0
0
0.19245
0.19245
0.19245
0.19245
0.19245
0
0
0
0
0
0
0
0
0
0
0
0
0
0
0
0
0
0
0
0
0
0
0
0
0
0
0
0
0
0
0
0
0
0
0
0
0
0
0
0
0
0
0
0
0
0
0
0
0
0
0
0
0
0
0
0
0
0
0
0
0.0326106
0.0326106
0.0326106
0.0326106
0
0
0
0
0
0.0226397
0.0226397
0.0226397
0.0226397
0.0226397
0.0226397
0.0226397
0.0226397
0.0226397
0.0226397
0.0226397
0.0226397
0.0226397
0.0226397
0.0226397
0.0226397
0.0226397
0.0226397
0.0226397
0.022661
0.022661
0.022661
0.022661
0.022661
0.022661
0.022661
0.022661
0.022661
0.022661
0.022661
0.022661
0
0
0
0
1
1
0
0.022661
0.022661
0.022661
0.022661
0.022661
0.022661
0.022661
0.022661
0.022661
0.0325933
0.0325933
0
0.0325933
0
0.0325933
0.022661
0.022661
0.022661
0.022661
0
0
0
0.022661
0
0
0
0
0
0
0
0
0
0
0
0
0
0
0.0326106
0
0
0.0326106
0
0
0
0
0.022661
0.022661
0.0326106
0.0326106
0.0326106
0.0326106
0.022661
0.022661
0.022661
0.022661
0.032721
0.022661
0.022661
0.0275102
0.0275102
0.0275102
0
0.0275102
0.0275102
0
0
0
0
0
0
0
0
0
0
0.022661
0.025203
0.025203
0.022661
0.022661
0.022661
0.022661
0.022661
0.022661
0.0326106
0.0326106
0.0326106
0.0326106
0.0326106
0.0326106
0.0326106
0.0326106
0.0326106
0.022661
0.022661
0.022661
0.0353406
0.022661
0.0228535
0
0
0
0
0
0
0
0
0
0
0
0
0
0
0
0
0
0
0
0
0
0
0
0
0
0
0
0
0
0
0
0
0
0
0
0
0
0
0
0
0
0
0
0
0
0
0
0
0.0320695
0
0
0
0
0
0
0
0
0
0
0
0
0
0
0
0
0
0
0
0
0
0
0
0
0
0
0
0
0
0
0
0
0
0
0.0247841
0
0.0239023
0
0
0
0
0
0
0.022661
0
0.0248708
0
0
0.0227528
0
0.022661
0.0326106
0.0326106
0.0326106
0.0326106
0.0326106
0.0326106
0.0326106
0.0326106
0.0326106
0.0326106
0.0326106
0.0326106
0.0326106
0.0326106
0.0326106
0.0326106
0.0326106
0.0326106
0.0326106
0.0326106
0
0
0
0.0326106
0.0326106
0.0326106
0.0326106
0.0326106
0
0
0
0
0
0.0327268
0
0.0326106
0.0326164
0.0326164
0.0326164
0.0326164
0.0326164
0.0326164
0.0326164
0
0.0326164
0.0326164
0
0
0
0
0
0
0
0
0
0
0
0
0
0
0.035007
0
0
0
0.035007
0.035007
0
0
0
0
0
0
0
0
0
0
0
0
0
0
0
0
0
0
0
0
0
0
0
0
0
0
0
0
0
0
0
0
0
0
0
0
0
0
0
0
0
0
0
0
0
0
0
0
0
0
0
0
0
0
0
0
0
0
0
0
0
0
0
0
0
0
0
0
0
0
0
0
0
0
0
0
0
0
0
0
0
0
0
0
0
0
0
0
0
0
0
0
0
0
0
0
0
0
0
0
0
0
0
0
0
0
0
0
0
0
0
0
0
0
0
0
0
0
0
0
0
0
0
0
0
0
0
0
0
0
0
0
0
0
0
0
0
0
0
0
0
0
0
0
0
0
0
0
0
0
0
0
0
0
0
0
0.039143
0.039143
0.039143
0.039143
0.039143
0.039143
0.039153
0.039153
0
0
0.039153
0.039153
0.039153
0.039153
0.039143
0.039143
0.039143
0
0.039143
0
0.039143
0.039143
0
0
0
0
0
0
0
0
0
0.039143
0
0.039143
0
0
0
0.039143
0
0
0.039143
0.039143
0
0
0
0
0
0
0.0392434
0.0392434
0
0
0
0
0
0
0
0
0
0
0
0
0
0
0
0
0
0
0
0
0.105605
0
0.105605
0.105605
0
0
0
0
0
0
0
0
0
0
0
0
0
0
0
0
0
0
0
0
0
0
0
0
0
0
0
0
0
0
0
0
0
0
0.0378686
0.0378686
0.0378686
0.0378686
0
0.0378686
0.0378686
0.0378686
0.0378686
0.170664
0.170664
0
0.0378686
0.0378686
0.0378686
0
0
0.0395491
0
0
0.0395491
0
0
0
0
0
0
0.0396111
0.0396111
0.170664
0
0.0392132
0
0
0
0.0386719
0.0386719
0
0.0326106
0
0.0326106
0.0326106
0
0
0
0
0.0386238
0
0.0386238
0.0386238
0.039133
0.0392837
0.0392837
0
0
0
0
0.0326106
0
0
0
0
0
0
0.0326106
0
0
0
0
0
0
0
0
0
0
0
0
0
0
0
0
0
0
0
0
0
0
0
0
0
0
0
0
0
0
0
0
0
0
0
0
0
0
0.0377157
0.0377157
0
0.039153
0.039153
0.039153
0.039153
0.039153
0.039153
0.039153
0.037199
0.037199
0
0.0377157
0.037199
0
0.037199
0.037199
0.037199
0
0
0
0
0
0
0
0
0
0
0
0
0
0
0
0
0
0
0
0
0.0367112
0
0
0
0
0
0
0
0
0
0
0
0
0
0
0
0
0
0
0
0
0
0
0
0
0
0
0
0
0
0
0
0
0
0
0
0
0
0
0
0
0
0
0
0
0
0
0
0
0
0
0
0
0
0
0
0
0
0
0
0
0
0
0
0
0
0
0
0
0
0
0
0
0
0
0
0
0
0
0
0
0
0
0
0
0
0.0377157
0.0379686
0.0379686
0.0379686
0.0379686
0.0379686
0
0.0379686
0.0379686
0
0.039153
0.039153
0.039153
0.039153
0.039153
0.191273
0.191273
0
0.191273
0.039153
0.039153
0.039153
0.039153
0.191273
0.0392031
0.0407231
0.0407231
0.0407231
0.039153
0
0.039153
0.039153
0
0
0
0
0
0
0
0
0
0
0.0375029
0.0375029
0.0375029
0
0
0
0
0
0
0.0376889
0
0
0
0
0
0
0
0
0
0
0
0
0
0.0372592
0
0
0
0
0
0.037311
0.039968
0.0373631
0.0373631
0.0373631
0
0
0.0373631
0
0
0.0373631
0.0372678
0.0402803
0.0373631
0
0
0.0373631
0
0
0.0373631
0
0
0.0373631
0.0373631
0.0373631
0
0
0.0373631
0
0.0373631
0
0
0.0369023
0
0.0369023
0.0369023
0
0
0
0
0.0369023
0.0369023
0
0
0
0
0
0
0
0
0
0.0369023
0
0
0
0
0
0
0
0
0
0
0
0
0
0
0
0
0
0
0
0
0
0
0
0
0
0
0
0
0
0
0
0
0
0
0
0
0
0
0
0
0
0
0
0
0
0
0
0
0
0
0
0
0
0
0
0
0
0
0
0
0
0
0
0
0
0
0
0
0
0
0
0
0
0
0
0
0
0
0
0
0
0
0
0
0
0
0
0
0
0
0
0
0
0
0
0
0
0
0
0
0
0
0
0
0
0
0
0
0
0
0
0
0
0
0
0
0
0
0
0
0
0
0
0
0
0
0
0
0
0
0
0
0
0
0
0
0
0
0
0
0
0
0
0
0
0
0
0
0
0
0
0
0
0
0
0
0
0
0
0
0
0
0
0
0
0
0
0
0
0
0
0
0
0
0
0
0
0
0
0.0387881
0.039663
0.0368022
0.0326106
0.0326106
0.0326106
0
0
0
0.0331801
0.0327913
0.0327913
0.0327913
0.0382266
0.0382266
0
0
0.0326106
0.0326106
0
0
0.0326106
0.0326106
0.0326106
0.0326106
0.0326106
0.0326106
0.0326106
0.0397151
0.0397151
0.0397151
0.0326106
0.0326106
0
0.0326106
0.0326106
0.0378686
0.0378686
0.0378686
0.0378686
0.0378686
0.0381246
0.0381246
0.0378686
0.0378686
0
0.022661
0.0247841
0.0247841
0
0
0.0247841
0.0274583
0.0275102
0
0
0
0
0
0.0274583
0.0274583
0
0
0
0
0
0
0
0
0.031895
0.031895
0.031895
0
0.031895
0.022661
0.022661
0.0226707
0.0226707
0.022661
0.022661
0.022661
0.022661
0
0
0
0
0
0.022661
0
0.022661
0.022661
0.0226707
0.0226707
0.025118
0
0
0
0
0
0
0
0
0
0
0
0
0
0
0
0
0
0
0
0
0
0
0
0.0239023
0.0239023
0.0239023
0
0
0
0
0
0
0
0
0
0
0
0
0.025203
0.025203
0.025203
0.0375646
0.0375646
0
0.0375646
0.0375646
0.0375646
0.025203
0.025203
0.025203
0.0375646
0.0375646
0.0375646
0.025203
0.025203
0.025203
0.025203
0.0272468
0.0375646
0.025203
0.025203
0.025203
0.0308118
0.0308118
0.025203
0.025203
0.025203
0.025203
0.025203
0
0
0
0
0
0
0.0291235
0.0291235
0.0291235
0.0291235
0
0
0
0
0
0
0
0
0
0
0
0
0
0
0
0
0
0.0227665
0.0227567
0.0275102
0.0227665
0
0.0227665
0.0227665
0
0
0
0
0
0
0
0
0
0
0
0
0
0
0
0
0
0
0
0
0
0
0
0
0
0
0
0
0
0
0
0
0
0
0
0.0277386
0
0
0
0
0
0
0
0
0
0
0
0
0
0
0
0
0
0
0
0
0
0
0
0
0
0
0
0
0
0
0
0
0
0
0
0
0
0
0
0
0
0
0
0
0
0
0
0
0
0
0
0
0
0
0
0
0
0
0
0
0
0
0
0
0
0
0
0
0.0314347
0.0314347
0
0.0269942
0
0.0269942
0.0269942
0.0269942
0.0269942
0.0269942
0.0269942
0.0269942
0.0296261
0.0296261
0.0269942
0
0
0
0
0
0
0
0
0
0
0
0
0
0
0.022661
0.022661
0
0
0.031895
0
0.0247841
0.025118
0
0
0
0
0
0
0
0
0
0
0
0.0238682
0.0239023
0
0
0
0
0
0
0
0
0
0.025203
0
0.0277386
0
0
0
0
0.0227665
0
0
0
0
0
0.022661
0
0
0
0
0.0269942
0.0269942
0.0269942
0.0269942
0
0
0
0
0.0326106
0.0326106
0.0326106
0.0326106
0.0326106
0.0326106
0.0326106
0.0326106
0.0326106
0.0326106
0.0326106
0.0326106
0.0326106
0.0326106
0.0326106
0.0326106
0.0326106
0.0326106
0.0326106
0.0326106
0.0326106
0.0326106
0
0
0
0
0
0
0
0
0
0.0326106
0.0326106
0.0326106
0.0326106
0.0326106
0.0326106
0.0326106
0.0326106
0.0326106
0.0326106
0.0326106
0.0326106
0.0326106
0.0326106
0.0326106
0.0326106
0.0326106
0.0326106
0.0326106
0.0326106
0.0326106
0
0.0326106
0.0384995
0.0326106
0.0326106
0.0326106
0.0326164
0.0326164
0.0326164
0.0326164
0.0326164
0.0326164
0.0326164
0.0326106
0.0326106
0.0388955
0
0
0
0
0.0369442
0.0369442
0
0
0
0.0399574
0
0.0407231
0
0
0.138233
0.138233
0
0.159448
0.174078
0.174078
0.174078
0
0
0
0.0366044
0.0366044
0.0366044
0.0366044
0
0
0
0
0.0367194
0.0367194
0.0367194
0
0
0
0
0
0.0367194
0.0367525
0.0367194
0.0367194
0.0367194
0.0367194
0.0367194
0
0
0
0
0
0
0
0
0
0
0
0.0326164
0.0326164
0.0326164
0
0.0326106
0.0326106
0.0326106
0.0326106
0
0
0
0.0326106
0.0326106
0.0326106
0.0326106
0.0326106
0.0326106
0.0326106
0.0326106
0.0326106
0.0326106
0.0326106
0.0385281
0.0385281
0.0326164
0.0326222
0.0326164
0.0366044
0.0370032
0.0366372
0.0326106
0.0326106
0
0
0
0
0
0
0
0.0326106
0.0326106
0.0326106
0.0326106
0.0326106
0.0326106
0.0326106
0
0
0
0
0.0326106
0.0326106
0.0326106
0.0384995
0
0
0.0384995
0.0384995
0.0384995
0.0326106
0.0326106
0.0384995
0.0384995
0
0
0
0
0
0.0326106
0.0326106
0.0326106
0.0326106
0
0
0
0
0
0.0327444
0
0
0
0
0.0327444
0.0327444
0.0327444
0.0327444
0
0
0
0
0
0
0
0.0327444
0
0.0327444
0.0385281
0.0385281
0.0385281
0.0326106
0.0326106
0
0
0
0
0
0
0
0
0.0226397
0.0226397
0.0226397
0.0226397
0.0226397
0.0226397
0.0226397
0.0226397
0.0226397
0.0226397
0.0226397
0.0226397
0.0226397
0.0226397
0.0226397
0.0226397
0.0226397
0.0226397
0.0226397
0.0226397
0.0226397
0.0226397
0.0226397
0.0226397
0.0226397
0.0226397
0.0226397
0.0226397
0.0226397
0.0226397
0.0226397
0.0226397
0.0226397
0.0226397
0.0226397
0.0226397
0.0226397
0.0226397
0.0226397
0.0226397
0.0226397
0.0226397
0.0226397
0.0226397
0.0226397
0.022661
0.0326106
0.0326106
0
0.0226397
0.0226397
0
0.0226397
0.0226397
0.0226397
0
0.0226397
0.0226397
0.0226397
0.0226397
0.0226397
0.0226397
0.0226397
0.0226397
0.0226397
0.0226397
0.0226397
0.0226397
0.0226397
0.0226397
0.0226397
0.0226397
0.0226397
0.0226397
0.0236272
0.0236272
0.0226397
0
0.0226397
0.0226397
0.0226397
0.022661
0.022661
0
0
0.0226397
0.0226397
0.022661
0.022661
0.0226397
0.022663
0.022663
0.022663
0.022663
0
0.022663
0.022663
0
0
0.025203
0.025203
0.022663
0
0
0
0
0
0
0
0
0
0
0
0
0
0.025203
0.025203
0
0
0
0.025203
0
0
0
0
0.025203
0.025203
0.025203
0.025203
0.0308118
0.0308118
0.0308118
0.0401071
0.0308118
0.0402259
0.0308118
0.025203
0.0224695
0
0
0
0
0
0
0
0
0
0
0
0
0
0
0
0
0
0
0
0
0
0
0
0
0
0
0
0
0
0
0
0
0.125988
0.125988
0.162221
0.170664
0.208514
0.208514
0.208514
0.208514
0
0
0.208514
0
0
0
0
0
0.125988
0.0225954
0.0225954
0.0225954
0.0225954
0.0456594
0.0456594
0.0456594
0.0456594
0.0224544
0.0224544
0.0341394
0.0341394
0.0342661
0.0401718
0.0341394
0.0341394
0.0341394
0.0341394
0.0341394
0.0341394
0.039841
0.039841
0.039841
0.039841
0.039841
0.039841
0
0.039841
0.039841
0.0539164
0.0539164
0.0539164
0.039841
0.039841
0.0344691
0.0344691
0.0341394
0.0341394
0.0379869
0.0379869
0.0379869
0.0379869
0.0379869
0.0379869
0.0379869
0.0435469
0
0.0435469
0.0435469
0
0.0435469
0.0435469
0
0
0
0
0
0
0
0.0344828
0.0341394
0.0341527
0.0341527
0.0341527
0.0341527
0.0341527
0.0341527
0.0341394
0.0349784
0.0349784
0.0349784
0.0349784
0
0.0349784
0.0349784
0
0
0.210042
0.210042
0.210042
0.210042
0.210042
0.210042
0.210042
0.210042
0.210042
0
0
0
0
0.210042
0.210042
0
0
0
0.210042
0.210042
0
0
0
0
0
0
0
0
0
0
0
0
0
0
0
0
0
0
0
0
0
0
0
0
0
0
0
0
0
0
0
0
0.210042
0.210042
0.210042
0
0
0
0
0
0
0
0
0
0
0
0
0.140952
0.140952
0.140952
0.140952
0.140952
0.140952
0.141421
0.141421
0.219971
0.219971
0.219971
0.20702
0.20702
0.20702
0.20702
0.20702
0.20702
0.20702
0.20702
0
0
0
0
0
0
0
0
0
0
0
0
0
0
0
0
0
0
0.20702
0
0
0
0
0
0
0
0
0
0.0224658
0.0224658
0.0224658
0.0224658
0.0224658
0.0224658
0.0224658
0.0224658
0.0224658
0.0224658
0.0224658
0
0.202721
0.202721
0
0
0
0
0.202721
0
0.19868
0.19868
0.19868
0.19868
0.19868
0.19868
0.19868
0.19868
0.19868
0.19868
0.19868
0.19868
0.216506
0
0
0
0
0
0
0
0
0
0
0
0
0
0
0
0
0
0
0
0
0
0
0
0
0
0
0
0
0
0
0
0
0.0226185
0.0226185
0.0226185
0.0226185
0.0226185
0.0226397
0.0226397
0.0226397
0
0
0
0
0
0
0
0.0226397
0.0226397
0
0
0.0226397
0.0226397
0.0226397
0.0226397
0
0
0.0226397
0
0.022663
0.0226397
0.0226397
0
0
0
0
0
0
0
0
0
0
0
0.0224639
0
0
0
0
0
0
0
0
0
0
0
0
0
0
0
0
0
0
0
0
0
0
0
0
0
0
0
0
0
0
0
0
0
0
0
0
0
0
0
0
0
0
0
0
0
0
0
0
0
0
0
0
0
0
0
0
0
0
0
0
0
0
0
0
0
0
0
0
0
0
0.19245
0.19245
0.19245
0.2
0.2
0.19245
0
0
0
0
0
0
0
0
0
0.19245
0
0
0
0
0
0
0
0
0
0
0
0
0
0
0
0
0
0
0
0
0
0
0
0
0
0
0
0
0
0
0
0
0
0
0
0
0
0
0
0
0
0
0
0
0
0
0
0
0
0
0
0
0
0
0
0
0
0
0
0
0
0
0
0
0
0
0
0
0
0
0
0
0
0
0
0
0
0
0
0
0
0
0
0
0
0
0
0
0
0
0
0
0
0
0
0
0
0
0
0
0
0
0
0
0
0
0
0
0
0
0
0
0
0
0
0
0
0
0
0
0
0
0
0
0
0
0
0
0
0
0
0
0
0
0
0
0
0
0
0
0.0912871
0.0912871
0.0912871
0.0912871
0
0.0912871
0.0912871
0.0912871
0.0912871
0.0912871
0.0912871
0.0912871
0.0912871
0.0912871
0.0914141
0.0914141
0
0
0.0914141
0
0.0912871
0.0912871
0.0912871
0.0914141
0.0912871
0.0912871
0.0914141
0.0912871
0.0224658
0
0
0
0
0
0
0
0
0
0
0
0
0
0
0
0
0
0
0.149626
0
0
0
0
0
0
0
0
0
0
0
0
0
0
0
0
0
0
0
0
0
0
0
0
0
0
0
0
0
0
0
0
0
0
0
0
0
0
0
0
0
0
0
0
0
0
0
0
0
0
0
0
0
0
0
0
0
0
0
0
0
0
0
0
0
0
0
0
0
0
0
0
0
0.106399
0.106399
0.106399
0.106399
0.106399
0.106399
0.106399
0.106399
0.106399
0.11134
0
0.11134
0.106399
0.106399
0
0
0
0
0.106399
0.106399
0.106399
0.106399
0
0
0
0
0
0
0
0
0
0
0
0
0
0
0
0
0
0
0
0
0
0
0
0
0
0
0
0
0
0
0
0
0
0
0
0
0
0
0
0
0
0
0
0
0
0
0
0
0
0
0
0
0
0
0
0
0
0
0
0
0
0
0
0
0
0
0
0
0
0
0.0830455
0
0
0
0
0.196116
0.196116
0.196116
0.196116
0.196116
0.196116
0.196116
0.196116
0.196116
0.196116
0.196116
0.196116
0
0.196116
0
0.19868
0.19868
0
0
0
0
0
0
0
0
0
0
0
0
0
0
0
0
0
0
0
0
0
0
0
0
0.19868
0
0
0
0
0
0
0
0
0
0
0
0
0
0
0
0
0
0
0
0
0
0
0
0
0
0
0
0.143346
0.143346
0.143346
0.143346
0.143346
0.143346
0.143346
0.143346
0.143346
0.143346
0.143346
0.143346
0.143346
0.143346
0.144841
0.144841
0.144841
0
0
0.144841
0.144841
0.143346
0
0
0.143346
0.143346
0
0.143346
0.143346
0.143346
0.143346
0
0.143346
0.143346
0.143346
0
0
0.143346
0.143346
0.143346
0.143346
0
0
0
0
0
0
0
0
0
0
0
0
0
0
0
0
0
0
0
0
0
0
0
0.151911
0.151911
0.179605
0.179605
0
0
0.229416
0.176777
0
0
0
0.176777
0
0
0
0
0.143346
0.143346
0.143346
0.150756
0.244949
0
0
0
0
0
0
0
0
0
0
0
0
0
0
0
0
0
0
0
0
0
0
0
0
0
0
0
0
0
0
0
0
0
0
0
0
0
0
0.143346
0.143346
0.143346
0
0
0
0
0
0
0
0
0
0
0
0
0
0
0
0
0
0
0
0
0
0.143346
0.143346
0
0
0
0
0
0
0
0
0
0
0
0.143346
0.143346
0
0
0
0
0
0
0
0
0
0
0
0
0
0
0
0
0
0
0
0
0
0
0
0
0
0
0
0
0.143346
0
0.171499
0.171499
0.171499
0.171499
0.171499
0.171499
0.171499
0.171499
0.171499
0.171499
0.171499
0.211604
0.211604
0.211604
0.211604
0
0
0
0
0
0
0
0
0
0
0
0
0
0
0
0
0.183597
0.183597
0.183597
0.183597
0.183597
0.183597
0.183597
0.183597
0.183597
0.183597
0.183597
0.183597
0.183597
0.183597
0.183597
0.183597
0.183597
0.183597
0.183597
0.183597
0.183597
0.183597
0.191273
0.191273
0.191273
0.191273
0
0
0.196116
0.196116
0.196116
0
0.196116
0.196116
0
0.196116
0
0
0
0
0
0
0
0
0
0
0.196116
0
0
0
0
0
0
0
0
0
0
0
0
0
0
0
0
0
0
0
0
0
0
0.1659
0
0
0
0
0
0
0
0
0
0
0
0
0
0.0224658
0.0224658
0.0224658
0.0224658
0.0224658
0.0224658
0.0433691
0.0433691
0.0461102
0.0461102
0.0461102
0.0461102
0.0461102
0
0.0461102
0.046225
0.0461102
0
0
0
0
0
0
0
0.0461102
0.0434236
0.0224658
0
0
0
0
0
0
0
0
0
0
0
0
0.127688
0.127688
0
0
0.127688
0
0
0
0
0
0
0
0
0
0
0
0
0.12946
0
0
0
0
0
0
0
0
0
0
0
0
0
0
0
0
0
0
0
0
0
0
0
0
0
0
0
0
0
0
0
0
0
0
0
0
0
0
0
0
0
0
0
0
0
0
0
0
0
0
0
0
0
0
0
0
0
0
0
0
0
0
0
0
0
0
0
0
0
0
0
0
0
0
0
0
0
0
0
0
0
0
0
0
0
0
0
0
0
0
0
0
0
0
0
0
0
0
0
0
0
0
0
0
0
0
0
0
0
0
0
0
0
0
0
0
0
0
0
0
0
0
0
0
0
0
0
0
0
0
0
0
0
0
0
0
0
0
0
0
0
0
0
0
0
0
0
0
0
0
0
0
0
0
0
0
0
0
0.127688
0.127688
0.127688
0
0
0.127688
0.127688
0.127688
0.127688
0.127688
0
0
0
0
0.127688
0.127688
0
0
0
0
0
0
0
0
0
0.127688
0.127688
0
0.127688
0.23355
0.127688
0
0
0
0
0
0
0.20702
0
0
0
0
0
0
0
0
0
0
0
0
0
0
0
0
0
0
0
0
0
0
0
0
0
0
0
0
0
0
0
0
0
0
0
0
0
0
0
0
0
0
0
0
0
0
0
0
0
0
0
0
0
0
0
0
0
0
0
0
0
0
0
0
0
0
0
0
0
0
0
0
0
0
0
0
0
0
0
0
0
0
0
0
0
0
0
0
0
0
0
0
0
0
0
0
0
0
0
0
0
0
0
0
0
0
0
0
0
0
0
0
0
0
0
0
0
0
0
0
0
0
0
0
0
0
0
0
0
0
0
0
0
0
0
0
0
0
0
0
0
0
0
