0.0183217
0.0183217
0.0183217
0.0183217
0.0183217
0.0183217
0
0
0
0
0.0185504
0.0185504
0
0
0
0
0
0
0
0.0185504
0.0170647
0.0170647
0.0170647
0.0170647
0.0170647
0
0
0
0
0
0.0173474
0.0173474
0.0173474
0.0173474
0.0173474
0.0173474
0
0
0
0
0
0
0
0
0
0
0.0172388
0.0171222
0.0173474
0
0
0.0190106
0.0190106
0.0171222
0.0171222
0.0171222
0.0171222
0.0171222
0
0
0
0
0
0
0
0
0
0
0
0
0
0
0
0
0
0
0.0171222
0
0
0
0
0
0
0
0
0
0.0175439
0.0175439
0.0175439
0.0175439
0.0177751
0
0.0178401
0.0175439
0
0
0.0186631
0
0.0186631
0.0186631
0.0186631
0.0186631
0.0186631
0.0183217
0
0.0183217
0.0183217
0.0183217
0.0183217
0.0183217
0
0
0
0
0
0
0
0
0
0
0
0
0
0
0
0
0
0
0
0
0
0
0
0
0
0
0
0
0
0
0
0
0
0
0.0170647
0.0170647
0
0.0183217
0.0170598
0.0170598
0.0183217
0.0183217
0.0183217
0
0
0.0173422
0.0173422
0
0.0173422
0
0
0
0
0
0
0
0
0
0
0
0
0
0
0
0
0
0
0
0
0
0
0
0
0
0
0
0
0
0
0
0
0.0171222
0.0171222
0.0171222
0.0171222
0.0171222
0.0171222
0
0
0
0
0
0
0.0173474
0.0171222
0
0
0.0183217
0.0183217
0.0184868
0.0184868
0.0184868
0.0173474
0.0173474
0.0173474
0.0173474
0.0173474
0.0185663
0.0173474
0
0
0
0
0.0176474
0
0
0
0
0
0
0
0
0
0
0
0
0
0
0.0124245
0.0124245
0.0124245
0.0124245
0.0124245
0.0136171
0.0136171
0.0136171
0.0136171
0.0136171
0.0136171
0.0136171
0.0136171
0.0136171
0.0136171
0.0136171
0.0136171
0.0136171
0.0136171
0.0136171
0.0136171
0.0136171
0.0136171
0.0136171
0.0136171
0.0136171
0.0136171
0.0136171
0.0136171
0.0136171
0
0
0
0
0
0
0
0
0
0
0
0
0
0
0
0
0
0
0
0
0
0
0
0
0
0
0
0
0
0
0
0
0
0
0
0
0
0
0
0
0
0
0.0195254
0.0195254
0.0195254
0.0195254
0.0195254
0.0213492
0.0213492
0.0213492
0
0
0
0
0
0
0
0
0
0
0
0
0
0
0
0
0
0
0
0
0
0
0
0
0
0
0
0
0
0.174078
0
0
0
0
0
0
0
0
0
0
0
0
0
0
0
0
0
0
0
0
0.174078
0
0
0
0
0.0183309
0
0
0.0124737
0.0196989
0
0.0124524
0
0
0.0135957
0.0124669
0.012558
0.0125029
0
0
0
0
0
0
0
0
0
0
0
0
0
0
0
0
0
0
0
0
0
0
0
0
0
0
0
0
0
0
0
0
0
0.012465
0.012465
0.012465
0.012465
0.012465
0.0124669
0.0124669
0.0125029
0.0125029
0.0125029
0
0
0
0
0
0
0
0
0
0
0
0
0
0
0
0
0
0
0
0
0
0
0
0
0
0
0
0
0
0
0
0
0
0
0
0
0
0
0
0
0
0
0
0
0
0
0
0
0
0
0
0
0
0
0
0
0
0
0
0
0
0
0
0
0
0
0
0
0
0
0
0
0
0
0
0
0
0.0124708
0.0124708
0.0125127
0.0124708
0.0125363
0.0125363
0.0125363
0.0124602
0.0124602
0.0125373
0.0124602
0.0124602
0.0124602
0.0125235
0.0125373
0.0125235
0.0125235
0.0125373
0.0125235
0.0124718
0
0.0124718
0.0124718
0.0124825
0.0125127
0.0129229
0.0128799
0.0128799
0.0135012
0
0
0
0
0
0.0125127
0
0
0.0125127
0.0125127
0.0125127
0.0125127
0.0124727
0.0124727
0.0124727
0.0124727
0.0124727
0.0124727
0.0125127
0.0124727
0.171499
0.171499
0.174078
0.171499
0.171499
0.174078
0.174078
0.171499
0.171499
0
0
0
0
0
0
0
0
0
0
0
0
0.171499
0.141421
0.141421
0.141421
0.141421
0.141421
0
0
0.142857
0
0
0
0
0.152499
0
0
0.141421
0.171499
0.171499
0.174078
0.174078
0.141421
0.171499
0.171499
0.174078
0.174078
0.174078
0.174078
0.174078
0.174078
0.174078
0.174078
0.174078
0.141421
0.171499
0.408248
0.408248
0.408248
0.408248
0.141421
0.19245
0.19245
0.19245
0.19245
0
0
0.19245
0.19245
0.19245
0
0.19245
0.19245
0.19245
0.19245
0
0
0.19245
0.0125245
0.0125245
0
0
0.0125196
0.0125196
0.0125196
0.0125137
0.0125137
0.0125108
0.0196494
0.0196494
0
0.0194477
0.0194477
0.0125363
0.0125353
0
0
0
0
0
0
0
0
0.0125353
0.0125353
0.0125353
0.0125353
0.0125353
0.0125363
0.0125363
0
0
0
0
0
0
0
0.0125353
0.0163802
0.0125353
0
0.0125353
0.0125363
0.0125363
0.0125363
0.0125353
0.0125353
0.0131807
0.0170697
0.0207123
0
0
0
0.0125719
0
0
0
0
0
0
0.0131602
0.0149991
0.012643
0.012643
0.0126521
0.012643
0
0
0
0
0
0
0
0
0
0
0
0
0
0
0
0
0
0
0
0
0
0
0
0
0
0
0
0
0
0
0
0
0
0
0
0
0
0
0
0
0
0
0
0
0
0
0
0
0
0
0
0
0
0
0
0
0
0
0
0
0
0.0157251
0.0157603
0.0157603
0.0165521
0.0166528
0.0166528
0
0.0166551
0
0
0
0.0180775
0.0186663
0.0605228
0
0.0185185
0
0
0
0
0
0
0
0
0
0
0
0
0
0
0
0
0
0
0
0
0
0
0
0
0
0
0
0
0
0
0
0
0
0
0
0
0
0
0
0
0
0
0
0
0
0
0
0
0
0
0
0
0
0
0
0
0
0
0
0
0
0
0
0
0
0
0
0
0
0
0
0
0
0
0
0
0
0
0
0
0
0
0
0
0
0
0
0
0
0.0147828
0.0129695
0.0129695
0.0125363
0.0124873
0.0171827
0.0171827
0.0129695
0.0129695
0
0.0129695
0.0129695
0
0.0125157
0.0125157
0.0179779
0
0
0
0
0
0
0
0
0
0
0
0
0
0
0
0
0
0
0
0
0
0
0
0.0162285
0
0.0132048
0
0.0129013
0
0.0152998
0
0
0.0148055
0
0
0
0
0
0
0.0197758
0.0143106
0
0.0286534
0.0126552
0
0
0.0132152
0.0161754
0
0
0
0
0
0
0.0127817
0
0
0
0
0
0.0125373
0.0162115
0.0144943
0
0.0173631
0.0124951
0
0.0137895
0
0
0
0
0
0.0172696
0
0.01283
0
0
0
0.0183217
0.0183217
0.0183217
0.0183217
0.0183217
0.0183217
0
0
0
0
0
0
0
0
0
0
0
0
0
0
0
0
0
0
0
0
0
0
0
0
0
0
0
0
0
0
0
0
0
0
0
0
0
0
0
0
0
0
0
0
0
0
0
0
0
0
0
0
0
0
0
0
0
0
0
0
0
0
0
0
0
0
0
0
0
0
0
0
0
0
0
0
0
0
0
0
0
0
0
0
0
0
0
0
0
0
0
0
0
0
0
0
0
0
0
0
0
0
0
0
0.0124293
0
0
0
0.0124293
0.0124293
0.0124293
0.0124293
0.0124293
0.0124293
0
0
0
0.0124293
0.0124351
0.0124351
0.0124351
0.0124293
0
0
0
0
0
0.0124169
0.0124169
0.0124169
0.0124169
0.0124169
0
0
0
0
0
0
0
0
0
0
0
0
0
0
0
0
0
0
0
0
0
0
0
0
0
0
0
0
0
0
0
0
0
0
0
0
0
0
0
0
0
0
0
0
0
0
0
0
0
0
0
0
0
0
0
0
0
0
0
0
0
0
0
0
0
0
0
0
0
0
0
0
0
0
0
0
0
0
0
0
0
0
0
0
0
0
0
0
0
0
0
0
0
0
0
0
0
0
0
0
0
0
0
0
0
0
0
0
0
0
0
0
0
0
0
0
0
0
0
0
0
0
0
0
0
0
0
0
0
0
0
0
0
0
0
0
0
0
0
0
0
0
0
0
0
0
0
0
0
0
0
0
0
0
0
0
0
0
0
0
0
0
0
0
0
0
0
0
0
0
0
0
0
0
0
0
0
0
0
0
0
0
0
0
0
0
0
0
0
0
0
0
0
0
0
0
0
0
0
0
0
0
0
0
0
0
0
0
0
0
0
0
0
0
0
0
0
0
0
0
0
0
0
0
0
0
0
0
0
0
0
0
0
0
0
0
0
0
0
0
0
0
0
0
0
0
0
0
0
0
0
0
0
0
0
0
0
0
0
0
0
0
0
0
0
0
0
0
0
0
0
0
0
0
0
0
0
0
0
0
0
0
0
0
0
0
0
0
0
0
0
0
0
0
0
0
0
0
0
0
0
0
0
0
0
0
0
0
0
0
0
0
0
0
0
0
0
0
0
0
0
0
0
0
0
0
0
0
0
0
0
0
0
0
0
0
0
0
0
0
0
0
0
0
0
0
0
0
0
0
0
0
0
0
0
0
0
0
0
0
0
0
0
0
0
0
0
0
0
0
0
0
0
0
0
0
0
0
0
0
0
0
0
0
0
0
0
0
0
0
0
0
0
0
0
0
0
0
0
0
0
0
0
0
0
0
0
0
0
0
0
0
0
0
0
0
0
0
0
0
0
0
0
0
0
0
0
0
0
0
0
0
0
0
0
0
0
0
0
0
0
0
0
0
0
0
0
0
0
0
0
0
0
0
0
0
0
0
0
0
0
0
0
0
0
0
0
0
0
0
0
0
0
0
0
0
0
0
0
0.0125059
0.0125059
0.0125059
0.0125059
0.0125059
0.0125059
0.0125059
0.0125059
0.0144806
0.0125059
0.0125059
0.0125059
0.0125059
0.0125059
0.0125059
0
0
0
0
0
0
0
0
0.0125068
0.0125068
0.0125068
0.0125068
0.0125068
0.0125068
0.0125068
0
0
0.0125068
0
0
0.0150244
0
0.0150244
0.0150244
0.0150244
0.0150244
0.0150244
0.0150244
0.0150244
0.0150244
0.0150244
0.0150244
0.0150278
0.0150278
0
0
0.0150278
0
0
0
0
0
0
0
0
0
0
0
0
0
0
0
0
0
0
0
0
0
0
0
0
0
0
0
0
0
0
0
0
0
0
0
0
0
0
0
0
0
0
0
0
0
0
0
0
0
0.0149005
0
0
0
0.0125068
0.0125068
0.0125068
0.0153375
0.0153375
0.0153411
0
0
0
0.0125068
0.0125068
0.0125245
0.0125245
0.0125068
0.0125068
0.0125088
0.0137425
0.0137425
0.0125088
0.0125157
0.0125157
0.0125157
0.0125157
0.0125088
0.0125088
0.0125088
0.0137425
0.0137425
0.0137425
0.0137425
0.0137425
0.0145756
0.0137425
0.0137425
0.0137425
0.0162115
0.0137425
0.0137425
0.0137425
0.0137425
0.0137425
0.0137425
0.0137425
0
0
0
0
0
0.0125068
0.0125068
0.0125068
0.0125068
0.0144806
0.0125068
0
0
0
0
0
0
0.0125068
0.0144806
0.0125068
0
0.0125068
0.0125068
0.0125068
0
0
0
0
0
0
0
0
0
0
0
0
0
0
0
0.0149104
0
0.0152392
0.0142639
0.0142624
0
0
0
0
0.0125245
0.0125245
0.019589
0
0
0.0124169
0.0124169
0.0124169
0
0
0
0
0
0
0
0
0
0
0
0
0
0
0
0
0
0
0
0
0
0.0124169
0.0124169
0.0124169
0.0124169
0.0124169
0.0124169
0.0124169
0.0124169
0.0124169
0.0124169
0.0124169
0.0124169
0.0124169
0.0124169
0
0
0
0
0
0
0
0
0
0.0124169
0.0124169
0.0124169
0.0124169
0
0
0
0.019589
0.019589
0.019589
0.019589
0.019589
0.019589
0.019589
0.019589
0.019589
0.019589
0.0346272
0.0346272
0
0.0347314
0.0347314
0.019589
0.019589
0.019589
0.019589
0.019589
0.019589
0
0.019589
0.019589
0.019589
0.019589
0.019589
0.019589
0.019589
0.019589
0.019589
0.019589
0.019589
0.019589
0.019589
0.0607457
0
0
0
0
0
0
0
0
0
0
0
0
0
0
0
0
0.0607457
0.0607457
0.0607457
0
0
0
0.0607457
0.0615457
0
0
0
0.06415
0.0671156
0.06415
0.019589
0.019589
0.019589
0.019589
0
0
0.0197257
0.0197257
0.0206197
0.0206197
0
0
0
0
0
0
0
0
0.0322245
0.0322245
0
0
0
0
0
0
0
0
0
0.0613139
0.0613139
0
0
0
0
0
0
0
0
0
0
0
0
0
0
0
0
0
0
0
0
0
0
0
0
0.0242821
0.0242821
0
0.019589
0.019589
0.019589
0
0
0
0
0.019589
0
0
0
0
0
0
0
0
0
0
0
0
0
0
0
0
0
0
0
0
0
0
0.0200401
0.0200401
0.0249222
0.0249222
0.0249222
0.0249222
0.0330229
0.0249222
0.0249222
0.0352017
0.0352017
0.0352017
0
0
0
0
0
0.0200401
0
0
0
0
0
0
0
0
0
0
0
0
0
0
0
0
0
0
0
0
0
0
0
0
0
0
0
0
0.0197257
0.0197257
0.0197257
0.0197257
0.0256579
0.0256579
0.0256579
0.0198419
0.0198419
0
0
0
0
0
0
0
0.0198419
0.0198419
0
0
0
0
0
0
0
0
0
0
0
0
0
0
0
0
0
0
0
0
0
0
0
0
0
0
0
0
0
0
0
0
0
0
0
0
0
0
0
0
0
0
0
0
0
0
0
0
0
0
0
0
0
0
0
0
0
0
0
0
0
0
0
0
0
0
0
0
0
0
0
0.0322245
0.0322245
0.0322245
0.0322245
0
0
0
0
0
0.0322245
0.0322245
0.0322245
0.0322245
0.0322245
0.0322245
0.032686
0
0
0
0
0
0
0
0
0
0
0
0
0
0
0
0
0
0
0
0
0
0
0
0
0
0
0
0
0
0
0
0
0
0
0
0
0
0
0
0
0
0
0
0
0
0
0
0
0
0
0
0
0
0
0
0
0
0
0
0
0
0
0
0
0
0
0
0
0
0
0
0
0
0
0
0
0
0
0
0
0
0
0
0
0
0
0
0
0
0
0
0
0
0
0
0
0
0
0
0
0
0
0
0
0
0
0
0
0
0
0
0
0
0
0
0
0
0
0
0
0
0
0.0197104
0.0197104
0.0197104
0
0
0
0
0
0
0
0.0206197
0.0206197
0.0206197
0.0206197
0.0206197
0
0
0
0
0
0
0.0205978
0.0205978
0.0205978
0.0205978
0
0.0205978
0.0206197
0.0206197
0.0206197
0.0206197
0.0206197
0.0206197
0
0
0
0
0
0
0.0206197
0
0
0
0.0206197
0.0385472
0.0385472
0
0.0206197
0.0454077
0
0
0
0
0
0
0
0
0
0
0
0
0
0
0
0
0
0
0
0
0
0
0
0
0
0
0
0
0
0
0
0
0
0
0
0.0307003
0.0307003
0.0307003
0
0.0307003
0
0.0307148
0.0307148
0.0290988
0.0198575
0.0198575
0.0574485
0.0198615
0.0200562
0.019589
0.019589
0.019589
0.019589
0.019589
0.019589
0.019589
0.019589
0.019589
0.019589
0.019589
0.019589
0.019589
0.019589
0
0
0
0.019589
0.019589
0.019589
0.019589
0.019589
0.019589
0.019589
0.019589
0
0.019589
0.019589
0.019589
0.019589
0.019589
0.019589
0.019589
0.019589
0.019589
0.019589
0.019589
0.019589
0.019589
0.0186533
0.0186533
0.0186533
0.0186533
0.0186533
0.0186533
0
0.0186533
0.0186533
0
0
0
0
0.0186533
0
0.0186533
0.0186533
0.0186533
0.0186533
0
0.0186533
0.0186533
0.0186533
0.0186533
0.0186826
0.0186826
0.0186826
0.0188881
0.0186826
0.0186533
0.0186533
0
0
0
0
0
0
0
0
0
0
0
0
0
0
0
0
0
0
0
0
0
0
0
0
0
0
0
0
0
0
0
0
0
0
0
0
0
0
0
0
0
0
0
0
0
0
0
0
0
0
0
0
0
0
0
0
0
0
0.0193819
0.0193819
0.0193819
0.0193819
0.0193819
0.0193819
0.0193819
0
0
0
0
0
0
0
0
0
0
0
0
0
0
0
0
0
0
0
0
0
0
0
0
0
0
0
0
0
0
0
0
0
0
0
0.0197952
0
0.0198146
0.0193819
0
0
0
0
0
0
0
0.0124293
0.0124293
0.0124293
0.0124293
0.0124293
0.0124293
0.0124293
0.0124293
0.0124293
0.0124293
0.0124293
0.0124293
0.0124293
0.0124293
0.0124293
0.0124293
0.0124293
0.0124293
0.0124293
0.0124293
0.0124293
0.0124293
0.0124293
0.0124293
0.0124293
0.0124293
0.0124293
0.0124293
0.0124293
0.0124293
0.0124293
0.0124293
0.0124293
0.0124293
0.0124293
0.0124293
0.0124293
0.0124293
0.0124293
0.0124293
0.0124293
0.0124293
0.0124293
0.0124293
0.0124293
0.0124293
0.0124293
0.0124293
0.0124293
0.0124293
0.0124293
0.0124293
0.0124293
0.0124293
0.0124293
0.0124293
0.0124293
0.0124293
0.0124293
0.0124293
0.0124293
0.0124293
0.0124293
0.0124293
0.0124293
0.0124293
0.0124293
0.0124293
0.0124293
0.0124293
0.0124293
0.0124293
0.0124293
0.0124293
0.0124293
0.0124293
0.0124293
0.0124293
0.0124293
0.0124293
0.0124293
0.0124293
0.0124293
0.0124293
0.0124293
0.0124293
0.0124293
0.0124293
0.0124293
0.0124293
0.0124293
0.0124293
0.0124293
0.0124293
0.0124293
0.0124293
0.0124293
0.0124293
0.0124293
0.0124293
0.0124293
0.0124293
0.0124293
0.0124293
0.0124293
0.0124293
0.0124293
0.0124293
0.0124293
0.0124293
0.0124293
0.0124293
0.0124293
0.0124293
0.0124293
0.0124293
0.0124293
0.0124293
0.0124293
0.0124293
0.0124293
0.0124293
0.0124293
0.0124293
0.0124293
0.0124293
0.0124293
0.0124293
0.0124293
0.0124293
0.0124293
0.0124293
0.0124293
0.0124293
0.0124293
0.0124293
0.0124293
0.0124293
0.0124293
0.0124293
0.0124293
0
0
0
0
0
0
0
0
0
0
0
0
0
0
0
0
0
0
0
0
0
0
0
0
0
0
0
0
0
0
0
0
0
0
0
0
0
0
0
0
0
0
0
0
0
0
0
0
0
0
0
0
0
0
0
0
0
0
0
0
0
0
0
0
0
0
0
0
0
0
0
0
0
0
0
0
0
0
0
0
0
0
0
0
0
0
0.0124332
0.0287718
0.0124611
0.0124611
0.0124332
0
0
0
0
0.0124592
0.0124592
0
0
0
0
0
0
0
0
0
0
0
0
0
0
0
0
0
0
0
0
0
0
0
0
0
0
0
0
0
0
0
0
0
0
0
0
0
0
0
0
0
0
0
0
0
0
0
0
0
0
0
0
0
0
0
0
0
0
0
0
0
0
0
0
0
0
0
0
0.0124351
0
0
0
0
0
0
0
0
0
0
0
0
0
0.0125157
0
0
0
0
0
0
0
0
0
0
0
0
0
0
0
0
0
0
0
0
0
0
0
0
0.0132337
0.0132337
0.0132337
0.0124332
0
0
0
0
0
0
0
0
0
0
0
0
0
0
0
0
0
0
0
0
0
0
0
0
0
0
0
0
0
0
0
0
0
0
0
0
0
0
0
0
0
0
0
0
0
0
0
0
0
0
0
0
0
0
0
0
0
0
0
0
0
0
0
0
0
0
0
0
0
0
0
0
0
0
0
0
0
0
0
0
0
0
0
0
0
0
0
0
0
0
0
0
0
0
0
0
0
0
0
0
0
0
0
0
0
0
0
0
0
0
0
0
0
0
0
0
0
0
0
0
0
0
0
0
0
0
0
0
0
0
0
0
0
0
0
0
0
0
0
0
0
0
0
0
0
0
0
0
0
0
0
0
0
0
0
0
0
0.0985329
0.0985329
0
0
0
0
0
0
0
0
0
0
0
0
0
0
0
0
0
0
0
0
0
0
0
0
0
0
0
0
0
0
0
0
0
0
0
0
0
0
0
0
0
0
0
0
0
0
0
0
0
0
0
0
0
0
0
0
0
0
0
0
0
0
0
0
0
0
0
0
0
0.0124293
0.0124293
0.0124293
0
0
0.0124284
0.0124284
0.0124284
0.0124284
0
0
0.0124293
0.0124293
0.0124293
0.0124293
0.0124293
0
0.0124284
0.0124284
0.0124284
0.0124284
0.0124284
0.0124293
0.0124293
0.0124293
0.0124293
0.0194846
0.0194846
0
0
0
0
0
0
0
0
0.0194846
0.0194846
0.0194846
0.0194846
0.0194846
0.0194846
0.0194846
0
0
0.0124063
0.0124063
0.0124063
0.0124063
0.0124063
0.0124063
0.0124063
0.0124063
0.0124063
0
0
0
0
0
0.0277564
0.0277564
0.0277564
0.0277564
0.0277564
0
0
0
0
0
0
0
0
0
0
0
0
0
0
0
0
0
0
0.0287124
0.0277564
0.0277564
0.0425243
0
0
0
0
0
0.0277564
0.0417392
0
0.0444116
0
0.0287599
0
0
0
0
0
0
0
0
0
0
0
0
0
0
0
0
0
0
0
0
0
0
0
0
0
0
0
0
0.0297878
0.0297878
0.0297878
0.0298541
0
0
0
0
0
0
0
0
0.0322245
0.0322245
0.0322245
0
0.0322245
0.0322245
0.0323085
0
0
0
0
0
0
0
0
0
0
0.0194846
0
0
0
0
0
0
0
0
0
0
0
0
0
0
0
0
0
0
0
0
0
0
0
0
0
0
0
0.0124063
0.0124063
0.0124063
0
0
0
0
0
0
0
0
0.0277564
0
0
0
0
0
0
0
0
0
0.029801
0
0
0
0.0322413
0
0
0
0.0322413
0.0322413
0.0195928
0.0195928
0
0
0
0
0
0
0.0322245
0
0.0129695
0.0129695
0.0129695
0.0129695
0.0129695
0.0129695
0.0124303
0.0129695
0
0
0
0
0.0129695
0.0129695
0.0129695
0.0129695
0
0
0
0
0
0
0
0
0
0
0
0
0
0
0
0.0129695
0.0129695
0
0.0129695
0.0129695
0
0.0129695
0.0129695
0.0190831
0
0
0
0
0
0.0129695
0.0129695
0
0
0
0.0215415
0.0215615
0
0.0129695
0.0129695
0.0129695
0.0129695
0.0129695
0
0.0129695
0
0
0
0
0
0
0
0
0
0
0
0
0
0
0.0129695
0
0.0129695
0
0.0200281
0.0129695
0
0
0
0
0
0
0
0
0
0
0
0
0
0
0
0.0129695
0
0
0
0
0
0
0
0
0
0
0
0
0
0
0
0
0
0
0
0
0
0
0
0
0
0
0
0
0
0
0
0
0
0
0
0
0
0
0
0
0
0
0
0
0
0
0
0
0
0
0
0
0
0
0
0
0
0
0
0
0
0
0
0
0
0
0
0
0
0
0
0
0
0
0
0
0
0
0
0
0
0
0
0
0
0
0
0
0
0
0
0
0
0
0
0
0
0
0
0
0
0
0
0
0
0
0
0
0
0.019589
0.0129695
0
0
0
0.0129695
0
0.0129695
0.0205196
0.0129695
0
0.0129695
0
0
0
0
0
0.0129695
0
0.0129695
0
0
0
0
0
0.019589
0.019589
0
0.019589
0.019589
0.019589
0.019589
0.019589
0.019589
0.019589
0.019589
0
0
0
0
0.019589
0.0532246
0.0129695
0
0
0
0.0129695
0.0129695
0.0129695
0.0129695
0
0
0
0
0
0
0
0
0
0
0
0
0
0
0
0
0
0
0
0
0
0
0
0
0
0
0
0
0
0
0
0
0
0
0.0124312
0
0
0
0
0
0
0
0
0
0
0
0
0
0
0
0
0
0
0
0
0
0
0
0
0
0
0
0
0
0
0
0
0
0.0129695
0.0129695
0.0129695
0
0.0129695
0.0129695
0
0.0129695
0.0129695
0.0129695
0.0129695
0.0129695
0
0
0
0
0
0.0129695
0
0.0129695
0
0
0
0.0129695
0.0129695
0
0
0
0
0
0
0
0.0129695
0.0129695
0.0129695
0.0129695
0.0129695
0.0129695
0.0129695
0.0129695
0.0129695
0.0129695
0.0129695
0.0129695
0.0129695
0.0129695
0.0129695
0.0129695
0.0129695
0.0129695
0.0129695
0
0
0
0.0195815
0.0215766
0.0129695
0.0129695
0.0129695
0.0129695
0.0129695
0.0129695
0.0129695
0.0129695
0.0129695
0.0129695
0.0129695
0.0129695
0.0129695
0.0129695
0.0129695
0.0129695
0.0129695
0.0129695
0.0129695
0.0129695
0.0129695
0.0129695
0.0129695
0.0129695
0.0129695
0.0129695
0.0129695
0.0129695
0.0129695
0.0129695
0.0129695
0.0129695
0.0129695
0.0129695
0.0129695
0.0129695
0.0129695
0.0129695
0.0129695
0.0129695
0.0129695
0.0129695
0.0129695
0.0129695
0.0129695
0.0129695
0.0129695
0.0129695
0.0129695
0.0129695
0.0129695
0.0129695
0.0129695
0.0129695
0.0129695
0.0129695
0.0129695
0.0129695
0.0129695
0.0129695
0.0129695
0.0129695
0.0129695
0.0129695
0.0129695
0.0129695
0.0129695
0.0129695
0.0129695
0.0129695
0.0129695
0.0129695
0.0129695
0.0129695
0.0129695
0.0129695
0.0129695
0.0129695
0.0129695
0.0129695
0.0129695
0.0129695
0.0129695
0.0129695
0.0129695
0.0129695
0.0129695
0.0129695
0.0129695
0.0129695
0.0129695
0.0129695
0.0129695
0.0129695
0.0129695
0.0129695
0.0129695
0.0129695
0.0129695
0.0129695
0.0129695
0.0129695
0.0129695
0.0129695
0.0129695
0.0129695
0.0129695
0.0129695
0.0129695
0.0129695
0.0129695
0.0129695
0.0129695
0.0129695
0.0129695
0.0129695
0.0129695
0.0129695
0.0129695
0.0129695
0.0129695
0.0129695
0.0129695
0.0129695
0.0129695
0.0129695
0.0129695
0.0129695
0.0129695
0.0129695
0.0129695
0.0129695
0.0129695
0.0129695
0.0129695
0.0129695
0.0129695
0.0129695
0.0129695
0.0129695
0.0129695
0.0129695
0.0129695
0.0129695
0.0129695
0.0129695
0.0129695
0.0129695
0.0129695
0.0129695
0.0129695
0.0129695
0.0129695
0.0129695
0.0129695
0.0129695
0.0129695
0.0129695
0.0129695
0.0129695
0.0129695
0.0129695
0.0129695
0.0129695
0.0129695
0.0129695
0
0
0.0129695
0.0129695
0.0129695
0.0129695
0.0129695
0.0129695
0.0129695
0.0129695
0.0129695
0.0129695
0.0129695
0.0129695
0.0129695
0.0129695
0.0129695
0.0129695
0.0129695
0.0129695
0.0129695
0
0
0
0
0
0.0129695
0
0
0
0
0
0
0
0
0
0
0
0
0
0
0
0
0
0
0
0
0
0
0
0
0
0
0
0
0
0
0
0
0
0
0
0
0
0
0
0
0
0
0
0
0
0
0
0
0
0
0
0
0
0
0
0
0
0
0
0
0
0
0
0
0
0
0
0.0194184
0.0194184
0
0.0194184
0.0129695
0.0129695
0.0129695
0.0208379
0.0208379
0
0
0
0.0208379
0
0
0
0.019589
0
0
0.019589
0.019589
0.019589
0.019589
0.019589
0
0
0
0
0.019589
0.0129695
0.0129695
0
0.0215415
0
0.0215766
0.0137012
0
0.0129695
0.0129695
0.0129695
0.0129695
0.0195815
0.0195815
0.0195815
0.0195815
0
0.0129695
0.0129695
0
0
0
0.0129695
0.0129695
0
0
0
0
0
0
0
0.0129695
0.0129695
0.0129695
0.0129695
0.0129695
0.0129695
0.0129695
0.0129695
0.0129695
0.0129695
0.0129695
0.0129695
0.0129695
0
0
0
0.0129695
0.0129695
0
0
0
0
0
0
0
0
0
0
0
0
0
0
0
0
0
0
0
0
0
0
0
0
0
0.0207793
0
0
0
0.0207793
0
0
0
0
0
0
0
0.0207793
0
0.0220326
0
0
0
0
0
0
0
0
0.0614295
0.0614295
0.0614295
0.0614295
0.0614295
0
0
0.0208379
0.0208379
0
0.0208379
0.0215465
0.0215465
0
0
0
0
0
0.0215465
0.0215365
0
0
0
0
0
0
0
0
0
0
0
0
0
0
0
0
0
0
0
0
0
0
0
0
0
0
0
0
0
0
0
0
0
0
0
0
0
0
0
0
0
0
0
0
0
0
0
0
0
0.0204679
0.0204679
0
0
0.0204679
0.0198419
0.0198419
0.0129695
0.0129695
0.0129695
0.0129695
0.0129695
0.0129695
0.0129695
0.0129695
0.0129695
0.0129695
0.0129695
0.0129695
0.0129695
0.0129695
0.0129695
0.0129695
0.0129695
0.0129695
0.0129695
0.0129695
0.0129695
0.0129695
0.0129695
0.0129695
0.0129695
0.0129695
0.0129695
0.0129695
0.0129695
0.0129695
0.0129695
0.0129695
0.0129695
0.0129695
0.0129695
0.0129695
0.0129695
0.0129695
0.0129695
0.0129695
0.0129695
0.0129695
0.0129695
0.0129695
0.0129695
0.0129695
0.0129695
0.0129695
0.0129695
0.0129695
0.0129695
0.0129695
0.0129695
0.0129695
0.0129695
0.0129695
0.0129695
0.0138635
0.019589
0.0150041
0.0138635
0.0150041
0.0150041
0.0150041
0.0150041
0.0150041
0.0150041
0.0198771
0
0.0150041
0.0150041
0.0150041
0.0138635
0.0138635
0.0138635
0.0138635
0.0138635
0.0138635
0.0138635
0.019589
0.019589
0.019589
0.019589
0.019589
0.019589
0.019589
0.0138635
0
0
0.0171297
0
0
0
0
0
0.0195853
0.0195853
0
0.0139987
0.0139987
0.0139987
0.0139987
0.0139987
0.0139987
0
0
0
0
0.0197874
0
0.0143636
0.0143636
0.014476
0.0158292
0.0175709
0.0164845
0
0
0
0.0141591
0.0141591
0
0.0141606
0
0.0141606
0.0171473
0
0
0
0
0
0.0140845
0.0142393
0.019589
0
0.0139987
0.0139987
0.0139987
0.0139987
0.0139987
0.0139987
0.0139987
0.0139987
0.0139987
0.0139987
0.0139987
0.0139987
0.0139987
0.0258457
0
0
0
0
0
0.0176446
0
0
0
0.022984
0.0293105
0
0
0
0
0
0
0
0
0
0
0
0.0196003
0
0
0.0339227
0.0339227
0.0339227
0.019589
0.019589
0.019589
0.0197181
0
0
0
0
0
0
0
0
0
0
0
0
0
0
0.0481683
0
0
0
0
0
0
0
0
0
0
0
0
0
0
0
0
0
0
0
0
0
0
0
0
0
0
0
0
0
0
0.0125314
0.0125314
0.0125314
0.0125314
0
0
0
0
0
0
0
0
0
0
0
0
0
0.0124332
0.0124332
0.0124332
0.0124332
0.0124332
0.0124332
0
0
0
0
0
0
0
0
0
0
0
0.0125147
0
0.0130002
0
0
0
0
0.0129859
0.0129859
0
0
0
0.0129859
0.0123978
0.0123978
0.0123978
0.0123978
0.0124332
0
0
0
0
0
0
0
0
0
0
0
0
0
0
0
0
0
0
0
0
0
0
0
0
0
0
0
0
0
0
0
0
0
0
0
0
0
0
0
0
0
0
0
0
0
0
0
0
0
0
0
0
0
0.0124293
0.0124293
0.0124293
0.0124293
0.0124293
0.0124293
0.0124293
0.0124293
0.0124293
0.0124293
0.0124312
0.0124332
0.0124332
0
0.0124332
0.0124332
0.0124312
0.0124312
0.0124312
0.0124312
0.0124312
0.0124293
0.0124332
0.0124332
0.0124293
0
0
0
0
0
0
0
0
0.0287718
0.0287718
0.0287718
0
0
0
0
0
0.0287956
0
0.0124332
0.0124553
0
0.0175981
0
0.0175981
0.0179838
0
0
0
0
0
0
0
0
0.0124293
0.0124293
0.0124505
0.0182392
0.0182392
0.0124312
0.0124312
0.0124312
0.0124312
0.0124312
0.0124312
0.0287718
0.0287718
0.0287718
0.0287718
0
0
0.0124312
0.0124312
0.0124312
0.0124312
0.0124312
0.0124312
0.0124312
0.0124312
0.0287718
0.0287718
0.0287718
0
0.0124544
0.0285365
0.0285365
0.0285365
0
0
0.0124332
0
0
0
0
0
0
0
0
0
0
0.0125147
0.0125147
0.0124169
0.0124169
0.0124169
0.0124169
0.0124169
0.0124169
0.0124169
0.0124169
0.0124169
0.0124169
0.0124169
0.0124169
0.0124169
0.0124169
0.0124169
0.0124169
0.0124169
0.0124169
0.0124169
0.0124169
0.0124169
0.0124169
0.0124169
0.0124169
0.0124169
0
0
0
0.0124169
0.0124169
0.0124169
0.0124169
0.0124169
0.0124169
0.0124169
0.0124169
0.0124169
0.0124332
0.0124332
0.0124332
0.0124351
0.0124351
0.0124332
0.0124332
0.0124351
0.0125314
0
0
0
0.0124332
0
0.0294756
0
0.0295012
0.0299074
0.0124332
0
0.0124332
0
0.0124332
0.0124332
0.0124332
0.0124332
0.0124332
0.0182422
0.0124332
0.0124332
0
0
0
0
0
0
0
0
0
0
0
0
0
0
0
0
0
0
0
0
0
0
0
0
0
0
0
0
0
0
0
0
0
0
0
0
0
0
0
0
0
0
0
0
0
0
0
0
0
0
0
0
0
0
0
0
0
0
0
0
0
0
0
0
0
0
0
0
0
0
0
0
0
0
0
0
0
0
0
0
0
0
0
0
0
0
0
0
0
0
0
0
0
0
0
0
0
0
0
0
0
0
0
0
0
0
0
0
0
0
0
0
0
0
0
0
0
0
0
0
0
0
0
0
0
0
0
0
0
0
0
0
0
0
0
0
0
0
0
0
0
0
0
0
0
0
0
0
0
0
0
0
0
0
0
0
0
0
0
0
0
0
0
0
0
0
0
0
0
0
0
0
0
0
0
0
0
0
0
0
0
0
0
0
0
0
0
0
0
0
0
0
0
0
0
0
0
0
0
0
0
0
0
0
0
0
0
0
0
0
0
0
0
0
0
0
0
0
0
0
0
0
0
0
0
0
0
0.0130013
0
0
0
0
0
0
0
0
0
0
0.0139063
0
0
0
0
0
0
0
0
0
0
0
0
0
0
0
0
0
0
0.012558
0.012558
0
0
0
0
0
0
0
0
0
0
0
0
0
0
0
0
0
0
0
0
0
0
0
0
0
0
0
0
0
0
0
0
0
0
0
0
0
0
0.0129706
0.0129706
0.0129706
0
0
0
0
0
0
0
0
0
0
0
0
0
0
0
0
0
0
0
0
0
0
0
0
0
0
0.0543928
0.0543928
0.0543928
0.0762493
0.0543928
0.0543928
0.0195815
0.0195815
0.0195815
0
0
0
0
0
0
0
0
0
0
0
0
0
0
0
0
0
0
0
0
0
0
0
0
0
0
0
0
0
0
0
0
0
0
0
0
0
0
0
0
0
0
0
0
0
0
0
0
0
0
0
0
0
0
0
0
0
0
0
0
0
0
0
0
0
0
0
0
0
0
0
0
0
0
0
0
0
0
0
0
0
0
0
0
0
0
0
0
0
0
0
0
0
0
0
0
0
0
0
0
0
0
0
0
0
0
0
0
0
0
0
0
0
0
0
0
0
0
0
0
0
0
0
0
0
0
0
0
0
0
0
0
0
0
0
0
0
0
0
0
0
0
0
0
0
0
0.0152998
0
0.0152998
0
0
0.0365636
0.0365636
0.0365636
0.0368605
0.0365636
0.0365636
0.0125255
0
0
0
0
0
0
0
0
0
0
0
0
0
0
0
0
0
0
0
0
0
0
0
0
0
0
0
0
0
0
0
0
0
0
0
0
0
0
0
0
0
0
0
0
0
0.0125373
0.0125373
0.0125373
0
0
0
0
0
0
0
0.0124169
0.0124169
0
0
0
0
0
0
0.0125157
0.0125157
0.0125157
0.0125108
0
0
0
0
0.0125255
0.0125255
0.0125255
0
0
0.0133357
0.0133357
0
0
0
0.0125255
0.0125255
0
0.0124312
0
0
0
0
0
0
0
0
0
0
0
0
0
0
0
0
0
0.01264
0
0.0125215
0
0
0
0
0
0
0
0
0
0
0
0
0
0
0
0
0
0
0
0
0
0
0
0
0
0
0
0
0
0
0
0
0
0
0
0
0
0
0
0
0
0
0
0
0
0
0
0
0
0
0
0
0
0
0
0
0
0
0
0
0
0
0
0
0
0
0
0
0
0
0
0
0
0
0
0
0
0
0
0
0
0
0
0
0
0
0
0
0
0
0
0
0
0
0
0
0
0
0
0
0
0
0
0
0
0
0
0
0
0
0
0
0
0
0
0
0
0
0
0
0
0
0
0
0
0
0
0
0
0
0
0
0
0
0
0
0
0
0
0
0
0
0
0
0
0
0
0
0
0
0
0
0
0
0
0
0
0
0
0
0
0
0
0
0.0124293
0.0124293
0.0124293
0.0124293
0.0124293
0.0124293
0
0
0
0
0
0
0
0
0
0
0
0
0
0
0
0
0
0
0.0124902
0.0124902
0.0124902
0.0124902
0.0124902
0.0124902
0
0.0124902
0.0124902
0
0
0
0
0
0
0
0
0
0
0
0
0
0
0
0
0
0.0125157
0
0
0.0124912
0.0124912
0
0.0124912
0.0124912
0
0
0.0125068
0.0185376
0.0125531
0.0125531
0
0
0
0
0
0
0
0
0
0
0
0
0
0
0
0
0
0
0
0
0
0
0
0
0
0
0
0
0
0
0
0
0
0
0
0
0
0
0
0
0
0
0
0
0
0
0
0
0
0
0
0.174078
0
0
0
0
0.0124912
0
0
0
0
0
0.0124912
0.0124912
0.0124912
0.0124912
0.0124912
0
0
0
0
0
0
0.0124912
0
0
0
0
0.0124312
0
0
0
0
0
0
0
0
0
0
0
0
0
0
0
0
0
0
0
0
0
0
0
0
0
0
0
0
0
0
0
0
0
0
0
0
0
0
0
0
0
0
0
0
0
0
0
0
0
0
0
0
0
0
0
0
0
0
0
0
0
0
0
0
0
0
0
0
0
0
0
0
0
0
0
0
0
0
0
0
0
0
0
0
0
0
0
0
0
0
0
0
0
0
0
0
0
0
0
0
0
0
0
0
0
0
0
0
0
0
0
0
0
0
0
0
0
0
0
0
0
0
0
0
0
0
0
0
0
0
0
0
0
0
0
0
0
0
0
0
0
0
0
0
0
0
0
0
0
0
0
0
0
0
0
0
0
0
0
0
0
0
0
0
0
0
0
0
0
0
0
0
0
0
0
0
0
0
0
0
0
0
0
0
0
0
0
0
0
0
0
0
0
0
0
0
0
0
0
0
0
0
0
0
0
0
0
0
0
0
0
0
0
0
0
0
0
0
0
0
0
0
0
0
0
0
0
0
0
0
0
0
0
0
0
0
0
0
0
0
0
0
0
0
0
0
0
0
0
0
0
0
0
0
0
0
0
0
0
0
0
0
0
0
0
0
0
0
0
0
0
0
0
0
0
0
0
0
0
0
0
0
0
0
0
0
0
0
0
0
0
0
0
0
0
0
0
0
0
0
0
0
0
0
0
0
0
0
0
0
0
0
0
0
0
0
0
0
0
0
0
0
0
0
0
0
0
0
0
0
0
0
0
0
0
0
0
0
0
0
0
0
0
0
0
0
0
0
0
0
0
0
0
0
0
0
0
0
0
0
0
0
0
0
0
0
0
0
0
0
0
0
0
0
0
0
0
0
0
0
0
0
0
0
0
0
0
0
0
0
0
0
0
0
0
0
0
0
0
0
0
0
0
0
0
0
0
0
0
0
0
0
0
0
0.0123987
0.0123987
0.0123987
0.0123987
0.0123987
0.0123987
0.0124092
0.0124016
0.0124312
0.0123987
0
0.0124312
0.0124312
0
0
0
0.0129695
0.0129695
0.0129695
0.0129695
0.0129695
0.0129695
0.0129695
0.0129695
0.0129695
0.0129695
0.0129695
0.0129695
0.0129695
0.0129695
0
0
0
0
0
0
0
0
0
0
0
0
0.0129695
0.0129695
0
0.0129695
0
0
0
0
0
0
0
0
0
0
0
0.0198654
0
0
0
0
0
0
0
0
0
0
0
0
0
0
0
0
0.0129695
0
0
0
0
0
0
0
0
0
0.0129695
0.0129695
0.0129695
0
0.0129695
0.0129695
0.0129695
0.0129695
0.0129695
0.0129695
0.0129695
0.0129695
0.0129695
0
0.0129695
0
0.0129695
0.0129695
0.0129695
0.0129695
0.0129695
0.0129695
0
0.0129695
0.0129695
0.0129695
0.0129695
0.0129695
0
0
0
0
0.0129695
0
0.0129695
0
0
0
0
0
0
0
0
0
0
0
0
0
0
0
0
0
0
0
0
0
0
0
0
0
0
0
0
0
0
0
0
0
0
0
0
0.0129695
0
0
0
0
0
0
0
0
0
0
0
0
0
0
0
0
0
0
0
0
0
0
0
0
0
0
0
0
0
0
0
0
0
0
0
0
0
0
0
0
0
0
0
0
0
0
0
0
0
0
0
0
0
0
0
0
0
0
0
0
0
0
0
0
0
0
0
0
0
0
0
0
0
0
0
0
0
0
0
0
0
0
0
0
0
0.0129695
0.0129695
0.0129695
0.0129695
0.0129695
0
0
0
0
0
0
0
0
0
0
0
0
0
0
0
0
0
0
0
0
0
0
0
0
0
0
0
0
0
0
0
0
0
0
0
0
0
0
0
0
0
0
0
0
0
0
0
0
0
0
0
0
0
0
0
0
0
0
0
0
0
0
0
0
0
0
0
0
0
0
0
0
0
0
0
0
0
0
0
0
0
0
0
0
0
0
0.0129695
0.0129695
0.0129695
0.0129695
0.0129695
0.0198771
0
0
0
0
0
0
0.0129695
0.0129695
0.0129695
0.0129695
0
0
0
0
0
0
0
0
0
0
0
0
0.0129695
0
0.019589
0.019589
0.019589
0.019589
0.019589
0.019589
0.019589
0.019589
0.019589
0.019589
0.019589
0.019589
0
0
0
0
0.019589
0
0.019589
0.019589
0.019589
0.019589
0
0
0
0
0
0
0
0
0
0
0
0
0
0
0
0
0
0
0
0
0
0
0
0
0
0
0
0
0
0
0.0129695
0.0129695
0.0129695
0.0129695
0.0129695
0.0129695
0.0129695
0.0129695
0.0129695
0.0129695
0.0129695
0.0129695
0.0129695
0
0
0
0
0
0
0
0
0
0
0
0
0
0
0
0
0
0
0
0
0
0
0
0
0
0
0
0
0
0
0
0
0
0
0
0
0
0
0
0
0
0
0
0
0
0
0
0
0
0
0
0
0
0
0
0
0
0
0
0
0
0
0
0
0
0
0
0
0
0
0
0
0
0
0
0
0
0
0
0
0
0
0
0
0
0
0
0
0
0
0
0
0
0
0
0
0
0
0
0
0
0
0
0
0
0
0
0
0
0
0
0
0
0
0
0
0
0
0
0
0
0
0.0129695
0.0129695
0
0
0.0129695
0.0129695
0.0129695
0.0129695
0.0129695
0.0129695
0.0135894
0.0135894
0
0.0129695
0.0129695
0.03849
0.0129695
0
0.0129695
0
0.0129695
0.0129695
0.0129695
0
0
0
0
0
0.0129695
0
0
0
0
0.0129695
0
0.0129695
0.0129695
0.0129695
0.0129695
0
0.0129695
0.0129695
0.0129695
0.0129695
0.0129695
0.0129695
0.0129695
0.0129695
0
0.0129695
0.019589
0.019589
0.019589
0.019589
0.019589
0
0
0.019589
0
0
0
0
0
0
0
0
0
0
0
0
0
0
0
0
0
0
0
0
0
0
0
0
0
0
0
0
0
0
0
0
0
0
0
0
0
0
0
0.019589
0.019589
0.019589
0.019589
0.019589
0
0.019589
0.019589
0.019589
0.0198771
0.0198771
0.019589
0.019589
0.019589
0.0198771
0
0.0198771
0.0198771
0
0
0
0
0
0
0
0
0
0
0
0
0
0
0
0
0
0.0195853
0.0195853
0
0.0195853
0
0
0
0
0
0
0
0
0
0
0
0
0
0
0
0
0
0
0
0
0
0
0
0
0
0
0
0
0
0
0
0
0
0
0
0
0
0
0
0
0
0
0
0
0
0
0
0
0.0124698
0.0124698
0.0124698
0.0124698
0.0124698
0.0124698
0.0124698
0.0124698
0.0124698
0.0124698
0
0
0
0
0
0
0
0
0
0
0
0
0
0
0
0
0
0
0
0
0
0
0
0
0
0
0
0
0
0
0
0
0
0
0
0
0
0
0
0
0
0
0
0
0
0
0
0
0
0
0
0
0
0
0
0
0
0
0
0
0
0
0
0
0
0
0
0
0
0
0
0
0
0
0
0
0
0
0
0
0
0
0
0
0
0
0
0
0
0
0
0
0
0
0
0
0
0
0
0
0
0
0
0
0
0
0
0
0
0
0
0
0
0
0
0
0
0
0
0
0
0
0
0
0
0
0
0
0
0
0
0
0
0
0
0
0
0
0
0
0
0
0
0
0
0
0
0
0
0
0
0
0
0
0
0
0
0
0
0
0
0
0
0
0
0
0
0
0
0
0
0
0
0
0
0
0
0
0
0
0
0
0
0
0
0
0
0
0
0
0
0
0
0
0
0
0
0
0
0
0
0
0
0
0
0
0
0
0
0
0
0
0
0
0
0
0
0
0
0
0
0
0
0
0
0
0
0
0
0
0
0
0
0
0
0
0
0
0
0
0
0
0
0
0
0
0
0
0
0
0
0
0
0
0
0
0
0
0
0
0
0
0
0
0
0
0
0
0
0
0
0
0
0
0
0
0
0
0
0
0
0
0
0
0
0
0
0
0
0
0
0
0
0
0
0
0
0
0
0
0
0
0
0
0
0
0
0
0
0
0
0
0
0
0
0
0
0
0
0
0
0
0
0
0
0
0
0
0
0
0
0
0
0
0
0
0
0
0
0
0
0
0
0
0
0
0
0
0
0
0
0
0
0
0
0
0
0
0
0
0
0
0
0
0
0
0
0
0
0
0
0.0140414
0
0
0
0
0
0
0
0
0
0
0.0328443
0
0
0
0
0
0
0
0
0
0
0
0
0
0
0.0138515
0.0446767
0.0138515
0
0
0
0
0
0
0
0
0
0
0.050702
0.0569803
0
0
0
0
0
0
0
0.0137089
0.0135869
0.0135869
0.0135869
0.0143695
0.0153105
0
0
0
0
0
0
0
0
0
0
0
0
0
0
0
0
0
0
0
0
0
0
0
0
0
0
0
0
0
0
0
0
0
0
0
0
0
0
0
0
0
0
0
0
0
0
0
0
0
0
0
0
0
0.0148988
0.0162952
0.0137218
0
0
0
0
0
0
0
0
0
0
0
0
0
0
0
0
0
0
0
0
0
0
0.0138849
0
0.0138916
0
0
0
0
0
0
0
0
0
0
0
0
0
0
0
0
0
0
0
0
0
0
0
0
0
0
0
0
0
0
0
0
0
0
0
0
0
0
0
0
0
0
0
0
0
0
0
0
0
0
0
0
0
0
0
0
0
0
0
0
0
0
0
0
0
0
0
0
0
0
0
0
0
0
0
0
0
0
0
0
0
0
0
0
0
0
0
0
0
0
0
0
0
0
0
0
0
0
0
0
0
0
0
0
0
0
0
0
0
0
0
0
0
0
0
0
0
0
0
0
0
0
0
0
0
0
0
0
0
0
0
0
0
0
0
0
0
0
0
0
0
0
0
0
0
0
0
0
0
0
0
0
0
0
0
0
0
0
0
0
0
0
0
0
0
0
0
0
0
0
0
0
0
0
0
0
0
0
0
0
0
0
0
0
0
0
0
0
0
0
0
0
0
0
0
0
0
0
0
0
0
0
0
0
0
0
0
0
0
0
0
0
0
0
0
0
0
0
0
0
0.0137425
0.0137425
0.0137425
0
0
0
0
0
0.0137425
0.0195106
0.0195106
0.0195106
0.0195106
0.0195106
0
0
0
0
0
0.0125068
0.0130046
0.0125068
0
0
0
0
0
0
0
0
0
0
0
0
0
0
0
0
0
0
0
0
0
0
0
0
0
0
0
0
0
0
0
0
0
0
0
0
0
0
0
0.0140442
0.0140442
0.0140469
0.0140469
0
0.0140873
0
0.0140873
0
0.0140887
0
0.0140887
0
0.0144473
0.0162952
0
0
0.0165317
0.0194221
0.0194221
0.0194221
0
0.0201866
0
0.0204765
0
0.0489116
0
0.0562544
0
0.0638877
0
0
0
0
0
0
0.0198419
0.0771517
0
0
0
0
0
0.0194441
0.0201825
0
0
0
0
0
0
0
0
0
0
0
0
0
0
0
0
0
0
0
0
0
0
0
0
0
0
0
0
0
0
0
0
0
0
0
0
0
0
0
0
0
0
0
0
0
0
0
0.154303
0.154303
0
0
0.158114
0
0
0
0
0
0.0196989
0.0196989
0.0196989
0.0196989
0.0196989
0.0196989
0.0196989
0.0196989
0.0196989
0
0
0
0.0124197
0.0124197
0.0124197
0.0315283
0.0315283
0.0315283
0.0315283
0.0680414
0.0680414
0.0839181
0.0839181
0
0.0315283
0.0821995
0.0821995
0.101015
0
0
0
0
0
0
0.0195329
0.0195329
0.0198771
0.0198771
0.0198771
0.0198771
0.019885
0.020024
0.0199721
0
0
0.02002
0.02002
0.0198771
0
0
0
0
0
0
0
0
0
0.0198419
0.0198419
0.0198419
0.0198419
0.0198419
0.0198419
0.0198419
0.0198419
0.0198419
0.0198419
0.0198419
0.0198419
0.0198419
0.0198419
0.0198419
0.0198419
0.0198419
0.0198419
0.0198419
0.0198419
0.0198419
0.0124312
0.0124312
0.0124312
0.0124312
0.0124312
0.0124312
0.0124312
0.0124312
0.0124312
0.0124312
0.0124312
0.0198419
0.019885
0.0198419
0.0198419
0.0198419
0
0
0
0
0
0
0
0
0
0
0
0
0
0
0
0
0
0
0
0
0
0
0
0
0
0.0198419
0
0
0.0198419
0.0198419
0.0204679
0.0204679
0.0204679
0
0
0
0
0
0
0.0204679
0
0
0
0
0
0
0.0215515
0
0.0204679
0
0
0
0
0
0
0.0198419
0
0
0
0
0
0
0.0198419
0.0198419
0.154303
0.0198419
0.154303
0.154303
0.0198419
0
0
0
0
0
0.0198419
0
0
0
0.0198419
0.0198419
0
0.0198419
0.0198419
0.0198419
0.0198419
0.0198419
0.0198419
0
0
0
0
0
0
0
0
0
0
0
0
0
0
0
0
0.0198419
0.0198771
0
0
0.0198419
0
0
0.0198419
0.0198419
0
0
0
0
0
0
0
0
0.0198419
0.0204679
0.0204679
0.0198419
0
0
0
0
0
0
0
0
0
0
0
0
0
0
0
0.0198419
0.0199363
0.024412
0.024412
0.0198419
0
0.0198419
0
0.0198419
0
0.0202902
0
0
0
0
0.0203658
0.0203658
0.0198419
0
0.0198419
0
0.0198419
0.0198419
0.0198732
0
0.0198732
0
0
0
0
0
0
0
0
0
0
0
0
0
0
0
0
0
0
0
0
0
0
0
0
0
0
0
0
0
0
0
0
0
0
0
0
0
0
0
0.13484
0.0124284
0
0.0124284
0.0124284
0.0124284
0.0124284
0.0124284
0.0124284
0
0.0124284
0
0.0124284
0
0.0125373
0.0125373
0.0125373
0.0125373
0
0.0125373
0.0125373
0.0173084
0.0173084
0.0137425
0.0137425
0.0125373
0
0
0
0
0
0
0.0173084
0.0173084
0.0173084
0
0.0173084
0
0.0173084
0.0137425
0.0137425
0
0
0
0.0137425
0
0
0
0
0.0137425
0.0137425
0.0137425
0.0137425
0
0
0
0
0
0
0
0.0137425
0.0125373
0.0125373
0.0125373
0.0125373
0.0125373
0.0125373
0
0
0
0.0125373
0
0.0125373
0
0.0125373
0.0125373
0.0125373
0
0
0
0
0
0
0
0
0
0
0
0
0
0
0
0
0
0
0
0
0
0
0
0
0
0
0
0
0
0
0
0
0.0124264
0.0124264
0.0124264
0.0124264
0.0124264
0.0124264
0.0124264
0.0124264
0.0124264
0
0
0
0
0
0
0
0
0
0
0
0
0
0
0
0
0
0
0
0
0
0
0
0
0
0
0
0
0
0
0
0
0
0
0
0
0
0
0
0
0
0
0
0
0
0
0
0
0
0
0
0
0
0
0
0
0
0
0
0
0
0
0
0
0
0
0
0
0
0
0
0
0
0
0
0
0
0
0
0
0
0
0
0
0
0
0
0
0
0
0
0
0
0
0
0
0
0
0
0
0
0
0
0
0
0
0
0
0
0
0
0
0
0
0
0
0
0
0
0
0
0
0
0
0
0
0
0
0
0
0
0
0
0
0
0
0
0
0
0
0
0
0
0
0
0
0
0
0
0
0
0
0
0
0
0
0
0
0
0
0
0
0
0
0
0
0
0
0
0
0
0
0
0
0
0
0
0
0
0
0
0
0
0
0
0
0
0
0
0
0
0
0
0
0
0
0
0
0
0
0
0
0
0
0
0
0
0
0
0
0
0
0
0
0
0
0
0
0
0
0
0
0
0
0
0
0
0
0
0
0.0124351
0.0124351
0.0124351
0.0124351
0.0124351
0.0124351
0
0
0
0
0
0
0
0
0
0
0.0124698
0
0.0124698
0
0
0
0
0
0
0
0
0
0
0
0
0
0
0
0
0
0
0
0
0
0
0.0193819
0.0193819
0.0193819
0.0193819
0.0193819
0.0193819
0.0193819
0.0193819
0.0193819
0.0193819
0.0193819
0.0193819
0.0193819
0.0193819
0.0193819
0.019559
0
0.0193819
0.0267836
0.0267836
0.0267836
0.0267836
0.0267836
0
0
0
0
0
0
0.0613139
0
0
0.0195853
0
0
0
0
0.0197952
0
0.0193819
0.0193819
0
0
0
0.0193819
0
0
0
0
0
0
0
0
0
0
0
0
0
0
0
0
0
0
0
0
0
0
0.0195553
0.0195553
0.019574
0.0195553
0.0195553
0.0195553
0.0195553
0
0.019559
0.019589
0
0
0
0
0
0
0
0
0
0
0
0
0
0
0
0
0
0
0
0
0
0
0
0
0
0
0
0
0
0
0
0
0
0
0
0
0.0195628
0.0267836
0.0267836
0.0267836
0.0265466
0.0265466
0.0265466
0.0265466
0.0265466
0
0
0
0
0
0
0
0
0
0
0
0
0
0
0
0
0
0
0
0
0
0
0
0
0
0
0
0
0
0
0
0
0
0
0
0
0
0
0
0
0
0.0124332
0.0124332
0.0124332
0.0124332
0.0124332
0.0124332
0
0
0
0
0
0
0
0
0
0
0
0
0
0
0
0
0
0
0
0
0
0
0
0
0.0124332
0
0
0
0
0
0
0
0
0
0
0
0.0124912
0.0124912
0.0124912
0.0124912
0
0
0.0198771
0.0198771
0.0198771
0.0198771
0.0198771
0.0198771
0.0198771
0.0198771
0
0
0
0
0.0198771
0.0198771
0.0198771
0.0198771
0.0198771
0.0198771
0.0198771
0.0198771
0.0198771
0.0198771
0
0
0
0.0198771
0.0198771
0.0198771
0.0198771
0.0198771
0.0198771
0.0198771
0.0198771
0.0198771
0.0198771
0
0
0
0
0
0.0198771
0.019589
0.019589
0.019589
0.019589
0.019589
0.019589
0.019589
0.019589
0.019589
0.0196989
0.0196989
0.019589
0.0196989
0.0196989
0.019589
0.019589
0.019589
0.019589
0.019589
0.019589
0.019589
0.0196267
0.0196267
0.019589
0.019589
0.019589
0.019589
0.019589
0.019589
0
0.019589
0.019589
0.019589
0.019589
0.019589
0.0322245
0.0322245
0.0322245
0.0198771
0.0216727
0.0198771
0.0207793
0.020589
0.020589
0
0
0
0.0242965
0.0242965
0.0206197
0
0.019589
0
0
0
0
0.019589
0.019589
0
0
0
0
0.0204679
0.0204679
0.0322413
0.0322413
0
0
0
0
0
0
0
0
0
0
0.019589
0
0
0
0
0
0
0
0
0
0
0
0
0
0
0
0
0
0
0
0
0
0
0
0
0
0
0
0
0
0
0
0
0
0
0
0
0
0
0
0
0
0
0
0.0203616
0.0203616
0.0203616
0
0
0
0
0
0.0203616
0.0196837
0.0196837
0.0196837
0
0
0
0
0.0242965
0.0242965
0.0242965
0
0
0
0
0
0.0243541
0.0243541
0.0242965
0.0198771
0.0198771
0.0198771
0.0198771
0.0198771
0.0198771
0.0198771
0
0.0198771
0.0242965
0.0242965
0.0242965
0.0317181
0.0242965
0.0242965
0
0
0
0
0
0.0198341
0.0198341
0
0
0
0
0
0
0
0.0198341
0.0198341
0.0198341
0.0198341
0.0198341
0.0198341
0.0198341
0
0
0
0
0
0.0198341
0.0198419
0.0198419
0.0198419
0.0198419
0.0198419
0.0198419
0
0
0
0
0
0.0198419
0.0198419
0
0.0198419
0.0198419
0.0198419
0
0
0.0198615
0
0
0
0.0198419
0.0198615
0.0198419
0.0198341
0
0
0
0
0
0
0
0
0
0
0
0
0
0
0
0
0
0
0
0
0
0
0
0
0
0
0
0
0
0
0
0
0
0.0198536
0.0198536
0.0198458
0.0198458
0.0198536
0
0.0198458
0.0198458
0.019838
0.019838
0.019838
0.019838
0.019838
0
0
0
0.019838
0.019838
0.019838
0.019838
0
0
0
0.0198419
0
0.0198419
0.0198419
0
0
0
0
0.019838
0.019838
0
0
0
0
0
0
0
0
0
0
0
0.019838
0
0
0
0
0.019838
0
0
0
0
0.019838
0
0
0
0
0
0
0
0
0.0200522
0
0.0201578
0
0.0268705
0
0
0
0
0
0
0
0
0
0
0
0
0
0
0
0
0
0.0272772
0
0
0
0.0322245
0.0322245
0.0322245
0.0322245
0
0
0
0
0
0
0
0
0
0
0
0.0322245
0.0322245
0
0
0
0
0
0
0.0322245
0.0322245
0
0.0322245
0.0322245
0
0
0
0
0
0
0
0.0322245
0
0
0
0
0
0
0
0
0
0
0
0
0
0
0
0
0
0
0
0
0
0
0
0
0
0
0
0
0
0
0
0
0
0
0
0
0
0
0
0
0
0
0
0
0
0
0
0
0
0
0
0
0
0
0
0
0
0
0
0
0
0
0
0
0
0
0
0
0
0
0
0
0
0
0
0
0
0
0.019589
0
0
0
0
0
0
0
0
0
0
0
0
0
0
0
0.019589
0
0
0
0
0
0
0
0
0
0
0
0
0
0
0
0
0
0
0
0
0
0
0
0
0
0
0
0
0
0
0
0
0
0
0
0
0
0
0
0
0
0
0
0
0
0
0
0
0
0
0
0
0
0
0
0
0
0
0
0
0
0
0
0
0
0
0
0
0
0
0
0
0
0
0
0
0
0
0
0
0
0
0
0.0124351
0.0124351
0.0124351
0
0
0
0
0
0
0
0
0
0
0
0
0
0
0
0
0
0
0
0
0
0
0
0
0
0
0
0
0
0
0
0
0
0
0
0
0
0
0
0
0
0
0
0
0
0
0
0
0
0
0
0
0
0
0
0
0
0
0
0
0
0
0.0171929
0.0171878
0.0171878
0.0171878
0.0171878
0.0171878
0.0171878
0.0171878
0.0171878
0.0171929
0.0171929
0
0
0
0
0
0
0
0
0
0
0
0
0
0
0
0
0
0
0
0
0
0
0
0
0
0
0
0
0
0
0
0
0
0
0
0
0
0
0
0
0
0
0
0
0
0
0
0.0181101
0
0
0
0
0
0
0
0.0181071
0
0
0
0
0
0
0.01735
0
0.01735
0
0.0172158
0.0172209
0.0172209
0
0
0
0.0173474
0.0175439
0
0
0
0.0173526
0.0175493
0
0
0
0
0
0
0
0
0
0
0
0
0
0
0
0
0
0
0
0
0
0
0
0
0
0
0
0
0
0
0
0
0
0
0
0
0
0
0
0
0
0
0
0
0
0
0
0
0
0
0
0
0
0
0
0
0
0
0
0
0
0
0
0
0
0
0
0
0
0
0
0
0
0
0
0
0
0
0
0
0
0
0
0
0
0
0
0
0
0
0
0
0
0
0
0
0
0
0
0
0.0172184
0
0
0
0
0
0
0
0.0204679
0.0261802
0
0
0
0
0
0
0
0
0
0
0
0
0
0
0
0
0
0
0
0
0.018051
0.0180598
0.0180569
0.0190901
0.0180246
0
0
0
0
0
0
0
0.154303
0.0873704
0.0873704
0.0190554
0
0
0
0.0191671
0
0
0
0
0
0
0
0
0
0
0
0
0
0
0
0
0
0.0191671
0
0
0
0
0
0
0
0
0
0
0.0215515
0.0215515
0
0
0
0
0
0
0
0
0
0
0
0
0
0
0
0
0
0
0
0
0
0
0
0
0
0
0
0
0
0
0.01735
0
0
0.0172209
0.0172209
0
0
0.0204679
0.020498
0
0
0
0
0
0
0
0
0
0
0
0
0
0
0
0
0
0
0
0
0
0
0
0
0
0
0
0
0
0
0
0
0
0
0
0
0.0125531
0.0125531
0
0
0.0125521
0.0125521
0.0125521
0.0125521
0.0125521
0.0125521
0.0125521
0.0125531
0.0125521
0.0125531
0.0125531
0.0125531
0.0125531
0.012558
0
0
0
0.0125749
0.0125749
0.0125749
0.0125749
0.0125749
0
0
0
0
0
0
0.0125531
0.0125531
0
0
0
0
0
0
0
0
0
0
0
0
0
0
0
0
0
0
0
0
0
0
0
0
0
0
0
0
0
0
0
0
0
0
0
0
0
0
0
0
0
0
0
0
0
0
0
0
0
0.0186436
0
0.0186436
0
0
0
0
0
0
0
0.0124169
0.0124169
0
0
0
0
0
0
0
0
0
0.0125127
0.0125127
0.0125127
0.0125127
0.0125127
0.0125127
0.0125255
0.0125255
0.0125255
0.0125255
0
0
0
0.0125531
0.0125531
0
0
0
0.0125255
0.0125255
0.0125255
0
0
0.0125255
0
0.0125373
0.0125255
0.0125255
0.012501
0.012501
0.012501
0
0.012558
0
0
0
0
0
0.0183217
0.0183217
0.0183217
0.0183217
0.0183217
0.0183217
0.0183217
0.0183217
0.0183217
0.0183217
0.0183217
0.0183217
0.0183217
0.0183217
0.0183217
0.0183217
0.0183217
0.0183217
0.0183217
0.0183217
0
0
0
0
0
0
0.0183217
0.0183217
0
0.0183217
0.0183217
0.0183217
0.0183217
0.0183217
0.0183217
0.0183217
0.0183217
0.0297088
0.0183217
0.0183217
0.0183217
0.0183217
0.0183217
0.0183217
0.0183217
0.0183217
0.0183217
0.019125
0.019132
0.019132
0
0
0
0.0183217
0.0183217
0
0.0584206
0
0
0.019132
0.0184837
0
0
0
0.0183247
0.0183217
0.0616626
0.0616626
0
0
0
0
0
0
0
0
0
0
0
0
0.0183217
0.0183217
0.019132
0.019132
0.0190866
0.0190866
0
0
0
0
0
0
0
0
0
0
0
0
0
0
0
0.0215515
0.0215515
0.0616626
0.0616626
0.0616626
0.0616626
0.0705346
0
0.0616626
0.0616626
0
0
0
0
0
0
0
0
0
0
0
0
0
0
0
0
0
0
0
0
0
0
0
0
0
0
0
0
0
0
0
0
0
0
0
0
0
0
0
0
0
0
0
0
0
0
0
0
0
0
0
0
0
0
0.0183217
0.0183217
0
0.0183217
0.0183217
0
0.0183217
0.0183247
0
0.0183217
0.0183309
0
0.0183463
0
0.0183217
0.019132
0.019132
0.019132
0.019132
0.019132
0.0190866
0.0190866
0.0190866
0
0
0
0
0
0
0
0
0
0
0
0
0
0
0
0
0
0
0
0
0
0
0
0
0
0
0
0
0
0
0
0
0
0
0
0
0
0
0
0
0
0
0
0
0
0
0
0
0
0
0
0
0
0
0
0
0
0
0
0
0
0
0
0
0
0
0
0.0215515
0.0215515
0.0215515
0.0183432
0
0.0182544
0.0182544
0.0183247
0.0182696
0.0693375
0
0
0
0
0
0
0
0
0
0
0
0
0
0
0
0
0
0
0
0
0
0
0
0
0
0.0182727
0.0182727
0
0.0182727
0.0186177
0.0183278
0.0182757
0
0
0
0
0
0.0182757
0.0183217
0.0183217
0.0183217
0.0183217
0.0183897
0.0297482
0.0297482
0.0297482
0.0299611
0
0
0
0
0
0
0
0
0
0
0
0
0.0185759
0
0
0
0
0
0
0
0
0
0
0
0
0
0
0.0183897
0.0189456
0
0.0184021
0.0185535
0.0190381
0.0208605
0
0
0
0
0
0
0
0
0
0
0
0
0
0
0
0
0
0
0
0.0297088
0.0183217
0.0183217
0.0183217
0.0183217
0.0186404
0.01899
0
0.0186404
0.0186404
0.0186404
0
0
0
0
0
0
0
0
0
0
0
0
0
0
0
0
0
0
0
0
0
0
0
0
0
0
0
0
0
0
0
0
0
0
0
0
0
0
0
0
0
0
0
0
0
0
0
0
0
0
0
0
0
0
0
0
0
0
0
0
0
0
0
0
0
0
0
0
0
0
0
0
0
0
0
0
0
0
0
0
0
0
0
0
0
0
0
0
0
0
0
0
0
0
0
0
0
0
0
0
0
0
0
0
0
0
0
0
0
0
0
0
0
0
0
0
0
0
0
0
0
0
0
0
0
0
0
0
0
0
0
0
0
0
0
0
0
0
0
0
0
0
0
0
0
0
0
0
0
0
0
0
0
0.0183217
0.0297088
0
0
0
0
0
0
0
0
0
0
0
0
0
0
0
0
0.0124312
0
0
0
0
0
0
0.0124006
0
0
0
0
0
0
0
0
0
0
0
0
0
0
0
0
0
0
0.0124312
0
0
0
0
0
0
0
0
0
0
0
0
0
0
0
0
0
0
0
0
0
0
0
0
0
0
0
0
0
0
0
0
0
0
0
0
0
0
0
0
0
0
0
0
0
0
0
0
0
0
0
0
0
0
0
0
0
0
0
0
0
0
0
0
0
0
0
0
0
0
0
0
0
0
0
0
0
0
0
0
0
0
0
0
0
0
0
0
0
0
0
0
0
0
0
0
0
0
0
0
0
0
0
0
0
0
0
0
0
0
0
0
0
0
0
0
0
0
0
0
0
0
0
0
0
0
0.0173474
0.0173474
0.0173474
0.0173474
0.0173474
0.0173474
0.0173474
0.0173474
0.0173474
0.0173474
0.0173474
0.0173474
0.0173474
0.0173474
0.0173474
0.0173474
0.0173474
0.0173474
0.0173474
0.0173474
0.0173474
0.0173474
0.0173474
0.0196494
0
0
0
0.0173474
0.0173474
0.0173474
0.0173474
0.0173474
0
0
0
0
0
0.0175439
0
0.0173474
0.0173526
0.0173526
0.0173526
0.0173526
0.0173526
0.0173526
0.0173526
0
0.0173526
0.0173526
0
0
0
0
0
0
0
0
0
0
0
0
0
0
0
0
0
0
0
0
0
0
0
0
0
0
0
0
0
0
0
0
0
0
0
0
0
0
0
0
0
0
0
0
0
0
0
0
0
0
0
0
0
0
0
0
0
0
0
0
0
0
0
0
0
0
0
0
0
0
0
0
0
0
0
0
0
0
0
0
0
0
0
0
0
0
0
0
0
0
0
0
0
0
0
0
0
0
0
0
0
0
0
0
0
0
0
0
0
0
0
0
0
0
0
0
0
0
0
0
0
0
0
0
0
0
0
0
0
0
0
0
0
0
0
0
0
0
0
0
0
0
0
0
0
0
0
0
0
0
0
0
0
0
0
0
0
0
0
0
0
0
0
0
0
0
0
0
0
0
0
0
0
0
0
0
0
0
0
0
0
0
0
0
0
0
0
0
0
0
0
0
0
0
0
0
0
0
0
0
0
0
0
0
0
0
0
0
0
0
0
0
0
0
0
0
0
0
0
0
0
0
0
0
0
0
0
0
0
0
0
0
0
0
0
0
0
0
0
0
0
0
0
0
0
0
0
0
0
0
0
0
0
0
0
0
0
0
0
0
0
0
0
0
0
0
0
0
0
0
0
0
0
0
0
0
0
0
0
0
0
0
0
0
0
0
0
0
0
0
0
0
0
0
0
0
0.020261
0.020261
0.020261
0.020261
0
0.020261
0.020261
0.020261
0.020261
0.0873704
0.0873704
0
0.020261
0.020261
0.020261
0
0
0
0
0
0
0
0
0
0
0
0
0
0
0.0873704
0
0
0
0
0
0.0205934
0.0205934
0
0.0173474
0
0.0173474
0.0173474
0
0
0
0
0
0
0
0
0
0
0
0
0
0
0
0.0173474
0
0
0
0
0
0
0.0173474
0
0
0
0
0
0
0
0
0
0
0
0
0
0
0
0
0
0
0
0
0
0
0
0
0
0
0
0
0
0
0
0
0
0
0
0
0
0
0.0201701
0.0201701
0
0
0
0
0
0
0
0
0
0
0.0199323
0.0199323
0
0.0201701
0.0199323
0
0.0199323
0.0199323
0.0199323
0.0199323
0.0199323
0
0
0
0
0
0
0
0
0
0
0
0
0
0
0
0
0
0
0
0
0.0196532
0
0
0
0
0
0
0
0
0
0
0
0
0
0
0
0
0
0
0
0
0
0
0
0
0
0
0
0
0
0
0
0
0
0
0
0
0
0
0
0
0
0
0
0
0
0
0
0
0
0
0
0
0
0
0
0
0
0
0
0
0
0
0
0
0
0
0
0
0
0
0
0
0
0
0
0
0
0
0
0
0
0
0
0
0
0
0
0
0
0
0
0
0
0
0
0.0201701
0.020286
0.020286
0.020286
0.020286
0.020286
0
0.020286
0.020286
0
0
0
0
0
0
0
0
0
0
0
0
0
0
0
0
0
0
0
0
0
0
0
0
0
0
0
0
0
0
0
0
0
0.0200361
0.0200361
0.0200361
0
0
0
0
0
0
0.0200724
0
0
0
0
0
0
0
0
0
0
0
0
0
0.0199244
0
0
0
0
0
0.0199522
0
0.019988
0.019988
0.019988
0
0
0.019988
0
0
0.019988
0.0199284
0
0.0199721
0
0
0.0199721
0
0
0.0199721
0.0953463
0.0953463
0.0199721
0.0199721
0.0199721
0
0
0.019976
0.0776151
0.019976
0
0
0.0197642
0
0.0197642
0.0197642
0.0197642
0.0197642
0
0
0
0
0.0197642
0.0197642
0
0
0
0
0
0
0
0
0
0.0197642
0
0
0
0
0
0
0
0
0
0
0
0
0
0
0
0
0
0
0
0
0
0
0
0
0
0
0
0
0
0
0
0
0
0
0
0
0
0
0
0
0
0
0
0
0
0
0
0
0
0
0
0
0
0
0
0
0
0
0
0
0
0
0
0
0
0
0
0
0
0
0
0
0
0
0
0
0
0
0
0
0
0
0
0
0
0
0
0
0
0
0.0953463
0.0590281
0.0590281
0
0.0590281
0.0590281
0.0920575
0.0920575
0.0920575
0.0920575
0.0920575
0
0.0920575
0.0920575
0.0590281
0.0590281
0
0.0590281
0.0590281
0.0590281
0.0953463
0.0953463
0
0.0953463
0.0590281
0
0
0
0
0
0
0
0
0
0
0
0
0
0
0
0
0
0
0
0
0
0
0
0
0
0
0
0
0
0
0
0
0
0
0
0
0
0
0
0
0
0
0
0
0
0
0
0
0
0
0
0
0
0
0
0
0
0
0
0
0
0
0
0
0.0213492
0.0219001
0.0559893
0.0196989
0.0196989
0.0196989
0.0173474
0.0173474
0.0173474
0
0
0
0.0176474
0.0174608
0.0174608
0.0174608
0
0
0
0
0.0173474
0.0173474
0.0590281
0.0590281
0.0173474
0.0173474
0.0173474
0.0173474
0.0173474
0.0173474
0.0173474
0
0
0
0.0173474
0.0173474
0
0.0173474
0.0173474
0.020261
0.020261
0.020261
0.020261
0.020261
0.0203785
0.0203785
0.020261
0.020261
0
0
0
0
0
0
0.0125363
0.0125363
0.0125363
0.0125363
0.0125363
0.0125363
0.0125363
0.0125363
0.0125363
0.0125363
0.0125363
0.0125363
0.0125363
0
0
0.0133357
0.0133357
0
0
0
0.0125363
0.0125363
0.0125363
0.0125363
0.0125363
0.0125363
0.0125363
0.0125363
0.0125363
0.0125363
0.017337
0.017337
0
0.017337
0
0.017337
0.0125363
0.0125363
0.0125363
0.0125363
0
0
0.0125363
0
0
0
0
0.0125363
0.0340799
0.0340799
0.0536828
0
0
0.0585206
0.0585206
0.0585206
0.0585206
0.0585206
0.0340799
0
0
0
0
0.0173474
0
0
0.0173474
0
0
0
0
0.0125363
0.0125363
0.0173474
0.0173474
0.0173474
0.0173474
0.0125363
0.0125363
0.0125363
0.0125363
0.017392
0.0125363
0.0125363
0.014947
0.014947
0.014947
0
0.014947
0.014947
0
0
0
0
0
0
0
0
0
0
0.0125363
0.0125363
0.0125363
0.0125363
0.0125363
0.0125363
0.0125363
0.0173474
0.0173474
0.0173474
0.0173474
0.0173474
0.0173474
0.0173474
0.0173474
0.0173474
0.0125363
0
0.0125363
0.0125363
0.0125363
0.0125363
0
0.0125363
0.0126481
0
0
0
0
0
0
0
0
0
0
0
0
0
0
0
0
0
0
0
0
0
0
0
0
0
0
0
0.0173084
0
0
0
0
0.0394669
0
0
0
0
0
0
0
0
0
0
0
0
0
0.0150962
0
0
0
0
0
0
0
0
0
0
0
0
0
0
0
0
0
0
0
0
0
0
0
0
0
0
0
0
0
0
0
0.0135631
0
0.0131807
0
0
0
0
0
0
0.0125363
0.0155681
0.0136884
0
0
0.0125858
0.0187548
0.0125363
0.0125255
0.0125255
0.0125255
0.0125255
0.0125255
0.0125255
0.0125255
0.0125255
0.0125255
0.0125255
0.0125255
0.0125255
0.0125255
0.0125255
0.0125255
0.0125363
0.0135631
0.0135631
0.017525
0.017525
0.0135631
0.0149171
0.014947
0
0
0
0
0
0.0149171
0.0149171
0
0
0
0
0
0
0
0
0.0150516
0.0150516
0.0150516
0
0.0150516
0.0125363
0.0125363
0.0125462
0.0125462
0.0125363
0.0125363
0.0125363
0.0125363
0
0
0
0
0
0.0125363
0
0.0125363
0.0125363
0.0125462
0.0125462
0.0136986
0
0
0
0
0
0
0
0
0
0
0
0
0
0
0
0
0
0
0
0
0
0
0
0
0
0.0131807
0.0131807
0.0131807
0
0
0
0
0
0
0
0.0163365
0.0163365
0.0217391
0.0217391
0.0163365
0.0163365
0.0163365
0.0163365
0.0137425
0.0137425
0.0137425
0.0164133
0.0164133
0
0
0.0164133
0.0164133
0.0164133
0.0137425
0.0137425
0.0137425
0.0164133
0.0164133
0.0164133
0.0164133
0.0137425
0.0137425
0.0137425
0.0137425
0
0.0164133
0.0137425
0.0137425
0.0137425
0
0
0
0
0
0.0137425
0.0137425
0.0137425
0
0
0.0137425
0.0137425
0.0137425
0.0418121
0.0418121
0.0418121
0.0418121
0
0.0418121
0.0145417
0.0145417
0.0145417
0.0145417
0.0145417
0.0270666
0
0
0
0
0
0
0
0
0
0
0
0
0
0
0
0
0
0.0125918
0.0125868
0.014947
0.0125918
0
0.0125918
0.0125918
0
0.0187548
0
0
0
0
0
0
0
0
0
0
0
0
0
0
0
0
0
0
0
0
0
0
0
0
0
0
0
0
0
0
0
0.0341993
0.0341993
0.0341993
0.0150653
0.0150653
0.0150653
0.0150653
0.0150653
0.0150653
0
0
0
0
0
0
0
0
0
0
0
0
0
0
0
0
0
0
0
0
0
0
0
0
0
0
0
0
0
0
0
0
0
0
0
0
0
0
0
0
0
0
0
0
0
0
0
0
0
0
0
0
0
0
0
0
0
0
0
0
0
0
0
0
0
0
0
0
0
0
0
0
0
0
0
0
0
0
0
0.014922
0.014922
0
0.0147941
0
0.0147941
0.0147941
0.0147941
0.0147941
0.0147941
0.0147941
0.0147941
0.0160914
0.0160914
0.0147941
0
0
0
0
0
0
0
0
0
0
0
0
0
0
0.0125363
0.0125363
0
0
0.0150516
0
0.0135631
0.0136986
0
0
0
0
0.0173084
0
0
0
0
0
0
0.0131625
0.0131807
0
0
0
0.0270666
0
0
0
0
0
0.0137425
0
0.0150653
0
0.0418121
0
0.0341993
0.0125918
0
0.0187548
0
0
0
0.0125363
0
0
0
0
0.0147941
0.0147941
0.0147941
0.0147941
0
0
0
0
0.0125363
0
0
0
0
0
0
0
0
0
0.0173474
0
0
0
0
0
0
0
0
0
0.0125255
0.0125255
0
0
0.0125255
0.0125255
0.0125265
0
0
0.0125255
0.0125255
0
0.0125255
0.0125255
0.0125255
0.0125255
0.0125255
0.0125255
0.0125255
0.0125255
0.0125255
0.0125255
0.0125255
0.0125255
0.0125255
0.0125255
0.0125255
0.0125255
0.0125255
0.0125255
0.0125255
0.0125255
0.0125255
0.0125255
0.0125255
0.0125255
0.0125255
0.0125363
0.0125363
0
0
0.0125255
0.0125255
0.0125363
0.0125363
0.0125255
0.0125255
0.0125255
0.0125255
0.0125255
0.0173474
0.0173474
0.0173474
0.0173474
0.0173474
0.0173474
0.0173474
0.0173474
0.0173474
0.0173474
0.0173474
0.0173474
0.0173474
0.0173474
0.0173474
0.0173474
0.0173474
0.0173474
0.0173474
0.0173474
0.0173474
0.0173474
0.0173474
0.0173474
0.0173474
0.0173474
0.0196532
0.0196532
0.0196532
0.0196532
0
0
0
0
0
0.0207793
0.0207793
0.0207793
0
0
0
0
0
0
0
0
0
0
0
0
0
0
0
0
0.0173474
0.0173474
0.0173474
0.0173474
0.0173474
0.0173474
0.0173474
0.0173474
0.0173474
0.0173474
0.0173474
0.0173474
0.0173474
0.0173474
0.0173474
0.0173474
0.0173474
0.0173474
0.0173474
0.0173474
0.0173474
0
0.0173474
0
0.0173474
0.0173474
0.0173474
0.0173526
0.0173526
0.0173526
0.0173526
0.0173526
0.0173526
0.0173526
0.0173474
0.0173474
0
0
0
0.0610847
0.0610847
0.0197642
0.0197642
0
0
0
0
0
0
0.0680414
0.0680414
0
0
0
0
0
0
0
0
0
0
0.0196041
0.0196041
0.0196041
0.0196041
0
0
0
0
0.0196608
0.0196608
0.0196608
0
0
0
0
0
0.0196608
0.019676
0.0196608
0.0196608
0.0196608
0.0196608
0.0196608
0
0
0
0
0
0
0
0
0
0
0
0.0173526
0.0173526
0.0173526
0
0.0173474
0.0173474
0.0173474
0.0173474
0
0
0
0.0173474
0.0173474
0.0173474
0.0173474
0.0173474
0.0173474
0.0173474
0.0173474
0.0173474
0.0173474
0.0173474
0.0205934
0.0205934
0.0173526
0.0173553
0.0173526
0.0196041
0.0197913
0.0196229
0.0173474
0.0173474
0
0
0
0
0
0
0
0.0173474
0.0173474
0.0173474
0.0173474
0.0173474
0.0173474
0.0173474
0
0
0
0
0.0173474
0.0173474
0.0173474
0
0
0
0
0
0
0.0173474
0.0173474
0
0
0
0
0
0
0
0.0173474
0.0173474
0.0173474
0.0173474
0
0
0
0
0
0.0174395
0
0
0
0
0.0174395
0.0174395
0.0174395
0.0174395
0
0
0
0
0
0
0
0.0174395
0
0.0174395
0.0205934
0.0205934
0.0205934
0.0173474
0.0172209
0.0172209
0.0172209
0.0172209
0.0172209
0.0172209
0.0172209
0.0173474
0
0.0173474
0.0173474
0.0173474
0.0173474
0
0.0172209
0.0172209
0.0172209
0.0172209
0.0172209
0.0172209
0.0172209
0
0.0172209
0.0172337
0.0172209
0.0173526
0.0173526
0
0
0
0
0
0.0173526
0.0173526
0
0
0
0
0
0
0.0197181
0
0
0
0
0
0.0197181
0
0
0
0
0
0
0
0
0
0
0
0
0
0
0
0
0
0
0
0
0
0
0
0
0
0
0
0
0
0
0
0
0
0
0
0
0
0
0
0
0
0
0
0
0
0
0
0
0
0
0
0
0
0
0
0
0
0
0
0
0
0
0
0
0
0
0
0
0
0
0
0
0
0
0
0
0
0
0
0
0
0
0
0
0
0
0
0
0
0
0
0
0
0
0
0
0
0
0
0
0
0
0
0
0
0
0.0873704
0.0873704
0.0873704
0.0873704
0
0
0
0
0
0
0
0
0
0
0
0
0
0
0
0
0
0
0
0
0
0
0
0
0
0
0
0
0
0
0
0
0
0
0
0
0
0
0
0
0
0
0
0
0
0
0
0
0
0
0
0
0
0
0
0
0
0
0
0
0
0
0
0
0
0
0
0
0
0
0
0
0
0
0
0
0
0
0
0
0
0
0
0
0
0
0
0
0
0
0
0
0
0
0
0
0
0
0
0
0
0
0
0
0
0
0
0
0
0
0
0
0
0
0
0
0
0
0
0
0
0
0
0.0181578
0
0.0125363
0.0125255
0.0125255
0.0125255
0.0125255
0.0125255
0.0125255
0.0125255
0.0125255
0.0125255
0.0125255
0.0125255
0.0125255
0.0125255
0.0125255
0.0125255
0.0125255
0.0125255
0.0125255
0.0125255
0.0125255
0.0125255
0.0125255
0.0125255
0.0125255
0.0125255
0.0125255
0.0125255
0.0125255
0.0125255
0.0125255
0.0125255
0.0125255
0.0125255
0.0125255
0.0125255
0.0125255
0.0125255
0.0125255
0.0125255
0.0125255
0.0125255
0.0125255
0.0125255
0.0125255
0.0125255
0.0125255
0.0125255
0.0125255
0
0
0
0
0
0
0
0
0
0
0
0
0
0
0
0
0
0
0
0
0
0
0
0
0
0
0
0
0
0
0
0
0
0
0
0
0
0
0
0.0195665
0
0
0
0
0
0
0
0.0189832
0.0194846
0.0194846
0.0194846
0.0195815
0
0
0
0
0
0
0
0
0
0
0
0
0
0
0
0
0
0
0
0
0
0
0
0.0124169
0.0124169
0.0124169
0.0124169
0
0
0
0
0
0
0
0
0
0
0
0
0
0
0
0
0
0
0
0
0
0
0
0
0
0
0
0
0
0
0
0
0
0
0
0
0
0
0
0
0
0
0
0
0
0
0.0124312
0.0124312
0.0124312
0.0124312
0.0124312
0.0124312
0.0124312
0.0124312
0.0124312
0.0124312
0.0124312
0.0124312
0.0124312
0.0124312
0.0124312
0.0124312
0.0124312
0.0124312
0.0124312
0.0124312
0.0124312
0.0124312
0.0124312
0.0124312
0.0124312
0.0124312
0.0124312
0.0124312
0.0124312
0.0124312
0.0124312
0
0
0
0
0
0
0
0
0
0
0
0
0
0
0
0
0
0
0
0
0
0
0
0
0
0
0
0
0
0
0
0
0
0
0
0
0
0
0
0
0
0
0
0
0
0
0
0
0
0
0
0
0
0
0
0
0
0
0
0
0
0
0
0
0
0
0
0
0
0
0
0
0
0
0
0
0
0
0
0
0
0
0
0
0
0
0
0
0
0
0
0
0
0
0
0
0
0
0
0
0
0
0
0
0
0
0
0
0
0
0
0
0
0
0
0
0
0
0
0
0
0
0
0
0
0
0
0
0
0
0
0
0
0
0
0
0
0
0
0
0
0
0
0
0
0
0
0
0
0
0
0
0
0
0
0
0
0
0
0
0
0
0
0
0
0
0
0
0
0
0
0
0
0
0
0
0
0
0
0
0
0
0
0
0
0
0
0
0
0
0
0
0
0
0
0
0
0
0
0
0
0
0
0
0
0
0
0
0
0
0
0
0
0
0
0
0
0
0
0
0
0
0
0
0
0
0
0
0
0
0
0
0
0
0
0
0
0
0
0
0
0
0
0
0
0
0
0
0
0
0
0
0
0
0
0
0
0
0
0
0
0
0
0
0
0
0
0
0
0
0
0
0
0
0
0
0
0
0
0
0
0
0
0
0
0
0
0
0
0
0
0
0
0
0
0
0
0
0
0
0
0
0
0
0
0
0
0
0
0
0
0
0
0
0
0
0
0
0
0
0
0
0
0
0
0
0
0
0
0
0
0
0
0
0
0
0
0
0
0
0
0
0
0
0
0
0
0
0
0
0
0
0
0
0
0
0
0
0
0
0
0
0
0
0
0
0
0
0
0
0
0
0
0
0
0
0
0
0
0
0
0
0
0
0
0
0
0
0
0
0
0
0
0
0
0
0
0
0
0
0
0
0
0
0
0
0
0
0
0
0
0
0
0
0
0
0
0
0
0
0
0
0
0
0
0
0
0
0
0
0
0
0
0
0
0
0
0
0
0
0
0
0
0
0
0
0
0
0
0
0
0
0
0
0
0
0
0
0
0
0
0
0
0
0
0
0
0
0
0
0
0
0
0
0
0
0
0
0
0
0
0
0
0
0
0
0
0
0
0
0
0
0
0
0
0
0
0
0
0
0
0
0
0
0
0
0
0
0
0
0
0
0
0
0
0
0
0
0
0
0
0
0
0
0
0
0
0
0
0
0
0
0
0
0
0
0
0
0
0
0
0
0
0
0
0
0
0
0
0
0
0
0
0
0
0
0
0
0
0
0
0
0
0
0
0
0
0
0
0
0
0
0
0
0
0
0
0
0
0
0
0
0
0
0
0
0
0
0
0
0
0
0.019589
0.019589
0.0195815
0.0195815
0.0195815
0.0195815
0.0195815
0.0195815
0.0195815
0.0195815
0.0195815
0.0195815
0.0124312
0.0124312
0.0124312
0.0124312
0.0124312
0.0124312
0.0124312
0.0124312
0.019589
0.019589
0.019589
0.019589
0.019589
0.019589
0.019589
0.019589
0.019589
0.0198771
0.0198771
0.0198771
0.0198771
0.019589
0.019589
0.019589
0.0216727
0.0216727
0.0216727
0.0216727
0.0216727
0.0315283
0.0216727
0.019589
0.019589
0.019589
0
0
0
0
0
0
0
0
0
0
0
0
0
0
0
0
0
0
0
0
0
0
0
0
0.0195815
0.0195815
0.0195815
0.0195815
0.0195815
0.0195815
0.0195815
0.0195815
0.0195815
0.0195815
0.0195815
0.0195815
0.0195815
0.0195815
0.0195815
0.0195815
0.0195815
0.0195815
0.0195815
0.0195815
0.0195815
0.0195815
0.0195815
0.0195815
0.0195815
0.0195815
0.0195815
0.0195815
0.0197797
0.0198341
0
0.0198771
0.019589
0
0
0
0
0
0
0
0
0
0
0
0
0
0
0
0
0
0
0
0
0
0
0
0
0
0
0
0
0
0
0
0
0
0
0
0
0
0
0
0
0
0
0
0
0
0
0
0.019589
0.019589
0.019589
0.019589
0.019589
0.019589
0.019589
0
0.019589
0.019589
0.019589
0
0
0
0
0
0
0
0
0
0
0
0
0
0
0
0
0
0
0
0
0
0
0
0
0
0.0124312
0.0124312
0.0124312
0.0124312
0.0124312
0.0124312
0.0124312
0.0124312
0.0124312
0.0124312
0.0124312
0.0124312
0.0124312
0.0124312
0.0124312
0.0124312
0.0124312
0.0124312
0.0124312
0.0124312
0.0124312
0.0124312
0.0124312
0.0124312
0.0124312
0.0124312
0.0124312
0.0124312
0.0124312
0.0124312
0.0124312
0.0124312
0.0124312
0.0124312
0.0124312
0.0124312
0.0124312
0.0124312
0.0124312
0.0124312
0.0124332
0
0
0
0
0
0
0
0
0
0
0
0
0
0
0
0
0
0
0
0
0
0
0
0
0
0
0.0125255
0
0
0
0
0
0
0
0
0
0
0
0
0
0
0
0
0
0
0
0
0
0
0
0
0
0
0
0
0
0
0
0
0
0
0
0
0
0
0
0
0
0
0
0
0
0
0
0
0
0
0
0
0
0
0
0
0
0
0
0
0
0
0
0
0
0
0
0
0
0
0
0
0
0
0
0
0
0
0
0
0
0
0
0
0
0
0
0
0
0
0
0
0
0
0
0
0
0
0
0
0
0
0
0
0
0
0
0
0
0
0
0
0
0
0
0
0
0
0
0
0
0
0
0
0
0
0
0
0
0
0
0
0
0
0
0
0
0
0
0
0
0
0
0
0
0
0
0
0
0
0
0
0
0
0
0
0
0
0
0
0
0
0
0
0
0
0
0
0
0
0
0
0
0
0
0
0
0
0.0124312
0.0124312
0.0124312
0
0
0
0
0
0
0
0
0
0
0
0
0
0
0
0
0
0
0
0
0
0
0
0
0
0
0
0
0
0
0
0
0
0
0
0.0195815
0.0195815
0.0195815
0.0195815
0.0195815
0
0
0
0
0.0201701
0.0201701
0
0.0208153
0.0195815
0.0198224
0
0
0
0
0
0.0198224
0.0124698
0
0
0
0
0
0
0
0
0
0
0.0124351
0
0.0124351
0
0
0
0
0
0
0
0
0
0
0
0
0
0
0
0
0
0
0
0
0
0
0
0
0
0
0
0
0
0
0
0
0
0
0
0
0
0.0124312
0
0
0
0
0
0
0
0
0
0
0
0
0
0.0129695
0.0129695
0.0129695
0.0129695
0.0129695
0
0.0129695
0.0129695
0.0129695
0.0129695
0
0.0129695
0.0129695
0.0129695
0.0129695
0
0.0129695
0.0129695
0.0129695
0.0129695
0
0
0
0
0
0
0
0
0.0129695
0.0129695
0.0129695
0.0129695
0.0129695
0.0129695
0.0129695
0.0129695
0.0129695
0
0
0
0
0
0
0
0
0
0
0.0124312
0.0124312
0.0124312
0.0124312
0.0124312
0.0124312
0.0124312
0.0124312
0.0124312
0.0124312
0.0124312
0.0124312
0.0124312
0
0
0
0
0
0
0
0
0
0
0
0
0
0
0
0
0
0
0
0
0
0
0
0
0
0
0
0
0
0
0
0
0
0
0
0
0
0
0
0
0
0
0
0
0
0
0
0
0
0
0
0
0
0
0
0
0
0
0
0
0
0
0
0
0
0
0
0
0
0
0
0
0
0
0
0
0
0
0
0.0124312
0.0124312
0.0124312
0
0
0
0
0
0
0
0
0
0
0
0
0
0
0
0
0
0
0
0
0
0
0
0
0
0
0
0
0
0
0
0
0
0
0
0
0
0
0
0
0
0
0
0
0
0
0
0
0
0
0
0
0
0
0
0
0
0
0
0
0
0
0
0
0
0
0
0
0
0
0
0
0
0
0
0
0
0
0
0
0
0
0
0
0
0
0
0
0
0
0
0
0
0.0124351
0.0124351
0.0124351
0.0124351
0.0124351
0.0124351
0.0124351
0
0
0
0
0
0
0
0
0
0
0
0
0
0
0
0
0
0
0
0
0
0
0
0
0
0
0
0
0
0
0
0
0
0
0
0
0
0
0
0
0
0
0
0
0
0.0124006
0
0
0
0
0
0
0
0
0.0276289
0
0
0
0
0
0
0
0
0
0
0.0298408
0
0
0
0.0322245
0
0
0.0322245
0.019589
0
0
0
0.0322078
0
0
0
0
0
0
0
0
0
0
0
0
0
0
0
0
0
0
0
0
0
0
0
0
0
0.0124063
0
0
0
0.0124169
0
0.0124351
0
0
0
0
0
0
0
0
0
0
0
0
0
0
0
0
0
0
0
0
0
0
0
0
0
0
0
0
0
0
0
0
0
0
0
0
0
0
0
0
0
0.0124332
0
0
0
0
0
0
0
0
0
0
0
0
0
0
0
0
0
0
0
0
0
0
0
0
0
0
0
0
0
0
0
0
0
0.0194809
0
0
0
0.0194809
0.0194809
0.0194809
0.0194809
0.0194809
0.0194809
0.0194809
0
0
0
0
0
0
0
0
0
0
0
0
0
0
0
0
0
0
0
0
0
0
0
0
0
0
0
0
0
0
0
0
0
0
0
0
0
0
0
0
0
0
0
0
0
0
0
0
0
0
0
0
0
0
0
0
0
0
0
0
0
0
0
0
0
0
0
0
0
0
0
0
0
0
0
0
0
0
0
0
0
0
0
0
0
0
0
0
0
0
0
0
0
0
0
0
0
0
0
0
0
0
0
0
0
0
0
0
0
0
0
0
0
0
0
0
0
0
0
0
0
0
0
0
0
0
0
0
0
0
0
0
0
0
0
0
0
0
0
0
0
0
0
0
0
0
0
0
0
0
0
0
0
0
0
0
0
0
0
0
0.0194184
0.0194184
0.0194184
0.0194184
0.0194184
0.0194184
0.0194184
0.0194184
0.0194184
0.0623783
0.0623783
0.0623783
0.0623783
0.0623783
0
0
0.0453143
0
0
0
0
0
0
0
0
0
0
0
0
0
0
0
0
0
0
0
0.0936586
0.0469323
0
0
0
0
0
0
0
0
1
0
0
0
0
0
0
0
0
0
0.0920575
0
0
0
0
0
0
0
0
0
0
0
0
0
0
0
0
0
0
0
0
0
0
0
0
0
0
0
0
0
0
0
0
0
0
0
0
0
0
0
0.0558146
0
0
0
0
0
0
0
0
0
0
0
0
0
0
0
0
0
0
0
0
0
0
0
0
0
0
0
0
0
0
0
0
0
0
0
0
0
0
0
0
0
0
0
0
0
0
0
0
0
0
0
0
0
0
0
0
0
0
0
0
0
0
0
0
0
0
0
0
0
0
0
0
0
0
0
0
0
0
0
0
0
0
0
0
0
0
0
0
0
0
0
0
0
0
0
0
0
0
0
0
0
0
0
0
0
0
0
0
0
0
0
0
0
0
0
0
0
0
0
0
0
0
0
0
0
0
0
0
0.0129695
0.0129695
0.0129695
0.0129695
0.0214226
0
0
0
0
0
0
0
0
0
0
0
0
0
0
0
0
0
0
0
0
0
0
0
0
0
0
0
0
0
0
0
0
0
0
0
0
0
0
0
0
0
0
0
0
0.0216321
0.0216321
0.0216321
0.0216321
0.0216321
0
0
0
0
0
0
0
0
0
0
0
0
0
0
0
0
0
0
0
0
0
0
0
0
0
0
0
0
0
0
0
0
0
0
0
0
0
0
0
0
0
0
0
0
0
0
0
0
0
0
0
0
0
0
0
0
0
0
0
0
0
0.020117
0
0
0
0
0
0
0
0
0
0
0
0
0
0
0
0
0.071247
0.071247
0.071247
0.071247
0.071247
0.071247
0.071247
0.071247
0.071247
0.071247
0.071247
0.071247
0.071247
0
0
0
0
0
0
0
0
0
0
0
0
0
0
0
0
0
0
0
0
0
0
0
0
0
0
0
0
0
0
0
0
0
0
0
0
0
0
0
0
0
0
0
0
0
0
0
0
0
0
0
0
0
0
0
0
0
0
0
0
0
0
0
0
0
0
0
0
0
0
0
0
0
0
0
0
0
0
0
0
0
0
0
0
0
0
0
0
0
0
0
0
0
0
0
0
0
0
0
0
0.0590281
0
0
0
0
0
0
0
0
0.0604122
0
0
0
0.0604122
0.0604122
0.0604122
0.0604122
0.0604122
0.0604122
0.0604122
0.0920575
0.138675
0.138675
0.138675
0.141421
0.141421
0.141421
0.141421
0.141421
0.141421
0.141421
0
0.141421
0.141421
0.141421
0.141421
0
0
0
0.141421
0.141421
0.141421
0.141421
0.141421
0.0604122
0
0.0604122
0
0
0.0590281
0
0
0
0
0
0
0
0
0
0.0194184
0
0
0
0
0
0
0
0
0
0
0
0
0
0
0
0
0
0
0
0
0
0
0
0
0
0
0
0
0
0
0
0
0
0
0
0
0.0604122
0
0
0
0
0.0604122
0
0.0604122
0
0
0
0.0194809
0
0
0
0.0604122
0
0
0
0.0604122
0.353553
0.377964
0
0.0604122
0
0.0194809
0
0
0
0
0
0
0
0
0
0
0
0
0
0
0
0
0
0
0
0
0.0604122
0
0
0
0
0.0604122
0
0.0194184
0
0
0
0
0
0
0
0
0
0
0
0
0
0
0
0
0
0
0.0194809
0
0
0
0.0604122
0
0
0
0.0194809
0
0
0
0.0604122
0
0
0
0.0124293
0
0
0
0
0
0
0
0
0
0
0.0124284
0.0124284
0.0124284
0.0124284
0.0124284
0
0
0
0
0
0
0
0
0
0
0
0
0
0
0
0
0
0
0
0
0
0
0
0
0.0124312
0.0124312
0.0124312
0.0124312
0
0.0176282
0.012466
0
0
0
0
0.0176282
0
0
0
0
0
0
0
0
0
0
0
0
0
0
0
0
0.0195815
0.0195815
0.0195815
0.0195815
0.0195815
0.0195815
0.0195815
0.0195815
0.0124312
0.0124312
0.0124312
0.0124312
0.0124312
0.0124312
0.0124312
0.0124312
0
0
0
0
0
0
0
0
0
0
0
0
0
0
0
0
0
0
0
0
0
0
0
0
0
0
0
0
0
0
0
0
0
0
0
0
0
0
0
0
0
0
0
0
0
0
0
0
0
0
0
0
0
0
0
0
0
0
0
0
0
0
0
0
0
0
0
0
0
0
0
0
0
0
0
0
0
0
0
0
0
0
0
0
0
0
0
0
0
0
0
0
0
0
0
0
0
0
0
0
0
0
0
0
0
0
0
0
0
0
0
0
0
0
0
0
0
0
0
0
0
0
0
0
0
0
0
0
0
0
0
0
0
0
0
0
0
0
0
0
0
0
0
0
0
0
0
0
0
0
0
0
0
0
0
0
0
0
0
0
0
0
0
0
0
0
0
0
0
0
0
0
0
0
0
0
0
0
0
0
0
0
0
0
0
0
0
0
0
0
0
0
0
0
0.0198419
0.0198419
0.0198419
0
0
0
0
0
0
0
0
0.0124293
0.0124293
0.0124293
0.0124293
0.0124312
0.0124312
0.0124524
0.0124312
0
0
0
0
0
0
0
0.0124312
0.0124312
0.0124312
0.0124312
0.0124312
0.0124312
0.0124312
0.0124312
0.0124312
0.0124312
0.0124312
0.0124312
0.0124312
0.0124312
0.0124312
0.0124312
0.0124312
0.0124312
0.0124312
0.0124312
0.0124312
0.0124312
0.0124312
0.0124312
0
0
0
0
0.0124312
0
0
0
0
0
0
0
0
0
0
0
0
0.0124698
0
0
0
0
0
0
0
0
0.0124274
0
0
0
0
0
0
0
0
0
0
0
0
0
0
0
0
0
0
0
0
0
0
0
0
0
0
0
0
0
0
0.0124293
0.0124293
0.0124293
0.0124293
0.0124293
0.0124293
0.0124293
0
0
0
0
0
0
0
0
0
0
0.0124312
0.0124312
0.0124312
0.0124312
0.0124312
0.0124312
0.0124312
0.0124312
0.0124312
0
0
0
0
0
0
0
0
0
0
0
0
0
0
0
0
0
0
0
0
0
0
0
0
0
0
0
0
0
0
0
0
0
0
0
0
0
0
0
0
0
0
0
0
0
0
0
0
0
0
0
0
0
0
0
0
0
0
0
0
0
0
0
0
0
0
0
0
0.0124312
0.0124312
0.0124312
0.0124312
0.0124312
0.0124312
0.0124312
0
0
0
0
0
0
0
0
0
0
0
0
0
0
0
0
0
0
0
0
0
0
0
0
0
0
0
0
0
0
0
0
0
0
0
0
0
0
0
0
0
0
0
0
0
0
0
0
0
0
0
0
0
0
0
0
0
0
0
0
0
0
0
0.0125039
0
0
0
0
0
0
0
0
0
0
0
0
0
0
0
0
0
0
0
0
0
0
0
0
0
0
0
0
0
0
0
0
0
0
0
0
0
0
0
0
0
0
0
0
0
0
0
0
0
0
0
0
0
0
0
0
0
0
0
0
0
0
0
0
0
0
0
0
0
0
0
0
0
0
0.0124293
0.0124293
0.0124293
0.0124293
0.0124293
0
0
0
0
0
0
0
0
0
0
0
0
0
0
0
0
0
0
0
0
0
0
0
0
0
0
0
0
0
0
0
0
0
0
0
0
0
0
0
0
0
0
0
0
0
0
0
0
0
0
0
0
0
0
0
0
0
0
0
0
0
0
0
0
0
0
0
0
0
0
0
0
0
0
0
0
0
0
0
0
0
0
0
0
0
0
0
0
0
0
0
0
0
0
0
0
0
0
0
0
0
0
0
0
0
0
0
0
0
0
0
0
0
0
0
0
0
0
0
0.0124312
0
0
0
0
0
0
0
0
0
0
0
0
0
0
0
0
0
0
0
0
0
0
0
0
0
0
0
0
0
0
0
0
0
0
0
0
0
0
0
0
0
0
0
0
0
0
0
0
0
0
0
0
0
0
0.0124312
0.0124312
0.0124312
0.0124312
0.0124312
0.0124312
0.0124312
0.0124312
0.0124312
0.0124312
0.0124312
0.0124312
0.0124312
0
0
0
0
0
0
0
0
0
0
0
0
0
0
0
0
0
0
0
0
0
0
0
0
0
0
0
0
0
0
0
0
0
0
0
0
0
0
0
0
0
0
0
0
0
0
0
0
0
0
0
0
0
0
0
0
0
0
0
0
0
0
0
0
0
0
0
0
0
0
0
0
0
0
0
0
0
0
0
0
0
0
0
0
0
0
0
0
0
0
0
0
0
0
0
0
0
0
0
0
0
0
0
0
0
0
0
0
0
0
0
0
0
0
0
0
0
0
0
0
0
0
0
0
0
0
0
0
0
0
0
0
0
0
0
0
0
0
0
0
0
0
0
0
0
0
0
0
0
0
0
0
0
0
0
0
0
0
0
0
0
0
0
0
0
0
0
0
0
0
0
0
0
0
0
0
0
0
0
0
0
0
0
0
0
0
0
0
0
0
0
0
0
0
0
0
0
0
0
0
0
0.0125039
0.0125039
0.0125039
0.0125039
0
0
0
0
0.0124274
0.0124274
0
0
0
0
0
0
0
0
0
0
0
0
0
0
0
0
0
0
0
0
0
0
0
0
0
0
0
0
0
0
0
0
0
0
0
0
0
0
0
0
0
0
0
0
0
0
0
0
0
0
0
0
0
0
0
0
0
0
0
0
0
0
0
0
0
0
0
0
0
0
0
0
0
0
0
0
0
0
0
0
0
0
0
0
0
0
0
0
0
0
0
0
0
0
0
0
0
0
0
0
0
0
0
0
0
0
0
0
0
0
0
0
0
0
0
0
0
0
0
0
0
0
0
0
0
0
0
0
0
0
0
0
0
0
0
0
0
0
0
0
0
0
0
0
0
0
0
0
0
0
0
0
0
0
0
0
0
0
0
0
0
0
0
0
0
0
0
0
0
0
0
0
0
0
0
0
0
0
0
0
0
0
0
0
0
0
0
0
0
0
0
0
0
0
0
0
0
0
0
0
0
0
0
0
0
0
0
0
0
0
0
0
0
0
0
0
0
0
0
0
0
0
0
0
0
0
0
0
0
0
0
0
0
0
0
0
0
0
0
0
0
0
0
0
0
0
0
0
0
0
0
0
0
0
0
0
0
0
0
0
0
0
0
0
0
0
0
0
0
0
0
0
0
0
0
0
0
0
0
0
0
0
0
0
0
0
0
0
0
0
0
0
0
0
0
0
0
0
0
0
0
0
0
0
0
0
0
0
0
0
0
0
0
0
0
0
0.0124312
0.0124312
0.0124312
0.0124312
0.0124312
0.0124312
0
0
0
0
0
0
0
0
0
0
0
0
0
0
0
0
0
0
0
0
0
0
0
0
0
0
0
0
0
0
0
0
0
0
0
0
0
0
0
0
0
0
0
0
0
0
0
0
0
0
0
0
0
0
0
0
0
0
0
0
0.019589
0.019589
0.019589
0.019589
0.019589
0.019589
0
0
0.019589
0
0
0
0
0
0
0
0
0
0
0
0
0
0
0
0
0
0
0
0
0
0
0
0
0
0
0
0
0
0
0
0
0
0
0
0
0
0
0
0
0
0
0
0
0
0
0
0
0
0
0
0
0
0
0
0
0
0
0
0
0
0
0
0
0
0
0
0
0
0
0
0
0
0
0
0
0
0
0
0
0
0.0124197
0
0.0124197
0
0
0
0
0
0
0
0
0
0
0
0
0
0
0
0
0
0
0
0
0
0
0
0
0
0
0
0
0
0
0
0
0
0
0
0
0
0
0
0
0
0
0
0
0
0
0
0
0
0
0
0
0
0
0
0
0
0
0.0124169
0.0124169
0.0124169
0
0
0
0
0
0
0
0
0.0124312
0.0124312
0
0
0
0
0
0
0
0
0
0
0
0
0
0
0
0
0
0
0
0
0
0
0
0
0
0
0
0
0
0
0
0
0
0
0
0
0
0
0
0
0
0
0
0
0
0
0
0.0124312
0
0
0
0
0
0
0
0
0
0
0
0
0
0
0
0
0
0.01899
0.01899
0
0
0
0
0
0
0
0
0
0
0
0
0
0
0.0124312
0
0
0
0
0
0
0
0
0
0
0
0
0
0
0
0
0
0.0124312
0
0
0
0
0
0
0
0
0
0
0
0
0
0
0
0
0
0
0
0
0
0
0
0
0
0
0
0
0
0
0
0
0
0
0
0
0
0
0
0
0
0
0
0
0
0
0
0
0
0
0.0124312
0.0124312
0.0124312
0.0124312
0.0124312
0.0124312
0.0124312
0.0124312
0.0124312
0.0124312
0.0124312
0
0
0.0172184
0.0172184
0.0172184
0.0172184
0.0172184
0
0
0
0
0
0
0
0
0
0
0
0
0
0
0
0
0
0
0
0
0
0.0183309
0.0183309
0.0183309
0
0
0
0
0
0
0
0
0
0
0
0
0
0.0124698
0.0124698
0
0.0124698
0.0124698
0.0196951
0.0196951
0
0.0196951
0.0196951
0.0125521
0
0
0
0
0
0
0
0
0
0
0
0
0
0
0
0
0
0
0
0
0
0
0
0
0
0
0
0
0
0
0
0
0
0
0
0
0
0
0
0
0
0.0125127
0.0125127
0.0125127
0
0.0125127
0.174078
0
0.0124602
0.0124602
0.0124602
0.0124602
0.0125029
0.0125039
0
0
0
0
0
0
0
0
0
0
0
0
0
0
0
0
0.0124727
0.0124727
0.0124727
0
0
0
0.0125373
0
0
0
0
0
0
0
0
0
0
0
0
0
0
0
0
0
0
0
0
0
0
0
0
0
0.0129695
0.0129695
0.0129695
0.0129695
0.0129695
0.0129695
0.0129695
0
0
0
0
0
0.0129695
0
0
0.019589
0.019589
0
0
0
0
0
0
0.0129695
0.0129695
0.0129695
0.0129695
0.0129695
0.0129695
0.0129695
0
0
0
0
0
0
0
0
0
0
0
0
0
0
0
0
0
0
0
0
0
0
0
0
0
0
0
0
0
0
0
0
0
0
0
0
0
0
0
0
0
0
0
0
0
0
0
0
0
0
0
0
0
0
0
0
0
0
0
0
0
0
0
0
0
0
0
0
0
0
0
0.019589
0.019589
0.019589
0.019589
0.019589
0.019589
0
0
0
0
0
0
0
0
0
0
0
0
0
0
0
0
0
0
0.0129695
0.0129695
0.0129695
0.0129695
0.0129695
0.0129695
0.0129695
0.0129695
0
0
0
0
0.0129695
0.0129695
0
0
0
0
0
0
0
0
0
0.0129695
0.0129695
0.0207883
0.0129695
0.0129695
0.0129695
0
0.0129695
0.0129695
0.0129695
0
0
0.0129695
0.0129695
0.0129695
0.0129695
0.0129695
0.0129695
0.0129695
0.0129695
0.0129695
0.0129695
0.0129695
0.0129695
0.0129695
0.0129695
0.0129695
0.0129695
0.0129695
0.0203658
0.0203658
0.0203658
0.0203658
0
0
0.0129695
0.0129695
0.0129695
0.0129695
0.0203658
0.0203658
0.0203658
0
0
0
0.0203616
0.0203616
0.0203658
0.0203658
0
0
0
0
0.0129695
0.0129695
0
0
0
0
0
0
0
0
0
0.0129695
0.0129695
0
0.0129695
0.0129695
0.0129695
0.0129695
0.0129695
0.0129695
0.0129695
0.0129695
0.0129695
0.0129695
0.0129695
0.0129695
0
0
0
0
0.0129695
0.021398
0.0129695
0.0129695
0.0129695
0.0129695
0
0.0129695
0.0129695
0.022663
0.022663
0.022663
0.022663
0.022663
0.0129695
0
0.0129695
0
0
0
0
0
0.0129695
0.0129695
0.0129695
0.0129695
0.0129695
0
0
0.0129695
0.0138316
0.0129695
0
0
0
0
0
0
0.0129695
0.0129695
0.0129695
0.0129695
0.0129695
0.0129695
0.0129695
0.0129695
0
0.0129695
0.0129695
0
0.0129695
0
0
0
0.0129695
0.0129695
0
0.0129695
0.0129695
0.0212526
0.0212526
0
0.0129695
0.0129695
0.0129695
0.0129695
0.0129695
0.0129695
0.0129695
0.0129695
0.019589
0
0.0124303
0.071247
0
0
0
0
0
0
0
0
0
0
0
0
0
0
0
0
0
0
0
0
0
0
0
0
0
0
0
0
0
0
0
0
0
0
0
0
0
0
0
0
0
0
0
0
0
0
0
0
0
0
0
0
0
0
0
0
0
0
0
0
0
0
0
0
0
0
0
0
0
0
0
0
0
0
0
0
0
0
0
0
0
0
0
0
0
0
0
0
0
0
0
0
0
0
0
0
0
0
0
0
0
0
0
0
0
0
0
0
0
0
0
0
0
0
0
0
0
0
0.0129695
0.0129695
0.0129695
0.0129695
0
0
0
0
0
0
0
0
0
0
0
0
0
0
0
0
0
0
0
0
0
0
0
0.019589
0.0129695
0.0129695
0.0129695
0.0129695
0.0129695
0.0129695
0
0
0
0
0
0
0
0
0
0
0
0
0
0
0
0
0
0
0
0
0
0
0
0
0
0
0.019589
0
0
0
0
0
0
0
0
0.0129695
0.0129695
0
0
0
0
0
0.0215866
0
0
0
0
0
0
0
0
0.0129695
0.0129695
0
0
0
0.0129695
0.0129695
0
0
0
0
0
0
0
0
0
0
0
0
0.0129695
0.0129695
0
0
0
0
0
0
0
0.0129695
0.0129695
0
0
0
0
0
0
0
0
0
0
0
0.0129695
0.0129695
0
0
0
0
0.0129695
0.0129695
0
0
0
0
0
0
0
0
0
0
0.0129695
0.0129695
0
0
0
0
0.0129695
0.0129695
0
0
0
0
0
0
0
0
0
0
0.0129695
0.0129695
0
0
0
0.0129695
0.0129695
0.0129695
0
0
0
0
0
0
0
0
0
0.019589
0.0129695
0.0129695
0
0.0129695
0
0
0
0
0
0
0
0
0.0129695
0.0129695
0
0
0
0
0
0
0
0.0129695
0.0129695
0.0129695
0.0129695
0
0
0
0
0
0
0
0
0
0
0
0
0
0
0
0
0
0
0
0
0
0
0
0
0
0
0
0
0
0
0
0
0
0
0
0
0
0
0
0
0
0
0
0
0
0
0
0
0
0
0
0
0
0
0
0
0
0
0
0
0
0
0
0
0
0.0171398
0.0171398
0
0
0
0
0
0
0
0
0
0
0
0
0
0
0
0
0
0
0
0
0
0
0
0
0
0
0
0
0
0
0
0
0
0
0
0
0
0
0
0
0
0
0
0
0
0
0
0
0
0
0
0
0
0
0
0
0
0
0
0
0
0
0
0
0
0
0
0
0
0
0
0
0
0
0
0
0
0
0
0
0
0
0
0
0
0
0
0
0
0
0
0
0
0
0
0
0
0
0
0
0
0
0
0
0
0
0
0
0
0
0
0
0
0
0
0
0
0
0
0
0
0
0
0
0
0
0
0
0
0
0
0
0
0
0
0
0
0
0
0
0
0.0183804
0
0
0
0
0
0
0
0
0
0
0
0
0
0
0
0
0
0
0
0
0
0
0
0
0
0
0
0
0
0
0
0.0124169
0.0124169
0
0
0
0
0
0
0
0
0
0
0
0
0
0
0
0
0
0
0
0
0
0
0
0
0
0
0
0
0
0
0
0
0
0
0
0
0
0
0
0
0
0
0
0
0
0
0
0
0
0
0
0
0
0
0
0
0
0
0
0
0
0
0
0
0
0
0
0
0
0
0
0
0
0
0
0
0
0
0
0
0
0
0
0
0
0
0
0
0
0
0
0
0
0
0
0
0
0
0
0
0
0
0
0
0
0
0
0
0
0
0
0
0
0
0
0
0
0
0
0
0
0
0
0
0
0
0
0
0
0
0
0
0
0
0
0
0
0
0
0
0
0
0
0
0
0
0
0
0
0
0
0
0.0124169
0
0
0.0124169
0.0124169
0.0124169
0.0124169
0.0124169
0
0
0.0124169
0.0124169
