0
0
0
0
0
0
0
0
0
0
0
0
0
0
0
0
0
0
0
0
0
0
0
0
0
0.031417
0
0
0.031417
0.031417
0.031417
0.031417
0.031417
0
0
0.031417
0.031417
0.0433613
0.0433613
0.0433613
0.0433613
0.0433613
0.0433613
0.0433613
0.0436495
0
0.0436495
0.0436495
0
0.0436495
0.0436495
0.0436495
0.0436495
0
0.0433613
0.0433613
0.0433613
0.0433613
0.0433613
0.0433613
0.0433613
0
0.0433613
0.043373
0.0433613
0.0436614
0.0436614
0
0
0
0
0
0.0436614
0.0436614
0.0563053
0
0
0
0
0.0563053
0.0490543
0
0
0
0
0
0.0490543
0
0
0.0535397
0
0
0
0
0
0
0
0
0
0
0
0.0535397
0
0
0.338754
0.338754
0.338754
0.338754
0
0.0535397
0.0535397
0.0535397
0
0
0
0
0
0.05702
0.05702
0.05702
0
0
0
0
0
0
0
0
0
0
0
0
0
0
0
0
0
0
0
0
0
0
0
0
0
0
0
0
0
0
0
0
0
0
0
0
0
0
0
0
0
0
0
0
0
0.0556661
0.0556661
0.0556661
0
0.0512219
0.0512219
0.0512219
0.0512219
0
0
0
0
0
0
0
0
0
0
0
0.0521286
0.0521286
0.0521286
0.0521286
0
0
0
0
0
0
0
0
0
0
0
0
0
0
0
0.0563692
0.0563692
0.0563692
0.0563692
0
0
0
0
0
0
0
0
0
0
0
0
0
0
0
0
0
0
0
0
0
0
0
0
0
0
0
0
0
0
0
0
0
0
0
0
0
0
0
0
0.0476422
0.0476422
0.0476422
0.0476422
0
0
0
0
0
0
0
0
0
0
0
0
0
0
0
0
0
0
0
0
0
0
0
0
0
0
0
0
0
0
0
0
0
0
0
0
0
0
0
0
0
0
0
0
0
0
0
0
0
0
0
0
0
0
0
0
0
0
0
0
0
0
0
0
0
0
0
0
0
0
0
0
0
0
0
0
0
0
0
0
0
0
0
0
0
0
0
0
0
0
0
0
0
0
0
0
0
0
0
0
0
0
0
0
0
0
0
0.0506834
0.0457526
0.0524348
0
0
0
0
0
0
0
0
0
0
0
0
0
0
0
0
0
0
0
0
0
0
0
0
0.0489116
0.0489116
0.0489116
0.0489116
0
0
0
0
0.0547879
0.0547644
0.0517681
0.0517681
0.0517681
0
0
0
0.0432974
0.0432858
0.0432858
0.0432858
0.0432858
0.0432858
0.0432858
0.0432858
0.0432858
0.0432974
0.0432974
0
0
0
0
0
0
0
0
0
0.0476422
0.0476422
0
0
0
0
0
0
0
0
0
0
0
0
0
0
0
0
0
0
0
0
0
0
0
0
0
0
0
0
0
0
0
0
0
0
0
0
0
0
0.0450051
0.0450051
0
0.0450051
0
0
0
0.0465746
0.0457321
0.0515515
0.0515613
0.0465458
0
0.0528411
0
0.0564333
0
0
0.0457253
0
0
0
0
0.0556784
0.052404
0.0436555
0.0505353
0.0436555
0
0.0433497
0.0433613
0.0433613
0.0501165
0.0501165
0.0501165
0.0436495
0.0440347
0
0
0
0.0436614
0.0440469
0
0
0
0
0
0
0
0
0
0
0
0
0
0
0
0
0
0
0
0
0
0
0
0
0
0.0556661
0.0556661
0
0.0556661
0.0556661
0
0
0
0
0
0
0
0
0
0
0
0
0
0
0
0
0
0
0
0
0
0
0
0
0
0
0
0
0
0
0
0
0
0
0
0
0
0
0
0
0
0
0
0
0
0
0
0
0
0
0
0
0
0.0535397
0.0535397
0.0535397
0.0535397
0.0535397
0.0535397
0
0.05702
0.05702
0
0.05702
0.05702
0
0
0
0
0
0.0433555
0.0546009
0.222027
0.054741
0
0
0
0.0546009
0.0516201
0.0525588
0.054741
0.0496816
0.0497783
0.0562036
0.0512219
0.0512219
0.0521286
0.0521286
0
0
0
0
0.0498932
0
0.0498932
0.0498932
0.0498932
0
0
0
0.0436436
0.045569
0.0455488
0.0480569
0.043608
0.054153
0.0521286
0
0
0.0504067
0.0529362
0.0521286
0.0577625
0.0563692
0.0563692
0.0479779
0
0
0
0.0482163
0
0
0
0
0
0
0
0
0.0506834
0
0
0
0
0
0
0
0
0
0
0
0
0
0
0
0
0
0
0
0
0
0
0
0
0
0.0482163
0
0
0
0
0
0
0
0
0
0
0.0516201
0.0516299
0
0
0
0
0
0
0
0
0
0
0
0.0506834
0.0506834
0
0
0.106774
0.106774
0
0
0
0
0
0
0
0
0
0
0
0
0
0.0436555
0
0
0.0433613
0.0433613
0
0
0.0516201
0.0518177
0.057073
0
0
0
0
0
0
0
0
0
0
0
0
0
0
0
0
0
0
0
0
0
0
0
0
0
0
0
0.0524348
0
0
0
0
0
0
0
0
0.0314281
0.0314281
0.0314281
0.0314281
0.0314281
0.0343372
0.0343372
0.0343372
0.0343372
0.0343372
0.0343372
0.0343372
0.0343372
0.0343372
0.0343372
0.0343894
0.0343894
0.0343894
0.0343894
0.0343894
0.0343894
0.0343894
0.0343894
0.0343894
0.0343894
0.0343894
0.0343894
0.0343894
0.0343894
0.0343894
0
0
0
0
0
0
0
0
0
0
0
0
0
0
0
0
0
0
0
0
0
0
0
0
0
0
0
0
0
0
0
0
0
0
0
0
0
0
0
0
0
0
0.0486299
0.0486299
0.0486299
0.0486299
0.0486299
0.0532139
0.0532139
0.0532139
0
0
0
0
0
0
0
0
0
0
0
0
0
0
0
0
0
0
0
0
0
0
0
0
0
0
0
0
0
0
0
0
0
0
0
0
0
0
0
0
0
0
0
0
0
0
0
0
0
0
0
0
0
0
0
0
0.0315485
0.0490122
0
0.0314681
0
0
0.0342594
0.0315328
0.0317638
0.031598
0
0
0
0
0
0
0
0
0
0
0
0
0
0
0
0
0
0
0
0
0
0
0
0
0
0.045897
0.045897
0.045897
0.045897
0.045897
0.045897
0.0474961
0.045897
0.0315194
0.0315194
0.0315194
0.0315194
0.0315194
0.0315239
0.0315239
0.031616
0.031616
0.031616
0
0
0
0
0
0
0
0
0
0
0
0
0
0
0
0
0
0
0
0
0
0
0
0
0
0
0
0
0
0
0
0
0
0
0
0
0
0
0
0
0
0
0
0
0
0
0
0
0
0
0
0
0
0
0
0
0
0
0
0
0
0
0
0
0
0
0
0
0
0
0
0
0
0
0
0
0
0
0.0315889
0.0315889
0.0316477
0.0315889
0.031693
0.031693
0.031693
0.0314993
0.0314993
0.0316794
0.0314993
0.0314993
0.0314993
0.0316477
0.0316794
0.0316635
0.0316635
0.0316953
0.0316635
0.0316092
0.0316092
0.0316296
0.0316386
0.032604
0.0325054
0.0325054
0.0327035
0.0337374
0
0
0
0
0.0316386
0.0316386
0.0316386
0.0316386
0.0315395
0.0315395
0.0315239
0.0315239
0.0315239
0.0315239
0.0316386
0.0315239
0
0
0
0
0
0
0
0
0
0
0
0
0
0
0
0
0
0
0
0
0
0
0
0
0
0
0
0
0
0
0
0
0
0
0
0
0
0
0
0
0
0
0
0
0
0
0
0
0
0
0
0
0
0
0
0
0
0
0
0
0
0
0
0
0
0
0
0
0
0
0
0
0
0
0
0
0
0
0.0316635
0.0316635
0
0
0.031659
0.031659
0.031659
0.0316409
0.0316409
0.0316341
0.0500179
0.0500179
0
0.0485643
0.0485643
0.031693
0.0316908
0
0
0
0
0
0
0
0
0.0316908
0.0316908
0.0316908
0.0316908
0.0316908
0.031693
0.031693
0
0
0
0
0
0
0
0.0316908
0.0411793
0.0316908
0
0.0316908
0.031693
0.031693
0.031693
0.0316908
0.0316908
0.0334664
0.0431016
0.0462957
0.0444743
0.0571529
0
0.0319066
0
0
0
0
0
0
0.0337484
0.0350285
0.0318997
0.0318997
0.0319206
0.0318997
0.0419696
0.0419696
0.0419696
0
0
0
0
0
0
0
0
0
0
0
0
0
0
0
0
0
0
0
0
0
0
0
0
0
0
0
0
0
0
0
0
0
0
0
0
0
0
0
0
0
0
0
0
0
0
0
0
0
0
0
0
0
0
0
0
0
0
0
0.0394537
0.0395461
0.0395461
0.0416409
0.0419117
0.0419117
0
0.0419327
0.0940721
0.145204
0
0.0453409
0.0466833
0.148134
0.0496729
0.0469249
0.0817275
0
0.083666
0.153264
0
0
0
0
0
0
0
0
0
0
0
0
0
0
0
0
0
0
0
0
0
0
0
0
0
0
0
0
0
0
0
0
0
0
0
0
0
0
0
0
0
0
0
0
0
0
0
0
0
0
0
0
0
0
0
0
0
0
0
0
0
0
0
0
0
0
0
0
0
0
0
0
0
0
0
0
0
0
0
0
0
0
0
0.0466615
0.0337979
0.0337979
0.031693
0.0316409
0.0432511
0.0432511
0
0
0
0.0338007
0.0338007
0.0540174
0.0338007
0.0338007
0.0541644
0.0316409
0.0316409
0.0454881
0
0
0
0
0
0
0
0
0
0
0
0
0
0
0
0
0
0
0
0
0
0
0
0
0
0
0
0
0.0347945
0
0.032676
0
0.0344564
0
0.0377311
0
0
0
0
0.0497431
0
0
0
0
0.0362806
0
0.043373
0.0318557
0
0.0379205
0.033453
0
0
0
0.0497431
0
0
0
0.0323471
0
0.0431819
0
0
0
0.0316953
0
0.0365497
0
0.0438168
0.031598
0
0.0348065
0
0
0.0464095
0
0
0.0437928
0
0.0325128
0
0
0
0.0433555
0.0433555
0.0433555
0.0433555
0.0433555
0.0433555
0
0
0
0
0
0
0
0
0
0
0
0
0
0
0
0
0
0
0
0
0
0
0
0.0316115
0.0316115
0.0316115
0.0334771
0.0317432
0.0584777
0.0584777
0.0584777
0.0584777
0
0.0315328
0.0315328
0
0.0315328
0.0315328
0.0490038
0.0490038
0
0.0490038
0.0490038
0.0317752
0
0
0
0
0
0
0
0
0
0
0
0
0
0
0
0
0
0
0
0
0
0
0
0
0.0338007
0.0338007
0.0338007
0.0338007
0.0338007
0.0338007
0.0338007
0.0338007
0.0338007
0.0314436
0.0314436
0.0338007
0
0
0
0
0
0.0338007
0.0338007
0.0338007
0.0338007
0
0
0
0
0
0
0
0
0
0
0
0
0
0.157274
0.159836
0.0338007
0.0338007
0
0.0338007
0.0527465
0.0527465
0.0527465
0.0527465
0
0.0527465
0.0527465
0.0527465
0.0527465
0.0529468
0
0.0533652
0.0533652
0.0533652
0.0533652
0
0.0533652
0.0533652
0.0533652
0.0533652
0.0535178
0.183892
0.0338007
0
0.0338007
0.0338007
0.0484096
0
0
0.0521691
0.0522199
0
0.0338007
0.0338007
0.0338007
0.0338007
0
0.0535946
0.0537049
0
0.0338007
0.0338007
0.0338007
0.0338007
0.0338007
0
0.0338007
0.0338007
0
0
0.129408
0.0561656
0.0338007
0
0
0
0
0
0
0
0
0.0535836
0.0556415
0
0.0338007
0.0574756
0
0.0338007
0.0341821
0.0338007
0.0338007
0.0338007
0.0515417
0
0.0515417
0
0.0515417
0
0.0338007
0
0.0338007
0.0567178
0.0338007
0
0.0338007
0.0338007
0.0338007
0
0.0338007
0
0.0338007
0.0567048
0.0338007
0
0
0.0338007
0
0
0
0
0
0
0
0
0
0
0
0.0525588
0
0.0338007
0.0525277
0.0525277
0.0525277
0.0526004
0
0
0
0
0
0
0
0
0
0
0
0
0
0
0
0
0
0
0
0
0
0
0
0
0
0
0
0
0
0
0
0
0
0
0
0
0
0
0
0
0
0
0
0
0
0
0
0
0
0
0
0
0
0
0
0
0
0
0
0
0
0
0
0
0
0
0
0
0
0
0
0
0
0
0
0
0
0
0
0
0
0
0
0
0
0
0
0
0
0
0
0
0
0
0
0
0
0
0
0
0
0
0
0
0
0
0
0
0
0
0
0
0.0499911
0.0338007
0.0338007
0
0.0338007
0
0.0338007
0.051689
0.0338007
0.0523015
0.0523015
0.0523015
0
0.0524142
0.0530852
0.0338007
0.0338007
0.0338007
0.0338007
0.0338007
0.0338007
0.0338007
0.0338007
0.0338007
0.0338007
0.0338007
0
0.0338007
0
0.0338007
0
0.0338007
0.0338007
0.0338007
0.0505629
0.0505629
0
0.0505629
0.0505629
0.0505629
0.0505629
0.0505629
0.0505629
0.0505629
0.0505629
0
0
0
0
0.0505629
0
0.0338007
0
0
0
0.031693
0
0
0
0
0
0
0
0
0
0
0
0
0
0
0
0
0
0
0
0
0
0
0
0
0
0
0
0
0
0
0
0
0
0
0
0
0
0
0
0
0
0.0444743
0.0444743
0.0444743
0.0444743
0.0444743
0.0444743
0.0444743
0.0444743
0
0.0444743
0.0444743
0
0.0444743
0.0444743
0
0
0
0
0
0
0
0
0
0
0
0
0.0338007
0.0338007
0.0338007
0.0338007
0.0338007
0.0338007
0.0338007
0.0338007
0.0338007
0.0338007
0.0338007
0.0338007
0.0338007
0.0338007
0.0338007
0.0338007
0.0338007
0.0338007
0.0338007
0.0338007
0
0
0.0495334
0.0537382
0.0338007
0.0338007
0.0338007
0.0338007
0.0338007
0.0338007
0.0338007
0.0338007
0.0338007
0.0338007
0.0338007
0.0338007
0.0338007
0.0338007
0.0338007
0.0338007
0.0338007
0.0338007
0.0338007
0.0338007
0.0338007
0.0338007
0.0338007
0.0338007
0.0338007
0.0338007
0.0338007
0.0338007
0.0338007
0.0338007
0.0338007
0.0338007
0.0338007
0.0338007
0.0338007
0.0338007
0.0338007
0.0338007
0.0338007
0.0338007
0.0338007
0.0338007
0.0338007
0.0338007
0.0338007
0.0338007
0.0338007
0.0338007
0.0338007
0.0338007
0.0338007
0.0338007
0.0338007
0.0338007
0.0338007
0.0338007
0.0338007
0.0338007
0.0338007
0.0338007
0.0338007
0.0338007
0.0338007
0.0338007
0.0338007
0.0338007
0.0338007
0.0338007
0.0338007
0.0338007
0.0338007
0.0338007
0.0338007
0.0338007
0.0338007
0.0338007
0.0338007
0.0338007
0.0338007
0.0338007
0.0338007
0.0338007
0.0338007
0.0338007
0.0338007
0.0338007
0.0338007
0.0338007
0.0338007
0.0338007
0.0338007
0.0338007
0.0338007
0.0338007
0.0338007
0.0338007
0.0338007
0.0338007
0.0338007
0.0338007
0.0338007
0.0338007
0.0338007
0.0338007
0.0338007
0.0338007
0.0338007
0.0338007
0.0338007
0.0338007
0.0338007
0.0338007
0.0338007
0.0338007
0.0338007
0.0338007
0.0338007
0.0338007
0.0338007
0.0338007
0.0338007
0.0338007
0.0338007
0.0338007
0.0338007
0.0338007
0.0338007
0.0338007
0.0338007
0.0338007
0.0338007
0.0338007
0.0338007
0.0338007
0.0338007
0.0338007
0.0338007
0.0338007
0.0338007
0.0338007
0.0338007
0.0338007
0.0338007
0.0338007
0.0338007
0.0338007
0.0338007
0.0338007
0.0338007
0.0338007
0.0338007
0.0338007
0.0338007
0.0338007
0.0338007
0.0338007
0.0338007
0.0338007
0.0338007
0.0338007
0.0338007
0.0338007
0.0338007
0.0338007
0.0338007
0.0338007
0.0338007
0.0338007
0.0338007
0.0338007
0
0
0.0338007
0.0338007
0.0338007
0.0338007
0.0338007
0.0338007
0.0338007
0.0338007
0.0338007
0.0338007
0.0338007
0.0338007
0.0338007
0.0338007
0.0338007
0.0338007
0.0338007
0.0338007
0.0338007
0
0.0542212
0
0
0
0.0338007
0
0
0
0
0
0
0
0
0
0
0
0.14676
0
0.148134
0
0
0
0
0
0
0
0
0.344447
0
0
0
0
0
0
0
0
0
0
0
0
0
0
0
0
0
0
0
0
0
0
0
0
0
0
0
0
0
0
0
0
0
0
0
0.052736
0
0.052736
0.052736
0
0
0
0
0
0
0
0.0496554
0.0496554
0.0570996
0.0496554
0.0338007
0.0338007
0.0338007
0.0518875
0.0518875
0.0518875
0.052404
0.0518875
0.052404
0.052404
0
0
0.0519074
0.0519074
0
0
0
0.0519074
0
0
0
0.0505629
0
0
0.0505629
0.0505629
0.0505629
0.0505629
0.0505629
0
0
0
0
0.0505629
0.0338007
0.0338007
0.0571395
0.0535946
0.057073
0.0537382
0.0344594
0
0.0338007
0.0338007
0.0338007
0.0338007
0.0495074
0.0495074
0.0495074
0.0495074
0
0.0338007
0.0338007
0
0
0
0.0338007
0.0338007
0
0
0
0
0
0
0
0.0338007
0.0338007
0.0338007
0.0338007
0.0338007
0.0338007
0.0338007
0.0338007
0.0338007
0.0338007
0.0338007
0.0338007
0.0338007
0
0
0
0.0338007
0.0338007
0
0
0
0
0
0
0
0
0
0
0
0
0
0
0
0
0
0
0
0.0532678
0
0
0
0
0
0
0
0.057073
0.0338007
0.0338007
0.0338007
0.057233
0
0
0
0
0
0
0
0
0
0
0
0
0
0
0.0517681
0
0
0
0
0
0
0
0.0517681
0.0573809
0.0550006
0
0
0
0
0.056888
0.0576254
0.0565879
0
0.0570863
0.0570863
0.0570863
0.0570863
0.0570863
0
0
0.0518875
0.0518875
0.0536056
0.0536056
0.0536056
0.0572598
0.0572598
0
0.0572598
0.0572598
0.0572598
0
0.0572598
0.0572598
0.0572598
0.0572598
0.0536056
0.0536276
0
0
0
0
0
0
0
0
0
0
0
0
0
0
0
0
0
0
0
0
0
0
0
0
0
0
0
0
0
0.0573809
0.0573809
0.0573809
0.0573809
0.0573809
0.0573809
0.0573809
0.0573809
0.0573809
0.0573809
0
0.0573809
0.0573809
0.0573809
0
0.0573809
0
0.0573809
0.0573809
0.0567048
0.0567048
0.0567831
0.0567831
0.0567048
0.0501345
0.0501345
0
0
0
0
0
0
0
0
0
0
0
0
0
0
0
0
0
0
0
0
0
0
0
0
0
0.033453
0.033453
0
0
0
0
0
0
0
0
0
0
0
0
0
0
0
0.0425904
0.0425904
0
0
0
0
0
0
0
0
0
0
0
0
0
0
0
0
0
0
0
0
0
0
0
0
0
0
0
0
0
0
0
0
0
0
0
0
0
0
0
0
0
0
0
0
0
0
0
0
0
0
0
0
0
0
0
0
0
0
0
0
0
0
0
0
0
0
0
0
0
0
0
0
0
0
0
0
0
0
0
0
0
0
0
0
0
0
0
0
0
0
0
0
0
0
0
0
0
0
0
0
0
0
0
0
0
0
0
0
0
0
0
0
0
0
0
0
0
0
0
0
0
0
0
0
0
0
0
0
0
0
0
0
0
0
0
0
0
0
0
0
0
0
0
0
0
0
0
0
0
0
0
0
0
0
0
0
0
0
0
0
0
0
0
0
0
0.0338007
0.0338007
0
0.0338007
0
0
0
0
0
0
0
0
0
0.0338007
0.0338007
0.0338007
0.0338007
0
0
0
0
0
0
0
0
0
0
0
0
0
0
0
0
0
0
0
0.0338007
0.0338007
0.0338007
0.0338007
0.0338007
0.0338007
0.0338007
0.0338007
0.0338007
0.0338007
0.0338007
0.0338007
0.0338007
0.0338007
0.0338007
0
0
0
0
0
0
0
0
0
0
0.0571129
0.0338007
0.0338007
0.0551198
0.0528516
0
0.0528516
0
0.0528516
0.0528516
0
0
0.0528516
0.0534632
0
0.0534632
0
0.0534632
0.0534632
0
0
0.0534632
0
0
0
0
0.0338007
0
0
0
0
0
0
0
0.0534632
0.0534632
0.0534632
0
0.0501795
0
0
0
0
0
0
0
0
0
0
0
0
0
0
0.0542098
0.0589548
0.0338007
0.052915
0.0530425
0.0530425
0
0
0
0
0
0
0.0338007
0.0338007
0.0338007
0
0.0338007
0.0338007
0.0338007
0.0338007
0.0338007
0.0338007
0.0338007
0.0338007
0
0
0.0338007
0
0.0338007
0
0.0338007
0.0338007
0.0338007
0.0338007
0.0338007
0.0338007
0
0.0338007
0.0338007
0.0338007
0.0338007
0.0338007
0
0
0
0
0.0338007
0
0.0338007
0.0536828
0.0536828
0
0
0.0536828
0
0
0
0
0
0
0
0
0
0.0532139
0.0532139
0.0532139
0.0533543
0
0
0
0
0
0
0
0
0
0
0
0
0
0
0
0
0
0
0
0
0
0.0338007
0
0
0
0
0
0
0
0
0.0544619
0.054485
0.054485
0.054485
0
0.054485
0
0
0
0.0544619
0
0
0
0
0
0
0
0
0
0
0
0
0
0
0
0
0
0
0
0
0
0
0
0
0
0
0
0
0
0
0
0
0
0
0
0
0
0
0
0
0
0
0
0
0
0
0
0
0
0
0
0
0
0
0
0
0
0
0
0
0
0
0
0
0
0
0
0
0
0
0
0.0338007
0.0338007
0.0338007
0.0338007
0.0338007
0
0
0
0
0
0
0
0
0
0
0
0
0
0
0
0
0
0
0.0567178
0
0
0
0.0582364
0
0
0
0.0582929
0
0.0582929
0.0546592
0.0574485
0
0
0
0
0
0
0
0
0
0
0
0
0
0
0
0
0
0
0
0
0
0
0
0
0
0
0
0
0
0
0
0
0
0
0
0
0
0
0
0
0.0532031
0
0.0537714
0.0584491
0.0584491
0
0.0584491
0
0.0584491
0.0584491
0.0538717
0.058492
0
0.0338007
0.0338007
0.0338007
0.0338007
0.0338007
0.0503884
0.0569407
0.0574485
0.0574485
0.0574485
0.0574485
0.0574485
0.0338007
0.0338007
0.0338007
0.0338007
0
0
0
0
0
0
0
0
0
0
0
0
0.0338007
0.0505629
0.0505629
0.0505629
0.0505629
0.0505629
0.0505629
0.0505629
0.0505629
0.0505629
0.0505629
0.0505629
0.0505629
0
0
0
0
0.0505629
0
0.0505629
0.0505629
0.0505629
0.0505629
0
0
0
0
0
0
0
0
0
0
0
0
0
0
0
0
0
0
0
0
0
0
0
0
0
0
0
0
0
0.056575
0.0338007
0.0338007
0.0338007
0.0338007
0.0338007
0.0338007
0.0338007
0.0338007
0.0338007
0.0338007
0.0338007
0.0338007
0.0338007
0.0344623
0.034515
0
0.034515
0.034515
0.034515
0
0.0553122
0.0553122
0
0.0553122
0.0553122
0.0553122
0.0553122
0
0
0
0
0
0
0
0
0
0
0
0
0
0
0
0
0
0
0
0
0
0
0
0
0
0
0
0
0
0
0
0
0
0
0
0
0
0
0
0
0
0
0
0
0.0338007
0.0338007
0
0.034518
0.0338007
0.0338007
0.0338007
0.0338007
0.0338007
0.0338007
0.0342164
0.0342164
0.0556046
0.0338007
0.0338007
0
0.0338007
0.0535178
0.0338007
0.0574079
0.0338007
0.0338007
0.0338007
0
0
0
0
0.0338007
0
0
0
0
0
0.0338007
0
0.0338007
0.0338007
0.0338007
0.0338007
0
0.0338007
0.0338007
0.0338007
0.0338007
0.0338007
0.0338007
0.0338007
0.0338007
0
0.0338007
0.0505629
0.0505629
0.0505629
0.0505629
0.0505629
0.0505629
0.0505629
0.0505629
0
0
0
0
0
0
0
0
0
0
0
0
0
0
0
0
0
0
0
0.0338007
0.0338007
0.0338007
0.0338007
0.0338007
0.0338007
0
0
0
0.0513569
0.0345121
0
0
0.0516299
0.0509175
0.0509175
0
0
0
0
0
0
0
0
0
0
0
0
0
0
0
0
0
0
0
0
0.0314458
0
0
0
0
0
0
0
0.0345209
0.0345209
0.0345209
0
0
0
0
0
0
0
0
0
0
0
0
0
0.0541985
0.0541985
0
0.0528939
0.0520882
0.0520882
0
0
0
0
0
0.0526942
0.0514734
0.0345121
0.0551557
0.0534522
0.0534522
0.0531387
0.0531387
0.034515
0
0
0.0583212
0
0
0
0
0
0
0
0.0347314
0.0347314
0.0347314
0
0.0347314
0.0349886
0.0347314
0.0347464
0
0.0338007
0.0338007
0.0338007
0.0338007
0.0338007
0
0
0
0
0.0524761
0.0338007
0.0523526
0.0338007
0
0
0
0.0504617
0.0338007
0
0
0
0
0.0338007
0.0338007
0.0338007
0.0338007
0.0338007
0.0338007
0.0338007
0.0584634
0
0.0584634
0.0584634
0
0.0585636
0.0585636
0.0585636
0.058809
0.058809
0.058809
0.058809
0
0.0588381
0.0588381
0.0588381
0.0588381
0.0588381
0.0593093
0.0593093
0
0.0588381
0.0592349
0.0588381
0
0.0588381
0.0592349
0.0592349
0.0588381
0.0585923
0
0.0585923
0.0572867
0.0572867
0.0572867
0.0574214
0.0574214
0.0574214
0.0574214
0
0
0
0.0575163
0
0.0575163
0
0.0575435
0.0575435
0.0575435
0.0574079
0.0568355
0
0.0573001
0.0546592
0.0546592
0.0546592
0.0546592
0
0.0546592
0.0546592
0.0546592
0.0551557
0.0551557
0.0551557
0.0551557
0.0551557
0.0546592
0
0
0
0
0
0
0.0505629
0.0505629
0.0505629
0.0505629
0.0505629
0.0505629
0
0
0
0
0
0
0
0
0.0566268
0.0566788
0.0566788
0.0566788
0.0567831
0.0567831
0
0.0566788
0
0
0.0338007
0.0338007
0.0338007
0.0338007
0.0338007
0.0338007
0.0338007
0.0338007
0.0345444
0.0345444
0
0.0345444
0.0338007
0.0338007
0
0
0.0559267
0
0
0
0
0
0
0.0338007
0.0338007
0.0338007
0
0
0.0338007
0.0338007
0.0338007
0.0338007
0.0338007
0.0338007
0
0
0.0338007
0.0338007
0.0338007
0.0338007
0.0338007
0.0338007
0.0338007
0.0338007
0.0338007
0.0338007
0.057233
0.057233
0.0338007
0.0338007
0.0585492
0.0338007
0.0570863
0.0571795
0
0.0572598
0.0571795
0.0533327
0.057233
0
0.0338007
0.0338007
0.052404
0
0
0
0.0524245
0.0338007
0.0338007
0.057233
0.057233
0.0338007
0.0338007
0.0338007
0.0338007
0.0338007
0.0338007
0.0338007
0.0338007
0.0338007
0.0338007
0.0338007
0.0338007
0.0350654
0.0350654
0.0350654
0
0
0
0
0
0
0
0.0338007
0.0338007
0.0338007
0.0338007
0.0338007
0.0338007
0.0338007
0
0
0.057233
0.057233
0
0.057233
0
0
0
0
0
0
0
0.0560395
0.0560395
0
0
0
0
0
0
0.0338007
0.0572464
0.0573944
0
0.0338007
0.0338007
0.0338007
0.0338007
0.0338007
0.0338007
0.0338007
0.0338007
0.0574485
0.0570465
0
0
0
0.0338007
0.052736
0
0.0505629
0.0505629
0.0542897
0.0551557
0.0551557
0.0530852
0.0530852
0.0338007
0.0338007
0.0338007
0.0338007
0.0338007
0
0
0.0338007
0.0338007
0
0
0.0338007
0.0338007
0.0338007
0.0338007
0.0338007
0.0338007
0.0338007
0.0338007
0
0.0338007
0.0338007
0.0338007
0.0503975
0
0.050702
0.050702
0.0504617
0
0.0507673
0.0507673
0.0507673
0
0.0513569
0.0524967
0.0515809
0.0515809
0.0520277
0.0520277
0
0.0517483
0
0
0
0
0
0.0517483
0.0345121
0.0583212
0.0583212
0
0.0583212
0.0583212
0.0583212
0
0
0.0551557
0.0581519
0.0581519
0.0581519
0.0581519
0.0581519
0.0581519
0.0581519
0
0
0
0.0581519
0
0.034515
0.034515
0
0.034515
0.034515
0.0505629
0.0338007
0.0338007
0.0338007
0.0338007
0.052968
0.052968
0
0
0.052968
0.052968
0.0509269
0.0509269
0.0509269
0.0509269
0.0509269
0.0509269
0.0509269
0
0
0
0
0
0
0
0
0
0
0
0
0
0
0
0.18524
0.18524
0.18524
0
0.18524
0.18524
0.270031
0
0
0
0
0.18524
0
0
0
0
0
0.138866
0.138866
0.138866
0.138866
0.138866
0.0540062
0.0540062
0.0540062
0.0540062
0.0540062
0
0
0
0
0
0
0
0
0
0
0
0
0
0
0.0515711
0.0515711
0
0.0515809
0.0515809
0
0
0
0
0
0.192961
0.192961
0
0.193996
0.195047
0
0
0
0
0
0
0
0
0
0
0
0
0
0
0
0
0
0
0
0
0
0
0
0
0
0
0
0
0
0
0
0
0
0
0
0
0
0
0
0
0
0
0
0.0505722
0
0
0
0
0
0
0
0
0
0
0
0
0
0
0
0
0
0
0
0
0
0
0
0
0
0
0
0
0
0.117851
0
0.127887
0
0.127887
0.127887
0.146087
0
0
0
0
0
0
0
0
0
0
0
0
0
0
0
0
0
0
0
0
0
0
0
0
0
0
0
0
0
0
0
0
0
0
0
0
0
0
0
0
0
0
0
0
0
0
0.0509269
0.0509269
0.0509269
0.0509269
0.0509269
0.0509269
0
0
0
0
0
0
0
0
0
0
0
0
0
0
0
0
0
0
0
0
0
0
0
0
0
0
0
0
0
0
0
0
0
0
0
0.0338007
0.0338007
0.0338007
0.0338007
0.0338007
0.0338007
0.0338007
0.0338007
0.0338007
0.0338007
0.0338007
0.0338007
0.0338007
0.0338007
0.0338007
0.0338007
0.0338007
0.0338007
0.0338007
0.0338007
0.0338007
0.0338007
0.0338007
0.0338007
0.0338007
0.0338007
0.0338007
0.0338007
0.0338007
0.0338007
0.0338007
0.0338007
0.0338007
0.0338007
0.0338007
0.0338007
0.0338007
0.0338007
0.0338007
0.0338007
0.0338007
0.0338007
0.0338007
0.0338007
0.0338007
0.0338007
0.0338007
0.0338007
0.0338007
0.0338007
0.0338007
0.0338007
0.0338007
0.0338007
0.0338007
0.0338007
0.0338007
0.0338007
0.0338007
0
0
0
0
0
0
0
0
0
0
0
0
0
0
0
0
0
0
0
0
0
0
0
0
0
0
0
0
0
0
0
0
0
0
0
0
0
0
0
0
0
0
0
0
0
0
0
0
0
0
0
0
0
0
0
0
0
0
0
0
0
0
0
0
0
0
0
0
0
0
0
0
0
0.0573809
0.0573809
0.0573809
0.0573809
0.0573809
0.0573809
0.0573809
0
0.0573809
0.0573809
0
0.0573809
0.0573809
0.0573809
0
0
0
0
0
0
0
0
0
0
0.0573809
0.0573809
0
0.0573809
0
0
0
0
0
0
0
0
0
0
0
0
0
0
0
0
0
0
0
0
0
0
0
0
0
0
0
0
0.0574079
0.057435
0
0.0574485
0
0.0574485
0.057462
0
0.0574079
0.0574079
0
0.0574079
0.0574079
0.0574079
0.0574756
0
0
0
0.0574079
0.0574079
0.057233
0.057233
0.057233
0.057233
0.057233
0.057233
0.057233
0.057233
0.057233
0
0
0
0
0
0
0
0
0
0
0
0
0
0
0
0
0
0
0
0
0
0
0
0
0
0
0
0
0.057233
0.0572464
0
0.0338007
0.0338007
0.0338007
0.0338007
0.0338007
0
0.0566009
0
0.0338007
0.0338007
0.0563308
0.0338007
0.0338007
0
0
0
0
0
0
0.0564461
0
0.0568093
0.0564204
0
0
0
0
0
0
0
0
0.0565104
0
0
0
0.0571662
0.0564718
0.0564204
0
0
0
0
0
0.0572063
0
0
0
0
0
0
0
0
0
0
0
0
0
0
0
0
0.0563948
0.0563948
0
0
0
0
0
0
0
0
0
0
0.0565362
0
0.0563692
0.0338007
0.0338007
0.0338007
0.0567831
0
0.057073
0.0573001
0.0571529
0
0.0314436
0
0
0
0
0
0
0
0
0
0
0
0
0
0
0
0
0
0
0
0
0
0
0
0
0
0
0
0
0
0
0
0
0
0
0
0
0
0
0
0
0
0
0
0
0
0
0
0
0
0
0.0338007
0.0338007
0.0338007
0
0
0
0
0
0.058621
0
0.058809
0
0.0589256
0.0589256
0.0589256
0.0589256
0
0.0589256
0.0589256
0.0589256
0
0.0589256
0.0589256
0.0590281
0.0590281
0.0590281
0
0.0590281
0
0.0590281
0.0592795
0
0.0590281
0.0589256
0
0
0
0
0
0.0592944
0.0589256
0
0
0
0
0
0
0
0
0
0
0
0
0
0
0
0
0.0590134
0
0.0591017
0
0
0
0
0
0
0
0
0
0
0
0
0
0
0
0
0
0
0.0587945
0.058621
0.0338007
0.0338007
0
0
0
0
0
0
0
0
0
0
0
0
0.0338007
0.0338007
0
0
0.0338007
0.0338007
0.0505629
0
0
0.0338007
0.0338007
0.174836
0
0
0
0
0.0537937
0
0
0
0
0
0
0
0
0.0338007
0.0338007
0
0
0.0338007
0.0338007
0
0
0
0
0
0
0
0
0
0
0
0.0338007
0.0338007
0
0.0587365
0.0578315
0.0338007
0.0338007
0
0
0
0
0
0
0
0
0
0
0.0338007
0.0338007
0
0
0
0.0338007
0.0338007
0.0338007
0.0501165
0
0
0
0
0
0
0
0.0338007
0.0588235
0
0
0
0
0.0567048
0
0
0
0
0.0505629
0.0338007
0.0338007
0
0
0
0
0
0
0
0
0
0
0.0338007
0.0338007
0
0
0.0338007
0.0338007
0.0338007
0
0
0
0
0
0
0
0
0
0
0.0505629
0.0338007
0.0338007
0
0
0
0
0
0
0
0.0338007
0.0338007
0.0338007
0.0338007
0.0546126
0
0
0
0
0
0
0
0
0
0
0
0
0
0
0
0
0
0
0
0
0
0
0
0
0
0
0
0
0
0
0
0
0
0
0
0
0
0
0
0
0
0
0
0
0
0
0
0
0
0
0
0
0
0
0
0
0
0
0
0
0
0
0
0
0
0
0
0
0
0
0
0
0
0
0
0
0
0
0
0
0
0
0
0
0
0
0
0
0
0
0
0
0
0
0
0
0
0
0
0
0
0
0
0
0
0
0
0
0
0
0
0
0
0
0
0
0
0
0
0
0
0
0
0.0338007
0.0338007
0.0338007
0.0338007
0.0338007
0
0.0338007
0.0338007
0.0338007
0.0338007
0
0.0338007
0.0338007
0.0338007
0.0338007
0
0.0338007
0.0338007
0.0338007
0.0338007
0.0592497
0.0592497
0.0592497
0.0592497
0
0
0
0
0.0338007
0.0338007
0.0338007
0.0338007
0.0338007
0.0338007
0.0338007
0.0338007
0.0338007
0.0338007
0.0338007
0.0338007
0.0338007
0.0338007
0.0338007
0.0338007
0.0338007
0.0338007
0.0338007
0.0338007
0.0338007
0.0509175
0.0509175
0
0.0509269
0.0338007
0.0534522
0.0338007
0.0338007
0.0338007
0.0338007
0
0.0338007
0.0338007
0.056382
0.056382
0.056382
0.056382
0.056382
0.0338007
0
0.0338007
0
0
0
0
0
0.0338007
0.0338007
0.0338007
0.0338007
0.0338007
0.0338007
0.0566139
0
0.0338007
0
0
0
0
0
0
0
0
0
0
0
0
0
0
0
0.0338007
0.0347374
0.0338007
0.0573674
0.0338007
0.0573674
0.0573674
0
0.0573809
0
0
0.0338007
0.0338007
0.0338007
0.0338007
0.0338007
0.0338007
0.0338007
0.0338007
0
0.0338007
0.0338007
0
0.0338007
0
0
0
0.0338007
0.0338007
0
0.0338007
0.0338007
0.0530105
0.0530318
0
0.0338007
0.0338007
0.0338007
0.0338007
0.0338007
0.0338007
0.0338007
0.0338007
0.0338007
0
0
0.0664351
0.0664351
0.0664351
0.0664351
0.0664351
0
0
0
0
0
0
0
0
0
0
0
0
0
0.0573809
0.0573809
0.0573809
0.0573809
0.0573809
0.0573809
0.0573809
0.0573809
0.0573809
0.0573809
0.0573809
0.0573809
0
0
0.0573809
0.0573809
0
0.0573809
0.0573809
0.0573809
0
0.0573809
0.0314436
0
0
0.0338007
0.0338007
0.0338007
0.0338007
0.0338007
0.0338007
0.0338007
0.0338007
0.0338007
0.0338007
0.0338007
0.0338007
0.0513182
0.0513182
0.0513182
0.0513182
0
0
0.0338007
0.0338007
0.0338007
0.0338007
0.0513182
0.0513182
0.0513182
0
0
0
0.0512604
0.0512604
0.0513086
0.0513086
0
0
0
0
0.0338007
0.0338007
0
0
0
0
0
0
0
0
0
0.0338007
0.0338007
0.0338007
0.0338007
0.0338007
0.0573001
0
0
0
0
0
0
0
0.0573944
0
0
0
0
0
0.0338007
0
0
0
0
0
0
0
0
0
0
0
0
0
0
0
0
0
0.0501165
0.0501165
0.0501165
0.0501165
0.0501165
0.0501165
0.0501165
0.0501165
0.0501165
0.0501165
0.0501165
0.0501165
0.0501165
0.0501165
0.0501165
0.0501165
0.0501165
0.0315239
0.0315239
0.0315239
0.0337374
0
0
0.0316953
0.0314993
0.0314993
0.0314993
0.0314993
0.0316092
0.0316115
0
0
0
0
0
0
0
0
0.0316386
0.0316386
0.0316386
0
0.0316386
0
0
0
0
0
0
0
0
0
0.031417
0.031417
0.031417
0.031417
0
0
0
0.0314569
0
0.0314569
0.0314569
0.0314569
0.0314569
0
0
0.0314569
0
0
0
0
0
0
0
0
0
0
0
0
0
0
0
0
0
0
0
0
0
0
0
0
0
0
0
0
0
0
0
0
0
0
0
0
0
0
0
0
0
0
0
0
0
0
0
0
0
0
0
0
0
0
0
0
0
0
0
0
0
0
0
0
0
0
0
0
0
0
0
0
0
0
0
0
0
0
0
0
0
0
0
0
0
0
0
0
0
0
0
0
0
0
0
0
0
0
0
0
0
0
0
0
0
0
0
0
0
0
0
0
0
0
0
0
0
0
0
0
0
0
0
0
0
0
0
0
0
0
0
0
0
0
0
0
0
0
0
0
0
0
0
0
0
0
0
0
0
0
0
0
0
0
0
0
0
0
0
0
0
0
0
0
0
0
0
0
0
0
0
0
0
0
0
0
0
0
0
0
0
0
0
0
0
0
0
0
0
0
0
0
0
0
0
0
0
0
0
0
0
0
0
0
0
0
0
0
0
0
0
0
0
0
0
0
0
0
0
0
0
0
0
0
0
0
0
0
0
0
0
0
0
0
0
0
0
0
0
0
0
0
0
0
0
0
0
0
0
0
0
0
0
0
0
0
0
0
0
0
0
0
0
0
0
0
0
0
0
0
0
0
0
0
0
0
0
0
0
0
0
0
0
0
0
0
0
0
0
0
0
0
0
0
0
0
0
0
0
0
0
0
0
0
0
0
0
0
0
0
0
0
0
0
0
0
0
0
0
0
0
0
0
0
0
0
0
0
0
0
0
0
0
0
0
0
0
0
0
0
0
0
0
0
0
0
0
0
0
0
0
0
0
0
0
0
0
0
0
0
0
0
0
0
0
0
0
0
0
0
0
0
0
0
0
0
0
0
0
0
0
0
0
0
0
0
0
0
0
0
0
0
0
0
0
0
0
0
0
0
0
0
0
0
0
0
0
0
0
0
0
0
0
0
0
0
0
0
0
0
0
0
0
0
0
0
0
0
0
0
0
0
0
0
0
0
0
0
0
0
0
0
0
0
0
0
0
0
0
0
0
0
0
0
0
0
0
0
0
0
0
0
0
0
0
0
0
0
0
0
0
0
0
0
0
0
0
0
0
0
0
0
0
0
0
0
0
0
0
0
0
0
0
0
0
0
0
0
0
0
0
0
0
0
0
0
0
0.0378235
0.0351209
0.0378235
0.0378235
0.0378235
0.0378235
0.0378235
0.0378235
0.0378235
0.0351209
0.0351209
0.0351209
0.0351209
0.0351209
0.0351209
0.0351209
0.0351209
0.0495508
0
0
0.036925
0.0355527
0
0
0
0
0.0505537
0.0521286
0.0524967
0.119768
0.119768
0.119768
0.11989
0
0.0360509
0.03546
0.03546
0.03546
0.03546
0.03546
0.05677
0.05677
0.05677
0.05677
0.0500537
0
0.0363216
0.0363216
0.0366161
0.03985
0.0431302
0.0411893
0
0
0
0.0358452
0.0358452
0.0512508
0.0358484
0
0.0358484
0.0431302
0
0
0
0
0
0.0415023
0.0358386
0.0495508
0.0505629
0.0505629
0.0505629
0.0505629
0.0495508
0.0495508
0
0
0.0317318
0.0317318
0
0
0.0317295
0.0317295
0.0317295
0.0317295
0.0317295
0.0317295
0.0317295
0.0317318
0.0317295
0.0317318
0.0317318
0.0317318
0.0317318
0.0317432
0.0335228
0
0
0.0317592
0.0317592
0.0317592
0.0317592
0.0317592
0
0
0
0
0
0
0.0317318
0.0317318
0
0
0
0
0
0
0
0
0
0
0
0
0
0
0
0
0
0
0
0
0
0
0
0
0
0
0
0
0
0
0
0
0
0
0
0
0
0
0
0
0
0
0
0
0.033547
0.033547
0.033547
0
0
0.0471031
0
0.0471031
0
0
0
0
0
0
0
0
0
0
0
0
0.0502066
0.0502066
0.0502066
0.0502066
0.0502066
0.0502338
0.0505907
0.05048
0
0
0.0505814
0.0505814
0.0502066
0
0
0
0
0
0
0
0
0
0.0502066
0.0528411
0.0528411
0.0501345
0.0501345
0.0501345
0.0501345
0.0501345
0.0501345
0.0501345
0.0501345
0.0501345
0.0501345
0.0501345
0.0501345
0.0501345
0.0501345
0.0501345
0.0501345
0.0501345
0.0501345
0.0501345
0.0501345
0.0501345
0.0501345
0.0501345
0.0501345
0.0314458
0.0314458
0.0314458
0.0314458
0.0314458
0.0314458
0.0314458
0.0314458
0.0314458
0.0314458
0.0314458
0.0314458
0.0314458
0
0.0501345
0.0502338
0.0501345
0.0501345
0.0501345
0.0589988
0.0589988
0.0589988
0
0
0
0.0590281
0.0590281
0.0590281
0.0590281
0.0590281
0.0590281
0.0592944
0.0592944
0.0592944
0.0592944
0.0592944
0
0
0.0592944
0
0.0590281
0
0.0590281
0.0589988
0.0501345
0.0551318
0.0551318
0.0501345
0.0501345
0.0516201
0.0516201
0.0516201
0.0516201
0.0516201
0
0.0516201
0
0.0516201
0.0516201
0.057073
0
0
0
0
0
0
0.0516201
0
0
0
0
0
0
0.0516201
0
0
0
0
0
0
0
0
0
0
0
0
0
0
0
0
0
0.0516201
0
0
0
0
0
0
0.0501345
0.0551677
0.0551677
0.0552037
0.0552037
0.0552037
0.0551677
0.0501345
0.0501345
0.0577625
0.0501345
0.0577625
0.0501345
0
0
0
0
0
0.0501345
0
0
0
0.0501345
0.0501345
0.0589988
0.0501345
0.0501345
0.0501345
0.0501345
0.0501345
0.0536497
0.0536497
0.0536497
0.0536497
0.0536497
0.0536497
0.054741
0.120636
0
0.120887
0
0
0
0.123091
0.0536497
0.0536497
0.0592646
0.0536497
0.0501345
0.0502066
0
0
0.0501345
0
0
0.0501345
0.0501345
0.0536497
0.057462
0.0537382
0.0537382
0.0536497
0.0578453
0.0536939
0.0536939
0.0501345
0.057073
0.057073
0.057073
0.057073
0.057073
0.057073
0.0502519
0.0501345
0.0501345
0.0551917
0.0551917
0.057735
0.057735
0.057735
0.057735
0.0501345
0.0567962
0.0501345
0.0536497
0.0536497
0.0563564
0
0
0.0537937
0.0568093
0
0
0.0540287
0
0
0
0
0.0536497
0.0501345
0.0503975
0.0610197
0.0610197
0.0501345
0.0546126
0.0501345
0
0.0501345
0.0532786
0.0511358
0
0
0
0
0.0513182
0.0513182
0.0501345
0
0.0501345
0
0.0501345
0.0501345
0.0502066
0
0
0.0502066
0.0532786
0.0532786
0.0532786
0
0.053311
0
0.0532786
0.0574214
0.0574214
0.0574485
0.0574485
0.0574485
0.0574485
0
0.0574485
0.0534087
0.0534087
0.0534959
0.0534087
0
0
0
0
0.054835
0.0532031
0.0532031
0
0
0
0
0.0537937
0
0
0
0
0
0
0
0
0
0
0
0
0.0520781
0.0520781
0.0520781
0.0520781
0.0520781
0.0520781
0.0520781
0.0520781
0.0520781
0.0520781
0.0520781
0.0520781
0.0520781
0.0520781
0.0520781
0.0520781
0.0520781
0.0520781
0.0520781
0
0.0520781
0.0520781
0.0520781
0.0658155
0.0658155
0
0
0.0314458
0.0314458
0.0314458
0.0314458
0.0314458
0.0314458
0.0314458
0.0314458
0.0314458
0.0314458
0.0314458
0.0314458
0.0314458
0.0314458
0.0314458
0.0314458
0.0314458
0.0314458
0.0314458
0.0314458
0.0314458
0.0314458
0.0314458
0.0314458
0.0314458
0.0314458
0.0314458
0.0314458
0.0314458
0.0314458
0.0314458
0.0314458
0.0314458
0.0314458
0
0
0.0520781
0.0520781
0.0520781
0.0520781
0.0520781
0.0520781
0.0536056
0.0520781
0.0520781
0.0533327
0.0533327
0.0533327
0.0533327
0.0533327
0.0533327
0.0533327
0.0533327
0.0533327
0.0533327
0.0520781
0.0520781
0.0520781
0.0520781
0.0520781
0.0536056
0.0520781
0.0520781
0.0520781
0.0521793
0.0521793
0
0
0
0.0521793
0.0520781
0.185695
0.193476
0.185695
0.0520781
0.0520781
0.0524967
0.0524967
0.0524967
0
0.0520781
0.0520781
0.0520781
0
0
0
0
0
0
0
0
0.052159
0.052159
0.0524967
0.0524967
0
0
0
0
0.155632
0.155632
0
0
0
0
0.0532786
0.0532786
0
0
0
0
0
0
0
0.0534087
0.0534087
0.0534087
0
0
0
0.0532786
0.0532786
0.0532786
0
0
0
0
0
0
0
0
0
0
0
0
0
0
0
0
0
0
0
0
0
0
0
0
0
0
0
0
0
0
0
0
0
0
0
0
0
0
0
0
0
0
0
0
0
0
0
0
0
0
0
0
0
0
0
0
0
0
0
0
0
0
0
0
0
0
0
0
0
0
0
0
0
0
0
0
0
0
0
0
0
0.0536387
0.0536387
0.0536387
0
0
0
0
0
0
0
0
0
0
0
0
0
0
0
0.0524967
0.0524967
0.0521793
0.0521793
0
0
0
0
0
0
0
0
0
0
0
0
0
0
0
0
0
0
0
0
0
0.0520781
0.0520781
0.052404
0.0520781
0.0520781
0
0
0
0.052404
0.052404
0
0.052404
0.109482
0
0.109482
0.052404
0.052404
0.0536387
0.0536387
0.0536387
0.0536387
0.0537492
0.0537492
0.0537492
0.0537492
0.0537492
0.0546009
0.0546009
0
0.0537492
0.0537492
0.0537492
0
0
0
0
0
0
0
0
0
0.0537603
0.0537603
0.0537603
0.054324
0.054324
0.0544619
0.0544619
0.0544619
0
0
0
0
0
0
0
0
0
0
0
0
0
0
0
0
0
0.053716
0.0537271
0.0537271
0.0537271
0
0.053716
0.0537603
0.0546009
0.0546009
0.0546009
0.0551438
0.0551438
0.0551438
0.0551438
0.0551797
0.0537603
0
0
0
0
0
0
0
0
0
0
0
0
0
0
0
0
0
0
0
0
0
0
0
0
0
0
0
0
0.0542554
0.0542554
0.0542554
0
0.0543011
0.0551797
0
0.0552037
0.0552037
0.0552037
0.0552037
0.0552037
0.0552037
0
0
0
0
0.0552037
0.0552037
0.0552037
0.0552639
0
0
0
0
0
0
0
0
0
0.0552037
0.0552881
0
0
0
0
0
0
0
0
0
0
0
0
0
0
0
0
0
0
0
0
0
0
0.0551797
0.0551797
0.0551797
0.0551797
0.0552037
0.0551917
0
0.0552158
0.0552158
0
0.0552158
0.0552158
0
0
0
0
0
0
0
0
0.052159
0.052159
0.0523015
0.0525174
0.0525174
0
0
0
0
0
0
0.0525174
0.0525174
0.0534087
0.0534087
0.0534087
0.0534087
0
0.0534087
0.0534087
0.0534087
0.0534087
0.0534087
0.0534087
0.121523
0.121523
0.121523
0.122039
0.138675
0
0.139832
0
0.0534087
0.139058
0.14676
0.328165
0.328165
0
0.328165
0.139058
0.328165
0.328165
0
0
0
0
0
0
0
0
0
0
0
0
0
0
0
0
0
0
0
0
0
0
0
0
0
0
0
0
0
0
0
0.139832
0.139832
0
0
0
0
0
0
0.159545
0
0
0
0.0532786
0.0532786
0.0532786
0.0532786
0.0532786
0.0683358
0.0683358
0.0683358
0.0683358
0.0683358
0.06845
0.0683358
0.0683358
0.0982607
0
0.0532786
0.0532786
0
0
0
0
0
0
0
0
0
0
0
0
0
0
0
0
0
0
0
0
0
0
0
0
0
0
0
0.0524967
0.0524967
0.0524967
0.0537825
0.0537825
0
0.0537825
0.0571662
0.0571662
0
0.0571662
0
0.0537825
0
0
0
0
0
0
0
0
0
0
0
0.0537825
0.0537825
0
0
0
0
0
0
0
0
0
0
0
0
0.0524967
0
0
0
0
0
0
0
0
0
0
0
0
0
0
0
0
0
0
0
0
0
0
0
0
0
0
0
0
0
0
0
0
0
0
0
0
0
0
0
0
0
0
0
0
0
0
0
0
0
0
0
0
0
0
0
0
0
0
0
0
0
0
0
0
0
0
0
0
0
0
0
0.0531494
0.0531709
0
0
0
0
0
0
0
0.0524967
0.0524967
0
0.0524967
0.0531816
0.0531816
0.0527046
0.0527046
0.0523219
0.0523219
0.0523219
0.0556784
0
0
0.0523219
0
0.0523219
0
0
0.0523834
0.0492494
0.0492494
0.0492494
0.0492494
0.0492494
0.0492494
0.0492494
0
0
0.0314392
0.0314392
0.0314392
0.0314392
0.0314392
0.0314392
0
0
0.0314392
0.0314569
0.0314569
0.0314569
0.0314392
0.0314392
0.0314392
0.0314392
0.0314392
0.0314392
0
0
0.0314392
0
0
0
0.0314392
0
0
0
0.0314392
0
0
0
0
0
0
0
0
0
0
0.0463312
0.0463312
0.0463312
0.0470956
0.047907
0
0.0470956
0.0470956
0.0470956
0.0463312
0.0463312
0.0463312
0.0463312
0.0463312
0.0463312
0
0
0
0
0.0468954
0.0468954
0
0
0
0
0
0
0
0.0468954
0
0
0
0
0
0.0431532
0.0431532
0.0431532
0.0431532
0.0431532
0
0
0
0
0
0.0438469
0.0438469
0.0438469
0.0438469
0.0438469
0.0438469
0
0
0
0
0
0
0
0
0
0
0.0435548
0.0433264
0.0438469
0
0
0.0470063
0.0470063
0.0433264
0.0433264
0.0433264
0.0433264
0.0433264
0
0
0
0
0
0
0
0
0
0
0
0
0
0
0
0
0
0
0.0433264
0
0
0
0
0
0
0
0
0
0.0442994
0.0442994
0.0442994
0.0442994
0.0448561
0
0.0450704
0.0442994
0
0
0.0471479
0
0.0471479
0.0471479
0.0471479
0.0471479
0.0471479
0.0463312
0
0.0463312
0.0463312
0.0463312
0.0463312
0.0463312
0
0
0
0
0
0
0
0
0
0
0
0
0
0
0
0
0
0
0
0
0
0
0
0
0
0
0
0
0
0
0
0
0
0
0.0431532
0.0431532
0
0.0463312
0.0431417
0.0431417
0.0463312
0.0463312
0.0463312
0
0
0.0438348
0.0438348
0
0.0438348
0
0
0
0
0
0
0
0
0
0
0
0
0
0
0
0
0
0
0
0
0
0
0
0
0
0
0
0
0
0
0
0
0.0433264
0.0433264
0.0433264
0.0433264
0.0433264
0.0433264
0
0
0
0
0
0
0.0438469
0.0433264
0
0.0463312
0.0463312
0.0467124
0.0467124
0.0467124
0.0438469
0.0438469
0.0438469
0.0438469
0.0438469
0.0469249
0.0438469
0
0
0
0
0.0440775
0
0
0
0
0
0
0
0
0
0
0
0
0
0
0.0463312
0.0463312
0.0463312
0.0463312
0.0463312
0.0463312
0.0463312
0.0495508
0
0
0
0
0
0
0
0.031607
0.031607
0.031607
0.031607
0.031607
0.031607
0.031607
0.031607
0.031607
0.031607
0.031607
0
0
0
0
0
0
0
0
0
0
0
0
0
0
0
0
0
0
0
0
0
0
0
0
0
0
0
0
0
0
0
0
0
0
0.0541304
0.0541985
0
0
0
0
0
0
0
0
0
0
0
0
0
0
0
0
0
0
0
0
0
0
0
0
0
0
0
0
0
0
0
0
0
0
0
0
0
0
0
0
0
0
0
0
0
0
0
0
0
0
0
0
0
0
0
0
0
0
0
0
0
0
0
0
0
0
0
0
0
0
0
0
0
0
0
0
0
0
0
0
0
0
0
0
0
0
0
0
0
0
0
0
0
0
0
0
0
0
0
0
0
0
0
0
0
0
0
0
0
0
0
0
0
0
0
0
0
0
0
0
0
0
0
0
0
0
0
0
0
0
0
0
0
0
0
0
0
0
0
0
0
0
0
0
0
0
0
0
0
0
0
0
0
0
0
0
0
0
0
0
0
0
0
0
0
0
0
0
0
0
0
0
0
0
0
0
0
0
0
0
0
0
0
0
0
0
0
0
0
0
0
0
0
0
0
0
0
0
0
0
0
0
0
0
0
0
0
0
0
0
0
0
0
0
0
0
0
0
0
0
0
0
0
0
0
0
0
0
0
0
0
0
0
0
0
0
0
0
0
0
0
0
0
0
0
0
0
0
0
0
0
0
0
0
0
0
0
0
0
0
0
0
0
0
0
0
0
0
0
0
0
0
0
0
0
0
0
0
0
0
0
0
0
0
0
0
0
0
0
0
0
0
0
0
0
0
0
0
0
0
0
0
0
0
0
0
0
0
0
0
0
0
0
0
0
0
0
0
0
0
0
0
0
0
0
0
0
0
0
0
0
0
0
0
0
0
0.0358946
0
0.0359708
0
0
0
0
0
0
0
0
0
0
0
0
0
0
0
0
0.0354887
0
0
0
0
0
0
0
0
0
0
0.0454814
0
0
0
0
0
0
0
0
0
0
0
0
0
0
0.0350839
0
0.0350839
0
0
0
0
0
0
0
0
0
0
0
0
0
0
0
0
0
0
0
0.0346956
0.034515
0.034515
0.034515
0.0365776
0.0388284
0
0
0
0
0
0
0
0
0
0
0
0
0
0
0
0
0
0
0
0
0
0
0
0
0
0
0
0
0
0
0
0
0
0
0
0
0
0
0
0
0
0
0
0
0
0
0
0
0
0.0495074
0
0
0.0375105
0.0408979
0.0348276
0.0512028
0
0
0
0
0
0
0
0
0
0
0
0
0
0
0.0505814
0.0505814
0.0505814
0
0.0505814
0.0369647
0
0.0369972
0
0
0
0
0
0
0
0
0
0
0
0
0
0
0
0
0
0
0
0
0
0
0
0
0
0
0
0
0
0
0
0
0
0
0
0
0
0
0
0
0
0
0
0
0
0
0
0
0
0
0
0
0
0
0
0
0
0
0
0
0
0
0
0
0
0
0
0
0
0
0
0
0
0
0
0
0
0
0
0
0
0
0
0
0
0
0
0
0
0
0
0
0
0
0
0
0
0
0
0
0
0
0
0
0
0
0
0
0
0
0
0
0
0
0
0
0
0
0
0
0
0
0.11354
0.11354
0.11354
0.124722
0.124722
0
0
0
0
0
0
0
0
0
0
0
0
0
0
0
0
0
0
0
0
0
0
0
0
0
0
0
0
0
0
0
0
0
0
0
0
0
0
0
0
0
0
0
0
0
0
0
0
0
0
0
0
0
0
0
0
0
0
0
0
0
0
0
0
0
0
0
0
0
0
0
0
0
0
0
0
0
0
0
0
0
0
0
0
0
0
0
0
0
0
0
0.039841
0.0442003
0.0488782
0
0.0488782
0.0488782
0
0
0
0
0
0
0
0
0
0
0.0493951
0.0493951
0.0493951
0.0493951
0.0493951
0
0
0
0
0
0.0316296
0.0328266
0.0316296
0
0
0
0
0
0
0
0
0
0
0
0
0
0
0
0
0
0
0
0
0
0
0
0
0
0
0
0
0
0
0
0
0
0
0
0.0495508
0.0495508
0
0
0
0
0
0.0384656
0.0384656
0.0388034
0.0388034
0
0.0388034
0
0.0388034
0.0511071
0.0388326
0
0.0388661
0
0.0393401
0.0407376
0
0
0
0
0.0433555
0.0491219
0.0491219
0.0491219
0.0523117
0.050786
0
0.0514539
0.0529574
0
0
0
0
0
0
0
0.0446068
0.0446068
0
0.0699895
0.0503701
0
0.0500268
0
0.0509742
0
0.0510881
0.053485
0.0517582
0.0491473
0.0506834
0.0500626
0
0
0
0
0
0
0.0500626
0
0
0
0
0
0
0
0
0
0
0
0
0
0
0
0
0
0
0
0
0
0
0
0
0
0
0
0
0
0
0
0
0
0
0
0
0
0
0
0
0
0
0
0
0
0
0
0
0
0
0
0
0
0
0
0
0
0
0
0
0
0
0
0
0
0
0
0
0.031607
0
0
0
0
0
0
0
0
0.0314369
0
0.0314369
0.0314369
0.0314369
0.0314369
0.0314369
0.0314369
0
0
0.0314369
0
0.0314369
0
0.0314369
0
0
0
0
0
0
0
0
0
0
0
0.0314458
0.0314458
0.0314458
0.0314458
0
0
0
0
0
0
0
0
0
0
0
0
0
0
0
0
0
0
0
0
0
0
0
0
0
0
0
0
0
0
0
0
0
0
0
0
0
0
0
0
0
0
0
0
0
0
0
0
0
0
0
0
0
0
0
0
0
0
0
0
0
0
0
0
0
0
0
0
0
0
0
0
0
0
0
0
0
0
0
0
0
0
0
0
0
0
0
0
0
0
0
0
0
0
0
0
0
0
0
0
0
0
0
0
0
0
0
0
0
0
0
0
0
0
0
0
0
0
0
0
0
0
0
0
0
0
0
0
0
0
0
0
0
0
0
0
0
0
0
0
0
0
0
0
0
0
0
0
0
0
0
0
0
0
0
0
0
0
0
0
0
0
0
0
0
0
0
0.0314392
0.0314392
0.0314392
0.0314392
0.0314392
0.0314392
0.0314392
0.0314392
0.0314392
0.0314392
0.0314392
0.0314392
0.0314392
0.0314392
0.0314392
0.0314392
0.0314392
0.0314392
0.0314392
0.0314392
0.0314392
0.0314392
0.0314392
0.0314392
0.0314392
0.0314392
0.0314392
0.0314392
0.0314392
0.0314392
0.0314392
0.0314392
0.0314392
0.0314392
0.0314392
0.0314392
0.0314392
0.0314392
0.0314392
0.0314392
0.0314392
0.0314392
0.0314392
0.0314392
0.0314392
0.0314392
0.0314392
0.0314392
0.0314392
0.0314392
0.0314392
0.0314392
0.0314392
0.0314392
0.0314392
0.0314392
0.0314392
0.0314392
0.0314392
0.0314392
0.0314392
0.0314392
0.0314392
0.0314392
0.0314392
0.0314392
0.0314392
0.0314392
0.0314392
0.0314392
0.0314392
0.0314392
0.0314392
0.0314392
0.0314392
0.0314392
0.0314392
0.0314392
0.0314392
0.0314392
0.0314392
0.0314392
0.0314392
0.0314392
0.0314392
0.0314392
0.0314392
0.0314392
0.0314392
0.0314392
0.0314392
0.0314392
0.0314392
0.0314392
0.0314392
0.0314392
0.0314392
0.0314392
0.0314392
0.0314392
0.0314392
0.0314392
0.0314392
0.0314392
0.0314392
0.0314392
0.0314392
0.0314392
0.0314392
0.0314392
0.0314392
0.0314392
0.0314392
0.0314392
0.0314392
0.0314392
0.0314392
0.0314392
0.0314392
0.0314392
0.0314392
0.0314392
0.0314392
0.0314392
0.0314392
0.0314392
0.0314392
0.0314392
0.0314392
0.0314392
0.0314392
0.0314392
0.0314392
0.0314392
0.0314392
0.0314392
0.0314392
0.0314392
0.0314392
0.0314392
0.0314392
0.0314392
0.0314392
0.0314392
0.0314392
0.0314392
0.0314392
0.0314392
0.0314392
0.0314392
0.0314392
0
0
0
0
0
0
0
0
0
0
0
0
0
0
0
0
0
0
0
0
0
0
0
0
0
0
0
0
0
0
0
0
0
0
0
0
0
0
0
0
0
0
0
0
0
0
0
0
0
0
0
0
0
0
0
0
0
0
0
0
0
0
0
0
0
0
0
0
0
0
0
0
0
0
0
0
0
0
0
0
0
0
0
0
0
0
0
0
0
0
0
0
0
0
0
0
0
0
0
0
0.0314525
0
0.0315127
0.0315127
0.0314525
0
0
0
0
0.0315127
0.0315127
0
0
0
0
0
0
0
0
0
0
0
0
0
0
0
0
0
0
0
0
0
0
0
0
0
0
0
0
0
0
0
0
0
0
0
0
0
0
0
0
0
0
0
0
0
0
0
0
0
0
0
0
0
0
0
0
0
0
0
0
0
0
0
0
0
0
0
0
0
0
0
0
0
0
0
0.0314569
0
0
0
0
0
0
0
0
0
0
0
0
0
0
0
0.0333704
0.0333704
0.0363422
0
0
0
0
0
0
0
0
0
0
0
0
0
0
0
0
0
0
0
0
0
0
0
0
0
0.0333731
0.0333731
0.0333731
0.0314525
0
0
0
0
0
0
0
0
0
0
0
0
0
0
0
0
0
0
0
0
0
0
0
0
0
0
0
0
0
0
0
0
0
0
0
0
0
0
0
0
0
0
0
0
0
0
0
0
0
0
0
0
0
0
0
0
0
0
0
0
0
0
0
0
0
0
0
0
0
0
0
0
0
0
0
0
0
0
0
0
0
0
0
0
0
0
0
0
0
0
0
0
0
0
0
0
0
0
0
0
0
0
0
0
0
0
0
0
0
0
0
0
0
0
0
0
0
0
0
0
0
0
0
0
0
0
0
0
0
0
0
0
0
0
0
0
0
0
0
0
0
0
0
0
0
0
0
0
0
0
0
0
0
0
0
0
0
0
0
0
0
0
0
0
0
0
0
0
0
0
0
0
0
0
0
0
0
0
0
0
0
0
0
0
0
0
0
0
0
0
0
0
0
0
0
0
0
0
0
0
0
0
0
0
0
0
0
0
0
0
0
0
0
0
0
0
0
0
0
0
0
0
0
0
0
0
0
0
0
0
0
0
0
0
0
0
0
0
0
0
0
0
0
0
0
0
0
0
0
0
0
0
0
0
0
0
0
0
0
0
0
0
0
0
0
0
0
0
0
0
0
0
0
0
0
0
0
0
0
0
0
0
0
0
0
0
0
0
0
0
0
0
0
0
0
0
0
0
0
0
0
0
0
0
0
0
0
0
0
0
0
0
0.0316273
0.0316273
0.0316273
0.0316273
0.0316273
0.0316273
0.0316273
0.0316273
0.0366688
0.0316273
0.0316273
0.0316273
0.0316273
0.0316273
0.0316273
0
0
0
0
0
0
0
0
0.0316296
0.0316296
0.0316296
0.0316296
0.0316296
0.0316296
0.0316296
0
0
0.0316296
0
0
0.0381722
0
0.0381722
0.0381722
0.0381722
0.0381722
0.0381722
0.0381722
0.0381722
0.0381722
0.0381722
0.0381722
0.0381802
0.0381802
0
0
0.0381802
0
0
0
0
0
0
0
0
0
0.0505537
0.0505537
0.0505537
0.0505537
0.0505537
0.0505537
0.0505537
0.0505537
0
0
0
0
0
0
0
0
0
0
0
0
0
0
0
0
0
0
0
0
0
0
0
0
0
0
0
0
0
0
0
0
0
0.0376889
0
0
0.0484096
0
0
0
0
0
0
0.0316296
0.0316296
0.0316296
0.0395904
0.0395904
0.0395948
0
0
0
0.0316296
0.0316296
0.0316703
0.0316703
0.0316296
0.0316296
0.043338
0.0316341
0.034879
0.0316341
0.0316431
0.0316431
0.0316431
0.0316431
0.0316341
0.0316341
0.0316341
0.034879
0.034879
0.034879
0.034879
0.034879
0.0370625
0.034879
0.034879
0.034879
0.0408784
0.034879
0.034879
0.034879
0.034879
0.034879
0.034879
0.034879
0
0
0
0
0
0.0316296
0.0316296
0.0316296
0.0316296
0.0316296
0.0366688
0.0316296
0.04786
0.04786
0.04786
0.04786
0.04786
0.0504067
0.04786
0.0316296
0.0366688
0.0316296
0.0353775
0.0316296
0.0316296
0.0316296
0.034879
0.0316296
0.0353775
0.0353775
0.0362024
0.0356688
0.0356688
0.0356688
0.0356688
0.0356688
0.0356688
0
0
0
0
0
0
0.0338698
0.0374278
0.0338782
0.0360475
0.0360442
0.0316296
0.146087
0.146087
0.146087
0.0316703
0.0316703
0.0495508
0
0
0.100504
0
0
0.0316953
0.0316953
0.0316953
0
0.0316953
0.0316953
0
0
0.034879
0.0316953
0
0
0
0
0
0
0
0
0
0
0
0
0
0
0
0.034879
0.034879
0
0
0
0.034879
0
0
0
0
0.0316953
0.0316953
0.0316953
0.0316953
0.0316953
0.0316953
0
0
0
0.0316953
0
0.0316953
0
0.0316953
0.0316953
0.0316953
0
0
0
0
0
0
0
0
0
0
0
0
0
0
0
0
0
0.0314392
0.0314392
0.0314392
0.0314392
0.0314392
0.0314392
0
0
0
0.0314392
0.0314392
0.0314392
0
0
0.0314369
0.0314369
0.0314369
0.0314369
0.0314369
0
0
0
0
0
0
0
0
0.0314458
0
0
0
0
0
0
0
0
0
0
0
0
0
0
0
0
0
0
0
0
0
0
0
0
0
0
0
0
0
0
0
0
0.0347644
0.0347794
0.031417
0.031417
0.031417
0.031417
0.031417
0
0
0
0.03546
0.03546
0.03546
0.03546
0.03546
0.03546
0.03546
0.03546
0.03546
0.03546
0.03546
0.0636837
0
0
0
0
0
0.0451491
0
0.0502338
0
0.0563181
0.0729048
0
0
0
0.0500447
0.0495769
0.0527046
0
0.0519074
0.0519074
0.0519074
0.0505629
0.0505629
0.0505629
0.0497959
0
0
0
0
0
0
0
0
0
0
0
0
0
0.107922
0.053311
0.053311
0
0.0313574
0.0313574
0.0313574
0.0313574
0.0313574
0.0313574
0.0313882
0.031364
0.0314458
0.0313574
0
0.0314458
0.0314458
0
0
0
0
0
0
0
0
0
0
0
0
0
0
0
0
0
0
0
0
0
0
0
0
0
0
0
0
0
0
0
0
0
0
0
0
0
0
0
0
0
0
0
0
0
0
0
0
0
0
0
0
0
0
0
0
0
0
0
0
0
0
0
0
0
0
0
0
0
0
0
0
0
0
0.0316749
0.0316749
0.031417
0.031417
0.031417
0.031417
0.031417
0.031417
0.031417
0.031417
0.031417
0.031417
0.031417
0.031417
0.031417
0.031417
0.031417
0.031417
0.031417
0.031417
0.031417
0.031417
0.031417
0.031417
0.031417
0.031417
0.031417
0.031417
0.031417
0
0
0
0.031417
0.031417
0.031417
0.031417
0.031417
0.031417
0.031417
0.031417
0.031417
0.031417
0.031417
0.0314525
0.0314525
0.0314525
0.0314569
0.0314569
0.0314525
0.0314525
0.0314569
0.0317112
0
0
0
0.0314525
0.0314525
0.0314525
0.0314525
0.0314525
0.0314525
0.0314525
0.0344185
0
0
0
0
0.0314525
0
0.0314525
0
0.0314525
0.0466397
0.0314525
0
0
0.03365
0.03365
0.0336554
0.0336554
0.03365
0.03365
0
0
0.0335632
0.0335632
0.0335632
0.0335632
0.0335632
0.0335632
0
0
0
0
0
0.0335875
0.0335632
0.0335632
0.0335632
0.0335632
0.0335632
0
0
0.0335632
0.0335632
0.0335632
0.0336608
0.0336608
0.0335632
0.0335632
0
0.0335632
0
0.0335632
0
0.0335632
0.0335632
0
0.0335632
0.0335632
0
0
0
0.0335632
0.0335632
0.0335632
0.0335632
0.0335632
0.0335632
0.0335632
0.0335632
0.0335632
0.0335632
0.0335632
0.0335632
0.0336608
0.0336608
0.0336608
0
0.0336608
0.0335632
0.0335632
0.0335632
0.0335632
0
0.0335632
0.0335632
0
0
0
0
0
0
0
0
0
0
0
0
0
0
0
0
0
0
0
0
0
0
0
0
0
0
0
0
0
0
0
0
0
0
0
0
0
0
0
0
0
0
0
0
0
0
0
0
0
0
0
0
0
0
0
0
0
0
0
0
0
0
0
0
0
0
0
0
0
0
0
0
0
0
0
0
0
0
0
0
0
0
0
0
0
0
0
0
0
0
0
0
0
0
0
0
0
0
0
0
0
0
0
0
0
0
0
0
0
0
0
0
0
0
0
0
0
0
0
0
0
0
0
0
0
0
0
0
0
0
0
0
0
0
0
0
0
0
0
0
0
0
0
0
0
0
0
0
0
0
0
0
0
0
0
0.0327963
0.0336445
0
0
0
0
0
0
0
0
0
0.0351706
0
0
0
0
0
0
0
0
0
0
0
0
0
0
0
0
0
0
0.0317432
0.0317432
0
0
0
0
0
0
0
0
0
0
0
0
0
0
0
0
0
0
0
0
0
0
0
0
0
0
0
0
0
0
0
0
0
0
0
0
0
0
0.0338034
0.0338034
0.0338034
0
0
0
0
0
0
0
0
0
0
0
0
0
0
0
0
0
0
0
0
0
0
0
0
0
0
0
0
0
0
0
0
0.0495334
0.0495334
0.0495334
0
0
0
0
0
0
0
0
0
0
0
0
0
0
0
0
0
0
0
0
0
0
0
0
0
0
0
0
0
0
0
0
0
0
0
0
0
0
0
0
0
0
0
0
0
0
0
0
0
0
0
0
0
0
0
0
0
0
0
0
0
0
0
0
0
0
0
0
0
0
0
0
0
0
0
0
0
0
0
0
0
0
0
0
0
0
0
0
0
0
0
0
0
0
0
0
0
0
0
0
0
0
0
0
0
0
0
0
0
0
0
0
0
0
0
0
0
0
0
0
0
0
0
0
0
0
0
0
0
0
0
0
0
0
0
0
0
0
0
0
0
0
0
0
0
0
0
0
0
0
0
0
0
0
0
0
0
0
0
0
0
0
0
0
0.031668
0
0
0
0
0
0
0
0
0
0
0
0
0
0
0
0
0
0
0
0
0
0
0
0
0
0
0
0
0
0
0
0
0
0
0
0
0
0
0
0
0
0
0.0316953
0.0316953
0.0316953
0
0
0
0
0
0
0
0.031417
0.031417
0
0
0.0316296
0
0.0316296
0
0
0
0
0
0
0
0
0
0
0
0
0
0
0
0
0
0.0363422
0.0363422
0.0363422
0.0316386
0
0
0
0
0
0.031668
0.031668
0.031668
0
0
0.0336309
0.0336309
0
0
0
0.031668
0.031668
0
0.0314481
0.0636469
0.0636469
0.0636469
0.0636469
0.177173
0.0636469
0.0652725
0
0.0652725
0.0636469
0
0
0
0
0
0
0
0.0318858
0
0.031659
0
0
0
0
0
0
0
0
0
0
0
0
0
0
0
0
0
0
0
0
0
0
0
0
0
0
0
0
0
0
0
0
0
0.0478287
0
0
0
0
0
0
0
0
0
0
0
0
0
0
0
0
0
0
0
0
0
0
0
0
0
0
0
0
0
0
0
0
0
0
0
0
0
0
0
0
0
0
0
0
0
0
0
0
0
0
0
0
0
0
0
0
0
0
0
0
0
0
0
0
0
0
0
0
0
0
0
0
0
0
0
0
0
0
0
0
0
0
0
0
0
0
0
0
0
0
0
0
0
0
0
0
0
0
0
0
0
0
0
0
0
0
0
0
0
0
0
0
0
0
0
0
0.031668
0
0.0314525
0.0314525
0.0314525
0.0314525
0.0314525
0.0314525
0.059146
0.059146
0.0655927
0.0655927
0.0655927
0.0655927
0.0655927
0.0655927
0.0978566
0.0978566
0.0655927
0.0658359
0.0655927
0.0910705
0.0910705
0.0918907
0
0.0918907
0
0.0655927
0.111903
0
0
0
0
0
0
0.0655927
0.0592497
0.0314525
0.0314392
0.0314392
0.0315127
0
0
0.0590428
0.0590428
0.0590428
0.0590428
0.0590428
0.0590428
0.0590428
0.0590428
0.0590428
0.0590428
0.0676179
0.0676179
0
0
0
0.0677952
0
0
0.0595793
0
0
0
0
0
0.0652924
0
0
0
0.0636101
0
0
0
0
0
0
0
0
0
0
0
0
0
0
0
0
0
0
0
0
0
0
0
0
0
0.0313574
0.0313574
0.0313574
0.0313574
0.0313574
0
0
0.0314525
0.0314458
0.0314458
0.0314458
0.0314458
0.0314458
0.0314458
0
0
0
0
0
0
0.0314458
0.0314458
0.0314458
0.0314458
0.0314458
0.0314458
0.0314458
0.0314458
0
0
0
0.0595793
0.0315171
0.0461827
0.0461827
0.0461827
0.0591165
0.0591165
0.0314525
0
0.0495508
0.0495508
0.0495508
0.0495508
0.0495508
0.0495508
0.0495508
0.0495508
0.0495508
0.0495508
0.0495508
0.0495508
0.0495508
0
0
0
0.0495508
0.0495508
0.0495508
0.0495508
0.0495508
0.0495508
0.0495508
0.0495508
0
0.0495508
0.0495508
0.0495508
0.0495508
0.0495508
0.0495508
0.0495508
0.0495508
0.0495508
0.0495508
0.0495508
0.0495508
0.0495508
0.0471255
0.0471255
0.0471255
0.0471255
0.0471255
0.0471255
0
0.0471255
0.0471255
0
0
0
0
0.0471255
0.0471255
0.0471255
0.0471255
0.0471255
0.0471255
0
0.0471255
0.0471255
0.0471255
0.0471255
0.0471854
0.0471854
0.0471854
0.0477974
0.0471854
0.0471255
0.0471255
0.0471255
0.0479385
0.0471255
0
0
0
0
0
0
0
0
0
0
0
0
0
0
0
0
0
0
0
0
0
0
0
0
0
0
0
0
0
0
0
0
0
0
0
0
0
0
0
0
0
0
0
0
0
0
0
0
0
0
0
0
0
0
0
0
0
0
0
0
0
0
0
0
0
0.0314458
0
0
0
0
0
0
0
0
0
0
0
0
0
0.0314458
0.0314458
0.0314458
0.0314458
0.0314458
0.0314458
0.0314458
0.0314458
0
0
0
0
0
0
0
0
0
0
0
0
0
0
0
0
0
0
0
0
0
0
0
0
0
0
0
0
0
0
0
0
0
0
0
0
0
0
0
0
0
0
0
0
0
0
0
0
0
0
0
0
0
0
0
0
0
0
0
0
0
0
0
0
0
0
0
0
0
0
0
0
0
0
0
0
0.0314525
0.0652924
0
0
0
0.0652924
0
0.0652924
0.0652924
0.0652924
0.0656128
0.0656128
0
0.0656128
0
0
0
0.0652924
0.0652924
0.0652924
0
0.0652924
0
0.0652924
0
0.0652924
0.0652924
0.0652924
0
0.0652924
0
0.0652924
0
0.0652924
0.0314525
0.0314525
0.0314525
0.0314525
0.0314525
0.0314525
0.0652924
0.0652924
0
0.071743
0.071743
0.0652924
0
0
0
0
0
0.0316431
0
0.0327938
0.0336445
0
0
0
0.0327486
0.0327486
0.0657342
0.0661025
0.0657342
0.0327486
0.0652924
0.0652924
0.0652924
0.0652924
0
0
0
0
0
0
0
0
0
0
0
0
0
0
0
0
0
0
0
0
0
0
0
0
0
0
0
0
0
0
0
0
0
0
0
0
0
0
0
0
0
0
0
0
0
0
0
0
0
0
0
0
0
0
0
0
0
0
0
0
0
0
0
0
0
0
0
0
0
0
0
0
0
0
0
0
0
0
0
0
0
0
0
0
0
0
0
0
0
0
0
0
0
0
0
0
0
0
0
0
0
0
0.031417
0.031417
0.031417
0.031417
0.0314148
0.0314148
0.0314148
0.0314148
0.0314148
0.0314148
0.0314148
0.0314148
0.031417
0.031417
0.031417
0.031417
0
0
0
0
0
0
0
0
0
0
0
0
0
0
0
0
0
0
0
0
0
0
0
0
0
0
0
0
0
0
0
0
0
0
0
0
0
0
0
0
0
0
0
0
0
0
0
0
0
0
0
0
0
0
0
0
0
0
0
0
0
0
0
0
0
0
0
0
0
0
0
0
0
0
0
0
0
0
0
0
0
0
0
0
0
0
0
0
0
0
0
0
0
0
0
0
0
0
0
0
0
0
0
0
0
0
0
0
0
0
0
0
0
0
0
0
0
0
0
0
0
0
0
0
0
0
0
0
0
0
0
0
0
0
0
0
0
0
0
0
0
0
0
0
0
0
0
0
0
0
0
0
0
0
0
0
0
0
0
0
0
0
0
0
0
0
0
0
0
0
0
0
0
0
0
0
0
0
0
0
0
0
0
0
0
0
0
0
0
0
0
0
0
0
0
0
0
0
0
0
0
0
0
0
0
0
0
0
0
0
0
0
0
0
0
0
0
0
0
0
0
0
0
0
0
0
0
0
0
0
0
0
0
0
0
0
0
0
0
0
0
0
0
0
0
0
0
0
0
0
0
0
0
0
0
0
0
0
0
0
0
0
0
0
0
0
0
0
0
0
0
0
0.0505445
0.0505445
0.0505445
0.0505445
0
0
0
0
0
0
0
0.0505445
0.0505445
0.0505445
0.0505445
0.0509553
0.0505445
0.0505629
0
0
0
0
0
0
0.0505629
0.0505629
0.0505629
0.0505629
0.0505629
0.0505629
0.0505629
0.0505722
0.0505722
0.0505629
0.0505629
0.0505629
0.0505629
0.0505629
0.0505629
0.0505629
0.0505629
0.0505629
0.0505629
0.0505629
0.0505629
0.0505629
0.0505629
0.0505629
0.0505629
0.0505629
0
0
0.0505629
0.0505629
0.0505629
0.0505629
0.0519574
0.0519574
0.0519574
0.0519574
0.0534741
0.0534741
0.0519574
0.0519574
0.0519574
0.0519574
0
0
0
0
0
0.0519574
0.0520378
0
0.0520378
0.0521691
0.052159
0.052159
0.0521793
0.052159
0.052159
0
0.052159
0.0760915
0.053128
0.053128
0.0567178
0.0532139
0.0532139
0.0532894
0.0534196
0.0534196
0.0535288
0.0534196
0.055276
0.055276
0.055276
0.055276
0.0553122
0.055276
0.055276
0.055276
0.0519574
0.0526837
0.0527151
0.0536166
0.054244
0.054244
0.054244
0
0
0.0543584
0.0546825
0.0527151
0.0495508
0.0495508
0.0495334
0.0495334
0.0495334
0.0495334
0.0495334
0.0495334
0.0495334
0.0495334
0.0495334
0.0495334
0.0495334
0.0314458
0.0314458
0.0314458
0.0314458
0.0314458
0.0314458
0.0314458
0.0314458
0.0495508
0.0495508
0.0495508
0.0495508
0.0495508
0.0495508
0.0495508
0.0495508
0.0495508
0.0495508
0.0495508
0.0495508
0.0495508
0.0502066
0.0502066
0.0502066
0.0502066
0.0495508
0.0495508
0.0545661
0.0545661
0.0545661
0.0545661
0.0545661
0.0780529
0.0545661
0.0495508
0.0495508
0.0495508
0.0495508
0
0
0
0
0
0
0
0
0
0
0
0
0
0
0
0
0
0
0
0
0
0
0
0
0.0495334
0.0495334
0.0495334
0.0495334
0.0495334
0.0495334
0.0495334
0.0495334
0.0495334
0.0495334
0.0495334
0.0495334
0.0495334
0.0495334
0.0495334
0.0495334
0.0495334
0.0495334
0.0495334
0.0495334
0.0495334
0.0495334
0.0495334
0.0495334
0.0495334
0.0495334
0.0495334
0.0495334
0.0501345
0.0501075
0
0.0502066
0
0
0
0
0
0
0
0
0
0
0
0
0
0
0
0
0
0
0
0
0
0
0
0
0
0
0
0
0
0
0
0
0
0
0
0
0
0
0
0
0
0
0
0
0
0
0
0
0
0
0
0
0
0
0
0
0
0
0
0
0
0
0
0
0
0
0
0
0
0
0
0
0.0314458
0
0
0
0
0
0
0
0
0
0
0
0
0
0
0
0
0
0
0
0
0
0
0
0
0
0
0
0
0
0
0
0
0
0
0
0
0
0
0
0
0
0
0
0
0
0
0
0
0
0
0
0
0
0
0
0
0
0
0
0
0
0
0
0
0
0
0
0
0
0
0
0
0
0
0
0
0
0
0
0
0
0
0
0
0
0
0
0
0
0
0
0
0
0
0
0
0
0
0
0
0
0
0
0
0
0
0
0
0
0
0
0
0
0
0
0
0
0
0
0
0
0
0
0
0
0
0
0
0
0
0
0
0
0
0
0
0
0
0
0
0
0
0
0
0
0
0
0
0
0
0
0
0
0
0
0
0
0
0
0
0
0
0
0
0
0
0
0
0
0
0
0
0
0
0
0
0
0
0
0
0
0
0
0
0
0
0
0
0
0
0
0
0
0
0
0
0
0
0
0
0.0335255
0.0335255
0.0335255
0.0335255
0.0335255
0.0335255
0.0335255
0
0
0
0
0
0
0
0
0.0335524
0.0335524
0
0
0.033547
0.033547
0.033547
0
0
0
0
0
0
0
0
0
0
0
0
0
0
0
0
0
0
0
0
0
0
0
0
0
0
0
0
0
0
0
0
0
0
0
0
0
0
0
0
0
0
0.0335416
0
0
0
0
0
0
0
0
0
0
0
0
0
0
0
0
0
0
0
0
0
0
0
0
0
0
0
0
0
0
0
0
0
0
0
0
0
0
0
0
0
0
0
0
0
0
0
0
0
0
0
0
0
0
0
0
0
0
0
0
0
0
0
0
0
0
0
0
0
0
0
0
0
0
0
0
0
0
0
0
0
0
0
0
0
0
0
0
0
0
0
0
0
0
0
0
0
0
0
0
0
0
0
0
0
0
0
0
0
0
0
0
0
0
0
0
0
0
0
0
0
0
0
0
0
0
0
0
0
0
0
0
0
0
0
0
0
0
0
0
0
0
0
0
0
0
0
0
0
0
0
0
0
0
0
0
0
0
0
0
0
0
0
0
0
0
0
0
0
0
0
0
0
0
0
0.0492836
0
0
0
0.0492836
0.0492836
0.0492836
0.0492836
0.0492836
0.0492836
0.0492836
0
0
0
0
0
0
0
0
0
0
0
0
0
0
0
0
0
0
0
0
0
0
0
0
0
0
0
0
0
0
0
0
0
0
0
0
0
0
0
0
0
0
0
0
0
0
0
0
0
0
0
0
0
0
0
0
0
0
0
0
0
0
0
0
0
0
0
0
0
0
0
0
0
0
0
0
0
0
0
0
0
0
0
0
0
0
0
0
0
0
0
0
0
0
0
0
0
0
0
0
0
0
0
0
0
0
0
0
0
0
0
0
0
0
0
0
0
0
0
0
0
0
0
0
0
0
0
0
0
0
0
0
0
0
0
0
0
0
0
0
0
0
0
0
0
0
0
0
0
0
0
0.0489954
0.0489954
0.0489954
0.0489954
0.0489954
0.0489954
0.0489954
0.0489954
0.0489954
0
0
0
0
0
0
0
0
0
0
0
0
0
0
0
0
0
0
0
0
0
0
0
0
0
0
0
0
0
0
0
0
0
0
0
0
0
0
0
0
0
0
0
0
0
0
0
0
0
0
0
0
0
0
0
0
0
0
0
0
0.0492836
0
0
0
0
0
0
0
0
0
0
0
0
0
0
0
0
0
0
0
0
0
0
0
0
0
0
0
0
0
0
0
0
0
0
0
0
0
0
0
0
0
0
0
0
0
0
0
0
0
0
0
0
0
0
0
0
0
0.0492836
0
0.0489954
0
0
0
0
0
0
0
0
0
0
0
0
0
0
0
0
0
0
0
0
0
0
0
0
0
0
0
0
0
0
0
0
0
0
0
0
0
0
0
0
0
0
0.0492836
0
0
0
0.0489954
0
0
0
0
0
0
0
0
0
0
0
0
0
0
0
0
0
0
0.0492836
0
0
0
0.0316228
0
0
0.031607
0
0
0
0
0
0
0
0
0
0
0
0
0
0
0.031607
0
0
0
0
0
0
0
0
0
0
0
0
0
0
0
0
0
0
0
0.0314392
0.0314392
0.0314392
0.0314392
0.0314392
0.0314392
0
0
0
0
0
0
0
0
0
0
0
0
0
0
0
0
0
0
0
0
0
0
0
0
0
0
0
0
0
0
0
0
0
0
0
0
0
0
0
0
0
0
0
0
0
0
0
0
0
0
0
0
0
0
0
0
0
0
0
0
0
0
0
0
0
0
0
0
0
0
0
0
0
0
0
0
0
0
0
0
0
0
0
0
0
0
0
0
0
0
0
0
0
0
0.0495508
0.0495508
0.0495508
0.0495508
0.0495508
0.0520076
0.0520277
0.0495508
0.0528095
0.0528095
0.0528095
0.0515026
0.0515124
0
0
0
0
0
0
0
0
0
0
0
0.0495508
0.0495508
0.0495508
0.0495508
0.0495508
0.0495508
0.0495508
0.0495508
0.0498047
0.0498047
0.0505629
0.0508329
0.0508329
0.0505629
0.0505629
0.0505629
0.0505629
0.0505629
0.0495508
0.0495508
0.0496379
0.0496379
0.0495508
0.0495508
0.0495508
0.0495508
0.0495508
0.0495508
0.0530638
0.0495508
0.0495508
0.0495508
0.0495508
0.0495508
0
0
0
0.0502066
0.0545661
0.0502066
0.0521691
0.0519174
0.0519174
0.0530212
0
0
0.0511453
0.0511453
0.0519474
0.0550363
0.0495508
0
0
0
0
0.0495508
0.0495508
0
0
0
0
0.0516005
0.0516005
0
0
0
0
0
0
0
0
0
0
0
0
0.0495508
0
0
0
0
0
0
0
0
0
0
0
0
0
0
0
0
0
0
0
0
0
0
0
0
0
0
0
0
0
0
0
0
0
0
0
0
0
0
0
0
0
0
0.0509836
0.0509836
0.0545197
0.0550363
0.0550363
0.0550363
0.0550363
0.0550363
0.0559267
0.0559267
0.0560646
0.0560646
0.0570465
0.0550363
0.0580678
0.0550363
0.0550363
0.0580678
0.0550363
0
0
0.0509836
0.0497607
0.0497607
0.0497607
0
0
0
0
0.0511453
0.0511453
0.0511453
0
0
0
0
0
0.0511645
0.0511645
0.0511453
0.0502066
0.0502066
0.0502066
0.0502066
0.0502066
0.0502066
0.0502066
0.0530638
0.0502066
0.0511453
0.0511453
0.0511453
0.0788811
0.0511453
0.0511453
0.0535288
0.0546825
0
0
0
0.0501075
0.0501075
0
0
0
0
0
0
0
0.0501075
0.0501075
0.0501075
0.0501075
0.0501075
0.0501075
0
0
0
0
0
0.0501075
0.0501345
0.0501345
0.0501345
0.0501345
0.0501345
0.0501345
0.0537603
0.0537603
0.0540174
0.0537603
0.0537825
0.0501345
0.0501345
0.0501345
0.0551917
0.0501345
0.0501345
0.0551079
0.0501345
0.0501345
0.0501345
0.0551917
0.0551917
0.0501795
0
0
0
0.0501345
0.0501795
0.0501345
0.0501075
0.0501075
0.0548821
0.0501525
0.0551079
0.0551079
0.0551079
0.0590134
0
0
0
0
0
0
0.0551079
0.0592795
0.0551079
0
0
0
0
0
0
0
0
0
0
0
0
0
0
0
0
0
0
0
0
0
0
0
0
0.0501886
0.0501886
0.0501615
0.0501615
0.0501886
0.0530105
0.0501615
0.0501615
0.0501435
0.0501435
0.0501435
0.0501435
0.0501435
0
0
0
0.0501435
0.0501435
0.0501435
0.0566009
0.0566009
0.0566009
0.0501525
0.0508798
0.0501525
0.0501525
0
0
0
0
0.0501435
0.0501435
0.0511358
0.0530852
0.0501435
0.0508516
0.0508516
0
0.0515515
0.0501435
0
0
0
0
0.0501435
0.0530852
0.0530852
0.0530852
0.0530852
0.0530852
0.0530852
0.0574756
0.0530852
0.0530852
0
0.0530852
0.285299
0.285299
0.285299
0.285299
0
0
0
0.347404
0.0506462
0.0550363
0.0509175
0.0535946
0.0670509
0
0
0
0
0
0
0.0678844
0
0
0
0
0
0
0
0
0
0
0
0
0.0680639
0
0
0
0
0
0
0
0
0
0
0
0
0
0
0
0
0
0
0
0
0
0
0
0
0
0
0
0
0
0
0
0
0
0
0
0
0
0
0
0
0
0
0
0
0
0
0
0
0
0
0
0
0
0
0
0
0.0525174
0.0525174
0.0525174
0.0525174
0.0525174
0.0525174
0.0525174
0
0.0525174
0
0
0
0
0
0
0
0
0.0525174
0
0
0
0.0527885
0.0527885
0.0532678
0.0532678
0.0545893
0.0545893
0.0546358
0.0532678
0.0532678
0
0
0
0
0
0
0
0
0.0527885
0.0527885
0
0.0527885
0
0
0
0
0
0.0528622
0.0528622
0.0545661
0.0528622
0
0
0
0
0
0
0
0
0
0
0
0.0536056
0.051174
0
0.0513472
0.0789161
0.0534522
0
0.0530212
0.0530212
0.0531709
0.0531709
0.153522
0.0495508
0
0
0
0
0
0
0
0
0
0
0
0
0
0
0.0495508
0
0
0
0
0.0314458
0
0
0
0
0
0
0
0
0
0
0
0
0
0
0.0314458
0.0314458
0.0314458
0
0
0
0
0
0
0
0
0
0
0
0
0
0
0
0
0
0
0
0
0
0
0
0
0
0
0
0
0
0
0
0
0
0
0
0
0
0
0
0
0
0
0
0
0.0314458
0
0
0
0
0
0
0
0
0
0
0
0
0
0
0
0
0
0
0
0
0
0
0
0
0
0
0
0
0
0
0
0
0
0
0
0
0
0
0
0
0
0
0
0
0
0
0
0
0
0
0
0
0
0
0
0
0
0
0
0
0
0
0
0
0
0.047907
0.047907
0
0
0
0
0
0
0
0
0
0
0
0
0
0
0
0
0
0
0
0
0
0
0
0
0
0
0
0.0495508
0.0495508
0.0495508
0.0495508
0.0495508
0.0495508
0
0.0495508
0.0495508
0.0495508
0
0
0
0
0
0
0
0
0
0
0
0
0
0
0
0
0
0
0.0314392
0.0314392
0.0314392
0.0314392
0.0314392
0.0314392
0.0314392
0
0
0.0316386
0.0316386
0.0316386
0.0316386
0.0316386
0.0316386
0.031668
0.031668
0.031668
0.031668
0
0
0
0.0317318
0.0317318
0
0
0
0.031668
0.031668
0.031668
0.031668
0.031668
0
0
0.031668
0
0.0316953
0.031668
0.031668
0.0315822
0.0315822
0.0315822
0.0315822
0.0315822
0.0315822
0
0.0315822
0.0315822
0
0
0
0
0
0
0
0
0
0
0
0
0
0
0
0
0
0.0316454
0
0
0.0315844
0.0315844
0
0.0315844
0.0315844
0
0
0.0316363
0.0468734
0.0317318
0.0317318
0
0
0
0
0
0
0
0
0
0
0
0
0
0
0
0
0
0
0
0
0
0
0
0
0
0
0
0
0
0
0
0
0
0
0
0
0
0
0
0
0
0
0
0
0
0
0
0
0
0
0
0
0
0
0
0
0.0315844
0
0
0
0
0
0.0315844
0
0
0
0
0
0
0.0314458
0.0314458
0.0314458
0.0314458
0.0314458
0.0314458
0.0314458
0
0
0
0
0
0
0
0
0
0
0
0
0
0
0
0
0
0
0
0
0
0
0
0
0
0
0
0
0
0
0
0
0
0
0
0
0
0
0
0
0
0
0
0
0
0
0
0
0
0
0
0
0
0
0
0
0
0
0
0
0
0
0
0
0
0
0
0
0
0
0
0
0
0
0
0
0
0
0
0
0
0
0
0
0
0
0
0
0.0492494
0.0492494
0
0
0
0
0
0
0
0
0.0313882
0.0313882
0.0313882
0.0313882
0.0313882
0.0313882
0.0313882
0.0313882
0.0313882
0
0
0
0
0
0
0
0
0
0
0
0
0
0
0
0
0
0
0
0
0
0
0
0
0
0
0
0
0
0
0
0
0
0
0
0
0
0
0
0
0
0
0
0
0
0
0
0
0
0
0
0
0
0
0
0
0
0
0
0
0
0
0
0
0
0
0
0
0
0
0
0
0
0
0
0
0
0
0
0
0
0
0
0
0
0
0
0
0
0
0
0
0
0
0
0
0
0
0
0
0
0.0492494
0
0
0
0
0
0
0
0
0
0
0
0
0
0
0
0
0
0
0
0
0
0
0
0
0
0
0
0.0313882
0.0313882
0.0313882
0
0
0
0
0
0
0
0
0
0
0
0
0
0
0
0
0
0
0
0
0
0
0
0
0
0
0
0
0.0495595
0.0495595
0
0.0523424
0
0
0
0
0
0
0.0493779
0.0493779
0
0
0
0
0
0.0314458
0.0314458
0.0314458
0
0
0
0
0
0
0
0
0
0
0
0
0
0
0
0.0314392
0.0314392
0.0314392
0.0314392
0.0314392
0
0
0
0
0
0
0
0
0
0
0
0
0
0
0
0
0
0
0
0
0
0
0
0
0
0
0
0
0
0
0
0
0
0
0
0
0
0
0
0
0
0
0
0
0
0
0
0
0
0
0
0
0
0
0
0
0
0
0
0
0
0
0
0
0
0
0
0
0
0
0
0
0
0
0
0
0
0
0
0
0
0
0
0
0
0
0
0
0
0
0
0
0
0
0
0
0
0
0
0
0
0
0
0
0
0
0
0
0
0
0
0
0
0
0
0
0
0
0
0
0
0
0
0
0
0
0
0
0
0
0
0
0
0
0
0
0
0
0
0
0
0
0
0
0
0
0
0
0
0
0
0
0
0
0
0
0
0
0
0
0
0
0
0
0
0
0
0
0
0
0
0
0
0
0
0
0
0
0
0
0
0
0
0
0
0
0
0
0
0
0
0
0
0
0
0
0
0
0
0
0
0
0
0
0
0
0
0
0
0
0
0
0
0
0
0
0
0
0
0
0
0
0
0
0
0
0
0
0
0
0
0
0
0
0
0
0
0
0
0
0
0
0
0
0
0
0
0
0
0
0
0
0
0
0
0
0
0
0
0
0
0
0
0
0
0
0
0
0
0
0
0
0
0
0
0
0
0
0
0
0
0
0
0
0
0
0
0
0
0
0
0
0
0
0
0
0
0
0
0
0
0
0
0
0
0
0
0
0
0
0
0
0
0
0
0
0
0
0
0
0
0
0
0
0.0495334
0.0495334
0.0495334
0.0495334
0.0495334
0.0495334
0.0495334
0.0495334
0.0314458
0.0314458
0.0314458
0.0314458
0.0314458
0.0314458
0.0314458
0.0314458
0.0314458
0.0314458
0
0.0521793
0.0521793
0
0
0
0
0
0
0
0
0
0
0
0
0
0
0
0
0
0
0
0
0
0
0
0
0
0.0534087
0
0
0
0
0.0534087
0
0
0
0
0
0
0
0
0
0
0
0
0
0
0
0
0
0
0
0
0
0
0
0
0.0543125
0
0
0
0
0
0
0
0.0544389
0
0
0
0
0
0
0
0
0
0
0
0
0
0
0
0
0
0
0
0
0
0
0
0
0
0.0566009
0.0566009
0.0566009
0
0
0
0
0.0566009
0.0566009
0.0569407
0.0570863
0.0570863
0.0570863
0.0570863
0.0570863
0
0
0.0570863
0.0570863
0.0570863
0
0
0.0566009
0.0537825
0.0537825
0
0
0
0
0
0.0537825
0
0
0
0
0
0
0
0
0
0
0
0
0
0
0
0
0
0
0
0
0
0
0
0
0
0
0
0
0
0
0
0
0
0
0
0
0
0
0
0
0
0
0
0
0.141019
0.303488
0.303488
0.303488
0.303488
0
0.303488
0
0.303488
0.483046
0
0
0
0
0
0
0
0
0
0
0
0
0
0.140819
0.140819
0
0.140819
0
0
0
0
0
0.0314569
0.0314569
0.0314569
0.0314569
0.0314569
0.0314569
0
0
0
0
0
0
0
0
0
0.0314369
0.0314369
0.0314369
0.0314369
0.0314369
0
0
0
0
0
0
0
0
0
0
0
0
0
0
0
0
0
0
0
0
0
0
0
0
0
0
0
0
0
0
0
0
0
0
0
0
0
0
0
0
0
0
0
0
0
0.0502066
0.0502066
0.0502066
0.0502066
0.0502066
0.0502066
0.0502066
0
0
0
0
0.0502066
0.0528411
0.0528411
0.0528411
0.053311
0.0528411
0.0502066
0.0502066
0.0502066
0.0502066
0.0502066
0.0502066
0.0502066
0.0502066
0.0502066
0.0502066
0.0502066
0.0531173
0.0531173
0
0.0502066
0.0502066
0.0502066
0.0502066
0.0502066
0
0.0502066
0.0502066
0.0502066
0.0502066
0.0502066
0.0502066
0.0538159
0.0538159
0.0538159
0
0
0
0
0.0538159
0
0.0538159
0.0538159
0.0538159
0.0538159
0
0.0538159
0.0502066
0
0
0
0
0
0
0.0314458
0
0
0
0
0
0
0
0
0
0
0
0
0
0
0
0
0
0
0
0
0
0
0
0
0
0
0
0
0
0
0
0
0
0
0
0
0
0
0
0
0
0
0
0
0
0
0
0
0
0
0
0
0
0
0
0
0
0
0
0
0
0
0
0
0
0
0
0
0
0
0
0
0
0
0
0
0
0
0
0
0
0
0
0
0
0
0
0
0
0
0
0
0
0
0
0
0
0
0
0
0
0
0
0
0
0
0
0
0
0
0
0
0
0
0
0
0
0
0
0
0
0
0
0
0
0
0
0
0
0
0
0
0
0
0
0
0
0
0
0
0
0
0
0
0
0
0
0
0
0
0
0
0
0
0
0
0
0
0
0
0
0
0
0
0
0
0
0
0
0
0
0
0
0
0
0
0
0.0314392
0.0314392
0.0314392
0.0314392
0.0314392
0.0314392
0.0314392
0.0314392
0.0314392
0.0314392
0.0314481
0.0314525
0.0314525
0
0.0314525
0.0314525
0.0314481
0.0314481
0.0314481
0.0314481
0.0314481
0.0314392
0.0314525
0.0314525
0.0314392
0.0591165
0.0591165
0.0591165
0.176383
0
0.176777
0.0592497
0
0
0
0
0
0
0
0
0
0
0
0.0314525
0.0315171
0.0342911
0.0433322
0.0591165
0.0433322
0.0435312
0
0
0
0
0
0
0
0
0.031417
0
0.0314369
0.0314369
0.0314369
0.0314369
0.0314369
0.031668
0
0
0
0
0
0
0
0
0
0
0
0
0
0
0
0
0
0
0
0
0
0
0
0
0
0
0
0
0
0
0
0
0
0
0
0
0
0
0
0
0
0
0
0
0
0
0
0
0
0
0
0
0
0
0
0
0
0
0
0
0
0
0
0
0
0
0
0
0
0
0
0
0.0316228
0.0316228
0.0316228
0.0316228
0
0
0
0
0.0356753
0.0356753
0.0357436
0.038224
0.0356753
0.0356753
0.0356753
0.0356753
0.0356753
0.0356753
0.038097
0.038097
0.038097
0.038097
0.038097
0.038097
0.038097
0
0.038097
0.038097
0.0444116
0.0444116
0.0444116
0.038097
0.038097
0.0358452
0.0358452
0.0356753
0.0356753
0.0378003
0.0378003
0.0378003
0.0378003
0.0378003
0.0378003
0.0378003
0.041075
0
0.041075
0.041075
0
0.041075
0.041075
0
0
0
0
0
0
0
0.035855
0.035855
0.0356753
0.0356818
0.0356818
0.0356818
0.0356818
0.0356818
0.0356818
0.0356753
0.036233
0.036233
0.036233
0.036233
0
0.036233
0.036233
0
0
0
0
0
0
0
0
0
0
0
0
0
0
0
0
0
0
0
0
0
0
0
0
0
0
0
0
0
0
0
0
0.0315844
0.0315844
0.0315844
0
0
0
0
0
0
0.0315844
0
0
0
0
0
0
0
0
0
0
0
0
0
0
0
0
0
0
0
0
0
0
0
0
0
0
0
0
0
0
0
0
0
0
0
0
0
0
0
0
0
0
0
0
0
0
0
0.031607
0
0.0314481
0.0314481
0.0314481
0.0314481
0.0314481
0.0314481
0.0314481
0.0314481
0.0314481
0.0314481
0.0314481
0
0
0
0
0
0
0.0314458
0
0
0
0
0
0
0
0
0
0
0
0
0
0
0
0
0
0
0
0
0
0
0
0
0
0
0
0.0314481
0.0314481
0.0314481
0.0314481
0.0595793
0.0433322
0.0315171
0.0342767
0.0342767
0.0342911
0.0342767
0.0433322
0
0
0
0
0
0
0
0
0.0314458
0.0314458
0.0314458
0.0314458
0.0314458
0.0314458
0.0314458
0.0314458
0.0314458
0.0314458
0
0
0
0
0
0
0
0
0
0
0
0
0
0
0
0
0
0
0
0
0
0
0
0
0
0
0
0
0
0
0
0
0
0
0
0
0
0
0
0
0
0
0
0
0
0
0
0
0
0
0
0
0
0
0
0
0
0
0
0
0
0
0
0
0
0
0
0
0
0
0
0
0
0
0
0
0
0
0
0
0
0
0.0314458
0.0314458
0.0314458
0.0314458
0.0314458
0.0314458
0.0314458
0.0314458
0.0314458
0.0314458
0.0314458
0.0314458
0.0314458
0
0
0
0
0
0
0
0
0
0
0
0
0
0
0
0
0
0
0
0
0
0
0
0
0
0
0
0
0
0
0
0
0
0
0
0
0
0
0
0
0
0
0
0
0
0
0
0
0
0
0
0
0
0
0
0
0
0
0
0
0.0780529
0.0780529
0.0780529
0.0780529
0.163768
0.163768
0
0
0.763763
0.0780529
0.19144
0.19144
0
0.336011
0.336011
0.336011
0.336011
0.336011
0.336011
0.336011
0.336011
0.336011
0.336011
0.377964
0.336011
0.0561403
0.0561403
0.0561403
0.0561403
0
0.031668
0.031668
0.031668
0
0.031668
0.031668
0.0317409
0
0
0.031668
0
0
0.031668
0
0.031668
0.031668
0.031668
0.031668
0.031668
0.031668
0.031668
0.031668
0.031668
0.031668
0.031668
0.031668
0.031668
0.031668
0.031668
0.031668
0.031668
0.031668
0.031668
0.031668
0.031668
0.031668
0.031668
0.031668
0.031668
0.031693
0.031693
0
0
0.031668
0.031668
0.031693
0.031693
0.031668
0.031668
0.031668
0.031668
0.031668
0.031668
0.031693
0
0.031668
0.031668
0.031668
0.031668
0.031668
0.031668
0.031668
0.031668
0.031668
0.031668
0.031668
0.031668
0.031668
0.031668
0.031668
0.031668
0.031668
0.031668
0.031668
0.031693
0.031693
0.031693
0.031693
0.031693
0.031693
0.031693
0.031693
0.031693
0.031693
0.031693
0.031693
0.031693
0.031693
0
0
0.0336309
0.0336309
0
0
0
0.031693
0.031693
0.031693
0.031693
0.031693
0.031693
0.031693
0.031693
0.031693
0.031693
0.0436258
0.0436258
0
0.0436258
0
0.0436258
0.031693
0.031693
0.031693
0.031693
0
0
0.031693
0
0
0
0
0.031693
0
0
0
0
0
0
0
0
0
0
0
0
0
0
0
0.0436495
0
0
0.0436495
0
0
0
0
0.031693
0.031693
0.0436495
0.0436495
0.0436495
0.0436495
0.0436495
0.0436495
0.0436495
0.031693
0.0436495
0.0512316
0.0512316
0
0
0.0528622
0.0528622
0
0
0
0
0
0
0
0
0
0
0.053827
0.053827
0
0.0512316
0
0.0436495
0
0.0526628
0.031693
0.031693
0.031693
0.0437509
0.0437509
0.031693
0.031693
0.0437509
0
0.0437509
0.0421503
0.0421503
0.0421503
0
0
0
0.0421503
0.0421503
0.0376851
0.0376851
0.0376851
0
0.0376851
0.0376851
0
0
0
0
0
0
0
0
0
0
0.031693
0.031693
0.031693
0.031693
0.031693
0.031693
0.031693
0.0436495
0.0436495
0.0436495
0.0436495
0.0436495
0.0436495
0.0436495
0.0436495
0.0436495
0
0
0
0
0
0
0.031693
0
0.031693
0.031693
0.031693
0.031693
0.0453143
0.031693
0.0319671
0
0
0
0
0
0
0
0
0
0
0
0
0
0
0
0
0
0
0
0
0
0
0
0
0
0
0
0
0
0
0
0
0.0986699
0
0
0
0
0
0
0
0
0
0
0
0
0
0.0382519
0
0
0
0
0
0
0
0
0
0
0
0
0
0
0
0
0
0
0
0
0
0
0
0
0
0
0
0
0
0
0
0.0344098
0
0.0333811
0
0
0
0
0
0
0.031693
0
0.034571
0
0
0.0318211
0
0
0
0
0
0.0436495
0.0436495
0.0436495
0.0436495
0.0436495
0.0436495
0.0436495
0.0436495
0.0436495
0.0436495
0.0436495
0.0436495
0.0436495
0.0436495
0.0436495
0.0436495
0.0436495
0.0436495
0.0436495
0.0436495
0.0436495
0
0.0436495
0.0511453
0.0436495
0.0436495
0.0436495
0.0436614
0.0436614
0.0436614
0.0436614
0.0436614
0.0436614
0.0436614
0.0436495
0.0436495
0.0514636
0
0.0569275
0
0
0.0491304
0.0491304
0
0
0
0.0545661
0.0569935
0.0556784
0.056757
0.056757
0.0552639
0.0552639
0.0569275
0.0560646
0.0563436
0.0563436
0.0563436
0
0
0
0.048737
0.048737
0.048737
0.048737
0.0539052
0.0539052
0.0539052
0.0539052
0.0489116
0.0489116
0.0489116
0.0569275
0.0569275
0.0569275
0.0569275
0.0569275
0.0489116
0.0489618
0.0489116
0.0489116
0.0489116
0.0489116
0.0489116
0.0561529
0.0561529
0
0
0
0.0561529
0.0561529
0.0561529
0.0561529
0.0561529
0.0561529
0.0436614
0.0436614
0.0436614
0
0.0436495
0.0436495
0.0436495
0.0436495
0
0
0
0.0436495
0.0436495
0.0436495
0.0436495
0.0436495
0.0436495
0.0436495
0.0436495
0.0436495
0.0436495
0.0436495
0.0512219
0.0512219
0.0436614
0.0436673
0.0436614
0.048737
0.0491728
0.0488199
0.0436495
0.0436495
0
0
0.0561656
0.0561656
0
0
0
0.0436495
0.0436495
0.0436495
0.0436495
0.0436495
0.0436495
0.0436495
0
0
0
0
0.0436495
0.0436495
0.0436495
0.0511453
0
0
0.0511453
0.0511453
0.0511453
0.0436495
0.0436495
0.0511453
0.0511453
0
0
0
0
0
0.0436495
0.0436495
0.0436495
0.0436495
0
0
0
0
0
0.0438831
0
0
0
0
0.0438831
0.0438831
0.0438831
0.0438831
0
0
0
0
0
0
0
0.0438831
0
0.0438831
0.0512219
0.0512219
0.0512219
0.0436495
0.0436495
0.0436495
0.0436495
0.0436495
0.0436495
0.0436495
0.0436495
0.0436495
0.0436495
0.0436495
0.0436495
0.0436495
0.0436495
0.0436495
0.0436495
0.0436495
0.0436495
0.0436495
0.0436495
0.0436495
0.0436495
0.0436495
0.0436495
0.0436495
0
0.0436495
0.0436495
0.0436495
0.0436495
0.0436495
0.0436495
0.0436495
0.0436495
0.0436495
0.0436495
0.0436495
0.0436495
0.0436495
0.0436495
0.0436495
0.0436495
0.0436495
0.0436495
0.0436495
0.0436495
0.0436495
0.0436495
0.0436495
0.0489032
0
0
0
0
0
0
0
0
0
0
0.0436495
0.0436495
0.0436495
0.0436495
0
0
0
0
0
0.0440347
0
0.0436495
0.0436495
0.0436614
0.0436614
0.0436614
0
0
0.0436495
0
0.0436495
0.0436495
0
0
0
0
0.0512316
0.0569803
0.0512316
0.0512316
0.0515417
0.0518177
0.054965
0.054965
0.054965
0.0436614
0.0436614
0.0436614
0.0436614
0.0436614
0
0.0436614
0.0436614
0
0
0
0
0
0
0
0
0
0
0
0
0
0
0
0
0
0
0
0
0
0
0
0.0476422
0
0
0
0.0476422
0
0
0
0
0
0
0
0
0
0
0
0
0
0
0
0
0
0
0
0
0
0
0
0
0
0
0
0
0
0
0
0
0
0
0
0
0
0
0
0
0
0
0
0
0
0
0
0
0
0
0
0
0
0
0
0
0
0
0
0
0
0
0
0
0
0
0
0
0
0
0
0
0
0
0
0
0
0
0
0
0
0
0
0
0
0
0
0
0
0
0
0
0
0
0
0
0
0
0
0
0
0
0
0
0
0
0
0
0
0
0
0
0
0
0
0
0
0
0
0
0
0
0
0
0
0
0
0
0
0
0
0
0
0
0
0
0
0
0
0
0
0
0
0
0
0
0.0535397
0.0535397
0.0535397
0.0535397
0.0535397
0.0535397
0.0535507
0.0535507
0
0.0535507
0.0535507
0.0535507
0.0535507
0.0535397
0.0535397
0.0535397
0
0.0535397
0
0.0535397
0.0535397
0
0
0
0
0
0
0
0
0
0.0535397
0
0.0535397
0
0
0
0.0535397
0
0
0.0535397
0.0535397
0
0
0
0
0
0
0.0541417
0.0535397
0
0
0
0
0
0
0
0
0
0.0556661
0.0556661
0
0
0
0.0580678
0
0
0
0
0
0
0
0.05878
0.0580678
0
0
0
0
0
0.05702
0.05702
0.05702
0
0.05702
0
0.05702
0.05702
0
0
0
0
0
0
0
0
0
0
0
0
0
0
0
0
0
0
0
0
0
0.049105
0.049105
0.049105
0.049105
0.049105
0.049105
0.049105
0.049105
0.0501886
0.0501886
0.0501886
0.0501886
0.0563692
0.0501886
0.049105
0.049105
0.049105
0.0516201
0
0.049105
0
0
0
0
0
0.390095
0
0.390095
0
0
0
0
0
0
0.0521286
0
0.0521286
0
0
0.0521286
0
0
0
0
0
0
0.0526942
0.0521286
0.0563692
0
0
0
0.0502338
0
0.242536
0
0
0
0.242536
0.242536
0.0436495
0
0
0
0
0
0
0.0436495
0
0
0
0
0
0
0
0
0
0
0
0
0
0
0
0
0
0
0
0.0556661
0.0556661
0.0556661
0.0556661
0.0556661
0
0.0556661
0.0556661
0.0556661
0
0
0.0556661
0
0.0556661
0
0.0556661
0.0556661
0
0.0556661
0
0
0
0
0
0
0
0
0
0
0
0
0
0
0
0
0
0
0
0
0
0
0
0
0
0
0
0.0499287
0.0499287
0
0.0535507
0.0535507
0.0535507
0.0535507
0.0535507
0.0535507
0.0535507
0.0535507
0.0535507
0.0495943
0.0495943
0
0.0499287
0.0495943
0.0495943
0.0495943
0.0495943
0.0495943
0
0
0
0
0
0
0
0
0
0
0
0
0
0
0
0
0
0
0
0
0.0489116
0.0569803
0.0569803
0.0569803
0.0569803
0.0569803
0.0569803
0.0569803
0
0
0
0
0
0
0
0
0
0
0
0
0
0
0
0
0
0
0
0
0
0
0
0
0
0
0
0
0
0
0
0
0
0
0
0
0
0
0
0
0
0
0
0
0
0
0
0
0
0
0
0
0
0
0
0
0
0
0
0
0
0
0
0
0
0
0
0
0
0
0
0
0
0
0
0
0
0
0
0
0
0
0
0
0
0
0
0
0.0499287
0.0501976
0.0501976
0.0501976
0.0501976
0.0501976
0
0.0501976
0.0501976
0
0.0535507
0.0535507
0.0535507
0.0535507
0.0535507
0.0563692
0.0563692
0
0.0563692
0.0535507
0.0535507
0.0535507
0.0535507
0.0563692
0.0536166
0.0556784
0.0556784
0.0556784
0.0535507
0
0.0535507
0.0535507
0
0
0
0
0
0
0
0
0
0
0.0495769
0.0495769
0.0495769
0.0568617
0.0568617
0
0.0568617
0.0568617
0.0568617
0.0496816
0.0569275
0.0569275
0
0.0569275
0.0569275
0.0569275
0
0
0
0
0
0
0.0569275
0.0493178
0
0
0
0
0
0.0493607
0.0545777
0.0494468
0.0494468
0.0494468
0
0
0.0494468
0
0
0.0494468
0.0493264
0.0551557
0.0494209
0
0
0.0494209
0.0573135
0.0573135
0.0494209
0
0
0.0494209
0.0494209
0.0494209
0
0
0.0494727
0
0.0494727
0
0
0.0491558
0
0.0491558
0.0491558
0.0491558
0.0491558
0
0
0
0
0.0491558
0.0491558
0.0569275
0.0569275
0.0569275
0.0569275
0.0569275
0.0569275
0.0569275
0
0.0569275
0.0491558
0
0
0
0
0
0
0
0
0
0
0
0
0
0
0
0
0
0
0
0
0
0
0
0
0
0
0
0
0
0
0
0
0
0
0
0
0
0
0
0
0
0
0
0
0
0
0
0
0
0
0
0
0
0
0
0
0
0
0
0
0
0
0
0
0
0
0
0
0
0
0
0
0
0
0
0
0
0
0
0
0
0
0
0
0
0
0
0
0
0
0
0.056757
0.056757
0.0568617
0.056757
0.056757
0
0
0
0
0
0
0
0
0.056757
0.056757
0
0.056757
0.056757
0.056757
0
0
0
0
0.056757
0
0
0
0
0
0
0
0
0
0
0
0
0
0
0
0
0
0
0
0
0
0
0.0573135
0.0573135
0.0573135
0
0.0573135
0.0573135
0
0.0573135
0.0573135
0.0573135
0.0573135
0.0573135
0.0573135
0
0.0573135
0.0573135
0.0573135
0.0573135
0
0
0
0
0.0573135
0.0573135
0.0573135
0
0.0573135
0.0573135
0
0.0573135
0.0573135
0.0573135
0.0573135
0
0.0573135
0.0573135
0.0573135
0.0573135
0.0573135
0.0573135
0.0573135
0
0.0532139
0.0543813
0.0566788
0.0490122
0.0490122
0.0490122
0.0436495
0.0436495
0.0436495
0
0
0
0.0447341
0.0439375
0.0439375
0.0439375
0.0506092
0.0506092
0
0
0.0436495
0.0436495
0.0563948
0.0563948
0.0436495
0.0436495
0.0436495
0.0436495
0.0436495
0.0436495
0.0436495
0.0542098
0.0542098
0.0542098
0.0436495
0.0561529
0.0561529
0.0561529
0.0436495
0
0.0436495
0.0436495
0.049105
0.049105
0.049105
0.049105
0.049105
0.0504617
0.0504617
0.049105
0.049105
0.031693
0.0344098
0.0344098
0.0443554
0.0443554
0.0344098
0.0376127
0.0376851
0
0
0
0
0
0.0376127
0.0376127
0
0
0
0
0
0
0
0
0.0381405
0.0381405
0.0381405
0
0.0381405
0.031693
0.031693
0.0317181
0.0317181
0.031693
0.031693
0.031693
0.031693
0
0
0
0
0
0.031693
0
0.031693
0.031693
0.0342968
0.0317181
0.0317181
0.0347704
0
0
0
0
0
0
0
0
0
0
0
0
0
0
0
0
0
0
0
0
0
0
0
0
0
0.0333811
0.0333811
0.0333811
0
0
0
0
0
0
0
0
0
0
0
0
0
0
0
0.034879
0.034879
0.034879
0.0412543
0.0412543
0
0
0.0412543
0.0412543
0.0412543
0.034879
0.034879
0.034879
0.0412543
0.0412543
0.0412543
0.0412543
0.034879
0.034879
0.034879
0.034879
0.0379673
0.0412543
0.034879
0.034879
0.034879
0.0421503
0.0421503
0.0421503
0
0.0421503
0.034879
0.034879
0.034879
0
0
0.034879
0.034879
0.034879
0
0
0
0
0
0
0.0367643
0.0367643
0.0367643
0.0367643
0.0367643
0.0681994
0
0
0
0
0
0
0
0
0
0
0
0
0
0
0
0
0
0.0318396
0.0318234
0.0376851
0.0318396
0
0.0318396
0.0376851
0
0.0393706
0.0318396
0
0.0337786
0
0
0
0
0
0
0
0
0
0
0
0
0
0
0
0
0
0
0
0
0
0
0
0
0
0
0
0
0
0
0
0
0
0
0
0
0
0
0
0
0
0
0
0
0
0.0379751
0.0379751
0.0379751
0.0379751
0
0.0379751
0.0379751
0.0379751
0.0379751
0.0379751
0
0
0
0
0
0
0
0
0
0
0
0
0
0
0
0
0
0
0
0
0
0
0
0
0
0
0
0
0
0
0
0
0
0
0
0
0
0
0
0
0
0
0
0
0
0
0
0
0
0
0
0
0
0
0
0
0
0
0
0
0
0
0
0
0
0
0
0
0
0
0
0
0
0
0
0
0
0
0
0.0378273
0.0378273
0
0.0348065
0
0.0348065
0.0348065
0.0348065
0.0348065
0.0348065
0.0348065
0.0348065
0
0.0348065
0.0348065
0.0409077
0.0409077
0.0348065
0
0
0
0
0
0
0
0
0
0
0
0
0
0
0.031693
0.031693
0
0
0.0381405
0
0.0344098
0.0347704
0
0
0
0
0
0
0
0
0
0
0
0.033328
0.0333811
0
0
0
0.0681994
0
0
0
0
0
0.034879
0
0.0379751
0
0
0
0
0.0318396
0
0
0
0
0
0.031693
0
0
0
0
0.0348065
0.0348065
0.0348065
0.0348065
0
0
0
0
0
0
0
0
0
0
0
0.0436495
0
0
0
0
0
0
0
0
0.0436495
0.0436495
0.0436495
0.0436495
0.0436495
0
0
0.0436495
0.0436495
0.031668
0.031668
0.031668
0.031668
0.031668
0.031668
0.031668
0.031668
0.031668
0.031668
0.031668
0.031668
0.031668
0.031668
0.031668
0.031668
0.031668
0.031668
0.031668
0.031668
0.031668
0.031668
0.031668
0.031668
0.031668
0.031668
0.031668
0.031668
0.031668
0.031668
0.031668
0.031668
0.031668
0.031668
0.031668
0.031668
0.031668
0.031668
0.031668
0.031668
0.031668
0.031668
0.031668
0.031668
0.031668
0.031668
0.031668
0.031668
0.031668
0.031668
0.031668
0.031668
0.031668
0.031668
0.031668
0.0436495
0
0
0
0
0
0
0.0314392
0
0
0
0
0
0
0
0
0
0
0
0
0
0
0
0
0
0
0
0
0
0
0
0
0
0
0
0
0
0
0
0
0
0.0314259
0
0.0314259
0.0314259
0.0314259
0.0314259
0
0
0.0314259
0
0.0505629
0.0505629
0.0505629
0.0505629
0.0495421
0.0495421
0
0.0495421
0.0314369
0.0314369
0.0314369
0.0314369
0.0314369
0.0314369
0
0
0.0495334
0.0495334
0.0495334
0.0495334
0.0520076
0.0520076
0.0520076
0.0520076
0.0508704
0.0508704
0.0531173
0.0521185
0.0495334
0.0500358
0.0514636
0.0529256
0
0.0530959
0
0.0500358
0.0495508
0.0495508
0.0495508
0.0495508
0.0495508
0.0495508
0.0495508
0.0495508
0.0495508
0.0495508
0.0495508
0.08593
0.08593
0
0.0861575
0.0861575
0.0495508
0.0495508
0.0495508
0.0495508
0.0495508
0.0495508
0.0495508
0
0.0495508
0.0495508
0.0502066
0.0502066
0.0502066
0.0502066
0.0538159
0.0538159
0.0538159
0.0551079
0.0551079
0
0.0551079
0.0551318
0.0551079
0.0551318
0.0551318
0.0538159
0.0538159
0.0538159
0
0.0538159
0.0495508
0.0495508
0.0495508
0.0495508
0
0.0495508
0.0495508
0.0495508
0.0495508
0.0495508
0.0495508
0.0495508
0.0495508
0.0495508
0.0495508
0.0495508
0.0495508
0.0495508
0
0
0
0
0
0
0
0
0
0
0
0
0
0
0
0
0
0
0
0
0
0
0
0
0
0
0
0
0
0
0
0.0495508
0.0495508
0.0495508
0.0495508
0.0519174
0.0519174
0.0498224
0.0498224
0.0519474
0.0519474
0
0
0
0
0
0
0
0
0
0
0
0
0
0
0
0
0
0
0
0.149071
0.149071
0
0
0
0
0
0
0
0
0
0
0
0
0
0
0
0
0
0.0508892
0.0508892
0.0550244
0
0
0
0
0.0511358
0.0511358
0
0
0
0
0
0
0.0495508
0
0
0
0
0
0
0
0
0
0
0
0
0
0
0
0
0
0.0519174
0.0519174
0.0519174
0.0519174
0.0519174
0.0519174
0.0519174
0.0519174
0.0506648
0.0506648
0.0624826
0.0624826
0.0624826
0.0624826
0.0818448
0.0624826
0.0624826
0.0871332
0.0871332
0.0871332
0.0529256
0.0529256
0.0530212
0.0529256
0.0529256
0.0506648
0.0529256
0.0529256
0.0529256
0.0529256
0.0529256
0.0529256
0
0.0529256
0
0
0
0
0
0
0
0
0
0.0529362
0
0.0535178
0
0
0
0
0
0
0
0.0535178
0.0550244
0.0550244
0.0550244
0.0550244
0.0525174
0.0525174
0.0525174
0.0525174
0.0525174
0.053257
0
0.0531494
0.0498224
0.0498224
0.0498224
0.0498224
0.0643394
0.0643394
0.0643394
0.0500985
0.0500985
0.0502338
0.0502338
0.0502338
0.0502338
0
0
0
0.0502338
0.0502519
0.0502519
0
0.0500985
0.0500985
0
0
0
0
0
0
0
0
0
0
0
0
0
0
0
0
0
0
0
0
0
0
0
0
0
0
0
0
0
0
0
0
0
0
0
0
0
0
0
0
0
0
0
0
0
0
0
0
0
0
0
0
0
0
0
0
0
0
0
0
0
0
0
0
0
0
0
0
0
0
0
0
0
0
0
0
0
0
0
0
0
0
0
0
0
0
0
0
0
0
0
0
0
0
0
0
0
0.168687
0
0.168687
0.168687
1
0
0.168687
0
0
0
0
0
0
0
0
0
0
0
0
0
0
0
0
0
0
0
0
0
0
0
0
0
0
0
0
0
0
0
0
0
0
0
0
0
0
0
0
0
0
0
0
0
0
0
0
0
0
0
0
0
0
0
0
0
0
0
0
0
0
0
0
0
0
0
0
0
0
0
0
0
0
0
0
0
0
0
0
0
0
0
0
0
0
0
0
0
0
0
0
0
0
0
0
0
0
0
0
0
0
0
0
0
0
0
0
0
0
0
0
0
0
0
0
0
0
0
0
0
0.0498578
0.0498578
0.0498578
0
0
0
0
0
0
0.0519474
0.0519474
0.0519474
0.0519474
0.0519474
0
0
0
0
0.0518974
0.0519374
0.0519374
0.0519374
0.172958
0.0518974
0.0519474
0.0519474
0.0519474
0.0519474
0.0519474
0.0526524
0.0526524
0.0526524
0.0526524
0.0526524
0.0531066
0.0519474
0.0528939
0.0528939
0.0533218
0.0519474
0.0521894
0.0521894
0
0
0
0.0519474
0.0952844
0.0952844
0
0.0519474
0.112004
0.0521691
0
0.0521691
0
0
0
0
0
0
0
0
0
0
0
0
0
0
0
0
0
0
0
0
0
0
0
0
0
0
0
0
0
0
0
0
0.07606
0.07606
0.07606
0
0.07606
0
0.0760915
0.0760915
0.071247
0.0502066
0.0502066
0
0.0502157
0.0708881
0
0
0
0
0
0
0
0
0
0
0
0
0
0
0
0
0
0
0
0
0
0
0
0
0.0463312
0.0463312
0.0463312
0.0463312
0.0463312
0.0463312
0.0463312
0.0463312
0.0463312
0.0463312
0.0463312
0.0463312
0.0463312
0.0463312
0.0463312
0.0463312
0.0463312
0.0463312
0.0463312
0.0463312
0
0
0
0
0
0
0.0463312
0.0463312
0
0.0463312
0.0463312
0.0463312
0.0463312
0.0463312
0.0463312
0.0463312
0.0463312
0
0.0463312
0.0463312
0.0463312
0.0463312
0.0463312
0.0463312
0.0463312
0.0463312
0.0463312
0.048361
0.0483772
0.0483772
0.052404
0
0
0.0463312
0.0463312
0
0
0
0
0.0483772
0.0467342
0
0
0
0.0463383
0.0463312
0
0
0
0
0
0
0
0
0
0
0
0
0
0
0.0463312
0.0463312
0.0483772
0.0483772
0.0482083
0.0482083
0
0
0
0
0
0
0
0
0
0
0
0
0
0
0
0.0480649
0.0480649
0
0
0
0
0
0
0
0
0
0
0
0
0
0
0
0
0
0
0
0
0
0
0
0
0
0
0
0
0
0
0
0
0
0
0
0
0
0
0
0
0
0
0
0
0
0
0
0
0
0
0
0
0
0
0
0
0
0
0
0
0
0
0.0463312
0.0463312
0
0.0463312
0.0463312
0.0535726
0.0463312
0.0463383
0.048353
0.0463312
0.0463525
0
0.0463881
0
0.0463312
0.0483772
0.0483772
0.0483772
0.0483772
0.0483772
0.0482083
0.0482083
0.0482083
0
0
0
0
0
0
0
0
0
0
0
0
0
0
0
0
0
0
0
0
0
0
0
0
0
0
0
0
0
0
0
0
0
0
0
0
0
0
0
0
0
0
0
0
0
0
0
0
0
0
0
0
0
0
0
0
0
0
0
0
0
0
0
0
0
0
0
0.0480649
0.0480649
0.0480649
0.046381
0
0.0461827
0.0461827
0.0463596
0.046218
0
0
0
0
0
0
0
0
0
0
0
0
0
0
0
0
0
0
0
0
0
0
0
0
0
0
0.046225
0.046225
0.0552158
0.046225
0.0471106
0.0463739
0.0462391
0
0
0
0
0
0.0462391
0.0463312
0.0463312
0.0463312
0.0463312
0.046517
0.0743001
0.0743001
0.0743001
0.075104
0
0
0
0
0
0
0
0
0
0
0
0
0.0469102
0
0
0
0
0
0
0
0
0
0
0
0
0
0
0.046517
0.0478287
0
0.0465458
0.0469028
0.048049
0.0478443
0
0
0
0
0
0
0
0
0
0
0
0
0
0
0
0
0
0
0
0.031607
0
0
0
0
0
0
0
0
0
0
0
0
0
0
0
0
0
0
0
0
0
0
0
0
0
0
0
0
0
0
0
0
0
0
0
0
0
0
0
0
0
0
0
0
0
0
0
0
0
0
0
0
0
0
0
0
0
0
0
0
0
0
0
0
0
0
0
0
0
0
0
0
0
0
0
0
0
0
0
0
0
0
0
0
0
0
0
0
0
0
0
0
0
0.031375
0
0
0
0
0.0314392
0.0314392
0.0314392
0.0314392
0.0314392
0.0314392
0.0314392
0
0
0
0
0
0
0
0
0
0
0
0
0
0
0
0
0
0
0
0
0
0
0
0
0
0
0
0
0
0
0.0314458
0.0314458
0.0314458
0.0314458
0.0314458
0.0314458
0.0314458
0.0314458
0.0314458
0.0314458
0.0314458
0.0314458
0.0314458
0.0314458
0
0
0
0
0
0
0
0
0
0
0
0
0
0
0
0
0
0
0
0
0
0
0
0
0
0
0
0
0
0
0
0
0
0
0
0
0
0
0
0
0
0
0
0
0
0
0
0
0
0
0
0
0
0
0
0
0
0
0
0
0
0
0
0
0
0
0
0
0
0
0
0
0
0
0
0
0
0
0
0
0
0
0
0
0
0
0
0
0
0
0
0
0
0
0
0
0
0
0
0
0
0
0
0
0
0
0
0
0
0
0
0
0
0
0
0
0
0
0
0
0
0
0
0
0
0
0
0
0
0
0
0
0
0
0
0
0
0
0
0
0
0
0
0
0
0
0
0
0
0
0
0
0
0
0
0
0
0
0
0
0
0
0
0
0
0
0
0
0
0
0
0
0
0
0
0
0
0
0
0
0
0
0
0
0
0
0
0
0
0
0
0
0
0
0
0
0
0
0
0
0
0
0
0
0
0
0
0
0
0
0
0
0
0
0
0
0
0
0
0
0
0
0
0
0
0
0
0
0
0
0
0
0
0
0
0
0
0
0
0
0
0
0
0
0
0
0
0
0
0
0.0314347
0.0314347
0.0314347
0.0314347
0.0314347
0.0314347
0.0314347
0.0314347
0.0314347
0.0314347
0.0314347
0
0
0
0
0
0
0
0
0
0
0
0
0
0
0
0
0
0
0
0
0
0
0
0
0
0
0
0
0
0
0
0
0
0
0
0
0
0
0
0
0
0
0
0
0
0
0
0
0
0
0
0
0
0
0
0
0
0
0
0
0
0
0
0
0
0
0
0
0
0
0
0
0
0
0
0
0
0
0
0
0
0
0
0
0
0
0
0
0
0
0
0
0
0
0
0
0
0
0
0
0
0
0
0
0
0
0
0
0
0
0
0
0
0
0
0
0
0
0
0
0
0
0
0
0
0
0
0
0
0
0
0
0
0
0
0
0
0
0
0
0
0
0
0
0
0
0
0
0
0
0
0
0
0
0
0
0
0
0
0
0
0
0
0
0
0
0
0
0
0
0
0
0
0
0
0
0
0
0
0
0
0
0
0
0
0
0
0
0
0
0
0
0
0
0
0
0
0
0
0
0
0
0
0
0
0
0
0
0
0
0
0
0
0
0
0
0
0
0
0
0
0
0
0
0
0
0
0
0
0
0
0
0
0
0
0
0
0
0
0
0
0
0
0
0
0
0
0
0
0
0
0
0
0
0
0
0
0
0
0
0
0
0
0.0314392
0.0314392
0.0314392
0.0314481
0.0314481
0.0315171
0.0314481
0.0351209
0.0495508
0.0317112
0.0317112
0.0317112
0.0317112
0
0
0
0
0
0
0
0
0
0
0
0
0
0
0
0
0
0.0314569
0.0314569
0.0314569
0.0314569
0.0314569
0.0314569
0.0314569
0
0
0
0
0
0
0
0
0
0
0
0
0
0
0
0
0
0
0
0
0
0
0
0
0
0
0
0
0
0
0
0
0
0
0
0
0
0
0
0
0
0
0
0
0
0
0
0
0
0
0
0
0
0
0
0
0
0
0
0
0.0314458
0
0
0
0
0
0
0
0
0
0
0
0
0
0.031417
0.031417
0.031417
0.031417
0.031417
0
0
0
0
0
0.0494987
0
0
0
0
0
0
0
0.0478913
0.0492579
0.0492579
0.0492579
0.0495421
0
0
0
0
0
0
0
0
0.0489116
0.0489116
0.0489116
0.0489116
0.0489116
0.0489116
0.0489116
0.0489116
0.0489116
0.0489116
0.0489116
0.0489116
0.0489116
0.0489116
0.0489116
0.0494814
0
0.0489116
0.0669864
0.0669864
0.0669864
0.0669864
0.0669864
0.0528306
0.0528306
0.145424
0
0.145424
0.0528306
0.149071
0
0
0.0494123
0
0
0
0
0.0500626
0
0.0489116
0.0489116
0
0
0
0.0489116
0
0
0
0
0
0
0
0
0
0
0
0
0
0
0
0
0
0
0
0
0
0
0.0494727
0.0494727
0.049516
0.0494727
0.0494727
0.0494727
0.0494727
0
0.0494814
0.0495508
0
0
0
0
0
0
0
0
0
0
0
0
0
0
0
0
0
0
0
0
0
0
0
0
0
0
0
0
0
0
0
0
0
0
0
0
0
0.0489116
0.0489116
0.0489116
0.0489116
0.0489116
0.0489116
0.0489116
0
0
0
0
0
0
0
0
0
0
0
0
0
0
0
0
0
0
0
0
0
0
0
0
0
0
0
0
0
0
0
0
0
0
0
0.0500626
0
0.0501075
0.0669864
0.0669864
0.0669864
0
0
0
0
0
0
0
0
0
0
0
0
0
0
0
0
0
0
0
0
0
0
0
0
0
0
0
0
0
0
0
0
0
0
0
0
0
0
0
0
0
0
0
0
0
0
0
0
0
0
0
0
0
0
0
0
0
0
0
0
0
0
0
0
0
0
0
0
0
0.0314458
0.0314458
0
0
0
0
0
0
0
0
0
0
0
0
0
0
0
0
0
0
0
0
0
0
0
0
0
0
0
0
0
0
0
0
0
0
0
0
0
0
0
0
0
0
0
0
0
0
0
0
0
0
0
0
0
0
0
0
0
0
0
0
0
0
0
0
0
0
0
0
0
0
0
0
0
0
0
0
0
0
0
0
0
0
0
0
0
0
0
0
0
0
0
0
0
0
0
0
0
0
0
0
0
0
0
0
0
0
0
0
0
0
0
0
0
0
0
0
0
0
0
0
0
0
0
0
0
0
0
0
0
0
0
0
0
0
0
0
0
0
0
0
0
0
0
0
0
0
0
0
0
0
0
0
0
0
0
0
0
0
0
0
0
0
0
0
0
0
0
0
0
0
0
0
0
0
0
0
0
0
0
0
0
0
0
0
0
0
0
0
0
0
0
0
0
0
0
0
0
0
0
0
0.031417
0
0
0
0
0
0
0
0
0
0
0
0
0
0
0
0
0
0
0
0
0
0
0
0
0
0
0
0
0
0
0
0
0
0
0
0
0
0
0
0
0
0
0
0
0
0
0
0
0
0
0
0
0
0
0
0
0
0
0
0
0
0
0
0
0
0
0
0
0
0
0
0
0
0
0
0
0
0
0
0
0
0
0
0
0
0
0
0
0
0
0
0
0
0.0337676
0.0337676
0.0337676
0.0337676
0.0337676
0.0507767
0.0577763
0
0
0
0
0
0
0.0419117
0.042161
0
0
0.0552278
0.0552278
0
0
0
0
0
0.031375
0
0
0
0
0
0
0
0
0
0
0
0
0
0
0
0
0
0
0
0
0
0
0
0
0
0
0
0.0495508
0
0
0
0
0
0
0
0
0
0
0
0
0
0
0
0
0
0
0
0
0
0
0
0
0
0
0
0
0
0.0313882
0
0
0
0.0315844
0.0315844
0.0315844
0.0315844
0.0501345
0.0501345
0.0501345
0
0
0
0
0
0
0
0.031668
0
0
0
0
0
0
0
0
0
0
0
0
0
0
0
0
0
0
0
0
0
0
0
0
0
0.0314392
0
0.0495508
0.0495508
0.0495508
0.0495508
0.0495508
0
0.0495508
0.0495508
0.0495508
0.0502066
0.0502066
0.0495508
0.0495508
0.0495508
0.0502066
0
0.0502066
0
0.0502066
0.0512028
0.0512028
0.0512028
0.0512028
0.0528306
0.0528306
0.0528411
0.0528306
0
0.0512028
0
0
0
0
0
0
0
0.0502066
0
0
0
0
0
0
0
0
0
0
0
0
0
0
0
0
0
0
0
0
0
0
0
0
0
0
0
0
0
0
0
0
0
0
0
0
0
0
0
0
0
0
0
0
0
0
0
0
0
0
0
0
0
0
0
0
0
0
0
0
0
0
0
0
0
0
0
0
0
0
0
0
0
0
0
0
0
0
0
0
0
0
0.031417
0.031417
0
0
0
0
0
0
0
0
0
0
0
0
0
0
0
0
0
0
0
0
0
0
0
0
0
0
0
0
0
0
0
0
0
0
0
0
0
0
0
0
0
0
0
0
0
0
0
0
0
0
0
0
0
0
0
0
0
0
0
0
0
0
0
0
0
0
0
0
0
0
0
0
0
0
0
0
0
0
0
0
0
0
0
0
0
0
0
0
0
0
0
0
0
0
0
0
0
0
0
0
0
0
0
0
0
0
0
0
0
0
0
0
0
0
0
0
0
0
0
0
0
0
0
0
0
0
0
0
0
0
0
0
0
0
0
0
0
0
0
0
0
0
0
0
0
0
0
0
0
0
0
0
0
0
0
0
0
0
0
0
0
0
0
0
0
0
0
0
0
0
0
0
0
0.0314458
0
0
0
0
0
0
0
0
0
0
0
0
0
0
0
0
0
0
0
0
0
0
0
0
0
0
0
0
0
0
0
0
0
0
0
0
0
0
0
0
0
0
0
0
0
0
0
0
0
0
0
0
0
0
0
0.0314458
0.0314458
0
0
0
0
0
0
0
0
0
0
0
0
0
0
0
0
0
0
0
0
0
0
0.031417
0.031417
0
0
0
0
0
0
0
0
0
0
0
0
0
0
0
0
0
0
0
0
0
0
0
0
0
0
0
0
0
0
0
0
0.0314458
0
0.0463312
0
0
0.0498047
0.0498047
0.0498047
0.0498047
0.0498047
0.0498047
0.0498047
0.0508329
0.0508329
0
0
0
0
0
0
0
0
0
0
0
0
0.0314458
0.0314458
0.0314458
0.0314458
0.0314458
0.0314458
0.0314458
0.0314458
0.0314458
0.0314458
0.0314458
0.0314458
0.0314458
0.0314458
0.0314458
0.0314458
0.0314458
0.0314458
0.0314458
0.0314458
0.0314458
0.0314458
0.0314458
0.0314458
0.0314458
0
0
0
0
0
0.0314458
0
0
0
0
0
0
0.0495508
0
0
0
0
0
0
0
0
0.0314458
0.0314458
0.0314458
0
0
0
0
0
0
0
0
0
0
0
0
0
0
0
0
0
0
0
0
0
0
0
0
0
0
0
0
0
0
0
0
0
0
0
0
0
0
0
0
0
0
0
0
0
0
0
0
0
0
0
0
0
0
0
0
0
0
0
0
0
0
0
0
0
0
0
0
0
0
0
0
0
0
0
0
0
0
0
0
0
0
0
0
0.031417
0.031417
0
0
0
0
0
0
0
0
0.0314569
0
0
0
0
0
0
0
0
0
0
0
0
0
0
0
0
0
0
0
0
0
0
0
0
0
0
0
0
0
0
0
0
0.0505629
0.0505629
0.0505629
0.0505629
0
0
0
0
0
0
0
0
0
0
0
0
0
0
0
0
0
0
0
0
0
0
0
0
0
0
0
0
0
0
0
0
0
0
0.0314458
0.0314458
0.0314458
0
0
0
0
0
0
0
0
0
0
0
0
0
0
0
0
0
0
0
0
0
0.0314458
0.0314458
0.0314458
0.0314458
0.0314458
0.0314458
0.0314458
0.0314458
0.0314458
0.0314458
0.0314458
0.0314458
0.0314458
0.0314458
0.0314458
0.0314458
0.0314458
0.0314458
0.0314458
0.0314458
0.0314458
0.0314458
0.0314458
0.0314458
0.0314458
0.0314458
0.0314458
0.0314458
0.0314458
0.0314458
0.0314458
0.0314458
0.0314458
0.0314458
0.0314458
0.0314458
0.0314458
0.0314458
0.0314458
0.0314458
0.0314458
0.0314458
0.0314458
0.0314458
0.0314458
0.0314458
0.0314458
0.0314458
0.0314458
0.0314458
0.0314525
0
0
0
0
0
