0.0316454
0.0316454
0.0316454
0.0335228
0.0317775
0
0
0
0
0.0583779
0.0315687
0.0315687
0.0315687
0.0338007
0
0.0583779
0.0317409
0.0315328
0.0315328
0.0315328
0.0315328
0.0316431
0.0316454
0
0
0
0
0
0
0
0
0
0
0
0
0
0
0
0
0
0
0
0
0
0
0
0
0
0.0314614
0
0
0.0314614
0.0314614
0.0314614
0.0314614
0.0314614
0
0
0.0314614
0.0314614
0
0
0
0
0
0
0
0
0
0
0
0
0
0
0
0
0.0314614
0.0314614
0.0314614
0.0314614
0.0314614
0.0343894
0.0343894
0.0343894
0.0343894
0.0343894
0.0343894
0.0343894
0.0343894
0.0343894
0.0343894
0.0344477
0.0344477
0.0344477
0.0344477
0.0344477
0.0344477
0.0344477
0.0344477
0.0344477
0.0344477
0.0344477
0.0344477
0.0344477
0.0344477
0.0344477
0
0
0
0
0
0
0
0
0
0
0
0
0
0
0
0
0
0
0
0
0
0
0
0
0
0
0
0
0
0
0
0
0
0
0
0
0
0
0
0
0
0
0
0
0
0
0
0
0
0
0
0
0
0
0
0
0
0
0
0
0
0
0
0
0
0
0
0
0
0
0
0
0
0
0
0
0
0
0
0.0583495
0
0
0
0
0
0.0583779
0
0
0
0
0
0
0
0
0.08593
0.0583495
0.0583779
0
0
0
0
0
0
0
0
0
0.0315912
0
0
0.0315037
0
0
0.0343228
0.0315777
0.0318188
0.0316431
0.0421932
0.0640184
0.042948
0.042948
0
0
0
0.042948
0.0427068
0.0427068
0.0427123
0.0427123
0.0427068
0
0
0
0
0
0
0
0
0
0
0
0
0
0
0
0
0
0
0
0
0.0315642
0.0315642
0.0315642
0.0315642
0.0315642
0.0315687
0.0315687
0.031659
0.031659
0.031659
0
0
0
0
0
0
0
0
0
0
0
0
0
0
0
0
0
0
0
0
0
0
0
0
0
0
0
0
0
0
0
0
0
0
0
0
0
0
0
0
0
0
0.0425133
0.0425133
0.0661645
0.0432453
0.0425133
0.0426125
0.0425133
0.0425133
0.0425133
0.067773
0.067773
0.067773
0.067773
0.067773
0.067773
0.0763127
0
0
0.067773
0
0.067773
0.067773
0.067773
0
0
0
0
0
0
0
0
0
0
0
0
0
0.0316228
0.0316228
0.0316862
0.0316228
0.0317386
0.0317386
0.0317386
0.0315328
0.0315328
0.0317249
0.0315328
0.0315328
0.0315328
0.0316817
0.0317249
0.0316976
0.0316976
0.0317409
0.0316976
0.0316431
0.0316431
0.0316635
0.0316771
0.0326611
0.032562
0.032562
0.0327586
0.0338007
0
0
0
0
0.0316726
0.0316726
0.0316726
0.0316726
0.0315844
0.0315844
0.0315687
0.0315687
0.0315687
0.0315687
0.0316726
0.0315687
0.0583354
0.0583354
0.0583495
0.0583354
0.0583354
0.0583495
0.0583495
0.0583354
0.0583354
0
0
0
0
0
0
0
0
0
0
0
0
0.0583354
0.0581098
0.0581098
0.0581098
0.0581098
0.0581098
0.0583637
0.0583637
0.0581098
0.0728495
0.0728495
0
0.0728495
0.05818
0
0
0.0581098
0.0583354
0.0583354
0.0583495
0.0583495
0.0581098
0.0583354
0.0583354
0.0583495
0.0583495
0.0583495
0.0583495
0.0583495
0.0583495
0.0583495
0.0583495
0.0583495
0.0581098
0.0583354
0
0
0
0
0.0581098
0.0583779
0.0583779
0.0583779
0.0583779
0
0
0.0583779
0.0583779
0.0583779
0.0583779
0.0583779
0.0583779
0.0583779
0.0583779
0.0583779
0.0583779
0.0583779
0.031709
0.031709
0
0
0.0317044
0.0317044
0.031693
0.0316749
0.0316749
0.0316726
0
0
0
0
0
0.0317386
0.0317363
0
0
0
0
0
0
0
0
0.0317363
0.0317363
0.0317363
0.0317363
0.0317363
0.0317386
0.0317386
0
0
0
0
0
0
0
0.0317363
0
0.0317363
0
0.0317363
0.0317386
0.0317386
0.0317386
0.0317363
0.0317363
0.033512
0
0
0
0
0
0.0319531
0
0
0
0
0
0
0.0337979
0.0350993
0.0319531
0.0319531
0.0319741
0.0319531
0.0420384
0.0420384
0.0420384
0
0.0420491
0.0420491
1
0
0.0420491
1
0.0420491
0.0420491
0.0420491
0.0420703
0
0.0420703
0.0420703
1
0.0420703
0.0420491
0
0
0
0
0
0
0
0
0
0
0.0425518
0
0
0.0407231
0.0636837
0.0407231
0
0.0407231
0
0
0
0
0
0
0
0
0
0
0
0
0
0
0
0.0532031
0
0.0407231
0.0425738
0.0425738
0.0426457
0.0581659
0.0428016
0.040728
0
0
0
0
0
0
0
0
0
0
0
0
0
0
0
0
0
0
0
0
0.0433148
0.0433148
0.0433148
0
0
0
0
0
0
0
0
0
0
0
0
0
0
0
0
0
0
0
0
0
0
0
0
0
0
0
0
0.0418749
0.0418749
0.0418749
0.0418749
0.0418749
0.0418749
0
0
0.0418749
0.0418906
0.0418906
0.0420969
0.0420969
0.0420969
0.0423117
0.0420969
0.0420969
0.0420969
0.0418906
0.06264
0.0626927
0.06264
0
0
0.06264
0
0
0
0
0
0
0
0
0
0
0
0
0
0
0
0
0
0
0
0
0
0
0
0
0
0
0
0
0.0338615
0.0338615
0.0317386
0.0316862
0
0
0
0
0.0438831
0.0338643
0.0338643
0
0.0338643
0.0338643
0
0.0316862
0.0316862
0
0
0
0
0
0
0
0
0
0
0
0
0
0
0
0
0.0884872
0
0.0900103
0.0895451
0
0
0
0.088636
0
0
0
0
0
0.0348397
0
0.032731
0
0.0344974
0.0927335
0.0377733
0.0582929
0.0456503
0
0
0
0
0
0
0.0499287
0.0363353
0
0.0434372
0.031902
0
0.037979
0.0334932
0
0
0
0
0
0.0539388
0
0.0323932
0
0
0
0
0
0.0317409
0
0.0365986
0
0
0.0316341
0
0.0348639
0.0549294
0
0.0632636
0
0
0.0438589
0
0.0325645
0
0
0
0.0315754
0.0315754
0
0.0315754
0.0315754
0
0
0
0
0
0.0318188
0
0
0
0
0.0409224
0
0
0
0.0338643
0.0338643
0.0338643
0.0338643
0.0338643
0.0338643
0.0338643
0.0338643
0.0338643
0.0314881
0.0314881
0.0338643
0
0
0
0
0
0.0338643
0.0338643
0.0338643
0.0338643
0
0
0
0
0
0
0
0
0
0
0
0
0
0
0
0.0338643
0.0338643
0
0.0338643
0
0
0
0
0
0
0
0
0
0
0
0
0
0
0
0
0
0
0
0
0
0
0.0338643
0
0.0338643
0.0338643
0
0
0
0
0
0
0.0338643
0.0338643
0.0338643
0.0338643
0
0
0
0
0.0338643
0.0338643
0.0338643
0.0338643
0.0338643
0
0.0338643
0.0338643
0
0
0
0
0.0338643
0
0
0
0
0
0
0
0
0
0
0
0.0338643
0
0
0.0338643
0.034248
0.0338643
0.0338643
0.0338643
0
0
0
0
0
0
0.0338643
0
0.0338643
0
0.0338643
0
0.0338643
0.0338643
0.0338643
0
0.0338643
0
0.0338643
0
0.0338643
0
0
0.0338643
0
0
0
0
0
0
0
0
0
0
0
0
0
0.0338643
0
0
0
0
0
0
0
0
0
0
0
0
0
0
0
0
0
0
0
0
0
0
0
0
0
0
0
0
0
0
0
0
0
0
0
0
0
0
0
0
0
0
0
0
0
0
0
0
0
0
0
0
0
0
0
0
0
0
0
0
0
0
0
0
0
0
0
0
0
0
0
0
0
0
0
0
0
0
0
0
0
0
0
0
0
0
0
0
0
0
0
0
0
0
0
0
0
0
0
0
0
0
0
0
0
0
0
0
0
0
0
0
0
0
0
0
0
0.0338643
0.0338643
0
0.0338643
0
0.0338643
0
0.0338643
0
0
0
0
0
0
0.0338643
0.0338643
0.0338643
0.0338643
0.0338643
0.0338643
0.0338643
0.0338643
0.0338643
0.0338643
0.0338643
0
0.0338643
0
0.0338643
0
0.0338643
0.0338643
0.0338643
0
0
0
0
0
0
0
0
0
0
0
0
0
0
0
0
0
0
0
0
0
0
0.0338643
0
0
0
0.0317386
0
0
0
0
0
0
0
0
0
0
0
0
0
0
0
0
0
0
0
0
0
0
0
0
0
0
0
0
0
0
0
0
0
0
0
0
0
0
0
0
0
1
1
1
1
0
0
0
0
0
0.0316726
0.0316726
0.0316726
0
0.0316771
0.0583495
0
0.0338643
0.0338643
0.0338643
0.0338643
0.0338643
0
0.0338643
0.0338643
0.0338643
0.0338643
0
0.0338643
0.0338643
0.0338643
0.0338643
0
0.0338643
0.0338643
0.0338643
0.0338643
0
0
0
0
0
0
0
0
0.0338643
0.0338643
0.0338643
0.0338643
0.0338643
0.0338643
0.0338643
0.0338643
0.0338643
0
0
0.0338643
0.0338643
0.0338643
0.0338643
0.0338643
0.0338643
0.0338643
0.0338643
0.0338643
0.0338643
0.0338643
0.0338643
0.0338643
0.0338643
0.0338643
0.0338643
0.0338643
0.0338643
0.0338643
0.0338643
0.0338643
0
0
0
0
0
0
0
0.0338643
0.0338643
0.0338643
0.0338643
0.0338643
0.0338643
0.0338643
0.0338643
0.0338643
0.0338643
0.0338643
0.0338643
0.0338643
0.0338643
0.0338643
0.0338643
0.0338643
0.0338643
0.0338643
0.0338643
0.0338643
0.0338643
0.0338643
0.0338643
0.0338643
0.0338643
0.0338643
0.0338643
0.0338643
0.0338643
0.0338643
0.0338643
0.0338643
0.0338643
0.0338643
0.0338643
0.0338643
0.0338643
0.0338643
0.0338643
0.0338643
0.0338643
0.0338643
0.0338643
0.0338643
0.0338643
0.0338643
0.0338643
0.0338643
0.0338643
0.0338643
0.0338643
0.0338643
0.0338643
0.0338643
0.0338643
0.0338643
0.0338643
0.0338643
0.0338643
0.0338643
0.0338643
0.0338643
0.0338643
0.0338643
0.0338643
0.0338643
0.0338643
0.0338643
0.0338643
0.0338643
0.0338643
0.0338643
0.0338643
0.0338643
0.0338643
0.0338643
0.0338643
0.0338643
0.0338643
0.0338643
0.0338643
0.0338643
0.0338643
0.0338643
0.0338643
0.0338643
0.0338643
0.0338643
0.0338643
0.0338643
0.0338643
0.0338643
0.0338643
0.0338643
0.0338643
0.0338643
0.0338643
0.0338643
0.0338643
0.0338643
0.0338643
0.0338643
0.0338643
0.0338643
0.0338643
0.0338643
0.0338643
0.0338643
0.0338643
0.0338643
0.0338643
0.0338643
0.0338643
0.0338643
0.0338643
0.0338643
0.0338643
0.0338643
0.0338643
0.0338643
0.0338643
0.0338643
0.0338643
0.0338643
0.0338643
0.0338643
0.0338643
0.0338643
0.0338643
0.0338643
0.0338643
0.0338643
0.0338643
0.0338643
0.0338643
0.0338643
0.0338643
0.0338643
0.0338643
0.0338643
0.0338643
0.0338643
0.0338643
0.0338643
0.0338643
0.0338643
0.0338643
0.0338643
0.0338643
0.0338643
0.0338643
0.0338643
0.0338643
0.0338643
0.0338643
0.0338643
0.0338643
0.0338643
0.0338643
0.0338643
0.0338643
0.0338643
0.0338643
0.0338643
0.0338643
0.0338643
0.0338643
0.0338643
0.0338643
0
0
0.0338643
0.0338643
0.0338643
0.0338643
0.0338643
0.0338643
0.0338643
0.0338643
0.0338643
0.0338643
0.0338643
0.0338643
0.0338643
0.0338643
0.0338643
0.0338643
0.0338643
0.0338643
0.0338643
0
0
0
0
0
0.0338643
0
0
0
0
0
0
0
0
0
0
0
0
0
0
0
0
0
0
0
0
0
0
0
0
0
0
0
0
0
0
0
0
0
0
0
0
0
0
0
0
0
0
0
0
0
0
0
0
0
0
0
0
0
0
0
0
0
0
0
0
0
0
0
0
0
0
0
0
0
0
0
0
0
0.0338643
0.0338643
0.0338643
0
0
0
0
0
0
0
0
0
0
0
0
0
0
0
0
0
0
0
0
0
0
0
0
0
0
0
0
0
0
0
0.0338643
0.0338643
0
0
0
0
0.0345268
0
0.0338643
0.0338643
0.0338643
0.0338643
0
0
0
0
0
0.0338643
0.0338643
0
0
0
0.0338643
0.0338643
0
0
0
0
0
0
0
0.0338643
0.0338643
0.0338643
0.0338643
0.0338643
0.0338643
0.0338643
0.0338643
0.0338643
0.0338643
0.0338643
0.0338643
0.0338643
0
0
0
0.0338643
0.0338643
0
0
0
0
0
0
0
0
0
0
0
0
0
0
0
0
0
0
0
0
0
0
0
0
0
0
0
0
0.0338643
0.0338643
0.0338643
0
0
0
0
0
0
0
0
0
0
0
0
0
0
0
0
0
0
0
0
0
0
0
0
0
0
0
0
0
0
0
0
0
0
0
0
0
0
0
0
0
0
0
0
0
0
0
0
0
0
0
0
0
0
0
0
0
0
0
0
0
0
0
0
0
0
0
0
0
0
0
0
0
0
0
0
0
0
0
0
0
0
0
0
0
0
0
0
0
0
0
0
0
0
0
0
0
0
0
0
0
0
0
0
0
0
0
0
0
0
0
0
0
0
0
0
0
0
0.0338643
0.0338643
0
0
0
0
0
0
0
0
0
0
0.0338643
0.0338643
0
0
0
0.0338643
0.0338643
0
0
0
0.0338643
0.0338643
0.0338643
0.0338643
0.0338643
0.0338643
0.0338643
0.0338643
0.0338643
0.0338643
0.0338643
0.0338643
0.0338643
0.0338643
0.0338643
0
0
0
0
0
0
0
0
0
0
0
0.0338643
0.0338643
0
0
0
0
0
0
0
0
0
0
0
0
0
0
0
0
0
0
0
0
0
0
0
0.0338643
0
0
0
0
0
0
0
0
0
0
0
0
0
0
0
0
0
0
0
0
0
0
0
0
0
0
0
0
0.0338643
0
0
0
0
0
0
0
0
0
0.0338643
0.0338643
0.0338643
0
0.0338643
0.0338643
0.0338643
0.0338643
0.0338643
0.0338643
0.0338643
0.0338643
0
0
0.0338643
0
0.0338643
0
0.0338643
0.0338643
0.0338643
0.0338643
0.0338643
0.0338643
0
0.0338643
0.0338643
0.0338643
0.0338643
0.0338643
0
0
0
0
0.0338643
0
0.0338643
0
0
0
0
0
0
0
0
0
0
0
0
0
0
0
0
0
0
0
0
0
0
0
0
0
0
0
0
0
0
0
0
0
0
0
0
0
0
0
0.0338643
0
0
0
0
0
0
0
0
0
0
0
0
0
0
0
0
0
0
0
0
0
0
0
0
0
0
0
0
0
0
0
0
0
0
0
0
0
0
0
0
0
0
0
0
0
0
0
0
0
0
0
0
0
0
0
0
0
0
0
0
0
0
0
0
0
0
0
0
0
0
0
0
0
0
0
0
0
0
0
0
0
0
0
0
0
0
0
0
0
0.0338643
0.0338643
0.0338643
0.0338643
0.0338643
0
0
0
0
0
0
0
0
0
0
0
0
0
0
0
0
0
0
0
0
0
0
0
0
0
0
0
0
0
0
0
0
0
0
0
0
0
0
0
0
0
0
0
0
0
0
0
0
0
0
0
0
0
0
0
0
0
0
0
0
0
0
0
0
0
0
0
0
0
0
0
0
0
0
0
0
0
0
0
0
0
0
0
0
0.0338643
0.0338643
0.0338643
0.0338643
0.0338643
0
0
0
0
0
0
0
0.0338643
0.0338643
0.0338643
0.0338643
0
0
0
0
0
0
0
0
0
0
0
0
0.0338643
0
0
0
0
0
0
0
0
0
0
0
0
0
0
0
0
0
0
0
0
0
0
0
0
0
0
0
0
0
0
0
0
0
0
0
0
0
0
0
0
0
0
0
0
0
0
0
0
0
0
0
0
0.0338643
0.0338643
0.0338643
0.0338643
0.0338643
0.0338643
0.0338643
0.0338643
0.0338643
0.0338643
0.0338643
0.0338643
0.0338643
0.0345297
0.0345828
0
0.0345828
0.0345828
0.0345828
0
0
0
0
0
0
0
0
0
0
0
0
0
0
0
0
0
0
0
0
0
0
0
0
0
0
0
0
0
0
0
0
0
0
0
0
0
0
0
0
0
0
0
0
0
0
0
0
0
0
0
0
0.0338643
0.0338643
0
0.0345857
0.0338643
0.0338643
0.0338643
0.0338643
0.0338643
0.0338643
0.0342824
0.0342824
0
0.0338643
0.0338643
0
0.0338643
0
0.0338643
0
0.0338643
0.0338643
0.0338643
0
0
0
0
0.0338643
0
0
0
0
0
0.0338643
0
0.0338643
0.0338643
0.0338643
0.0338643
0
0.0338643
0.0338643
0.0338643
0.0338643
0.0338643
0.0338643
0.0338643
0.0338643
0
0.0338643
0
0
0
0
0
0
0
0
0
0
0
0
0
0
0
0
0
0
0
0
0
0
0
0
0
0
0
0.0338643
0.0338643
0.0338643
0.0338643
0.0338643
0.0338643
0
0
0
0
0.0345798
0
0
0
0
0
0
0
0
0
0
0
0
0
0
0
0
0
0
0
0
0
0
0
0
0
0.0314903
0
0
0
0
0
0
0
0.0345887
0.0345887
0.0345887
0
0
0
0
0
0
0
0
0
0
0
0
0
0
0
0
0
0
0
0
0
0
0
0
0
0
0.0345798
0
0
0
0
0
0.0345828
0
0
0
0
0
0
0
0
0
0
0.0348005
0.0348005
0.0348005
0
0.0348005
0.0350592
0.0348005
0.0348155
0
0.0338643
0.0338643
0.0338643
0.0338643
0.0338643
0
0
0
0
0
0.0338643
0
0.0338643
0
0
0
0
0.0338643
0
0
0
0
0.0338643
0.0338643
0.0338643
0.0338643
0.0338643
0.0338643
0.0338643
0.0338643
0.0338643
0.0338643
0.0338643
0.0338643
0.0338643
0.0338643
0.0338643
0.0338643
0.0338643
0.0338643
0.0338643
0.0338643
0.0338643
0.0338643
0.0338643
0.0338643
0.0338643
0.0338643
0.0338643
0.0338643
0.0338643
0.0338643
0.0338643
0.0338643
0.0338643
0.0338643
0.0338643
0.0338643
0.0338643
0.0338643
0.0338643
0.0338643
0.0338643
0.0338643
0.0338643
0.0338643
0.0338643
0.0338643
0.0338643
0.0338643
0.0338643
0.0338643
0.0338643
0.0338643
0.0338643
0.0338643
0.0338643
0.0338643
0.0338643
0.0338643
0.0338643
0
0.0338643
0.0338643
0.0338643
0.0338643
0
0
0
0
0
0
0
0
0
0
0
0
0
0
0
0
0
0
0
0
0
0
0
0
0
0
0
0
0
0
0
0
0
0
0
0
0
0
0
0
0
0
0
0
0
0
0
0
0
0
0
0
0
0
0
0
0
0
0
0
0
0
0
0
0
0
0
0
0
0
0
0
0
0
0
0
0
0
0
0
0
0
0
0
0
0
0
0
0
0
0
0
0
0
0
0
0
0
0
0
0
0
0
0
0
0
0
0
0
0
0
0
0
0
0
0
0
0
0
0
0
0
0
0
0
0
0
0
0
0
0
0
0
0
0
0
0
0
0
0
0
0
0
0
0
0
0
0
0
0
0
0
0
0
0
0
0
0
0
0
0
0
0
0
0
0
0
0
0
0
0
0
0
0
0
0
0
0
0
0
0
0
0
0
0
0
0
0
0
0
0
0
0
0
0
0
0
0
0
0
0
0
0
0
0
0
0
0
0
0
0
0
0
0
0
0
0
0
0
0
0
0
0
0
0
0
0
0
0
0
0
0
0
0
0
0
0
0
0
0
0
0
0
0
0
0
0
0
0
0
0
0
0
0
0
0
0
0
0
0
0
0
0
0
0
0
0
0
0
0
0
0
0
0
0
0
0
0
0
0
0
0
0
0
0
0
0
0
0
0
0
0
0
0
0
0
0
0
0
0
0
0
0
0
0
0
0
0
0
0
0
0
0
0
0
0
0
0
0
0
0
0
0
0
0
0
0
0
0
0
0.0338643
0.0338643
0.0338643
0.0338643
0.0338643
0
0
0
0.0338643
0.0338643
0
0.0338643
0.0338643
0
0
0
0
0
0
0
0
0
0
0
0
0
0
0
0
0
0
0
0
0
0
0
0
0
0
0
0
0
0
0
0
0
0
0
0
0
0
0
0
0
0
0
0
0
0
0
0
0
0
0
0
0
0
0
0
0
0
0
0
0
0
0.0338643
0.0338643
0.0338643
0
0
0
0
0
0
0.0338643
0.0338643
0.0338643
0.0338643
0.0338643
0.0338643
0.0338643
0.0338643
0.0338643
0.0338643
0
0
0.0338643
0.0338643
0
0.0338643
0
0
0
0
0
0
0
0
0.0338643
0.0338643
0
0
0
0
0
0.0338643
0.0338643
0
0
0.0338643
0.0338643
0.0338643
0.0338643
0.0338643
0.0338643
0.0338643
0.0338643
0.0338643
0.0338643
0.0338643
0.0338643
0.0351333
0.0351333
0.0351333
0
0
0
0
0
0
0
0.0338643
0.0338643
0.0338643
0.0338643
0.0338643
0.0338643
0.0338643
0
0
0
0
0
0
0
0
0
0
0
0
0
0
0
0
0
0
0
0
0
0.0338643
0
0
0
0.0338643
0.0338643
0.0338643
0.0338643
0.0338643
0.0338643
0
0
0
0
0
0
0.0314881
0
0
0
0
0
0
0
0
0
0
0
0
0
0
0
0
0
0
0
0
0
0
0
0
0
0
0
0
0
0
0
0
0
0
0
0
0
0
0
0
0
0
0
0
0
0
0
0
0
0
0.0338643
0.0338643
0.0338643
0
0
0.0338643
0.0338643
0.0338643
0.0338643
0.0338643
0
0
0.0338643
0.0338643
0.0338643
0.0338643
0.0338643
0.0338643
0.0338643
0.0338643
0.0338643
0.0338643
0.0338643
0.0338643
0
0
0
0
0.0338643
0
0.0338643
0.0338643
0.0338643
0.0338643
0
0.0338643
0.0338643
0
0
0
0
0
0.0338643
0
0.0338643
0
0
0
0
0
0.0338643
0.0338643
0.0338643
0.0338643
0.0338643
0.0338643
0
0
0.0338643
0
0
0
0
0
0
0
0
0
0
0
0
0
0
0
0.0338643
0.0348065
0.0338643
0
0.0338643
0
0
0
0
0
0
0.0338643
0.0338643
0.0338643
0.0338643
0.0338643
0.0338643
0.0338643
0.0338643
0
0.0338643
0.0338643
0
0.0338643
0
0
0
0.0338643
0.0338643
0
0.0338643
0.0338643
0
0
0
0.0338643
0.0338643
0.0338643
0.0338643
0.0338643
0.0338643
0.0338643
0.0338643
0
0
0
0
0
0
0
0.0338643
0.0338643
0
0.0338643
0
0
0
0
0
0
0
0
0
0.0338643
0.0338643
0.0338643
0.0338643
0
0
0
0
0
0
0
0
0
0
0
0
0
0
0
0
0
0
0
0.0338643
0.0338643
0.0338643
0.0338643
0.0338643
0.0338643
0.0338643
0
0
0
0
0
0
0
0
0
0
0
0
0
0
0
0
0
0
0
0
0
0
0
0
0
0
0
0
0
0
0
0
0
0
0
0
0
0
0
0
0
0
0
0
0
0
0
0
0
0
0
0
0
0
0
0
0
0
0
0
0
0
0
0
0
0
0
0
0
0
0
0
0
0
0
0
0
0
0
0
0
0
0
0
0
0
0
0
0
0
0
0
0
0
0
0
0
0.0338643
0.0338643
0.0338643
0.0338643
0.0338643
0.0338643
0.0338643
0.0338643
0.0346123
0.0346123
0
0.0346123
0.0338643
0.0338643
0
0
0
0
0
0
0
0
0
0.0338643
0.0338643
0.0338643
0
0
0.0338643
0.0338643
0.0338643
0.0338643
0.0338643
0.0338643
0.0338643
0.0338643
0
0
0
0
0
0.0338643
0
0
0
0
0
0
0
0
0
0.0338643
0.0338643
0.0338643
0.0338643
0.0338643
0
0
0.0338643
0.0338643
0
0
0.0338643
0.0338643
0.0338643
0.0338643
0.0338643
0.0338643
0.0338643
0.0338643
0
0.0338643
0.0338643
0.0338643
0
0
0
0
0
0
0
0
0
0
0
0
0
0
0
0
0
0
0
0
0
0
0
0
0.0345798
0
0
0
0
0
0
0
0
0
0
0
0
0
0
0
0
0
0
0
0
0
0.0345828
0.0345828
0
0.0345828
0.0345828
0
0.0338643
0.0338643
0.0338643
0
0
0
0
0
0
0
0
0
0
0
0
0
0
0
0
0
0
0
0
0
0
0
0
0
0
0
0
0
0
0
0
0
0
0
0
0
0
0
0
0
0
0
0
0
0
0
0
0
0
0
0
0
0
0
0
0
0
0
0
0
0
0
0
0
0
0
0
0
0
0
0
0
0
0
0
0
0.0338643
0
0.0338643
0
0
0
0
0
0
0
0.0338643
0.0338643
0.0338643
0
0
0
0
0
0
0
0
0.0338643
0
0
0
0
0
0
0
0
0
0
0
0
0
0
0
0
0
0
0
0
0
0
0
0
0
0
0
0
0
0
0
0
0
0
0
0
0
0
0
0
0
0
0
0
0
0
0
0
0
0
0
0
0
0
0
0
0
0
0
0
0
0
0
0
0
0
0
0
0
0
0
0
0
0
0
0
0
0
0
0
0
0
0
0
0
0
0
0
0
0
0
0
0
0
0
0
0
0
0
0
0
0
0
0
0
0
0
0
0
0
0
0
0
0
0
0
0
0
0
0
0
0
0
0
0
0
0
0
0.0338643
0.0338643
0
0
0
0
0
0
0
0
0
0
0
0
0.0338643
0.0338643
0
0
0.0338643
0.0338643
0
0
0
0
0
0
0
0
0
0
0
0
0
0
0.0338643
0.0338643
0
0
0.0338643
0.0338643
0
0
0
0
0
0
0
0
0
0
0
0.0338643
0.0338643
0
0
0
0.0338643
0.0338643
0
0
0
0
0
0
0
0
0
0
0.0338643
0.0338643
0
0
0.0338643
0.0338643
0.0338643
0
0
0
0
0
0
0
0
0
0
0
0.0338643
0.0338643
0.0338643
0.0338643
0.0338643
0.0338643
0.0338643
0
0
0
0
0
0
0
0
0
0
0
0
0
0
0.0314881
0
0
0
0
0
0
0
0
0
0
0.0338643
0.0338643
0.0338643
0.0338643
0.0338643
0.0338643
0.0338643
0.0338643
0.0338643
0.0338643
0.0338643
0.0338643
0
0
0
0
0
0
0.0338643
0.0338643
0.0338643
0.0338643
0
0
0
0
0
0
0
0
0
0
0
0
0
0
0.0338643
0.0338643
0
0
0
0
0
0
0
0
0
0.0338643
0
0
0
0
0
0
0
0
0
0
0
0
0
0
0
0
0
0
0
0
0
0
0
0
0
0
0
0
0.0335147
0.0335147
0
0
0
0.0400779
0.0400779
0.0400779
0.0400779
0.0400779
0
0
0
0
0
0
0
0
0
0
0
0
0
0
0
0
0
0
0
0
0
0
0
0
0
0
0
0
0
0
0
0
0
0
0
0
0
0
0
0
0
0
0
0
0
0
0
0
0
0
0
0
0
0
0
0
0
0
0
0
0
0
0
0
0
0
0
0
0
0
0
0
0
0
0
0
0
0
0
0
0
0
0
0
0
0
0
0
0
0
0
0
0
0
0
0
0
0
0
0
0
0
0
0
0
0
0
0
0
0
0
0
0
0
0
0
0
0
0
0
0
0
0
0
0
0
0
0
0
0
0
0
0
0
0
0
0
0
0
0
0
0
0
0
0
0
0
0
0
0
0
0
0
0
0
0
0
0
0
0
0
0
0
0.0400687
0
0.0400687
0
0.0400687
0
0.0400687
0
0
0
0
0
0
0
0
0
0
0
0
0
0
0
0
0
0
0
0
0
0
0
0
0
0
0
0
0
0
0
0
0
0
0
0
0
0
0
0
0
0
0
0
0
0
0
0
0
0
0
0
0
0
0
0
0
0
0
0
0
0
0
0
0
0
0
0
0
0
0
0
0
0
0
0
0
0
0
0
0
0
0
0
0
0
0
0
0
0
0
0
0.0378777
0.0351519
0.0378777
0.0378777
0.0378777
0.0378777
0.0378777
0.0378777
0.0378777
0.0351519
0.0351519
0.0351519
0.0351519
0.0351519
0.0351519
0.0351519
0.0351519
0
0
0
0.0369791
0.0356009
0
0
0
0
0
0
0
0
0
0
0
0
0.0360844
0.0354919
0.0354919
0.0354919
0.0354919
0.0354919
0
0
0
0
0
0
0.0363593
0.0363593
0.0366512
0.0399225
0.0432107
0.0412644
0.165683
0.165683
0.165683
0.0358946
0.0358946
0
0.0358979
0
0.0358979
0.0431992
0
0
0
0
0
0.0414819
0.035931
0
0
0
0
0
0
0
0.0314614
0.0314614
0.0314614
0.0314614
0.0314614
0.0579007
0.0594438
0.0594438
0.0348246
0.0348397
0
0
0
0
0
0
0
0
0
0
0
0
0
0
0
0
0
0
0
0
0
0
0
0
0
0
0
0.0314903
0.0314903
0.0314903
0.0314903
0.0314903
0.0314903
0.0314903
0.0314903
0.0314903
0.0314903
0.0314903
0.0314903
0.0314903
0.0314903
0.0314903
0.0314903
0.0314903
0.0314903
0.0314903
0.0314903
0.0314903
0.0314903
0.0314903
0.0314903
0.0314903
0.0314903
0.0314903
0.0314903
0.0314903
0.0314903
0.0314903
0.0314903
0.0314903
0.0314903
0
0
0
0
0
0
0
0
0
0
0
0
0
0
0
0
0
0
0
0
0
0
0
0
0
0
0
0
0
0
0
0
0
0
0
0
0
0
0
0
0
0
0
0
0
0
0
0
0
0
0
0
0
0
0
0
0
0
0
0
0
0
0
0
0
0
0
0
0
0
0
0
0
0
0
0
0
0
0
0
0
0
0
0
0
0
0
0
0
0
0
0
0
0
0
0
0
0
0
0
0
0
0
0
0
0
0
0
0
0
0
0
0
0
0
0
0
0
0
0
0
0
0
0
0
0
0
0
0
0
0
0
0
0
0
0
0
0
0
0
0
0
0
0
0
0
0
0
0
0
0
0
0
0
0
0
0
0
0
0
0
0
0
0
0
0
0
0
0
0
0
0
0
0
0
0
0
0
0
0
0
0
0
0
0
0
0
0
0
0
0
0
0
0
0
0
0
0
0
0
0
0
0
0
0
0
0
0
0
0
0
0
0
0
0
0
0
0
0
0
0
0
0
0
0
0
0
0
0
0
0
0
0
0
0
0
0
0
0
0
0
0
0
0
0
0
0
0
0
0
0
0
0
0
0
0
0
0
0
0
0
0
0
0
0
0
0
0
0
0
0
0
0
0
0
0
0
0
0
0
0
0
0
0
0
0
0
0
0
0
0
0
0
0
0
0
0
0
0
0
0
0
0
0
0
0
0
0
0
0
0
0
0
0
0
0
0
0
0
0
0
0
0
0
0
0
0
0
0
0
0
0
0
0
0
0
0
0
0
0
0
0
0
0
0
0
0
0
0
0
0
0
0
0
0
0
0
0
0
0
0
0
0
0
0
0
0
0
0
0
0
0
0
0
0
0
0
0
0
0
0
0
0
0
0
0
0
0
0
0
0
0
0
0
0
0
0
0
0
0
0
0
0
0
0
0
0
0
0
0
0
0
0
0
0
0
0
0
0
0
0
0
0
0
0
0
0
0
0
0
0
0
0
0
0
0
0
0
0
0
0
0
0
0
0
0
0
0
0
0
0
0
0
0
0
0
0
0
0
0
0
0
0
0
0
0
0
0
0
0
0
0
0
0
0
0
0
0
0
0
0
0
0
0
0
0
0
0
0
0
0
0
0
0
0
0
0
0
0
0
0
0
0
0
0
0
0
0
0
0
0
0
0
0
0
0
0
0
0
0
0
0
0
0
0
0
0
0
0
0
0
0
0
0
0
0
0
0
0
0
0
0
0
0
0
0
0
0
0
0
0
0
0
0
0
0
0
0
0
0
0
0
0
0
0
0
0
0
0
0
0
0
0
0
0
0
0
0
0
0
0
0
0
0
0
0
0
0
0
0
0
0
0
0
0
0
0
0
0
0
0
0
0
0
0
0
0
0
0
0
0
0
0
0
0
0
0
0
0
0
0
0
0
0
0
0
0
0
0
0
0
0
0
0
0
0
0
0
0
0
0
0
0
0
0
0
0
0
0
0
0
0
0
0
0
0
0
0
0
0
0
0
0
0
0
0
0
0
0
0
0
0
0
0
0
0
0
0
0
0
0
0.0314614
0.0314614
0.0314614
0.0314614
0
0
0
0.0314837
0.0314837
0.0314837
0.0314837
0.0314837
0.0314837
0.0314837
0.0314837
0.0314837
0.0314837
0.0314837
0.0314837
0.0314837
0.0314837
0.0314837
0.0314837
0.0314837
0.0314837
0.0314837
0.0314837
0.0314837
0.0314837
0.0314837
0.0314837
0.0314837
0.0314837
0.0314837
0.0314837
0.0314837
0.0314837
0.0314837
0.0314837
0.0314837
0.0314837
0.0314837
0.0314837
0.0314837
0.0314837
0.0314837
0.0314837
0.0314837
0.0314837
0.0314837
0.0314837
0.0314837
0.0314837
0.0314837
0.0314837
0.0314837
0.0314837
0.0314837
0.0314837
0.0314837
0.0314837
0.0314837
0.0314837
0.0314837
0.0314837
0.0314837
0.0314837
0.0314837
0.0314837
0.0314837
0.0314837
0.0314837
0.0314837
0.0314837
0.0314837
0.0314837
0.0314837
0.0314837
0.0314837
0.0314837
0.0314837
0.0314837
0.0314837
0.0314837
0.0314837
0.0314837
0.0314837
0.0314837
0.0314837
0.0314837
0.0314837
0.0314837
0.0314837
0.0314837
0.0314837
0.0314837
0.0314837
0.0314837
0.0314837
0.0314837
0.0314837
0.0314837
0.0314837
0.0314837
0.0314837
0.0314837
0.0314837
0.0314837
0.0314837
0.0314837
0.0314837
0.0314837
0.0314837
0.0314837
0.0314837
0.0314837
0.0314837
0.0314837
0.0314837
0.0314837
0.0314837
0.0314837
0.0314837
0.0314837
0.0314837
0.0314837
0.0314837
0.0314837
0.0314837
0.0314837
0.0314837
0.0314837
0.0314837
0.0314837
0.0314837
0.0314837
0.0314837
0.0314837
0.0314837
0.0314837
0.0314837
0.0314837
0.0314837
0.0314837
0.0314837
0.0314837
0.0314837
0.0314837
0.0314837
0.0314837
0.0314837
0.0314837
0.0314837
0.0314837
0.0314837
0.0314837
0.0314837
0
0
0
0
0
0
0
0
0
0
0
0
0
0
0
0
0
0
0
0
0
0
0
0
0
0
0
0
0
0
0
0
0
0
0
0
0
0
0
0
0
0
0
0
0
0
0
0
0
0
0
0
0
0
0
0
0
0
0
0
0
0
0
0
0
0
0
0
0
0
0
0
0
0
0
0
0
0
0
0
0
0
0
0
0
0
0
0
0
0
0
0
0
0
0
0
0
0
0
0
0.031497
0
0.0315575
0.0315575
0.031497
0
0
0
0
0.0315575
0.0315575
0
0
0
0
0
0
0
0
0
0
0
0
0
0
0
0
0
0
0
0
0
0
0
0
0
0
0
0
0
0
0
0
0
0
0
0
0
0
0
0
0
0
0
0
0
0
0
0
0
0
0
0
0
0
0
0
0
0
0
0
0
0
0
0
0
0
0
0
0
0
0
0
0
0
0
0.0315015
0
0
0
0
0
0
0
0
0
0
0
0
0
0.033461
0.033461
0.0363903
0
0
0
0
0
0
0
0
0
0
0
0
0
0
0
0
0
0
0.0403473
0
0
0.0412945
0
0
0
0.0334637
0.0334637
0.0334637
0.031497
0.0412945
0
0
0.0416874
0.0416874
0
0
0
0
0
0
0
0
0
0
0
0
0
0
0
0
0
0
0
0
0
0
0
0
0
0
0
0
0
0
0
0
0
0
0
0
0
0
0
0
0
0
0
0
0
0
0
0
0
0
0
0
0
0
0
0
0
0
0
0
0
0
0
0
0
0
0
0
0
0
0
0
0
0
0
0
0
0
0
0
0
0
0
0
0
0
0
0
0
0
0
0
0
0
0
0
0
0
0
0
0
0
0
0
0
0
0
0
0
0
0
0
0
0
0
0
0
0
0
0
0
0
0
0
0
0
0
0
0
0
0
0
0
0
0
0
0
0
0
0
0
0
0
0
0
0
0
0
0
0
0
0
0
0
0
0
0
0
0
0
0
0
0
0
0
0
0
0
0
0
0
0
0
0
0
0
0
0
0
0
0
0
0
0
0
0
0
0
0
0
0
0
0
0
0
0
0
0
0
0
0
0
0
0
0
0
0
0
0
0
0
0
0
0
0
0
0
0
0
0
0
0
0
0
0
0
0
0
0
0
0
0
0
0
0
0
0
0
0
0
0
0
0
0
0
0
0
0
0
0
0
0
0
0
0
0
0
0
0
0
0
0
0.0314903
0.0314903
0.0314903
0.0314903
0.0314903
0.0314903
0.0314903
0.0314903
0
0
0
0
0
0
0
0
0
0
0
0
0
0
0
0
0
0
0
0
0
0
0
0
0
0
0
0
0
0
0
0
0
0
0
0
0
0
0
0
0
0
0
0
0
0
0
0
0
0
0
0
0
0
0
0
0
0
0
0
0
0
0
0
0
0
0
0
0
0
0
0
0
0
0
0
0
0
0
0
0
0
0
0
0
0
0
0
0
0
0
0
0.0314903
0.0314903
0.0314903
0.0314903
0.0314903
0.0314903
0.0314903
0
0
0
0
0
0
0
0
0
0
0
0
0
0
0
0
0
0
0
0
0
0
0
0
0
0
0
0
0
0
0
0
0
0
0
0
0
0
0
0
0
0
0
0
0
0
0
0
0
0
0
0
0
0
0
0
0
0
0
0
0
0
0
0
0
0
0
0
0
0
0
0
0
0
0
0
0
0
0
0
0
0
0
0
0
0
0
0
0
0
0
0
0
0
0
0
0
0
0
0
0
0
0
0
0
0
0
0
0
0
0
0
0
0
0
0
0
0
0
0
0
0
0
0
0
0
0
0
0
0
0
0
0
0
0
0
0
0
0
0
0
0
0
0
0
0
0
0
0
0
0
0
0
0
0
0
0
0
0
0
0
0
0
0
0
0
0
0
0
0
0
0
0
0
0
0
0
0
0
0
0
0
0
0
0
0
0
0
0
0
0
0
0
0
0
0
0
0
0
0
0
0
0
0
0
0
0
0
0
0
0
0
0
0
0
0
0
0
0
0
0
0
0
0
0
0
0
0
0
0
0
0
0
0
0
0
0
0
0
0
0
0
0
0
0
0
0
0
0
0
0
0
0
0
0
0
0
0
0
0
0
0
0
0
0
0
0
0
0
0
0
0
0
0
0
0
0
0
0
0
0
0
0
0
0
0
0
0
0
0
0
0
0
0
0
0
0
0
0
0
0
0
0
0
0
0
0
0
0
0
0
0
0
0
0
0
0
0
0
0
0
0
0
0
0
0
0
0
0
0
0
0
0
0
0
0
0
0
0
0
0
0
0
0
0
0
0
0
0
0
0
0
0
0
0
0
0
0
0
0
0
0
0
0
0
0
0
0
0
0
0
0
0
0
0
0
0
0
0
0
0
0
0
0
0
0
0
0
0
0
0
0
0
0
0
0
0
0
0
0
0
0
0
0
0
0
0
0
0
0
0
0
0
0
0
0
0
0
0
0
0
0
0
0
0
0
0
0
0
0
0
0
0
0
0
0
0
0
0
0
0
0
0
0
0
0
0
0
0
0
0
0
0
0
0
0
0
0
0
0
0
0
0
0
0
0
0
0
0
0
0
0
0
0
0
0
0
0
0
0
0
0
0
0
0
0
0
0
0
0
0
0
0
0
0
0
0
0
0
0
0
0
0
0
0.0314837
0.0314837
0.0314837
0.0314837
0.0314837
0
0
0
0
0
0
0
0
0.0314903
0.0314903
0.0314903
0.0314903
0
0
0
0
0
0
0
0
0
0
0
0
0
0
0
0
0
0
0
0
0
0
0
0
0
0
0
0
0
0
0
0
0
0
0
0
0
0
0
0
0
0
0
0
0
0
0
0
0
0
0
0
0
0
0
0
0
0
0
0
0
0
0
0
0
0
0
0
0
0
0
0
0
0
0
0
0
0
0
0
0
0
0
0
0
0
0
0
0
0
0
0
0
0
0
0
0
0
0
0
0
0
0
0
0
0
0
0
0
0
0
0
0
0
0
0
0
0
0
0
0
0
0
0
0
0
0
0
0
0
0
0
0
0
0
0
0
0
0
0
0
0
0
0
0
0
0
0
0
0
0
0
0
0
0
0
0
0
0
0
0
0
0
0
0
0
0
0
0
0
0
0
0
0
0
0
0
0
0
0
0
0
0
0
0
0
0
0
0
0
0
0
0
0
0
0
0
0
0
0
0
0
0
0
0
0
0
0
0
0
0
0
0
0
0
0
0
0
0
0
0
0
0
0
0
0
0
0
0
0
0
0
0
0
0
0
0
0
0
0
0
0
0
0
0
0
0
0
0
0
0
0
0
0
0
0
0
0
0
0
0
0
0
0
0
0
0
0
0
0
0
0
0
0
0
0
0
0
0
0
0
0
0
0
0
0
0
0
0
0
0
0
0
0
0
0
0
0
0
0
0
0
0
0
0
0
0
0
0
0
0
0
0
0
0
0
0
0
0
0
0
0
0
0
0
0
0
0
0
0
0
0
0
0
0
0
0
0
0
0
0
0
0
0
0
0
0
0
0
0
0
0
0
0
0
0
0
0
0
0
0
0
0
0
0
0
0
0
0
0
0
0
0
0
0
0
0
0
0
0
0
0
0
0
0
0
0
0
0
0
0
0
0
0
0
0
0
0
0
0
0
0
0
0
0
0
0
0
0
0
0
0
0
0
0
0
0
0
0
0
0
0
0
0
0
0
0
0
0
0
0
0
0
0
0
0
0
0
0
0
0
0
0
0
0
0
0
0
0
0
0
0
0
0
0
0
0
0
0
0
0
0
0
0
0
0
0
0
0
0
0
0
0
0
0
0
0
0
0
0
0
0
0
0
0
0
0
0
0
0
0
0
0
0
0
0
0
0
0
0
0
0
0
0
0
0
0
0
0.0314814
0
0.0314814
0.0314814
0.0314814
0.0314814
0.0314814
0.0314814
0
0
0.0314814
0
0.0314814
0
0.0314814
0
0
0
0
0
0
0
0
0
0
0
0
0
0
0
0
0
0
0
0
0
0.0314903
0.0314903
0.0314903
0.0314903
0.0314903
0.0314903
0
0
0
0
0
0
0.0314903
0.0314903
0.0314903
0.0314903
0.0314903
0.0314903
0.0314903
0.0314903
0
0
0
0
0.0315665
0
0
0
0
0
0.031497
0
0.0314015
0.0314015
0.0314015
0.0314015
0.0314015
0.0314015
0.0314325
0.0314081
0.0314903
0.0314015
0
0.0314903
0.0314903
0
0
0
0
0
0
0
0
0
0
0
0
0
0
0
0
0
0
0
0
0
0
0
0
0
0
0
0
0
0
0
0
0
0
0
0
0
0
0
0
0
0
0
0
0
0
0
0
0
0
0
0
0
0
0
0
0.0314837
0.0314837
0.0314837
0.0314837
0.0314837
0.0314837
0
0
0
0
0
0
0
0.0314903
0
0
0
0
0
0
0
0
0
0
0
0.031497
0
0
0
0
0
0
0
0
0
0
0
0
0
0
0
0
0
0
0
0
0
0
0
0
0
0
0
0
0
0
0
0
0
0.031497
0.031497
0.031497
0.031497
0.031497
0.031497
0
0
0
0
0
0
0
0
0
0
0
0.0316885
0.0400642
0.0328544
0.03371
0
0
0
0.0328089
0.0328089
0
0
0
0.0328089
0
0
0
0
0.0314015
0.0314015
0.0314015
0.0314015
0.0314015
0
0
0.031497
0
0
0.031616
0.031616
0.031616
0.031616
0.031616
0.031616
0
0.031616
0.031616
0
0
0
0
0
0
0
0
0
0
0
0
0
0
0
0
0
0.0316908
0
0
0.0316183
0.0316183
0
0.0316183
0.0316183
0
0
0.0316703
0.0469619
0.031766
0.031766
0
0
0
0
0
0
0
0
0
0
0
0
0
0
0
0
0
0
0
0
0
0
0
0
0
0
0
0
0
0
0
0
0
0
0
0
0
0
0
0
0
0
0
0
0
0
0
0
0
0
0
0.0583495
0
0
0
0
0.0316183
0
0
0
0
0
0.0316183
0.0316183
0.0316183
0.0316183
0
0
0
0
0
0
0.0316183
0
0
0
0
0
0
0
0
0
0
0
0
0
0
0
0
0
0
0
0
0
0
0
0
0
0
0
0
0.0314903
0.0314903
0
0
0
0
0
0
0
0
0
0
0
0
0
0
0
0
0
0
0
0
0
0
0
0
0
0
0
0
0
0
0
0
0
0
0
0
0
0
0
0
0
0
0
0
0
0
0
0
0
0
0
0
0
0
0
0
0
0
0
0
0
0
0
0
0
0
0
0
0
0
0
0
0
0
0
0
0
0
0
0
0
0
0
0
0
0
0
0
0
0
0
0
0
0
0
0
0
0
0
0
0
0
0
0
0
0
0
0
0
0
0
0
0
0
0
0
0
0
0
0
0
0
0
0
0
0
0
0
0
0
0
0
0
0
0
0
0
0
0
0
0
0
0
0
0
0
0
0
0
0
0
0
0
0
0
0
0
0
0
0
0
0
0
0
0
0
0
0
0
0
0
0
0
0
0
0
0
0
0
0
0
0
0
0
0
0
0
0
0
0
0
0
0
0
0
0
0
0
0
0
0
0
0
0
0
0
0
0
0
0
0
0
0
0
0
0
0
0
0
0
0
0
0
0
0
0
0
0
0
0
0
0
0
0
0
0
0
0
0
0
0
0
0
0
0
0
0
0
0
0
0
0
0
0
0
0
0
0
0
0
0
0
0
0
0
0
0
0
0
0
0
0
0
0
0
0
0
0
0
0
0
0
0
0
0
0
0
0
0
0
0
0
0
0
0
0
0
0
0
0
0
0
0
0
0
0
0
0
0
0
0
0
0
0
0
0
0
0
0
0
0
0
0
0
0
0
0
0
0
0
0
0
0
0
0
0
0
0
0
0
0
0
0
0
0
0
0
0
0
0
0
0
0
0
0
0
0
0
0
0
0
0
0
0
0
0
0
0
0
0
0
0
0
0
0
0
0
0
0
0
0
0
0
0
0
0
0
0
0
0
0
0
0
0
0
0
0
0
0
0
0
0
0
0
0
0
0
0
0
0
0
0
0
0
0
0
0
0
0
0
0
0
0
0
0
0
0
0
0
0
0
0
0
0
0
0
0
0
0
0
0
0
0
0
0
0
0
0
0
0
0
0
0
0
0
0
0
0
0
0
0
0
0
0
0
0
0
0
0.0314903
0.0314903
0.0314903
0.0314903
0.0314903
0.0314903
0
0
0
0
0
0
0
0
0
0
0
0
0
0
0
0
0
0
0
0
0
0
0
0
0
0
0
0
0
0
0
0
0
0
0
0
0
0
0
0
0
0
0
0
0
0
0
0
0
0
0
0
0
0
0
0
0
0
0
0.0316726
0.0316726
0.0316726
0.0316726
0.0316726
0.0316726
0.0316726
0.0316726
0.0367147
0.0316726
0.0316726
0.0316726
0.0316726
0.0316726
0.0316726
0
0
0
0
0
0
0
0
0.0316749
0.0316749
0.0316749
0.0316749
0.0316749
0.0316749
0.0316749
0
0
0.0316749
0.0589695
0.0589841
0.0382439
0
0.0382439
0.0382439
0.0382439
0.0382439
0.0382439
0.0382439
0.0382439
0.0382439
0.0382439
0.0382439
0.0382519
0.0382519
0
0
0.0382519
0
0
0
0
0
0
0
0
0
0
0
0
0
0
0
0
0
0
0
0
0
0
0
0
0
0
0
0
0
0
0
0
0
0
0
0
0
0
0
0
0
0
0
0
0
0
0
0
0
0
0.0377618
0
0
0
0
0
0
0
0
0
0.0316749
0.0316749
0.0316749
0.0387575
0.0387575
0.0387658
0
0
0
0.0316749
0.0316749
0.0317158
0.0317158
0.0316749
0.0316749
0
0.0316794
0.0349489
0.0316794
0.0316885
0.0316885
0.0316885
0.0316885
0.0316794
0.0316794
0.0316794
0.0349489
0.0349489
0.0349489
0.0349489
0.0349489
0.0371427
0.0349489
0.0349489
0.0349489
0
0.0349489
0.0349489
0.0349489
0.0349489
0.0349489
0.0349489
0.0349489
0
0
0
0
0
0.0316749
0.0316749
0.0316749
0.0316749
0.0316749
0.0367147
0.0316749
0
0
0
0
0
0
0
0.0316749
0.0367147
0.0316749
0.0354345
0.0316749
0.0316749
0.0316749
0.0349489
0.0316749
0.0354345
0.0354345
0.0362636
0.0357273
0.0357273
0.0357273
0.0357273
0.0357273
0.0357273
0
0
0
0
0
0
0.0339338
0.0374954
0.0339422
0.0360877
0.0360844
0.0316749
0
0
0
0.0317158
0.0317158
0
0
0
0
0
0
0.031766
0.031766
0
0
0.0317638
0.0317638
0.0317638
0.0317638
0.0317638
0.0317638
0.0317638
0.031766
0.0317638
0.0317775
0.0317775
0.031766
0.031766
0.0317775
0.0335686
0
0
0.031805
0.031805
0.031805
0.031805
0.031805
0
0
0
0
0
0
0.0317775
0.0317775
0
0
0
0
0
0
0
0
0
0
0
0
0
0
0
0
0
0
0
0
0
0
0
0
0
0
0
0
0
0
0
0
0
0
0
0
0
0
0
0
0
0
0
0
0.0336092
0.0336092
0.0336092
0
0
0.0471929
0
0.0471929
0
0
0
0
0
0
0
0
0
0
0
0
0
0
0
0
0.0314837
0.0314837
0.0314837
0.0314837
0.0314837
0.0314837
0.0314837
0
0
0
0
0.0316726
0.0316726
0.0316726
0.0316726
0.0316726
0.0316726
0.0317135
0.0317135
0.0317135
0.0317135
0
0
0
0.031766
0.031766
0
0
0
0.0317135
0.0317135
0.0317135
0.0317135
0.0317135
0
0
0.0317135
0
0.0317409
0.0317135
0.0317135
0
0
0.0354919
0.0354919
0.0354919
0.0354919
0.0354919
0.0354919
0.0354919
0.0354919
0.0354919
0.0354919
0.0354919
0.0636653
0
0
0
0
0
0
0
0
0.0885367
0
0.0730158
0.134318
0
0
0
0
0
0.0579423
0
0
0
0
0
0
0
0
0
0
0
0
0
0
0
0
0.0899063
0
0
0
0
0
0
0
0.0314837
0
0
0
0.0314837
0.0314837
0.0314837
0.0314837
0.0314837
0.0314837
0
0
0.0314837
0.0315015
0.0315015
0.0315015
0.0314837
0
0
0
0.0314837
0
0
0
0.031668
0.031668
0.031668
0.031668
0.0596853
0.0596853
0.0596853
0.0596853
0.0314814
0.0314814
0.0357241
0.0357241
0.0357926
0.03828
0.0357241
0.0357241
0.0357241
0.0357241
0.0357241
0.0357241
0.0381524
0.0381524
0.0381524
0.0381524
0.0381524
0.0381524
0.0381524
0
0.0381524
0.0381524
0
0
0
0.0381524
0.0381524
0.0358946
0.0358946
0.0357241
0.0357241
0.0378544
0.0378544
0.0378544
0.0378544
0.0378544
0.0378544
0.0378544
0.0411644
0
0.0411644
0.0411644
0
0.0411644
0.0411644
0
0
0
0
0
0
0
0.0359045
0.0359045
0.0357241
0.0357306
0.0357306
0.0357306
0.0357306
0.0357306
0.0357306
0.0357241
0.036284
0.036284
0.036284
0.036284
0
0.036284
0.036284
0
0
0
0
0
0
0
0
0
0
0
0
0
0
0
0
0
0
0
0
0
0
0
0
0
0
0
0.0335875
0.0335875
0.0335875
0.0335875
0.0335875
0.0335875
0.0335875
0
0
0
0
0
0
0
0
0.0336146
0.0336146
0
0
0.0336092
0.0336092
0.0336092
0
0
0
0
0
0
0
0
0
0
0
0
0
0
0
0
0
0
0
0
0
0
0
0
0
0
0
0
0
0
0
0
0
0
0
0
0
0
0
0
0
0
0.0336038
0
0
0
0
0
0
0
0
0
0
0
0
0
0
0
0
0
0
0
0
0
0
0
0
0
0
0
0
0
0
0
0
0
0
0
0
0
0.0317204
0.0317204
0.0314614
0.0314614
0.0314614
0.0314614
0.0314614
0.0314614
0.0314614
0.0314614
0.0314614
0.0314614
0.0314614
0.0314614
0.0314614
0.0314614
0.0314614
0.0314614
0.0314614
0.0314614
0.0314614
0.0314614
0.0314614
0.0314614
0.0314614
0.0314614
0.0314614
0.0314614
0.0314614
0
0
0
0.0314614
0.0314614
0.0314614
0.0314614
0.0314614
0.0314614
0.0314614
0.0314614
0.0314614
0.0314614
0.0314614
0.031497
0.031497
0.031497
0.0315015
0.0315015
0.031497
0.031497
0.0315015
0.0317569
0
0
0
0.031497
0.031497
0.031497
0.031497
0.031497
0.031497
0.031497
0.034515
0
0
0
0
0.031497
0
0.031497
0
0.031497
0
0.031497
0
0
0.0337127
0.0337127
0.0337182
0.0337182
0.0337127
0.0337127
0
0
0.0336255
0.0336255
0.0336255
0.0336255
0.0336255
0.0336255
0
0
0
0
0
0.03365
0.0336255
0.0336255
0.0336255
0.0336255
0.0336255
0
0
0.0336255
0.0336255
0.0336255
0.0337237
0.0337237
0.0336255
0.0336255
0
0.0336255
0
0.0336255
0
0.0336255
0.0336255
0
0.0336255
0.0336255
0
0
0
0.0336255
0.0336255
0.0336255
0.0336255
0.0336255
0.0336255
0.0336255
0.0336255
0.0336255
0.0336255
0.0336255
0.0336255
0.0337237
0.0337237
0.0337237
0
0.0337237
0.0336255
0.0336255
0.0336255
0.0336255
0
0.0336255
0.0336255
0
0
0
0
0
0
0
0
0
0
0
0
0
0
0
0
0
0
0
0
0
0
0
0
0
0
0
0
0
0
0
0
0
0
0
0
0
0
0
0
0
0
0
0
0
0
0
0
0
0
0
0
0
0
0
0
0
0
0
0
0
0
0
0
0
0
0
0
0
0
0
0
0
0
0
0
0
0
0
0
0
0
0
0
0
0
0
0
0
0
0
0
0
0
0
0
0
0
0
0
0
0
0
0
0
0
0
0
0
0
0
0
0
0
0
0
0
0
0
0
0
0
0
0
0
0
0
0
0
0
0
0
0
0
0
0
0
0
0
0
0
0
0
0
0.0400779
0.0400779
0
0.0400779
0.0400779
0.0400779
0
0.0400779
0
0
0
0.032857
0.03371
0
0
0
0
0
0
0
0
0
0.0352173
0
0
0
0
0
0
0
0
0
0
0
0
0
0
0
0
0
0
0.031789
0.031789
0
0
0
0
0
0
0
0
0
0
0
0
0
0
0
0
0
0
0
0
0
0
0
0
0
0
0
0
0
0
0
0
0
0
0
0
0
0
0.033867
0.033867
0.033867
0
0
0
0
0
0
0
0
0
0
0
0
0
0
0
0
0
0
0
0
0
0
0
0
0
0
0
0
0
0
0
0
0
0
0
0.0400779
0.0400779
0
0.0400779
0
0.0400779
0.0400779
0.0400779
0.0400779
0.0400779
0.0400779
0.0400779
0
0
0.0400779
0.0400779
0.0402073
0.0402073
0
0
0.0402073
0.0402073
0.0400779
0
0.0400779
0.0400779
0.0400779
0
0
0
0
0
0
0
0
0
0
0
0
0
0
0
0
0.0401102
0.0401102
0
0.0401102
0.0401102
0.0401102
0
0.0401102
0
0
0
0.0401102
0
0
0.0401102
0.0401102
0.0401102
0
0.040124
0.0400779
0.0400779
0.0400779
0
0
0.0401332
0.0401332
0
0.0401332
0.0401332
0
0
0
0
0
0.0401332
0.0400779
0
0.0400779
0.0401102
0.0401102
0.0401102
0.0401102
0
0.0401102
0.0401102
0
0
0.0401102
0.0401102
0
0.0401102
0
0
0
0
0
0
0
0
0
0
0
0
0
0
0
0
0
0
0
0
0
0
0
0
0
0
0
0
0
0
0
0
0
0
0
0
0
0
0
0
0
0
0
0
0
0
0
0
0
0
0
0
0
0
0
0
0
0
0
0.0386746
0
0.0386746
0
0
0
0
0
0
0
0
0.0317135
0
0
0
0
0
0
0.0424313
0.0424313
0.0420544
0.0420544
0.0420544
0.0420544
0.0420544
0
0
0
0
0
0
0
0
0
0
0
0
0
0
0
0
0
0
0
0
0
0
0
0
0
0
0
0
0
0.0317409
0.0317409
0.0317409
0
0
0
0
0
0
0
0.0314614
0.0314614
0
0
0.0316749
0
0.0316749
0
0
0
0
0.123628
0
0
0
0
0.131306
0.123628
0
0
0.0504342
0.0504342
0.0504342
0.0504342
0.0363903
0.0363903
0.0363903
0.0316839
0
0
0
0
0
0.0317135
0.0317135
0.0317135
0
0
0.0337237
0.0337237
0
0
0
0.0317135
0.0317135
0
0.0314926
0
0
0
0
0
0
0
0
0
0
0
0
0
0
0
0
0
0.0319322
0
0.0317044
0.0400779
0
0
0
0
0
0
0
0
0
0
0
0
0
0
0
0
0
0
0
0
0
0
0
0
0
0
0
0
0
0
0
0
0
0
0
0
0
0
0
0
0
0
0
0
0.131794
0
0.131794
0
0
0
0
0
0
0
0
0
0
0
0
0
0
0
0
0
0
0
0
0
0
0
0
0
0
0
0
0.131794
0.131794
0.131794
0.131794
0.131794
0.131794
0
0
0
0
0
0
0
0
0
0
0
0
0
0
0
0
0
0
0
0
0
0
0
0
0
0
0
0
0
0
0
0
0
0
0
0
0
0
0
0
0
0
0
0
0
0
0
0
0
0
0
0
0
0
0
0
0
0
0
0
0
0
0
0
0
0
0
0
0.0317135
0
0
0
0.0314614
0
0.158682
0.187552
0
0
0
0
0
0
0.0314903
0.0314903
0.0314903
0.0314903
0.0314903
0.0314903
0.0314903
0.0314903
0.0314903
0.0314903
0.0314903
0.0314903
0.0314903
0.0314903
0.0314903
0.0314903
0.0314903
0.0314903
0.0314903
0.0314903
0.0314903
0.0314903
0.0314903
0.0314903
0.0314903
0
0
0
0
0
0.0314903
0
0
0
0
0
0
0.145204
0.145204
0.145204
0.153264
0.129408
0.129408
0
0.130189
0.130189
0.176777
0.176777
0
0.176777
0.176777
0
0.180439
0.180439
0.180439
0.184338
0.429198
0.182141
0
0
0
0
0
0
0
0
0.172958
0.172958
0.177173
0.29767
0.29767
0.301511
0.301511
0.347404
0.347404
0.347404
0.440959
0
0.176777
0.181284
0.301511
0.453743
0
0
0
0
0
0
0.18524
0.18524
0
0.187552
0.187552
0.187552
0.256978
0
0
0.187552
0.18524
0.18524
0.18524
0.18524
0.18524
0.18524
0.18524
0
0.187552
0.211154
0.211154
0.211154
0.211154
0.213896
0
0
0
0
0
0
0
0
0
0
0
0
0
0
0
0
0
0
0
0
0
0
0
0
0
0
0
0
0
0
0
0
0
0
0
0
0
0
0
0
0
0
0
0
0
0
0
0
0
0
0
0
0
0
0
0
0
0
0
0
0
0
0
0
0
0
0
0
0
0
0
0
0
0
0
0
0
0
0
0
0
0
0
0
0
0
0
0
0
0
0
0
0
0
0
0
0
0
0
0
0
0
0
0
0
0
0
0
0
0
0
0
0
0
0
0
0
0
0
0
0
0
0
0
0
0
0
0
0
0
0
0
0
0
0
0
0
0
0
0
0
0
0
0
0
0
0
0
0
0
0
0
0
0
0
0
0
0
0
0.0596702
0.0596702
0.0596702
0.0596702
0.059087
0
0
0
0
0
0
0
0
0
0
0
0
0.0596702
0.0596853
0.0596853
0.0596853
0.0596853
0.0596853
0.0596853
0.0596853
0.0596853
0
0.0596853
0.0597005
0.0596853
0.0596853
0.0596853
0.0596853
0.0596853
0.0596853
0
0
0
0
0
0
0
0
0
0
0
0
0
0
0
0
0
0
0
0
0
0
0
0
0
0
0
0
0
0
0
0
0
0
0
0
0
0
0
0
0
0
0
0
0
0
0.0314325
0.0314325
0.0314325
0.0314325
0.0314325
0.0314325
0.0314325
0.0314325
0.0314325
0
0
0
0
0
0
0
0
0
0
0
0
0
0
0
0
0
0
0
0
0
0
0
0
0
0
0
0
0
0
0
0
0
0
0
0
0
0
0
0
0
0
0
0
0
0
0
0
0
0
0
0
0
0
0
0
0
0
0
0
0
0
0
0
0
0
0
0
0
0
0
0
0
0
0
0
0
0
0
0
0
0
0
0
0
0
0
0
0
0
0
0
0
0
0
0
0
0
0
0
0
0
0
0
0
0
0
0
0
0
0
0
0
0
0
0
0
0
0
0
0
0
0
0
0
0
0
0
0
0.0314325
0.0314325
0.0314325
0
0
0
0
0
0.0651734
0.0681768
0
0
0
0
0
0
0
0
0
0
0
0
0
0
0.158682
0
0
0
0
0
0
0
0
0
0
0
0
0
0
0
0
0.0314614
0.0314614
0.0314614
0.0314614
0.0314592
0.0314592
0.0314592
0.0314592
0.0314592
0.0314592
0.0314592
0.0314592
0.0314614
0.0314614
0.0314614
0.0314614
0
0
0
0
0
0
0
0
0
0
0
0
0
0
0
0
0
0
0
0
0
0
0
0
0
0
0
0
0
0
0
0
0
0
0
0
0
0
0.0590428
0.0590428
0.0590428
0.0590428
0
0
0
0
0.0590428
0.0590428
0.0590428
0
0
0
0
0
0
0
0
0.0646846
0.0646846
0.0590723
0.0590723
0
0.0590428
0.0590723
0.0590723
0.0590723
0.0590723
0.0590723
0.0590723
0
0
0
0
0.0590723
0.0646846
0.0646846
0
0.0646846
0
0
0
0
0
0
0
0
0
0.0590428
0
0.0590428
0.0590428
0.0590428
0.0590428
0.0590428
0.0646846
0.0590428
0
0
0
0
0
0
0
0
0
0
0.0590428
0.0590428
0.0590428
0.0590428
0.0590428
0
0
0
0
0
0
0
0
0
0
0
0
0
0
0
0
0
0
0
0
0.0590428
0.0590428
0.0590428
0.0590428
0.062137
0
0.062137
0
0
0
0
0
0
0.0590428
0.0646846
0.0646846
0.0646846
0.0646846
0
0
0.0646846
0.0646846
0.0866645
0.0866645
0
0
0
0
0.0866645
0.0866645
0.0866645
0.0646846
0
0
0
0
0.0596853
0.0596853
0.0596853
0.0596853
0.0596853
0.0596853
0.0596853
0.0596853
0
0
0
0
0
0
0
0
0
0
0
0
0
0
0
0
0
0
0
0
0
0
0
0
0
0
0
0
0
0
0
0
0
0
0
0
0
0
0
0
0
0
0
0
0
0
0
0
0
0
0
0
0
0
0
0
0
0
0
0
0
0
0
0
0
0
0
0
0
0
0
0
0
0
0
0
0
0
0
0
0
0
0
0
0
0
0
0
0
0
0
0
0
0
0
0
0
0
0
0
0
0
0
0
0
0
0
0
0
0
0
0
0
0
0
0
0
0
0
0
0
0
0
0
0
0
0
0
0
0
0
0
0
0
0
0
0
0
0
0
0
0
0
0
0
0
0
0
0
0
0
0
0
0
0
0
0
0
0
0
0
0
0
0
0
0
0
0
0
0
0
0
0
0
0
0
0
0
0
0
0
0
0
0
0
0
0
0
0
0
0
0
0
0
0
0
0
0
0
0
0
0
0
0
0
0
0
0
0
0
0
0
0
0
0
0
0
0
0
0
0
0
0
0
0
0
0
0
0
0
0
0
0
0
0
0
0
0
0
0
0
0
0
0
0
0
0
0
0
0
0
0
0
0
0
0
0
0
0
0
0
0
0
0
0
0
0
0
0
0
0
0
0
0
0
0
0
0
0
0
0
0
0
0
0
0
0
0
0
0
0
0
0
0
0
0
0
0
0
0
0
0
0
0
0
0
0
0
0
0
0
0
0
0
0
0
0
0
0
0
0
0
0
0
0
0
0
0
0
0
0
0
0
0
0
0
0
0
0
0
0
0
0
0
0
0
0
0
0
0
0
0
0
0
0
0
0
0
0
0
0
0
0
0
0
0
0
0
0
0
0
0
0
0
0
0
0
0
0
0
0
0
0
0
0
0
0
0
0
0
0
0
0
0
0
0
0
0
0
0
0
0
0
0
0
0
0
0
0
0
0
0
0
0
0
0
0
0
0
0
0
0
0
0
0
0
0
0
0
0
0
0
0
0
0
0
0
0
0
0
0
0
0
0
0
0
0
0
0
0
0
0
0
0
0
0
0
0
0
0
0
0
0
0
0
0
0
0
0
0
0
0
0
0
0
0
0
0
0
0
0
0
0
0
0
0
0
0
0
0
0
0
0
0
0
0
0
0
0
0
0
0
0
0
0
0
0
0
0
0
0
0
0
0
0
0
0
0
0
0
0
0
0
0
0
0
0
0
0
0
0
0
0
0
0
0
0
0
0
0
0
0
0
0
0
0
0
0
0
0
0
0
0
0
0
0
0
0
0
0
0
0
0
0
0
0
0
0
0
0
0
0
0
0
0
0
0
0
0
0
0
0
0
0
0
0
0
0
0
0
0
0
0
0
0
0
0
0
0
0
0
0
0
0
0
0
0
0
0
0
0
0
0
0
0
0
0
0
0
0
0
0
0
0
0
0
0
0
0
0
0
0
0
0
0
0
0
0
0
0
0
0
0
0
0
0
0
0
0
0
0
0
0
0
0
0
0
0
0
0
0
0
0
0
0
0
0
0
0
0
0
0
0
0
0
0
0
0
0
0
0
0
0
0
0
0
0
0
0
0
0
0
0
0
0
0
0
0
0
0
0
0
0
0
0
0
0
0
0
0
0
0
0
0
0
0
0
0
0
0
0
0
0
0
0
0
0
0
0
0
0
0
0
0
0
0
0
0
0
0
0
0
0
0
0
0
0
0
0
0
0
0
0
0
0
0
0
0
0
0
0
0
0
0
0
0
0
0
0
0
0
0
0
0
0
0
0
0
0
0
0
0
0
0
0
0
0
0
0
0.0314614
0.0314614
0
0
0
0
0
0
0
0
0
0
0
0
0
0
0.0315015
0.0315015
0.0315015
0.0315015
0.0315015
0.0315015
0
0
0
0
0
0
0
0
0
0
0
0
0
0
0
0
0
0
0
0
0
0
0
0
0
0
0
0
0
0
0
0
0
0
0
0
0
0
0
0
0
0
0
0
0
0
0
0
0
0
0
0
0
0
0
0
0
0
0
0
0
0
0
0
0
0
0
0
0
0
0
0
0
0
0
0
0
0
0
0
0
0
0
0
0
0
0
0
0
0
0
0
0
0
0
0
0
0
0
0
0
0
0
0
0
0
0
0
0
0
0
0
0
0
0
0
0
0
0
0
0
0
0
0
0
0
0
0
0
0
0
0
0
0
0
0
0
0
0
0
0
0
0
0
0
0
0
0
0
0
0
0
0
0
0
0
0
0
0
0
0
0
0
0
0
0
0
0
0
0
0
0
0
0
0
0
0
0
0
0
0
0
0
0
0
0
0
0
0
0
0
0
0
0
0
0
0
0
0
0
0
0
0
0
0
0
0
0
0
0
0
0
0
0
0
0
0
0
0
0
0
0
0
0
0
0
0
0
0
0
0
0
0
0
0
0
0
0
0
0
0
0
0
0
0
0
0
0
0
0
0
0
0
0
0
0
0
0
0
0
0
0
0
0
0
0
0
0
0
0
0
0
0
0
0
0
0
0
0
0
0
0
0
0
0
0
0
0
0
0
0
0
0
0
0
0
0
0
0
0
0
0
0
0
0
0
0
0
0
0
0
0
0
0
0
0
0
0
0
0
0
0
0
0
0
0
0
0
0
0
0
0
0
0
0
0
0
0
0
0
0
0
0
0
0
0
0
0
0
0
0
0
0
0
0
0
0
0
0
0
0
0
0
0
0
0
0
0
0
0
0
0
0
0
0
0
0
0
0
0
0
0
0
0
0
0
0
0
0
0
0
0
0
0
0
0
0
0
0
0
0
0
0
0
0
0
0
0
0.130189
0.130189
0.129408
0.129408
0.129408
0.129408
0.129408
0.129408
0.129408
0.129408
0
0
0
0
0.142236
0
0
0.14631
0.14631
0.14631
0.301511
0
0.172958
0.178783
0.178783
0.148366
0.143486
0.177173
0.177173
0.177972
0.177972
0.385922
0.177972
0.237595
0.237595
0.174456
0.174456
0.174456
0
0
0
0.129408
0.129408
0.129408
0.129408
0.129408
0.129408
0.129408
0.129408
0.13346
0.13346
0
0
0
0
0
0.129408
0.129408
0
0.129408
0.129408
0.130189
0.129408
0
0.129408
0.129408
0.129408
0.129408
0.129408
0.129408
0.129408
0.131794
0.131794
0.145204
0.129408
0.129408
0
0.129408
0.129408
0.129408
0
0
0.129408
0.130189
0.130189
0.130189
0.130189
0.130189
0.130189
0.129408
0.129408
0.129408
0.129408
0.129408
0.138866
0.138866
0.138866
0.133291
0.129408
0
0
0.179193
0.179193
0.29767
0.475191
0
0.181711
0.184787
0
0
0
0
0
0
0
0
0
0
0
0
0
0
0
0
0.0314903
0
0
0
0
0
0
0
0
0
0
0
0
0
0
0
0
0
0
0
0
0
0
0
0
0
0
0
0
0
0
0
0
0
0
0
0
0
0
0
0
0
0
0
0
0.0316522
0
0
0.0316522
0.0316522
0.0316522
0.0316522
0.0316522
0.0316522
0.0316522
0.0316522
0.0316522
0.0316522
0.0316522
0
0
0
0
0
0
0
0
0
0
0
0
0
0
0
0
0
0
0
0
0
0
0
0
0
0
0
0
0
0
0
0
0
0
0
0
0
0
0
0
0
0
0
0
0
0
0
0
0
0
0
0
0
0
0
0
0
0
0
0
0
0
0
0
0
0
0
0
0
0
0
0
0
0
0
0
0
0
0
0
0
0
0
0
0
0
0
0
0
0
0
0
0
0
0
0
0
0
0
0
0
0
0
0
0
0
0
0
0
0
0
0
0
0
0
0
0
0
0
0
0
0
0
0
0
0
0
0
0
0
0
0
0
0
0.0643966
0
0
0
0.122431
0.122431
0.0722764
0
0
0
0
0
0
0
0
0
0
0
0
0.1223
0
0
0
0
0
0
0
0
0
0
0
0
0
0
0
0
0
0.12528
0
0
0
0
0
0
0
0
0
0
0
0
0
0
0
0
0
0
0
0
0.136809
0.0757166
0.0753167
0
0
0
0
0
0
0
0
0
0
0.112205
0
0
0
0
0
0
0
0
0
0
0
0
0
0
0
0
0
0
0
0
0
0
0
0
0
0
0
0.0881917
0
0
0.0917249
0
0
0
0
0
0
0
0
0
0
0
0
0.09156
0
0.09156
0
0.0920575
0
0.0920575
0.0920575
0.108924
0.108924
0
0.108924
0
0
0
0
0
0
0
0
0
0
0
0
0
0
0.0920575
0
0
0
0
0.144123
0.0958455
0
0.0973255
0
0.123763
0
0.110721
0.10583
0
0
0
0
0
0
0
0
0
0
0
0
0
0
0
0
0
0.0427905
0.0427905
0.0427905
0
0.0427905
0
0.0623091
0
0
0
0
0
0
0.309662
0
0
0
0
0
0.0429085
0
0
0
0
0
0
0
0
0
0
0
0
0
0
0
0
0
0
0
0
0
0
0
0
0
0
0
0
0
0
0
0
0
0
0
0
0
0
0
0
0
0
0
0
0
0
0.0359542
0.054965
0.0360308
0
0
0
0
0
0
0
0
0
0
0
0
0
0
0
0
0.0355367
0.0537937
0.178377
0.178377
0.178377
0.188502
0.282038
0.3669
0
0.0546708
0
0.0455555
0
0
0
0
0
0
0
0
0
0
0
0
0
0
0.0351302
0
0.0351302
0
0
0
0
0
0
0
0
0
0
0
0
0
0
0
0
0
0
0
0.0347614
0.0345828
0.0345828
0.0345828
0.0366547
0
0
0
0.123899
0.126854
0.126854
0.126419
0
0
0
0.126563
0
0
0
0
0
0
0
0
0
0.127294
0.127441
0
0
0
0
0
0
0
0
0
0
0
0.126419
0
0
0
0
0
0
0
0
0
0
0
0
0
0
0
0
0
0
0
0.0375785
0.0409616
0.0348972
0
0
0
0
0
0
0
0
0
0
0
0
0
0
0
0
0
0
0
0
0.0370153
0
0.0370479
0
0
0
0
0
0
0
0
0
0
0
0
0
0
0
0
0
0
0
0
0.0412393
0
0
0
0
0
0.429198
0
0
0
0
0
0
0
0
0
0
0
0
0
0
0
0
0
0
0
0
0.0626751
0
0
0
0
0
0
0
0
0
0
0
0
0
0
0.0412895
0
0
0
0
0
0
0
0
0
0
0
0
0
0
0
0
0
0
0
0
0
0
0
0
0
0
0
0
0
0
0
0
0
0
0
0
0
0
0
0
0
0
0
0
0
0
0
0
0
0
0
0
0
0
0
0
0
0
0
0
0
0
0
0
0
0
0
0
0
0
0
0
0
0
0
0.042475
0.042475
0.0425024
0.0425024
0
0.0424805
0
0
0
0
0
0
0
0
0
0
0
0
0
0
0
0
0
0
0
0
0
0
0
0
0
0
0
0
0
0
0
0
0
0
0
0
0
0
0
0
0
0
0
0
0
0
0
0
0
0
0
0
0
0
0
0.0441326
0.0441326
0.0441326
0.0441326
0.0441326
0
0
0
0
0
0
0
0
0
0
0
0
0
0.0616626
0.0398998
0
0.0489367
0
0.0489367
0.0489367
0
0
0
0
0
0
0
0
0
0
0
0
0
0
0
0
0
0
0
0
0.0316749
0.0328823
0.0316749
0
0
0
0
0
0
0
0
0
0
0
0
0
0
0
0
0
0
0
0
0
0
0
0
0
0
0
0
0
0
0
0
0
0
0
0
0
0
0
0
0
0
0.0385226
0.0385226
0.0388619
0.0388619
0
0.0388619
0
0.0388619
0
0.0388913
0
0.0389249
0.066858
0.0394012
0.0408006
0
0
0
0
0
0
0
0
0
0
0
0
0
0
0
0
0
0
0
0
0
0
0
0
0
0
0
0
0
0
0
0
0
0
0
0
0
0
0
0
0
0
0
0
0
0
0
0
0
0
0
0
0
0
0
0
0
0
0
0
0
0
0
0
0
0
0
0
0
0
0
0
0
0
0
0
0
0
0
0
0
0
0
0
0
0
0.0428972
0.0428972
0.0428972
0.0428972
0.0428972
0.0428972
0.0533761
0.0428972
0.0428972
0.0428972
0.0428972
0.0428972
0.0428972
0.0441942
0.0441942
0.0441942
0.0441942
0
0.0441942
0
0.0441942
0.0441942
0
0
0
0.0316522
0
0
0
0
0
0
0
0
0
0
0
0.0316522
0
0.0316522
0
0
0
0
0
0
0
0
0
0
0
0
0
0
0
0
0
0
0
0
0
0.0314903
0
0
0
0
0
0
0
0
0
0
0
0
0
0
0
0
0
0
0
0
0
0
0
0
0
0
0
0
0
0
0
0
0
0
0
0
0
0
0
0
0
0
0
0
0
0
0
0
0.0314614
0.0314614
0
0
0
0
0
0
0
0
0
0
0
0
0
0
0
0
0
0
0
0
0
0
0
0
0.0315015
0
0.0315015
0.0315015
0.0315015
0.0315015
0
0
0.0315015
0
0
0
0
0
0
0
0
0.0314614
0.0314614
0.0504342
0.0504342
0.0400275
0.0420703
0.0420703
0.0400229
0
0
0
0
0.0400229
0.0400229
0.0400229
0.0400229
0.0400229
0.0400229
0
0
0
0
0
0
0
0.0400229
0.0400229
0.0400229
0
0
0
0
0
0
0
0
0
0
0.0400229
0.0400229
0.0400229
0.0400229
0.0400229
0
0
0
0
0
0
0
0
0
0
0
0
0
0
0
0
0
0
0
0
0
0
0
0
0
0
0
0
0
0
0
0
0
0
0.0400275
0.0400275
0.0400275
0.0400275
0
0
0
0
0
0
0
0
0
0.0400275
0
0
0
0
0
0
0
0
0
0
0
0
0
0
0
0
0
0
0
0
0
0
0
0
0
0
0
0
0
0
0
0
0
0
0
0
0
0
0
0
0
0
0
0.0400229
0.0400229
0.0400229
0.0400229
0.0400229
0.0400229
0
0
0
0
0
0
0
0
0
0
0
0
0
0
0.0400229
0.0400229
0.0400229
0.0400229
0.0400229
0.0400229
0.0400229
0.0400229
0
0
0.0400229
0
0
0
0
0
0
0
0
0
0
0
0
0
0
0
0
0
0
0
0
0
0
0
0
0
0
0
0
0
0
0
0
0
0
0
0
0
0
0
0
0
0
0
0
0
0
0
0
0
0
0
0
0
0
0
0
0
0
0
0
0
0
0
0
0
0
0
0
0
0
0
0
0
0
0
0
0
0
0
0
0
0
0
0
0
0
0
0
0
0
0
0
0
0
0
0
0
0
0
0
0
0
0
0
0
0
0
0
0
0
0
0
0
0
0
0
0
0
0
0
0
0
0
0
0
0
0
0
0
0.0314814
0.0314814
0.0314814
0.0314814
0.0314814
0.0317135
0
0
0
0
0
0
0
0
0
0.0314837
0.0314837
0.0314837
0
0
0.0314814
0.0314814
0.0314814
0.0314814
0.0314814
0
0
0
0
0.0314837
0.0314837
0.0314837
0.0314837
0.0314837
0.0314837
0
0
0.0400779
0.0314814
0.0314814
0.0314814
0.0314814
0.0314814
0.0314814
0
0
0
0
0
0
0
0
0
0.0314903
0.0314903
0.0314903
0
0
0
0
0
0
0
0
0
0
0
0
0
0
0
0
0
0
0
0
0
0
0
0
0
0
0
0
0
0
0
0
0
0
0
0
0
0
0
0
0
0
0
0
0
0
0
0
0
0
0
0
0
0
0
0
0
0
0
0
0
0
0
0
0
0
0
0
0
0
0
0
0
0
0
0
0
0
0
0
0
0
0
0
0
0
0
0
0
0
0
0
0
0
0
0
0
0
0
0
0
0
0
0
0
0
0
0
0
0
0
0
0
0
0
0
0
0
0
0
0
0
0
0
0
0
0
0
0
0
0
0
0
0
0
0
0
0
0
0
0
0
0
0
0
0
0
0
0
0
0
0
0
0
0
0
0
0
0
0
0
0
0
0
0
0
0
0
0
0
0
0
0
0
0
0
0
0
0
0
0
0
0
0
0
0
0
0
0
0
0
0
0
0
0
0
0
0
0
0
0
0
0
0
0
0
0
0
0
0
0
0
0
0
0
0
0
0
0
0
0
0
0
0
0
0
0
0
0
0
0
0.031497
0.031497
0.031497
0.031497
0.031497
0.031497
0
0
0
0
0
0
0
0
0
0
0
0
0
0
0
0
0
0
0
0
0
0
0
0
0
0
0
0
0
0.031497
0.0314837
0.0314837
0.0315575
0
0
0
0
0
0
0
0
0
0
0
0
0
0
0
0
0
0
0
0
0
0
0.0596853
0.0596853
0.0596853
0.0814559
0.0814559
0.0814559
0
0.0814559
0
0.0596853
0
0.0596853
0
0
0
0
0
0
0
0
0
0
0
0
0
0.0400229
0.0400229
0
0
0
0
0
0
0
0
0
0
0
0
0
0
0
0
0
0
0
0.0317135
0
0
0
0
0
0
0
0
0
0
0
0
0
0
0
0
0
0
0
0
0
0
0
0
0
0
0
0
0
0
0
0
0
0
0
0
0
0
0
0
0
0
0
0
0.0412895
0.0412895
0.0412895
0.0412895
0
0
0.0412945
0.0425738
0.0425738
0.0534959
0.0534959
0.0534959
0.0534959
0
0
0
0
0.0467561
0
0.0529786
0
0
0.0529786
0.0529786
0.0529786
0.0529786
0
0
0.0529786
0.0529786
0
0.0529786
0.0529786
0
0
0
0.0426235
0.0426235
0.0423768
0
0
0
0.0426235
0.0426235
0.0423768
0.0421023
0.0520579
0.0520579
0.0520579
0.0520579
0.0421023
0.0421023
0
0
0.054324
0.054324
0.0651339
0.054324
0
0
0
0.0421023
0.0421023
0
0.0421023
0.0421023
0.0587076
0.0421557
0
0.0421023
0.0421023
0.0478835
0.0478835
0.0475191
0.0475191
0.0475191
0.0475191
0
0.0475191
0
0.0475421
0
0.0475191
0.0475191
0.0478992
0.0475191
0
0
0
0
0
0
0
0
0
0
0
0
0
0
0
0
0
0
0
0
0
0
0
0
0
0
0.0421023
0
0.0536387
0.041574
0
0
0
0
0
0
0
0.0314903
0.0314903
0.0314903
0.0314903
0.0314903
0.0314903
0.0314903
0.0314903
0.0314903
0.0314903
0.0314903
0.0314903
0.0314903
0
0
0
0
0
0
0
0
0
0
0
0
0
0
0
0
0
0
0
0
0
0
0
0
0
0
0
0
0
0
0
0
0
0
0
0
0
0
0
0
0
0
0
0
0
0
0
0
0
0
0
0
0
0
0
0
0
0
0
0
0
0
0
0.0314903
0
0
0
0
0
0
0
0
0
0
0
0
0
0
0
0
0
0.0664141
0.0664141
0.0664141
0.0664141
0.0664141
0.0664141
0.0664141
0.0664141
0.0664141
0.0664351
0.0664141
0.0669435
0.0669435
0
0.0669435
0.0669435
0.0669435
0.0669435
0.0669435
0
0.0675517
0.0675517
0.0675517
0.0675517
0.0684959
0.0675517
0
0.0675517
0.0669435
0
0.0675517
0.0669435
0.0669435
0.0669435
0.0732392
0.0664141
0
0
0.165683
0.165683
0
0
0
0
0.166998
0.129408
0
0
0
0
0
0
0
0
0
0
0
0
0
0
0
0
0
0
0
0
0
0
0
0
0
0
0
0
0
0
0
0
0
0
0
0
0
0
0
0
0
0
0
0
0
0
0
0
0
0
0
0
0
0
0
0
0
0
0
0
0
0
0.0314903
0.0314903
0.0314903
0.0314903
0.0314903
0.0314903
0.0314903
0.0314903
0.0314903
0.0314903
0
0
0
0
0
0
0
0
0
0
0
0
0
0
0
0
0
0
0
0
0
0
0
0
0
0
0
0
0
0
0
0
0
0
0
0
0
0
0
0
0
0
0
0
0
0
0
0
0
0
0
0
0
0
0
0
0
0
0
0
0
0
0
0
0
0
0
0
0
0
0
0
0
0
0
0
0
0
0
0
0
0
0
0
0
0
0
0
0
0
0
0
0
0
0
0
0
0
0
0
0
0
0
0
0
0
0
0
0
0
0
0
0
0
0
0
0
0
0
0
0
0
0
0
0
0
0
0
0
0
0
0
0
0
0
0
0
0
0
0
0
0
0
0
0
0
0
0
0
0
0
0
0
0
0
0
0
0
0
0
0
0
0
0
0
0
0
0
0
0
0
0
0
0
0
0
0
0
0
0
0
0
0
0
0
0
0
0
0
0
0
0
0
0
0
0
0
0
0.0314926
0.0314926
0.0314926
0.0314926
0.0314926
0.0314926
0.0314926
0.0314926
0.0314926
0.0314926
0.0314926
0
0
0
0
0.0314192
0
0
0.0314837
0
0
0
0
0
0
0
0
0
0
0
0
0
0
0
0.0314814
0.0314814
0.0314814
0.0314814
0.0314814
0
0
0
0
0
0
0
0
0
0.0400779
0
0
0
0
0
0
0
0
0
0
0
0
0
0
0
0
0
0
0
0
0
0
0
0
0
0
0
0.158682
0.158682
0.158682
0.158682
0.158682
0.158682
0.158682
0.162835
0.162835
0.162835
0.162835
0.210485
0.210485
0.210485
0.356753
0.162835
0.158682
0.158682
0.158682
0.158682
0.158682
0.158682
0
0.189466
0
0
0
0
0
0
0.195047
0.190445
0.158682
0.158682
0.188982
0.188982
0.188982
0
0
0
0
0
0
0.158682
0
0
0.195047
0.195047
0.195047
0.195047
0.195047
0
0
0
0
0
0
0
0
0.22771
0.22771
0
0
0.22771
0
0
0
0
0
0.195047
0.209165
0.209165
0.261968
0.261968
0.591608
0.591608
0.606977
0.606977
0.606977
0.606977
0.606977
0.195047
0.265908
0
0.265908
0.338754
0.265908
0.160422
0
0
0
0
0
0
0
0
0
0
0
0
0
0.370479
0.370479
0.370479
0.370479
0.370479
0
0
0
0
0
0
0
0
0.282038
0.282038
0.282038
0.282038
0.282038
0.282038
0.282038
0.282038
0.265908
0.265908
0
0.268635
0.265908
0.265908
0.189466
0.197753
0
0
0
0
0
0
0
0
0
0
0
0
0
0
0
0
0
0.22771
0
0.252262
0
0.252262
0.423659
0.295804
0.295804
0.295804
0
0.295804
0
0
0
0
0
0
0
0
0.299572
0.299572
0.353553
0.385922
0
0
0
0
0.353553
0.353553
0.353553
0.353553
0
0.353553
0.434959
0.2
0.213896
0
0.215308
0.223607
0
0.540062
0.540062
0.215308
0.215308
0.429198
0.233854
0.226871
0.2
0.2
0.2
0.2
0
0.211154
0.211154
0.213896
0.213896
0
0.215308
0.540062
0.540062
0.215308
0.460566
0.223607
0.223607
0.223607
0.223607
0.223607
0.245652
0
0
0
0
0
0
0.0412694
0
0
0
0
0
0
0.0412945
0.0412945
0.0412945
0.0412945
0.0412945
0
0.0412945
0.0412945
0.0412945
0.0412945
0.0412694
0
0
0
0.0425628
0.0425628
0.0425463
0.0425463
0.0412895
0.0412895
0.0412895
0
0.0412895
0.0412895
0.0412895
0.0412895
0.0412895
0.0412895
0.0575163
0.0575163
0.0575163
0.0575163
0
0
0
0.0575163
0
0
0
0.0575163
0.0575163
0.0412895
0.0412895
0
0
0
0
0
0
0
0
0
0
0
0
0
0
0
0
0
0
0
0
0
0
0
0
0
0
0
0.0532678
0.0532678
0.0532678
0
0
0
0.0427068
0.0435371
0.0574214
0.0574214
0.0574214
0.0574214
0
0.0574756
0.0574756
0
0
0
0
0.0539052
0.0539052
0.0539052
0.0539052
0
0
0
0
0
0
0
0
0
0
0
0
0
0
0
0
0
0
0
0
0
0
0
0
0
0
0
0
0
0
0
0
0
0.054324
0
0.054324
0.054324
0.054324
0
0.054324
0.054324
0.054324
0.054324
0.054324
0.054324
0
0
0
0
0
0
0
0
0
0
0
0
0
0
0
0
0
0
0
0
0
0
0
0.0413147
0
0.0413147
0.0413147
0.053128
0.0413147
0.0413147
0.0413651
0.0413651
0.0536056
0.0413651
0.0651932
0.0413651
0.0423009
0.0413147
0.053128
0
0
0
0
0
0
0
0
0
0
0
0
0
0
0
0
0
0
0
0
0
0
0
0
0
0
0
0
0
0
0
0
0
0
0
0
0
0
0
0
0
0
0
0
0
0
0
0
0
0
0
0
0
0
0
0
0
0
0
0
0
0
0
0
0
0
0
0
0
0
0
0.0584634
0
0
0
0.058492
0.0584634
0.0584634
0.0584634
0.0584634
0
0
0
0
0
0
0
0
0
0
0
0
0
0
0
0
0
0
0
0
0
0
0
0
0
0
0
0
0
0
0
0
0
0
0
0
0
0
0
0
0
0
0
0
0
0
0
0
0
0.0470286
0.0470286
0.0470286
0.0470286
0
0
0
0
0
0
0
0
0
0
0
0
0
0
0
0
0
0
0
0
0
0
0
0
0
0
0
0
0
0
0
0
0
0
0
0
0
0
0
0
0
0
0
0
0
0
0
0
0
0
0
0
0
0
0
0
0
0
0
0
0
0
0
0
0
0
0
0
0
0
0.0412895
0.0412895
0.0570597
0.0570597
0
0.0570597
0.0570597
0.0570597
0.0570597
0.0570597
0.0570597
0.0570597
0
0
0
0
0
0
0
0
0
0
0
0
0
0
0
0.0584634
0
0
0
0
0
0
0
0
0
0
0
0
0
0
0
0
0
0
0
0
0
0
0
0
0
0
0
0
0
0
0
0
0
0
0
0
0
0.0429537
0
0
0
0.0429537
0.0429537
0.0478678
0.0478678
0
0
0.0437329
0.0484177
0.0484177
0.0484177
0
0
0.0437329
0
0
0
0
0
0
0
0
0
0
0
0
0
0
0
0
0
0
0
0
0
0
0
0
0
0
0
0
0
0
0
0
0
0
0
0
0
0
0
0
0
0
0
0
0
0
0
0
0
0
0
0
0
0
0
0
0
0
0
0
0
0
0
0
0
0
0
0
0
0
0
0
0
0
0
0
0
0
0
0
0
0
0
0
0
0
0
0
0
0
0
0
0
0
0
0
0
0.0425463
0.0425463
0
0
0
0
0
0
0
0
0
0
0
0
0
0
0
0
0
0
0
0
0
0
0
0
0.0461757
0
0
0
0
0
0
0
0
0
0
0
0
0.0412895
0.0412895
0.0412895
0.0412895
0.0412895
0.0412895
0.0412895
0.0412895
0
0
0
0
0
0
0
0
0
0
0
0
0
0
0
0
0
0
0
0
0
0
0
0
0.0589988
0.0589988
0.0589988
0.0589988
0.0589988
0.064473
0.064473
0.064473
0.064473
0.064473
0.0592795
0.0592795
0.0593989
0.0764081
0.0764081
0.0764081
0.0764081
0
0.0764081
0.0592795
0.0590134
0
0.0593989
0.0593989
0.0764081
0
0.059087
0.059087
0.058722
0.058722
0.058722
0.058722
0
0.058722
0.058722
0.058722
0.058722
0.058722
0.0642824
0.058722
0.0589695
0.058722
0.058722
0.058722
0.0642824
0.058722
0.058722
0.0642824
0.0642824
0.0642824
0
0.0642824
0.0642824
0.0642824
0.0642824
0
0
0.0642824
0.0642824
0.0642824
0.0642824
0
0
0
0
0.058722
0.058722
0.0587365
0.0587365
0
0
0
0
0
0
0.0642824
0.0642824
0.0642824
0.0642824
0
0.058722
0.0587365
0.0587365
0.0587365
0
0.058751
0.0587655
0.058722
0.058722
0.0619493
0.058722
0.0716903
0.0716903
0.058722
0.058751
0.058722
0
0
0
0
0
0
0
0
0
0
0
0
0
0.0314926
0.0314926
0.0314926
0.0314926
0
0
0.0315687
0.0343749
0.0343749
0.0343894
0.0343749
0
0
0
0
0
0
0
0.158682
0.158682
0.158682
0.158682
0.158682
0.158682
0.158682
0.158682
0.158682
0.158682
0.158682
0.200574
0
0
0
0
0.0317569
0.0317569
0.0317569
0.0317569
0
0
0
0
0
0
0
0
0
0
0
0
0
0
0
0
0
0
0
0
0
0
0
0
0.0314792
0.0314792
0.0314792
0.0314792
0.0314792
0.0314792
0.0314792
0.0314792
0.0314792
0.0314792
0.0314792
0
0
0
0
0
0
0
0
0
0
0
0
0
0
0
0
0
0
0
0
0
0
0
0
0
0
0
0
0
0
0
0
0
0
0
0
0
0
0
0
0
0
0
0
0
0
0
0
0
0
0
0
0
0
0
0
0
0
0
0
0
0
0
0
0
0
0
0
0
0
0
0
0
0
0
0
0
0
0
0
0
0
0
0
0
0
0
0
0
0
0
0
0
0
0
0
0
0
0
0
0
0
0
0
0
0
0
0
0
0
0
0
0
0
0
0
0
0
0
0
0
0
0
0
0
0
0
0
0
0
0
0
0
0
0
0
0
0
0
0
0
0
0
0
0
0
0
0
0
0
0
0
0
0
0
0
0
0
0
0
0
0
0
0
0
0
0
0
0
0
0
0
0
0
0
0
0
0
0
0
0
0
0
0
0
0
0
0
0
0
0
0
0
0
0
0
0
0
0
0
0
0
0
0
0
0
0
0
0
0
0
0
0
0
0
0
0
0
0
0
0
0
0
0
0
0
0
0
0
0
0
0
0
0
0
0
0
0
0
0
0
0
0
0
0
0
0
0
0
0
0
0
0
0
0
0
0
0
0
0
0
0
0
0
0
0
0
0
0
0
0
0
0
0
0
0
0
0
0
0
0
0
0
0
0
0
0.0314903
0.0314903
0.0314903
0.0314903
0.0314903
0.0314903
0.0314903
0.0314903
0.0314903
0.0314903
0
0
0
0
0
0
0
0
0
0
0
0
0
0
0
0
0
0
0
0
0
0
0
0
0
0
0
0
0
0
0
0
0
0
0
0
0
0
0
0
0
0
0
0
0
0
0
0
0
0
0
0
0
0
0
0
0
0
0
0
0
0
0
0
0
0
0.0314837
0.0314837
0.0314837
0.0314837
0.0314837
0.0314837
0.0314837
0
0
0
0
0
0
0
0
0
0
0
0
0
0
0
0
0
0
0
0
0
0
0
0
0
0
0
0
0
0
0
0
0
0
0
0
0
0
0
0
0
0
0
0
0
0
0
0
0
0
0
0
0
0
0
0
0
0
0
0
0
0
0
0
0
0
0
0
0
0
0
0
0
0.0412945
0.0412945
0.0412945
0.0412945
0.0412945
0
0
0
0
0.0412945
0.0412945
0.0412945
0.0412945
0.0412945
0
0.0412945
0.0412945
0.0412945
0.0412945
0
0.0412945
0
0
0
0
0
0
0
0
0
0
0
0
0
0
0
0
0
0
0
0
0
0
0
0
0
0
0
0
0
0
0
0
0
0
0
0
0
0
0
0
0
0
0
0
0
0
0
0
0
0
0
0
0
0
0
0
0
0
0
0
0
0
0
0
0
0
0
0
0
0
0
0
0
0
0
0
0
0
0
0
0
0
0
0
0
0
0
0.0314903
0.0314903
0.0314903
0
0
0
0
0
0
0
0
0
0
0
0
0
0
0
0
0
0
0
0
0
0.0314703
0
0.0314703
0.0314703
0.0314703
0.0314703
0
0
0.0314703
0
0
0
0
0
0
0
0
0
0
0
0
0
0
0
0
0
0
0
0
0
0
0
0
0
0
0
0
0
0
0
0
0
0
0
0
0
0
0
0
0
0
0
0
0
0
0
0
0
0
0
0
0
0
0
0
0
0
0
0
0
0
0
0
0
0
0
0
0
0
0
0
0
0
0
0
0
0
0
0
0
0
0
0
0
0
0
0
0
0
0
0
0
0
0
0
0
0
0
0
0
0
0
0
0
0
0
0
0
0
0
0
0
0
0.158682
0.158682
0.158682
0.158682
0.158682
0.158682
0
0
0
0
0
0
0.0314903
0
0
0
0
0
0
0
0
0
0
0
0
0
0
0
0
0
0
0
0
0
0
0
0
0
0
0
0
0
0
0
0
0
0.0338615
0.0338615
0.0338615
0.0338615
0.0338615
0.0509553
0.0579841
0.0564718
0.0564718
0
0
0
0.0564718
0.0420013
0.0422523
0.0736924
0
0
0
0.0680864
0
0
0
0
0
0
0
0
0
0
0
0
0
0
0
0
0
0
0
0
0
0
0
0
0
0.0314903
0.0314903
0.0314903
0.0314903
0.0314903
0.0314903
0.0314903
0.0314903
0.0314903
0.0314903
0.0314903
0.0314903
0.0314903
0
0
0
0
0
0
0
0
0
0
0
0
0
0
0
0
0
0
0
0
0
0
0
0
0
0
0
0
0
0
0
0
0
0
0
0
0
0
0
0
0
0
0
0
0
0
0
0
0
0
0
0
0
0
0
0
0
0
0
0
0
0
0
0
0
0
0
0
0
0
0
0
0
0
0
0
0
0
0
0
0
0
0
0
0
0
0
0
0
0
0
0
0
0
0
0
0
0
0
0
0
0
0
0
0
0
0
0
0
0
0
0
0
0
0
0
0
0
0
0
0
0
0
0
0
0
0
0
0
0
0
0
0
0
0
0
0
0
0
0
0
0
0
0
0
0
0
0
0
0
0
0
0
0
0
0
0
0
0
0
0
0
0
0
0
0
0
0
0
0
0
0
0
0
0
0
0
0
0
0
0
0
0
0
0
0
0
0
0
0
0
0
0
0
0
0
0
0
0
0
0
0
0
0
0
0
0
0
0
0
0
0
0
0
0
0
0
0
0
0
0
0
0
0
0
0
0
0
0
0
0
0
0
0
0
0
0
0
0
0
0
0
0
0
0
0
0
0
0
0
0
0
0
0
0
0
0
0
0
0
0
0
0
0
0
0
0
0
0.0314903
0
0
0
0
0
0
0.0411693
0.0411693
0.0411693
0
0
0
0
0
0.0429085
0.0429085
0.0429085
0.0429085
0.0429085
0.0429085
0.0413247
0.0413247
0.0413247
0.0413247
0.0413247
0.0411395
0.0411395
0.0411395
0.0411395
0.0411743
0.0411395
0.0411594
0
0
0
0
0.0537049
0.0537049
0
0
0
0
0
0
0
0
0
0
0
0
0.045897
0.045897
0.0439133
0.0439133
0
0
0
0
0
0
0
0
0
0
0
0
0
0
0
0
0.0414462
0
0
0
0
0.100576
0.100576
0.0524245
0.0524245
0
0
0
0
0
0
0.0427346
0.0427346
0
0
0
0
0
0
0
0
0
0
0.0532894
0.0532894
0
0
0
0
0
0
0.0453876
0.0453943
0.0576527
0.0453943
0
0
0
0
0
0.0413147
0
0.0413147
0.0411395
0.0411395
0
0.0411395
0.0411395
0.0411395
0
0.0411395
0
0
0
0
0
0
0
0
0
0.0413904
0.0413904
0
0.0413904
0.0413803
0
0.0413803
0.0419327
0.0419327
0.0419327
0.0419327
0
0
0
0
0.0537049
0.0537049
0.0537049
0.0537049
0.0537049
0.0537049
0
0
0
0
0
0
0.046647
0.046647
0
0.046647
0.0532894
0.0532894
0.0532894
0.0532894
0.0532894
0
0
0
0
0
0.0458487
0.0458487
0.0458487
0.0458487
0.0458487
0.0458487
0.0458487
0.0504984
0.0458487
0
0
0
0
0
0
0
0
0
0
0
0
0
0
0
0
0
0
0
0
0
0
0
0
0
0
0
0
0
0
0
0
0
0
0
0
0
0
0
0
0
0
0
0
0
0.0439133
0.0439133
0.0439133
0.0439133
0
0
0
0
0
0
0
0
0
0
0
0
0
0
0
0
0
0
0
0
0
0
0
0
0
0
0
0
0
0
0
0
0
0
0
0
0
0
0
0
0
0
0
0
0
0
0
0
0
0
0
0
0
0
0
0
0
0
0
0
0
0
0
0
0
0
0
0
0
0
0
0
0
0
0.0524245
0.0524245
0.0524245
0.0524245
0.0522199
0.0522199
0.0522199
0
0
0
0
0
0
0
0
0
0
0
0
0
0
0
0
0
0
0
0
0
0
0
0
0
0
0
0
0
0
0
0
0
0
0
0
0
0
0
0
0
0
0
0
0
0
0
0
0
0
0
0
0
0
0
0
0
0
0
0
0
0
0
0
0
0
0
0
0
0
0
0
0
0
0
0
0
0
0
0
0
0
0
0.0843435
0.0843435
0.0843435
0.0843435
0
0
0
0
0
0
0
0
0.0411395
0
0.0411395
0.0411445
0.0411445
0.0412694
0.0411644
0.0431647
0.0411843
0.0411445
0
0.0411445
0.0422308
0.0422308
0.0424476
0
0
0
0.0422308
0
0.0422308
0.0438108
0.0438108
0.0443803
0
0.0438108
0
0.0438108
0.043877
0.043877
0.043877
0.043877
0.043877
0
0
0
0.0444178
0.0444178
0.0444178
0.043877
0.0442436
0.043877
0.043877
0.0442436
0.043877
0.0446894
0
0.043877
0
0
0
0
0
0
0.0314837
0.0314837
0.0314837
0.0314926
0.0314926
0.031562
0.0314926
0.0316183
0.0316183
0.0316183
0.0316183
0
0
0
0
0
0
0.0314614
0.0314614
0.0314614
0.0314614
0.0314614
0
0
0.058492
0
0.0590723
0
0
0.0314614
0
0
0
0
0
0.0314837
0
0
0
0
0
0
0
0
0
0
0
0
0
0
0
0
0
0
0
0
0
0
0
0
0
0
0
0
0
0
0
0
0
0
0
0
0
0
0
0
0
0
0
0
0
0
0
0
0
0
0
0
0
0
0
0
0
0
0
0
0
0
0
0
0
0
0
0
0
0
0
0
0
0
0
0
0
0
0
0.0412945
0.0412945
0.0412945
0.0412945
0.0412945
0.0412945
0.0412945
0.0412945
0.0412945
0.0412945
0.0412945
0.0412945
0.0412945
0.0412945
0
0
0
0
0
0
0
0
0.0412945
0.0412945
0
0
0
0
0
0.0412945
0
0
0
0
0
0
0
0
0
0
0
0
0
0
0
0
0
0
0
0
0
0
0
0.0412945
0.0421396
0
0
0.0412945
0.0412945
0.0412945
0.0412945
0.0412945
0.0412945
0.0416874
0.0416874
0
0
0.0416874
0
0
0
0
0
0
0
0
0.0418173
0.0418173
0.0420491
0.0420491
0.0412945
0
0.0412945
0.0412945
0.041574
0.041574
0.041574
0.041574
0.041574
0.041574
0.041574
0.041574
0.0424094
0.0424094
0.0424094
0
0
0
0
0
0
0
0
0.0469767
0
0
0
0.0469767
0.0469767
0.0585492
0.0585492
0.0585492
0.0469767
0.0469767
0.043986
0
0
0
0
0
0
0
0
0
0
0.043986
0.0424313
0.0424313
0.041574
0.041574
0.041574
0
0
0
0
0
0
0
0
0
0
0
0
0
0
0
0
0
0
0.0314903
0
0
0
0
0
0
0
0
0
0
0
0
0
0
0
0
0.356753
0.356753
0.356753
0.356753
0
0
0
0
0
0
0
0
0
0
0
0
0
0
0
0
0
0
0
0.0315015
0.0315015
0.0315015
0.0315015
0.0315015
0.0315015
0.0315015
0
0
0
0
0
0
0
0
0
0
0
0
0
0
0
0
0
0
0
0
0
0
0
0
0
0
0
0
0.0314192
0
0
0
0
0
0.0651536
0
0
0
0
0
0
0
0
0
0
0
0
0
0
0
0.158682
0.158682
0
0
0
0
0
0
0
0
0
0
0
0
0
0
0
0
0
0
0
0
0
0
0
0
0
0
0
0
0
0
0
0
0
0
0.0314325
0
0
0
0
0
0
0
0
0
0
0
0
0
0
0
0
0
0
0
0
0
0
0
0
0
0
0
0
0
0
0
0
0
0
0
0
0
0
0
0
0
0
0
0
0
0
0
0
0
0
0
0
0
0
0
0
0
0
0
0
0
0
0
0
0
0
0
0
0
0
0
0
0
0
0
0
0
0
0
0
0
0
0
0
0
0
0
0
0
0
0
0
0
0
0
0
0
0
0
0
0
0
0
0
0
0
0
0
0
0
0
0
0.031668
0
0
0
0
0
0
0
0
0
0
0
0
0
0
0
0
0
0
0
0
0
0
0
0
0
0
0
0
0
0
0
0
0
0
0
0
0
0
0
0.0314903
0.0314903
0.0314903
0.0314903
0.0314903
0.0314903
0.0314903
0.0314903
0.0314903
0.0314903
0.0314903
0.0314903
0.0314903
0.0314903
0.0314903
0.0314903
0.0314903
0.0314903
0.0314903
0.0314903
0.0314903
0.0314903
0.0314903
0.0314903
0.0314903
0.0314903
0.0314903
0.0314903
0.0314903
0.0314903
0.0314903
0.0314903
0.0314903
0.0314903
0.0314903
0.0314903
0.0314903
0.0314903
0.0314903
0.0314903
0.0314903
0.0314903
0.0314903
0.0314903
0.0314903
0.0314903
0.0314903
0.0314903
0.0314903
0.0314903
0.031497
0
0
0
0
0
0
0
0
0
0
0
0
0
0
0
0
0
0
0
0
0
0
0
0
0
0
0
0
0
0
0
0
0.0314903
0
0
0
0
0
0
0
0
0
0
0
0
0
0
0
0
0
0
0
0
0
0
0
0
0
0
0
0
0
0
0
0
0
0
0
0
0
0
0
0
0
0
0
0
0
0
0
0
0
0
0
0
0
0
0
0
0
0
0
0
0
0
0
0
0
0
0
0
0
0.0314903
0.0314903
0.0314903
0
0
0
0
0
0
0
0
0
0
0
0
0
0
0
0
0
0
0
0
0
0
0
0
0
0
0
0
0
0
0
0
0
0
0
0
0
0
0
0
0
0
0
0
0
0
0
0
0
0
0
0
0
0
0
0
0
0
0
0
0
0
0
0
0
0
0
0
0
0
0
0
0
0
0
0
0
0
0
0
0
0
0
0
0
0
0
0
0
0
0
0
0.130984
0.130984
0.130984
0.130984
0.130984
0.131145
0.131145
0.131145
0.130984
0.130984
0.130984
0.130984
0.130984
0.13925
0
0.13925
0.130984
0.130984
0.131794
0.131794
0.132453
0.131794
0.130984
0.130984
0.130984
0.130984
0
0
0
0
0
0
0
0
0
0
0
0
0
0
0
0
0
0
0
0
0
0
0
0
0
0
0
0
0
0
0
0
0
0
0
0
0
0
0
0
0
0
0
0
0
0
0
0
0
0
0
0
0
0
0
0
0
0
0
0
0
0
0
0
0
0
0
0
0
0
0
0
0
0
0
0
0
0
0
0
0
0
0
0
0
0
0
0
0
0
0
0.0314837
0.0314837
0.0314837
0.0314837
0.0314837
0.0314837
0
0
0
0
0
0
0
0
0
0
0
0
0
0
0
0
0
0
0
0
0
0
0
0
0
0
0
0
0
0
0
0
0
0
0
0
0
0
0
0
0
0
0
0
0
0
0
0
0
0
0
0
0
0
0
0
0
0
0
0
0
0
0
0
0
0
0
0
0
0
0
0
0
0
0
0
0
0
0
0
0
0
0
0
0
0
0
0
0
0
0
0
0
0
0
0
0
0
0
0
0
0
0
0
0
0
0
0
0
0
0
0
0
0
0
0
0
0
0
0
0
0
0
0
0
0
0
0
0
0
0
0
0
0
0
0
0
0
0
0
0
0
0
0
0
0
0
0
0
0
0
0
0
0
0
0
0
0
0
0
0
0
0
0
0
0
0
0
0
0
0
0
0
0
0
0
0
0
0
0
0
0
0
0
0.0314837
0.0314837
0.0314837
0.0314837
0.0314837
0.0314837
0.0314837
0.0314837
0.0314837
0.0314837
0.0314926
0.031497
0.031497
0
0.031497
0.031497
0.0314926
0.0314926
0.0314926
0.0314926
0.0314926
0.0314837
0.031497
0.031497
0.0314837
0
0
0
0
0
0
0
0
0
0
0
0
0
0
0
0
0
0
0.031497
0.0315687
0.0343894
0
0
0
0
0
0
0
0
0
0
0
0
0
0
0
0
0
0
0
0
0
0
0
0
0
0
0
0
0
0
0
0
0
0
0
0
0
0
0
0
0
0
0.0316522
0
0
0
0
0
0
0.0314903
0.0314903
0.0314903
0
0
0
0
0
0
0.309662
0.309662
0.309662
0.309662
0.309662
0.309662
0.309662
0.309662
0.330719
0.330719
0.330719
0
0
0
0.309662
0.309662
0.309662
0.309662
0
0.309662
0.309662
0
0.309662
0.309662
0
0
0.309662
0
0
0.309662
0.309662
0.309662
0.309662
0
0
0
0
0
0
0
0
0
0.309662
0.483046
0.483046
0.309662
0.309662
0.309662
0.309662
0.309662
0.309662
0.309662
0
0.309662
0.309662
0.309662
0.309662
0.309662
0.309662
0.309662
0
0.309662
0.309662
0.309662
0
0.309662
0.309662
0.309662
0.309662
0
0.309662
0
0.309662
0.309662
0
0
0
0
0
0
0
0.0317135
0.0317135
0.0317135
0.0317135
0
0.0317135
0.0317135
0.0317135
0
0.0317135
0.0317135
0.0317867
0
0
0.0317135
0
0
0.0317135
0.0410256
0.0317135
0.0317135
0.0317135
0.0317135
0.0317135
0.0317135
0.0317135
0.0317135
0.0317135
0.0317135
0.0317135
0.0317135
0.0317135
0.0317135
0.0317135
0.0317135
0.0317135
0.0317135
0.0317135
0.0317135
0.0317135
0.0317135
0.0317135
0.0317135
0.0317135
0.0317386
0.0317386
0
0
0.0317135
0.0317135
0.0317386
0.0317386
0.0317135
0.0317386
0.0344769
0.0344769
0.0444303
0.0444303
0.0344769
0
0
0
0
0
0
0
0
0
0
0
0
0
0
0
0
0
0.038208
0.038208
0.038208
0
0.038208
0.0317386
0.0317386
0.0317638
0.0317638
0.0317386
0.0317386
0.0317386
0.0317386
0
0
0
0
0
0.0317386
0
0.0317386
0.0317386
0.0343633
0.0317638
0.0317638
0.0348397
0
0
0
0
0
0
0
0
0
0
0
0
0
0
0
0
0
0
0
0
0
0
0
0
0
0.0334343
0.0334343
0.0334343
0
0
0
0
0
0
0
0.043865
0.043865
0.0555923
0.0555923
0.043865
0.043865
0.043865
0.043865
0.0349489
0.0349489
0.0349489
0
0
0
0
0
0
0
0.0349489
0.0349489
0.0349489
0
0
0
0
0.0349489
0.0349489
0.0349489
0.0349489
0.0380575
0
0.0349489
0.0349489
0.0349489
0
0
0
0
0
0.0349489
0.0349489
0.0349489
0
0
0.0349489
0.0349489
0.0349489
0
0
0
0
0
0
0.0368319
0.0368319
0.0368319
0.0368319
0.0368319
0
0
0
0
0
0
0
0
0
0
0
0
0
0
0
0
0
0
0.0318835
0.0318673
0
0.0318835
0
0.0318835
0
0
0
0.0318835
0
0.0338698
0
0
0
0
0
0
0
0
0
0
0
0
0
0
0
0
0
0
0
0
0
0
0
0
0
0
0
0
0
0
0
0
0
0
0
0
0
0
0
0
0
0
0
0
0
0
0
0
0
0
0
0
0
0
0
0
0
0
0
0
0
0
0
0
0
0
0
0
0
0
0
0
0
0
0
0
0
0
0
0
0
0
0
0
0
0
0
0
0
0
0
0
0
0
0
0
0
0
0
0
0
0
0
0
0
0
0
0
0
0
0
0
0
0
0
0
0
0
0
0
0
0
0
0
0
0
0
0
0
0
0
0
0
0
0.0378932
0.0378932
0
0.0348608
0
0.0348608
0.0348608
0.0348608
0.0348608
0.0348608
0.0348608
0.0348608
0
0.0348608
0.0348608
0.0409665
0.0409665
0.0348608
0
0
0
0
0
0
0
0
0
0
0
0
0
0
0.0317386
0.0317386
0.0743588
0
0.038208
0
0.0344769
0.0348397
0
0
0
0
0.043865
0
0
0
0
0
0
0.0333811
0.0334343
0
0
0
0
0
0
0
0
0
0.0349489
0
0
0
0
0
0
0.0318835
0
0
0
0
0
0.0317386
0
0
0
0
0.0348608
0.0348608
0.0348608
0.0348608
0
0
0
0
0.0317135
0.0317135
0.0317135
0.0317135
0.0317135
0.0317135
0.0317135
0.0317135
0.0317135
0.0317135
0.0317135
0.0317135
0.0317135
0.0317135
0.0317135
0.0317135
0.0317135
0.0317135
0.0317135
0.0317135
0.0317135
0.0317135
0.0317135
0.0317135
0.0317135
0.0317135
0.0317135
0.0317135
0.0317135
0.0317135
0.0317135
0.0317135
0.0317135
0.0317135
0.0317135
0.0317135
0.0317135
0.0317135
0.0317135
0.0317135
0.0317135
0.0317135
0.0317135
0.0317135
0.0317135
0.0317135
0.0317135
0.0317135
0.0317135
0.0317135
0.0317135
0.0317135
0.0317135
0.0317135
0.0317135
0
0
0.0317135
0.0317135
0.0317135
0.0317135
0.0317135
0.0317386
0
0.0317135
0.0317135
0.0317135
0.0317135
0.0317135
0.0317135
0.0317135
0.0317135
0.0317135
0.0317135
0.0317135
0.0317135
0.0317135
0.0317135
0.0317135
0.0317386
0.0317386
0.0317386
0.0317386
0.0317386
0.0317386
0.0317386
0.0317386
0.0317386
0.0317386
0.0317386
0.0317386
0.0317386
0.0317386
0
0
0.0337237
0.0337237
0
0
0
0.0317386
0.0317386
0.0317386
0.0317386
0.0317386
0.0317386
0.0317386
0.0317386
0.0317386
0.0317386
0
0
0
0
0
0
0.0317386
0.0317386
0.0317386
0.0317386
0
0
0.0317386
0
0
0
0
0.0317386
0
0
0
0
0
0
0
0
0
0
0
0
0
0
0
0
0
0
0
0
0
0
0
0.0317386
0.0317386
0
0
0
0
0
0
0
0.0317386
0
0
0
0
0
0
0
0
0
0
0
0
0
0
0
0
0
0
0
0
0
0
0
0
0
0.0317386
0.0317386
0.0317386
0
0
0.0317386
0.0317386
0
0
0
0
0
0
0
0
0
0
0
0
0
0
0
0
0
0
0
0
0
0
0
0
0
0
0
0.0317386
0.0317386
0.0317386
0.0317386
0.0317386
0.0317386
0.0317386
0
0
0
0
0
0
0
0
0
0
0
0
0
0
0
0.0317386
0
0.0317386
0.0317386
0.0317386
0.0317386
0
0.0317386
0.0320209
0
0
0
0
0
0
0
0
0
0
0
0
0
0
0
0
0
0
0
0
0
0
0
0
0
0
0
0.043865
0
0
0
0
0
0
0
0.333333
0
0
0
0
0
0
0
0
0
0
0.0383201
0
0
0
0
0
0
0
0
0
0
0
0
0
0
0
0
0
0
0
0
0
0
0
0
0
0
0
0
0
0
0
0.0344769
0
0.0334343
0
0
0
0
0
0
0.0317386
0.0392578
0.0346301
0
0
0.031865
0
0
0
0
0
0
0
0
0
0
0
0
0
0
0
0
0
0
0
0
0
0
0
0
0
0
0
0
0
0
0
0
0
0
0
0
0
0
0
0
0
0
0
0
0
0
0
0
0
0
0
0
0
0
0
0
0
0
0
0
0
0
0
0
0
0
0
0
0
0
0
0
0
0
0
0
0
0
0
0
0
0
0
0
0
0
0
0
0
0
0
0
0
0
0
0
0
0
0
0
0
0
0
0
0
0.0317409
0.0317409
0.0317409
0.0317409
0.0317409
0.0317409
0
0
0
0.0317409
0
0.0317409
0
0.0317409
0.0317409
0.0317409
0
0
0
0
0
0
0
0
0
0
0
0
0
0
0
0
0
0.0315015
0
0
0
0
0
0
0
0
0
0
0
0
0
0
0
0
0
0
0
0
0
0
0
0
0
0
0
0
0
0
0
0
0
0
0
0
0
0
0
0
0
0
0
0
0
0
0
0
0
0
0
0
0
0
0
0
0
0
0
0
0
0
0
0
0
0
0
0
0
0
0
0
0
0
0
0
0
0
0
0
0
0
0
0
0
0
0
0
0
0
0
0
0
0
0
0
0
0
0
0
0
0
0
0
0
0
0
0
0
0
0
0
0
0
0
0
0
0
0
0
0
0
0
0
0
0
0
0
0
0
0
0
0
0
0
0
0
0
0
0
0
0
0
0
0.0411693
0
0
0
0
0
0
0
0
0
0
0
0
0
0
0
0
0
0
0
0
0
0
0
0
0
0
0
0
0
0
0
0
0
0
0
0
0
0
0
0
0
0
0
0
0
0
0
0
0
0
0
0
0
0
0
0
0
0
0
0
0
0
0
0
0
0
0
0
0
0
0
0
0
0
0
0
0
0
0
0
0
0
0
0
0
0
0
0
0
0
0
0
0
0
0
0
0
0
0
0
0
0
0
0
0
0
0
0
0
0
0
0
0
0
0
0
0
0
0
0
0
0
0
0
0
0
0
0
0
0
0
0
0
0.0441942
0.0441942
0.0580678
0.0580678
0
0.0580678
0
0.0441942
0
0
0
0
0
0
0
0
0
0
0
0
0
0
0
0
0
0
0
0
0
0
0
0
0
0
0
0
0
0
0
0
0
0
0
0
0
0
0
0
0
0
0
0.0317409
0.0317409
0.0317409
0
0.0317409
0.0317409
0.043865
0.043865
0.0349489
0.0317409
0
0
0
0
0
0
0.043865
0.043865
0.043865
0
0.043865
0.0535946
0.043865
0
0.043865
0.0349489
0.0349489
0
0
0
0.0349489
0
0
0
0
0
0
0
0
0
0
0
0
0
0
0
0
0
0
0
0.0351519
0
0
0
0
0
0
0
0
0
0.0314903
0.0314903
0.0314903
0.0314903
0.0314903
0.0314903
0.0314903
0.0314903
0.0314903
0.0314903
0.0314903
0.0314903
0.0314903
0.0314903
0
0
0
0
0
0
0
0
0
0
0
0
0
0
0
0
0
0
0
0
0
0
0
0
0
0
0
0
0
0
0
0
0
0
0
0
0
0
0
0
0
0
0
0
0
0
0
0
0
0
0
0
0
0
0
0
0
0
0
0
0
0
0
0
0
0
0
0
0
0
0
0
0
0
0
0
0
0
0
0
0
0
0
0
0
0
0
0
0
0
0
0
0
0
0
0
0
0
0
0
0
0
0
0
0
0
0
0
0
0
0
0
0
0
0
0
0
0
0
0
0
0
0
0
0
0
0
0
0
0
0
0
0
0
0
0
0
0
0
0
0
0
0
0
0
0
0
0
0
0
0
0
0
0
0
0
0
0
0
0
0
0
0
0
0
0
0
0
0
0
0
0
0
0
0
0
0
0
0
0
0
0
0
0
0
0
0
0
0
0
0
0
0
0
0
0
0
0
0
0
0
0
0
0
0
0
0
0
0
0
0
0
0
0
0
0
0
0
0
0
0
0
0
0
0
0
0
0
0
0
0
0
0
0
0
0.0596853
0.0596853
0.0596853
0.0596853
0.0596853
0.0596853
0.0596853
0.0597005
0
0.0597614
0.0597614
0.0597614
0.0599606
0.0597614
0.0597614
0.0597614
0
0
0
0
0.0596853
0.0314903
0
0
0
0
0
0
0
0
0
0
0
0
0
0
0
0
0
0
0
0
0
0
0
0
0
0
0
0
0
0
0
0
0
0
0
0
0
0
0
0
0
0
0
0
0
0.0314903
0
0
0
0
0
0
0
0
0
0
0
0
0
0
0
0
0
0
0
0
0
0
0
0
0
0
0
0
0
0
0
0
0
0
0
0
0
0
0
0
0
0
0
0
0
0
0
0
0
0
0
0.0314903
0.0314903
0
0
0
0
0
0
0
0
0
0
0
0
0
0
0
0
0
0
0
0
0
0
