0.0431834
0.0431834
0.0431834
0
0.0431834
0
0
0.0430033
0.0430033
0.0430033
0.0430033
0.0431431
0.0431498
0
0
0
0
0
0
0
0
0
0
0
0
0
0
0
0
0
0
0
0
0
0
0
0
0
0
0
0
0.0591916
0.0591744
0.0591744
0.0591744
0.0591744
0.0591744
0.0591744
0.0591744
0.0591744
0.0591916
0.0591916
0
0
0
0
0
0.065083
0.065083
0
0
0
0
0
0
0
0
0
0
0
0
0
0
0
0
0
0
0
0
0
0
0
0
0
0
0
0
0
0
0
0
0
0
0
0
0
0
0.061362
0.061362
0
0.061362
0
0.0643823
0.0624086
0.0704033
0.0704033
0.0643046
0
0.0719195
0
0.0775372
0
0
0.0623985
0
0
0
0
0.0768284
0
0.0597259
0.0697156
0.0597259
0
0.0592696
0.0592869
0.0592869
0.0691852
0.0691852
0.0691852
0.059717
0.0603847
0
0
0
0.0597348
0.060403
0
0
0
0
0
0
0
0
0
0
0
0
0
0
0
0
0
0
0
0
0
0
0
0
0
0
0
0
0
0
0
0
0
0
0
0
0
0
0
0
0
0
0
0
0
0
0
0
0
0
0
0
0
0
0
0
0
0
0
0
0
0
0
0
0
0
0
0
0
0
0
0
0
0
0
0
0
0
0
0
0
0
0
0.0741419
0.0741419
0.0741419
0.0741419
0.0741419
0.0741419
0
0
0
0
0
0
0
0
0
0
0
0.0592782
0.073939
0
0.0741929
0
0
0
0.0756289
0.0704907
0.0450073
0.075828
0.068173
0.0683054
0.0779089
0.071232
0.071232
0.0723891
0.0723891
0
0
0
0
0.0693932
0
0.0693932
0.0693932
0.0693932
0
0
0
0.062197
0.0622271
0.0622171
0.0657477
0.062107
0.0753244
0.0723891
0
0
0.0700426
0.073621
0.0723891
0
0
0
0.0656296
0
0
0
0.0660098
0
0
0
0
0
0
0
0
0.0704907
0
0
0
0
0
0
0
0
0.0660098
0
0
0
0
0
0
0
0.0725635
0.0726113
0
0.0741759
0.0741759
0
0
0
0
0
0
0
0
0
0
0
0.0704907
0.0704907
0
0
0
0
0
0
0
0
0
0
0
0
0
0
0
0
0
0.0597259
0
0
0.0592869
0.0592869
0
0
0.0704907
0.0705931
0
0
0
0
0
0
0
0
0
0
0
0
0
0
0
0
0
0
0
0
0
0
0
0
0
0
0
0
0
0
0
0
0
0
0
0
0
0
0
0
0
0
0
0
0
0
0
0
0
0
0
0
0
0
0
0
0
0
0
0
0
0
0
0
0
0
0
0.0428812
0.0428812
0.0428812
0.0428812
0.0428812
0.0469755
0.0469755
0.0469755
0.0469755
0.0469755
0.0469755
0.0469755
0.0469755
0.0469755
0.0469755
0.0469711
0.0469711
0.0469711
0.0469711
0.0469711
0.0469711
0.0469711
0.0469711
0.0469711
0.0469711
0.0469711
0.0469711
0.0469711
0.0469711
0.0469711
0
0
0
0
0
0
0
0
0
0
0
0
0
0
0
0
0
0
0
0
0
0
0
0
0
0
0
0
0
0
0
0
0
0
0
0
0
0
0
0
0
0
0.0672166
0.0672166
0.0672166
0.0672166
0.0672166
0.073538
0.073538
0.073538
0
0
0
0
0
0
0
0
0
0
0
0
0
0
0
0
0
0
0
0
0
0
0
0
0
0
0
0
0
0
0
0
0
0
0
0
0
0
0
0
0
0
0
0
0
0
0
0
0
0
0
0
0
0
0
0
0.0316122
0
0
0.0430531
0.0678064
0
0.0429768
0
0
0.046885
0.0430265
0.0433385
0.0431298
0
0
0
0
0
0
0
0
0
0
0
0
0
0
0
0
0
0
0
0
0
0
0
0
0
0
0
0
0
0
0
0
0
0.0430199
0.0430199
0.0430199
0.0430199
0.0430199
0.0430265
0.0430265
0.0431532
0.0431532
0.0431532
0
0
0
0
0
0
0
0
0
0
0
0
0
0
0
0
0
0
0
0
0
0
0
0
0
0
0
0
0
0
0
0
0
0
0
0
0
0
0
0
0
0
0
0
0
0
0
0
0
0
0
0
0
0
0
0
0
0
0
0
0
0
0
0
0
0
0
0
0
0
0
0
0
0
0
0
0
0.0431164
0.0431164
0.04318
0.0431164
0.0432675
0.0432675
0.0432675
0.0430033
0.0430033
0.0432709
0.0430033
0.0430033
0.0430033
0.0432237
0.0432709
0.0432237
0.0432237
0.0432709
0.0432237
0.0431398
0
0.0431398
0.0431398
0.0431766
0.0431834
0.0445435
0.044397
0.044397
0.0465242
0.0461839
0
0
0
0
0.0431834
0
0
0.0431834
0.0431834
0.0431834
0.0431834
0.0430498
0.0430498
0.0430498
0.0430498
0.0430498
0.0430498
0.0431834
0.0430498
0
0
0
0
0
0
0
0
0
0
0
0
0
0
0
0
0
0
0
0
0
0
0
0
0
0
0
0
0
0
0
0
0
0
0
0
0
0
0
0
0
0
0
0
0
0
0
0
0
0
0
0
0
0
0
0
0
0
0
0
0
0
0
0
0
0
0
0
0
0
0
0
0
0
0
0
0
0
0.043227
0.043227
0
0
0.0432069
0.0432069
0.0432069
0.0431901
0.0431901
0.0431766
0.0676768
0.0676768
0
0.0669524
0.0669524
0.0432675
0.0432641
0
0
0
0
0
0
0
0
0.0432641
0.0432641
0.0432641
0.0432641
0.0432641
0.0432675
0.0432675
0
0
0
0
0
0
0
0.0432641
0.0564858
0.0432641
0
0.0432641
0.0432675
0.0432675
0.0432675
0.0432641
0.0432641
0.0455842
0.058832
0.0356613
0.0608487
0
0
0.0435435
0
0
0
0
0
0
0.0460287
0.051778
0.0435848
0.0435848
0.0436159
0.0435848
0.0568803
0.0568803
0.0568803
0
0
0
0
0
0
0
0
0
0
0
0
0
0
0
0
0
0
0
0
0
0
0
0
0
0
0
0
0
0
0
0
0
0
0
0
0
0
0
0
0
0
0
0
0
0
0
0
0
0
0
0
0
0
0
0
0
0
0.0541862
0.0543059
0.0543059
0.0570653
0.057409
0.057409
0
0.0574169
0.0673181
0.103325
0
0.0622673
0.0642935
0.102418
0.0680808
0.0637793
0.0563138
0.0615846
0.057671
0.106803
0
0
0
0
0
0
0
0
0
0
0
0
0
0
0
0
0
0
0
0
0
0
0
0
0
0
0
0
0
0
0
0
0
0
0
0
0
0
0
0
0
0
0
0
0
0
0
0
0
0
0
0
0
0
0
0
0
0
0
0
0
0
0
0
0
0
0
0
0
0
0
0
0
0
0
0
0
0
0
0
0
0
0
0
0
0.0509702
0.0447475
0.0447475
0.0432675
0.0431968
0.0591571
0.0591571
0.0447475
0.0447475
0.0752355
0.0447475
0.0447475
0.0766214
0.0431968
0.0431968
0.0618787
0
0
0
0
0
0
0
0
0
0
0
0
0
0
0
0
0
0
0
0
0
0
0
0
0
0.0466464
0
0.0445362
0
0
0
0.0395491
0
0
0
0.0677934
0
0
0
0
0.0493815
0
0.0603663
0.0436783
0
0.0518708
0.0456
0
0
0
0.0677934
0
0
0
0.0441081
0
0
0
0
0
0.0432709
0
0.0499896
0
0.0598774
0.0431231
0
0.0475921
0
0
0.0871214
0.0603755
0.0839181
0.0594701
0
0.044573
0
0
0
0.0430498
0.0430498
0.0430498
0.0461839
0
0
0.0432709
0
0
0
0
0
0
0
0
0
0
0
0
0
0
0
0
0
0
0
0
0
0
0
0
0
0
0
0
0
0
0
0
0
0
0
0
0
0.0432675
0
0
0
0
0
0
0
0
0
0.0430365
0.0430365
0
0.0430365
0.0430365
0.0677934
0.0677934
0
0.0677934
0.0677934
0.0433216
0
0
0
0
0
0
0
0
0.0316122
0.0316122
0.0316122
0
0
0
0
0
0
0
0
0
0
0
0
0
0.0431465
0.0431465
0.0431465
0.0457869
0.0433419
0.0790775
0.0790775
0.0790775
0.0790775
0
0.0447475
0.0447475
0.0447475
0.0447475
0.0447475
0.0447475
0.0429009
0.0447475
0.071966
0
0
0
0.0447475
0.0447475
0.0447475
0.0447475
0
0
0
0
0
0
0
0
0
0
0
0
0
0
0
0.0447475
0.0447475
0
0.0447475
0
0
0
0
0.0728196
0.0728196
0.0728196
0.124676
0.0447475
0
0.0447475
0.0447475
0.0657477
0
0
0.071966
0.0720906
0
0.0447475
0.0447475
0
0
0
0.0741929
0.0742611
0
0.0447475
0.0447475
0.0447475
0.0447475
0.0447475
0.0788928
0.0447475
0.0886194
0.0762863
0.0477002
0
0
0
0
0
0
0
0
0.0739727
0.0759372
0
0.0447475
0
0.0447475
0
0
0.0447475
0
0
0
0
0
0.327327
0.327327
0
0.547723
0
0.0721375
0.0723891
0
0.0715504
0
0.0447475
0.0715046
0.0715046
0.0715046
0.0716115
0
0
0
0
0
0
0
0
0
0
0
0
0
0
0
0
0
0
0
0
0
0
0
0
0
0.0571351
0
0.0591312
0.0578315
0.0578315
0
0
0
0
0
0
0
0
0
0
0
0
0
0
0
0
0
0
0
0
0
0
0
0
0
0
0
0
0
0
0.0617409
0
0.0617409
0
0
0
0
0
0
0
0
0
0
0
0
0
0
0.0617409
0
0
0
0
0
0
0
0
0
0
0
0
0
0
0
0
0
0
0
0
0
0
0
0
0
0
0
0
0
0.0674711
0.0447475
0
0
0
0.0447475
0.0750939
0.0447475
0
0.0447475
0.0706665
0.0447475
0.0716421
0.0716421
0.0716421
0
0.0718576
0.0447475
0
0.0447475
0
0
0
0
0
0.0674711
0.0674711
0
0.0674711
0.0674711
0.0674711
0.0674711
0.0674711
0.0674711
0.0674711
0.0674711
0
0
0
0
0.0674711
0
0.0447475
0
0
0
0
0
0.0428648
0.0428648
0
0
0
0
0
0
0
0
0
0
0
0
0
0
0
0
0
0
0
0
0
0
0
0
0
0
0
0
0
0
0
0
0
0
0
0
0
0
0
0
0
0
0
0
0
0
0
0
0
0
0
0
0
0
0
0
0
0
0
0
0
0
0
0
0
0
0
0
0
0
0
0
0
0
0
0
0
0
0
0
0
0
0
0
0
0
0
0
0
0
0
0
0
0
0
0
0
0
0
0
0
0
0
0
0
0
0
0
0
0
0
0
0
0
0
0
0
0
0
0
0
0
0
0
0
0
0
0
0
0
0
0
0
0
0
0
0
0
0
0
0
0
0
0
0
0
0
0
0
0
0
0
0.0428648
0
0
0.0428648
0.0428648
0.0428648
0.0428648
0.0428648
0
0
0.0428648
0.0428648
0
0
0
0
0
0
0.0691852
0.0691852
0.0691852
0.0691852
0.0691852
0.0691852
0.0691852
0.0691852
0.0691852
0.0691852
0.0691852
0.0691852
0.0691852
0.0691852
0
0
0
0
0
0
0
0
0
0
0
0.067651
0.067651
0.067651
0.067651
0
0
0
0.0742611
0.074227
0.0715504
0.0715504
0.0715504
0
0
0
0
0
0.0447475
0.0447475
0.0447475
0.0447475
0.0447475
0.0447475
0.0447475
0.0447475
0.0447475
0.0447475
0.0447475
0.0447475
0.0447475
0.0447475
0.0447475
0.0447475
0.0447475
0.0447475
0.0447475
0
0
0
0.0674455
0.0743123
0.0447475
0.0447475
0.0447475
0.0447475
0.0447475
0.0447475
0.0447475
0.0447475
0.0447475
0.0447475
0.0447475
0.0447475
0.0447475
0.0447475
0.0447475
0.0447475
0.0447475
0.0447475
0.0447475
0.0447475
0.0447475
0.0447475
0.0447475
0.0447475
0.0447475
0.0447475
0.0447475
0.0447475
0.0447475
0.0447475
0.0447475
0.0447475
0.0447475
0.0447475
0.0447475
0.0447475
0.0447475
0.0447475
0.0447475
0.0447475
0.0447475
0.0447475
0.0447475
0.0447475
0.0447475
0.0447475
0.0447475
0.0447475
0.0447475
0.0447475
0.0447475
0.0447475
0.0447475
0.0447475
0.0447475
0.0447475
0.0447475
0.0447475
0.0447475
0.0447475
0.0447475
0.0447475
0.0447475
0.0447475
0.0447475
0.0447475
0.0447475
0.0447475
0.0447475
0.0447475
0.0447475
0.0447475
0.0447475
0.0447475
0.0447475
0.0447475
0.0447475
0.0447475
0.0447475
0.0447475
0.0447475
0.0447475
0.0447475
0.0447475
0.0447475
0.0447475
0.0447475
0.0447475
0.0447475
0.0447475
0.0447475
0.0447475
0.0447475
0.0447475
0.0447475
0.0447475
0.0447475
0.0447475
0.0447475
0.0447475
0.0447475
0.0447475
0.0447475
0.0447475
0.0447475
0.0447475
0.0447475
0.0447475
0.0447475
0.0447475
0.0447475
0.0447475
0.0447475
0.0447475
0.0447475
0.0447475
0.0447475
0.0447475
0.0447475
0.0447475
0.0447475
0.0447475
0.0447475
0.0447475
0.0447475
0.0447475
0.0447475
0.0447475
0.0447475
0.0447475
0.0447475
0.0447475
0.0447475
0.0447475
0.0447475
0.0447475
0.0447475
0.0447475
0.0447475
0.0447475
0.0447475
0.0447475
0.0447475
0.0447475
0.0447475
0.0447475
0.0447475
0.0447475
0.0447475
0.0447475
0.0447475
0.0447475
0.0447475
0.0447475
0.0447475
0.0447475
0.0447475
0.0447475
0.0447475
0.0447475
0.0447475
0.0447475
0.0447475
0.0447475
0.0447475
0.0447475
0
0
0.0447475
0.0447475
0.0447475
0.0447475
0.0447475
0.0447475
0.0447475
0.0447475
0.0447475
0.0447475
0.0447475
0.0447475
0.0447475
0.0447475
0.0447475
0.0447475
0.0447475
0.0447475
0.0447475
0
0.0645946
0
0
0
0.0447475
0
0
0
0
0
0
0
0
0
0
0
0
0
0
0
0
0
0
0
0
0
0
0
0
0
0
0
0
0
0
0
0
0
0
0
0
0
0
0
0
0
0
0
0
0
0
0
0
0
0
0
0
0
0
0
0
0.0720438
0
0.0720438
0.0720438
0
0
0
0
0
0
0
0.06689
0.06689
0
0.06689
0.0447475
0.0447475
0.0447475
0.0717496
0.0717496
0
0
0
0.0717496
0
0
0
0.0674711
0
0
0.0674711
0.0674711
0.0674711
0.0674711
0.0674711
0
0
0
0
0.0674711
0.0447475
0.0447475
0.0788928
0.0741929
0
0.0743123
0.0472852
0
0.0447475
0.0447475
0.0447475
0.0447475
0.0674455
0.0674455
0.0674455
0.0674455
0
0.0447475
0.0447475
0
0
0
0.0447475
0.0447475
0
0
0
0
0
0
0
0.0447475
0.0447475
0.0447475
0.0447475
0.0447475
0.0447475
0.0447475
0.0447475
0.0447475
0.0447475
0.0447475
0.0447475
0.0447475
0
0
0
0.0447475
0.0447475
0
0
0
0
0
0
0
0
0
0
0
0
0
0
0
0
0
0
0.0728035
0
0
0
0
0
0
0.0715504
0
0
0
0.0715504
0
0
0
0
0
0
0
0.0715504
0
0.0758825
0
0
0
0
0.0787499
0
0.0784063
0
0
0
0
0
0
0
0
0.0717496
0.0717496
0
0.0717496
0.0742099
0.0742099
0
0
0
0
0
0.0742099
0.0741249
0
0
0
0
0
0
0
0
0
0
0
0
0
0
0
0
0
0
0
0
0
0
0
0
0
0
0
0
0
0
0
0
0
0
0
0
0
0
0
0
0
0
0
0
0
0
0
0
0
0.0704907
0.0704907
0
0
0.0704907
0.068332
0.068332
0.0447475
0.0447475
0
0
0
0
0
0.0743294
0
0
0
0
0
0
0
0
0.0447475
0.0447475
0
0
0
0.0447475
0.0447475
0.0674711
0
0.0447475
0.0447475
0.0447475
0.0447475
0.0447475
0.0447475
0.0447475
0.0447475
0.0447475
0.0447475
0.0447475
0.0447475
0.0447475
0.0447475
0.0447475
0.0447475
0
0
0
0
0
0
0
0
0
0
0
0.0789542
0.0447475
0.0447475
0
0
0
0
0
0
0
0
0
0
0.0675224
0
0.0677804
0
0.0678844
0.0678844
0
0
0.0679366
0
0
0
0
0.0447475
0
0
0
0
0
0
0
0.0733236
0.0733236
0.0733236
0
0.0684119
0
0
0
0
0
0
0
0
0
0
0
0
0
0
0.0745184
0.0806915
0.0447475
0.0724365
0.0725158
0.0725158
0.114457
0
0
0
0
0
0.0447475
0.0447475
0.0447475
0
0.0447475
0.0447475
0.0447475
0.0447475
0.0447475
0.0447475
0.0447475
0.0447475
0.0447475
0
0.0447475
0
0.0447475
0.0447475
0.0447475
0.0447475
0.0447475
0.0447475
0
0.0447475
0.0447475
0.0447475
0.0447475
0.0447475
0
0
0
0
0.0447475
0
0.0447475
0.0730784
0.0730784
0
0
0.0730784
0
0
0
0
0
0
0
0
0
0.0725954
0.0725954
0.0725954
0.0727875
0
0.0725635
0
0
0.0725635
0.0725635
0
0
0
0
0
0
0
0
0
0
0
0
0.0447475
0
0
0
0
0
0.0744667
0.0745184
0.0745184
0.0745184
0
0.0745356
0
0
0
0.0744667
0
0
0
0
0
0
0
0
0
0
0
0
0
0
0
0
0
0
0
0
0
0
0
0
0
0
0
0
0
0
0
0
0
0
0
0
0
0
0
0
0
0
0
0
0
0
0
0
0
0
0
0
0
0
0
0
0
0
0
0
0
0
0
0
0
0
0
0
0
0
0.0447475
0.0447475
0.0447475
0.0447475
0.0447475
0
0
0
0
0
0
0
0
0
0
0
0
0
0
0
0
0
0
0.0707697
0.0707697
0.0726433
0.0708288
0.0717188
0.0717188
0
0.073621
0
0
0
0.0739727
0
0.0739727
0.0757554
0.0792222
0
0
0
0
0
0
0
0
0
0
0
0
0
0
0
0
0
0
0
0
0
0
0
0
0
0
0
0
0
0
0
0
0
0
0
0
0
0
0
0
0.0728035
0.0741759
0.0735712
0.0804084
0.0804084
0
0.0804084
0
0.0804084
0.0804084
0.073721
0
0.0447475
0.0447475
0.0447475
0.0447475
0.0447475
0.068452
0.0774597
0.0792222
0.0792222
0.0792222
0.0792222
0.0792222
0.0447475
0.0447475
0.0447475
0.0447475
0
0
0
0
0
0
0
0
0
0
0
0
0.0447475
0.0731762
0.0674711
0.0674711
0.0674711
0.0674711
0.0674711
0.0674711
0.0674711
0.0674711
0.0674711
0.0674711
0.0674711
0.0674711
0
0
0
0
0.0674711
0
0.0674711
0.0674711
0.0674711
0.0674711
0
0
0
0
0
0
0
0
0
0
0
0
0
0
0
0
0
0
0
0
0
0
0
0
0
0
0
0
0
0.0785876
0.0447475
0.0447475
0.0447475
0.0447475
0.0447475
0.0447475
0.0447475
0.0447475
0.0447475
0.0447475
0.0447475
0.0447475
0.0447475
0.070696
0.0716421
0.0710072
0.0710072
0.0710221
0.0710221
0
0.0712621
0
0
0
0
0.0712621
0.0793052
0.0793052
0.0793052
0.0793052
0.0793052
0
0
0
0.0793052
0.0708733
0.047316
0
0.0724049
0.0724049
0.074091
0.073111
0
0
0
0
0
0
0
0.0729325
0.0729325
0
0.0729325
0.0717958
0.0717958
0.0663723
0.071904
0
0
0
0
0
0
0
0.047316
0
0.047316
0.047316
0.047316
0
0.047316
0.047316
0
0
0
0
0
0
0
0
0.0740064
0.0740064
0.0740233
0.0740571
0.0755569
0.0755569
0
0.0755569
0.0755569
0.0755569
0.0755569
0
0
0
0
0
0
0
0
0
0
0
0
0
0
0
0
0
0
0
0
0
0
0
0
0
0
0
0
0
0
0
0
0
0
0
0
0
0
0
0
0
0
0
0
0.0447475
0.0447475
0
0.0473646
0.0447475
0.0447475
0.0447475
0.0447475
0.0447475
0.0447475
0.0468936
0.0468936
0
0.0447475
0.0447475
0
0.0447475
0.0733236
0.0447475
0
0.0447475
0.0447475
0.0447475
0
0
0
0
0.0447475
0
0
0
0
0
0.0447475
0
0.0447475
0.0447475
0.0447475
0.0447475
0
0.0447475
0.0447475
0.0447475
0.0447475
0.0447475
0.0447475
0.0447475
0.0447475
0.0670653
0.0447475
0.0674711
0.0674711
0.0674711
0.0674711
0.0674711
0.068775
0.068775
0.0674711
0
0
0
0
0
0
0
0
0
0
0
0
0
0
0
0
0
0
0
0
0.0447475
0.0447475
0.0447475
0.0447475
0
0
0
0
0
0
0
0
0.0716115
0.0404778
0.0716574
0.0389053
0.071966
0.071904
0.071904
0
0
0
0
0
0
0
0
0
0
0
0
0
0
0
0
0
0
0
0.0429042
0
0
0
0
0
0
0
0.0473249
0.0473249
0.0473249
0
0.0534777
0.0534777
0.0931156
0
0.0995037
0.0995037
0.0539164
0.0539164
0.0539164
0
0
0
0
0.0722944
0
0
0.047316
0
0
0
0
0
0.0447475
0.0447475
0.0447475
0.0479509
0.0447475
0.0447475
0
0.0447475
0.0447475
0.0447475
0.0447475
0.0447475
0
0
0
0
0.0722001
0.0447475
0.0724841
0.0447475
0
0
0
0.0447475
0.0447475
0
0
0
0
0
0.0447475
0.0447475
0.0447475
0.0447475
0.0737544
0
0
0
0
0
0
0
0
0
0
0
0
0
0
0
0
0
0
0
0
0
0
0
0
0
0
0
0
0
0
0
0
0
0
0
0
0
0
0
0
0
0
0
0
0.0744839
0.0744839
0.0744839
0.0744839
0.0744839
0
0
0
0
0
0
0
0
0
0
0
0
0
0
0.0710669
0.0710669
0
0.0710968
0.0710968
0
0
0
0
0
0
0
0
0
0
0
0
0
0
0
0
0
0
0
0
0
0
0
0
0
0
0
0
0
0
0
0
0
0
0
0
0
0
0
0
0
0
0
0
0
0
0
0
0
0
0
0
0.069282
0
0
0
0
0
0
0
0
0
0
0
0
0
0
0
0
0
0
0
0
0
0
0
0
0
0
0
0
0
0
0
0
0
0
0
0
0
0
0
0
0
0
0
0
0
0
0
0
0
0
0
0
0
0
0
0
0
0
0
0
0
0
0
0
0
0
0
0
0
0
0
0
0
0
0
0
0
0
0
0
0
0.0697156
0.0697156
0.0697156
0.0697156
0.0697156
0.0697156
0.0697156
0.0697156
0.0697156
0
0
0
0.0697156
0
0
0
0
0
0
0
0
0
0
0
0
0
0
0
0
0
0
0
0
0
0
0
0
0
0
0
0
0
0
0
0
0
0
0
0
0
0
0
0
0
0
0
0
0
0
0
0
0
0
0
0
0
0
0
0
0
0
0
0
0
0
0
0
0
0
0
0
0
0
0
0
0
0
0
0
0
0
0
0
0
0
0
0
0
0
0
0
0
0
0
0
0
0
0
0
0
0
0
0
0
0
0
0
0
0
0
0
0
0
0
0
0
0
0
0
0
0
0
0
0
0
0
0
0
0
0
0
0
0
0
0
0
0
0
0
0
0
0
0
0
0
0
0
0
0
0
0
0
0
0
0
0
0
0
0
0
0
0
0
0
0
0
0
0
0
0
0
0
0
0
0
0
0
0
0
0
0
0
0
0
0
0
0
0
0
0
0
0
0
0
0
0
0
0
0
0
0
0
0
0
0
0
0
0
0
0
0
0
0
0
0
0
0
0
0
0
0
0
0
0
0
0
0
0
0
0
0
0
0
0
0
0
0
0.0447475
0.0447475
0.0447475
0.0447475
0.0447475
0.0447475
0.0447475
0.0447475
0.0447475
0.0447475
0.0447475
0.0447475
0.0447475
0.0447475
0.0447475
0.0447475
0.0447475
0.0447475
0.0447475
0.0447475
0.0447475
0.0447475
0.0447475
0.0447475
0.0447475
0.0447475
0.0447475
0.0447475
0.0447475
0.0447475
0.0447475
0.0447475
0.0447475
0.0447475
0.0447475
0.0447475
0.0447475
0.0447475
0.0447475
0.0447475
0.0447475
0.0447475
0.0447475
0.0447475
0.0447475
0.0447475
0.0447475
0.0447475
0.0447475
0.0447475
0.0447475
0.0447475
0.0447475
0.0447475
0.0447475
0.0447475
0.0447475
0
0.0447475
0.0447475
0.0447475
0.0447475
0.0447475
0.0447475
0.0447475
0.0792222
0.0790569
0
0
0
0.0447475
0.071765
0
0.0674711
0.0674711
0.0739221
0.0753244
0.0753244
0.0725795
0.0725795
0.071904
0.0447475
0.0447475
0.0447475
0.0447475
0
0
0
0
0
0.0782461
0
0
0
0
0.12666
0
0
1
0.5
1
0
0.866025
0
1
0
0
0
0.0674711
0.0447475
0.0447475
0.0447475
0.0447475
0.0447475
0.0447475
0.0447475
0.0804301
0
0.0804301
0.0804301
0
0.0805823
0.0805823
0.0805823
0.0810885
0.0810885
0.0810885
0.0810885
0
0.081133
0.081133
0.081133
0.081133
0.081133
0.0813116
0.0813116
0
0.081133
0.0812221
0.081133
0
0.081133
0
0
0.081133
0.0806259
0
0.0806259
0.0738213
0.0738213
0.0738213
0.0765092
0.0765092
0.0765092
0.0765092
0
0
0
0.076584
0.076584
0.076584
0.0738885
0.0736876
0
0.0736876
0.0736876
0
0.0738213
0.0757554
0.0757554
0.0757554
0.0757554
0
0.0757554
0.0757554
0.0757554
0.0764533
0.0764533
0.0764533
0.0764533
0.0764533
0.0757554
0
0
0
0
0
0.0674711
0.0674711
0.0674711
0.0674711
0.0674711
0.0674711
0
0
0
0
0
0
0
0
0.0785876
0.0785876
0.0785876
0.0785876
0.0787703
0.0787703
0
0.0785876
0
0
0.0447475
0.0447475
0.0447475
0.0447475
0.0447475
0.0447475
0.0447475
0.0447475
0.0473602
0.0473602
0
0.0473602
0.0447475
0.0447475
0
0
0.076961
0
0
0
0
0
0
0.0447475
0.0447475
0.0716268
0.0447475
0.0447475
0.0447475
0.0478867
0.0447475
0.0447475
0.0447475
0
0
0.0447475
0.0447475
0.0447475
0.0447475
0.0447475
0.0447475
0
0
0
0
0
0
0.0447475
0.0447475
0.0447475
0
0.0701
0
0
0
0
0
0
0
0
0.0808012
0
0
0
0
0
0
0.105215
0.096225
0.0781863
0
0
0
0
0
0
0.0674711
0
0.0447475
0.0447475
0
0
0
0
0
0
0
0
0
0
0.0447475
0.0447475
0
0
0
0.0447475
0.0794929
0.0447475
0.0447475
0.0447475
0.0447475
0.0447475
0.0447475
0.0447475
0.0447475
0.0447475
0.0447475
0.0447475
0.0447475
0.0447475
0.0447475
0.0447475
0
0
0
0
0.0447475
0.0737377
0.0447475
0.0447475
0.0447475
0.0447475
0
0.0447475
0.0447475
0.0780472
0.0780472
0.0780472
0.0780472
0.0780472
0.0447475
0
0.0447475
0
0
0
0
0
0.0447475
0.0447475
0.0447475
0.0447475
0.0447475
0
0
0.0447475
0.0477365
0.0447475
0.0801712
0.0801712
0
0.0801927
0
0
0.0447475
0.0447475
0.0447475
0.0447475
0.0447475
0.0447475
0.0447475
0.0447475
0
0.0447475
0.0447475
0
0.0447475
0
0
0
0.0447475
0.0447475
0
0.0447475
0.0447475
0.0732416
0.0732416
0
0.0447475
0.0447475
0.0447475
0.0447475
0.0447475
0.0447475
0
0
0
0
0.0447475
0.0447475
0.0447475
0.0447475
0.0447475
0
0.0447475
0.0447475
0.0447475
0.0447475
0
0.0447475
0.0447475
0.0447475
0.0447475
0
0.0447475
0.0447475
0.0447475
0.0447475
0.0811998
0.0811998
0.0811998
0.0811998
0
0
0
0
0.0447475
0.0447475
0.0447475
0.0447475
0.0447475
0.0447475
0.0447475
0.0447475
0.0447475
0.0447475
0.0447475
0.0447475
0.0447475
0.0447475
0.0447475
0
0
0
0
0
0
0
0
0
0
0.0447475
0.0447475
0
0
0
0
0
0
0
0
0
0
0
0
0
0
0
0
0
0
0
0
0
0
0
0
0
0
0.0447475
0.0447475
0
0.0447475
0
0
0
0
0
0
0
0
0.0917985
0.0917985
0.0917985
0.0917985
0.0917985
0.051344
0.051344
0.0583212
0
0
0.052105
0.0447475
0.0447475
0.0447475
0.0447475
0.0447475
0.0447475
0.0447475
0.0447475
0.0447475
0.0447475
0.0447475
0.0447475
0.0701143
0.0701143
0.0701143
0.0701143
0
0
0.0447475
0.0447475
0.0447475
0.0447475
0.0701143
0.0701143
0.0701143
0
0
0
0.0701
0.0701
0.0701143
0.0701143
0
0
0
0
0.0447475
0.0447475
0
0
0
0
0
0
0
0
0
0.0447475
0.0447475
0.0447475
0
0
0
0
0
0
0
0
0
0
0
0
0.0447475
0.0447475
0
0
0
0.0447475
0.0447475
0
0
0
0
0
0
0
0
0
0
0
0.0447475
0.0447475
0
0
0.0795557
0
0
0
0
0
0
0
0
0
0
0
0
0
0
0
0
0
0
0
0
0
0
0
0
0
0
0
0
0
0
0
0
0
0
0
0
0
0
0
0
0
0
0
0
0
0
0
0
0
0
0
0
0
0
0
0
0
0
0
0
0
0
0
0
0
0
0
0
0
0
0
0
0
0
0
0
0
0
0
0
0
0
0
0
0
0
0
0
0
0
0
0
0
0
0
0
0
0
0
0
0
0
0
0
0
0
0
0
0
0
0
0
0
0
0
0
0
0
0
0.0447475
0.0447475
0.0447475
0
0
0
0
0
0
0
0
0
0.0674711
0.0447475
0.0447475
0
0
0
0
0
0
0
0
0
0
0
0
0
0
0
0
0.0429009
0
0.0608487
0.0608487
0.0608487
0.0608487
0.0608487
0.0608487
0.0608487
0.0608487
0
0.0608487
0.0608487
0
0.0608487
0.0608487
0
0.0608487
0.0592869
0.0592869
0.0592869
0.0592869
0.0592869
0.0592869
0.0592869
0.059717
0
0.059717
0.059717
0.059717
0.059717
0
0.0592869
0.0592869
0.0592869
0.0592869
0.0592869
0.0592869
0.0592869
0
0.0592869
0.0593304
0.0592869
0.0597348
0.0597348
0
0
0
0
0
0.0597348
0.0597348
0
0
0
0
0
0
0.0678714
0
0
0
0
0
0.0678714
0
0
0.0741419
0
0
0
0
0
0
0
0
0
0
0
0.0741419
0
0
0
0
0
0
0
0.0741419
0.0741419
0.0741419
0
0
0
0
0
0
0
0
0
0
0
0
0
0
0
0
0
0
0
0
0
0
0
0
0
0
0
0
0
0
0
0
0
0
0
0
0
0
0
0
0
0
0
0
0
0
0
0.071232
0.071232
0.071232
0.071232
0
0
0
0
0
0
0
0
0
0
0
0.0723891
0.0723891
0.0723891
0.0723891
0
0
0
0
0
0
0
0
0
0
0
0
0
0
0
0
0
0
0
0
0
0
0
0
0
0
0
0
0
0
0
0
0
0
0
0
0
0
0
0
0
0
0
0
0
0
0
0
0
0
0
0
0
0
0
0
0
0
0
0.065083
0.065083
0.065083
0.065083
0
0
0
0
0
0
0
0
0
0
0
0
0
0
0
0
0
0
0
0
0
0
0
0
0
0
0
0
0
0
0
0
0
0
0
0
0
0
0
0
0
0
0
0
0
0
0
0
0
0
0
0
0
0
0
0
0
0
0
0
0
0
0
0
0
0
0
0
0
0
0
0
0
0
0
0
0
0
0
0
0
0
0
0
0
0
0
0
0.0704907
0.0625611
0
0.0592782
0.0592782
0.0592782
0.0592782
0.0592782
0
0
0
0
0
0
0
0
0
0
0
0
0
0
0
0
0
0
0
0
0
0
0
0
0
0
0
0
0
0
0
0
0
0
0
0
0
0.059011
0.059011
0
0
0
0
0
0
0
0
0
0
0
0
0
0
0
0
0
0
0
0
0
0
0
0
0
0
0
0
0
0
0
0
0
0
0
0
0
0
0
0
0
0
0
0
0
0
0
0
0
0
0
0
0
0
0
0
0
0
0
0
0
0
0
0
0
0
0
0
0
0
0
0
0
0
0
0
0
0
0
0
0
0
0
0
0
0
0
0
0
0
0
0
0
0
0
0
0
0
0
0
0
0
0
0
0
0
0
0
0
0
0
0
0
0
0
0
0
0
0
0
0
0
0
0
0
0
0
0
0
0
0
0
0
0
0
0
0
0
0
0
0
0.0316968
0
0
0
0
0
0
0
0
0
0
0
0
0
0
0
0
0
0
0
0
0
0
0.0429207
0
0
0
0
0
0
0
0
0
0
0
0
0
0
0
0
0
0
0
0
0
0
0
0
0
0
0
0
0
0
0
0
0
0
0
0.0429207
0.0429207
0.0429207
0.0429207
0.0429207
0.0429207
0.0429207
0
0
0
0
0
0
0
0
0
0
0
0
0
0
0
0
0
0
0
0
0
0
0
0
0
0
0
0
0.0429207
0.0429207
0.0429207
0.0429207
0.0429207
0.0429207
0
0
0
0
0
0
0
0
0.047507
0.0475204
0
0
0.0428648
0.0428648
0.0428648
0.0428648
0.0428648
0
0
0
0
0
0
0
0
0
0
0
0
0
0
0
0
0
0
0
0
0
0
0
0
0
0
0
0
0
0
0
0
0
0
0
0
0
0
0
0
0
0
0
0
0
0
0
0
0
0
0
0
0
0
0
0
0
0
0
0
0
0
0
0
0
0
0
0
0
0
0
0
0
0
0
0
0
0
0
0
0
0
0
0
0
0
0
0
0
0
0
0
0
0
0
0
0
0
0
0
0
0
0
0
0
0
0
0
0
0
0
0
0
0
0
0
0
0
0
0
0
0
0
0
0
0
0
0
0
0
0
0
0
0
0
0
0
0
0
0
0
0
0
0
0
0
0
0
0
0
0
0
0
0
0
0
0
0
0
0
0
0
0
0
0
0
0
0
0
0
0
0
0
0
0
0
0
0
0
0
0
0
0
0
0
0
0
0
0
0
0
0
0
0
0
0
0
0
0
0
0
0
0
0
0
0
0
0
0
0
0
0
0
0
0
0
0
0
0
0
0
0
0
0
0
0
0
0
0
0
0
0
0
0
0
0
0
0
0
0
0
0
0
0
0
0
0
0
0
0
0
0
0
0
0
0
0
0
0
0
0
0
0
0
0
0
0
0
0
0
0
0
0
0
0
0
0
0
0
0
0
0
0
0
0
0
0
0
0
0
0
0
0
0
0
0
0
0
0
0
0
0
0
0
0
0
0
0
0
0
0
0
0
0
0
0
0
0
0
0
0
0
0
0
0
0
0
0
0
0
0
0
0
0
0
0
0
0
0
0
0
0
0
0
0
0
0
0
0
0
0
0
0
0
0
0
0
0
0
0
0
0
0
0
0
0
0
0
0
0
0
0
0
0
0
0
0
0
0
0
0
0
0
0
0
0
0
0
0
0
0
0
0
0
0
0
0
0
0
0
0
0
0
0
0
0
0
0
0
0
0
0
0
0
0
0
0
0
0
0
0
0
0
0
0
0
0
0
0
0
0
0
0
0
0
0
0
0
0
0
0
0
0
0
0
0
0
0
0
0
0
0
0
0
0
0
0
0
0
0
0
0
0
0
0
0
0
0
0
0
0
0
0
0
0
0
0
0
0
0
0
0
0
0
0
0
0
0
0
0
0
0
0.0707845
0.0707845
0.0707845
0.0707845
0.0707845
0.0707845
0.0707845
0.0707845
0.0707845
0.0707845
0.0707845
0.0707845
0.0707845
0.0707845
0.0707845
0.0707845
0.0707845
0.0926151
0.0926151
0
0
0.0429042
0.0429042
0.0429042
0.0429042
0.0429042
0.0429042
0.0429042
0.0429042
0.0429042
0.0429042
0.0429042
0.0429042
0.0429042
0.0429042
0.0429042
0.0429042
0.0429042
0.0429042
0.0429042
0.0429042
0.0429042
0.0429042
0.0429042
0.0429042
0.0429042
0.0429042
0.0429042
0.0429042
0.0429042
0.0429042
0.0429042
0
0
0.0707845
0.0707845
0.0707845
0.0707845
0.0707845
0.0707845
0.0727875
0.0707845
0.0707845
0.0723575
0.0723575
0.0723575
0.0723575
0.0723575
0.0723575
0.0723575
0.0723575
0.0723575
0.0723575
0.0707845
0.0707845
0.0707845
0.0707845
0.0707845
0.0727875
0.0707845
0.0707845
0.0707845
0.0709327
0.0709327
0
0
0
0.0709327
0.0707845
0
0
0
0.0707845
0.0707845
0.0714286
0.0714286
0.0714286
0
0.0707845
0.0707845
0.0707845
0.070903
0.070903
0.0714286
0.0714286
0
0
0
0
0.107006
0.107006
0.130931
0.130931
0.0578315
0.0578315
0.0726273
0.0726273
0
0
0
0
0
0
0
0.0728196
0.0728196
0.0728196
0
0
0
0.0886775
0.0886775
0.0886775
0
0
0
0
0
0
0
0
0
0
0
0
0
0
0
0
0
0
0
0
0
0
0
0
0
0
0
0
0
0
0
0
0
0
0
0
0
0
0
0
0
0
0
0
0
0
0
0
0
0
0
0
0
0
0
0
0
0
0
0
0
0
0
0
0
0
0
0
0
0
0
0
0
0
0
0
0.0731435
0.0731435
0.0731435
0
0
0
0
0
0
0
0
0
0
0
0
0
0
0.0714286
0.0714286
0.0709327
0.0709327
0
0
0
0
0
0
0
0
0
0
0
0
0
0.0707845
0.0707845
0.071232
0.0707845
0.0707845
0
0
0
0.071232
0.071232
0
0.071232
0.0768473
0
0.0768473
0.071232
0.071232
0.0731435
0.0731435
0.0731435
0.0731435
0.0733071
0.0733071
0.0733071
0.0733071
0.0746393
0.0746393
0
0.0733071
0.0733071
0
0
0
0
0
0
0.0733071
0.0733071
0.0733071
0.0743294
0.0743294
0.0744667
0.0744667
0.0744667
0.075521
0.0666667
0.0666667
0.0685189
0.0685189
0.0685189
0.0805823
0.113228
0
0
0
0
0
0
0
0
0
0
0.0733071
0.0746393
0.0746393
0.0746393
0.0754493
0.0754493
0.0754493
0.0754493
0.0755031
0.0733071
0
0
0
0
0
0
0
0
0
0
0
0
0
0
0
0
0
0
0
0
0
0
0
0
0.0742099
0.0742099
0.0742099
0
0.0742781
0.0755031
0
0.075539
0.075539
0.075539
0.075539
0.075539
0.075539
0
0
0
0
0.075539
0.075539
0.075539
0.0756289
0
0
0
0
0
0
0
0
0
0.075539
0.0756109
0
0
0
0
0
0
0
0
0
0
0
0
0
0
0
0
0
0
0
0.0755031
0.0755031
0.0755031
0.0755031
0.075539
0.075521
0
0.0755569
0.0755569
0
0.0755569
0.0755569
0
0
0
0
0
0
0
0
0.070903
0.070903
0.0711118
0.0715351
0.0715351
0
0
0
0
0
0
0.0715351
0.0715351
0.0728196
0.0728196
0.0728196
0.0728196
0
0.0728196
0.0733071
0.0732579
0.0732579
0.0732579
0.0732579
0.0732579
0.0732579
0
0
0
0
0
0
0
0
0.0732579
0
0
0
0
0
0
0
0
0
0
0
0
0
0
0
0.0886775
0.0886775
0.0886775
0.0886775
0.0886775
0.0937614
0.0937614
0.0937614
0.0937614
0.0937614
0.0939336
0.0937614
0.0937614
0.0681466
0.0573539
0.0886775
0.0886775
0
0
0
0
0
0
0
0
0
0
0
0
0
0
0
0
0
0
0
0
0
0
0
0
0.0714286
0.0714286
0.0714286
0.0732416
0.0732416
0
0.0732416
0
0
0
0
0.0732416
0
0
0
0
0
0
0
0
0
0
0
0.0732416
0.0732416
0
0
0
0
0
0
0
0
0
0
0
0
0
0
0.0714286
0
0
0
0
0
0
0
0
0
0
0
0
0
0
0
0
0
0
0
0
0
0
0
0
0
0
0
0
0
0
0
0
0
0
0
0
0
0
0
0
0
0
0
0
0
0
0
0
0
0
0
0
0
0
0
0
0
0
0
0
0
0
0
0
0
0
0
0
0
0
0
0.0723733
0.0724049
0
0
0
0
0
0
0
0.0713831
0.0713831
0
0.0713831
0.0726592
0.0726592
0.0717958
0.0717958
0.0711268
0.0711268
0.0711268
0.0768284
0.0787907
0.0787907
0.0787907
0.0768284
0
0
0.0711268
0
0.0711268
0
0
0.0712621
0.0428648
0.0428648
0.0428648
0.0428648
0
0
0
0.0517376
0.0478319
0.0517376
0.0517376
0.0517376
0.0517376
0.0517376
0.0517376
0.068452
0.0524202
0.0517376
0.0517376
0.0517376
0.0478319
0.0478319
0.0478319
0.0478319
0.0478319
0.0478319
0.0478319
0.0674711
0.0674711
0.0674711
0.0674711
0.0674711
0.0674711
0.0674711
0.0478319
0
0.066519
0.0589939
0.0487515
0
0
0
0
0.0674583
0.0674583
0.0492814
0.0482945
0.0482945
0.0482945
0.0482945
0.0482945
0.0783661
0.0783661
0.0783661
0.0783661
0.068173
0
0.0495428
0.0495428
0.0499272
0.0543593
0.0588745
0.056173
0
0
0
0.0488483
0.0488483
0.0698999
0.0488532
0
0.0488532
0.0590882
0
0
0
0
0
0.0485882
0.0488386
0.0674711
0
0.0427928
0.0427928
0.0427928
0.0427928
0.0429141
0.0431599
0.0431599
0.0431599
0.0431599
0.0431599
0.0431599
0.0431599
0.0431599
0.0499636
0.0431599
0.0431599
0.0431599
0.0431599
0.0431599
0.0431599
0
0
0
0
0
0
0
0
0.0431632
0.0431632
0.0431632
0.0431632
0.0431632
0.0431632
0.0431632
0
0
0.0431632
0
0
0.0518128
0
0.0518128
0.0518128
0.0518128
0.0518128
0.0518128
0.0518128
0.0518128
0.0518128
0.0518128
0.0518128
0.0518244
0.0518244
0
0
0.0518244
0
0
0
0
0
0
0
0
0
0.0688564
0.0688564
0.0688564
0.0688564
0.0688564
0.0688564
0.0688564
0.0688564
0
0
0
0
0
0
0
0
0
0
0
0
0
0
0
0
0
0
0
0
0
0
0
0
0
0
0
0
0
0
0
0
0.0688837
0.0513892
0
0
0.0659979
0.0431632
0.0431632
0.0431632
0.0524924
0.0524924
0.0525045
0
0
0
0.0431632
0.0431632
0.0432237
0.0432237
0.0431632
0.0431632
0.0431699
0.0474179
0.0474179
0.0431699
0.0431934
0.0431934
0.0431934
0.0431934
0.0431699
0.0431699
0.0431699
0.0474179
0.0474179
0.0474179
0.0474179
0.0474179
0.0502731
0.0474179
0.0474179
0.0474179
0.055909
0.0474179
0.0474179
0.0474179
0.0474179
0.0474179
0.0474179
0.0474179
0
0
0
0
0
0.0431632
0.0431632
0.0431632
0.0431632
0.0499636
0.0431632
0.0652097
0.0652097
0.0652097
0.0652097
0.0686803
0.0652097
0.0431632
0.0499636
0.0431632
0.0481357
0.0431632
0.0431632
0.0431632
0.0481357
0.0481357
0.0494066
0.0485738
0.0485738
0.0485738
0.0485738
0.0485738
0.0485738
0
0
0
0
0
0
0.0514401
0
0.0521818
0.0492117
0.0492068
0
0
0
0
0.0432237
0.0432237
0.0674711
0
0
0
0.0432574
0.0432574
0.0432574
0.0432574
0
0
0
0
0
0
0
0
0
0
0
0
0
0.0429141
0.0429141
0.0429141
0.0429141
0.0429141
0.0429141
0
0
0
0
0
0
0
0
0
0
0
0.0431934
0
0.0448599
0.046147
0
0
0
0.0448111
0.0448111
0
0
0
0.0448111
0
0
0
0
0
0
0
0
0
0
0
0
0
0
0
0
0
0
0
0
0
0
0
0
0
0
0
0
0
0
0
0
0
0
0
0
0
0
0
0
0
0
0
0
0
0
0
0
0
0
0
0
0
0.0429042
0.0429042
0.0429042
0.0429042
0.0429042
0
0
0
0
0
0
0
0
0
0
0
0
0
0
0
0
0
0
0
0
0
0
0
0
0
0
0
0
0
0
0.0429075
0.0429075
0.0429735
0.0628488
0.0628488
0
0
0
0
0
0
0
0
0
0
0
0
0
0
0
0
0
0
0
0
0
0
0
0
0
0
0
0
0
0
0
0
0
0
0
0
0
0
0
0
0
0
0
0
0
0
0
0
0.06689
0.06689
0.06689
0.06689
0.06689
0.06689
0.06689
0.06689
0.06689
0
0
0
0
0
0
0
0
0
0
0
0
0
0
0
0
0
0
0
0
0
0
0
0
0
0
0
0
0
0
0
0
0
0
0
0
0
0
0
0
0
0
0
0
0
0
0
0
0
0
0
0
0
0
0
0
0
0
0
0
0
0.067103
0.067103
0.067103
0.067103
0.067103
0.067103
0.067103
0
0
0
0
0
0
0
0
0
0
0
0
0
0
0
0
0
0
0
0
0
0
0
0
0
0
0
0
0
0
0
0
0
0
0
0
0
0
0
0
0
0
0
0
0
0
0
0
0
0
0
0
0
0
0
0
0
0
0
0
0
0
0
0
0
0
0
0
0
0
0
0
0
0
0
0
0
0
0
0
0
0
0
0
0
0
0
0
0
0
0
0
0
0
0
0
0
0
0
0
0
0
0
0
0
0
0
0
0
0
0
0
0
0
0
0
0
0
0
0
0
0
0
0
0
0
0
0
0
0
0
0
0
0
0
0
0
0
0
0
0
0
0
0
0
0
0
0
0
0
0
0
0
0
0
0
0
0
0
0
0
0
0
0
0
0
0
0
0
0
0
0
0
0
0
0
0
0
0
0
0.06689
0
0
0
0
0
0
0
0
0
0
0
0
0
0
0
0
0
0
0.067103
0
0
0
0.067103
0
0
0
0.067103
0
0
0
0.067103
0
0
0
0
0
0
0
0
0
0
0
0
0
0
0
0
0
0
0
0
0
0
0
0
0.06689
0
0
0
0
0
0
0
0
0
0
0
0
0
0
0
0
0
0
0.067103
0
0
0
0
0
0
0
0
0
0
0
0
0
0
0
0
0
0
0
0
0
0
0
0
0
0
0
0
0
0
0
0
0
0
0
0
0
0
0
0
0
0
0
0
0
0
0
0
0
0
0
0
0
0
0
0.0429042
0
0.0429042
0.0429042
0.0429042
0.0429042
0.0429042
0.0429042
0
0.0429042
0
0.0429042
0
0
0
0
0
0
0.0429075
0.0429075
0.0429075
0.0429075
0.0429075
0.0429075
0.0429075
0.0429075
0.0429075
0.0429075
0.0429075
0.0429141
0.0429141
0
0.0429141
0.0429141
0.0429075
0.0429075
0.0429075
0.0429075
0.0429075
0.0429075
0.0429141
0.0429141
0.0429075
0
0
0
0
0
0
0
0
0
0
0
0
0
0
0
0
0
0
0.0429141
0.04299
0.0470577
0.0606525
0
0.0606525
0.0619677
0
0
0
0
0
0
0
0
0.0429042
0.0429042
0.0429042
0.0429042
0.0429042
0.0429042
0
0
0
0
0
0
0.0429042
0.0429042
0.0429042
0.0429042
0.0429042
0.0429042
0.0429042
0.0429042
0
0
0
0
0.0429867
0
0
0
0
0
0.0429141
0
0
0
0
0
0
0.043325
0.043325
0
0
0.0433216
0.0433216
0.0433216
0.0433216
0.0433216
0.0433216
0.0433216
0.043325
0.0433216
0.043325
0.043325
0.043325
0.043325
0.0433419
0.045855
0
0
0.0433997
0.0433997
0.0433997
0.0433997
0.0433997
0
0
0
0
0
0
0.043325
0.043325
0
0
0
0
0
0
0
0
0
0
0
0
0
0
0
0
0
0
0
0
0
0
0
0
0
0
0
0
0
0
0
0
0
0
0
0
0
0
0
0
0
0
0
0
0.0458872
0.0458872
0.0458872
0
0
0.0642161
0
0.0642161
0
0
0
0
0
0
0
0
0
0
0
0
0
0
0
0
0
0
0
0
0
0
0
0
0
0
0
0
0
0
0
0
0
0
0
0
0
0
0
0
0
0
0
0
0
0
0
0
0
0
0
0
0
0
0
0
0
0
0
0
0
0
0
0
0
0
0
0
0
0
0
0
0
0
0
0
0
0
0
0
0
0
0
0
0
0
0
0
0
0
0
0
0
0
0
0
0
0
0
0
0
0
0
0
0
0
0
0
0
0
0
0
0
0
0
0
0
0
0
0
0
0
0
0
0
0
0
0
0
0
0
0
0
0
0
0
0
0
0
0
0
0
0
0
0
0
0
0
0
0
0
0
0
0
0
0
0
0
0
0
0
0
0
0
0
0
0
0
0.045859
0.045859
0.045859
0.045859
0.045859
0.045859
0.045859
0
0
0
0
0
0
0
0
0.0458952
0.0458952
0
0
0.0458872
0.0458872
0.0458872
0
0
0
0
0
0
0
0
0
0
0
0
0
0
0
0
0
0
0
0
0
0
0
0
0
0
0
0
0
0
0
0
0
0
0
0
0
0
0
0
0
0
0.0458831
0
0
0
0
0
0
0
0
0
0
0
0
0
0
0
0
0
0
0
0
0
0
0
0
0
0
0
0
0
0
0
0
0
0
0
0
0
0
0
0
0
0
0
0
0
0
0
0
0
0
0
0
0
0
0
0
0
0
0
0
0
0
0
0
0
0
0
0
0
0
0
0.0674455
0.0674455
0.0674455
0.0674455
0.0674455
0.0674455
0.0674455
0.0674455
0.0429042
0.0429042
0.0429042
0.0429042
0.0429042
0.0429042
0.0429042
0.0429042
0.0429042
0.0429042
0
0.0709327
0.0709327
0
0
0
0
0
0
0
0
0
0
0
0
0
0
0
0
0
0
0
0
0
0
0
0
0
0.0732579
0
0
0
0
0.0732579
0
0
0
0
0
0
0
0
0
0
0
0
0
0
0
0
0
0
0
0
0
0
0
0
0.0742611
0
0
0
0
0
0
0
0
0
0.0744495
0.0443097
0
0
0
0
0.0473868
0
0
0
0
0
0
0
0
0
0
0
0
0
0
0
0
0.0787907
0.0787907
0.0787907
0
0.0787907
0.0781266
0.0781266
0.0781266
0
0
0
0
0.0781266
0.0781266
0.0786484
0.0788314
0.0788314
0.0788314
0.0788314
0.0788314
0
0
0.0788314
0.0788314
0.0788314
0
0
0.0781266
0.0732416
0.0732416
0
0
0
0
0
0.0732416
0
0
0
0
0
0
0
0
0
0
0
0
0
0
0
0
0
0
0
0
0
0
0
0
0
0
0
0
0
0
0
0
0
0
0
0
0
0
0
0
0
0
0
0
0
0
0
0
0
0
0
0
0
0
0
0
0
0
0
0
0
0
0
0
0
0
0
0
0
0
0
0.0482945
0.0482945
0.0482945
0.0482945
0.0482945
0.0482945
0.0482945
0.0482945
0.0482945
0.0482945
0.0482945
0.0482945
0.0444701
0
0
0
0
0
0.0618392
0
0.071232
0
0.0396734
0.0504647
0
0
0
0.0681994
0.0675095
0.0717188
0
0.0583543
0.0583543
0.0583543
0.0674711
0.0674711
0.0674711
0.0679105
0
0
0
0
0
0
0
0
0
0
0
0
0
0
0.0738885
0.0738885
0
0.042796
0.042796
0.042796
0.042796
0.042796
0.042796
0.042832
0.0428091
0.0429042
0.042796
0
0.0429042
0.0429042
0
0
0
0
0
0
0
0
0
0.0630462
0.0630462
0.0630462
0.0630462
0.0630462
0.0630462
0
0
0
0
0.0638226
0.0638226
0
0
0
0
0
0
0
0.0638226
0.0587727
0.0587727
0.0587727
0.0587727
0.0587727
0
0
0
0
0
0.0597348
0.0597348
0.0597348
0.0597348
0.0597348
0.0597348
0
0
0
0
0
0
0
0
0
0
0.0593652
0.0589682
0.0597348
0
0
0.0639966
0.0639966
0.0589682
0.0589682
0.0589682
0.0589682
0.0589682
0
0
0
0
0
0
0
0
0
0
0
0
0
0
0
0
0
0
0.0589682
0
0
0
0
0
0
0
0
0
0.060403
0.060403
0.060403
0.060403
0.0611895
0
0.0614102
0.060403
0
0
0.0642051
0
0.0642051
0.0642051
0.0642051
0.0642051
0.0642051
0.0630462
0
0.0630462
0.0630462
0.0630462
0.0630462
0.0630462
0
0
0
0
0
0
0
0
0
0
0
0
0
0
0
0
0
0
0
0
0
0
0
0
0
0
0
0
0
0
0
0
0
0
0.0587727
0.0587727
0
0.0630462
0.0587558
0.0587558
0.0630462
0.0630462
0.0630462
0
0
0.059717
0.059717
0
0.059717
0
0
0
0
0
0
0
0
0
0
0
0
0
0
0
0
0
0
0
0
0
0
0
0
0
0
0
0
0
0
0
0
0.0432069
0.0432069
0.0428648
0.0428648
0.0428648
0.0428648
0.0428648
0.0428648
0.0428648
0.0428648
0.0428648
0.0428648
0.0428648
0.0428648
0.0428648
0.0428648
0.0428648
0.0428648
0.0428648
0.0428648
0.0428648
0.0428648
0.0428648
0.0428648
0.0428648
0.0428648
0.0428648
0.0428648
0
0
0
0.0428648
0.0428648
0.0428648
0.0428648
0.0428648
0.0428648
0.0428648
0.0428648
0.0428648
0.0428648
0.0429141
0.0429141
0.0429141
0.0429207
0.0429207
0.0429141
0.0429141
0.0429207
0.0432574
0
0
0
0.0429141
0.0472061
0
0
0
0
0.0429141
0
0.0429141
0
0.0429141
0.0429141
0.0429141
0.0429141
0.0429141
0.0628591
0.0429141
0.0429141
0
0
0.0460328
0.0460328
0.0460409
0.0460409
0.0460328
0.0460328
0
0
0.0459113
0.0459113
0.0459113
0.0459113
0.0459113
0.0459113
0
0
0
0
0
0.0459477
0.0459113
0.0459113
0.0459113
0.0459113
0.0459113
0
0
0.0459113
0.0459113
0.0459113
0.0460125
0.0460125
0.0459113
0.0459113
0
0.0459113
0
0.0459113
0
0.0459113
0.0459113
0
0.0459113
0.0459113
0
0
0
0.0459113
0.0459113
0.0459113
0.0459113
0.0459113
0.0459113
0.0459113
0.0459113
0.0459113
0.0459113
0.0459113
0.0459113
0.0460125
0.0460125
0.0460125
0
0.0460125
0.0459113
0.0459113
0.0459113
0.0459113
0
0.0459113
0.0459113
0
0
0
0
0
0
0
0
0
0
0
0
0
0
0
0
0
0
0
0
0
0
0
0
0
0
0
0
0
0
0
0
0
0
0
0
0
0
0
0
0
0
0
0
0
0
0
0
0
0
0
0
0
0
0
0
0
0
0
0
0
0
0
0
0
0
0
0
0
0
0
0
0
0
0
0
0
0
0
0
0
0
0
0
0
0
0
0
0
0
0
0
0
0
0
0
0
0
0
0
0
0
0
0
0
0
0
0
0
0
0
0
0
0
0
0
0
0
0
0
0
0
0
0
0
0
0
0
0
0
0
0
0
0
0
0
0
0
0
0
0
0
0
0
0
0
0
0
0
0
0
0
0
0
0
0.0448637
0.046147
0
0
0
0
0
0
0
0
0
0.0479785
0
0
0
0
0
0
0
0
0
0
0
0
0
0
0
0
0
0
0.0433419
0.0433419
0
0
0
0
0
0
0
0
0
0
0
0
0
0
0
0
0
0
0
0
0
0
0
0
0
0
0
0
0
0
0
0
0
0
0
0
0
0
0.0447512
0.0447512
0.0447512
0
0
0
0
0
0
0
0
0
0
0
0
0
0
0
0
0
0
0
0
0
0
0
0
0
0
0
0
0
0
0
0
0.0674455
0.0674455
0.0674455
0
0
0
0
0
0
0
0
0
0
0
0
0
0
0
0
0
0
0
0
0
0
0
0
0
0
0
0
0
0
0
0
0
0
0
0
0
0
0
0
0
0
0
0
0
0
0
0
0
0
0
0
0
0
0
0
0
0
0
0
0
0
0
0
0
0
0
0
0
0
0
0
0
0
0
0
0
0
0
0
0
0
0
0
0
0
0
0
0
0
0
0
0
0
0
0
0
0
0
0
0
0
0
0
0
0
0
0
0
0
0
0
0
0
0
0
0
0
0
0
0
0
0
0
0
0
0
0
0
0
0
0
0
0
0
0
0
0
0
0
0
0
0
0
0
0
0
0
0
0
0
0
0
0
0
0
0
0.0432304
0
0
0
0
0
0
0
0
0
0
0
0
0
0
0
0
0
0
0
0
0
0
0
0
0
0
0
0
0
0
0
0
0
0
0
0
0
0
0
0
0
0
0
0
0
0.0432709
0.0432709
0.0432709
0
0
0
0
0
0
0
0.0428648
0.0428648
0
0
0
0
0
0
0.0431968
0.0431968
0.0431968
0.04318
0
0
0
0
0.0432304
0.0432304
0.0432304
0
0
0.0460287
0.0460287
0
0
0
0.0432304
0.0432304
0
0.0429075
0
0
0
0
0
0
0
0
0
0
0
0
0
0
0
0
0
0.0436228
0
0.0432169
0
0
0
0
0
0
0
0
0
0
0
0
0
0
0
0
0
0
0
0
0
0
0
0
0
0
0
0
0
0
0
0
0
0.0714286
0
0
0
0
0
0
0
0
0
0
0
0
0
0
0
0
0
0
0
0
0
0
0
0
0
0
0
0
0
0
0
0
0
0
0
0
0
0
0
0
0
0
0
0
0
0
0
0
0
0
0
0
0
0
0
0
0
0
0
0
0
0
0
0
0
0
0
0
0
0
0
0
0
0
0
0
0
0
0
0
0
0
0
0
0
0
0
0
0
0
0
0
0
0
0
0
0
0
0
0
0
0
0
0
0
0
0
0
0
0
0
0
0
0
0
0
0
0
0
0
0
0
0
0
0
0
0
0
0
0
0
0
0
0
0
0
0
0
0
0
0
0
0
0
0
0
0
0
0
0
0
0
0
0
0
0
0
0
0
0
0
0
0
0
0
0
0
0
0
0
0
0
0
0
0
0
0
0
0
0
0
0
0
0
0
0
0
0
0
0.0429075
0
0
0
0.0429075
0.0429075
0.0429075
0.0429075
0.0429075
0.0429075
0
0
0
0.0429075
0.0429207
0.0429207
0.0429207
0.0429075
0
0
0
0
0
0
0
0
0
0
0
0
0.0673945
0
0
0
0
0
0
0
0.0653023
0.0670653
0.0670653
0.0670653
0.0674583
0
0
0
0
0
0
0
0
0.0667657
0.0667657
0.0667657
0.0667657
0.0667657
0.0667657
0.0667657
0.0667657
0.0667657
0.0667657
0.0667657
0.0667657
0.0667657
0.0667657
0.0667657
0.067369
0
0.0667657
0.0926151
0.0926151
0.0926151
0.0926151
0.0926151
0.0718885
0.0718885
0.101885
0.117851
0.101885
0.0718885
0.10351
0
0
0.0674583
0.0554132
0.0554132
0.0559893
0.0563138
0.068173
0
0.0667657
0.0667657
0
0
0
0.0667657
0
0
0
0
0
0
0
0
0
0
0
0
0
0
0
0
0
0
0
0
0
0
0.0673562
0.0673562
0.06742
0.0673562
0.0673562
0.0673562
0.0673562
0
0.067369
0.0674711
0
0
0
0
0
0
0
0
0
0
0
0
0
0
0
0
0
0
0
0
0
0
0
0
0
0
0
0
0
0
0
0
0
0
0
0
0.0673817
0.0667657
0.0667657
0.0667657
0.0667657
0.0667657
0.0667657
0.0667657
0
0
0
0
0
0
0
0
0
0
0
0
0
0
0
0
0
0
0
0
0
0
0
0
0
0
0
0
0
0
0
0
0
0
0
0.068173
0
0.0682391
0.0667657
0.0926151
0.0926151
0.0926151
0
0
0
0
0
0
0
0
0
0
0
0
0
0
0
0
0
0
0
0
0
0
0
0
0
0
0
0
0
0
0
0
0
0
0
0
0
0
0
0
0
0
0
0
0
0
0
0
0
0
0
0
0
0
0
0
0
0
0
0
0.0429042
0.0429042
0.0429042
0.0429042
0.0429042
0.0429042
0.0429042
0.0429042
0.0429042
0
0
0
0
0
0
0
0
0
0
0
0
0
0
0
0
0
0
0
0
0
0
0
0
0
0
0
0
0
0
0
0
0
0
0
0
0
0
0
0
0
0
0
0
0
0
0
0
0
0
0
0
0
0
0
0
0
0
0
0
0
0
0.0431532
0.0431532
0.0431532
0.0431532
0
0
0
0
0.0428878
0.0428878
0.0487853
0.0487853
0.0488872
0.0526012
0.0487853
0.0487853
0.0487853
0.0487853
0.0487853
0.0487853
0.0524082
0.0524082
0.0524082
0.0524082
0.0524082
0.0524082
0.0524082
0
0.0524082
0.0524082
0.0613524
0.0613524
0.0613524
0.0524082
0.0524082
0.0490389
0.0490389
0.0487853
0.0487853
0.0567048
0.0567048
0.0567048
0.0567048
0.0567048
0.0567048
0.0567048
0.0560478
0
0.0560478
0.0560478
0
0.0560478
0.0560478
0
0
0
0
0
0
0
0.0490536
0.0490536
0.0487853
0.048795
0.048795
0.048795
0.048795
0.048795
0.048795
0.0487853
0.0495631
0.0495631
0.0495631
0.0495631
0
0.0495631
0.0495631
0
0
0
0
0
0
0
0
0
0
0
0
0
0
0
0
0
0
0
0
0
0
0
0
0
0
0
0
0
0
0
0
0
0
0
0
0
0
0
0
0
0
0
0
0
0
0
0
0
0
0
0
0
0
0
0
0
0
0
0
0
0
0
0
0
0
0
0
0
0
0
0
0
0
0
0
0
0
0
0
0
0
0
0
0
0
0
0
0
0
0
0
0
0
0
0
0
0
0
0
0
0
0
0
0
0
0
0
0
0
0
0
0
0
0
0
0
0
0
0
0
0
0
0
0
0
0
0
0
0
0
0
0
0
0
0
0
0
0
0
0
0
0
0
0
0
0
0
0
0
0
0
0
0
0
0
0
0
0
0
0
0
0
0
0
0
0
0
0
0
0
0
0
0
0
0
0
0
0
0
0
0
0
0
0
0
0
0
0
0
0
0
0
0
0
0
0
0
0
0
0
0
0
0
0
0
0
0
0
0
0
0
0
0
0
0
0
0
0
0
0
0
0
0
0
0
0
0
0
0
0
0
0
0
0
0
0
0
0
0
0
0.0429075
0.0429075
0.0429075
0.0429075
0.0429075
0.0429075
0.0429075
0.0429075
0.0429075
0.0429075
0.0429075
0.0429075
0.0429075
0.0429075
0.0429075
0.0429075
0.0429075
0.0429075
0.0429075
0.0429075
0.0429075
0.0429075
0.0429075
0.0429075
0.0429075
0.0429075
0.0429075
0.0429075
0.0429075
0.0429075
0.0429075
0.0429075
0.0429075
0.0429075
0.0429075
0.0429075
0.0429075
0.0429075
0.0429075
0.0429075
0.0429075
0.0429075
0.0429075
0.0429075
0.0429075
0.0429075
0.0429075
0.0429075
0.0429075
0.0429075
0.0429075
0.0429075
0.0429075
0.0429075
0.0429075
0.0429075
0.0429075
0.0429075
0.0429075
0.0429075
0.0429075
0.0429075
0.0429075
0.0429075
0.0429075
0.0429075
0.0429075
0.0429075
0.0429075
0.0429075
0.0429075
0.0429075
0.0429075
0.0429075
0.0429075
0.0429075
0.0429075
0.0429075
0.0429075
0.0429075
0.0429075
0.0429075
0.0429075
0.0429075
0.0429075
0.0429075
0.0429075
0.0429075
0.0429075
0.0429075
0.0429075
0.0429075
0.0429075
0.0429075
0.0429075
0.0429075
0.0429075
0.0429075
0.0429075
0.0429075
0.0429075
0.0429075
0.0429075
0.0429075
0.0429075
0.0429075
0.0429075
0.0429075
0.0429075
0.0429075
0.0429075
0.0429075
0.0429075
0.0429075
0.0429075
0.0429075
0.0429075
0.0429075
0.0429075
0.0429075
0.0429075
0.0429075
0.0429075
0.0429075
0.0429075
0.0429075
0.0429075
0.0429075
0.0429075
0.0429075
0.0429075
0.0429075
0.0429075
0.0429075
0.0429075
0.0429075
0.0429075
0.0429075
0.0429075
0.0429075
0.0429075
0
0
0
0
0
0
0
0
0
0
0
0
0
0
0
0
0
0
0
0
0
0
0
0
0
0
0
0
0
0
0
0
0
0
0
0
0
0
0
0
0
0
0
0
0
0
0
0
0
0
0
0
0
0
0
0
0
0
0
0
0
0
0
0
0
0
0
0
0
0
0
0
0
0
0
0
0
0
0
0
0
0
0
0
0
0
0
0
0
0
0.0429141
0
0.0430132
0.0430132
0.0429141
0
0
0
0
0.0430066
0.0430066
0
0
0
0
0
0
0
0
0
0
0
0
0
0
0
0
0
0
0
0
0
0
0
0
0
0
0
0
0
0
0
0
0
0
0
0
0
0
0
0
0
0
0
0
0
0
0
0
0
0
0
0
0
0
0
0
0
0
0
0
0
0
0
0
0
0
0
0.0429207
0
0
0
0
0
0
0
0
0
0
0
0.0457589
0.0457589
0.0431968
0
0
0
0
0
0
0
0
0
0
0
0
0
0
0
0
0
0
0
0
0
0
0
0
0.0456753
0.0456753
0.0456753
0.0429141
0
0
0
0
0
0
0
0
0
0
0
0
0
0
0
0
0
0
0
0
0
0
0
0
0
0
0
0
0
0
0
0
0
0
0
0
0
0
0
0
0
0
0
0
0
0
0
0
0
0
0
0
0
0
0
0
0
0
0
0
0
0
0
0
0
0
0
0
0
0
0
0
0
0
0
0
0
0
0
0
0
0
0
0
0
0
0
0
0
0
0
0
0
0
0
0
0
0
0
0
0
0
0
0
0
0
0
0
0
0
0
0
0
0
0
0
0
0
0
0
0
0
0
0
0
0
0
0
0
0
0
0
0
0
0
0
0
0
0
0
0
0
0
0
0
0
0
0
0
0
0
0
0
0
0
0
0
0
0
0
0
0
0
0
0
0
0
0
0
0
0
0
0
0
0
0
0
0
0
0
0
0
0
0
0
0
0
0
0
0
0
0
0
0
0
0
0
0
0
0
0
0
0
0
0
0
0
0
0
0
0
0
0
0
0
0
0
0
0
0
0
0
0
0
0
0
0
0
0
0
0
0
0
0
0
0
0
0
0
0
0.0688428
0.0688428
0.0688428
0.0688428
0
0
0
0
0
0
0
0.0688428
0.0688428
0.0688428
0.0688428
0.0650945
0.0688428
0
0
0
0
0
0
0
0
0.06887
0.06887
0.06887
0.06887
0.06887
0.06887
0.06887
0.0688837
0.0688837
0.06887
0.06887
0.06887
0.06887
0.06887
0.06887
0.06887
0.06887
0.06887
0.06887
0.06887
0.06887
0.06887
0.06887
0
0
0.06887
0.06887
0.06887
0.06887
0.0706518
0.0706518
0.0706518
0.0706518
0.0726433
0.0726433
0.0706518
0.0706518
0.0706518
0.0706518
0
0
0
0
0
0.0706518
0.0707697
0
0.0707697
0.0710669
0.0709625
0.0709625
0.0709922
0.0709625
0.0709625
0
0.0709625
0.0525347
0.0724207
0.0724207
0.0425371
0.0727233
0.0727233
0.0726912
0.0728357
0.0728357
0.0730297
0.0728357
0.0755031
0.0755031
0.0755031
0.0755031
0.075539
0.0755031
0.0755031
0.0755031
0.0706518
0.0717342
0.071765
0.0730297
0.0739727
0.0739727
0.0739727
0
0
0.0741419
0.0750234
0.071765
0.0674711
0.0674711
0.0674455
0.0674455
0.0674455
0.0674455
0.0674455
0.0674455
0.0674455
0.0674455
0.0674455
0.0674455
0.0429042
0.0429042
0.0429042
0.0429042
0.0429042
0.0429042
0.0429042
0.0429042
0.0674711
0.0674711
0.0674711
0.0674711
0.0674711
0.0674711
0.0674711
0.0674711
0.0674711
0.068452
0.068452
0.068452
0.068452
0.0674711
0.0674711
0.0674711
0.0372851
0.0372851
0.0372851
0.0372851
0.0372851
0.054153
0.0372851
0.0674711
0.0674711
0.0674711
0
0
0
0
0
0
0
0
0
0
0
0
0
0
0
0
0
0
0
0
0
0
0
0
0.0674455
0.0674455
0.0674455
0.0674455
0.0674455
0.0674455
0.0674455
0.0674455
0.0674455
0.0674455
0.0674455
0.0674455
0.0674455
0.0674455
0.0674455
0.0674455
0.0674455
0.0674455
0.0674455
0.0674455
0.0674455
0.0674455
0.0674455
0.0674455
0.0674455
0.0674455
0.0674455
0.0674455
0.0681466
0.0683054
0
0.068452
0.0674711
0
0
0
0.0429042
0
0
0
0
0
0
0
0
0
0
0
0
0
0
0
0
0
0.0674583
0.0674583
0
0.0674583
0
0
0
0
0
0
0
0
0
0
0
0
0
0
0
0
0
0
0
0
0
0
0
0
0
0.064172
0.064172
0.064172
0.064172
0.064172
0.064172
0
0.064172
0.064172
0
0
0
0
0.064172
0.064172
0.064172
0.064172
0.064172
0.064172
0
0.064172
0.064172
0.064172
0.064172
0.0642714
0.0642714
0.0642714
0.0649913
0.0642714
0.064172
0.064172
0.064172
0.065372
0.064172
0
0
0
0
0
0
0
0
0
0
0
0
0
0
0
0
0
0
0
0
0
0
0
0
0
0
0
0
0
0
0
0
0
0
0
0
0
0
0
0
0
0
0
0
0
0
0
0
0
0
0
0
0
0
0
0
0
0
0
0
0
0
0
0
0
0
0
0
0
0
0
0
0
0
0
0
0
0
0
0
0
0
0
0
0
0
0
0
0
0
0
0
0
0
0
0
0
0
0
0
0
0
0
0
0
0
0
0
0
0
0
0
0
0
0
0
0
0
0
0.0429042
0.0429042
0.0429042
0
0
0
0
0
0
0
0
0
0
0.0429042
0
0
0
0
0
0
0
0
0
0
0
0
0
0
0
0
0
0
0
0
0
0
0
0
0
0
0
0
0
0
0
0
0
0
0
0
0
0
0
0
0
0
0
0
0
0
0
0
0
0
0
0
0
0
0
0
0
0
0
0
0
0
0
0
0
0
0
0
0
0
0
0
0
0
0
0
0
0
0
0
0
0
0
0
0
0
0
0
0
0
0
0
0
0
0
0
0
0
0
0
0
0
0
0
0
0
0
0
0
0
0
0
0
0
0
0
0
0
0
0
0
0
0
0
0
0
0
0
0
0
0
0
0
0
0
0
0
0
0
0
0
0
0
0
0
0
0
0
0
0
0
0
0
0
0
0
0
0
0
0
0
0
0
0
0
0
0
0
0
0
0
0
0
0
0
0
0
0
0
0
0
0
0
0
0
0
0
0
0
0
0
0
0
0
0
0
0
0
0
0
0
0
0
0
0
0
0
0
0
0
0
0
0
0
0
0
0
0
0
0
0
0
0
0
0
0
0
0
0
0
0
0
0
0
0
0
0
0
0
0
0
0
0
0
0
0
0
0
0
0
0
0
0
0
0
0
0
0
0
0
0
0
0
0
0
0
0
0
0
0
0
0
0
0
0
0
0
0
0
0
0
0
0
0
0
0
0
0
0
0
0
0
0
0
0
0
0
0
0
0
0
0
0
0
0
0
0
0
0
0
0
0
0
0
0
0
0
0
0
0
0
0
0
0
0
0
0
0
0
0
0
0
0
0
0
0
0
0
0
0
0
0
0
0
0
0
0
0
0
0
0
0
0
0
0
0
0
0
0
0
0
0
0
0
0
0
0
0
0
0
0
0
0
0
0
0
0
0
0
0
0
0
0
0
0
0
0
0
0
0
0
0
0.0674455
0.0674455
0.0674455
0.0674455
0.0674455
0.0887648
0.0887648
0.0887648
0.0887648
0.0694629
0.0694629
0.0727393
0.0716574
0.0674455
0.0682789
0.0702873
0.0724999
0
0.0727553
0
0.0682789
0.0672673
0.0672673
0
0
0
0
0.0429042
0
0
0
0
0
0
0
0
0
0
0
0
0
0
0
0
0.0431532
0
0
0
0
0
0
0
0
0
0
0
0
0
0
0
0
0
0
0
0
0
0
0
0
0
0
0
0
0
0
0
0.0432304
0.0428648
0.0428648
0.0428648
0.0428648
0
0
0
0.0429075
0.0429075
0.0429075
0.0429075
0
0.0607644
0.0430298
0.0470317
0.0470317
0.0470577
0.0470317
0.0607644
0
0.0428648
0
0.0429075
0.0429075
0.0429075
0.0429075
0.0431867
0.0431867
0.0431867
0.0431867
0.0431867
0.0431867
0.0432304
0.0432304
0.0432304
0.0432304
0
0
0
0.043325
0.043325
0
0
0
0.0432304
0.0432304
0.0432304
0
0
0.0432304
0
0.0432709
0.0432304
0.0432304
0
0
0
0
0
0
0
0
0
0
0
0
0
0
0
0
0
0
0
0
0
0.043103
0.043103
0.043103
0.043103
0.043103
0.043103
0
0.043103
0.043103
0
0
0
0
0
0
0
0
0
0
0
0
0
0
0
0
0
0.0431968
0
0
0.0431064
0.0431064
0
0.0431064
0.0431064
0
0
0.0431834
0.0638551
0.043325
0.043325
0
0
0
0
0
0
0
0
0
0
0
0
0
0
0
0
0
0
0
0
0
0
0
0
0
0
0
0
0
0
0
0
0
0
0
0
0
0
0
0
0
0
0
0
0
0
0
0
0
0
0
0
0
0
0
0
0.0431064
0
0
0
0
0
0.0431064
0.0431064
0
0
0
0
0
0
0
0
0
0
0
0
0
0
0
0
0
0
0.0429042
0
0
0
0
0
0
0
0
0
0
0
0
0
0
0
0
0
0
0
0
0
0
0
0
0
0
0
0
0
0
0
0
0
0
0
0
0
0
0
0
0
0
0
0
0
0
0
0
0
0
0
0.0431331
0.0431331
0.0431331
0.0431331
0.0431331
0.0431331
0.0431331
0.0431331
0.0431331
0.0431331
0
0
0
0
0
0
0
0
0
0
0
0
0
0
0
0
0
0
0
0
0
0
0
0
0
0
0
0
0
0
0
0
0
0
0.0739727
0.0740741
0
0
0
0
0
0
0
0
0
0
0
0
0
0
0
0
0
0
0
0
0
0
0
0
0
0
0
0
0
0
0
0
0
0
0
0
0
0
0
0
0
0
0
0
0
0
0
0
0
0
0
0
0
0
0
0
0
0
0
0
0
0
0
0
0
0
0
0
0
0
0
0
0
0
0
0
0
0
0
0
0
0
0
0
0
0
0
0
0
0
0
0
0
0
0
0
0
0
0
0
0
0
0
0
0
0
0
0
0
0
0
0
0
0
0
0
0
0
0
0
0
0
0
0
0
0
0
0
0
0
0
0
0
0
0
0
0
0
0
0
0
0
0
0
0
0
0
0
0
0
0
0
0
0
0
0
0
0
0
0
0
0
0
0
0
0
0
0
0
0
0
0
0
0
0
0
0
0
0
0
0
0
0
0
0
0
0
0
0
0
0
0
0
0
0
0
0
0
0
0
0
0
0
0
0
0
0
0
0
0
0
0
0
0
0
0
0
0
0
0
0
0
0
0
0
0
0
0
0
0
0
0
0
0
0
0
0
0
0
0
0
0
0
0
0
0
0
0
0
0
0
0
0
0
0
0
0
0
0
0
0
0
0
0
0
0
0
0
0
0
0
0
0
0
0
0
0
0
0
0
0
0
0
0
0
0
0
0
0
0
0
0
0
0
0
0
0
0
0
0
0
0
0
0
0
0
0
0
0
0
0
0
0
0
0
0
0.0488483
0.0376622
0.0489751
0
0
0
0
0
0
0
0
0
0
0
0
0
0
0
0
0.0484312
0
0
0
0
0
0
0
0
0
0
0.0632245
0
0
0
0
0
0
0
0
0
0
0
0
0
0
0.0477909
0
0.0477909
0
0
0
0
0
0
0
0
0
0
0
0
0
0
0
0
0
0
0
0.0473028
0.046885
0.046885
0.046885
0.0495682
0.0528209
0
0
0
0
0
0
0
0
0
0
0
0
0
0
0
0
0
0
0
0
0
0
0
0
0
0
0
0
0
0
0
0
0
0
0
0
0
0
0
0
0
0
0
0
0
0
0
0
0
0
0
0
0
0.0510255
0.0557062
0.0473469
0.0701
0
0
0
0
0
0
0
0
0
0
0
0
0
0
0
0
0
0
0
0.0691439
0.0691439
0.0691439
0.0505614
0
0.0505883
0
0
0
0
0
0
0
0
0
0
0
0
0
0
0
0
0
0
0
0
0
0
0
0
0
0
0
0
0
0
0
0
0
0
0
0
0
0
0
0
0
0
0
0
0
0
0
0
0
0
0
0
0
0
0
0
0
0
0
0
0
0
0
0
0
0
0
0
0
0
0
0
0
0
0
0
0
0
0
0
0
0
0
0
0
0
0
0
0
0
0
0
0
0
0
0
0
0
0
0
0
0
0
0
0
0
0
0
0
0
0
0
0
0
0
0
0
0
0
0
0
0
0
0
0
0
0
0
0
0
0
0
0
0
0
0
0
0
0
0
0
0
0
0
0
0
0
0
0
0
0
0
0
0
0
0
0
0
0
0
0
0
0
0
0
0
0
0
0
0
0
0
0
0
0
0
0
0
0
0
0
0
0
0
0
0
0
0
0
0
0
0
0
0
0
0
0
0
0
0
0
0
0
0
0
0
0
0
0
0
0
0
0
0
0
0
0
0
0
0
0.0474179
0.0474179
0.0474179
0.0560478
0.0560478
0.0623379
0.042679
0.0528516
0.0474179
0.067204
0.067204
0.067204
0.067204
0.067204
0
0
0
0
0
0.0431632
0.0448712
0.0431632
0
0
0
0
0
0
0
0
0
0
0
0
0
0
0
0
0
0
0
0
0
0
0
0
0
0
0
0
0
0
0
0
0
0
0
0
0
0
0
0.0528025
0.0528025
0.053275
0.053275
0
0.053275
0.0545004
0.053275
0.0702007
0.0579771
0
0.0580096
0
0.0592869
0.0626942
0
0
0.0609145
0.0669025
0.0669025
0.0669025
0.0710819
0.0695188
0.0536828
0.0705053
0.0726433
0
0
0
0
0
0.0622573
0.0622573
0
0.0561361
0.0683852
0
0.068332
0
0.0696733
0
0.0698005
0.0740064
0.0710819
0.0669775
0.0694908
0.0682127
0
0
0
0
0
0
0.0682127
0
0
0
0
0
0
0
0
0
0
0
0
0
0
0
0
0
0
0
0
0
0
0
0
0
0
0
0
0
0
0
0
0
0
0
0
0
0
0
0
0
0
0.0431331
0
0.0428091
0
0
0
0
0
0
0
0
0
0
0
0
0
0
0
0
0
0
0
0
0
0
0
0
0
0
0
0.0674711
0
0
0
0
0
0
0
0
0
0
0
0
0
0
0
0
0
0
0
0
0
0
0
0
0
0
0
0
0
0.0428287
0
0
0
0
0
0
0
0
0
0
0
0
0
0
0
0
0
0
0
0
0
0
0
0
0
0
0
0
0
0
0
0
0
0
0
0.0429042
0.0429042
0.0429042
0.0429042
0.0429042
0.0429042
0.0429042
0
0
0
0
0
0
0
0
0
0
0
0
0
0
0
0
0
0
0
0
0
0
0
0
0
0
0
0
0
0
0
0
0
0
0
0
0
0
0
0
0
0
0
0
0
0
0
0
0
0
0
0
0
0
0
0.068452
0.068452
0.068452
0.068452
0.068452
0.068452
0.068452
0.068452
0
0
0
0
0.068452
0.0731925
0.0731925
0.0731925
0.0738885
0.0731925
0.068452
0.068452
0.068452
0.068452
0.068452
0.068452
0.068452
0.068452
0.068452
0.068452
0.0722158
0.0722158
0
0.068452
0.068452
0.068452
0.068452
0.068452
0.068452
0.068452
0.068452
0.068452
0.068452
0.068452
0.0745529
0.0745529
0.0745529
0
0.0745529
0.068452
0.0674711
0.0674711
0.0674711
0.0674711
0.0674711
0.0674711
0.0674711
0.0674711
0.0674711
0.0678454
0.0678454
0.0674711
0.0678454
0.0678454
0.0674711
0.0674711
0.0674711
0.0674711
0.0674711
0.0674711
0.0674711
0.0675995
0.0675995
0.0674711
0.0674711
0.0674711
0.0674711
0.0674711
0.0674711
0.0721531
0.0674711
0.0674711
0.0674711
0.0674711
0.0674711
0
0
0
0.068452
0.0372851
0.068452
0.0715351
0.070903
0.070903
0.0724841
0
0
0.0837953
0.0837953
0.0710221
0.0761019
0.0674711
0
0
0
0
0.0674711
0.0674711
0.119808
0.119808
0
0
0.0705053
0.0705053
0.0553283
0.0553283
0
0
0
0
0
0
0
0
0
0
0.0674711
0
0
0
0
0
0
0
0
0
0
0
0
0
0
0
0
0
0
0
0
0
0
0
0
0
0
0
0
0
0
0
0
0
0
0
0
0
0
0
0
0
0
0
0.0701143
0.0701143
0.0701143
0.075271
0.0764906
0
0
0
0.0701143
0.0677934
0.0677934
0.0677934
0
0
0
0
0.0837953
0.0837953
0.0837953
0
0
0
0
0
0.0839921
0.0839921
0.0837953
0.068452
0.068452
0.068452
0.068452
0.068452
0.068452
0.068452
0.0721531
0.068452
0.0837953
0.0837953
0.0837953
0.0546087
0.0837953
0.0837953
0.0734553
0.0752
0.0764719
0
0.0778499
0.0683054
0.0683054
0
0
0
0
0
0
0
0.0683054
0.0683054
0.0683054
0.0683054
0.0683054
0.0683054
0.0683054
0
0
0
0
0
0.0683054
0.068332
0.068332
0.068332
0.068332
0.068332
0.068332
0.0737377
0.0737377
0.074108
0.0737377
0.0737711
0.068332
0.068332
0.075539
0.068332
0.068332
0.068332
0.0758098
0.0758098
0.0683986
0
0
0
0.068332
0.0683986
0.068332
0.0683054
0.075539
0.075539
0.0807573
0.067166
0
0
0
0
0.067166
0
0
0
0
0
0
0
0
0
0
0
0
0
0
0
0
0
0
0
0
0
0
0
0
0.0683852
0.0683852
0.0683586
0.0683586
0.0683852
0.0726752
0.0683586
0.0683586
0.068332
0.068332
0.068332
0.068332
0.068332
0
0
0
0.068332
0.068332
0.068332
0.068332
0.0781266
0.0781266
0.0781266
0.0683453
0.0693653
0.0683453
0.0683453
0
0
0
0
0.068332
0.068332
0.0697439
0.0725795
0.0725795
0.0725795
0.0725795
0.0725795
0.0725795
0.0792636
0.0725795
0.0725795
0
0.068332
0.0692682
0.0692682
0.0674711
0.0702873
0.068332
0
0
0
0
0.068332
0
0
0
0
0
0
0
0
0.0690614
0.0764906
0.069421
0.0735546
0.0924171
0
0
0
0
0
0
0
0
0
0
0
0
0
0
0
0
0
0
0
0
0.0937958
0
0
0
0
0
0
0
0
0
0
0
0
0
0
0
0
0
0
0
0
0
0
0
0
0
0
0
0
0
0
0
0
0
0
0
0
0
0
0
0
0
0
0
0
0
0
0
0
0
0
0
0
0
0
0
0.0717496
0.0717496
0.0717496
0.0717496
0.0717496
0.0717496
0.0717496
0.162221
0.0717496
0
0
0
0
0
0
0
0
0
0.0717496
0.0887357
0
0.0887357
0.0721845
0.0721845
0.0731599
0.0731599
0.0750059
0.0750059
0.0751116
0.0731599
0.0731599
0
0
0
0
0
0
0
0.0721845
0.0721845
0
0.0721845
0.0721845
0.0748481
0.0721845
0.0732579
0
0.0804952
0.0810219
0.0810219
0.0810219
0
0.0810219
0.0811107
0.0811107
0.0811998
0.0737043
0.0726912
0.0726912
0.0729648
0.0729648
0
0.0674711
0
0
0
0
0
0
0
0
0
0
0
0
0
0
0
0.0674711
0.0431064
0.0431064
0.0431064
0.0431064
0
0
0
0
0
0
0
0
0
0
0
0
0
0
0
0
0
0
0
0
0
0
0
0
0
0
0
0
0
0
0
0.0431064
0.0431064
0.0431064
0
0
0
0
0
0
0.0431064
0
0
0
0.054153
0.054153
0.054153
0.054153
0.114457
0.114457
0.139122
0.139122
0
0.054153
0.136505
0.136505
0.165145
0
0
0
0
0
0
0
0
0.0630462
0.0630462
0.0630462
0.0630462
0.064128
0.0653255
0
0.064128
0.064128
0.064128
0
0
0
0
0
0.0674711
0.0674711
0.0674711
0.0674711
0.0674711
0.0674711
0.0674711
0
0.0674711
0.0674711
0.0674711
0
0
0
0
0
0
0
0
0
0.0674711
0.0674711
0.0674711
0.0674711
0.0674711
0.0674711
0.0674711
0.0674711
0.0674711
0.0674711
0.0674711
0.0674711
0.0674711
0
0
0
0.0674711
0.0674711
0.0674711
0.0674711
0.0674711
0.0674711
0.0674711
0.0674711
0
0.0674711
0.0674711
0.0674711
0.0674711
0.0674711
0.0674711
0.0674711
0.0674711
0.0674711
0.0674711
0.0674711
0.0674711
0.0674711
0.0429075
0.0429075
0.0429075
0.0429075
0.0429075
0.0429075
0.0429075
0
0
0
0
0
0
0
0.0429042
0.0429042
0.0429042
0.0429042
0.0429042
0.0429042
0.0429042
0.0429042
0.0429042
0.0429042
0.0429042
0.0429042
0.0429042
0
0
0
0
0
0
0
0
0
0
0
0
0
0
0
0
0
0
0
0
0
0
0
0
0
0
0
0
0
0
0
0
0
0
0
0
0
0
0
0
0
0
0
0
0
0
0
0
0
0
0
0
0
0
0
0
0
0
0
0
0
0
0
0
0
0
0
0
0
0
0
0
0
0
0
0
0
0
0
0
0
0
0
0
0
0
0
0
0
0
0
0
0
0
0
0
0
0
0
0
0
0
0
0
0
0
0
0
0
0
0
0
0
0
0
0
0
0
0
0
0
0
0
0
0
0
0
0
0
0.0429207
0
0.0429207
0.0429207
0.0429207
0.0429207
0
0.0432709
0.0432709
0.0432709
0.0432709
0.0432709
0.0432709
0
0
0
0.0432709
0
0.0432709
0
0.0432709
0.0432709
0.0432709
0
0
0
0
0
0
0
0
0
0
0
0
0
0
0
0
0
0.0671156
0.0671156
0.0671156
0.0671156
0.0671156
0.0671156
0.0671156
0
0
0
0
0
0
0
0
0
0.0429009
0
0
0
0
0
0
0
0
0
0
0
0
0
0
0
0
0
0.0428287
0.0428287
0.0428287
0
0
0
0
0
0
0
0
0
0
0
0
0
0
0
0
0
0
0
0
0
0
0
0
0
0
0
0
0.0674839
0.0674839
0
0.0715351
0
0
0
0
0
0
0
0.0428091
0
0
0
0
0
0.0429075
0.0429075
0.0429075
0
0
0.0429042
0.0429042
0.0429042
0.0429042
0
0
0.0429075
0.0429075
0.0429075
0.0429075
0.0429075
0
0.0429042
0.0429042
0.0429042
0.0429042
0.0429042
0.068332
0.068332
0.068332
0
0
0
0
0
0
0
0.068332
0.068332
0.068332
0.068332
0.068332
0.068332
0.068332
0.068332
0.068332
0.068332
0.068332
0.068332
0.068332
0.068332
0.068332
0.068332
0.068332
0.068332
0.068332
0.068332
0.068332
0.068332
0.068332
0.0429042
0.0429042
0.0429042
0.0429042
0.0429042
0.0429042
0.0429042
0.0429042
0.0429042
0.0429042
0.0429042
0.0429042
0.068332
0.0684787
0.068332
0.068332
0.068332
0.0807353
0.0807353
0.0807353
0
0
0
0.0807792
0.0807792
0.0807792
0.0807792
0.0807792
0.0807792
0.0812892
0.0812892
0.0812892
0.0812892
0.0812892
0
0
0.0812892
0
0.0807792
0
0.0807792
0.0807353
0.068332
0.0766214
0.0766214
0.068332
0.068332
0.0704907
0.0704907
0.0704907
0.0704907
0.0704907
0
0.0704907
0
0.0704907
0
0
0
0
0
0
0.0704907
0.0725635
0.0725635
0
0
0
0
0.0741759
0
0.0704907
0
0
0
0
0
0
0.068332
0.0757735
0.0757735
0.0757735
0.0757735
0.0757735
0.0757735
0.068332
0.068332
0
0.068332
0
0
0.068332
0
0
0
0
0
0.068332
0
0
0
0.068332
0.068332
0.0807353
0.068332
0.068332
0.068332
0.068332
0.068332
0.068332
0.0743294
0.0743294
0.0743294
0.0743294
0.0743294
0.0743294
0.075828
0.0849208
0
0
0
0.086711
0.0743294
0.0743294
0.0812444
0.0743294
0.068332
0.068452
0
0
0.068332
0
0
0.068332
0.068332
0.0743294
0.0792636
0.0744667
0.0744667
0.0743294
0.0802788
0.0744151
0.0744151
0.068332
0.0704907
0.0704907
0.068332
0.0743294
0.0743294
0.0778106
0
0
0.0745184
0.0798087
0
0
0.0748656
0
0
0
0
0.0743294
0.068332
0.0686668
0.0419961
0.0419961
0.068332
0.0754672
0.068332
0
0.068332
0.0728196
0.0698572
0
0
0
0
0.0701143
0.0701143
0.068332
0.0725635
0.068332
0
0.068332
0.068332
0.0684386
0
0.0684386
0.0728196
0.0728196
0.0728196
0
0.0728196
0
0.0728196
0.0792222
0.0792222
0.0792222
0.0792222
0.0792222
0.0792222
0
0.0792222
0.0730135
0.0730135
0.073111
0.0730135
0
0
0
0
0.0748831
0.0727553
0.0727553
0
0
0
0
0.0735712
0
0
0
0
0
0
0
0
0
0
0
0
0
0.068452
0.068452
0.068452
0.068452
0.068452
0.0684787
0.0689655
0.0687885
0
0
0.0689519
0.0689519
0.068452
0
0
0
0
0
0
0
0
0
0.068452
0.0731925
0.0731925
0
0
0
0
0
0.0429042
0.0429042
0.0429042
0.0429042
0.0429042
0.0429042
0.0429042
0.0429042
0.0429042
0.0429042
0.0429042
0.0429042
0.0429042
0.0429042
0.0429042
0.0429042
0.0429042
0.0429042
0.0429042
0.0429042
0.0429042
0.0429042
0.0429042
0.0429042
0.0429042
0.0429042
0.0429042
0.0429042
0.0429042
0.0429042
0.0429042
0.0429042
0.0429042
0.0429042
0.0429042
0.0429042
0.0429042
0.0429042
0.0429042
0.0429042
0.0429141
0
0
0
0
0
0
0
0
0
0
0
0
0
0
0
0
0
0
0
0.0431331
0
0
0
0
0
0
0
0
0
0
0
0
0
0
0
0
0
0
0
0
0
0
0
0
0
0.0674711
0.0674711
0.0674711
0.0674711
0.0674711
0.0674711
0.0674711
0.0674711
0.0674711
0.0674711
0.0596196
0.0596196
0
0.059797
0.059797
0.0674711
0.0674711
0.0674711
0.0674711
0.0674711
0.0674711
0
0.0674711
0.0674711
0.0674711
0.0674711
0.0674711
0.0674711
0.0674711
0.0674711
0.0674711
0.0674711
0.0674711
0.0674711
0.0674711
0
0
0
0
0
0
0
0
0
0
0
0
0
0
0
0
0
0
0
0
0
0
0
0
0
0
0
0
0
0
0
0.0674711
0.0674711
0.0674711
0.0674711
0.070903
0.070903
0.0679366
0.0679366
0.0710221
0.0710221
0
0
0
0
0
0
0
0
0
0
0
0
0
0
0
0
0
0
0
0.10351
0.10351
0
0
0
0
0
0
0
0
0
0
0
0
0
0
0
0
0
0.0693236
0.0693236
0.0760836
0
0
0
0
0.0837218
0.0837218
0
0.0674711
0.0674711
0.0674711
0.0763233
0.0763233
0.078811
0.0763233
0.0674711
0
0
0
0
0
0
0
0
0
0
0
0
0
0
0.070903
0.070903
0.070903
0.070903
0.070903
0.070903
0.070903
0.070903
0.0690066
0.0690066
0.0859338
0.0859338
0.0859338
0.0859338
0.0568267
0.0859338
0.0859338
0.0605597
0.0605597
0.0605597
0.0721688
0.0721688
0.0721688
0.0721688
0.0721688
0.0690066
0.0721688
0.0721688
0.0721688
0.0721688
0
0.0721688
0
0.0727393
0.144715
0.0794719
0
0.0829502
0.148522
0
0.210042
0.0727393
0.0760836
0.0760836
0.0760836
0.0760836
0.0717496
0.0717496
0.0717496
0.0717496
0.0717496
0.0731272
0
0.0723733
0.0679366
0.0679366
0.0679366
0.0679366
0.0885037
0.0885037
0.0885037
0.068332
0.068332
0.0685323
0.0685323
0.0685323
0.0685323
0
0
0
0.0685323
0.068586
0.068586
0
0.068332
0.068332
0
0
0
0
0
0
0
0
0
0
0
0
0
0
0
0
0
0
0
0
0
0
0
0
0
0
0
0
0
0
0
0
0
0
0
0
0
0
0
0
0
0
0
0
0
0
0
0
0
0
0
0
0
0
0
0
0
0
0
0
0
0
0
0
0
0
0
0
0
0
0
0
0
0
0
0
0
0
0
0
0
0
0
0
0
0
0
0
0
0
0
0
0
0
0
0
0
0
0
0
0
0
0.117309
0
0.117579
0.117579
0
0.118958
0.117579
0
0
0
0
0
0
0
0
0
0
0
0
0
0
0
0
0
0
0
0
0
0
0
0
0
0
0
0
0
0
0
0
0
0
0
0
0
0
0
0
0
0
0
0
0
0
0
0
0
0
0
0
0
0
0
0
0
0
0
0
0
0
0
0
0
0
0
0
0
0
0
0
0
0
0
0
0
0
0
0
0
0
0
0
0
0
0
0
0
0
0
0
0
0
0
0
0
0
0
0
0
0.0678844
0.0678844
0.0678844
0
0
0
0
0
0
0
0.0710221
0.0710221
0.0710221
0.0710221
0.0710221
0
0
0
0
0.0709476
0.0709476
0.0709476
0.0709476
0.120678
0.0709476
0.0710221
0.0710221
0.0710221
0.0710221
0.0710221
0.0710221
0.0721062
0.0721062
0.0721062
0.0721062
0.0721062
0.0728679
0.0710221
0.0722944
0.0722944
0.0728841
0.0710221
0.132068
0.132068
0
0.0710221
0.156174
0.0713225
0
0.0713225
0
0
0
0
0
0
0
0
0
0
0
0
0
0
0
0
0
0
0
0
0
0
0
0
0
0
0
0
0
0
0
0
0.0527046
0.0527046
0.0527046
0
0.0527046
0
0.052729
0.052729
0.0502308
0.0683852
0.0683852
0
0.0683986
0.0690614
0.0674711
0.0463117
0.0463117
0.0463117
0.0463117
0.0463117
0
0
0
0
0
0
0
0
0
0
0
0
0.0611513
0.0611513
0
0
0.0428648
0.0428648
0.0428648
0
0
0
0
0.0428648
0.0428648
0.0428648
0.0428648
0.0428648
0.0428615
0.0428615
0.0428615
0.0428615
0.0428615
0.0428648
0.0428648
0.0428648
0.0428648
0
0
0
0
0
0
0
0
0
0
0
0
0
0
0
0
0
0
0
0
0
0
0
0
0
0
0
0
0
0
0
0.0674711
0.0674711
0.0674711
0.0674711
0.0674711
0
0.0674711
0.0674711
0.0674711
0.068452
0.068452
0.0674711
0.0674711
0.0674711
0.068452
0
0.068452
0
0.068452
0.0701
0.0701
0.0701
0.0701
0.0731762
0.0731762
0.0731925
0.0731762
0
0.0701
0
0
0
0
0
0
0
0.068452
0.06887
0.06887
0.06887
0.06887
0
0
0
0
0
0
0
0
0
0
0
0
0.0431331
0
0.0431331
0
0
0
0
0
0
0
0
0
0
0
0
0
0
0
0
0
0
0
0
0
0
0
0
0
0
0
0
0
0
0
0
0
0
0
0
0
0
0
0
0
0
0
0
0
0
0
0
0
0
0
0
0
0
0
0
0
0
0
0
0
0
0
0
0
0
0
0
0
0
0
0
0
0
0
0
0
0
0
0
0
0
0
0
0
0
0
0
0
0
0
0
0
0
0
0
0
0
0
0
0
0
0
0
0
0
0
0
0
0
0
0
0
0
0
0
0
0
0
0
0
0
0
0
0
0
0
0
0
0
0
0
0
0
0
0
0
0
0
0
0
0
0
0
0
0
0
0
0
0
0.0478319
0.0674711
0.0428746
0
0.0428746
0.0428746
0.0428746
0.0428746
0
0
0
0
0
0
0
0
0
0
0.0429042
0.0429042
0.0429042
0.0429042
0.0429042
0.0429042
0
0
0
0
0
0
0
0
0
0
0
0
0
0
0
0
0
0
0
0
0
0
0
0
0
0
0
0
0
0
0
0
0
0
0
0
0
0
0
0
0
0
0
0
0
0
0
0
0
0
0
0
0
0
0
0
0
0
0
0
0
0
0
0
0
0
0
0
0
0
0
0
0
0
0
0
0
0
0
0
0
0
0
0
0
0
0
0
0.0671156
0.0671156
0
0
0
0
0
0
0
0
0.0428287
0.0428287
0.0428287
0.0428287
0.0428287
0.0428287
0.0428287
0.0428287
0.0428287
0
0
0
0
0
0
0
0
0
0
0
0
0
0
0
0
0
0
0
0
0
0
0
0
0
0
0
0
0
0
0
0
0
0
0
0
0
0
0
0
0
0
0
0
0
0
0
0
0
0
0
0
0
0
0
0
0
0
0
0
0
0
0
0
0
0
0
0
0
0
0
0
0
0
0
0
0
0
0
0
0
0
0
0
0
0
0
0
0
0
0
0
0
0
0
0
0
0
0
0
0.0671156
0
0
0
0
0
0
0
0
0
0
0
0
0
0
0
0
0
0
0
0
0
0
0
0
0
0
0
0.0674711
0.0674711
0.0674711
0.0674711
0.0674711
0.0674711
0.0887648
0.0889988
0.0674711
0.0722001
0.0722001
0.0722001
0.0703452
0.0703598
0
0
0
0
0
0
0
0
0
0
0
0
0
0
0
0
0.0429042
0
0
0
0
0
0.0589682
0.0589682
0.0589682
0.0589682
0.0589682
0.0589682
0
0
0
0
0
0
0.0597348
0.0589682
0
0
0.0630462
0.0630462
0.063607
0.063607
0.063607
0.0597348
0.0597348
0.0597348
0.0597348
0.0597348
0.0638768
0.0597348
0
0
0
0
0.0600751
0
0
0
0
0
0
0
0
0
0
0
0
0
0
0.0630462
0.0630462
0.0630462
0.0630462
0.0630462
0.0630462
0
0
0
0
0
0
0
0
0
0.0429042
0.0429042
0.0429042
0.0429042
0.0429042
0.0429042
0.0429042
0.0429042
0.0429042
0.0429042
0.0429042
0.0429042
0.0429042
0
0
0
0
0
0
0
0
0
0
0
0
0
0
0
0
0
0
0
0
0
0
0
0
0
0
0
0
0
0
0
0
0
0
0
0
0
0
0
0
0
0
0
0
0
0
0
0
0
0
0
0
0
0
0
0
0
0
0
0
0
0
0
0
0
0
0
0
0
0
0
0
0
0
0
0
0
0
0
0
0
0
0
0
0
0
0
0
0
0
0
0
0
0
0
0
0
0
0
0
0
0
0
0
0
0
0
0
0
0
0
0
0
0
0
0
0
0
0
0
0
0
0
0
0
0
0
0
0
0
0
0
0
0
0
0
0
0
0
0
0
0
0
0
0
0
0
0
0
0
0
0
0
0
0
0
0
0
0
0
0
0
0
0
0
0
0
0
0
0
0
0
0
0
0
0
0
0
0
0
0
0
0
0
0
0
0
0
0
0
0
0
0
0
0
0
0
0
0
0
0
0.0429075
0.0429075
0.0429075
0.0429075
0.0429075
0.0429075
0.0429075
0.0429075
0.0429075
0.0429075
0.0429075
0
0
0
0
0
0
0
0
0
0
0.0630462
0.0630462
0.0630462
0.0630462
0.0630462
0.0630462
0.0630462
0.0630462
0.0630462
0.0630462
0.0630462
0.0630462
0.0630462
0.0630462
0.0630462
0.0630462
0.0630462
0.0630462
0.0630462
0.0630462
0
0
0
0
0
0
0.0630462
0.0630462
0
0.0630462
0.0630462
0.0630462
0.0630462
0.0630462
0.0630462
0.0630462
0.0630462
0
0.0630462
0.0630462
0.0630462
0.0630462
0.0630462
0.0630462
0.0630462
0.0630462
0.0630462
0.0658546
0.0658784
0.0658784
0.0712772
0
0
0.0630462
0.0630462
0
0
0
0
0.0658784
0.0635963
0
0
0
0.0630567
0.0630462
0
0
0
0
0
0
0
0
0
0
0
0
0
0
0.0630462
0.0630462
0.0658784
0.0658784
0.0656296
0.0656296
0
0
0
0
0
0
0
0
0
0
0
0
0
0
0
0.074227
0.074227
0
0
0
0
0
0
0
0
0
0
0
0
0
0
0
0
0
0
0
0
0
0
0
0
0
0
0
0
0
0
0
0
0
0
0
0
0
0
0
0
0
0
0
0
0
0
0
0
0
0
0
0
0
0
0
0
0
0
0
0
0
0
0.0630462
0.0630462
0
0.0630462
0.0630462
0.0728679
0.0630462
0.0630567
0.065938
0.0630462
0.0630776
0
0.0631299
0
0.0630462
0.0658784
0.0658784
0.0658784
0.0658784
0.0658784
0.0656296
0.0656296
0.0656296
0
0
0
0
0
0
0
0
0
0
0
0
0
0
0
0
0
0
0
0
0
0
0
0
0
0
0
0
0
0
0
0
0
0
0
0
0
0
0
0
0
0
0
0
0
0
0
0
0
0
0
0
0
0
0
0
0
0
0
0
0
0
0
0
0
0
0
0.074227
0.074227
0.074227
0.0631194
0
0.0628178
0.0628178
0.0630776
0.0628695
0
0
0
0
0
0
0
0
0
0
0
0
0
0
0
0
0
0
0
0
0
0
0
0
0
0
0.0628798
0.0628798
0.0759555
0.0628798
0.0640513
0.063088
0.0628902
0
0
0
0
0
0.0628902
0.0630462
0.0630462
0.0630462
0.0630462
0.0632772
0.0509647
0.0509647
0.0509647
0.0514118
0
0
0
0
0
0
0
0
0
0
0
0
0.0639203
0
0
0
0
0
0
0
0
0
0
0
0
0
0
0.0632772
0.0651751
0.0753066
0.0633195
0.0638334
0.0654771
0.071765
0
0
0
0
0
0
0
0
0
0
0
0
0
0
0
0
0
0
0
0
0
0
0
0
0
0
0
0
0
0
0
0
0
0
0
0
0
0
0
0
0
0
0
0
0
0
0
0
0
0
0
0
0
0.0630462
0
0
0
0
0
0
0
0
0
0
0
0
0
0
0
0
0
0
0
0
0
0
0
0
0
0
0
0
0
0
0
0.0429042
0
0
0
0
0
0
0
0
0
0.0432304
0.0432304
0.0432304
0.0432304
0.0432304
0.0432304
0.0432304
0.0432304
0.0432304
0.0432304
0.0432304
0.0432304
0.0432304
0.0432304
0.0432304
0.0432304
0.0432304
0.0432304
0.0432304
0.059717
0.059717
0.059717
0.059717
0.059717
0.059717
0.059717
0.059717
0.059717
0.059717
0.059717
0.059717
0.059717
0.059717
0.059717
0.059717
0.059717
0.059717
0.059717
0.059717
0.059717
0.059717
0.059717
0.0676381
0
0
0
0.059717
0.059717
0.059717
0.059717
0.059717
0
0
0
0
0
0.0603847
0
0.059717
0.0597348
0.0597348
0.0597348
0.0597348
0.0597348
0.0597348
0.0597348
0
0.0597348
0.0597348
0
0
0
0
0
0
0
0
0
0
0
0
0
0
0
0
0
0
0
0
0
0
0
0
0
0
0.065083
0
0
0
0.065083
0.065083
0
0
0
0
0
0
0
0
0
0
0
0
0
0
0
0
0
0
0
0
0
0
0
0
0
0
0
0
0
0
0
0
0
0
0
0
0
0
0
0
0
0
0
0
0
0
0
0
0
0
0
0
0
0
0
0
0
0
0
0
0
0
0
0
0
0
0
0
0
0
0
0
0
0
0
0
0
0
0
0
0
0
0
0
0
0
0
0
0
0
0
0
0
0
0
0
0
0
0
0
0
0
0
0
0
0
0
0
0
0
0
0
0
0
0
0
0
0
0
0
0
0
0
0
0
0
0
0
0
0
0
0
0
0
0
0
0
0
0
0
0
0
0
0
0
0
0
0
0
0
0
0
0
0
0
0
0
0
0
0
0.0741419
0.0741419
0.0741419
0.0741419
0.0741419
0.0741419
0.0741589
0.0741589
0
0
0.0741589
0.0741589
0.0741589
0.0741589
0.0741419
0.0741419
0.0741419
0
0.0741419
0
0.0741419
0.0741419
0
0
0
0
0
0
0
0
0
0.0741419
0
0.0741419
0
0
0
0.0741419
0
0
0.0741419
0.0741419
0
0
0
0
0
0
0.0751646
0.0751646
0
0
0
0
0
0
0
0
0
0
0
0
0
0
0
0
0
0
0
0
0
0
0
0
0
0
0
0
0
0
0.0801498
0
0
0
0
0
0
0
0.0811998
0.0811998
0
0
0
0
0
0
0
0
0
0
0
0
0
0
0
0
0
0
0
0
0
0
0.069758
0.069758
0.069758
0.069758
0
0.069758
0.069758
0.069758
0.069758
0
0
0
0.069758
0.069758
0.069758
0
0
0.0723891
0
0
0.0723891
0
0
0
0
0
0
0.07334
0.07334
0
0
0.0718112
0
0
0
0.070903
0.070903
0
0.059717
0
0.059717
0.059717
0
0
0
0
0.0709327
0
0.0709327
0.0709327
0.0715046
0.0718112
0.0718112
0
0
0
0
0.059717
0
0
0
0
0
0
0.059717
0
0
0
0
0
0
0
0
0
0
0
0
0
0
0
0
0
0
0
0
0
0
0
0
0
0
0
0
0
0
0
0
0
0
0
0
0
0
0.0694489
0.0694489
0
0.0741589
0.0741589
0.0741589
0.0741589
0.0741589
0.0741589
0.0741589
0.0741589
0.0741589
0.0686398
0.0686398
0
0.0694489
0.0686398
0
0.0686398
0.0686398
0.0686398
0.0686398
0.0686398
0
0
0
0
0
0
0
0
0
0
0
0
0
0
0
0
0
0
0
0
0.067651
0
0
0
0
0
0
0
0
0
0
0
0
0
0
0
0
0
0
0
0
0
0
0
0
0
0
0
0
0
0
0
0
0
0
0
0
0
0
0
0
0
0
0
0
0
0
0
0
0
0
0
0
0
0
0
0
0
0
0
0
0
0
0
0
0
0
0
0
0
0
0
0
0
0
0
0
0
0
0
0
0
0
0
0
0
0
0
0
0
0
0
0
0
0
0
0.0694489
0.069843
0.069843
0.069843
0.069843
0.069843
0
0.069843
0.069843
0
0.0741589
0.0741589
0.0741589
0.0741589
0.0741589
0
0
0
0
0.0741589
0.0741589
0.0741589
0.0741589
0
0.074244
0.0770752
0.0770752
0.0770752
0.0741589
0
0.0741589
0.0741589
0
0
0
0
0
0
0
0
0
0
0.0689519
0.0689519
0.0689519
0
0
0
0
0
0
0.0691026
0
0
0
0
0
0
0
0
0
0
0
0
0
0.0685725
0
0
0
0
0
0.0686668
0.0756289
0.0687885
0.0687885
0.0687885
0
0
0.0687885
0
0
0.0687885
0.068586
0.0763789
0.0687343
0
0
0.0687343
0
0
0.0687343
0
0
0.0687343
0.0687343
0.0687343
0
0
0.0687479
0
0.0687479
0
0
0.0680283
0
0.0680283
0.0680283
0.0680283
0.0680283
0
0
0
0
0.0680283
0.0680283
0
0
0
0
0
0
0
0
0
0.0680283
0
0
0
0
0
0
0
0
0
0
0
0
0
0
0
0
0
0
0
0
0
0
0
0
0
0
0
0
0
0
0
0
0
0
0
0
0
0
0
0
0
0
0
0
0
0
0
0
0
0
0
0
0
0
0
0
0
0
0
0
0
0
0
0
0
0
0
0
0
0
0
0
0
0
0
0
0
0
0
0
0
0
0
0
0
0
0
0
0
0
0
0
0
0
0
0
0
0
0
0
0
0
0
0
0
0
0
0
0
0
0
0
0
0
0
0
0
0
0
0
0
0
0
0
0
0
0
0
0
0
0
0
0
0
0
0
0
0
0
0
0
0
0
0
0
0
0
0
0
0
0
0
0
0
0
0
0
0
0
0
0
0
0
0
0
0
0
0
0
0
0
0
0
0
0
0
0
0
0
0.073538
0.0753778
0
0.0678064
0.0678064
0.0678064
0.059717
0.059717
0.059717
0
0
0
0.0608299
0.0601566
0.0601566
0.0601566
0.0707549
0.0707549
0
0
0.059717
0.059717
0
0
0.059717
0.059717
0.059717
0.059717
0.059717
0.059717
0.059717
0.0750939
0.0750939
0.0750939
0.059717
0.059717
0
0.059717
0.059717
0.069758
0.069758
0.069758
0.069758
0.069758
0.0701574
0.0701574
0.069758
0.069758
0
0.0432675
0.0432675
0.0432675
0.0432675
0.0432675
0.0432675
0.0432675
0.0432675
0.0432675
0.0432675
0.0432675
0.0432675
0.0432675
0.0432675
0
0
0.0460287
0.0460287
0
0
0
0.0432675
0.0432675
0.0432675
0.0432675
0.0432675
0.0432675
0.0432675
0.0432675
0.0432675
0.0432675
0.0596816
0.0596816
0
0.0596816
0
0.0596816
0.0432675
0.0432675
0.0432675
0.0432675
0
0
0.0432675
0
0
0
0
0.0432675
0
0
0
0
0
0
0
0
0
0
0
0
0
0
0
0.059717
0
0
0.059717
0
0
0
0
0.0432675
0.0432675
0.059717
0.059717
0.059717
0.059717
0.0432675
0.0432675
0.0432675
0.0432675
0.0598684
0.0432675
0.0432675
0.0515653
0.0515653
0.0515653
0
0.0515653
0.0515653
0
0
0
0
0
0
0
0
0
0
0.0432675
0.0432675
0.0432675
0.0432675
0.0432675
0.0432675
0.0432675
0.059717
0.059717
0.059717
0.059717
0.059717
0.059717
0.059717
0.059717
0.059717
0.0432675
0
0.0432675
0.0432675
0.0432675
0.0432675
0.064775
0.0432675
0.0436505
0
0
0
0
0
0
0
0
0
0
0
0
0
0
0
0
0
0
0
0
0
0
0
0
0
0
0
0
0
0
0
0.0911606
0.0676252
0
0
0
0
0
0
0
0
0
0
0
0
0
0.0520756
0
0
0
0
0
0
0
0
0
0
0
0
0
0
0
0
0
0
0
0
0
0
0
0
0
0
0
0
0
0
0
0.0468036
0
0.0454937
0
0
0
0
0
0
0.0432675
0
0.0472148
0
0
0.0434372
0.0323367
0.0432675
0
0
0
0
0
0.059717
0.059717
0.059717
0.059717
0.059717
0.059717
0.059717
0.059717
0.059717
0.059717
0.059717
0.059717
0.059717
0.059717
0.059717
0.059717
0.059717
0.059717
0.059717
0.059717
0.059717
0.059717
0
0
0
0
0
0
0
0
0
0
0
0
0
0.059717
0.059717
0.059717
0.059717
0.059717
0.059717
0.059717
0.059717
0.059717
0.059717
0.059717
0.059717
0.059717
0.059717
0.059717
0.059717
0.059717
0.059717
0.059717
0.059717
0.059717
0
0.059717
0.0707254
0.059717
0.059717
0.059717
0.0597348
0.0597348
0.0597348
0.0597348
0.0597348
0.0597348
0.0597348
0.059717
0.059717
0.0711868
0
0
0
0
0.0680283
0.0680283
0
0
0
0.0756109
0.0796819
0.0770752
0
0
0
0
0
0
0
0
0
0
0
0
0.0674711
0.0674711
0.0674711
0.0674711
0
0
0
0
0.0676639
0.0676639
0.0676639
0
0
0
0
0
0.0676639
0.0677156
0.0676639
0.0676639
0.0676639
0.0676639
0.0676639
0
0
0
0
0
0
0
0
0
0
0
0.0597348
0.0597348
0.0597348
0
0.059717
0.059717
0.059717
0.059717
0
0
0
0.059717
0.059717
0.059717
0.059717
0.059717
0.059717
0.059717
0.059717
0.059717
0.059717
0.059717
0.0708585
0.0708585
0.0597348
0.0597437
0.0597348
0.0674711
0.0681203
0.0675352
0.059717
0.059717
0
0
0
0
0
0
0
0.059717
0.059717
0.059717
0.059717
0.059717
0.059717
0.059717
0
0
0
0
0.059717
0.059717
0.059717
0.0707254
0
0
0.0707254
0.0707254
0.0707254
0.059717
0.059717
0.0707254
0.0707254
0
0
0
0
0
0.059717
0.059717
0.059717
0.059717
0
0
0
0
0
0.0600751
0
0
0
0
0.0600751
0.0600751
0.0600751
0.0600751
0
0
0
0
0
0
0
0.0600751
0
0.0600751
0.0708585
0.0708585
0.0708585
0.059717
0.059717
0
0
0
0
0
0
0
0
0.059717
0.059717
0.059717
0.059717
0.0432675
0.0468036
0.0468036
0.0301648
0.0301648
0.0468036
0.0514628
0.0515653
0
0
0
0
0
0.0514628
0.0514628
0
0
0
0
0
0
0
0
0.0519174
0.0519174
0.0519174
0
0.0519174
0.0432675
0.0432675
0.0433013
0.0433013
0.0432675
0.0432675
0.0432675
0.0432675
0
0
0
0
0
0.0432675
0
0.0432675
0.0432675
0.0433013
0.0433013
0.0472675
0
0
0
0
0
0
0
0
0
0
0
0
0
0
0
0
0
0
0
0
0
0
0
0
0
0.0454937
0.0454937
0.0454937
0
0
0
0
0
0
0
0
0
0
0
0
0
0
0
0.0474179
0.0474179
0.0474179
0.0565987
0.0565987
0
0
0.0565987
0.0565987
0.0565987
0.0474179
0.0474179
0.0474179
0.0565987
0.0565987
0.0565987
0.0565987
0.0474179
0.0474179
0.0474179
0.0474179
0.0514061
0.0565987
0.0474179
0.0474179
0.0474179
0.0579284
0.0579284
0.0579284
0
0.0579284
0.0474179
0.0474179
0.0474179
0
0
0.0474179
0.0474179
0.0474179
0
0
0
0
0
0
0.0501622
0.0501622
0.0501622
0.0501622
0.0501622
0.0931493
0
0
0
0
0
0
0
0
0
0
0
0
0
0
0
0
0
0.0434577
0.0434406
0.0515653
0.0434577
0
0.0434577
0.0434577
0
0
0
0
0
0
0
0
0.0323367
0
0
0
0
0
0
0
0
0
0
0
0
0
0
0
0
0
0
0
0
0
0
0
0
0
0
0
0
0
0
0
0
0
0
0.05197
0.05197
0.05197
0.05197
0.05197
0.05197
0
0
0
0
0
0
0
0
0
0
0
0
0
0
0
0
0
0
0
0
0
0
0
0
0
0
0
0
0
0
0
0
0
0
0
0
0
0
0
0
0
0
0
0
0
0
0
0
0
0
0
0
0
0
0
0
0
0
0
0
0
0
0
0
0
0
0
0
0
0
0
0
0
0
0
0
0
0
0
0.0514742
0.0514742
0
0.0510698
0
0.0510698
0.0510698
0.0510698
0.0510698
0.0510698
0.0510698
0.0510698
0.055527
0.055527
0.0510698
0
0
0
0
0
0
0
0
0
0
0
0
0
0
0.0432675
0.0432675
0
0
0.0519174
0
0.0468036
0.0472675
0
0
0
0
0
0
0
0
0
0
0
0.0454272
0.0454937
0
0
0
0.0931493
0
0
0
0
0
0.0474179
0
0.05197
0
0
0
0
0.0434577
0
0.0323367
0
0
0
0.0432675
0
0
0
0
0.0510698
0.0510698
0.0510698
0.0510698
0
0
0
0
0.0432304
0.0432304
0.0432304
0.0432304
0.0432304
0.0432304
0.0432304
0.0432304
0.0432304
0.0432304
0.0432304
0.0432304
0.0432304
0.0432304
0.0432304
0.0432304
0.0432304
0.0432304
0.0432304
0.0432304
0.0432304
0.0432304
0.0432304
0.0432304
0.0432304
0.0432304
0.0432304
0.0432304
0.0432304
0.0432304
0.0432304
0.0432304
0.0432304
0.0432304
0.0432304
0.0432304
0.0432304
0.0432304
0.0432304
0.0432304
0.0432304
0.0432304
0.0432304
0.0432304
0.0432304
0.0432304
0.0432304
0.0432304
0.0432304
0.0432304
0
0.0432304
0.0432304
0
0
0.0432304
0.0432304
0.0432338
0
0
0.0432304
0.0432304
0
0.0432304
0.0432304
0.0432304
0.0432304
0.0432304
0.0432304
0.0432304
0.0432304
0.0432304
0.0432304
0.0432304
0.0432304
0.0432304
0.0432304
0.0432304
0.0432304
0.0432304
0.0432304
0.0432304
0.0432304
0.0432304
0.0432304
0.0432304
0.0432304
0.0432304
0.0432675
0.0432675
0
0
0.0432304
0.0432304
0.0432675
0.0432675
0.0432304
0
0
0
0
0
0
0
0
0
0.0428878
0.0428878
0.0428878
0.0428878
0.0428878
0.0428878
0.0428878
0.0428878
0.0428878
0
0
0
0
0
0
0
0
0
0
0
0
0
0
0
0
0
0
0
0
0
0
0
0
0
0
0
0
0
0
0
0
0
0
0
0
0
0
0
0
0
0
0
0
0
0
0
0
0
0
0
0
0
0
0
0
0
0
0
0
0
0
0
0
0
0
0
0
0
0
0
0
0
0
0
0
0
0
0
0
0
0
0
0
0
0
0
0
0
0
0
0
0
0
0
0
0
0
0
0
0
0
0
0
0
0
0
0
0
0
0
0
0
0
0
0
0
0
0
0
0
0
0
0
0
0
0
0
0
0
0
0
0
0
0
0
0
0
0
0
0
0
0
0
0
0
0
0
0
0
0
0
0
0
0
0
0
0
0
0
0
0
0
0
0
0
0
0
0
0
0
0
0
0
0
0
0
0
0
0
0
0
0
0
0
0
0
0
0
0
0
0
0
0
0
0
0
0
0
0
0
0
0
0
0
0
0
0
0
0
0
0
0
0
0
0
0
0
0
0
0
0
0
0
0
0
0
0
0
0
0
0
0
0
0
0
0
0
0
0
0
0
0
0
0
0
0
0
0
0
0
0.0432709
0.0432709
0.0432709
0.0432709
0
0.0432709
0.0432709
0
0
0.0474179
0.0474179
0.0432709
0
0
0
0
0
0
0
0
0
0
0
0
0
0.0474179
0.0474179
0
0
0
0.0474179
0
0
0
0
0.0474179
0.0474179
0.0474179
0.0474179
0.0579284
0.0579284
0.0579284
0.0759737
0.0579284
0.0779287
0.0579284
0.0474179
0
0
0
0
0
0.0429075
0.0429075
0.0429075
0.0429075
0.0429075
0.0429075
0.0429075
0.0429075
0.0429075
0.0429075
0.0429075
0
0
0
0
0
0
0
0.0429141
0
0
0
0
0
0
0
0
0
0
0
0
0
0
0
0
0
0
0
0
0
0
0
0
0
0
0
0
0
0
0
0
0
0.0429075
0
0.0429075
0.0429075
0.0429075
0.0429075
0.0429075
0.0429075
0.0429801
0.0429075
0
0
0
0
0
0
0
0
0
0
0
0
0
0
0
0
0
0
0
0
0
0
0
0
0
0
0
0
0
0
0
0
0
0
0
0
0
0
0
0
0
0
0
0
0
0
0
0
0
0
0
0.0429042
0
0
0
0
0
0
0
0
0
0
0
0
0
0
0
0
0
0
0
0
0
0
0
0
0
0
0
0
0
0
0
0
0
0
0
0
0
0
0
0
0
0
0
0
0
0
0.0428648
0.0428648
0
0
0
0
0
0
0
0
0
0
0
0
0
0
0
0
0
0
0
0
0.0429042
0.0429042
0
0
0
0
0
0
0
0
0
0
0
0
0
0
0
0
0
0
0
0
0
0
0
0
0
0
0
0
0
0
0
0
0
0
0
0
0
0
0
0
0
0
0
0
0
0
0
0
0
0
0
0
0
0
0
0
0
0
0
0
0
0
0
0
0
0
0.0678454
0.0678454
0.0678454
0.0678454
0.0678454
0.0678454
0.0678454
0.0678454
0.0678454
0
0
0
0
0
0
0
0
0.0653255
0.0653255
0
0
0
0
0
0
0
0
0
0
0
0
0
0
0
0
0
0
0
0
0
0
0
0
0
0
0
0
0
0
0
0
0
0
0
0
0
0
0
0
0
0
0
0
0
0
0
0
0
0
0
0
0
0
0
0
0
0
0
0
0
0
0
0
0
0
0
0
0
0
0
0
0
0
0
0
0
0
0
0
0
0
0
0
0
0
0
0
0
0
0
0
0
0
0
0
0
0
0
0
0
0
0
0
0
0
0
0
0
0
0
0
0
0
0
0
0
0
0
0
0
0
0
0
0
0
0
0
0
0
0
0
0
0
0
0
0
0
0
0
0
0
0
0
0
0
0
0
0
0
0
0
0
0
0
0
0
0
0
0
0
0
0
0
0
0
0
0
0
0
0
0
0
0
0
0
0
0
0
0
0
0
0
0
0
0
0
0
0
0
0
0
0
0
0
0
0
0
0
0
0
0
0
0
0
0
0
0
0
0
0
0
0
0
0
0
0
0
0
0
0
0
0
0
0
0
0
0
0
0
0
0
0
0
0
0
0
0
0
0
0
0
0
0
0
0
0
0
0
0
0
0
0.0429042
0.0429042
0.0429042
0
0
0
0
0
0
0
0
0
0
0
0
0
0
0
0
0
0
0
0
0
0
0
0
0
0
0
0
0
0
0
0
0
0
0
0
0
0
0
0
0
0
0
0
0
0
0
0
0
0
0
0
0
0
0
0
0
0
0
0
0
0
0
0
0
0
0
0
0
0
0
0
0
0
0
0
0
0
0
0
0
0
0
0
0.0429141
0.0429141
0.0429141
0.0429141
0.0429141
0.0429141
0
0
0
0
0
0
0
0
0
0
0
0
0
0
0
0
0
0
0
0
0
0
0
0
0.0429141
0.0428648
0.0428648
0.0428648
0
0
0
0
0
0
0
0
0
0
0
0
0
0
0
0
0
0
0
0
0
0
0
0
0
0
0
0
0.0429042
0
0
0
0
0
0
0
0
0
0
0
0
0
0
0
0
0
0
0
0
0
0
0
0
0
0
0
0
0
0
0
0
0
0
0
0
0
0
0
0
0
0
0
0
0
0
0
0
0
0
0
0
0
0
0
0
0
0
0
0
0
0
0
0
0
0
0
0
0
0
0
0
0
0
0
0
0
0
0
0
0
0
0
0
0
0
0
0
0
0
0
0
0
0
0
0
0
0
0
0
0
0
0
0
0
0
0
0.0428648
0
0
0
0
0
0
0
0
0
0
0
0
0
0
0
0
0
0
0
0
0
0
0
0
0
0
0
0
0
0
0
0
0
0
0
0
0
0
0
0
0
0
0
0
0
0.0429042
0.0429042
0.0429042
0.0429042
0.0429042
0.0429042
0.0429042
0.0429042
0.0429042
0.0429042
0.0429042
0.0429042
0.0429042
0.0429042
0.0429042
0.0429042
0.0429042
0.0429042
0.0429042
0.0429042
0.0429042
0.0429042
0.0429042
0.0429042
0
0
0
0
0.0429042
0
0
0
0
0
0
0
0
0
0
0
0
0
0
0
