0.0739221
0.0739221
0.0739221
0.0739221
0.0739221
0.0656532
0.0656532
0.0656532
0.0656532
0.0656532
0.0656532
0.0660819
0.0660819
0.0656532
0.0739221
1
0
0
0.0656532
0.0656532
0.0656532
0.0656532
0.0656532
0
0
0
0
0
0.0157583
0.0157563
0.0157563
0.0157563
0.0157563
0.0157563
0.0157563
0.0157563
0.0157563
0.0157583
0.0157583
0
0
0
0
0
0
0
0
0
0
0
0
0
0
0
0
0
0
0
0
0
0
0
0
0
0
0
0
0
0
0
0
0
0
0
0
0
0
0
0
0
0
0
0
0
0
0
0
0
0
0
0
0
0
0
0
0
0
0
0
0
0
0
0
0
0
0
0
0
0
0
0
0
0
0
0
0
0
0
0
0
0.015873
0
0.0716115
0.0716115
0.0716115
0.0159011
0
0.0739221
0.0739221
0.0739221
0.0739221
0.0739221
0
0
0
0
0
0
0
0
0
0
0
0
0
0
0
0
0
0
0
0
0
0
0
0
0
0
0
0
0
0
0
0
0
0
0
0
0
0
0
0
0
0
0
0
0
0
0
0
0
0
0
0
0
0
0
0
0
0
0
0
0
0
0
0
0
0
0
0
0
0
0
0
0
0
0
0
0
0
0
0
0
0
0
0
0
0
0
0
0
0
0
0
0
0
0
0
0
0
0
0
0
0
0
0
0
0
0
0
0
0
0
0
0
0
0
0
0.020008
0.020008
0
0
0
0
0.0186728
0
0.0186728
0.0186728
0.0186728
0
0
0
0.0161606
0.0168335
0.0168263
0
0.0161479
0
0.0199641
0
0
0.0189253
0
0.0199641
0
0
0
0
0
0
0
0
0
0
0
0
0
0
0
0
0
0
0
0
0
0
0
0
0
0
0
0
0
0
0
0
0
0
0
0
0
0
0
0
0
0
0
0
0
0
0
0
0
0
0
0
0
0
0
0
0
0
0
0
0
0
0
0
0
0
0
0
0
0
0
0
0
0
0
0
0
0
0
0
0
0
0
0
0
0
0
0
0
0
0
0
0
0
0
0
0
0
0
0
0
0
0
0
0
0
0
0
0
0
0
0
0
0
0.0716115
0
0.0716115
0.0716115
0.0739221
0.0739221
0.0739221
0.0739221
0.0739221
0.0739221
0
0.0739221
0.0739221
0
0
0
0
0
0
0
0
0
0
0
0
0
0
0
0
0
0
0
0
0
0
0
0
0
0
0
0
0
0
0
0
0
0
0.0134963
0.0134963
0.0134963
0.0134963
0.0134963
0
0
0
0
0
0
0
0
0
0
0
0
0
0
0
0
0
0
0
0
0
0
0
0
0
0
0
0
0
0
0
0
0
0
0
0
0
0
0
0
0
0
0
0
0
0
0
0
0
0
0
0
0
0
0
0
0
0
0
0
0
0
0
0
0
0
0
0.0179345
0.0179345
0.0179345
0.0179345
0.0179345
0
0
0
0
0
0
0
0
0
0
0
0
0
0
0
0
0
0
0
0
0
0
0
0
0
0
0
0
0
0
0
0
0
0
0
0
0
0
0
0
0
0
0
0
0
0
0
0
0
0
0
0
0
0
0
0
0
0.0135222
0
0
0
0
0
0
0
0.0135532
0
0
0
0
0
0
0
0
0
0
0
0
0
0
0
0
0
0
0
0
0
0
0
0
0
0
0
0
0
0
0
0
0
0
0.0135098
0.0135098
0.0135098
0.0135098
0.0135098
0.0135123
0.0135123
0.013542
0.013542
0.013542
0
0
0
0
0
0
0
0
0
0
0
0
0
0
0
0
0
0
0
0
0
0
0
0
0
0
0
0
0
0
0
0
0
0
0
0
0
0
0
0
0
0
0
0
0
0
0
0
0
0
0
0
0
0
0
0
0
0
0
0
0
0
0
0
0
0
0
0
0
0
0
0
0
0
0
0
0
0.0135594
0.0135594
0
0.0135594
0.0137257
0.0137257
0.0137257
0.0135012
0.0135012
0
0.0135012
0.0135012
0.0135012
0.0135606
0
0.0135606
0.0135606
0
0.0135606
0.0135631
0.0135631
0
0.0137089
0
0
0
0
0
0
0
0
0
0.0135308
0.0135308
0.0135756
0.0135308
0.0135123
0.0135123
0.0135123
0.0135123
0.0135123
0.0135123
0.0135756
0.0135123
0
0
0
0
0
0
0
0
0
0
0
0
0
0
0
0
0
0
0
0
0
0
0
0
0
0
0
0
0
0
0
0
0
0
0
0
0
0
0
0
0
0
0
0
0
0
0
0
0
0
0
0
0
0
0
0
0
0
0
0
0
0
0
0
0
0
0
0
0
0
0
0
0
0
0
0
0
0
0.0135432
0.0135432
0
0
0
0
0.0137257
0.0137673
0.0137673
0
0
0
0
0
0
0
0
0
0
0
0
0
0
0
0
0
0
0
0
0
0
0
0
0
0
0
0
0
0
0.0137231
0
0.0137231
0
0.0137231
0
0
0
0
0
0
0
0
0
0
0
0
0
0
0
0
0
0
0
0
0
0
0
0
0
0
0
0
0
0
0
0
0
0
0
0
0
0
0
0
0
0
0
0
0
0
0
0
0
0
0
0
0
0
0
0
0
0
0
0
0
0
0
0
0
0
0
0
0
0
0
0
0
0
0
0
0
0
0
0
0
0
0
0
0
0
0
0
0
0
0
0
0
0
0
0
0
0
0
0
0
0
0
0
0
0
0
0
0
0
0
0
0
0
0
0
0
0
0
0
0
0
0
0
0
0
0
0
0
0
0
0
0
0
0
0
0
0
0
0
0
0
0
0
0
0
0
0
0
0
0
0
0
0
0
0
0
0
0
0
0
0
0
0
0
0
0
0
0
0
0
0
0
0
0
0
0
0
0
0
0
0
0
0
0
0
0
0
0.0140069
0.0140069
0
0
0
0
0.0140083
0.0140083
0
0.0140083
0.0140083
0
0
0
0
0
0
0
0
0
0
0
0
0
0
0
0
0
0
0
0
0
0
0
0
0
0
0
0
0
0
0
0
0
0
0
0
0
0
0
0
0
0
0
0
0
0
0
0
0
0
0
0
0
0
0
0
0
0
0
0
0
0
0
0
0
0
0
0
0
0
0
0
0
0
0
0
0
0
0
0
0
0
0
0
0.0180012
0.0180012
0.0180012
0.0180012
0
0
0
0
0
0
0
0
0
0
0
0
0
0
0
0
0
0
0
0
0
0
0
0
0
0
0
0
0
0
0
0
0.0716115
0.0716115
0.0716115
0.0716115
0.0716115
0.0716115
0.0716115
0.0716115
0.0716115
0.0716115
0.0716115
0.0135012
0.0135012
0.0135012
0.0135012
0.0135333
0.0135333
0
0
0
0
0
0
0
0
0
0.0135172
0.0135172
0
0.0135172
0.0135172
0
0
0
0
0
0
0
0
0
0
0
0
0
0
0
0
0
0
0
0
0
0
0
0
0
0
0
0
0
0
0.0137673
0.0137673
0.0137673
0
0
0
0
0
0
0
0
0
0
0
0
0.0140083
0.0140083
0.0140083
0.0140083
0.0140083
0.0140083
0.0140083
0.0140083
0.0140083
0.0134975
0.0134975
0.0140083
0
0
0
0
0
0.0140083
0.0140083
0.0140083
0.0140083
0
0
0
0
0
0
0
0
0
0
0
0
0
0
0
0.0140083
0.0140083
0
0.0140083
0
0
0
0
0
0
0
0
0
0
0
0
0
0
0
0
0
0
0
0
0
0
0.0140083
0
0.0140083
0.0140083
0
0
0
0
0
0
0.0140083
0.0140083
0.0140083
0.0140083
0
0
0
0
0.0140083
0.0140083
0.0140083
0.0140083
0.0140083
0
0.0140083
0.0140083
0
0
0.0140083
0
0
0
0
0
0
0
0
0
0
0
0.0140083
0
0
0.0140083
0.0141776
0.0140083
0.0140083
0.0140083
0
0
0
0
0
0
0.0140083
0
0.0140083
0
0.0140083
0
0.0140083
0.0140083
0.0140083
0
0.0140083
0
0.0140083
0
0.0140083
0
0
0.0140083
0
0
0
0
0
0
0
0
0
0
0
0
0
0.0140083
0
0
0
0
0
0
0
0
0
0
0
0
0
0
0
0
0
0
0
0
0
0
0
0
0
0
0
0
0
0
0
0
0
0
0
0
0
0
0
0
0
0
0
0
0
0
0
0
0
0
0
0
0
0
0
0
0
0
0
0
0
0
0
0
0
0
0
0
0
0
0
0
0
0
0
0
0
0
0
0
0
0
0
0
0
0
0
0
0
0
0
0
0
0
0
0
0
0
0
0
0
0
0
0
0
0
0
0
0
0
0
0
0
0
0
0
0
0.0140083
0.0140083
0
0.0140083
0
0.0140083
0
0.0140083
0
0
0
0
0
0
0.0140083
0
0.0140083
0
0
0.0140083
0
0.0140083
0
0
0
0
0
0
0
0
0
0
0
0
0
0
0
0
0
0
0
0
0
0
0
0
0
0
0
0
0
0
0
0
0
0
0.0140083
0
0
0
0
0
0
0
0
0
0
0
0
0
0
0
0
0
0
0
0
0
0
0
0
0
0
0
0
0
0
0
0
0
0
0
0
0
0
0
0
0
0.0418854
0.0418854
0.0140083
0.0140083
0.0140083
0.0140083
0.0140083
0.0140083
0.0140083
0.0140083
0.0140083
0.0140083
0.0140083
0.0140083
0.0140083
0.0140083
0.0140083
0.0140083
0.0140083
0.0140083
0.0140083
0.0140083
0
0
0
0
0
0.0140083
0.0140083
0.0140083
0.0140083
0.0140083
0.0140083
0.0140083
0.0140083
0.0140083
0.0140083
0.0140083
0.0140083
0.0140083
0.0140083
0.0140083
0.0140083
0.0140083
0.0140083
0.0140083
0.0140083
0.0140083
0.0140083
0.0140083
0.0140083
0.0140083
0.0140083
0.0140083
0.0140083
0.0140083
0.0140083
0.0140083
0.0140083
0.0140083
0.0140083
0.0140083
0.0140083
0.0140083
0.0140083
0.0140083
0.0140083
0.0140083
0.0140083
0.0140083
0.0140083
0.0140083
0.0140083
0.0140083
0.0140083
0.0140083
0.0140083
0.0140083
0.0140083
0.0140083
0.0140083
0.0140083
0.0140083
0.0140083
0.0140083
0.0140083
0.0140083
0.0140083
0.0140083
0.0140083
0.0140083
0.0140083
0.0140083
0.0140083
0.0140083
0.0140083
0.0140083
0.0140083
0.0140083
0.0140083
0.0140083
0.0140083
0.0140083
0.0140083
0.0140083
0.0140083
0.0140083
0.0140083
0.0140083
0.0140083
0.0140083
0.0140083
0.0140083
0.0140083
0.0140083
0.0140083
0.0140083
0.0140083
0.0140083
0.0140083
0.0140083
0.0140083
0.0140083
0.0140083
0.0140083
0.0140083
0.0140083
0.0140083
0.0140083
0.0140083
0.0140083
0.0140083
0.0140083
0.0140083
0.0140083
0.0140083
0.0140083
0.0140083
0.0140083
0.0140083
0.0140083
0.0140083
0.0140083
0.0140083
0.0140083
0.0140083
0.0140083
0.0140083
0.0140083
0.0140083
0.0140083
0.0140083
0.0140083
0.0140083
0.0140083
0.0140083
0.0140083
0.0140083
0.0140083
0.0140083
0.0140083
0.0140083
0.0140083
0.0140083
0.0140083
0.0140083
0.0140083
0.0140083
0.0140083
0.0140083
0.0140083
0.0140083
0.0140083
0.0140083
0.0140083
0.0140083
0.0140083
0.0140083
0.0140083
0.0140083
0.0140083
0.0140083
0.0140083
0.0140083
0.0140083
0.0140083
0.0140083
0.0140083
0.0140083
0.0140083
0.0140083
0.0140083
0.0140083
0.0140083
0.0140083
0
0
0.0140083
0.0140083
0.0140083
0.0140083
0.0140083
0.0140083
0.0140083
0.0140083
0.0140083
0.0140083
0.0140083
0.0140083
0.0140083
0.0140083
0.0140083
0.0140083
0.0140083
0.0140083
0.0140083
0
0
0
0
0
0.0140083
0
0
0
0
0
0
0
0
0
0
0
0
0
0
0
0
0
0
0
0
0
0
0
0
0
0
0
0
0
0
0
0
0
0
0
0
0
0
0
0
0
0
0
0
0
0
0
0
0
0
0
0
0
0
0
0
0
0
0
0
0
0
0
0
0
0
0
0
0
0
0
0.0140083
0.0140083
0.0140083
0
0
0
0
0
0
0
0
0
0
0
0
0
0
0
0
0
0
0
0
0
0
0.0140083
0.0140083
0
0
0
0
0.0143091
0
0.0140083
0.0140083
0.0140083
0.0140083
0
0
0
0
0
0.0140083
0.0140083
0
0
0
0.0140083
0.0140083
0
0
0
0
0
0
0
0.0140083
0.0140083
0.0140083
0.0140083
0.0140083
0.0140083
0.0140083
0.0140083
0.0140083
0.0140083
0.0140083
0.0140083
0.0140083
0
0
0
0.0140083
0.0140083
0
0
0
0
0
0
0
0
0
0
0
0
0
0
0
0
0
0
0
0
0
0.0140083
0.0140083
0.0140083
0
0
0
0
0
0
0
0
0
0
0
0
0
0
0
0
0
0
0
0
0
0
0
0
0
0
0
0
0
0
0
0
0
0
0
0
0
0
0
0
0
0
0
0
0
0
0
0
0
0
0
0
0
0
0
0
0
0
0
0
0
0
0
0
0
0
0
0
0
0
0
0
0
0
0
0
0
0
0
0
0
0
0
0
0
0
0
0
0
0
0
0
0
0
0
0
0
0
0
0
0
0
0
0
0
0
0
0
0
0
0
0
0
0
0
0
0
0
0.0135756
0.0135756
0.0135756
0
0.0137089
0
0
0.0135123
0.0135123
0.0135123
0
0
0
0
0
0
0.0139158
0.0139158
0
0
0
0
0
0
0
0
0
0
0
0
0
0
0
0
0
0
0
0
0
0
0
0
0
0
0
0
0
0
0
0
0
0
0
0
0
0
0
0
0
0
0
0
0
0
0
0
0
0
0
0
0
0
0
0
0
0
0
0
0
0
0
0
0
0
0
0
0
0
0
0
0
0
0
0
0
0
0
0
0
0
0
0
0
0
0
0
0
0
0
0
0
0
0
0
0
0
0
0
0
0
0
0
0
0
0
0
0
0
0
0
0
0
0
0
0
0
0
0
0
0
0
0
0
0
0
0
0
0
0
0
0
0
0
0
0
0
0
0
0
0
0
0
0
0
0
0
0
0
0
0
0.0139252
0
0
0.0139158
0.0139158
0.0139158
0.0139158
0.0139158
0
0
0.0139158
0.0139158
0.0157622
0.0157622
0.0157622
0.0157622
0.0157622
0.0157622
0.0157622
0.015871
0.0716115
0.015871
0.015871
0
0
0
0
0
0
0
0
0
0
0
0
0
0
0.0159011
0.0159011
0.0739221
0.0739221
0.0739221
0.0739221
0.0739221
0.0159011
0.0159011
0.0213056
0.106
0.106
0.106
0
0
0
0
0
0
0
0
0
0
0
0
0
0
0
0
0
0
0
0
0
0
0
0
0
0
0
0
0
0
0
0
0
0
0
0
0
0
0
0
0
0
0
0
0
0
0
0
0
0
0
0
0
0
0
0
0
0
0
0
0
0
0
0
0
0
0
0
0
0
0
0
0
0
0
0
0
0
0
0
0
0
0
0
0
0
0
0
0
0
0
0
0
0
0
0
0
0
0
0
0
0
0
0
0
0.019992
0.020008
0.020008
0.020008
0
0
0
0
0
0
0
0
0
0
0
0
0
0
0
0
0
0
0
0
0
0
0
0
0
0
0
0
0
0
0
0
0
0
0
0
0
0
0
0
0
0
0
0
0
0
0
0
0
0
0
0
0
0
0
0
0
0
0
0
0
0
0
0
0
0
0
0
0
0
0
0
0
0
0
0
0
0
0
0
0
0
0
0
0
0
0
0
0
0
0
0
0
0
0
0
0
0
0
0
0
0
0
0
0
0
0
0
0
0
0
0
0
0
0
0
0
0
0
0
0
0
0
0
0
0
0
0
0
0
0
0
0
0
0
0
0
0
0
0
0
0
0
0
0
0
0
0
0
0
0
0
0
0
0
0
0
0
0.0168958
0
0.0140083
0.0140083
0.0140083
0.0140083
0.0140083
0.0140083
0.0140083
0.0140083
0.0140083
0.0140083
0.0140083
0.0140083
0.0140083
0.0140083
0.0140083
0.0140083
0.0140083
0.0140083
0
0
0
0
0
0
0
0
0
0
0
0.0140083
0.0140083
0
0
0
0
0
0
0
0
0
0
0
0
0
0
0
0
0
0
0
0
0
0
0
0.0140083
0
0
0
0
0
0
0
0
0
0
0
0
0
0
0
0
0
0
0
0
0
0
0
0
0
0
0
0
0.0140083
0
0
0
0
0
0
0
0
0
0.0140083
0.0140083
0.0140083
0
0.0140083
0.0140083
0.0140083
0.0140083
0.0140083
0.0140083
0.0140083
0.0140083
0.0140083
0
0.0140083
0
0.0140083
0.0140083
0.0140083
0.0140083
0.0140083
0.0140083
0
0.0140083
0.0140083
0.0140083
0.0140083
0.0140083
0
0
0
0
0.0140083
0
0.0140083
0
0
0
0
0
0
0
0
0
0
0
0
0
0
0
0
0
0
0
0
0
0
0
0
0
0
0
0
0
0
0
0
0
0
0
0
0
0
0.0140083
0
0
0
0
0
0
0
0
0
0
0
0
0
0
0
0
0
0
0
0
0
0
0
0
0
0
0
0
0
0
0
0
0
0
0
0
0
0
0
0
0
0
0
0
0
0
0
0
0
0
0
0
0
0
0
0
0
0
0
0
0
0
0
0
0
0
0
0
0
0
0
0
0
0
0
0
0
0
0
0
0
0
0
0
0
0
0.0140083
0.0140083
0.0140083
0.0140083
0.0140083
0
0
0
0
0
0
0
0
0
0
0
0
0
0
0
0
0
0
0
0
0
0
0
0
0
0
0
0
0
0
0
0
0
0
0
0
0
0
0
0
0
0
0
0
0
0
0
0
0
0
0
0
0
0
0
0
0
0
0
0
0
0
0
0
0
0
0
0
0
0
0
0
0
0
0
0
0
0
0
0
0
0
0
0
0.0140083
0.0140083
0.0140083
0.0140083
0.0140083
0
0
0
0
0
0
0
0.0140083
0.0140083
0.0140083
0.0140083
0
0
0
0
0
0
0
0
0
0
0
0
0.0140083
0
0
0
0
0
0
0
0
0
0
0
0
0
0
0
0
0
0
0
0
0
0
0
0
0
0
0
0
0
0
0
0
0
0
0
0
0
0
0
0
0
0
0
0
0
0
0
0
0
0
0
0
0.0140083
0.0140083
0.0140083
0.0140083
0.0140083
0.0140083
0.0140083
0.0140083
0.0140083
0.0140083
0.0140083
0.0140083
0.0140083
0.0140083
0.0143296
0.0143385
0
0.0143385
0.0143385
0.0143385
0
0
0
0
0
0
0
0
0
0
0
0
0
0
0
0
0
0
0
0
0
0
0
0
0
0
0
0
0
0
0
0
0
0
0
0
0
0
0
0
0
0
0
0
0
0
0
0
0
0
0
0
0.0140083
0.0140083
0
0.0143385
0.0140083
0.0140083
0.0140083
0.0140083
0.0140083
0.0140083
0.0141919
0.0141919
0
0.0140083
0.0140083
0
0.0140083
0
0.0140083
0
0.0140083
0.0140083
0.0140083
0
0
0
0
0.0140083
0
0
0
0
0
0.0140083
0
0.0140083
0.0140083
0.0140083
0.0140083
0
0.0140083
0.0140083
0.0140083
0.0140083
0.0140083
0.0140083
0.0140083
0.0140083
0
0.0140083
0
0
0
0
0
0
0
0
0
0
0
0
0
0
0
0
0
0
0
0
0
0
0
0
0
0
0
0.0140083
0.0140083
0.0140083
0.0140083
0.0140083
0.0140083
0
0
0
0
0.014337
0
0
0
0
0
0
0
0
0
0
0
0
0
0
0
0
0
0
0
0
0
0
0
0
0
0
0
0
0
0
0
0
0
0.0143414
0.0143414
0.0143414
0
0
0
0
0
0
0
0
0
0
0
0
0
0
0
0
0
0
0
0
0
0
0
0
0
0
0.014337
0
0
0
0
0
0.0143385
0
0
0.0199482
0
0
0
0
0
0
0
0.0144398
0.0144398
0.0144398
0.0145664
0.0144398
0.0144473
0
0.0140083
0.0140083
0.0140083
0.0140083
0.0140083
0
0
0
0
0
0.0140083
0
0.0140083
0
0
0
0
0.0140083
0
0
0
0
0
0.0140083
0.0140083
0.0140083
0.0140083
0.0140083
0.0140083
0.0140083
0
0
0
0
0
0
0
0
0
0
0
0
0
0
0
0
0
0
0
0
0
0
0
0
0
0
0
0
0
0
0
0
0
0
0
0
0
0
0
0
0
0
0
0
0
0
0
0
0
0
0
0
0
0
0
0
0
0
0
0
0
0
0
0
0
0
0
0
0
0
0
0
0
0
0
0
0
0
0
0
0
0
0
0
0
0
0
0
0
0
0
0
0
0
0
0
0
0.0140083
0.0140083
0.0140083
0.0140083
0.0140083
0.0140083
0.0140083
0.0140083
0.0143518
0.0143518
0
0.0143518
0.0140083
0.0140083
0
0
0
0
0
0
0
0
0
0.0140083
0.0140083
0.0140083
0
0
0.0140083
0.0140083
0.0140083
0.0140083
0.0140083
0.0140083
0.0140083
0.0140083
0.0140083
0.0140083
0.0140083
0.0140083
0
0
0
0
0
0.0140083
0
0
0
0
0
0
0
0
0
0
0.0140083
0.0140083
0.0140083
0.0140083
0.0140083
0.0140083
0.0140083
0.0140083
0.0140083
0.0140083
0.0140083
0.0140083
0.0140083
0
0.0140083
0.0140083
0.0140083
0.0178146
0
0.0179057
0.0179057
0.0178344
0
0.0179259
0.0179259
0.0179259
0
0
0
0
0
0
0
0
0
0
0
0
0
0
0
0.014337
0.0199482
0.0199482
0
0.0199482
0.0199482
0.0199482
0
0
0
0.0199482
0.0199482
0.0199482
0.0199482
0.0199482
0.0199482
0.0199482
0
0
0
0.0199482
0
0.0143385
0.0143385
0
0.0143385
0.0143385
0
0.0140083
0.0140083
0.0140083
0.0140083
0
0
0
0
0
0
0
0
0
0
0
0
0
0
0
0
0
0
0
0
0
0
0
0
0
0
0
0
0
0
0
0
0
0
0
0
0
0
0
0
0
0
0
0
0
0
0
0
0
0
0
0
0
0
0
0
0
0
0
0
0
0
0
0
0
0
0
0
0
0
0
0
0
0
0
0
0
0
0
0
0
0
0
0
0
0
0
0
0
0
0
0
0
0
0
0
0
0
0
0
0
0
0
0
0
0
0
0
0
0
0
0
0
0
0
0
0
0
0
0
0
0
0
0
0
0
0
0
0
0
0
0
0
0
0
0
0
0
0
0
0
0
0
0
0
0
0
0
0
0
0
0
0
0
0
0
0
0
0
0
0
0
0
0
0
0
0
0
0
0
0
0
0
0
0
0
0
0
0
0
0
0
0
0
0
0
0
0
0
0
0
0
0
0
0
0
0
0
0
0
0
0
0
0
0
0
0
0
0
0
0
0
0
0
0
0
0
0
0
0
0
0
0
0
0
0
0
0
0
0
0
0
0
0
0
0
0
0
0
0
0
0
0
0
0
0
0
0
0
0
0
0
0
0
0
0
0
0
0
0
0
0
0
0
0
0
0
0
0
0
0
0
0
0
0
0
0
0
0
0
0
0
0
0
0
0
0
0
0
0
0
0
0
0
0
0
0
0
0
0
0
0
0
0
0
0
0
0
0
0
0
0
0
0
0
0
0
0
0
0
0
0
0
0
0
0
0
0
0
0
0
0
0
0
0
0
0
0
0
0
0
0
0
0
0
0
0
0
0
0
0
0
0
0
0
0
0
0
0
0
0
0
0
0
0
0
0
0
0
0
0
0
0
0
0
0
0
0
0
0
0
0
0.0140083
0.0140083
0.0140083
0.0140083
0.0140083
0.0140083
0.0140083
0.0140083
0.0140083
0
0
0
0
0.014476
0.014476
0.0144685
0.0144685
0.0145927
0
0.0140083
0.0140083
0.0140083
0.0146052
0.0146052
0.0146052
0
0.0140083
0
0
0
0
0
0
0
0
0
0
0
0
0
0.0140083
0
0
0
0.0140083
0
0
0
0
0.0140083
0.0140083
0.0140083
0.0140083
0.0140083
0.0140083
0.0140083
0.0140083
0.0140083
0.0140083
0.0140083
0.0140083
0.0140083
0.0140083
0.0140083
0.0140083
0.0140083
0.0140083
0.0140083
0.0140083
0.0140083
0.0140083
0.0140083
0.0140083
0.0140083
0.0140083
0.0140083
0.0140083
0.0140083
0.0140083
0.0140083
0.0140083
0.0140083
0.0140083
0.0140083
0.0140083
0.0140083
0.0140083
0.0140083
0.0140083
0.0140083
0.0140083
0.0140083
0.0140083
0.0140083
0.0140083
0.0140083
0.0140083
0.0140083
0.0140083
0.0140083
0.0140083
0.0140083
0.0140083
0.0140083
0.0140083
0.0140083
0.0134975
0
0
0
0
0
0
0
0
0
0
0
0
0
0
0
0
0
0
0
0
0
0
0
0
0
0
0
0
0
0
0
0
0
0
0
0
0
0
0
0
0
0
0
0
0
0
0
0
0
0
0.0140083
0.0140083
0
0
0
0
0
0
0
0
0
0
0
0
0.0140083
0.0140083
0
0
0
0.0140083
0.0140083
0
0
0
0.0140083
0.0140083
0
0
0
0
0
0
0
0
0
0
0
0
0
0
0.0140083
0.0140083
0
0
0
0.0140083
0.0140083
0
0
0
0
0
0
0
0
0
0
0
0.0140083
0.0140083
0
0
0
0
0.0140083
0.0140083
0
0
0
0
0
0
0
0
0
0
0.0140083
0.0140083
0
0
0
0
0.0140083
0.0140083
0.0140083
0
0
0
0
0
0
0
0
0
0
0
0
0
0
0
0
0
0
0
0
0.0140083
0.0140083
0
0
0
0
0
0
0
0
0
0
0.0140083
0.0140083
0
0
0
0.0140083
0.0140083
0.0140083
0
0
0
0
0
0
0
0
0
0
0
0.0140083
0.0140083
0
0.0140083
0
0
0
0
0
0
0
0
0
0.0140083
0.0140083
0.0140083
0.0140083
0
0
0
0
0
0
0
0
0
0
0
0
0
0
0
0
0
0
0
0.0140083
0.0140083
0
0
0
0
0
0
0.0140083
0
0
0
0
0
0
0
0
0
0
0
0
0
0
0
0
0
0
0
0
0
0
0
0
0
0
0
0
0
0
0
0
0
0
0
0
0
0
0
0
0
0
0
0
0
0
0
0
0
0
0
0
0
0
0
0
0
0
0
0
0
0
0
0
0
0
0
0
0
0
0
0
0
0
0
0
0
0
0
0
0
0
0
0
0
0
0
0
0
0
0
0
0
0
0
0
0
0
0
0
0
0
0
0
0
0
0
0
0
0
0
0
0
0
0
0
0
0
0
0
0
0
0
0
0.0140083
0.0140083
0.0140083
0.0140083
0.0140083
0
0
0
0
0
0
0
0
0
0
0
0.0140083
0.0140083
0.0140083
0.0140083
0.0140083
0
0.0140083
0.0140083
0.0140083
0.0140083
0
0.0140083
0.0140083
0.0140083
0.0140083
0
0.0140083
0.0140083
0.0140083
0.0140083
0
0
0
0
0
0
0
0
0.0140083
0.0140083
0.0140083
0.0140083
0.0140083
0.0140083
0.0140083
0.0140083
0.0140083
0.0140083
0.0140083
0.0140083
0.0140083
0.0140083
0.0140083
0.0140083
0.0140083
0.0140083
0.0140083
0.0140083
0.0140083
0
0
0
0
0
0
0.0140083
0.0140083
0.0140083
0.0140083
0
0
0
0
0
0
0
0
0
0
0
0
0
0
0.0140083
0.0140083
0
0
0
0
0
0
0
0
0
0.0140083
0.0456435
0.0456435
0.0456435
0.0456435
0.0456435
0
0
0
0
0
0
0
0
0
0
0
0
0
0
0
0
0
0
0
0
0
0
0
0
0
0
0
0
0
0.0140083
0.0140083
0.0140083
0.0140083
0.0140083
0.0140083
0.0140083
0.0140083
0.0140083
0.0140083
0.0140083
0.0140083
0
0
0
0
0.0140083
0
0.0140083
0.0140083
0.0140083
0.0140083
0
0.0140083
0.0140083
0
0
0
0
0
0.0140083
0
0.0140083
0
0
0
0
0
0.0140083
0.0140083
0.0140083
0.0140083
0.0140083
0.0140083
0
0
0.0140083
0
0
0
0
0
0
0
0
0
0
0
0
0
0
0
0.0140083
0.0144413
0.0140083
0
0.0140083
0
0
0
0
0
0
0.0140083
0.0140083
0.0140083
0.0140083
0.0140083
0.0140083
0.0140083
0.0140083
0
0.0140083
0.0140083
0
0.0140083
0
0
0
0.0140083
0.0140083
0
0.0140083
0.0140083
0
0
0
0.0140083
0.0140083
0.0140083
0.0140083
0.0140083
0.0140083
0.0134975
0
0
0
0
0
0
0
0
0
0
0
0
0
0
0
0
0
0
0
0
0
0
0
0
0
0
0
0
0
0
0
0
0
0
0
0
0
0
0.0158015
0.0158015
0
0
0
0
0
0
0
0
0
0
0
0
0
0
0
0
0
0
0
0
0
0
0
0
0
0
0
0
0
0
0
0
0
0
0
0
0
0
0
0
0
0
0
0
0
0
0
0
0
0
0
0
0
0
0
0
0
0
0
0
0
0
0
0
0
0
0
0
0
0
0
0
0
0
0
0
0
0
0
0
0
0
0
0
0
0
0
0
0
0
0
0
0
0
0
0
0
0
0
0
0
0
0
0
0
0
0
0
0
0
0
0
0
0
0
0
0
0
0
0
0
0
0
0
0
0
0
0
0
0
0
0
0
0
0
0
0
0
0
0
0
0
0
0
0
0
0
0
0
0
0
0
0
0
0
0
0
0
0
0
0
0
0
0
0
0.015859
0.015859
0.015859
0.015859
0.015859
0.015859
0.015859
0.015859
0.015859
0.015859
0.015859
0.015859
0.015859
0.015859
0.015859
0.015859
0.015859
0.015859
0.015859
0.015859
0.015859
0.015859
0.0627456
0.0627456
0.0627456
0.0627456
0.0135296
0.0135296
0.0135296
0.0135296
0.0135296
0.0135296
0.0135296
0.0135296
0.0135296
0.0135296
0.0135296
0.0135296
0.0135296
0.0135296
0.0135296
0.0135296
0.0135296
0.0135296
0.0135296
0
0
0.0494468
0.0494468
0.015859
0.015859
0.015859
0.015859
0.015859
0.015859
0.015859
0.015859
0.015859
0.015859
0.015859
0.015859
0.015859
0.015859
0.015859
0.015859
0.015859
0.015859
0.015859
0.015859
0.015859
0
0.015861
0
0.015861
0.015861
0.015861
0.0158971
0.0158971
0.0158991
0.0158971
0.0158971
0.0158971
0.0158971
0
0
0
0
0
0
0
0.0180451
0
0
0
0
0
0
0
0
0
0
0
0
0
0
0
0
0
0
0
0
0
0
0
0
0
0
0
0
0
0
0
0
0
0
0
0
0
0
0
0
0
0
0.0209888
0.0209888
0
0
0
0.0209888
0.0209888
0.0209888
0.0209888
0.0211762
0.0211762
0.015881
0.015881
0.015871
0
0.015867
0.015867
0.015867
0.015867
0
0
0
0.015867
0.015867
0.015867
0.015867
0.015867
0.015867
0.015867
0
0
0
0
0
0
0.0158971
0.0158991
0.0158991
0
0
0
0.015861
0.015861
0
0
0.0210305
0.0210305
0
0
0
0.015859
0.015865
0.015865
0.015865
0.015865
0.015865
0.015859
0
0
0
0
0.015861
0.015861
0.015861
0
0
0
0
0
0
0.015861
0.015861
0.019118
0.019118
0
0
0
0
0
0.015861
0.015861
0.015861
0
0
0
0
0
0
0
0
0
0
0
0
0
0
0
0
0
0
0
0
0
0
0
0
0
0
0
0
0.015859
0
0
0
0
0
0
0
0
0
0
0.0135296
0.0135296
0.0135296
0
0.0418854
0.0135296
0.0135296
0.0135694
0
0
0.0135296
0
0
0.0135296
0.018509
0.0135296
0.0135296
0.0135296
0.0135296
0.0135296
0.0135296
0.0135296
0.0135296
0.0135296
0.0135296
0
0
0
0
0
0
0
0
0
0
0
0
0
0
0
0
0
0
0
0
0
0
0
0
0
0.015871
0.015871
0.015871
0.015871
0.0207748
0.0207748
0.0207748
0.0207748
0.0207748
0.0135296
0.0135296
0.0135296
0.0135296
0.0135296
0.0135296
0.0135296
0.0135296
0.0135296
0.0135296
0.0135296
0.0135296
0.0135296
0.0135296
0.0135296
0.0135296
0.0135296
0.0135296
0.0135296
0.0135296
0.0135296
0.0135296
0.0135296
0.0135296
0.0135296
0.0135296
0.0135296
0.0135296
0.0135296
0.0135296
0.0135296
0.0135296
0.0135296
0.0135296
0.0135296
0.0135296
0.0135296
0.0135296
0.0135296
0.0135296
0.0135296
0.0135296
0.0135296
0.0135296
0.0135296
0.0135296
0.0135296
0.0135296
0.0135296
0.0135296
0.0135296
0.0135296
0.0135296
0.015859
0
0
0
0
0
0
0.0966736
0.0966736
0.015871
0.015871
0.015859
0.015859
0.015859
0.015859
0.015859
0.015859
0.015859
0.015859
0.015859
0.015871
0.015859
0.015859
0.015859
0.015859
0.015859
0.015859
0.015859
0
0
0
0
0.0177527
0
0
0
0
0
0
0
0
0
0.015871
0.015871
0.015871
0.015871
0.015871
0.0716115
0.0716115
0.0716115
0
0.0716115
0
0
0.015871
0.0158971
0.0158971
0.0158971
0.0158971
0.0158971
0.0158971
0.0158971
0
0.0159011
0.0159011
0
0
0
0
0
0
0
0
0
0
0
0
0
0
0
0
0
0
0
0
0
0
0
0
0
0
0
0
0
0
0
0
0
0
0
0
0
0
0
0
0
0
0
0
0
0
0
0
0
0
0
0
0
0
0
0
0
0
0
0
0
0
0
0
0
0
0
0
0
0
0
0
0
0
0
0
0
0
0
0
0
0
0
0
0
0
0
0
0
0
0
0
0
0
0
0
0
0
0
0
0
0
0
0
0
0
0
0
0
0
0
0
0
0
0
0
0
0
0
0
0
0
0
0
0
0
0
0
0
0
0
0
0
0
0
0
0
0
0
0
0
0
0
0
0
0
0
0
0
0
0
0
0
0
0
0
0
0
0
0
0
0
0
0
0
0
0
0
0
0
0
0
0
0
0
0
0
0
0
0
0
0
0
0
0
0
0
0
0
0
0
0
0
0
0
0
0
0
0
0
0
0
0
0
0
0
0
0
0
0
0
0
0
0
0
0
0
0
0
0
0
0
0
0
0
0
0
0
0
0
0
0
0
0
0
0
0
0
0
0
0
0
0
0
0
0
0
0
0
0
0
0
0
0
0
0
0
0
0
0
0
0
0
0
0
0
0
0
0
0
0
0
0
0
0
0
0
0
0
0
0
0
0
0
0
0
0
0
0
0
0
0
0
0
0
0
0
0
0
0
0
0
0
0.0182788
0.0182788
0.0182788
0.0182788
0.0182788
0.0182788
0.0182788
0.0182788
0.0187022
0.0187022
0.0187022
0.0187022
0
0.0187022
0.0182788
0.0182788
0.0183432
0
0
0.0183432
0
0
0
0
0
0
0
0
0
0
0.019992
0.19245
0.019992
0
0
0.020008
0.120386
0
0
0
0
0
0
0
0
0
0
0
0
0
0
0
0
0
0
0
0
0
0
0
0
0
0
0
0
0
0
0
0
0
0
0
0
0
0
0
0
0
0
0
0
0
0
0
0
0
0
0
0
0
0
0
0
0
0
0
0
0
0
0
0
0
0
0
0
0
0
0
0
0
0
0
0
0
0
0
0.0186016
0.0186016
0
0
0
0
0
0
0
0
0
0
0.0184021
0.0184021
0
0.0186016
0.0184021
0
0
0
0.0184021
0
0
0
0
0
0
0
0
0
0
0
0
0
0
0
0
0
0
0
0
0.0179461
0
0
0
0
0
0
0
0.0645497
0.0627456
0
0.0627456
0.0627456
0.0627456
0.0627456
0.0627456
0.0637577
0.0627456
0.0627456
0.0627456
0.0627456
0.0627456
0.0627456
0.0627456
0
0
0
0
0
0
0
0
0
0
0
0
0
0.0627456
0.0627456
0.0627456
0.0627456
0.0990148
0
0
0
0
0
0.110432
0.0627456
0.0627456
0.0627456
0.0637577
0.0627456
0.0627456
0.0627456
0.0727393
0
0
0
0
0
0
0
0
0.0716115
0.0716115
0.0716115
0.0716115
0
0
0
0
0
0
0
0
0
0
0
0
0
0
0
0
0
0
0
0
0
0
0
0
0
0
0
0
0.0186016
0.0187581
0.0187581
0.0187581
0
0
0
0
0.0187581
0
0
0
0
0
0
0
0
0
0
0
0
0
0
0
0
0
0
0
0
0
0
0
0
0
0
0
0
0
0
0
0
0
0.0182788
0.0182788
0
0
0
0
0
0
0
0.0183866
0
0
0
0
0
0
0
0
0
0
0
0
0
0.0181578
0
0
0
0
0
0.0181818
0
0.0182544
0.0182544
0
0
0
0
0
0
0.0182696
0.0181698
0
0.018221
0
0
0.018221
0
0
0.0182362
0
0
0.0182362
0
0
0
0
0
0
0
0.377964
0.377964
0
0
0
0
0
0
0
0
0
0
0
0
0
0
0
0
0
0
0
0
0
0
0
0
0
0
0
0
0
0
0
0
0
0
0
0
0
0
0
0
0
0
0
0
0
0
0
0
0
0
0
0
0
0
0
0
0
0
0
0
0
0
0
0
0
0
0
0
0
0
0
0
0
0
0
0
0
0
0
0
0
0
0
0
0
0
0
0
0
0
0
0
0
0
0
0
0
0
0
0
0
0
0
0
0
0
0
0
0
0
0
0
0
0
0
0
0
0
0
0
0
0
0
0
0
0
0
0
0
0
0
0
0
0
0
0
0
0
0
0
0
0
0
0
0
0
0
0
0
0
0
0
0
0
0
0
0
0
0
0
0
0
0
0
0
0
0
0
0
0
0
0
0
0
0
0
0
0
0
0
0
0
0
0
0
0
0
0
0
0
0
0
0
0
0
0
0
0
0
0
0
0
0.0203489
0
0
0
0
0.015859
0.015859
0.015859
0.152499
0.152499
0.353553
0
0
0
0
0
0
0.154303
0.154303
0.015861
0.015861
0
0
0.015859
0.015859
0.015861
0.015861
0.015861
0.015861
0.015867
0
0
0
0.015867
0.0209888
0.0209888
0
0
0
0
0.0182788
0.0182788
0.0182788
0.0182971
0.0182788
0.0188646
0.0188646
0.0182788
0.0182788
0.0800641
