0
0
0
0
0
0
0
0
0
0
0
0
0
0
0
0
0
0
0
0
0
0
0
0
0
0
0
0
0
0
0
0
0
0
0.0510726
0.0510643
0.0510643
0.0510643
0.0510643
0.0510643
0.0510643
0.0510643
0.0510643
0.0510726
0.0510726
0
0
0
0
0
0.0561545
0.0561545
0
0
0
0
0
0
0
0
0
0
0
0
0
0
0
0
0
0
0
0
0
0
0
0
0
0
0
0
0
0
0
0
0.0527321
0.0527321
0
0.0527321
0
0.0802249
0.0539262
0.0529627
0
0.0599356
0
0.141421
0
0
0.0539556
0
0
0
0.0656002
0
0.0515368
0.0967868
0.0515368
0
0.0511477
0.0511561
0.0511561
0.0604951
0.0604951
0.0604951
0.0515283
0.0520403
0
0
0
0.0515368
0.0520491
0
0
0
0
0
0
0
0
0
0
0
0
0
0
0
0
0
0
0
0
0
0
0
0
0
0
0
0
0
0
0
0
0
0
0
0
0
0
0
0
0
0
0
0
0
0
0
0
0
0
0
0
0
0
0
0
0
0
0
0
0
0
0
0
0
0
0
0
0
0
0
0
0
0
0
0
0
0
0
0
0
0
0
0.0626071
0.0626071
0.0626071
0.0626071
0.0626071
0.0626071
0
0
0
0
0
0
0
0
0
0
0
0.0511477
0.0618688
0
0.0626378
0
0
0
0.0630723
0.059041
0.0757554
0.0638551
0.0586715
0.0587473
0.180702
0.062167
0.062167
0.0629161
0.0629161
0
0
0
0
0.0601793
0
0.0601793
0.0601793
0.0601793
0
0
0
0.0537312
0.0537506
0.0537409
0.0566365
0.0536442
0.0637901
0.0629161
0
0
0.0608018
0.0620621
0.0629161
0
0
0
0.0565233
0
0
0
0.056888
0
0
0
0
0
0
0
0
0.061444
0
0
0
0
0
0
0
0
0.056888
0
0
0
0
0
0
0
0.0604951
0.0605366
0
0.0774694
0.0775275
0
0
0
0
0
0
0
0
0
0
0
0.061444
0.061444
0
0
0
0
0
0
0
0
0
0
0
0
0
0
0
0
0
0.0515368
0
0.115278
0.0511561
0.0511561
0
0
0.059041
0.076277
0.0625764
0
0
0
0
0
0
0
0
0
0
0
0
0
0
0
0
0
0
0
0
0
0
0
0
0
0
0
0
0
0
0
0
0
0.0586588
0.0586588
0.0586588
0.0586588
0
0
0
0.0626993
0.0626685
0.0603847
0.0603847
0.0603847
0
0
0
0.0360873
0.0360873
0.0360873
0.0360873
0.0360873
0.0395826
0.0395826
0.0395826
0.0395826
0.0395826
0.0395826
0.0395826
0.0395826
0.0395826
0.0395826
0.037018
0.037018
0.037018
0.037018
0.037018
0.037018
0.037018
0.037018
0.037018
0.037018
0.037018
0.037018
0.037018
0.037018
0.037018
0
0
0
0
0
0
0
0
0
0
0
0
0
0
0
0
0
0
0
0
0
0
0
0
0
0
0
0
0
0
0
0
0
0
0
0
0
0
0
0
0
0
0.0571195
0.0571195
0.0571195
0.0571195
0.0571195
0.0575554
0.0575554
0.0575554
0
0
0
0
0
0
0
0
0
0
0
0
0
0
0
0
0
0
0
0
0
0
0
0
0
0
0
0
0
0
0
0
0
0
0
0
0
0
0
0
0
0
0
0
0
0
0
0
0
0
0
0
0
0
0
0
0
0
0.0362262
0.0589
0
0.0361728
0
0
0.0396214
0.0362173
0.0364875
0.0363276
0
0
0
0
0
0
0
0
0
0
0
0
0
0
0
0
0
0
0
0
0
0
0
0
0
0
0
0
0
0
0
0
0
0.0362084
0.0362084
0.0362084
0.0362084
0.0362084
0.0362084
0.0362084
0.0363486
0.0363486
0.0363486
0
0
0
0
0
0
0
0
0
0
0
0
0
0
0
0
0
0
0
0
0
0
0
0
0
0
0
0
0
0
0
0
0
0
0
0
0
0
0
0
0
0
0
0
0
0
0
0
0
0
0
0
0
0
0
0
0
0
0
0
0
0
0
0
0
0
0
0
0
0
0
0
0.0362262
0.0362262
0.0363516
0.0362262
0.0364239
0.0364239
0.0364239
0.0361817
0.0361817
0.0364269
0.0361817
0.0361817
0.0361817
0.0363847
0.0364269
0.0363847
0.0363847
0.0364269
0.0363847
0.0362262
0
0.0362262
0.0362262
0.0362589
0.0363516
0.0376588
0.0375459
0.0375459
0.039602
0
0
0
0
0
0.0363516
0
0
0.0363516
0.0363516
0.0363516
0.0363516
0.0362173
0.0362173
0.0362173
0.0362173
0.0362173
0.0362173
0.0363516
0.0362173
0
0
0
0
0
0
0
0
0
0
0
0
0
0
0
0
0
0
0
0
0
0
0
0
0
0
0
0
0
0
0
0
0
0
0
0
0
0
0
0
0
0
0
0
0
0
0
0
0
0
0
0
0
0
0
0
0
0
0
0
0
0
0
0
0
0
0
0
0
0
0
0
0
0
0
0
0
0
0.0363877
0.0363877
0
0
0.0363727
0.0363727
0.0363727
0.0363546
0.0363546
0.0363456
0.0568765
0.0568765
0
0.0581116
0.0581116
0.0364239
0.0364209
0
0
0
0
0.0364209
0.0364209
0.0364209
0.0364209
0.0364209
0.0364239
0.0364239
0
0
0
0
0
0
0
0.0364209
0.058173
0.0364209
0
0.0364209
0.0364239
0.0364239
0.0364239
0.0364209
0.0364209
0.0406474
0.0493714
0.060003
0.0509482
0
0
0.0365057
0
0
0
0
0
0
0.041213
0.0439216
0.0367576
0.0367576
0.0367856
0.0367576
0.0476123
0.0476123
0.0476123
0
0
0
0
0
0
0
0
0
0
0
0
0
0
0
0
0
0
0
0
0
0
0
0
0
0
0
0
0
0
0
0
0
0
0
0
0
0
0
0
0
0
0
0
0
0
0
0
0
0
0
0
0
0
0
0
0
0
0
0
0
0
0
0
0
0
0
0
0
0
0
0
0
0
0
0
0
0
0
0
0
0
0
0
0
0
0
0
0
0
0
0
0
0
0
0
0
0
0
0
0
0
0
0
0
0
0
0
0
0
0
0
0
0
0
0
0
0
0
0
0
0
0
0
0
0
0
0
0
0
0
0
0
0
0
0
0
0
0.0463428
0.0464301
0.0484929
0.0487298
0.0487298
0
0.048737
0.117141
0.17609
0
0.0550795
0.0568076
0.0587473
0.0563213
0
0
0
0
0
0
0
0
0
0
0
0
0
0
0
0
0
0
0
0
0
0
0
0
0
0
0
0
0
0
0
0
0
0
0
0
0
0
0
0
0
0
0
0
0
0
0
0
0
0
0
0
0
0
0
0
0
0
0
0
0
0
0
0
0
0
0
0
0
0
0
0
0
0
0
0
0
0
0
0
0
0
0
0
0
0
0
0.0431985
0.0377796
0.0377796
0.0364239
0.0362738
0.0510477
0.0510477
0.0377796
0.0377796
0.0631037
0.0377796
0.0377796
0
0.0363486
0.0363486
0.0522887
0
0
0
0
0
0
0
0
0
0
0
0
0
0
0
0
0
0
0
0
0
0
0
0
0
0
0.0384793
0.0376555
0.0470816
0
0
0
0.057699
0
0
0
0.0442104
0
0.0513496
0.03677
0
0.0438266
0.0387093
0
0
0.0576032
0
0
0.0372743
0
0
0
0
0.0364179
0
0.042305
0
0.0512064
0.0362977
0
0.0403814
0
0.0837341
0
0
0.0501649
0.0373489
0
0.0511477
0.0511477
0.0511477
0.0511477
0.0511477
0
0
0
0
0
0
0
0
0
0
0
0
0
0
0
0
0
0
0
0
0
0.0604951
0.0604951
0.0604951
0.0604951
0.0604951
0.0604951
0.0604951
0.0604951
0.0604951
0.0604951
0.0604951
0.0604951
0.0604951
0.0604951
0.0377796
0.0377796
0.0377796
0.0377796
0
0
0.0377796
0.0377796
0.0377796
0.0377796
0.0377796
0.0377796
0.0377796
0.0377796
0.0377796
0.0377796
0.0377796
0.0377796
0.0377796
0.0377796
0.0377796
0.0377796
0.0377796
0.0377796
0
0
0
0.0566479
0.0626531
0.0377796
0.0377796
0.0377796
0.0377796
0.0377796
0.0377796
0.0377796
0.0377796
0.0377796
0.0377796
0.0377796
0.0377796
0.0377796
0.0377796
0.0377796
0.0377796
0.0377796
0.0377796
0.0377796
0.0377796
0.0377796
0.0377796
0.0377796
0.0377796
0.0377796
0.0377796
0.0377796
0.0377796
0.0377796
0.0377796
0.0377796
0.0377796
0.0377796
0.0377796
0.0377796
0.0377796
0.0377796
0.0377796
0.0377796
0.0377796
0.0377796
0.0377796
0.0377796
0.0377796
0.0377796
0.0377796
0.0377796
0.0377796
0.0377796
0.0377796
0.0377796
0.0377796
0.0377796
0.0377796
0.0377796
0.0377796
0.0377796
0.0377796
0.0377796
0.0377796
0.0377796
0.0377796
0.0377796
0.0377796
0.0377796
0.0377796
0.0377796
0.0377796
0.0377796
0.0377796
0.0377796
0.0377796
0.0377796
0.0377796
0.0377796
0.0377796
0.0377796
0.0377796
0.0377796
0.0377796
0.0377796
0.0377796
0.0377796
0.0377796
0.0377796
0.0377796
0.0377796
0.0377796
0.0377796
0.0377796
0.0377796
0.0377796
0.0377796
0.0377796
0.0377796
0.0377796
0.0377796
0.0377796
0.0377796
0.0377796
0.0377796
0.0377796
0.0377796
0.0377796
0.0377796
0.0377796
0.0377796
0.0377796
0.0377796
0.0377796
0.0377796
0.0377796
0.0377796
0.0377796
0.0377796
0.0377796
0.0377796
0.0377796
0.0377796
0.0377796
0.0377796
0.0377796
0.0377796
0.0377796
0.0377796
0.0377796
0.0377796
0.0377796
0.0377796
0.0377796
0.0377796
0.0377796
0.0377796
0.0377796
0.0377796
0.0377796
0.0377796
0.0377796
0.0377796
0.0377796
0.0377796
0.0377796
0.0377796
0.0377796
0.0377796
0.0377796
0.0377796
0.0377796
0.0377796
0.0377796
0.0377796
0.0377796
0.0377796
0.0377796
0.0377796
0.0377796
0.0377796
0.0377796
0.0377796
0.0377796
0.0377796
0.0377796
0.0377796
0.0377796
0
0
0.0377796
0.0377796
0.0377796
0.0377796
0.0377796
0.0377796
0.0377796
0.0377796
0.0377796
0.0377796
0.0377796
0.0377796
0.0377796
0.0377796
0.0377796
0.0377796
0.0377796
0.0377796
0.0377796
0
0
0
0
0
0.0377796
0
0
0
0
0
0
0
0
0
0
0
0
0
0
0
0
0
0
0
0
0
0
0
0
0
0
0
0
0
0
0
0
0
0
0
0
0
0
0
0
0
0
0
0
0
0
0
0
0
0
0
0
0.0605366
0
0.0605366
0.0605366
0
0
0
0
0
0
0
0.0562655
0
0.0562655
0.0377796
0.0377796
0.0377796
0.0606618
0.0606618
0
0
0
0.0606618
0
0
0
0.0566706
0
0
0.0566706
0.0566706
0.0566706
0.0566706
0.0566706
0
0
0
0
0.0566706
0.0377796
0.0377796
0.0663906
0.0626531
0.0394017
0
0.0377796
0.0377796
0.0377796
0.0377796
0.0566479
0.0566479
0.0566479
0.0566479
0
0.0377796
0.0377796
0
0
0
0.0377796
0
0
0
0
0
0
0
0.0377796
0.0377796
0.0377796
0.0377796
0.0377796
0.0377796
0.0377796
0.0377796
0.0377796
0.0377796
0.0377796
0.0377796
0.0377796
0
0
0
0.0377796
0
0
0
0
0
0
0
0
0
0
0
0
0
0
0
0
0
0
0.0606618
0
0
0
0
0
0
0.0603847
0
0
0
0.0603847
0
0
0
0
0
0
0
0.0603847
0
0.0639203
0
0
0
0
0.0663358
0
0.0653197
0
0
0
0
0
0
0
0
0.0606618
0.0606618
0
0.0606618
0.0626993
0.0626993
0
0
0
0
0
0.0626993
0.062761
0
0
0
0
0
0
0
0
0
0
0
0
0
0
0
0
0
0
0
0
0
0
0
0
0
0
0
0
0
0
0
0
0
0
0
0
0
0
0
0
0
0
0
0
0
0
0
0
0
0.059041
0.059041
0.059041
0.0573893
0.0573893
0.0573893
0.0377796
0.0377796
0.0377796
0.0377796
0.0377796
0.0361079
0.0377796
0.0600706
0
0
0
0.0377796
0.0377796
0.0377796
0.0377796
0
0
0
0
0
0
0
0
0
0
0
0
0
0
0
0.0377796
0.0377796
0
0.0377796
0.0377796
0
0.0377796
0.0377796
0.0553955
0
0
0.0604812
0.0605783
0
0.0377796
0.0377796
0
0
0.0638714
0.0396565
0
0
0
0
0
0
0
0
0.0615457
0.0635802
0
0.0377796
0
0.0377796
0
0.057413
0.0377796
0
0
0
0
0
0
0
0
0
0
0.0608581
0.0610705
0
0.0596683
0
0.0377796
0.0596285
0.0596285
0.0596285
0.0597081
0
0
0
0
0
0
0
0
0
0
0
0
0
0
0
0
0
0
0
0
0
0
0
0
0
0
0
0
0
0
0
0
0
0
0
0
0
0
0
0
0
0
0
0
0
0
0
0
0
0
0
0
0
0
0
0
0
0
0
0
0
0
0
0
0
0
0
0
0
0
0
0
0
0
0
0
0
0
0
0
0
0
0
0
0
0
0
0
0
0
0
0
0
0
0
0
0
0
0
0
0
0
0.0566706
0.0377796
0
0
0
0.0377796
0.0629473
0.0377796
0.0600571
0.0377796
0
0.0377796
0.0601385
0.0601385
0.0601385
0
0.0603297
0.0377796
0
0.0377796
0
0
0
0
0
0.0566706
0.0566706
0
0.0566706
0.0566706
0.0566706
0.0566706
0.0566706
0.0566706
0.0566706
0.0566706
0
0
0
0
0.0566706
0
0
0.0377796
0.0377796
0
0.0377796
0
0
0
0
0
0
0
0
0.0377796
0.0377796
0.0377796
0.0377796
0
0
0
0
0
0.065813
0
0
0
0
0
0
0
0
0
0
0
0
0
0
0
0
0
0.0566706
0.0377796
0.0377796
0.0377796
0.0377796
0.0377796
0.0377796
0.0377796
0.0377796
0.0377796
0.0377796
0.0377796
0.0377796
0.0377796
0.0377796
0
0
0
0
0
0
0
0
0
0
0.0657418
0.0377796
0.0377796
0.0943858
0.0377796
0.100063
0
0
0
0
0
0
0.0826192
0.0826192
0.0826192
0
0.0574604
0.0869155
0.0869155
0.0869155
0
0
0
0
0.0869155
0.0869155
0.0869155
0.0869155
0.0869155
0.0889548
0
0.0768379
0.261488
0.0377796
0.083225
0.0843274
0.0843274
0
0
0
0
0
0
0.0377796
0.0377796
0.0377796
0.0377796
0.0377796
0.0377796
0.0377796
0.0377796
0.0377796
0.0377796
0
0.0377796
0
0.0377796
0.0377796
0.0377796
0.0377796
0.0377796
0
0.0377796
0.0377796
0.0377796
0.0377796
0.0377796
0
0
0
0
0.0377796
0
0.0377796
0.0613283
0.0613283
0
0
0.0613283
0
0
0
0
0
0
0
0
0
0.0609852
0.0609852
0.0609852
0.0611132
0.0604951
0
0
0.0604951
0.0604951
0
0
0
0
0
0
0
0
0
0
0
0
0.0377796
0
0
0
0
0
0
0
0
0
0
0
0
0
0
0
0
0
0
0
0
0
0
0
0
0
0
0
0
0
0
0
0
0
0
0
0
0
0
0
0
0
0
0
0
0
0
0
0
0
0
0
0
0
0
0
0
0
0
0
0
0
0
0
0
0
0.0377796
0.0377796
0.0377796
0.0377796
0.0377796
0
0
0
0
0
0
0
0
0
0
0
0
0
0
0
0
0
0
0
0.0591312
0.0591312
0.0606061
0.0592479
0.0603709
0.0603709
0
0.106904
0
0
0
0.116941
0
0.116941
0.0637739
0.065956
0
0
0
0
0
0
0
0
0
0
0
0
0
0
0
0
0
0
0
0
0
0
0
0
0
0
0
0
0
0
0
0
0
0
0.0607317
0.0631666
0.062167
0.258199
0.258199
0
0.259281
0
0.259281
0.259281
0.0622121
0
0.0377796
0.0377796
0.0377796
0.0377796
0.0377796
0.057496
0.0644491
0.065956
0.065956
0.065956
0.065956
0.065956
0.0377796
0.0377796
0.0377796
0.0377796
0
0
0
0
0
0
0
0
0
0
0
0
0.0377796
0.0999376
0.0566706
0.0566706
0.0566706
0.0566706
0.0566706
0.0566706
0.0566706
0.0566706
0.0566706
0.0566706
0.0566706
0.0566706
0
0
0
0
0.0566706
0
0.0566706
0.0566706
0.0566706
0.0566706
0
0
0
0
0
0
0
0
0
0
0
0
0
0
0
0
0
0
0
0
0
0
0
0
0
0
0.0377796
0.0377796
0.0377796
0.0377796
0.0377796
0.0377796
0.0377796
0.0377796
0.0377796
0.0377796
0.0377796
0.0377796
0.0377796
0.0592089
0.0599491
0.0763882
0.0763882
0.076612
0.076612
0.136558
0.0789953
0
0
0
0
0.0789953
0.0660278
0.0660278
0.0660278
0.0660278
0.0660278
0
0
0
0.0660278
0.073746
0.0394132
0
0.0605505
0.0605505
0
0.0617213
0
0
0
0
0
0
0
0.108947
0.108947
0
0.108947
0.0601113
0.0601113
0.117141
0.0606339
0
0
0
0
0
0
0
0.0394132
0
0.0394132
0.0394132
0.0394132
0
0.0394132
0.0394132
0
0
0
0
0
0
0
0
0.123443
0.123443
0.124035
0.123678
0.062885
0.062885
0
0.062885
0.062885
0.062885
0.062885
0
0
0
0
0
0
0
0
0
0
0
0
0
0
0
0
0
0
0
0
0
0
0
0
0
0
0
0
0
0
0
0
0
0
0
0
0
0
0
0
0
0
0
0
0.0377796
0.0377796
0
0.03944
0.0377796
0.0377796
0.0377796
0.0377796
0.0377796
0.0377796
0.0391143
0.0391143
0
0.0377796
0.0377796
0.113868
0.0377796
0.0614875
0.0377796
0
0.0377796
0.0377796
0.0377796
0
0
0
0
0
0.0377796
0
0
0
0
0.0377796
0
0.0377796
0.0377796
0.0377796
0.0377796
0
0.0377796
0.0377796
0.0377796
0.0377796
0.0377796
0.0377796
0.0377796
0.0377796
0.118574
0.0377796
0.0566706
0.0566706
0.0566706
0.0566706
0.0566706
0.0576032
0.0576032
0.0566706
0
0.0377796
0.0377796
0.0377796
0.0377796
0
0
0
0
0
0
0
0
0.06003
0.0684988
0.0600706
0.065407
0.0600706
0.0599625
0.0599625
0
0
0
0
0
0
0
0
0
0
0
0
0
0
0
0
0
0
0
0.0361108
0
0
0
0
0
0
0
0.0394208
0.0394208
0.0394208
0
0
0
0
0
0
0
0
0
0
0
0
0
0.0394132
0
0
0
0
0
0.0377796
0.0377796
0.0377796
0.0397936
0.0377796
0.0377796
0
0.0377796
0.0377796
0.0377796
0.0377796
0.0377796
0
0
0
0
0.0605089
0.0377796
0
0.0377796
0
0
0
0.0377796
0.0377796
0
0
0
0
0.0377796
0.0377796
0.0377796
0.0377796
0.0377796
0.0377796
0.0377796
0.260378
0
0.260378
0.260378
0
0.27735
0.27735
0.27735
0
0
0
0
0
0
0
0
0
0
0
0
0
0
0
0.287183
0.0633565
0.0633565
0.0633565
0.063904
0.063904
0.063904
0.063904
0
0
0
0.0639529
0.0639529
0.0639529
0.0634043
0.0633089
0
0.0633089
0.0633089
0
0.0633565
0.0637739
0.0637739
0.0637739
0.0637739
0
0.0637739
0.0637739
0.0637739
0.0644826
0.0644826
0.0644826
0.0644826
0.0644826
0.0637739
0
0
0
0
0
0.0566706
0.0566706
0.0566706
0.0566706
0.0566706
0.0566706
0
0
0
0
0
0
0
0
0
0.0377796
0.0377796
0.0377796
0.0377796
0.0377796
0.0377796
0.0377796
0.0377796
0.0394208
0.0394208
0
0.0394208
0.0377796
0.0377796
0
0
0.0637577
0
0
0
0
0
0
0.0377796
0.0377796
0.06003
0.0377796
0.0377796
0.0377796
0.0397504
0.0377796
0.0377796
0.0377796
0
0
0.0377796
0.0377796
0.0377796
0.0377796
0.0377796
0.0377796
0.0377796
0.0377796
0.065956
0.0659919
0
0
0
0.0377796
0.0600435
0
0.0566706
0.0566706
0.11847
0.0626839
0.0626839
0.0853579
0.0853579
0.0606339
0.0377796
0.0377796
0.0377796
0.0377796
0
0
0
0
0
0
0
0
0
0
0
0
0
0
0
0
0
0
0
0
0
0
0
0
0
0
0
0
0
0
0
0
0
0
0
0
0
0
0
0
0
0
0
0
0
0
0
0
0
0
0
0
0
0
0
0
0
0
0
0
0
0
0
0
0
0
0
0
0
0
0
0
0
0
0
0
0
0
0
0
0
0
0
0
0
0
0
0.0377796
0.0377796
0.0377796
0.0377796
0.0377796
0.0377796
0.0377796
0.0377796
0.0377796
0.0377796
0.0377796
0.0377796
0.0377796
0.0377796
0.0377796
0.0377796
0.0377796
0.0377796
0.0377796
0.0377796
0.0377796
0.0377796
0.0377796
0.0377796
0.0377796
0.0377796
0.0377796
0.0377796
0.0377796
0.0377796
0.0377796
0.0377796
0.0377796
0.0377796
0.0377796
0.0377796
0.0377796
0.0377796
0.0377796
0.0377796
0.0377796
0.0377796
0.0377796
0.0377796
0.0377796
0.0377796
0.0377796
0.0377796
0.0377796
0.0377796
0.0377796
0.0377796
0.0377796
0.0377796
0.0377796
0.0377796
0.0377796
0.0377796
0.0377796
0.0377796
0.0616773
0
0
0
0
0
0
0
0
0
0
0
0
0
0
0
0
0
0
0
0
0
0
0
0
0
0
0
0
0
0
0
0
0
0
0
0
0
0
0
0
0
0
0
0
0.0628384
0.0628384
0.0628384
0.0628384
0.0628384
0
0
0
0
0
0
0
0
0
0
0
0
0
0
0.0597348
0.0597348
0
0.0597614
0.0597614
0
0
0
0
0
0
0
0
0
0
0
0
0
0
0
0
0
0
0
0
0
0
0
0
0
0
0
0
0
0
0
0
0
0
0
0
0
0
0
0
0
0
0.0581607
0
0
0
0
0
0
0
0
0
0
0
0
0
0
0
0
0
0
0
0
0
0
0
0
0
0
0
0
0
0
0
0
0
0
0
0
0
0
0
0
0
0
0
0
0
0
0
0
0
0
0
0
0
0
0
0
0
0
0
0
0
0
0
0
0
0
0
0
0
0
0
0
0
0
0
0
0
0
0
0
0
0.0584082
0.0584082
0.0584082
0.0584082
0.0584082
0.0584082
0.0584082
0.0584082
0.0584082
0
0
0
0.0584082
0
0
0
0
0
0
0
0
0
0
0
0
0
0
0
0
0
0
0
0
0
0
0
0
0
0
0
0
0
0
0.0589896
0.0589896
0.0589896
0
0
0
0
0
0.0589896
0.0589896
0.0589896
0
0.0589896
0
0
0
0
0
0
0
0
0
0
0
0
0
0
0
0
0
0
0
0
0
0
0
0
0
0
0
0
0
0
0
0
0
0
0
0
0
0
0
0
0
0
0
0
0
0
0
0
0
0
0
0
0
0
0
0
0
0
0
0
0
0
0
0
0
0
0
0
0
0
0
0
0
0
0
0
0
0
0
0
0
0
0
0
0
0
0
0
0
0
0
0.0377796
0.0377796
0
0
0
0
0
0.062761
0
0
0
0
0
0
0
0
0.0377796
0.0377796
0
0
0
0.0377796
0.0377796
0.0566706
0
0
0
0
0
0
0
0.0377796
0.0377796
0.0377796
0
0.0590796
0
0
0
0
0
0
0
0
0
0
0
0
0
0
0
0
0
0
0
0
0
0
0
0
0.0566706
0
0.0769231
0.0769231
0.0769231
0.0769231
0.0769231
0
0
0
0
0
0
0.0377796
0.0377796
0
0
0
0
0
0
0
0.0377796
0.0377796
0
0
0
0
0
0
0
0
0
0
0
0
0.0377796
0.0377796
0
0
0
0.059041
0.059041
0.059041
0
0
0
0
0
0.0377796
0.0377796
0.0377796
0
0
0
0
0
0
0
0
0
0.0566706
0.0377796
0.0377796
0
0
0
0
0
0
0
0
0
0
0
0.0377796
0.0377796
0
0
0.0662266
0
0.0377796
0.0377796
0.0377796
0.0377796
0.0377796
0.0377796
0.0377796
0.0377796
0.0377796
0.0377796
0.0377796
0.0377796
0
0
0
0
0.0377796
0.062167
0.0377796
0.0377796
0.0377796
0.0377796
0
0.0377796
0.0377796
0.0655298
0.0655298
0.0655298
0.0655298
0.0655298
0.0377796
0
0.0377796
0
0
0
0
0
0.0377796
0.0377796
0.0377796
0.0377796
0.0377796
0
0
0.0377796
0.039676
0.0377796
0.0673626
0.0673626
0
0.0673817
0
0
0.0377796
0.0377796
0.0377796
0.0377796
0.0377796
0.0377796
0.0377796
0.0377796
0
0.0377796
0.0377796
0
0.0377796
0
0
0
0.0377796
0.0377796
0
0.0377796
0.0377796
0.0617655
0.0617655
0
0.0377796
0.0377796
0.0377796
0.0377796
0.0377796
0.0377796
0.0361079
0
0.0377796
0.0662266
0
0
0
0
0
0
0
0
0
0
0
0
0
0
0
0
0
0
0
0
0
0
0
0
0
0
0
0
0
0
0
0
0
0
0
0
0
0
0
0
0
0
0
0
0
0
0
0
0
0
0
0
0
0
0
0
0
0
0
0
0
0
0
0
0
0
0
0
0
0
0
0
0
0
0
0
0
0
0
0
0
0
0
0
0
0
0
0
0
0
0
0
0
0
0
0
0
0
0
0
0
0
0
0
0
0
0
0
0
0
0
0
0
0
0
0
0
0
0
0
0
0
0.0377796
0.0377796
0
0
0
0
0
0
0
0
0
0
0.0377796
0.0377796
0
0
0
0.0377796
0.0377796
0.0377796
0.0377796
0.0377796
0.0377796
0.0377796
0.0377796
0
0.0377796
0.0377796
0.0377796
0.0377796
0
0.0377796
0.0377796
0.0377796
0.0377796
0
0.0377796
0.0377796
0.0377796
0.0377796
0
0
0
0
0.0377796
0.0377796
0.0377796
0.0377796
0.0377796
0.0377796
0.0377796
0.0377796
0.0377796
0.0377796
0.0377796
0
0
0
0
0
0
0
0
0
0
0.0377796
0.0377796
0
0
0
0
0.0377796
0.0377796
0.0377796
0.0377796
0.0377796
0.0377796
0.0377796
0.0377796
0.0377796
0.0377796
0.0377796
0.0377796
0.0672103
0.0672103
0.0672103
0.0672103
0
0
0.0377796
0.0377796
0.0377796
0.0377796
0.0672103
0.0672103
0.0672103
0
0
0
0.0668153
0.0668153
0.0672103
0.0672103
0
0
0
0
0
0
0
0
0
0
0
0
0
0
0
0.0377796
0
0
0
0
0
0
0
0
0
0.0511561
0.0511561
0.0511561
0.0511561
0.0511561
0.0511561
0.0511561
0.0515283
0
0.0515283
0.0515283
0.0515283
0.0515283
0
0.0511561
0.0511561
0.0511561
0.0511561
0.0511561
0.0511561
0.0511561
0
0.0511561
0.051198
0.0511561
0.0515368
0.0515368
0
0
0
0
0
0.0515368
0.0515368
0
0
0
0
0
0
0.0588745
0
0
0
0
0
0.0588745
0
0
0.0626071
0
0
0
0
0
0
0
0
0
0
0
0.0626071
0
0
0
0
0
0
0
0.0626071
0.0626071
0.0626071
0
0
0
0
0
0
0
0
0
0
0
0
0
0
0
0
0
0
0
0
0
0
0
0
0
0
0
0
0
0
0
0
0
0
0
0
0
0
0
0
0
0
0
0
0
0
0
0.062167
0.062167
0.062167
0.062167
0
0
0
0
0
0
0
0
0
0
0
0.0629161
0.0629161
0.0629161
0.0629161
0
0
0
0
0
0
0
0
0
0
0
0
0
0
0
0
0
0
0
0
0
0
0
0
0
0
0
0
0
0
0
0
0
0
0
0
0
0
0
0
0
0
0
0
0
0
0
0
0
0
0
0
0
0
0
0
0
0
0
0.0561545
0.0561545
0.0561545
0.0561545
0
0
0
0
0
0
0
0
0
0
0
0
0
0
0
0
0
0
0
0
0
0
0
0
0
0
0
0
0
0
0
0
0
0
0
0
0
0
0
0
0
0
0
0
0
0
0
0
0
0
0
0
0
0
0
0
0
0
0
0
0
0
0
0
0
0
0
0
0
0
0
0
0
0.061444
0.0540738
0
0
0.0362173
0.0362173
0.0362173
0
0
0
0.0364269
0.0361817
0.0361817
0.0361817
0.0361817
0.0363216
0.0363246
0
0
0
0
0
0
0
0
0
0
0.0363186
0.0363186
0.0363186
0.0386154
0.0364875
0.0664639
0.0664639
0.0664639
0.0664639
0
0.0363516
0.0363516
0.0363516
0
0.0363516
0
0
0
0
0
0
0
0
0
0
0
0
0
0
0
0
0
0
0
0
0
0
0
0
0
0
0
0
0
0
0
0
0
0
0
0
0
0
0
0
0
0
0
0
0.0364239
0
0
0
0
0
0
0
0
0
0.0509482
0.0509482
0.0509482
0.0509482
0.0509482
0.0509482
0.0509482
0.0509482
0
0.0509482
0.0509482
0
0.0509482
0.0509482
0
0.0509482
0
0
0
0
0
0
0
0.0362173
0.0362173
0
0.0362173
0.0362173
0.0578436
0.0578436
0
0.0578436
0.0578436
0.0364693
0
0
0
0
0
0
0
0
0
0
0
0
0
0
0
0
0
0
0
0
0.0360785
0.0360785
0
0
0
0
0
0
0
0
0
0
0
0
0
0
0
0
0
0
0
0
0
0
0
0
0
0
0
0
0
0
0
0
0
0
0
0
0
0
0
0
0
0
0
0
0
0
0
0
0
0
0
0
0
0
0
0
0
0
0
0
0
0
0
0
0
0
0
0
0
0
0
0
0
0
0
0
0
0
0
0
0
0
0
0
0
0
0
0
0
0
0
0
0
0
0
0
0
0
0
0
0
0
0
0
0
0
0
0
0
0
0
0
0
0
0
0
0
0
0
0
0
0
0
0
0
0
0
0
0
0
0
0
0
0
0
0
0
0
0
0
0
0
0
0
0
0
0
0
0
0
0
0.0360785
0
0
0.0360785
0.0360785
0.0360785
0.0360785
0.0360785
0
0
0.0360785
0.0360785
0
0
0
0
0
0
0
0
0
0
0
0
0.0363246
0.0363246
0.0360785
0.0360785
0.0360785
0.0360785
0.0360785
0.0360785
0.0360785
0.0360785
0.0360785
0.0360785
0.0360785
0.0360785
0.0360785
0.0360785
0.0360785
0.0360785
0.0360785
0.0360785
0.0360785
0.0360785
0.0360785
0.0360785
0
0
0
0.0360785
0.0360785
0.0360785
0.0360785
0.0360785
0.0360785
0.0360785
0.0360785
0.0360785
0.0361167
0.0361167
0.0361167
0.0361226
0.0361226
0.0361167
0.0361167
0.0361226
0.0363666
0
0
0
0.0361167
0.039227
0
0
0
0
0.0361167
0
0.0361167
0
0.0361167
0.0361167
0.0361167
0.0361167
0.0361167
0.0537409
0.0361167
0.0361167
0
0
0.0387383
0.0387383
0.0387456
0.0387456
0.0387383
0.0387383
0
0
0.0387056
0.0387056
0.0387056
0.0387056
0.0387056
0.0387056
0
0
0
0
0
0.0387347
0.0387056
0.0387056
0.0387056
0.0387056
0.0387056
0
0
0.0387056
0.0387056
0.0387056
0.0387893
0.0387893
0.0387056
0.0387056
0
0.0387056
0
0.0387056
0.0387056
0.0387056
0
0.0387056
0.0387056
0
0
0
0.0387056
0.0387056
0.0387056
0.0387056
0.0387056
0.0387056
0.0387056
0.0387056
0.0387056
0.0387056
0.0387056
0.0387056
0.0387893
0.0387893
0.0387893
0
0.0387893
0.0387056
0.0387056
0.0387056
0.0387056
0
0.0387056
0.0387056
0
0
0
0
0
0
0
0
0
0
0
0
0
0
0
0
0
0
0
0
0
0
0
0
0
0
0
0
0
0
0
0
0
0
0
0
0
0
0
0
0
0
0
0
0
0
0
0
0
0
0
0
0
0
0
0
0
0
0
0
0
0
0
0
0
0
0
0
0
0
0
0
0
0
0
0
0
0
0
0
0
0
0
0
0
0
0
0
0
0
0
0
0
0
0
0
0
0
0
0
0
0
0
0
0
0
0
0
0
0
0
0
0
0
0
0
0
0
0
0
0
0
0
0
0
0
0
0
0
0
0
0
0
0
0
0
0
0
0
0
0
0
0
0
0
0
0
0
0
0
0
0.0378336
0.03901
0
0
0
0
0
0
0
0
0
0.0404888
0
0
0
0
0
0
0
0
0
0
0
0
0
0
0
0
0
0
0
0
0
0
0
0
0
0
0
0
0
0
0
0
0
0
0
0
0
0
0
0
0
0
0
0.037783
0.037783
0.037783
0
0
0
0
0
0
0
0
0
0
0
0
0
0
0
0
0
0
0
0
0
0
0
0
0
0
0
0
0
0
0
0
0.0566479
0.0566479
0.0566479
0
0
0
0
0
0
0
0
0
0
0
0
0
0
0
0
0
0
0
0
0
0
0
0
0
0
0
0
0
0
0
0
0
0
0
0
0
0
0
0
0
0
0
0
0
0
0
0
0
0
0
0
0
0
0
0
0
0
0
0
0
0
0
0
0
0
0
0
0
0
0
0
0
0
0
0
0
0
0
0
0
0
0
0
0
0
0
0
0
0
0.0363907
0
0
0
0
0
0
0
0
0
0
0
0
0
0
0
0
0
0
0
0
0
0
0
0
0
0
0
0
0
0
0
0
0
0
0
0
0
0
0
0
0
0
0
0
0.0364269
0.0364269
0.0364269
0
0
0
0
0
0
0
0.0360785
0.0360785
0
0
0
0
0
0
0.0363636
0.0363636
0.0363636
0.0363486
0
0
0
0
0.0363907
0.0363907
0.0363907
0
0
0.0383694
0.0383694
0
0
0
0.0363907
0.0363907
0
0.0361138
0
0
0
0
0
0
0
0
0
0
0
0
0
0
0
0.0366864
0
0.0363817
0
0
0
0
0
0
0
0
0
0
0
0
0
0
0
0
0
0
0
0
0
0
0
0
0
0
0
0
0
0
0
0
0
0.0684386
0
0
0
0
0
0
0
0
0
0
0
0
0
0
0
0
0
0
0
0
0
0
0
0
0
0
0
0
0
0
0
0
0
0
0
0
0
0
0
0
0
0
0
0
0
0
0.0360785
0.0360785
0.0360785
0.0360785
0
0
0
0
0
0
0
0
0
0
0
0
0.0360785
0.0360785
0.0360785
0.0360785
0.0360785
0
0
0
0
0
0
0
0
0
0
0
0
0
0
0
0
0
0
0
0
0
0
0
0
0
0
0
0
0
0
0
0
0
0
0
0
0
0
0
0
0
0
0
0
0
0
0
0
0
0
0
0
0
0
0
0
0
0
0
0
0
0
0
0
0
0
0
0
0
0
0
0
0
0
0
0
0
0
0
0
0
0
0
0
0
0
0
0
0
0
0
0
0
0
0
0
0
0
0
0
0
0
0
0
0
0
0
0
0
0
0
0
0
0
0
0
0
0
0
0
0
0
0
0
0
0
0
0
0
0
0
0
0
0
0
0
0
0
0
0
0
0
0
0
0
0
0
0
0
0
0
0
0
0
0
0
0
0
0
0
0
0
0
0
0
0
0
0
0
0
0
0
0
0
0
0
0
0
0
0
0
0
0
0
0
0
0
0
0
0
0
0
0
0
0
0
0
0
0
0
0
0
0
0
0
0
0
0
0
0
0
0
0
0
0
0
0
0
0
0
0
0
0
0
0
0
0
0
0
0
0
0
0
0
0
0
0
0
0
0
0
0
0
0
0
0
0
0
0
0
0
0
0
0
0
0
0
0
0
0
0
0
0
0
0
0
0
0
0
0
0
0
0
0
0
0
0
0
0
0
0
0
0
0
0
0
0
0
0
0
0
0
0
0
0
0
0
0
0
0
0
0
0
0
0
0
0
0
0
0
0
0
0
0
0
0
0
0
0
0
0
0
0
0
0
0
0
0
0
0
0
0
0
0
0
0
0
0
0
0
0
0
0
0
0
0
0
0
0
0
0
0
0
0
0
0
0
0
0
0
0
0
0
0
0
0
0
0
0
0
0
0
0
0
0
0
0
0
0
0
0
0
0
0
0
0
0
0
0
0
0
0
0
0
0
0
0
0
0
0
0
0
0
0
0
0
0
0
0
0
0
0
0
0
0
0
0
0
0
0
0
0
0
0
0
0
0
0
0
0
0
0
0
0
0
0
0
0
0
0
0
0
0
0
0
0
0
0
0
0
0
0
0
0
0
0
0
0
0
0
0
0
0
0
0
0
0
0
0
0
0
0
0
0
0
0
0
0
0
0
0
0
0
0
0
0
0
0
0
0
0
0
0
0
0
0
0
0
0
0
0
0
0
0
0
0
0
0
0
0
0.0566706
0.0566706
0.0566706
0.0566706
0.0566706
0.0566706
0.0566706
0.0566706
0.0566706
0.0566706
0
0
0
0
0
0.0566706
0.0566706
0.0566706
0.0566706
0.0566706
0.0566706
0.0566706
0.0566706
0
0.0566706
0.0566706
0.0566706
0.0566706
0.0566706
0.0566706
0.0566706
0.0566706
0.0566706
0.0566706
0.0566706
0.0566706
0.0566706
0
0
0
0
0
0
0
0
0
0
0
0
0
0
0
0
0
0
0
0
0
0
0
0
0
0
0
0
0
0
0
0.0566706
0.0566706
0.0566706
0.0566706
0.0795557
0.0795557
0.0570846
0.0570846
0.0595491
0.0595491
0
0
0
0
0
0
0
0
0.0942809
0.0942809
0
0
0
0
0
0
0
0
0
0.173749
0.173749
0
0
0
0
0
0
0
0
0
0
0
0
0
0
0
0
0
0.0581484
0.0581484
0.0645161
0
0
0.0644826
0.0644826
0
0.0566706
0.0566706
0.0566706
0.0644994
0.0644994
0.0660278
0.0644994
0.0566706
0
0
0
0
0
0.0795557
0.0795557
0.0795557
0.0795557
0.0795557
0.0795557
0.0795557
0.0795557
0.0580259
0.0580259
0.0724286
0.0724286
0.0724286
0.0724286
0
0.0724286
0.0724286
0
0
0
0.060316
0.060316
0.060316
0.060316
0.060316
0.0580259
0.060316
0.060316
0.060316
0.060316
0
0.060316
0
0.0607737
0
0
0
0
0
0
0
0.0607737
0.0645161
0.0645161
0.0645161
0.0645161
0.0599491
0.0599491
0.0599491
0.0599491
0.0599491
0.0611132
0
0.0604536
0.0570846
0.0570846
0.0570846
0.0570846
0.0743551
0.0743551
0.0743551
0.0573775
0.0573775
0.0575078
0.0575078
0.0575078
0.0575078
0.0575554
0.0575554
0
0.0573775
0.0573775
0
0
0
0
0
0
0
0
0
0
0
0
0
0
0
0
0
0
0
0
0
0
0
0
0
0
0
0
0
0
0
0
0
0
0
0
0
0
0
0
0
0
0
0
0
0
0
0
0
0
0
0
0
0
0
0
0
0
0
0
0
0
0
0.0942809
0.0942809
0.0942809
0.0942809
0.0942809
0.0999376
0.0999376
0.0999376
0.0999376
0.0999376
0
0.0942809
0.0942809
0.0942809
0.0942809
0.0942809
0.0942809
0.0951842
0
0
0
0
0
0
0
0
0
0
0
0
0
0
0
0
0
0
0
0
0
0
0
0
0
0
0
0
0.0999376
0.0999376
0.0999376
0
0
0
0
0
0
0
0
0
0
0
0
0.103765
0.0999376
0.100759
0
0
0
0
0
0
0
0
0
0
0
0
0
0
0
0
0
0
0
0
0
0
0
0
0
0
0
0
0
0
0
0
0
0
0
0
0
0
0
0
0
0
0
0
0
0
0
0
0
0
0
0
0
0
0
0
0
0
0.0570382
0.0570382
0.0570382
0
0
0
0
0
0
0
0.0595491
0.0595491
0.0595491
0.0595491
0.0595491
0
0
0
0
0
0
0
0
0
0
0
0
0
0.0594833
0.0594833
0.0594833
0.0594833
0
0.0594833
0.0595491
0.0595491
0.0595491
0.0602886
0.0602886
0.0602886
0
0.0602886
0
0
0
0
0
0
0
0
0
0
0
0
0
0
0
0
0
0
0
0
0
0
0
0
0
0
0
0
0
0
0
0
0
0
0
0
0
0
0
0
0
0
0
0
0
0
0
0
0
0.0574841
0.0574841
0
0.0575197
0.0581976
0.0566706
0.0566706
0.0566706
0.0566706
0.0566706
0.0566706
0.0566706
0.0566706
0.0566706
0.0566706
0.0566706
0.0566706
0.0566706
0.0566706
0
0
0
0.0566706
0.0566706
0.0566706
0.0566706
0.0566706
0.0566706
0.0566706
0.0566706
0
0.0566706
0.0566706
0.0566706
0.0566706
0.0566706
0.0566706
0.0566706
0.0566706
0.0566706
0.0566706
0.0566706
0.0566706
0.0566706
0.0545139
0.0545139
0.0545139
0.0545139
0.0545139
0.0545139
0
0.0545139
0.0545139
0
0
0
0
0.0545139
0.0545139
0.0545139
0.0545139
0.0545139
0.0545139
0
0.0545139
0.0545139
0.0545139
0.0545139
0.0547073
0.0547073
0.0547073
0.0547176
0.0547073
0.0545139
0.0545139
0.0545139
0.0555448
0.0545139
0
0
0
0
0
0
0
0
0
0
0
0
0
0
0
0
0
0
0
0
0
0
0
0
0
0
0
0
0
0
0
0
0
0
0
0
0
0
0
0
0
0
0
0
0
0
0
0
0
0
0
0
0
0
0
0.0362977
0.0362977
0.0362977
0
0
0
0
0
0
0.0362977
0
0
0
0.0362947
0.0362947
0.0362947
0.0362947
0.0362947
0.0362947
0
0.0362947
0.0362947
0.0362947
0.0362947
0
0
0
0
0
0
0
0
0
0
0
0
0
0
0
0
0
0.0363636
0
0
0.0362977
0.0362977
0
0.0362977
0.0362977
0
0
0.0362947
0.0540442
0.0364784
0.0364784
0
0
0
0
0
0
0
0
0
0
0
0
0
0
0
0
0
0
0
0
0
0
0
0
0
0
0
0
0
0
0
0
0
0
0
0
0
0
0
0
0
0
0
0
0
0
0
0
0
0
0
0
0
0
0.0362977
0
0
0
0
0
0.0362977
0.0362977
0
0
0
0
0
0
0
0
0
0
0
0
0
0
0
0
0
0
0
0
0
0
0
0
0
0
0
0
0
0
0
0.0362977
0.0362977
0.0362977
0.0362977
0
0
0
0
0
0
0
0
0
0
0
0
0
0
0
0
0
0
0
0
0
0
0
0
0
0
0
0
0
0
0
0
0
0
0
0
0
0
0
0
0
0
0
0
0
0
0
0
0
0
0
0
0
0
0
0
0
0
0
0
0
0
0
0
0
0
0
0
0
0
0
0
0
0
0.0360785
0.0360785
0.0360785
0.0360785
0.0360785
0.0360756
0.0360756
0.0360756
0.0360756
0.0360756
0.0360756
0.0360785
0.0360785
0.0360785
0.0360785
0
0
0
0
0
0
0
0
0
0
0
0
0
0
0
0
0
0.0561545
0.0561545
0.0561545
0.0561545
0.0561545
0.0561545
0.0561545
0.0561545
0.0561545
0
0
0
0
0
0
0
0
0
0
0
0
0
0
0
0
0
0
0
0
0
0
0
0
0
0
0
0
0
0
0
0
0
0
0
0
0
0
0
0
0
0
0
0
0
0
0
0
0
0
0
0
0
0
0
0
0
0
0
0
0
0
0
0
0
0
0
0
0
0
0
0
0
0
0
0
0
0
0
0
0
0
0
0
0
0
0
0
0
0.0575912
0.0575912
0.0575912
0.0575912
0
0
0
0
0
0
0
0.0575912
0.0575912
0.0575912
0.0575912
0.112687
0.0575912
0
0
0
0
0
0
0
0
0.0438266
0.0403157
0.0438266
0.0438266
0.0438266
0.0438266
0.0438266
0.0438266
0.057496
0.0444006
0.0438266
0.0438266
0.0438266
0.0403157
0.0403157
0.0403157
0.0403157
0.0403157
0.0403157
0.0403157
0.0566706
0.0566706
0.0566706
0.0566706
0.0566706
0.0566706
0.0566706
0.0403157
0
0
0.0502044
0.0409788
0
0
0
0
0.0566593
0.0566593
0.0414158
0.0407697
0.0407697
0.0407697
0.0407697
0.0407697
0.0407697
0.0655826
0.0655826
0.0655826
0.0655826
0.057213
0.0853191
0.0419268
0.0419268
0.0423097
0.0459315
0.0498445
0.0540738
0
0
0
0.0412218
0.0412218
0.0585331
0.0412262
0
0.0412262
0.0502044
0
0
0
0
0
0.040996
0.040996
0.0566706
0
0.0576151
0.0576151
0.0576151
0.0576151
0.0576151
0.0576151
0.0576151
0.0576271
0.0576271
0.0576151
0.0576151
0.0576151
0.0576151
0.0576151
0.0576151
0.0576151
0.0576151
0.0576151
0.0576151
0.0576151
0.0576151
0.0576151
0.0576151
0
0
0.0576151
0.0576151
0.0576151
0.0576151
0.0588872
0.0588872
0.0588872
0.0588872
0.0604398
0.0604398
0.0588872
0.0588872
0.0588872
0.0588872
0
0
0
0
0
0.0588872
0.0589896
0
0.0589896
0.0592479
0.0591571
0.0591571
0.059183
0.0591571
0.0591571
0
0.0591571
0
0.0607737
0.0607737
0.0716115
0.060844
0.060844
0.0606478
0.0607737
0.0607737
0.0873288
0.0607737
0.0628384
0.0628384
0.0628384
0.0628384
0.0628695
0.0628384
0.0628384
0.0628384
0.0588872
0.0598149
0.0598149
0.0613428
0.0616041
0.0616041
0.0616041
0
0
0.062092
0.117749
0.0598149
0.0391931
0.0392044
0.058964
0.058964
0.058964
0.058964
0.058964
0.058964
0.058964
0.058964
0.058964
0.058964
0.058964
0.058964
0.058964
0.058964
0.058964
0.058964
0.058964
0.0772091
0.0772091
0
0
0.0361108
0.0361108
0.0361108
0.0361108
0.0361108
0.0361108
0.0361108
0.0361108
0.0361108
0.0361108
0.0361108
0.0361108
0.0361108
0.0361108
0.0361108
0.0361108
0.0361108
0.0361108
0.0361108
0.0361108
0.0361108
0.0361108
0.0361108
0.0361108
0.0361108
0.0361108
0.0361108
0.0361108
0.0361108
0.0361108
0.0361108
0
0
0.058964
0.058964
0.058964
0.058964
0.058964
0.058964
0.0605228
0.058964
0.058964
0.0599087
0.0599087
0.0599087
0.0599087
0.0599087
0.0599087
0.0599087
0.0599087
0.0599087
0.0599087
0.058964
0.058964
0.058964
0.058964
0.058964
0.0605228
0.058964
0.058964
0.058964
0.0590925
0.0590925
0
0
0
0.0590925
0.058964
0
0
0
0.058964
0.058964
0.0595228
0.0595228
0.0595228
0
0.058964
0.058964
0.058964
0.0590667
0.0590667
0.0595228
0
0.0595228
0.0595228
0
0
0
0
0.176432
0.176432
0
0
0
0
0.0604951
0.0605505
0
0
0
0
0
0
0
0.0607177
0.0607177
0.0607177
0
0
0
0.0737711
0.0737711
0.0737711
0
0
0
0.0959478
0.0959478
0.0959478
0
0
0
0
0
0
0
0
0
0
0
0
0
0
0
0
0
0
0
0
0
0
0
0
0
0
0
0
0
0
0
0
0
0
0
0
0
0
0
0
0
0
0
0
0
0
0
0
0
0
0
0
0
0
0
0
0
0
0
0
0
0
0
0
0
0
0
0
0
0
0
0
0.0834058
0.0834058
0.0834058
0
0
0
0
0
0
0
0
0
0
0
0
0
0
0.0595228
0.0595228
0.0590925
0.0590925
0
0
0
0
0
0
0
0
0
0
0
0
0
0.058964
0.058964
0.059313
0.058964
0.058964
0.059313
0.059313
0
0.059313
0
0
0
0.059313
0.059313
0.0834058
0.0834058
0.0834058
0.0834058
0.0884748
0.0884748
0.0884748
0.0884748
0.108545
0.108545
0
0.0884748
0
0
0.0915737
0.0915737
0
0
0
0
0
0
0.092549
0.112777
0.112777
0.112777
0.118366
0.118366
0.11847
0.11847
0.118993
0.118366
0.111456
0.111456
0.111891
0.127906
0.111891
0
0
0
0
0
0
0
0
0
0
0
0
0
0
0
0
0
0
0
0
0
0
0
0
0
0
0
0
0
0
0
0
0
0
0.116052
0.116052
0.116052
0
0.116445
0.118993
0
0.119523
0.119523
0.119523
0.119523
0
0
0
0.119523
0.119523
0.119523
0.122743
0
0
0
0
0
0
0
0
0
0.119523
0.121157
0
0
0
0
0
0
0
0
0
0
0
0
0
0
0
0
0
0
0
0
0.118993
0.118993
0.118993
0.118993
0.119737
0.118993
0
0.119523
0.119523
0
0.119523
0.119523
0
0
0
0
0
0
0
0
0
0
0.0590667
0.0590667
0.0592479
0.0596152
0.0596152
0
0
0
0
0
0
0.0596152
0.0596152
0.0607177
0.0882162
0.0614295
0.0614295
0.0614295
0.0614295
0
0
0.0614295
0.0614295
0.0614295
0.0614295
0.0614295
0
0
0
0
0
0
0
0
0.0614295
0
0
0
0
0
0
0
0
0
0
0
0
0
0
0
0
0
0.0737711
0.0737711
0.0737711
0.0737711
0.0737711
0.0779681
0.0779681
0.0779681
0.0779681
0.0779681
0.0781167
0.0779681
0.0779681
0
0.0964486
0.0737711
0.0737711
0
0
0
0
0
0
0
0
0
0
0
0
0
0
0
0
0
0
0
0
0
0
0
0
0.0595228
0.0595228
0.0595228
0.0614585
0.0614585
0
0.0614585
0
0
0
0
0
0
0
0
0
0
0
0.0614585
0.0614585
0
0
0
0
0
0
0
0
0
0
0
0
0
0
0.0595228
0.0959478
0.0959478
0.0959478
0
0
0
0.0961694
0.100314
0.100314
0.100314
0.100314
0.115278
0.100314
0
0.100314
0
0.100314
0.100314
0.100314
0
0.0961694
0.0869155
0.0869155
0.0869155
0.0869155
0.0869155
0.0869155
0.0869155
0
0
0
0
0
0.0869155
0.0869155
0.0869155
0.0869155
0
0.0869155
0
0
0
0
0
0
0
0
0
0
0
0
0
0
0
0
0
0
0
0
0
0
0
0
0
0
0
0
0
0
0
0
0
0
0
0.0696733
0.0714286
0
0
0
0
0
0
0
0.0594833
0.0594833
0
0.0594833
0.0606061
0.0606061
0.0598416
0.0598416
0.0592609
0.0592609
0.0592609
0.0656002
0.065956
0.065956
0.065956
0.0656002
0
0
0.0592609
0
0.0592609
0
0
0
0
0.0593783
0.0361138
0.0361138
0.0361138
0.0361138
0.0361138
0.0361138
0.0361138
0.0361138
0.0361138
0.0361138
0.0361138
0.0361138
0.0361138
0.0361138
0.0361138
0.0361138
0.0361138
0.0361138
0.0361138
0.0361138
0.0361138
0.0361138
0.0361138
0.0361138
0.0361138
0.0361138
0.0361138
0.0361138
0.0361138
0.0361138
0.0361138
0.0361138
0.0361138
0.0361138
0.0361138
0.0361138
0.0361138
0.0361138
0.0361138
0.0361138
0.0361138
0.0361138
0.0361138
0.0361138
0.0361138
0.0361138
0.0361138
0.0361138
0.0361138
0.0361138
0.0361138
0.0361138
0.0361138
0.0361138
0.0361138
0.0361138
0.0361138
0.0361138
0.0361138
0.0361138
0.0361138
0.0361138
0.0361138
0.0361138
0.0361138
0.0361138
0.0361138
0.0361138
0.0361138
0.0361138
0.0361138
0.0361138
0.0361138
0.0361138
0.0361138
0.0361138
0.0361138
0.0361138
0.0361138
0.0361138
0.0361138
0.0361138
0.0361138
0.0361138
0.0361138
0.0361138
0.0361138
0.0361138
0.0361138
0.0361138
0.0361138
0.0361138
0.0361138
0.0361138
0.0361138
0.0361138
0.0361138
0.0361138
0.0361138
0.0361138
0.0361138
0.0361138
0.0361138
0.0361138
0.0361138
0.0361138
0.0361138
0.0361138
0.0361138
0.0361138
0.0361138
0.0361138
0.0361138
0.0361138
0.0361138
0.0361138
0.0361138
0.0361138
0.0361138
0.0361138
0.0361138
0.0361138
0.0361138
0.0361138
0.0361138
0.0361138
0.0361138
0.0361138
0.0361138
0.0361138
0.0361138
0.0361138
0.0361138
0.0361138
0.0361138
0.0361138
0.0361138
0.0361138
0.0361138
0.0361138
0.0361138
0.0361138
0.0361138
0.0361138
0
0
0
0
0
0
0
0
0
0
0
0
0
0
0
0
0
0
0
0
0
0
0
0
0
0
0
0
0
0
0
0
0
0
0
0
0
0
0
0
0
0
0
0
0
0
0
0
0
0
0
0
0
0
0
0
0
0
0
0
0
0
0.0361167
0
0.0361699
0.0361699
0.0361167
0
0
0
0
0.0361699
0.0361699
0
0
0
0
0
0
0
0
0
0
0
0
0
0
0
0
0
0
0
0
0
0
0
0
0
0
0
0
0
0
0
0
0
0
0
0
0
0
0
0
0
0
0
0
0
0
0
0
0
0
0
0
0
0
0
0
0
0
0
0
0
0
0
0
0
0
0.0361226
0
0
0
0
0
0
0
0
0
0
0
0.0386082
0.0386082
0.0363636
0
0
0
0
0
0
0
0
0
0
0
0
0
0
0
0
0
0
0.0380659
0.0380659
0.0380659
0.0361167
0
0
0
0
0
0
0
0
0
0
0
0
0
0
0
0
0
0
0
0.0566706
0.0566706
0.0566479
0.0566479
0.0566479
0.0566479
0.0566479
0.0566479
0.0566479
0.0566479
0.0566479
0.0566479
0.0361108
0.0361108
0.0361108
0.0361108
0.0361108
0.0361108
0.0361108
0.0361108
0.0566706
0.0566706
0.0566706
0.0566706
0.0566706
0.0566706
0.0566706
0.0566706
0.0566706
0.057496
0.057496
0.057496
0.057496
0.0566706
0.0566706
0.0566706
0.0628539
0.0628539
0.0628539
0.0628539
0.0628539
0.090167
0.0628539
0.0566706
0.0566706
0.0566706
0
0
0
0
0
0
0
0
0
0
0
0
0
0
0
0
0
0
0
0
0
0
0
0
0.0566479
0.0566479
0.0566479
0.0566479
0.0566479
0.0566479
0.0566479
0.0566479
0.0566479
0.0566479
0.0566479
0.0566479
0.0566479
0.0566479
0.0566479
0.0566479
0.0566479
0.0566479
0.0566479
0.0566479
0.0566479
0.0566479
0.0566479
0.0566479
0.0566479
0.0566479
0.0566479
0.0566479
0.0572716
0.0573657
0
0.057496
0.0566706
0.0361138
0
0
0
0
0
0.0361138
0.0361138
0.0361138
0
0
0
0
0
0
0
0
0
0
0
0
0.0361108
0.0361108
0.0361108
0.0361108
0.0361108
0.0361108
0.0361108
0
0
0
0
0
0
0
0
0
0
0
0
0
0
0
0
0
0
0
0
0
0
0
0
0
0
0
0
0
0
0
0
0
0
0
0
0
0
0
0
0
0
0
0
0
0
0
0
0
0
0
0
0
0
0
0
0
0
0
0
0
0
0
0.0566479
0.0566479
0.0566479
0.0566479
0.0566479
0.0742525
0.0742525
0.0742525
0.0742525
0.0582717
0.0582717
0.0876216
0.0609569
0.0566479
0.0573893
0.058849
0.0605228
0
0.0607317
0
0.0573893
0.0565799
0.0565799
0.0363306
0.0363306
0.0363306
0.0363306
0.0363306
0.0363306
0.0363306
0.0363306
0.0420564
0.0363306
0.0363306
0.0363306
0.0363306
0.0363306
0.0363306
0
0
0
0
0
0
0
0
0.0363336
0.0363336
0.0363336
0.0363336
0.0363336
0.0363336
0.0363336
0
0
0.0363336
0
0
0.0441242
0
0.0441242
0.0441242
0.0441242
0.0441242
0.0441242
0.0441242
0.0441242
0.0441242
0.0441242
0.0441242
0.044135
0.044135
0
0
0.044135
0
0
0
0
0
0
0
0
0.0576032
0.0576032
0.0576032
0.0576032
0.0576032
0.0576032
0.0576032
0.0576032
0
0
0
0
0
0
0
0
0
0
0
0
0
0
0
0
0
0
0
0
0
0
0
0
0
0
0
0
0
0
0
0
0.0547176
0.043468
0
0
0.056366
0.0363336
0.0363336
0.0363336
0.0446879
0.0446879
0.044699
0.0363336
0.0363336
0.0363877
0.0363877
0.0363336
0.0363336
0.0363396
0.0401165
0.0401165
0.0363396
0.0363606
0.0363606
0.0363606
0.0363606
0.0363396
0.0363396
0.0363396
0.0401165
0.0401165
0.0401165
0.0401165
0.0401165
0.0426353
0.0401165
0.0401165
0.0401165
0.057651
0.0401165
0.0401165
0.0401165
0.0401165
0.0401165
0.0401165
0.0401165
0
0
0
0
0
0.0363336
0.0363336
0.0363336
0.0363336
0.0420564
0.0363336
0.0552052
0.0552052
0.0552052
0.0552052
0.0574485
0.0552052
0.0363336
0.0420564
0.0363336
0.0405887
0.0363336
0.0363336
0.0363336
0.0405887
0.0405887
0.0418167
0.0409616
0.0409616
0.0409616
0.0409616
0.0409616
0.0409616
0
0
0
0
0
0
0.0433606
0
0.044417
0.0414736
0.0414692
0
0
0
0
0.0363877
0.0363877
0.0566706
0
0
0.0532152
0.0532152
0.0537118
0.0537118
0.0537118
0.0497365
0.0497365
0.0497365
0.0497365
0.0497365
0.0497365
0
0
0
0
0
0
0.0503713
0.0497365
0
0
0.0495605
0.0495605
0.0495605
0.0495605
0.0495605
0
0
0
0
0
0.0503713
0.0503713
0.0503713
0.0503713
0.0503713
0.0503713
0
0
0
0
0
0
0
0
0
0
0.0500078
0.0497365
0.0503713
0
0
0.0550795
0.0550795
0.0497365
0.0497365
0.0497365
0.0497365
0.0497365
0
0
0
0
0
0
0
0
0
0
0
0
0
0
0
0
0
0
0.0497365
0
0
0
0
0
0
0
0
0
0.050874
0.050874
0.050874
0.050874
0.0515796
0
0.051778
0.050874
0
0
0.0545443
0
0.0545443
0.0545443
0.0545443
0.0545443
0.0545443
0.0532152
0
0.0532152
0.0532152
0.0532152
0.0532152
0.0532152
0
0
0
0
0
0
0
0
0
0
0
0
0
0
0
0
0
0
0
0
0
0
0
0
0
0
0
0
0
0
0
0
0
0
0.0495605
0.0495605
0
0.0532152
0.0495529
0.0495529
0.0532152
0.0532152
0.0532152
0
0
0.0503633
0.0503633
0
0.0503633
0
0
0
0
0
0
0
0
0
0
0
0
0
0
0
0
0
0
0
0
0
0
0
0
0
0
0
0
0
0
0
0
0
0
0
0
0
0.0503713
0.0503713
0.0503713
0.0503713
0.0503713
0.0542526
0.0503713
0
0
0
0
0.0512568
0
0
0
0
0
0
0
0
0
0
0
0
0
0
0
0
0
0
0
0
0
0
0
0
0
0
0
0
0
0
0
0
0
0
0
0
0
0
0
0
0
0
0
0
0
0
0
0
0
0
0
0
0
0
0
0
0
0
0.0361108
0
0
0
0
0
0
0
0
0
0
0
0
0
0.0532152
0.0532152
0.0532152
0.0532152
0.0532152
0.0532152
0
0
0
0
0.0538968
0.0538968
0
0
0
0
0
0
0
0.0538968
0.03602
0.03602
0.03602
0.03602
0.03602
0.03602
0.0360521
0.0360287
0.0361108
0.03602
0
0.0361108
0.0361108
0
0
0
0.036017
0.036017
0.036017
0.036017
0.0361167
0.0560442
0.0560442
0.0560442
0.0560442
0.0560442
0.0560442
0.0560442
0.0560442
0.0560442
0.0560442
0.0560442
0.0560442
0.0560442
0.0560442
0.0560442
0.0565799
0
0.0560442
0.0774984
0.0774984
0.0774984
0.0774984
0.0774984
0.0602749
0.0602749
0.167248
0
0.167248
0.0602749
0.173749
0
0
0.0566139
0
0
0
0
0.0572364
0
0.0560442
0.0560442
0
0
0
0.0560442
0
0
0
0
0
0
0
0
0
0
0
0
0
0
0
0
0
0
0
0
0
0.0565685
0.0565685
0.0566252
0.0565685
0.0565685
0.0565685
0.0565685
0
0.0565799
0.0566706
0
0
0
0
0
0
0
0
0
0
0
0
0
0
0
0
0
0
0
0
0
0
0
0
0
0
0
0
0
0
0
0
0
0
0
0
0.0565912
0.0560442
0.0560442
0.0560442
0.0560442
0.0560442
0.0560442
0.0560442
0
0
0
0
0
0
0
0
0
0
0
0
0
0
0
0
0
0
0
0
0
0
0
0
0
0
0
0
0
0
0
0
0
0
0
0.0572364
0
0.0572951
0.0560442
0.0774984
0.0774984
0.0774984
0
0
0.0361138
0.0361138
0.0361138
0.0361138
0.0361138
0.0361138
0.0361728
0.0361138
0.0361138
0.0361138
0.0361699
0.0537312
0.0537312
0.0361138
0.0361138
0.0361138
0.0361138
0.0361138
0.0361138
0
0
0
0
0
0
0
0
0
0
0
0
0
0
0
0.0362262
0.0362262
0.0362262
0.0362262
0.0362262
0.0362262
0.0362262
0.0362262
0.0362262
0.0362262
0
0
0
0
0
0
0
0
0
0
0
0
0
0
0
0
0
0
0
0
0
0
0
0
0
0
0
0
0
0
0
0
0
0
0.102062
0.102463
0
0
0
0
0
0
0
0
0
0
0
0
0
0
0
0
0
0
0
0
0
0
0
0
0
0
0
0
0
0
0
0
0
0
0
0
0
0
0
0
0
0
0
0
0
0
0
0
0
0
0
0
0
0
0
0
0
0
0
0
0
0
0
0
0
0
0
0
0
0
0
0
0
0
0
0
0
0
0
0
0
0
0
0
0
0
0
0
0
0
0
0
0
0
0
0
0
0
0
0
0
0
0
0
0
0
0
0
0
0
0
0
0
0
0
0
0
0
0
0
0
0
0
0
0
0
0
0
0
0
0
0
0
0
0
0
0
0
0
0
0
0
0
0
0
0
0
0
0
0
0
0
0
0
0
0
0
0
0
0
0
0
0
0
0
0
0
0
0
0
0
0
0
0
0
0
0
0
0
0
0
0
0
0
0
0
0
0
0
0
0
0
0
0
0
0
0
0
0
0
0
0
0
0
0
0
0
0
0
0
0
0
0
0
0
0
0
0
0
0
0
0
0
0
0
0
0
0
0
0
0
0
0
0
0
0
0
0
0
0
0
0
0
0
0
0
0
0
0
0
0
0
0
0
0
0
0
0
0
0
0
0
0
0
0
0
0
0
0
0
0
0
0
0
0
0
0
0
0
0
0
0
0
0
0
0
0
0
0
0
0
0
0
0
0
0
0
0
0
0
0
0
0
0
0
0
0
0
0
0
0
0
0.041438
0
0.0415496
0
0
0
0
0
0
0
0
0
0
0
0
0
0.0469453
0
0
0
0.0408163
0
0
0
0
0
0
0
0
0
0
0.0539164
0
0
0
0
0
0
0
0
0
0
0
0
0
0
0.0402789
0
0.0402789
0
0
0
0
0
0
0
0
0
0
0
0
0
0
0
0
0
0
0
0.0398647
0.039984
0.0397033
0.0397033
0.0420146
0.0452621
0
0
0
0
0
0
0
0
0
0
0
0
0
0
0
0
0
0
0
0
0
0
0
0
0
0
0
0
0
0
0
0
0
0
0
0
0
0
0
0
0
0
0
0
0
0
0
0
0
0
0
0
0
0.0433148
0.0477682
0.0400561
0
0
0
0
0
0
0
0
0
0
0
0
0
0
0
0
0
0
0
0.058087
0.058087
0.058087
0.0402871
0.0480778
0
0.0404102
0
0
0
0
0
0
0
0
0
0
0
0
0
0
0
0
0
0
0
0
0
0
0
0
0
0
0
0
0
0
0
0
0
0
0
0
0
0
0
0
0
0
0
0
0
0
0
0
0
0
0
0
0
0
0
0
0
0
0
0
0
0
0
0
0
0
0
0
0
0
0
0
0
0
0
0
0
0
0
0
0
0
0
0
0
0
0
0
0
0
0
0
0
0
0
0
0
0
0
0
0
0
0
0
0
0
0
0
0
0
0
0
0
0
0
0
0
0
0
0
0
0.348155
0.348155
0.348155
0.348155
0.348155
0
0
0
0
0
0
0
0
0
0
0
0
0
0
0
0
0
0
0
0
0
0
0
0
0
0
0
0
0
0
0
0
0
0
0
0
0
0
0
0
0
0
0
0
0
0
0
0
0
0
0
0
0
0
0
0
0
0
0
0
0
0
0
0
0
0
0
0
0
0
0
0
0
0
0
0
0
0
0
0
0
0
0
0
0
0
0
0
0
0
0
0
0
0
0
0
0
0
0
0
0
0
0
0
0
0
0
0.0401165
0.0401165
0.0401165
0.0580503
0.0580503
0.0737962
0.075539
0.0950229
0.0401165
0.0565121
0.0565121
0.0565121
0.0565121
0.0565121
0
0
0
0
0
0.0363336
0.0378947
0.0363336
0
0
0
0
0
0
0
0
0
0
0
0
0
0
0
0
0
0
0
0
0
0
0
0
0
0
0
0
0
0
0
0
0
0
0
0
0
0
0
0.0409059
0.0409059
0.0409144
0.0409144
0
0.0410391
0.0940201
0.0410391
0.0892199
0.0410478
0
0.0410478
0.0471405
0.0421029
0.0476867
0.0410305
0.0571195
0.0571195
0.0571195
0.0607037
0.0749532
0.09371
0.087748
0.0970143
0
0
0
0.0573893
0
0.0583336
0
0.0584206
0.100251
0.0598149
0.0570382
0.0586841
0.0579771
0
0
0
0
0
0
0.0579771
0
0
0
0
0
0
0
0
0
0
0
0.0362262
0
0.0566025
0
0
0
0
0
0
0
0.0554807
0.056366
0.056366
0.056366
0.0566479
0
0
0
0
0
0
0
0
0
0.0361226
0.0361226
0.0361226
0.0361226
0.0361226
0.0361226
0
0
0
0
0
0
0
0
0
0
0
0
0
0
0
0
0.0361108
0.0361108
0.0361108
0.0361108
0.0361108
0.0361108
0.0361108
0.0361108
0.0361108
0.0361108
0.0361108
0.0361108
0.0361108
0
0
0
0
0
0
0
0
0
0
0
0
0
0
0
0
0
0
0
0
0
0
0
0
0
0
0
0
0
0
0
0
0
0
0
0
0
0
0
0
0
0
0
0
0
0
0
0
0
0
0
0
0
0
0
0
0
0
0
0
0
0
0
0
0
0
0
0
0
0
0
0
0
0
0
0
0
0
0
0
0
0
0
0
0
0
0
0
0
0
0
0
0
0
0
0
0
0
0
0
0
0
0
0
0
0
0
0
0
0
0
0
0
0
0
0
0
0
0
0
0
0
0
0
0
0
0
0
0
0
0
0
0
0
0
0
0
0
0
0
0
0
0
0
0
0
0
0
0
0
0
0
0
0
0
0
0
0
0
0
0
0
0
0
0
0
0
0
0
0
0
0
0
0
0
0
0
0
0
0
0
0
0
0
0
0
0
0
0
0
0
0
0
0
0
0
0
0
0
0
0
0.0566479
0.0566479
0.0566479
0.0566479
0.0566479
0.0566479
0.0566479
0.0566479
0.0361108
0.0361108
0.0361108
0.0361108
0.0361108
0.0361108
0.0361108
0.0361108
0
0.0590925
0.0590925
0
0
0
0
0
0
0
0
0
0
0
0
0
0
0
0
0
0
0
0
0
0
0
0.0614295
0
0
0
0
0.0614295
0
0
0
0
0
0
0
0
0
0
0
0
0
0
0
0
0
0
0
0
0
0
0.103556
0
0
0
0
0.10519
0.0768946
0
0
0
0
0.0832972
0
0
0
0
0
0
0
0
0
0
0
0
0
0
0
0
0.065956
0.065956
0.065956
0
0.065956
0.0654771
0.0654771
0
0
0
0
0.0654771
0.0654771
0.0658844
0.0659739
0.0659739
0.0659739
0.0659739
0.0659739
0
0
0.0659739
0.0659739
0.0659739
0
0
0.0654771
0.0614585
0.0614585
0
0
0
0
0
0.0614585
0
0
0
0
0
0
0
0
0
0
0
0
0
0
0
0
0
0
0
0
0
0
0
0
0
0
0
0
0
0
0
0
0
0
0
0
0
0
0
0
0
0
0
0
0
0
0
0
0
0
0
0
0
0
0
0
0
0
0
0
0
0
0
0
0
0
0
0
0.0363907
0
0
0
0
0
0
0
0
0
0
0
0
0
0
0
0
0
0
0
0
0
0
0
0
0
0
0
0
0
0
0
0
0
0
0
0
0
0
0
0
0
0
0
0
0
0
0
0
0
0
0
0
0
0
0
0
0
0
0
0
0
0
0
0
0
0
0
0
0
0
0
0
0
0
0
0
0
0
0
0
0
0
0
0
0
0
0
0
0
0
0
0
0
0
0
0
0
0
0
0
0
0
0
0
0
0
0
0
0
0
0
0
0
0
0
0
0
0
0
0
0
0
0
0
0
0
0
0
0
0
0
0
0
0
0
0
0
0
0
0
0
0
0
0
0
0
0
0
0
0
0
0
0
0
0
0
0
0
0
0.0563436
0
0
0
0.0563436
0.0563436
0.0563436
0.0563436
0.0563436
0.0563436
0.0563436
0
0
0
0
0
0
0
0
0
0
0
0
0
0
0
0
0
0
0
0
0
0
0
0
0
0
0
0
0
0
0
0
0
0
0
0
0
0
0
0
0
0
0
0
0
0
0
0
0
0
0
0
0
0
0
0
0
0
0
0
0
0
0
0
0
0
0
0
0
0
0
0
0
0
0
0
0
0
0
0
0
0
0
0
0
0
0
0
0
0
0
0
0
0
0
0
0
0
0
0
0
0
0
0
0
0
0
0
0
0
0
0
0
0
0
0
0
0
0
0
0
0
0
0
0
0
0
0
0
0
0
0
0
0
0
0
0
0
0
0
0
0
0
0
0
0
0
0
0
0
0
0
0
0
0
0
0
0
0
0
0
0
0
0
0
0
0
0
0
0
0
0
0
0
0
0
0
0
0
0
0
0
0
0
0
0
0
0
0
0
0
0
0
0
0
0
0
0
0
0
0
0
0
0
0
0
0
0
0
0
0
0
0
0
0
0
0
0
0
0
0
0
0
0
0
0
0
0
0
0
0
0
0
0
0
0
0
0
0
0
0
0
0
0
0
0
0
0
0
0
0
0
0
0
0
0
0
0
0
0
0
0
0
0
0
0
0
0
0
0
0
0
0
0
0
0
0.0407697
0.0407697
0.0407697
0.0407697
0.0407697
0.0407697
0.0407697
0.0407697
0.0407697
0.0407697
0.0407697
0.0407697
0.0407697
0
0
0
0
0
0
0.051392
0
0.0598015
0
0
0.0859867
0
0
0.0572364
0.0572364
0.0572364
0.0600165
0.113776
0
0.135613
0.136241
0
0.0567162
0.0603709
0
0
0
0
0.0566706
0.0566706
0.0566706
0.0570963
0
0
0
0
0
0
0
0
0
0
0
0
0
0
0
0.0363546
0.0363546
0.0363546
0.0363546
0.0363546
0.0363546
0.0363907
0.0363907
0.0363907
0.0363907
0
0
0
0.0364784
0.0364784
0
0
0
0.0363907
0.0363907
0.0363907
0
0
0.0363907
0
0.0364269
0.0363907
0.0363907
0.0361167
0.0361167
0.0361167
0.0361167
0.0361167
0.0361167
0
0
0
0
0
0
0
0
0
0
0
0
0
0
0
0
0
0
0
0
0
0
0
0
0.0361167
0.0361108
0.0361108
0.0361108
0.0361108
0.0361108
0.0361108
0
0
0
0
0
0
0.0361108
0.0361108
0.0361108
0.0361108
0.0361108
0.0361108
0.0361108
0.0361108
0
0
0
0
0.0361787
0
0
0
0
0
0.0361167
0
0
0
0
0.0361138
0
0
0
0.0361138
0.0361138
0.0361138
0.0361138
0.0361138
0.0361138
0
0
0
0.0361138
0.0361226
0.0361226
0.0361226
0.0361138
0
0
0
0.057496
0.057496
0.057496
0.057496
0.0575197
0.0578557
0.057711
0
0
0.057496
0
0
0
0
0.0573893
0.0573893
0.0573893
0.0573893
0.0573893
0.0573893
0.0573893
0.0573893
0.0573893
0.0573893
0.0573893
0.0573893
0.0573893
0.0573893
0.0573893
0.0573893
0.0573893
0.0573893
0.0573893
0.0573893
0.0573893
0.0361108
0.0361108
0.0361108
0.0361108
0.0361108
0.0361108
0.0361108
0.0361108
0.0361108
0.0361108
0.0361108
0.0573893
0.0575197
0.0573893
0.0573893
0.0573893
0
0
0
0
0
0
0
0
0
0
0
0
0
0
0
0
0
0
0
0
0
0
0
0.0573893
0.0643823
0.0643823
0.0573893
0
0.0573893
0.0573893
0.059041
0.059041
0.059041
0
0
0
0
0
0
0.059041
0.0604951
0.0604951
0
0
0
0
0.0774694
0
0.059041
0
0
0
0
0
0
0.0573893
0.122628
0.122628
0.122743
0.122743
0.122975
0.122628
0.0573893
0.0573893
0
0.0573893
0
0
0.0573893
0
0
0
0
0
0.0573893
0
0
0
0.0573893
0.0573893
0
0.0573893
0.0573893
0.0573893
0.0573893
0.0573893
0.0622422
0.0622422
0.0622422
0.0622422
0.0622422
0.0622422
0.0638551
0
0
0
0
0
0.0622422
0
0
0
0.0622422
0.0622422
0
0.0622422
0.0573893
0
0.0573893
0
0
0.0573893
0.0573893
0.0622422
0.0665558
0.0623631
0.0623631
0.0622422
0.0666667
0.0622875
0.0622875
0.0573893
0.059041
0.059041
0.0573893
0.0622422
0.0622422
0.0654946
0
0
0.0624086
0.0663358
0
0
0.0626531
0
0
0
0
0.0622422
0.0573893
0.0708214
0.0708214
0.0573893
0.0633406
0.0573893
0
0.0573893
0.0606757
0.0657596
0
0
0
0
0.0672103
0.0672103
0.0573893
0.0604951
0.0573893
0
0.0573893
0.0573893
0.0574841
0
0.0574841
0.0606757
0.0606757
0.0606757
0.065956
0.065956
0.065956
0.065956
0.065956
0.065956
0
0.065956
0.060844
0.060844
0.0609145
0.060844
0
0
0
0
0.107058
0.0606618
0.0606618
0
0
0
0
0.0617508
0
0
0
0
0
0
0
0
0
0
0
0
0
0
0
0
0
0
0
0
0
0
0
0
0
0
0
0
0
0
0
0
0
0
0
0
0
0
0
0
0
0
0
0
0
0
0
0
0
0.0361108
0.0361108
0.0361108
0.0361108
0.0361108
0.0361108
0.0361108
0.0361108
0.0361108
0.0361108
0.0361108
0.0361108
0.0361108
0
0
0
0
0
0
0
0
0
0
0
0
0
0
0
0
0
0
0
0
0
0
0
0
0
0
0
0
0
0
0
0
0
0
0
0
0
0
0
0
0
0
0
0
0
0
0
0
0
0
0
0
0
0
0
0
0
0
0
0
0
0
0
0
0
0
0
0
0
0
0
0
0
0
0
0.0576151
0.0576151
0.0576151
0.0576151
0.0576151
0.0576151
0.0576151
0.0576151
0.0576151
0.058483
0.0576151
0.0576151
0.0576151
0.0361138
0.0361138
0.0361138
0.0361138
0.0361138
0
0
0
0
0
0
0
0
0
0
0
0
0
0
0
0
0
0
0
0
0
0
0
0
0
0
0
0
0
0
0
0
0
0
0
0
0
0
0
0
0
0
0
0
0
0
0.0566706
0.0566706
0.0566706
0.0566706
0.0566706
0.0566706
0.0742525
0.0744581
0.0566706
0.0603023
0.0603023
0.0603023
0.0589
0.0589128
0
0
0
0
0
0
0
0
0
0
0
0.0566706
0.0566706
0.0566706
0.0566706
0.0566706
0.0566706
0.0566706
0.0566706
0.0569919
0.0569919
0.0566706
0.0569919
0.0569919
0.0566706
0.0566706
0.0566706
0.0566706
0.0566706
0.0566706
0.0566706
0.0567847
0.0567847
0.0566706
0.0566706
0.0566706
0.0566706
0.0566706
0.0566706
0.0607177
0.0566706
0.0566706
0.0566706
0.0566706
0.0566706
0.0942809
0.0942809
0.0942809
0.057496
0.0628539
0.057496
0.0834784
0.0795557
0.0795557
0.0873288
0
0
0.0703598
0.0703598
0.0595491
0.0645329
0.0566706
0.0566706
0
0
0
0
0.0590024
0.059183
0
0
0
0
0
0
0
0.0566706
0
0
0
0
0
0
0
0
0
0
0
0
0
0
0
0
0
0
0
0
0
0
0
0
0
0
0
0
0
0
0
0
0
0
0
0
0
0
0
0
0
0
0.058849
0.058849
0.058849
0.0636285
0.0646002
0
0
0
0.058849
0.0569456
0.0569456
0.0569456
0
0
0
0
0.0703598
0.0703598
0.0703598
0
0
0
0
0
0.0705346
0.0705346
0.0703598
0.057496
0.057496
0.057496
0.057496
0.057496
0.057496
0.057496
0.0607177
0.057496
0.0703598
0.0703598
0.0703598
0
0.0703598
0.0703598
0.0895772
0.0985928
0.130466
0
0.132599
0.0573657
0.0573657
0
0
0
0
0
0
0
0.0573657
0.0573657
0.0573657
0.0573657
0.0573657
0.0573657
0.0573657
0
0
0
0
0
0.0573657
0.0573893
0.0573893
0.0573893
0.0573893
0.0573893
0.0573893
0.0985329
0.0985329
0.101797
0.0985329
0.098773
0.0573893
0.0573893
0.117954
0.0573893
0.0573893
0.0573893
0.123325
0.123325
0.0574485
1
1
0.0573893
0.0574485
0.0573893
0.0573657
0.117954
0.117954
0
0.118783
0
0
0
0
0.118783
0
0
0
0
0
0
0
0
0
0
0
0
0
0
0
0
0
0
0
0
0
0
0
0
0.0573186
0.0573186
0.0572951
0.0572951
0.0573186
0.0607177
0.0572951
0.0572951
0.0572833
0.0572833
0.0572833
0.0572833
0.0572833
0
0
0
0.0572833
0.0572833
0.0654771
0.0654771
0.0654771
0.0572951
0.058087
0.0572951
0.0572951
0.0572951
0
0
0
0
0.0572951
0.0572951
0.0585081
0.0853191
0.0853191
0.0853191
0.0853191
0.0853579
0.0853579
0.0853191
0
0.0572833
0.0579528
0.0579528
0
0.0591312
0.0572833
0
0
0
0
0.0572833
0.348155
0.348155
0.348155
0.348155
0
0
0
0.404061
0.0579163
0.0646002
0.0693792
0.0902128
0.078266
0
0
0
0
0
0
0
0
0
0
0
0
0
0
0
0
0
0.0794301
0
0
0
0.0942809
0.0942809
0.0942809
0.0942809
0
0
0
0
0
0
0
0
0
0
0
0.0942809
0.0942809
0
0
0
0
0
0
0.0942809
0.0942809
0
0.0942809
0.0942809
0
0
0
0
0.0942809
0
0
0
0
0
0
0
0
0
0
0
0
0
0
0
0
0.0599491
0.0599491
0.0599491
0.0599491
0.0599491
0.0599491
0.0599491
0.136399
0.0599491
0
0
0
0
0
0
0
0
0
0.0599491
0
0
0
0.060316
0.060316
0.062348
0.060316
0.10563
0.060316
0.0611418
0.0611418
0.0629317
0.0629317
0.0630097
0.0611418
0.0611418
0
0
0
0
0
0
0
0.060316
0.0607317
0.0607317
0.0609286
0.0609286
0.186908
0.0566706
0
0
0
0
0
0
0
0
0
0
0
0
0
0
0
0.0566706
0
0
0.0364784
0.0364784
0
0
0.0364753
0.0364753
0.0364753
0.0364753
0.0364753
0.0364753
0.0364753
0.0364784
0.0364753
0.0364784
0.0364784
0.0364784
0.0364784
0.0364875
0.0386767
0
0
0.0365423
0.0365423
0.0365423
0.0365423
0.0365423
0
0
0
0
0
0
0
0
0
0
0
0
0
0
0
0
0
0
0
0
0
0
0
0
0
0
0
0
0
0
0
0
0
0
0
0
0
0
0
0
0
0
0
0.0386912
0.0386912
0.0386912
0.0542027
0
0.0542027
0
0
0
0
0
0
0
0
0
0
0
0
0
0
0
0
0
0
0
0
0.0386695
0.0386695
0.0386695
0.0386695
0.0386695
0.0386695
0.0386695
0
0
0
0
0
0
0
0
0.0386984
0.0386984
0
0
0.0386912
0.0386912
0.0386912
0
0
0
0
0
0
0
0
0
0
0
0
0
0
0
0
0
0
0
0
0
0
0
0
0
0
0
0
0
0
0
0
0
0
0
0
0
0
0.0386912
0
0
0
0
0
0
0
0
0
0
0
0
0
0
0
0
0
0
0
0
0
0
0
0
0
0
0
0
0
0
0
0
0
0
0
0
0
0
0
0.0564895
0.0564895
0.0564895
0.0564895
0.0564895
0.0564895
0.0564895
0
0
0.0360463
0.0360463
0.0360463
0.0360463
0.0360463
0.0360463
0
0
0
0
0.0814126
0.0814126
0.0814126
0
0
0
0
0
0
0
0
0
0
0
0
0
0
0
0
0
0
0.0842152
0.0814126
0.0814126
0.126618
0
0
0
0
0
0.0814126
0.124394
0
0.132453
0
0.0843649
0
0
0
0
0
0
0
0
0
0
0
0
0
0
0
0
0
0
0
0
0
0
0
0
0
0
0
0
0.0872872
0.0872872
0.0872872
0.0874539
0
0
0
0
0
0
0
0.0942809
0.0942809
0.0942809
0.0945439
0
0
0
0
0
0
0
0
0
0
0
0.0564895
0
0
0
0
0
0
0
0
0
0
0
0
0
0
0
0
0
0
0
0
0
0
0
0
0
0
0.0360463
0.0360463
0.0360463
0
0
0
0
0
0
0
0
0.0860663
0
0
0
0
0
0
0
0
0
0.091863
0
0
0.0943333
0
0
0
0.0943333
0.0943333
0.056682
0.056682
0
0.0598282
0
0
0.099813
0
0
0
0
0
0
0
0
0
0
0
0
0
0
0
0
0
0
0
0
0
0.0363246
0.0363246
0.0363246
0.0363246
0
0
0
0
0.0360991
0.0360991
0.0411171
0.0411171
0.0412043
0.0445657
0.0411171
0.0411171
0.0411171
0.0411171
0.0411171
0.0411171
0.0443951
0.0443951
0.0443951
0.0443951
0.0443951
0.0443951
0.0443951
0
0.0443951
0.0443951
0.0523603
0.0523603
0.0523603
0.0443951
0.0443951
0.0413361
0.0413361
0.0411171
0.0411171
0.0480292
0.0480292
0.0480292
0.0480292
0.0480292
0.0480292
0.0480292
0.0478433
0
0.0478433
0.0478433
0
0.0478433
0.0478433
0
0
0
0
0
0
0
0.0413449
0.0413449
0.0411171
0.0411258
0.0411258
0.0411258
0.0411258
0.0411258
0.0411258
0.0411171
0.0417938
0.0417938
0.0417938
0.0417938
0
0.0417938
0.0417938
0
0
0
0
0
0
0
0
0
0
0
0
0
0
0.0361108
0
0.0361108
0.0361108
0.0361108
0.0361108
0.0361108
0.0361108
0
0.0361108
0
0.0361108
0
0
0
0
0
0
0
0
0
0
0
0
0
0
0
0
0
0
0
0
0
0
0
0
0
0
0
0
0
0
0
0.0361167
0
0
0
0
0
0
0
0
0
0
0
0
0
0
0
0
0
0
0
0
0
0
0
0
0
0
0
0
0
0
0
0
0
0.0361167
0.0361167
0.0361167
0.0361167
0.0361167
0.0361167
0
0
0
0
0
0
0
0
0
0
0
0.0363546
0
0.0378336
0.03901
0
0
0
0.0377897
0.0377897
0
0
0
0.0377897
0
0
0
0
0
0
0
0.0361108
0
0
0
0
0
0
0
0
0
0
0
0
0
0
0
0
0
0
0
0
0
0
0
0
0
0.0361108
0.0361108
0.0361108
0.0361108
0.0361108
0.0361108
0.0361108
0
0
0
0
0
0
0
0
0
0
0
0
0
0
0
0
0
0
0
0
0
0
0
0
0
0
0
0
0
0
0
0
0
0
0
0
0
0
0
0
0
0
0
0
0
0
0
0
0
0
0
0
0
0
0
0
0
0
0
0
0
0
0
0
0
0
0
0
0.0362262
0
0
0
0
0
0
0
0
0
0
0
0.0362262
0
0.0362262
0
0
0
0.0563436
0
0
0
0
0
0.0566706
0.0566706
0.0566706
0.0566706
0.0566706
0.0566706
0.0566706
0
0.0566706
0.0566706
0.0566706
0
0
0
0
0
0
0
0
0
0.055502
0.055502
0.0532152
0.0532152
0.0532152
0.0532152
0.0544735
0.055502
0
0.0544735
0.0544735
0.0544735
0
0
0
0
0
0
0
0
0
0
0
0.0566706
0.0566706
0.0566706
0.0566706
0.0566706
0
0.0566706
0.0566706
0.0566706
0.057496
0.057496
0.0566706
0.0566706
0.0566706
0.057496
0
0.057496
0.058849
0.058849
0.058849
0.058849
0.0613572
0.0613572
0
0.057496
0.0566593
0.0566593
0
0.0566593
0
0
0
0
0
0
0
0
0
0
0
0
0
0
0
0
0
0
0
0
0
0
0
0
0
0
0
0
0
0
0
0
0
0
0
0
0
0
0
0
0
0
0
0
0
0
0
0
0
0
0
0
0
0
0
0
0
0
0
0
0
0
0
0
0
0
0
0
0
0
0
0
0
0
0
0
0
0
0
0
0
0
0
0
0
0
0
0
0
0
0
0
0
0
0
0
0
0
0
0
0
0
0
0
0
0
0
0
0
0
0
0
0
0
0
0
0
0
0
0
0
0
0
0
0
0
0
0
0
0
0
0
0
0
0
0
0
0
0
0
0.0361226
0
0.0361226
0.0361226
0.0361226
0.0361226
0
0
0
0
0
0.0362977
0.0362977
0.0362977
0
0
0
0
0.0362977
0
0
0.0363636
0
0
0
0
0
0
0
0
0
0
0
0
0
0
0
0
0
0
0
0
0
0
0
0
0
0
0
0
0
0
0
0
0
0
0
0
0
0
0
0
0
0
0
0
0
0
0
0
0
0
0
0
0
0
0
0
0
0
0
0
0
0
0
0
0
0
0
0
0
0
0
0
0
0
0
0
0
0
0
0
0
0
0
0
0
0
0
0
0
0
0
0
0
0
0
0
0
0
0
0
0
0
0
0
0
0
0
0.0403157
0.0566706
0.0363666
0.0363666
0.0363666
0.0363666
0
0
0
0
0
0
0
0
0
0
0
0
0
0
0
0
0
0
0
0
0
0
0.0361108
0
0
0
0
0
0
0
0
0
0
0
0
0
0
0
0
0
0
0.0361226
0.0361226
0.0361226
0.0361226
0.0361226
0.0361226
0.0361226
0
0
0
0
0
0
0
0
0
0
0
0
0
0
0
0
0
0
0
0
0
0
0
0
0
0
0
0
0.0361138
0.0361138
0.0361138
0.0361138
0.0361138
0.0361138
0.0361138
0
0.0563436
0
0
0
0
0
0.0361108
0
0
0
0
0
0
0
0
0
0
0
0
0
0
0
0
0
0
0
0
0
0
0
0
0
0
0
0
0
0
0
0
0
0
0
0
0
0
0
0
0
0
0
0
0
0
0
0
0
0
0
0
0
0
0
0
0
0
0
0
0
0
0
0
0
0.0360903
0
0.0360903
0.0360903
0.0360903
0.0360903
0
0
0
0
0
0
0
0
0
0
0
0
0
0
0
0
0
0
0
0
0
0
0
0
0
0
0
0
0
0
0
0
0
0
0
0
0
0
0
0
0
0
0
0
0.0360785
0.0360785
0.0360785
0.0360785
0
0
0
0
0
0
0
0
0
0
0
0
0
0
0
0
0
0
0
0
0
0
0
0
0
0
0
0
0
0
0
0
0
0
0
0
0
0
0
0
0
0
0
0
0
0
0
0
0
0
0.0561545
0
0
0
0
0
0
0
0
0
0
0
0
0
0
0
0
0.0361138
0.0361138
0.0361138
0.0361138
0
0.0361108
0.0361108
0.0361108
0.0361108
0
0
0.0361138
0.0361138
0.0361138
0.0361138
0
0.0361108
0.0361108
0.0361108
0.0361108
0.0361108
0
0
0
0
0
0
0
0
0
0
0
0
0
0
0
0
0
0
0
0
0
0
0
0
0
0
0
0
0
0
0
0
0
0
0
0
0
0
0
0
0.057496
0.057496
0.057496
0.057496
0.057496
0.057496
0.057496
0.057496
0
0
0
0
0.057496
0.057496
0.057496
0.057496
0.057496
0.057496
0.057496
0.057496
0.057496
0.057496
0.0607317
0.0607317
0
0.057496
0.057496
0.057496
0.057496
0.057496
0.057496
0.057496
0.057496
0.057496
0.057496
0.0623783
0.0623783
0.0623783
0
0.0623783
0.057496
0
0
0.0360785
0
0
0
0
0
0
0
0
0
0
0
0
0
0
0
0
0
0
0
0
0
0
0
0
0
0
0
0
0
0
0
0
0
0
0
0
0
0
0
0
0
0
0
0
0
0
0
0
0
0
0
0
0
0
0
0
0
0
0
0
0
0.0363246
0
0
0
0
0
0
0
0
0
0
0
0
0
0
0
0
0
0
0
0
0
0
0
0
0
0
0
0
0
0
0
0
0
0
0
0
0
0
0
0
0
0
0
0
0
0
0
0.0361108
0
0
0
0
0
0
0
0
0
0
0
0
0
0
0
0
0
0
0
0
0
0
0
0
0
0
0
0
0
0
0
0
0
0
0
0.0360785
0.0360785
0
0
0
0
0
0
0
0
0
0
0
0
0
0
0
0.0360287
0
0
0
0
0
0
0
0
0
0
0
0
0
0
0
0
0
0
0
0
0
0.0942809
0
0
0.0942809
0.0566706
0
0
0
0
0
0
0
0
0
0
0
0
0
0
0
0
0
0
0
0
0
0
0
0
0
0
0
0
0
0
0
0
0
0
0
0
0
0
0
0
0
0
0
0
0
0
0
0
0
0
0
0
0
0
0
0
0
0
0
0
0
0
0
0
0
0
0
0
0
0
0
0
0
0
0
0
0.0361108
0
0
0
0
0
0
0
0
0
0
0
0
0
0
0
0
0
0
0
0
0
0
0
0
0
0
0
0
0
0
0
0
0
0
0
0
0
0
0
0
0.0563436
0
0
0
0
0
0
0
0
0
0
0
0
0
0
0
0.0364269
0.0364269
0.0364269
0.0364269
0
0.0364269
0.0364269
0.0506289
0.0506289
0.0401165
0.0401165
0.0364269
0
0
0
0
0
0
0.0506289
0.0506289
0.0506289
0
0.0506289
0
0.0506289
0.0401165
0.0401165
0
0
0
0.0401165
0
0
0
0
0.0401165
0.0401165
0.0401165
0.0401165
0.0494242
0.0494242
0.0494242
0.0641335
0.0494242
0.0649913
0.0494242
0.0401165
0.0364269
0.0364269
0.0364269
0.0364269
0.0364269
0.0364269
0
0
0
0.0364269
0
0.0364269
0
0.0364269
0.0364269
0.0364269
0
0
0
0
0
0
0
0
0
0
0
0
0
0
0
0
0
0
0
0
0
0
0
0
0
0
0.0360287
0.0361138
0.0361138
0.0361138
0.0361138
0
0.0518041
0.0361817
0.0391593
0.0391593
0.0391743
0.0391593
0.0518041
0
0.0361138
0.0361138
0.0361138
0.0361138
0.0361138
0.0361138
0.0361138
0.0361138
0.0361138
0.0361138
0.0361167
0.0361138
0.0361138
0.0361138
0.0361138
0.0361138
0.0361138
0.0361167
0.0361167
0.0361138
0
0
0
0
0
0
0
0
0
0
0
0
0
0
0
0
0.0361167
0.0361817
0.0391743
0.0518041
0
0.0518041
0.0530651
0
0
0
0
0
0
0
0
0
0
0
0
0
0
0
0
0
0
0
0
0
0
0
0
0
0
0
0
0
0
0
0
0
0
0
0
0
0
0
0
0
0
0
0
0
0
0
0
0
0
0
0
0
0
0
0
0
0
0
0
0
0
0
0
0
0
0
0
0
0
0
0
0
0
0
0
0
0
0
0
0
0
0
0
0
0
0
0
0
0
0
0
0
0
0
0
0
0
0
0
0
0
0
0
0
0
0
0
0
0
0
0
0
0
0
0
0
0
0
0
0
0
0
0
0
0
0
0
0
0
0
0
0
0.0361108
0.0361108
0.0361108
0
0
0
0
0
0
0
0
0
0
0
0
0
0
0
0
0
0
0
0
0
0
0
0
0
0
0
0
0
0
0
0
0
0
0
0
0
0
0
0
0
0
0
0
0
0
0
0
0
0
0
0
0
0
0
0.0532152
0.0532152
0.0532152
0.0532152
0.0532152
0.0532152
0
0
0
0
0
0
0
0
0
0
0
0
0
0
0
0
0
0
0
0
0
0
0
0
0
0
0
0
0
0
0
0
0
0
0
0
0
0
0
0
0
0
0
0
0
0
0
0
0
0
0
0
0
0
0
0
0
0
0
0
0
0
0
0
0
0
0
0
0
0
0
0
0
0
0
0
0
0
0
0
0
0
0
0
0
0
0
0
0
0
0
0
0
0
0
0
0
0
0
0
0
0
0
0
0
0
0
0
0
0
0
0
0
0
0
0
0
0
0
0
0.0532152
0
0.0532152
0.0532152
0.0532152
0.0532152
0.0532152
0.0532152
0.0532152
0.0532152
0.0532152
0.0532152
0.0532152
0.0532152
0.0532152
0.0532152
0.0532152
0.0532152
0.0532152
0.0532152
0.0532152
0.0532152
0
0
0
0
0
0
0.0532152
0.0532152
0
0.0532152
0.0532152
0.0532152
0.0532152
0.0532152
0.0532152
0.0532152
0.0532152
0
0.0532152
0.0532152
0.0532152
0.0532152
0.0532152
0.0532152
0.0532152
0.0532152
0.0532152
0.0573421
0
0
0.0601385
0
0
0.0532152
0.0532152
0
0
0
0
0
0.0537022
0
0
0
0.0532246
0.0532152
0
0
0
0
0
0
0
0
0
0
0
0
0
0
0.0532152
0.0532152
0
0
0.0553425
0.0553425
0
0
0
0
0
0
0
0
0
0
0
0
0
0
0
0.0625458
0.0625458
0
0
0
0
0
0
0
0
0
0
0
0
0
0
0
0
0
0
0
0
0
0
0
0
0
0
0
0
0
0
0
0
0
0
0
0
0
0
0
0
0
0
0
0
0
0
0
0
0
0
0
0
0
0
0
0
0
0
0
0
0
0.0532152
0.0532152
0
0.0532152
0.0532152
0.061242
0.0532152
0.0532246
0.0563324
0.0532152
0.0532435
0
0.0532907
0
0.0532152
0
0
0
0
0
0.0553425
0.0553425
0.0553425
0
0
0
0
0
0
0
0
0
0
0
0
0
0
0
0
0
0
0
0
0
0
0
0
0
0
0
0
0
0
0
0
0
0
0
0
0
0
0
0
0
0
0
0
0
0
0
0
0
0
0
0
0
0
0
0
0
0
0
0
0
0
0
0
0.0625458
0.0625458
0.0625458
0.0532718
0
0.0530932
0.0530932
0.0532813
0.05314
0
0
0
0
0
0
0
0
0
0
0
0
0
0
0
0
0
0
0
0
0
0
0
0
0
0
0.0531494
0.0531494
0.0636607
0.0531494
0.0540442
0.0532718
0.0531119
0
0
0
0
0
0.0531119
0.0532152
0.0532152
0.0532152
0.0532152
0.0534236
0
0
0
0
0
0
0
0
0
0
0
0
0
0
0
0
0.0537409
0
0
0
0
0
0
0
0
0
0
0
0
0
0
0.0534236
0.0550065
0.128698
0.0534618
0.0539066
0.0552896
0.0604536
0
0
0
0
0
0
0
0
0
0
0
0
0
0
0
0
0
0
0
0
0
0
0
0
0
0
0
0
0
0
0
0
0
0
0
0
0
0
0
0
0
0
0
0.0563436
0
0
0
0
0
0
0
0
0
0
0
0
0
0
0
0
0
0
0
0
0
0
0
0
0
0
0
0
0
0
0
0
0
0
0
0
0
0
0
0
0
0
0
0
0
0
0
0
0
0
0
0
0
0
0
0
0.0361226
0
0
0
0
0
0
0
0
0
0
0
0
0
0
0
0
0
0
0
0
0
0
0
0
0
0
0
0
0
0
0
0
0
0
0
0
0
0
0
0
0
0
0
0
0
0.0561545
0
0
0
0
0
0
0
0
0
0
0
0
0
0
0
0
0
0
0
0
0
0
0
0
0
0
0
0
0
0
0
0
0
0
0
0
0
0
0
0
0
0
0
0
0
0
0
0
0
0
0
0
0
0
0
0
0
0
0
0
0
0
0
0
0
0
0
0
0
0
0
0
0
0
0
0
0
0
0
0
0
0
0
0
0
0
0
0
0
0
0
0
0
0
0
0
0
0
0
0
0
0
0
0
0
0
0
0
0
0
0
0
0
0
0
0
0
0
0
0
0
0
0
0
0
0
0
0
0
0
0
0
0
0
0
0
0
0
0
0
0
0
0
0
0
0
0
0
0
0
0
0
0
0
0
0
0
0
0
0
0
0
0
0
0
0
0
0
0
0
0
0
0
0
0
0
0
0
0
0
0
0.090167
0.090167
0.090167
0.090167
0.190261
0.190261
0.234082
0.234082
0
0.090167
0.229416
0.229416
0.27735
0
0
0
0
0
0
0
0.0361108
0
0
0
0
0
0
0
0
0
0
0
0
0
0
0
0
0
0
0
0
0
0
0
0
0
0
0
0
0
0
0
0
0
0
0
0
0
0
0
0
0
0
0
0
0
0
0
0
0
0
0
0
0
0
0
0
0
0
0
0
0
0
0
0
0
0
0
0
0
0
0
0
0
0
0
0
0
0
0
0
0
0
0
0
0
0
0
0
0
0
0
0
0
0
0
0
0
0
0
0
0
0
0
0
0
0
0
0
0
0
0
0
0
0
0
0
0
0
0
0
0
0
0
0
0
0
0
0
0.0361108
0.0361108
0.0361108
0.0361108
0.0361108
0.0361108
0.0361108
0.0361108
0.0361108
0
0
0
0
0
0
0
0
0
0
0
0
0
0
0
0
0
0
0
0
0
0
0
0
0
0
0
0
0
0
0
0
0
0
0
0
0
0
0
0
0
0
0
0
0
0
0
0
0
0
0
0
0
0
0
0
0
0
0
0
0
0
0
0
0
0
0
0.0389952
0.0389952
0.0389952
0.0389952
0.0389952
0
0
0
0
0
0
0
0
0
0
0
0
0.0521907
0.0521907
0
0
0
0
0
0.0361108
0
0
0
0
0
0
0
0
0
0
0
0
0
0
0
0
0
0
0
0
0
0
0
0
0
0
0
0
0
0
0
0
0
0
0
0
0
0
0
0
0
0
0
0
0
0
0
0
0
0
0
0
0
0
0
0
0
0
0
0
0
0
0
0
0
0
0
0.0361138
0.0361138
0.0361138
0.0361138
0.0361138
0.0361138
0.0361138
0.0361138
0.0361138
0.0361138
0.0361138
0
0
0
0
0
0
0
0
0.0361108
0.0361108
0.0361108
0.0361108
0.0361108
0.0361108
0.0361108
0.0361108
0.0361108
0.0361108
0.0361108
0.0361108
0.0361108
0.0361108
0.0361108
0.0361108
0.0361108
0.0361108
0.0361108
0.0361108
0.0361108
0.0361108
0.0361108
0.0361108
0
0
0
0
0.0361108
0
0
0
0
0
0
0
0
0
0
0
0
0
0
0
0
0
0
0
0
0
0
0
0
0.0360785
0.0360785
0.0360785
0
0
0
0
0
0
0
0
0
0
0.0361108
0.0361108
0.0361108
0
0
0
0
0
0
0
0
0
0
0
0
0
0
0
0
0
0
0
0
0
0
0
0
0
0.0360785
0.0360785
0.0360785
0
0
0
0
0
0
0
0
0
0
0
0
0
0
0
0
0
0
0
0
0
0
0
0
0
0
0
0
0
0
0
0
0
0
0
0
0
0
0
0.0361108
0.0361108
0.0361108
0.0361108
0.0361108
0.0361108
0.0361108
0.0361108
0.0361108
0.0361108
0.0361108
0.0361108
0.0361108
0.0361108
0.0361108
0.0361108
0.0361108
0.0361108
0.0361108
0.0361108
0.0361108
0.0361108
0.0361108
0.0361108
0.0361108
0.0361108
0.0361108
0.0361108
0
0
0.0361108
0.0361108
0.0361108
0.0361108
0.0361108
0.0361108
0.0361167
0
0
0
0
0
0.0573893
0.0573893
0.0573893
0
0
0
0
0.0569919
0.0569919
0.0569919
0.0569919
0.0569919
0.0569919
0.0569919
0.0569919
0.0569919
0
0
0
0
0
0
0
0
0
0
0
0
0
0
0
0
0
0
0
0
0
0
0
0
0
0
0
0
0
0
0
0
0
0
0
0
0
0
0
0
0
0
0
0
0
0
0
0
0
0
0
0
0
0
0.0361108
0.0361108
0
0
0
0
0
0
0
0
0
0
0
0
0
0
0
0
0
0
0
0
0
0
0
0.0515283
0.0515283
0.0515283
0.0515283
0.0515283
0.0515283
0.0515283
0.0515283
0.0515283
0.0515283
0.0515283
0.0515283
0.0515283
0.0515283
0.0515283
0.0515283
0.0515283
0.0515283
0.0515283
0.0515283
0.0515283
0
0.0515283
0.0616187
0.0515283
0.0515283
0.0515283
0.0515368
0.0515368
0.0515368
0.0515368
0.0515368
0.0515368
0.0515368
0.0515283
0.0515283
0.061736
0
0
0
0
0.0590539
0.0590539
0
0
0
0.0638551
0.0671345
0.0651117
0
0
0
0
0
0
0
0
0
0
0
0
0.0586336
0.0586336
0.0586336
0.0586336
0
0
0
0
0.0588108
0.0588108
0.0588108
0
0
0
0
0
0.0588108
0.0588617
0.0588108
0.0588108
0.0588108
0.0588108
0.0588108
0
0
0
0
0
0
0
0
0
0
0
0.0515368
0.0515368
0.0515368
0
0.0515283
0.0515283
0.0515283
0.0515283
0
0
0
0.0515283
0.0515283
0.0515283
0.0515283
0.0515283
0.0515283
0.0515283
0.0515283
0.0515283
0.0515283
0.0515283
0.0615166
0.0615166
0.0515368
0.0515454
0.0515368
0.0586336
0.0592479
0.0586841
0.0515283
0.0515283
0
0
0
0
0
0
0
0.0515283
0.0515283
0.0515283
0.0515283
0.0515283
0.0515283
0.0515283
0
0
0
0
0.0515283
0.0515283
0.0515283
0.0616187
0
0
0.0616187
0.0616187
0.0616187
0.0515283
0.0515283
0.0616187
0.0616187
0
0
0
0
0
0.0515283
0.0515283
0.0515283
0.0515283
0
0
0
0
0
0.0517261
0
0
0
0
0.0517261
0.0517261
0.0517261
0.0517261
0
0
0
0
0
0
0
0.0517261
0
0.0517261
0.0615166
0.0615166
0.0615166
0.0515283
0.0515283
0.0515283
0.0515283
0.0515283
0.0515283
0.0515283
0.0515283
0.0515283
0.0515283
0.0515283
0.0515283
0.0515283
0.0515283
0.0515283
0.0515283
0.0515283
0.0515283
0.0515283
0.0515283
0.0515283
0.0515283
0.0515283
0.0515283
0.0515283
0.0515283
0.0515283
0.0515283
0.0515283
0.0515283
0.0515283
0.0515283
0.0515283
0.0515283
0.0515283
0.0515283
0.0515283
0.0515283
0.0515283
0.0515283
0.0515283
0.0515283
0.0515283
0.0515283
0.0515283
0.0515283
0.0586462
0
0
0
0.0515283
0.0515283
0.0515283
0.0515283
0.0515283
0
0
0
0
0
0.0520403
0
0.0515283
0.0515368
0.0515368
0.0515368
0.0515368
0.0515368
0.0515368
0.0515368
0
0.0515368
0.0515368
0
0
0
0
0
0
0
0
0
0
0
0
0
0
0
0
0
0
0.0561545
0
0
0
0.0561545
0.0561545
0
0
0
0
0
0
0
0
0
0
0
0
0
0
0
0
0
0
0
0
0
0
0
0
0
0
0
0
0
0
0
0
0
0
0
0
0
0
0
0
0
0
0
0
0
0
0
0
0
0
0
0
0
0
0
0
0
0
0
0
0
0
0
0
0
0
0
0
0
0
0
0
0
0
0
0
0
0
0
0
0
0
0
0
0
0
0
0
0
0
0
0
0
0
0
0
0
0
0
0
0
0
0
0
0
0
0
0
0
0
0
0
0
0
0
0
0
0
0
0
0
0
0
0
0
0
0
0
0
0
0
0
0
0
0
0
0
0
0
0
0
0
0
0
0
0
0
0
0
0
0
0
0
0
0
0
0.0626071
0.0626071
0.0626071
0.0626071
0.0626071
0.0626071
0.0626224
0.0626224
0
0
0.0626224
0.0626224
0.0626224
0.0626224
0.0626071
0.0626071
0.0626071
0
0.0626071
0
0.0626071
0.0626071
0
0
0
0
0
0
0
0
0
0.0626071
0
0.0626071
0
0
0
0.0626071
0
0
0.0626071
0.0626071
0
0
0
0
0
0
0.0633724
0.0633724
0
0
0
0
0
0
0
0
0
0
0
0
0
0
0
0
0
0
0
0
0
0
0
0
0
0
0
0
0
0
0.0666852
0
0
0
0
0
0
0
0.06742
0.06742
0
0
0
0
0
0
0
0
0
0
0
0
0
0
0
0
0
0
0
0
0
0
0.0605644
0.0605644
0.0605644
0.0605644
0
0.0605644
0.0605644
0.0605644
0.0605644
0
0
0
0.0605644
0.0605644
0.0605644
0
0
0.0629161
0
0
0.0629161
0
0
0
0
0
0
0.0636285
0.0636285
0
0
0.0627456
0
0
0
0.0619133
0.0619133
0
0.0515283
0
0.0515283
0.0515283
0
0
0
0
0.0618097
0
0.0618097
0.0618097
0.0625918
0.0628539
0.0628539
0
0
0
0
0.0515283
0
0
0
0
0
0
0.0515283
0
0
0
0
0
0
0
0
0
0
0
0
0
0
0
0
0
0
0
0
0
0
0
0
0
0
0
0
0
0
0
0
0
0
0
0
0
0
0.0602886
0.0602886
0
0.0626224
0.0626224
0.0626224
0.0626224
0.0626224
0.0626224
0.0626224
0.0626224
0.0626224
0.0594964
0.0594964
0
0.0602886
0.0594964
0
0.0594964
0.0594964
0.0594964
0.0594964
0.0594964
0
0
0
0
0
0
0
0
0
0
0
0
0
0
0
0
0
0
0
0
0.0586588
0
0
0
0
0
0
0
0
0
0
0
0
0
0
0
0
0
0
0
0
0
0
0
0
0
0
0
0
0
0
0
0
0
0
0
0
0
0
0
0
0
0
0
0
0
0
0
0
0
0
0
0
0
0
0
0
0
0
0
0
0
0
0
0
0
0
0
0
0
0
0
0
0
0
0
0
0
0
0
0
0
0
0
0
0
0.0602886
0.0606757
0.0606757
0.0606757
0.0606757
0.0606757
0
0.0606757
0.0606757
0
0.0626224
0.0626224
0.0626224
0.0626224
0.0626224
0
0
0
0
0.0626224
0.0626224
0.0626224
0.0626224
0
0.0626993
0.0651117
0.0651117
0.0651117
0.0626224
0
0.0626224
0.0626224
0
0
0
0
0
0
0
0
0
0
0.0599356
0.0599356
0.0599356
0
0
0
0
0
0
0.0600571
0
0
0
0
0
0
0
0
0
0
0
0
0
0.0595623
0
0
0
0
0
0.059655
0.0638714
0.0597614
0.0597614
0.0597614
0
0
0.0597614
0
0
0.0597614
0.0595755
0.0638226
0.0598282
0
0
0.0598282
0
0
0.0598282
0
0
0.0598282
0.0598282
0.0598282
0
0
0.0598282
0
0.0598282
0
0
0.0591183
0
0.0591183
0.0591183
0.0591183
0.0591183
0
0
0
0
0.0591183
0.0591183
0
0
0
0
0
0
0
0
0
0.0591183
0
0
0
0
0
0
0
0
0
0
0
0
0
0
0
0
0
0
0
0
0
0
0
0
0
0
0
0
0
0
0
0
0
0
0
0
0
0
0
0
0
0
0
0
0
0
0
0
0
0
0
0
0
0
0
0
0
0
0
0
0
0
0
0
0
0
0
0
0
0
0
0
0
0
0
0
0
0
0
0
0
0
0
0
0
0
0
0
0
0
0
0
0
0
0
0
0
0
0
0
0
0
0
0
0
0
0
0
0
0
0
0
0
0
0
0
0
0
0
0
0
0
0
0
0
0
0
0
0
0
0
0
0
0
0
0
0
0
0
0
0
0
0
0
0
0
0
0
0
0
0
0
0
0
0
0
0
0
0
0
0
0
0
0
0
0
0
0
0
0
0
0
0
0
0
0
0
0
0
0.0620472
0.0632614
0
0.0589
0.0589
0.0589
0.0515283
0.0515283
0.0515283
0
0
0
0.0524954
0.0517954
0.0517954
0.0517954
0.0613283
0.0613283
0
0
0.0515283
0.0515283
0
0
0.0515283
0.0515283
0.0515283
0.0515283
0.0515283
0.0515283
0.0515283
0.0635001
0.0635001
0.0635001
0.0515283
0.0515283
0
0.0515283
0.0515283
0.0605644
0.0605644
0.0605644
0.0605644
0.0605644
0.0609569
0.0609569
0.0605644
0.0605644
0
0
0
0
0
0.0363907
0.0363907
0.0363907
0.0363907
0.0363907
0.0363907
0.0363907
0.0363907
0.0363907
0.0363907
0.0363907
0.0363907
0.0363907
0.0363907
0.0363907
0.0363907
0.0363907
0.0363907
0.0363907
0.0363907
0.0363907
0.0363907
0.0363907
0.0363907
0.0363907
0.0363907
0.0363907
0.0363907
0.0363907
0.0363907
0.0363907
0.0363907
0.0363907
0.0363907
0.0363907
0.0363907
0.0363907
0.0363907
0.0363907
0.0363907
0.0363907
0.0363907
0.0363907
0.0363907
0.0363907
0.0363907
0.0363907
0.0363907
0.0363907
0.0363907
0.0363907
0.0363907
0.0363907
0.0363907
0.0363907
0.0363907
0.0363907
0.0363907
0.0363907
0.0363907
0.0363907
0.0363907
0.0363907
0.0363907
0.0363907
0.0363907
0.0515283
0.0515283
0.0515283
0.0515283
0
0.0363907
0.0363907
0
0
0.0363907
0.0363907
0.0363907
0
0
0.0363907
0.0363907
0
0.0363907
0.0363907
0.0363907
0.0363907
0.0363907
0.0363907
0.0363907
0.0363907
0.0363907
0.0363907
0.0363907
0.0363907
0.0363907
0.0363907
0.0363907
0.0363907
0.0363907
0.0363907
0.0379834
0.0379834
0.0363907
0
0.0363907
0.0363907
0.0363907
0.0363907
0.0364239
0.0364239
0
0
0.0363907
0.0363907
0.0364239
0.0364239
0.0363907
0.0364239
0.0395401
0.0395401
0.0509069
0.0509069
0.0395401
0.0438055
0.0438898
0
0
0
0
0
0.0438055
0.0438055
0
0
0
0
0
0
0
0
0.0506207
0.0506207
0.0506207
0
0.0506207
0.0364239
0.0364239
0.0364541
0.0364541
0.0364239
0.0364239
0.0364239
0.0364239
0
0
0
0
0
0.0364239
0
0.0364239
0.0364239
0.0364541
0.0364541
0.039984
0
0
0
0
0
0
0
0
0
0
0
0
0
0
0
0
0
0
0
0
0
0
0
0.03838
0.03838
0.03838
0
0
0
0
0.0477206
0.0477206
0
0
0.0477206
0.0477206
0.0477206
0.0477206
0.0477206
0.0401165
0.0401165
0.0401165
0.0590024
0.0590024
0
0.0590024
0.0590024
0.0590024
0.0401165
0.0401165
0.0401165
0.0590024
0.0590024
0.0590024
0.0590024
0.0401165
0.0401165
0.0401165
0.0401165
0.0436384
0.0590024
0.0401165
0.0401165
0.0401165
0.0494242
0.0494242
0.0401165
0.0401165
0.0401165
0.0401165
0.0401165
0
0
0
0
0
0
0.0465746
0.0465746
0.0465746
0.0465746
0.0465746
0.0791497
0
0
0
0
0
0
0
0
0
0
0
0
0
0
0
0
0
0.0365881
0.0365728
0.0438898
0.0365881
0
0.0365881
0.0365881
0
0
0
0
0
0
0
0
0
0
0
0
0
0
0
0
0
0
0
0
0
0
0
0
0
0
0
0
0
0
0
0
0
0
0
0.0442374
0
0
0
0
0
0
0
0
0
0
0
0
0
0
0
0
0
0
0
0
0
0
0
0
0
0
0
0
0
0
0
0
0
0
0
0
0
0
0
0
0
0
0
0
0
0
0
0
0
0
0
0
0
0
0
0
0
0
0
0
0
0
0
0
0
0
0
0
0
0
0
0
0
0.0499143
0.0499143
0
0.0432338
0
0.0432338
0.0432338
0.0432338
0.0432338
0.0432338
0.0432338
0.0432338
0.0472653
0.0472653
0.0472653
0.0432338
0
0
0
0
0
0
0
0
0
0
0
0
0
0
0.0364239
0.0364239
0
0
0.0506207
0
0.0395401
0.039984
0
0
0
0
0.0506289
0
0
0
0
0
0
0.0383236
0.03838
0
0
0
0.0791497
0
0
0
0
0
0.0401165
0
0.0442374
0
0
0
0
0.0365881
0
0
0
0
0
0.0364239
0
0
0
0
0.0432338
0.0432338
0.0432338
0.0432338
0
0
0
0
0
0
0
0
0
0.0364239
0.0364239
0.0364239
0.0364239
0.0364239
0.0364239
0.0364239
0.0364239
0.0364239
0.0364239
0.0364239
0.0364239
0.0364239
0
0
0.0383694
0.0383694
0
0
0
0.0364239
0.0364239
0.0364239
0.0364239
0.0364239
0.0364239
0.0364239
0.0364239
0.0364239
0.0514941
0.0514941
0
0.0514941
0
0.0514941
0.0364239
0.0364239
0.0364239
0.0364239
0
0
0.0364239
0
0
0
0
0.0364239
0
0
0
0
0
0
0
0
0
0
0
0
0
0
0
0.0515283
0
0
0.0515283
0
0
0
0
0.0364239
0.0364239
0.0515283
0.0515283
0.0515283
0.0515283
0.0364239
0.0364239
0.0364239
0.0364239
0.0516656
0.0364239
0.0364239
0.0438898
0.0438898
0.0438898
0
0.0438898
0.0438898
0
0
0
0
0
0
0
0
0
0
0.0364239
0.0364239
0.0364239
0.0364239
0.0364239
0.0364239
0.0364239
0.0515283
0.0515283
0.0515283
0.0515283
0.0515283
0.0515283
0.0515283
0.0515283
0.0515283
0.0364239
0
0.0364239
0.0364239
0.0364239
0.0364239
0.0565008
0.0364239
0.0367483
0
0
0
0
0
0
0
0
0
0
0
0
0
0
0
0
0
0
0
0
0
0
0
0
0
0
0
0.0506289
0
0
0
0
0.115182
0
0
0
0
0
0
0
0
0
0
0
0
0
0.0508904
0
0
0
0
0
0
0
0
0
0
0
0
0
0
0
0
0
0
0
0
0
0
0
0
0
0
0
0
0
0
0
0.0395401
0
0.03838
0
0
0
0
0
0
0.0364239
0.0452911
0.0399083
0
0
0.0365697
0
0.0364239
0.0364239
0
0
0
0
0
0.0515283
0
0
0
0
0
0
0
0
