0
0
0
0
0
0
0
0
0
0.0557538
0.0557538
0.0557538
0.0557538
0.0557538
0
0
0
0
0
0
0
0
0
0
0
0
0
0
0
0
0
0
0
0
0
0
0
0
0
0
0
0
0
0
0
0
0
0
0
0
0
0
0
0
0
0
0
0
0
0
0
0
0
0
0
0
0
0
0
0
0
0
0
0
0
0
0
0
0
0
0
0
0
0
0
0
0
0
0
0
0
0
0
0
0
0
0
0
0
0
0
0
0
0
0
0
0
0
0
0
0
0
0
0
0
0
0
0
0
0
0
0
0
0
0
0
0
0
0
0
0
0
0
0
0
0
0
0
0
0
0
0
0
0
0
0
0.0557538
0
0
0
0
0
0
0.0389205
0.0557538
0.0398196
0
0
0
0
0
0
0
0
0
0
0
0
0
0
0
0
0
0
0
0
0
0
0
0
0
0
0
0
0
0
0
0
0
0.0557538
0.0557538
0.0557538
0.0557538
0.0557538
0.0557538
0.0557538
0.0557538
0.0557538
0.0557538
0
0
0
0
0
0
0
0
0
0
0
0
0
0
0
0
0
0
0
0
0
0
0
0
0
0
0
0
0
0
0
0
0
0
0
0
0
0
0
0
0
0
0
0
0
0
0
0
0
0
0
0
0
0
0
0
0
0
0
0
0
0
0
0
0
0
0
0
0
0
0
0
0
0
0
0
0
0
0
0.0557538
0.0557538
0
0.0557538
0.0557538
0.0557538
0
0
0
0
0
0
0
0
0
0
0
0
0
0
0
0
0
0
0
0
0
0
0
0
0
0
0
0
0.0557538
0.0557538
0.0557538
0.0557538
0.0557538
0.0557538
0
0.0557538
0
0
0
0
0
0
0
0
0
0
0
0
0
0
0
0
0
0
0
0
0
0
0
0
0
0
0
0
0
0
0
0
0
0
0
0
0
0
0
0
0
0
0
0
0
0
0
0
0
0
0
0
0
0
0
0
0
0
0
0
0
0
0
0
0
0
0
0
0
0
0
0
0
0
0
0
0
0
0
0
0
0
0
0
0
0
0
0
0
0
0
0
0
0
0
0
0
0
0
0
0
0
0
0
0
0
0
0
0
0
0
0
0
0
0
0
0
0
0
0
0
0
0
0
0
0
0
0
0
0
0
0
0
0
0
0
0
0
0
0
0
0
0
0
0
0
0
0
0
0
0
0
0
0
0
0
0
0
0
0
0
0
0
0
0
0
0
0
0
0
0
0
0
0
0
0
0
0
0
0
0
0
0
0
0
0
0
0
0
0
0
0
0
0
0
0
0
0
0
0
0
0
0
0
0
0
0
0
0
0
0
0
0
0
0
0
0
0
0
0
0
0
0
0
0
0
0
0
0
0
0
0
0
0
0
0
0
0
0
0
0
0
0
0
0
0
0
0
0
0
0
0
0
0
0
0
0
0
0
0
0
0
0
0
0
0
0
0
0
0
0
0
0
0
0
0
0
0
0
0
0
0
0
0
0
0
0
0
0
0
0
0
0
0
0
0
0
0
0
0
0
0
0
0
0
0.0419213
0.0557538
0.0557538
0
0
0
0
0.0557538
0.0557538
0
0.0557538
0.0557538
0
0
0
0
0
0
0
0
0
0
0
0
0
0
0
0
0
0
0
0
0
0
0
0
0
0
0
0
0
0
0
0
0
0
0
0
0
0
0
0
0
0
0
0
0
0
0
0
0
0
0
0
0
0
0
0
0
0
0
0
0
0
0
0
0
0
0
0
0
0
0
0
0
0
0
0
0
0
0
0
0
0
0
0
0
0
0
0
0
0
0
0
0
0
0
0
0
0
0
0
0
0
0
0
0
0
0
0
0
0
0
0
0
0
0
0
0
0
0
0
0
0
0
0
0
0
0
0
0
0
0
0
0
0
0
0
0
0
0
0
0
0
0
0
0
0
0
0
0
0
0
0
0
0
0
0
0
0
0.0557538
0.0557538
0.0557538
0.0557538
0.0557538
0.0557538
0.0557538
0
0
0
0
0
0
0
0
0
0
0
0
0
0
0
0
0
0
0
0
0
0
0
0
0
0
0
0
0
0
0
0
0
0
0
0
0
0
0
0
0
0
0
0
0.0482762
0.0482762
0.0482762
0.0482762
0
0.0482762
0.0482762
0.0482762
0.0484033
0.0484033
0.0484033
0.0484033
0.0484033
0.0482762
0
0
0
0
0
0.0459279
0.0459279
0.0459279
0.0459279
0.0459279
0.0459279
0
0
0
0
0
0
0
0.0557538
0.0557538
0.0557538
0.0557538
0.0557538
0.0557538
0.0557538
0
0
0
0
0.0557538
0.0557538
0.0557538
0.0557538
0
0
0
0
0
0
0
0
0
0
0
0
0
0
0
0.0557538
0.0557538
0
0.0557538
0.0557538
0
0.0557538
0.0557538
0
0
0
0
0
0
0.0557538
0.0557538
0
0
0
0.0558581
0
0
0
0
0
0
0
0
0
0
0
0.0557538
0
0.0557538
0
0
0.0557538
0
0
0
0
0
0
0
0
0
0
0
0
0
0
0
0.0557538
0
0
0
0
0
0
0
0
0
0
0
0
0
0
0
0
0
0
0
0
0
0
0
0
0
0
0
0
0
0
0
0.0676201
0.0676201
0
0.0680414
0
0.0718885
0
0.0729131
0
0.0760726
0
0.0825629
0
0.0843949
0
0.0849412
0.351364
0
0
0
0
0
0
0
0
0
0
0
0
0
0
0
0
0
0
0
0
0
0
0
0
0
0
0
0
0
0
0
0
0
0
0
0
0
0
0
0
0
0
0
0
0
0
0
0
0
0
0
0
0
0
0
0
0
0
0.0452981
0.0557538
0
0
0
0.0557538
0
0.0557538
0.0238705
0.0557538
0
0.0557538
0
0
0
0
0
0.0557538
0
0.0557538
0
0
0
0
0
0.0458952
0.0459279
0
0.0459279
0.0458952
0.0458952
0.0458952
0.0458952
0.0458952
0.0458952
0.0458952
0.145479
0
0
0
0.0459279
0
0
0.0557538
0.0557538
0.0557538
0.0557538
0.0557538
0.0557538
0.0557538
0.0557538
0.0557538
0.0557538
0.0557538
0.0557538
0.0557538
0.0557538
0.128063
0.128063
0.128063
0.128063
0.128063
0.128063
0.128063
0.128063
0.128063
0.128063
0
0.0557538
0.0557538
0
0.0557538
0
0
0
0
0
0
0
0
0
0
0
0
0
0
0
0
0
0
0
0
0
0
0
0
0
0
0
0
0.0557538
0
0
0
0
0
0
0
0
0
0.0557538
0.0557538
0.0557538
0.0557538
0.0557538
0.0557538
0.0557538
0.0557538
0.0557538
0.0557538
0
0.0557538
0
0.0557538
0.0557538
0.0557538
0.0557538
0.0557538
0
0.0557538
0.0557538
0.0557538
0.0557538
0.0557538
0
0
0
0
0.0557538
0
0.0557538
0
0
0
0
0
0
0
0
0
0
0
0
0
0
0
0
0
0
0.0475222
0.146176
0.146176
0.0475222
0.0475222
0
0
0
0
0
0
0
0
0
0
0
0
0.0557538
0
0.128063
0.128063
0
0.128063
0
0
0
0
0
0
0
0
0
0
0
0
0
0
0
0
0
0
0
0
0
0
0
0
0
0
0
0
0
0
0
0
0
0
0
0
0
0
0
0
0
0
0
0
0
0
0
0
0
0
0
0
0
0
0
0
0
0
0
0
0.0557538
0.0557538
0.0557538
0.0557538
0.0557538
0
0
0
0
0
0
0
0
0
0
0
0
0
0
0
0
0
0
0
0
0
0
0
0
0
0
0
0
0
0
0
0
0
0.0482762
0
0
0
0
0
0
0
0
0
0
0
0
0
0
0
0
0
0
0
0
0
0
0
0
0
0
0
0
0
0
0
0
0
0
0
0
0
0
0
0
0
0
0
0
0
0
0
0.0557538
0.0557538
0.0557538
0.0557538
0.0557538
0
0
0
0
0
0
0
0.0557538
0.0557538
0.0557538
0.0557538
0
0
0
0
0
0
0
0
0
0
0
0
0.0557538
0
0.0459279
0.0459279
0.0459279
0
0.0459279
0.0459279
0.0459279
0.0459279
0.0459279
0.0459279
0.0459279
0.0459279
0
0
0
0
0.0459279
0
0.0459279
0
0
0.0459279
0
0
0
0
0
0
0
0
0
0
0
0
0
0
0
0
0
0
0
0
0
0
0
0
0
0
0.0557538
0.0557538
0.0557538
0.0557538
0.0557538
0.0557538
0.0557538
0.0557538
0.0557538
0.0557538
0.0557538
0.0557538
0.0557538
0.069843
0.0701862
0.0969003
0.0969003
0.0972203
0.0972203
0
0.10117
0
0
0
0
0.10117
0.0647117
0.0647117
0.0647117
0.0647117
0.0647117
0
0
0
0.0647117
0.0928077
0.0558668
0.282843
0.0484288
0.0484288
0
0.0489878
0
0
0
0
0
0
0
0
0
0
0
0.0703423
0.0703423
0
0.070482
0
0
0
0
0
0
0
0.0558668
0
0.0558668
0.0558668
0.0558668
0
0.0558668
0.0558668
0
0.666667
0.666667
0.666667
0
0
0
0
0
0
0
0
0
0
0
0
0
0
0
0
0
0
0
0
0
0
0
0
0
0
0
0
0
0
0
0
0.319438
0
0.411693
0.418854
0.418854
0.418854
0.418854
0.418854
0.418854
0.418854
0.418854
0.418854
0.418854
0.48795
0.707107
0.48795
0.48795
0.48795
0.48795
0.48795
0
0
0.48795
0.418854
0.418854
0.418854
0
0.0557538
0.0557538
0
0.0558581
0.0557538
0.0557538
0.0557538
0.0557538
0.0557538
0.0557538
0.0558668
0.0558668
0.180114
0.0557538
0.0557538
0
0.0557538
0
0.0557538
0.466252
0.0557538
0.0557538
0.0557538
0
0
0
0
0
0.0557538
0
0
0
0
0.0557538
0
0.0557538
0.0557538
0.0557538
0.0557538
0
0.0557538
0.0557538
0.0557538
0.0557538
0.0557538
0.0557538
0.0557538
0.0557538
0
0.0557538
0.045917
0.045917
0.045917
0.045917
0.045917
0.0459388
0.0459388
0.045917
0
0.0557538
0.0557538
0.0557538
0.0557538
0
0
0
0
0
0
0
0
0
0
0
0
0
0
0
0.121514
0.121514
0.121514
0.152145
0
0.152145
0.152145
0.121919
0.121919
0.121919
0.121919
0.121919
0
0
0
0
0
0
0
0
0
0
0
0
0
0
0
0.0558668
0.0558668
0.0558668
0
0
0
0
0
0
0
0
0
0
0
0
0
0.0558668
0
0
0
0
0
0.0557538
0.0557538
0.0557538
0.0558668
0.0557538
0.0557538
0
0.0557538
0.0557538
0.0557538
0.0557538
0.0557538
0
0
0
0
0.0475342
0.0557538
0
0.0557538
0
0
0
0.0557538
0.0557538
0
0
0
0
0.0557538
0.0557538
0.0557538
0.0557538
0.0557538
0.0557538
0.0557538
0.0557538
0.0557538
0.0557538
0.0557538
0.0557538
0.0557538
0.0557538
0.0557538
0.0557538
0.0557538
0.0557538
0.0557538
0.0557538
0.0557538
0.0557538
0.0557538
0.0557538
0.0557538
0.0557538
0.0557538
0.0557538
0.0557538
0.0557538
0.0557538
0.0557538
0.0557538
0.0557538
0.0557538
0.0557538
0.0557538
0.0557538
0.0557538
0.0557538
0.0557538
0.0557538
0.0557538
0.0557538
0.0557538
0.0557538
0.0557538
0.0557538
0.0557538
0.0557538
0.0557538
0.0557538
0.0557538
0.0557538
0.0557538
0.0557538
0.0557538
0.0557538
0.0557538
0.0557538
0
0
0
0
0
0
0
0
0
0
0
0
0
0
0
0
0
0
0
0
0
0
0
0
0
0
0
0
0
0
0
0
0
0
0
0
0
0
0
0
0
0
0
0
0
0
0
0
0
0
0
0
0
0
0
0
0
0
0
0
0
0
0
0
0
0
0
0
0
0
0
0
0
0
0
0
0
0
0
0
0
0
0
0
0
0
0
0
0
0
0
0
0
0.180481
0
0.180481
0
0
0
0
0
0
0
0
0.231249
0
0
0
0
0
0
0
0
0
0
0
0
0
0
0
0
0
0
0
0
0
0
0
0.234404
0.234404
0.234404
0.234404
0.234404
0.234404
0.234404
0.234404
0.234404
0.234404
0.234404
0.234404
0.234404
0
0
0
0
0
0
0
0
0
0
0
0
0
0
0
0
0
0
0
0
0
0
0
0
0
0
0
0
0
0
0
0
0
0
0
0
0
0
0
0
0
0
0
0
0
0
0
0
0
0
0
0
0
0
0
0
0
0
0
0
0
0
0
0
0
0
0
0
0
0
0
0
0
0
0
0
0
0
0
0
0
0
0
0
0
0
0
0
0
0
0
0.130744
0.130744
0.130744
0.130744
0.130744
0
0
0
0
0
0
0
0
0
0
0
0
0
0
0
0
0
0
0
0
0
0
0
0
0
0
0
0
0
0
0
0
0
0
0
0
0
0
0
0
0
0
0
0
0
0
0
0
0
0
0
0.130744
0.130744
0.130744
0.130744
0.130744
0
0
0
0
0
0
0.130744
0
0
0
0
0
0
0
0
0
0
0
0
0
0
0.130744
0.253185
0.253185
0.253185
0.253185
0.253185
0.253185
0.253185
0
0.253185
0.253185
0.253185
0.253185
0.456435
0
0.57735
0.57735
0
0.632456
0.632456
0.632456
0.790569
0.235702
0.235702
0
0.248452
0.248452
0.415227
0.253185
0
0.253185
0.253185
0.253185
0.877058
0
1
1
1
0.702728
1
1
0.333333
0.608581
0.608581
0.608581
0.608581
0
0.745356
0.745356
0.745356
0.745356
0.745356
0.745356
0.745356
0
0
0
0
0
0
0
0
0
0
0
0
0
0
0
0.442807
0.466252
0.215166
0.493865
0
0.512989
0
0.766965
0.466252
0.466252
0.567962
0.351364
0.351364
0.351364
0.356348
0.430331
0
0
0
0.39148
0.39841
0
0
0
0
0
0
0
0
0
0
0
0.127103
0.127103
0.0557538
0.0557538
0.0557538
0.0557538
0.0557538
0.0557538
0.0557538
0.0557538
0.0557538
0.0557538
0.0557538
0.0557538
0.0557538
0.0557538
0.0557538
0.0557538
0.0557538
0.0557538
0
0
0
0
0
0.0557538
0.0557538
0.0557538
0.0557538
0.0557538
0.0557538
0.0557538
0.0557538
0.0557538
0.0557538
0.0557538
0.0557538
0.0557538
0.0557538
0.0557538
0.0557538
0.0557538
0.0557538
0.0557538
0.0557538
0.0557538
0.0557538
0.0557538
0.0557538
0.0557538
0.0557538
0.0557538
0.0557538
0.0557538
0.0557538
0.0557538
0.0557538
0.0557538
0.0557538
0.0557538
0.0557538
0.0557538
0.0557538
0.0557538
0.0557538
0.0557538
0.0557538
0.0557538
0.0557538
0.0557538
0.0557538
0.0557538
0.0557538
0.0557538
0.0557538
0.0557538
0.0557538
0.0557538
0.0557538
0.0557538
0.0557538
0.0557538
0.0557538
0.0557538
0.0557538
0.0557538
0.0557538
0.0557538
0.0557538
0.0557538
0.0557538
0.0557538
0.0557538
0.0557538
0.0557538
0.0557538
0.0557538
0.0557538
0.0557538
0.0557538
0.0557538
0.0557538
0.0557538
0.0557538
0.0557538
0.0557538
0.0557538
0.0557538
0.0557538
0.0557538
0.0557538
0.0557538
0.0557538
0.0557538
0.0557538
0.0557538
0.0557538
0.0557538
0.0557538
0.0557538
0.0557538
0.0557538
0.0557538
0.0557538
0.0557538
0.0557538
0.0557538
0.0557538
0.0557538
0.0557538
0.0557538
0.0557538
0.0557538
0.0557538
0.0557538
0.0557538
0.0557538
0.0557538
0.0557538
0.0557538
0.0557538
0.0557538
0.0557538
0.0557538
0.0557538
0.0557538
0.0557538
0.0557538
0.0557538
0.0557538
0.0557538
0.0557538
0.0557538
0.0557538
0.0557538
0.0557538
0.0557538
0.0557538
0.0557538
0.0557538
0.0557538
0.0557538
0.0557538
0.0557538
0.0557538
0.0557538
0.0557538
0.0557538
0.0557538
0.0557538
0.0557538
0.0557538
0.0557538
0.0557538
0.0557538
0.0557538
0.0557538
0.0557538
0.0557538
0.0557538
0.0557538
0.0557538
0.0557538
0.0557538
0.0557538
0.0557538
0.0557538
0.0557538
0.0557538
0
0
0.0557538
0.0557538
0.0557538
0.0557538
0.0557538
0.0557538
0.0557538
0.0557538
0.0557538
0.0557538
0.0557538
0.0557538
0.0557538
0.0557538
0.0557538
0.0557538
0.0557538
0.0557538
0.0557538
0
0.124805
0
0
0
0.0557538
0
0
0
0
0
0
0
0
0
0
0
0
0
0
0
0
0
0
0
0
0
0
0
0
0
0
0
0
0
0
0
0
0
0
0
0
0
0
0
0
0
0
0
0
0
0
0.121514
0
0
0.146176
0.146176
0
0
0
0
0
0
0
0
0.169882
0.169882
0.15891
0
0.0442677
0
0.0442677
0.0557538
0.0557538
0.0557538
0
0
0
0
0
0
0
0
0
0
0
0
0
0
0
0
0
0
0
0
0
0
0.0557538
0.0557538
0
0
0.0558494
0
0.0557538
0.0557538
0.0557538
0.0557538
0
0
0
0
0
0.0557538
0.0557538
0
0
0
0.0557538
0
0
0
0
0
0
0
0.0557538
0.0557538
0.0557538
0.0557538
0.0557538
0.0557538
0.0557538
0.0557538
0.0557538
0.0557538
0.0557538
0.0557538
0.0557538
0
0
0
0.0557538
0
0
0
0
0.253185
0
0.0908903
0.0908903
0.0908903
0
0
0
0
0
0
0
0
0
0.047619
0
0
0
0
0
0
0
0
0
0
0
0
0
0
0
0
0
0
0
0
0
0
0
0
0
0
0
0
0
0
0
0
0
0
0
0
0
0
0
0
0
0
0
0
0
0
0
0
0
0
0
0
0
0
0
0
0
0
0
0
0
0
0
0
0
0
0
0
0
0
0
0
0
0
0
0
0
0
0
0
0
0
0
0
0
0
0
0
0
0
0
0
0
0
0
0
0
0
0
0
0
0
0
0
0.0557538
0.0557538
0
0
0
0
0
0
0
0
0
0
0
0
0.0557538
0.0557538
0
0
0
0.0557538
0.0557538
0.0459388
0
0.0557538
0.0557538
0
0
0
0
0
0
0
0
0
0
0
0
0
0
0.0557538
0.0557538
0
0
0
0.0557538
0.0557538
0
0
0
0
0
0
0
0
0
0
0
0.0557538
0.0557538
0
0
0
0
0.0557538
0.0557538
0
0
0
0
0
0
0
0
0
0
0.0557538
0.0557538
0
0
0
0
0.0557538
0.0557538
0.0557538
0
0
0
0
0
0
0
0
0
0
0
0
0
0
0.114332
0
0
0
0
0.150585
0
0
0
0
0
0
0.0458952
0
0.0557538
0.0557538
0
0
0
0
0
0
0
0
0
0
0.0557538
0.0557538
0
0
0
0.0557538
0.0557538
0.0557538
0
0
0
0
0
0
0
0
0
0
0.0557538
0.0557538
0
0.0557538
0
0
0
0
0
0
0
0
0.0557538
0.0557538
0.0557538
0.0557538
0
0
0
0
0
0.0483016
0
0
0
0
0
0
0
0
0
0
0
0
0
0
0
0
0
0.0459279
0.0557538
0.0557538
0
0
0
0
0
0
0
0.0557538
0.0557538
0.0557538
0.0557538
0
0.118407
0.118407
0.118407
0.118407
0.118407
0.118407
0.118407
0.118407
0
0
0
0
0
0
0.121514
0.121514
0.134963
0
0
0
0.121514
0.121514
0.121514
0
0
0.168251
0
0
0
0
0
0
0
0
0
0.121514
0.121514
0
0.121514
0
0
0
0.152944
0.152944
0
0.152944
0.152944
0.152944
0.152944
0.121514
0.121514
0
0
0.152944
0.152944
0.152944
0.182119
0.182119
0.182119
0
0.153755
0
0.153755
0.152944
0.152944
0.152944
0
0.152944
0.152944
0.163136
0.169334
0.169334
0
0.173292
0.173292
0
0.173292
0.178174
0.178174
0
0.178174
0
0.178174
0.173292
0.133601
0
0.133601
0.133601
0.133601
0.133601
0
0
0
0
0.133601
0.133601
0
0.133601
0.153755
0.15458
0.15458
0
0.172709
0.172709
0
0.15458
0.15458
0
0.153755
0.173292
0.173292
0.173292
0
0
0
0
0
0
0.069188
0.069188
0.069188
0
0
0
0.110499
0.121514
0.069188
0.069188
0.069188
0
0.069188
0
0
0
0
0
0
0
0
0
0
0
0
0
0
0
0
0
0
0
0
0
0
0
0
0
0
0
0
0
0
0
0
0
0
0.121514
0
0
0
0
0
0
0
0
0
0
0
0
0
0
0
0
0
0
0
0
0
0
0
0.161217
0
0
0
0.112849
0.112849
0
0
0
0
0
0
0
0
0
0
0
0
0
0
0
0
0
0
0
0
0
0
0
0
0
0
0
0
0
0.0557538
0.0557538
0.0557538
0.0557538
0.128063
0.128063
0.0557538
0.0557538
0.0557538
0.0557538
0.0557538
0.0557538
0.0557538
0.0557538
0.0558668
0.0558668
0
0.0558668
0.0557538
0.0557538
0
0
0
0
0
0
0
0
0
0.0557538
0.0557538
0
0.0557538
0.0557538
0.0557538
0.0558668
0.0557538
0.0557538
0.0557538
0
0
0.0557538
0.0557538
0.0557538
0.0557538
0.0557538
0.0557538
0.0557538
0.0557538
0
0.0501239
0
0
0
0.0557538
0.0482257
0
0.0459388
0.0459388
0
0
0
0
0
0.070482
0.253185
0.253185
0.253185
0.253185
0.253185
0.253185
0.253185
0
0.253185
0.253185
0.253185
0.745356
0.253185
0.253185
0.253185
0.253185
0.253185
0.253185
0.253185
0.0557538
0.0557538
0.0557538
0.0557538
0.0635353
0.0635353
0.0635353
0.0635353
0.0635353
0
0.071229
0
0
0
0.071229
0
0
0
0
0
0
0
0
0
0.0557538
0.0557538
0.0557538
0.0557538
0.0557538
0.0557538
0.0557538
0.0557538
0.0557538
0.0557538
0.0557538
0.0557538
0
0
0
0
0
0
0.0557538
0.0557538
0.0557538
0.0557538
0
0
0
0
0
0
0.0535134
0.0535134
0
0
0
0
0
0
0
0
0
0
0
0
0
0
0
0
0
0.0557538
0.0557538
0.0557538
0.0557538
0.0557538
0.0557538
0
0.0557538
0.0557538
0.0557538
0.0557538
0
0.0557538
0.0557538
0.0557538
0.0557538
0
0.0557538
0.0557538
0.0557538
0.0557538
0
0
0
0
0.0557538
0.0557538
0.0557538
0.0557538
0.0557538
0.0557538
0.0557538
0.0557538
0.0557538
0.0557538
0.234404
0
0.0557538
0.0557538
0.0557538
0.0557538
0.0557538
0.0557538
0.0557538
0.0557538
0.0557538
0.0557538
0.0557538
0.0557538
0
0
0
0
0.0557538
0
0.0557538
0.0557538
0.0557538
0.0557538
0
0.0557538
0.0557538
0
0
0
0
0
0.0557538
0
0.0557538
0
0
0
0
0
0.0557538
0.0557538
0.0557538
0.0557538
0.0557538
0
0
0.0557538
0.0558581
0.0557538
0.049829
0.049829
0
0.049829
0
0
0.0557538
0.0557538
0.0557538
0.0557538
0.0557538
0.0557538
0.0557538
0.0557538
0
0.0557538
0.0557538
0
0.0557538
0
0
0
0.0557538
0.0557538
0
0.0557538
0.0557538
0
0
0
0.0557538
0.0557538
0.0557538
0.0557538
0.0557538
0.0557538
0.0557538
0.0557538
0
0.0557538
0.0557538
0
0
0
0
0
0
0
0
0
0
0
0
0
0
0
0
0
0
0
0
0
0
0
0
0.0557538
0.0557538
0.0557538
0
0
0
0
0.0557538
0.0557538
0.0557538
0.0557538
0
0
0.180114
0.180114
0.180114
0
0
0
0
0
0
0
0
0
0
0
0
0
0
0
0
0
0
0
0
0
0
0
0
0
0
0
0
0
0
0
0
0
0
0
0
0
0
0
0
0
0
0
0
0
0
0
0
0
0
0
0
0
0
0
0
0
0
0
0
