0
0
0
0
0
0
0
0
0
0
0
0
0
0
0
0
0
0
0
0
0
0
0
0
0
0
0
0
0.0191495
0.019146
0.019146
0.019146
0.019146
0.019146
0.019146
0.019146
0.019146
0.0191495
0.0191495
0
0
0
0
0
0
0
0
0
0
0
0
0
0
0
0
0
0
0
0
0
0
0
0
0
0
0
0
0
0
0
0
0
0
0
0
0
0
0
0
0
0
0
0
0
0
0
0.0193819
0.0192807
0
0.0208651
0
0
0
0
0.0193819
0
0
0
0
0
0
0.0191565
0
0.0191565
0
0.0191495
0.0191565
0.0191565
0
0
0
0.0191565
0.0194111
0
0
0
0.01916
0.0194147
0
0
0
0
0
0
0
0
0
0
0
0
0
0
0
0
0
0
0
0
0
0
0
0
0
0
0
0
0
0
0
0
0
0
0
0
0
0
0
0
0
0
0
0
0
0
0
0
0
0
0
0
0
0
0
0
0
0
0
0
0
0
0
0
0
0
0
0
0
0
0
0
0
0
0
0
0
0
0
0
0
0
0
0
0
0
0
0
0
0
0
0
0
0
0
0
0
0
0
0
0.019153
0
0
0
0
0
0
0
0.0204551
0.0261533
0
0
0
0
0
0
0.0210305
0.0210305
0
0
0
0
0.0204722
0
0.0204722
0.0204722
0.0204722
0
0
0
0.0193819
0.0194038
0.0194111
0.0194294
0.0193819
0
0.0210305
0
0
0.0204765
0.0215216
0.0210305
0
0
0
0.0194294
0
0
0
0.0194477
0
0
0
0
0
0
0
0
0
0
0
0
0
0
0
0
0
0.0194477
0
0
0
0
0
0
0
0
0
0
0.0215365
0.0215365
0
0
0
0
0
0
0
0
0
0
0
0
0
0
0
0.0430331
0.0430331
0
0
0
0
0
0
0
0
0
0
0
0
0
0.0191565
0
0
0.0191565
0.0191565
0
0
0.0204551
0.0204851
0
0
0
0
0
0
0
0
0
0
0
0
0
0
0
0
0
0
0
0
0
0
0
0
0
0
0
0
0
0
0
0
0
0
0
0
0
0
0
0
0
0
0
0
0
0
0
0
0
0
0
0
0
0
0
0
0
0
0
0
0
0
0
0
0
0
0
0
0
0
0
0
0
0
0
0
0
0
0
0
0
0.0274618
0.0274618
0
0
0
0.0284325
0.0284325
0.0284325
0.0284325
0.0284325
0
0
0
0
0
0
0
0.019139
0.019139
0
0
0
0
0
0
0
0
0
0
0
0
0
0
0
0
0
0
0
0
0
0
0
0
0
0
0
0
0
0
0
0
0
0
0
0
0
0
0
0
0
0
0
0
0
0
0
0
0
0
0
0
0
0
0
0
0
0
0
0
0
0
0
0
0
0
0
0
0
0
0
0
0
0
0
0
0
0
0
0
0
0
0
0
0
0
0
0
0
0
0
0
0
0
0
0
0
0
0
0
0
0
0
0
0
0
0
0
0
0
0
0
0
0
0
0
0
0
0
0
0
0
0
0
0
0
0
0
0
0
0
0
0
0
0
0
0
0
0
0
0
0.0804663
0
0
0
0
0
0
0
0
0
0
0
0.0284325
0
0.0284325
0
0.0284325
0
0.0284325
0
0
0
0
0.052011
0.052011
0.052011
0.052011
0.052011
0.0548913
0.0548913
0.0548913
0.0548913
0.0548913
0.0548913
0.0548913
0.0548913
0.0548913
0.0548913
0.035985
0.035985
0.035985
0.035985
0.035985
0.035985
0.035985
0.035985
0.035985
0.035985
0.035985
0.035985
0.035985
0.035985
0.035985
0
0
0
0
0
0
0
0
0
0
0
0
0
0
0
0
0
0
0
0
0
0
0
0
0
0
0
0
0
0
0
0
0
0
0
0
0
0
0
0
0
0
0.019996
0.019996
0.019996
0.019996
0.019996
0
0
0
0
0
0
0
0
0
0
0
0
0
0
0
0
0
0
0
0
0
0
0
0
0
0
0
0
0
0
0
0
0
0
0
0
0
0
0
0
0
0
0
0
0
0
0
0
0
0
0
0
0
0
0
0
0
0
0.0802644
0
0
0.0520579
0.0200482
0
0.052011
0.102329
0.102329
0.0576497
0.052011
0.0521996
0.0520344
0
0
0
0
0
0
0
0
0.0260113
0.0260113
0.0260113
0.0260113
0.0260113
0
0
0
0
0
0
0
0
0
0
0
0
0
0
0
0
0
0
0
0
0.0520344
0.0520344
0.0520344
0.0520344
0.0520344
0.0520501
0.0520501
0.0521838
0.0521838
0.0521838
0
0
0
0
0
0
0
0
0
0
0
0
0
0
0
0
0
0
0
0
0
0
0
0
0
0
0
0
0
0
0
0
0
0
0
0
0
0
0
0
0
0
0
0
0
0
0
0
0
0
0
0
0
0
0
0
0
0
0
0
0
0
0
0
0
0
0
0
0
0
0
0
0
0
0
0
0
0.0520501
0.0520501
0.0520579
0.0520501
0.0522233
0.0522233
0.0522233
0.0520423
0.0520423
0.0522233
0.0520423
0.0520423
0.0520423
0.0522154
0.0522233
0.0522154
0.0522154
0.0522233
0.0522154
0.0520579
0
0.0520579
0.0520579
0.0520579
0.0521365
0.0525025
0.0524703
0.0524703
0.0529009
0.0184396
0
0
0
0
0.0521365
0
0
0.0521365
0.0521365
0.0521365
0.0521365
0.0520423
0.0520423
0.0520423
0.0520423
0.0520423
0.0520423
0.0521365
0.0520423
0
0
0
0
0
0
0
0
0
0
0
0
0
0
0
0
0
0
0
0
0
0
0
0
0
0
0
0
0
0
0
0
0
0
0
0
0
0
0
0
0
0
0
0
0
0
0
0
0
0
0
0
0
0
0
0
0
0
0
0
0
0
0
0
0
0
0
0
0
0
0
0
0
0
0
0
0
0
0.0522154
0.0522154
0
0
0.0521365
0.0521365
0.0521365
0.0521365
0.0521365
0.0521365
0.0196646
0.0196646
0
0.01998
0.01998
0.0522233
0.0522154
0
0
0
0
0
0
0
0
0.0522154
0.0522154
0.0522154
0.0522154
0.0522154
0.0522233
0.0522233
0
0
0
0
0
0
0
0.0522154
0
0.0522154
0
0.0522154
0.0522233
0.0522233
0.0522233
0.0522154
0.0522154
0.0360434
0.0194441
0.023237
0.0201866
0
0
0.0521838
0
0
0
0
0
0
0.0178005
0.0212
0.0524062
0.0524062
0.0524062
0.0524062
0.0201866
0.0201866
0.0201866
0
0
0
0
0
0
0
0
0
0
0
0
0
0
0
0
0
0
0
0
0
0
0
0
0
0
0
0
0
0
0
0
0
0
0
0
0
0
0
0
0
0
0
0
0
0
0
0
0
0
0
0
0
0
0
0
0
0
0.0188378
0.0188545
0.0188545
0
0
0
0
0
0
0
0
0.0188915
0.0194111
0
0
0.0189763
0
0
0
0
0
0
0
0
0
0
0
0
0
0
0
0
0
0
0
0
0
0
0
0
0
0
0
0
0
0
0
0
0
0
0.0319928
0.0319928
0.0319928
0.0319928
0.0319928
0.0319928
0
0
0.0319928
0.0320421
0.0320421
0.0325645
0.0325645
0.0325645
0.0330049
0.0325645
0.0325645
0.0325645
0.0320421
0
0
0
0
0
0
0
0
0
0
0
0
0
0
0
0
0
0
0
0
0
0
0
0
0
0
0
0
0
0
0
0
0
0
0
0
0.0180834
0.0176063
0.0176063
0.0522233
0.0520579
0.019146
0.019146
0.0176063
0.0176063
0
0.0176063
0.0176063
0
0.0520579
0.0520579
0.0545635
0
0
0
0
0
0
0
0.223607
0.223607
0
0
0
0
0
0
0
0
0
0
0
0
0
0
0.0191285
0
0.017722
0
0.0523026
0
0.0450835
0
0
0
0
0
0
0
0
0
0.0637577
0.0186598
0
0.040996
0.0520579
0
0.0378573
0.0357143
0
0
0
0
0
0.0421825
0
0.0351527
0
0
0
0
0
0.0522233
0.019104
0.0182513
0
0.0195628
0.0520423
0
0
0
0
0
0
0
0.0546812
0
0.0175412
0
0
0
0.0520423
0.0520423
0.0520423
0.0520423
0.0520579
0.0520579
0.0520423
0.0520423
0
0.0520423
0.0520423
0.0200441
0.0200441
0
0.0200441
0.0200441
0.0522708
0
0
0
0
0
0
0
0
0.0802644
0.0802644
0.0802644
0
0
0
0.0414513
0
0
0
0
0
0
0
0
0
0.0521365
0.0521365
0.0521365
0.0184396
0.0175142
0
0
0
0
0
0
0
0
0
0
0.0176063
0.0176063
0.0176063
0.0176063
0.0176063
0.0176063
0.0520188
0.0176063
0.0208787
0
0
0
0.0176063
0.0176063
0.0176063
0.0176063
0
0
0
0
0
0
0
0.138675
0
0
0
0
0
0
0
0.0176063
0.0176063
0
0.0176063
0.0176063
0
0.0176063
0.0176063
0.0193855
0
0
0.0208832
0.0209198
0
0.0176063
0.0176063
0
0
0
0
0
0
0.0176063
0.0176063
0.0176063
0.0176063
0.0176063
0
0.0176063
0
0
0.0189797
0
0
0
0
0
0
0
0
0
0
0
0.0176063
0
0.0176063
0
0.020232
0.0176063
0
0
0
0
0
0
0
0
0
0
0.0209289
0.0210027
0
0.0207569
0
0.0176063
0.0207435
0.0207435
0.0207435
0.0207748
0
0
0
0
0
0
0
0
0
0
0
0
0
0
0
0
0
0
0
0
0
0
0
0
0
0.0330771
0
0.0341993
0.033445
0.033445
0
0
0
0
0
0
0
0
0
0
0
0
0
0
0
0
0
0
0
0
0
0
0
0
0
0
0
0
0
0
0.0366618
0
0.0366618
0
0
0
0
0
0
0
0
0
0
0
0
0
0
0.0366618
0
0
0
0
0
0
0
0
0
0
0
0
0
0
0
0
0
0
0
0
0
0
0
0
0
0
0
0.0195778
0.0176063
0
0
0
0.0176063
0
0.0176063
0.0207524
0.0176063
0
0.0176063
0.0210119
0.0210119
0.0210119
0.0426401
0.0210631
0.0176063
0
0.0176063
0
0
0
0
0
0.0195778
0.0195778
0
0.0195778
0.0195778
0.0195778
0.0195778
0.0195778
0.0195778
0.0195778
0.0195778
0
0
0
0
0.0195778
0
0.0176063
0
0
0
0.0522233
0
0
0
0
0
0
0
0
0
0
0
0
0
0
0
0
0
0
0
0
0
0
0
0
0
0
0
0
0
0
0
0
0
0
0
0
0
0
0
0
0
0
0
0
0
0
0
0
0.0520423
0.0520423
0.0520423
0.0184396
0
0
0.0522233
0.0201866
0.0201866
0.0201866
0.0201866
0.0201866
0.0201866
0.0201866
0.0201866
0
0.0201866
0.0201866
0
0.0201866
0.0201866
0
0.0201866
0.0521365
0.0521365
0.0521365
0
0.0521365
0
0
0.02
0.02
0.02
0.02
0
0
0
0
0
0.0209106
0.0209106
0.0209106
0
0
0
0.019153
0.019153
0.019153
0.019153
0.019153
0
0
0
0
0
0
0
0
0
0
0
0
0
0
0
0
0
0
0
0
0
0
0
0.0176063
0.0176063
0
0
0
0
0
0
0
0
0
0
0.0176063
0.0176063
0
0
0
0.0176063
0.0176063
0.0195778
0
0.0176063
0.0176063
0.0176063
0.0176063
0.0176063
0.0176063
0.0176063
0.0176063
0.0176063
0.0176063
0.0176063
0.0176063
0.0176063
0.0176063
0
0
0
0
0
0
0
0
0
0
0
0
0.0176063
0.0176063
0
0.0176063
0
0
0
0
0
0
0
0
0
0
0
0.0198536
0
0
0
0
0
0
0
0
0
0
0
0
0
0
0.0216422
0
0.0176063
0
0
0
0
0
0
0
0
0
0.0176063
0.0176063
0.0176063
0
0.0176063
0.0176063
0.0176063
0.0176063
0.0176063
0.0176063
0.0176063
0.0176063
0.0176063
0
0.0176063
0
0.0176063
0.0176063
0.0176063
0.0176063
0.0176063
0.0176063
0
0.0176063
0.0176063
0.0176063
0.0176063
0.0176063
0
0
0
0
0.0176063
0
0.0176063
0
0
0
0
0
0
0
0
0
0
0
0
0
0
0
0
0
0
0
0
0
0
0
0
0
0
0
0
0
0
0
0
0
0
0
0
0.0176063
0
0
0
0
0
0
0
0
0
0
0
0
0
0
0
0
0
0
0
0
0
0
0
0
0
0
0
0
0
0
0
0
0
0
0
0
0
0
0
0
0
0
0
0
0
0
0
0
0
0
0
0
0
0
0
0
0
0
0
0
0
0
0
0
0
0
0
0
0
0
0
0
0
0
0
0
0
0
0
0
0
0
0
0
0
0.0176063
0.0176063
0.0176063
0.0176063
0.0176063
0
0
0
0
0
0
0
0
0
0
0
0
0
0
0
0
0
0
0
0
0
0
0
0
0
0
0
0
0
0
0
0
0
0
0
0
0
0
0
0
0
0
0
0
0
0
0
0
0
0
0
0
0
0
0
0
0
0
0
0
0
0
0
0
0
0
0
0
0
0
0
0
0
0
0
0
0
0
0
0
0
0
0
0
0
0
0.0176063
0.0176063
0.0176063
0.0176063
0.0176063
0.0198654
0
0
0
0
0
0
0.0176063
0.0176063
0.0176063
0.0176063
0
0
0
0
0
0
0
0
0
0
0
0
0.0176063
0
0.0195778
0.0195778
0.0195778
0.0195778
0.0195778
0.0195778
0.0195778
0.0195778
0.0195778
0.0195778
0.0195778
0.0195778
0
0
0
0
0.0195778
0
0.0195778
0.0195778
0.0195778
0.0195778
0
0
0
0
0
0
0
0
0
0
0
0
0
0
0
0
0
0
0
0
0
0
0
0
0
0
0
0
0
0
0.0176063
0.0176063
0.0176063
0.0176063
0.0176063
0.0176063
0.0176063
0.0176063
0.0176063
0.0176063
0.0176063
0.0176063
0.0176063
0
0
0
0
0
0
0
0
0
0
0
0
0
0
0
0
0
0
0
0
0
0
0
0.0187022
0
0
0
0
0
0
0
0
0
0
0
0
0
0
0
0
0
0
0
0
0
0
0
0
0
0
0
0.0187022
0
0.0187022
0.0187022
0.0187022
0
0.0187022
0.0187022
0
0
0
0
0
0
0
0
0
0
0
0
0
0
0
0
0
0
0
0
0
0
0
0
0
0
0
0
0
0
0
0
0
0
0
0
0
0
0
0
0
0
0
0
0
0
0
0
0
0
0
0
0
0
0
0
0
0
0
0
0
0
0
0.0176063
0.0176063
0
0.0187284
0.0176063
0.0176063
0.0176063
0.0176063
0.0176063
0.0176063
0.0183928
0.0183928
0
0.0176063
0.0176063
0
0.0176063
0
0.0176063
0
0.0176063
0.0176063
0.0176063
0
0
0
0
0
0.0176063
0
0
0
0
0.0176063
0
0.0176063
0.0176063
0.0176063
0.0176063
0
0.0176063
0.0176063
0.0176063
0.0176063
0.0176063
0.0176063
0.0176063
0.0176063
0
0.0176063
0.0195778
0.0195778
0.0195778
0.0195778
0.0195778
0.0199561
0.0199561
0.0195778
0
0
0
0
0
0
0
0
0
0
0
0
0
0.0176063
0.0176063
0.0176063
0.0176063
0
0
0
0
0
0
0
0
0.0207748
0
0.0207883
0.0225762
0.0208787
0.0208605
0.0208605
0
0
0
0
0
0
0
0
0
0
0
0
0
0
0
0
0
0
0
0.0520188
0
0
0
0
0
0
0
0.0187088
0.0187088
0.0187088
0
0
0
0
0
0
0
0
0
0
0
0
0
0
0
0
0
0.0187022
0
0
0
0
0
0.0176063
0.0176063
0.0176063
0.0191671
0.0176063
0.0176063
0
0.0176063
0.0176063
0.0176063
0.0176063
0.0176063
0
0
0
0
0
0.0176063
0
0.0176063
0
0
0
0.0176063
0.0176063
0
0
0
0
0
0.0553849
0.0553849
0.0553849
0.0553849
0
0.0176063
0.0176063
0.0176063
0.0176063
0.0176063
0.0176063
0.0176063
0.0176063
0.0176063
0.0176063
0.0176063
0.0176063
0.0176063
0.0176063
0.0176063
0.0176063
0.0176063
0.0176063
0.0176063
0.0176063
0.0176063
0.0176063
0.0176063
0.0176063
0.0176063
0.0176063
0.0176063
0.0176063
0.0176063
0.0176063
0.0176063
0.0176063
0.0176063
0.0176063
0.0176063
0.0176063
0.0176063
0.0176063
0.0176063
0.0176063
0.0176063
0.0176063
0.0176063
0.0176063
0.0176063
0.0176063
0.0176063
0.0176063
0.0176063
0.0176063
0.0176063
0.0176063
0.0176063
0.0176063
0.0176063
0.0176063
0.0176063
0.0176063
0.0176063
0.0176063
0.0176063
0
0
0
0
0
0
0
0
0
0
0
0
0
0
0
0
0
0
0
0
0
0
0
0
0
0
0
0
0
0
0
0
0
0
0
0
0
0
0
0
0
0
0
0
0
0
0
0
0
0
0
0
0
0
0
0
0
0
0
0
0
0
0
0
0.0208605
0.0208605
0
0.0208696
0.0208696
0
0
0
0
0
0
0
0
0
0
0
0
0
0
0
0
0
0
0
0
0
0
0
0
0
0
0
0
0
0
0
0
0
0
0
0
0
0
0
0
0
0
0.0203827
0
0
0
0
0
0
0
0
0
0
0
0
0
0
0
0
0
0
0
0
0
0
0
0
0
0
0
0
0
0
0
0
0
0
0
0
0
0
0
0
0
0
0
0
0
0
0
0
0
0
0
0
0
0
0
0
0
0
0
0
0
0
0
0
0
0
0
0
0
0
0
0
0
0
0
0
0
0
0
0
0
0.020232
0.020232
0.020232
0.020232
0.020232
0.020232
0.020232
0.020232
0.020232
0
0
0
0.020232
0
0
0
0
0
0
0
0
0
0
0
0
0
0
0
0
0
0
0
0
0
0
0
0
0
0
0
0
0
0
0
0
0
0
0
0
0
0
0
0
0
0
0
0
0
0
0
0
0
0
0
0
0
0
0
0
0
0
0
0
0
0
0
0
0
0
0
0
0
0
0
0
0
0
0
0
0
0
0
0
0
0
0
0
0
0
0
0
0
0
0
0
0
0
0
0
0
0
0
0
0
0
0
0
0
0
0
0
0
0
0
0
0
0
0
0
0
0
0
0
0
0
0
0
0
0
0
0
0
0
0
0
0
0
0
0
0
0
0
0
0
0
0
0
0
0
0
0
0
0
0
0
0
0
0
0
0
0
0
0
0
0
0
0
0
0
0
0
0
0
0
0
0
0
0
0
0
0
0
0
0
0
0
0
0
0
0
0
0
0
0
0
0
0
0
0
0
0
0
0
0
0
0
0
0
0
0
0
0
0
0
0
0
0
0
0
0
0
0
0
0
0
0
0
0
0
0
0
0.101015
0.101015
0.101015
0.101015
0
0
0.0176063
0.0176063
0.0176063
0.0176063
0.0176063
0.0176063
0.0176063
0.0176063
0.0176063
0.0176063
0.0176063
0.0176063
0.0176063
0.0176063
0.0176063
0.0176063
0.0176063
0.0176063
0.0176063
0
0
0
0.0195703
0
0.0176063
0.0176063
0.0176063
0.0176063
0.0176063
0.0176063
0.0176063
0.0176063
0.0176063
0.0176063
0.0176063
0.0176063
0.0176063
0.0176063
0.0176063
0.0176063
0.0176063
0.0176063
0.0176063
0.0176063
0.0176063
0.0176063
0.0176063
0.0176063
0.0176063
0.0176063
0.0176063
0.0176063
0.0176063
0.0176063
0.0176063
0.0176063
0.0176063
0.0176063
0.0176063
0.0176063
0.0176063
0.0176063
0.0176063
0.0176063
0.0176063
0.0176063
0.0176063
0.0176063
0.0176063
0.0176063
0.0176063
0.0176063
0.0176063
0.0176063
0.0176063
0.0176063
0.0176063
0.0176063
0.0176063
0.0176063
0.0176063
0.0176063
0.0176063
0.0176063
0.0176063
0.0176063
0.0176063
0.0176063
0.0176063
0.0176063
0.0176063
0.0176063
0.0176063
0.0176063
0.0176063
0.0176063
0.0176063
0.0176063
0.0176063
0.0176063
0.0176063
0.0176063
0.0176063
0.0176063
0.0176063
0.0176063
0.0176063
0.0176063
0.0176063
0.0176063
0.0176063
0.0176063
0.0176063
0.0176063
0.0176063
0.0176063
0.0176063
0.0176063
0.0176063
0.0176063
0.0176063
0.0176063
0.0176063
0.0176063
0.0176063
0.0176063
0.0176063
0.0176063
0.0176063
0.0176063
0.0176063
0.0176063
0.0176063
0.0176063
0.0176063
0.0176063
0.0176063
0.0176063
0.0176063
0.0176063
0.0176063
0.0176063
0.0176063
0.0176063
0.0176063
0.0176063
0.0176063
0.0176063
0.0176063
0.0176063
0.0176063
0.0176063
0.0176063
0.0176063
0.0176063
0.0176063
0.0176063
0.0176063
0.0176063
0.0176063
0.0176063
0.0176063
0.0176063
0.0176063
0.0176063
0.0176063
0.0176063
0.0176063
0.0176063
0.0176063
0.0176063
0.0176063
0.0176063
0.0176063
0.0176063
0.0176063
0.0176063
0.0176063
0.0176063
0.0176063
0.0176063
0.0176063
0.0176063
0.0176063
0.0176063
0.0176063
0.0176063
0.0176063
0.0176063
0.0176063
0
0
0.0176063
0.0176063
0.0176063
0.0176063
0.0176063
0.0176063
0.0176063
0.0176063
0.0176063
0.0176063
0.0176063
0.0176063
0.0176063
0.0176063
0.0176063
0.0176063
0.0176063
0.0176063
0.0176063
0
0
0
0
0
0.0176063
0
0
0
0
0
0
0
0
0
0
0
0
0
0
0
0
0
0
0
0
0
0
0
0
0
0
0
0
0
0
0
0
0
0
0
0
0
0
0
0
0
0
0
0
0
0
0
0
0
0
0
0
0
0
0
0
0
0
0
0
0
0
0
0
0
0
0
0.0195254
0.0195254
0
0.0195254
0.0176063
0.0176063
0.0176063
0.0209703
0.0209703
0
0
0
0.0209703
0
0
0
0.0195778
0
0
0.0195778
0.0195778
0.0195778
0.0195778
0.0195778
0
0
0
0
0.0195778
0.0176063
0.0176063
0
0
0
0
0.0186728
0
0.0176063
0.0176063
0.0176063
0.0176063
0.0195703
0.0195703
0.0195703
0.0195703
0
0.0176063
0.0176063
0
0
0
0.0176063
0.0176063
0
0
0
0
0
0
0
0.0176063
0.0176063
0.0176063
0.0176063
0.0176063
0.0176063
0.0176063
0.0176063
0.0176063
0.0176063
0.0176063
0.0176063
0.0176063
0
0
0
0.0176063
0.0176063
0
0
0
0
0
0
0
0
0
0
0
0
0
0
0
0
0
0
0
0
0
0
0
0
0
0.0209106
0
0
0
0.0209106
0
0
0
0
0
0
0
0.0209106
0
0
0
0
0
0
0
0
0
0
0
0
0
0
0
0
0
0.0209703
0.0209703
0
0.0209703
0
0
0
0
0
0
0
0
0.0216777
0
0
0
0
0
0
0
0
0
0
0
0
0
0
0
0
0
0
0
0
0
0
0
0
0
0
0
0
0
0
0
0
0
0
0
0
0
0
0
0
0
0
0
0
0
0
0
0
0
0.0204551
0.0204551
0
0
0.0204551
0.0198302
0.0198302
0
0.0176063
0.0176063
0.0176063
0.0176063
0.0176063
0
0.0176063
0.0176063
0.0176063
0.0176063
0
0.0176063
0.0176063
0.0176063
0.0176063
0
0.0176063
0.0176063
0.0176063
0.0176063
0
0
0
0
0
0
0
0
0.0176063
0.0176063
0.0176063
0.0176063
0.0176063
0.0176063
0.0176063
0.0176063
0.0176063
0.0520188
0
0.0176063
0.0176063
0.0176063
0.0176063
0.0176063
0.0176063
0.0176063
0
0
0
0
0
0.0176063
0
0
0.0195778
0.0195778
0
0
0
0
0
0
0
0
0
0
0
0
0
0
0
0
0
0
0
0
0
0.0176063
0.0176063
0.0176063
0
0.0203489
0.0525588
0
0.096225
0.408248
0
0
0
0
0
0.166667
0
0
0
0
0
0
0
0
0
0
0
0
0
0
0.0195778
0
0.0176063
0.0176063
0
0.0176063
0
0
0
0
0
0
0
0
0.0176063
0.0176063
0.0176063
0.0176063
0
0
0
0
0
0
0
0
0
0
0
0
0
0
0
0
0
0
0
0
0
0
0
0.0195778
0.0176063
0.0176063
0.0176063
0.0176063
0.0176063
0.0176063
0.0176063
0
0
0
0
0
0
0
0
0
0
0
0
0
0
0
0
0
0
0
0
0
0
0
0
0
0
0
0
0
0
0
0
0
0
0
0
0
0
0
0
0
0
0
0
0
0
0
0
0
0
0
0
0
0
0
0
0
0
0
0
0
0
0
0
0
0
0
0
0
0
0
0.0195778
0.0195778
0.0195778
0.0195778
0.0195778
0.0195778
0
0
0
0
0
0
0
0
0
0
0
0
0
0
0
0
0
0
0.0176063
0.0176063
0.0176063
0.0176063
0.0176063
0.0176063
0.0176063
0.0176063
0.0187251
0.0187251
0
0.0187251
0.0176063
0.0176063
0
0
0
0
0
0
0
0
0
0.0176063
0.0176063
0
0.0176063
0.0176063
0.0176063
0.019118
0.0176063
0.0176063
0.0176063
0
0
0.0176063
0.0176063
0.0176063
0.0176063
0.0176063
0.0176063
0
0.0553849
0
0
0
0
0
0
0.0553849
0
0
0
0
0
0
0.0553849
0
0
0
0
0
0
0.0176063
0.0176063
0
0
0
0
0
0
0
0
0
0
0
0.0176063
0.0176063
0
0.150756
0
0
0.0270765
0.0270765
0.0270765
0.0270765
0.0270765
0.0301648
0.0301648
0.033445
0
0
0.0306282
0.0176063
0.0176063
0.0176063
0.0176063
0.0176063
0.0176063
0.0176063
0.0176063
0.0176063
0.0176063
0.0176063
0.0176063
0
0
0
0
0.0176063
0
0.0176063
0.0176063
0.0176063
0.0176063
0.0525588
0.0176063
0.0176063
0
0
0
0
0
0.0176063
0
0.0176063
0
0
0
0
0
0.0176063
0.0176063
0.0176063
0.0176063
0.0176063
0
0
0.0176063
0.0190106
0.0176063
0
0
0
0
0
0
0.0176063
0.0176063
0.0176063
0.0176063
0.0176063
0.0176063
0.0176063
0.0176063
0.0515026
0.0176063
0.0176063
0
0.0176063
0.0533761
0
0.0543125
0.0176063
0.0176063
0
0.0176063
0.0176063
0
0
0
0.0176063
0.0176063
0.0176063
0.0176063
0.0176063
0.0176063
0
0
0
0
0
0
0
0
0
0
0
0
0
0
0
0
0
0
0
0
0
0
0
0
0
0
0
0
0
0
0
0
0
0
0
0
0
0
0
0
0
0
0
0
0
0
0
0
0
0
0
0
0
0
0
0
0
0
0
0
0
0
0
0
0
0
0
0
0
0
0
0
0
0
0
0
0
0
0
0
0
0
0
0
0
0
0
0
0
0
0
0
0
0
0
0
0
0
0
0
0
0
0
0
0
0
0
0
0
0
0
0
0
0
0
0
0
0
0
0
0
0
0.0176063
0.0176063
0
0
0
0
0
0
0
0
0
0
0
0
0.0176063
0.0176063
0
0
0
0.0176063
0.0176063
0
0
0
0
0
0
0
0
0
0
0
0
0
0
0.0176063
0.0176063
0
0
0
0.0176063
0.0176063
0
0
0
0
0
0
0
0
0
0
0.0176063
0.0176063
0
0
0
0
0.0176063
0.0176063
0.0176063
0
0
0
0
0
0
0
0
0
0.0195778
0.0176063
0.0176063
0
0
0
0
0
0
0
0.0176063
0.0176063
0.0176063
0.0176063
0.0176063
0.0176063
0.0176063
0.0176063
0.0176063
0.0176063
0.0176063
0.0176063
0.0176063
0.0176063
0.0176063
0.0176063
0.0176063
0.0176063
0.0176063
0.0203531
0.0203531
0.0203531
0.0203531
0
0
0.0176063
0.0176063
0.0176063
0.0176063
0.0203531
0.0203531
0.0203531
0
0
0
0.0203489
0.0203489
0.0203531
0.0203531
0
0
0
0
0.0176063
0.0176063
0
0
0
0
0
0
0
0
0
0.0176063
0
0
0.0520188
0.0520188
0
0
0
0
0
0
0
0
0
0
0
0
0
0
0
0
0
0
0
0
0
0
0
0
0
0
0
0
0
0
0
0
0
0
0
0
0
0
0
0
0
0
0
0
0
0
0
0
0
0
0
0
0
0
0
0
0
0
0
0
0
0
0
0
0
0
0
0
0
0
0
0
0
0
0
0
0
0
0
0
0
0
0
0
0
0
0
0
0
0
0
0
0
0
0
0
0
0
0
0
0
0
0
0
0
0
0
0
0
0
0
0
0
0
0
0
0
0
0
0
0
0
0
0
0
0
0
0
0
0
0
0
0
0
0
0
0
0
0
0
0
0
0
0
0
0
0
0
0
0
0
0
0.0520188
0
0
0.0520188
0.0520188
0.0520188
0.0520188
0.0520188
0
0
0.0520188
0.0520188
0
0
0
0
0
0
0
0.0191565
0.0191565
0.0191565
0.0191565
0.0191565
0.0191565
0.0191565
0.0191565
0
0.0191565
0.0191565
0.0191565
0.0191565
0
0.0191565
0.0191565
0.0191565
0.0191565
0.0191565
0.0191565
0.0191565
0
0.0191565
0.0191706
0.0191565
0.01916
0.01916
0
0
0
0
0
0.01916
0.01916
0
0
0
0
0
0
0.0200361
0
0
0
0
0
0.0200361
0
0
0
0
0
0
0
0
0
0
0
0
0
0
0
0
0
0
0
0
0
0
0
0
0
0
0
0
0
0
0
0
0
0
0
0
0
0
0
0
0
0
0
0
0
0
0
0
0
0
0
0
0
0
0
0
0
0
0
0
0
0
0
0
0
0
0
0
0
0
0
0
0
0
0
0
0
0
0
0
0
0
0
0
0
0
0
0.0210305
0.0210305
0.0210305
0.0210305
0
0
0
0
0
0
0
0
0
0
0
0
0
0
0
0
0
0
0
0
0
0
0
0
0
0
0
0
0
0
0
0
0
0
0
0
0
0
0
0
0
0
0
0
0
0
0
0
0
0
0
0
0
0
0
0
0
0
0
0
0
0
0
0
0
0
0
0
0
0
0
0
0
0
0
0
0
0
0
0
0
0
0
0
0
0
0
0
0
0
0
0
0
0
0
0
0
0
0
0
0
0
0
0
0
0
0
0
0
0
0
0
0
0
0
0
0
0
0
0
0
0
0
0
0
0
0
0
0
0
0
0
0
0
0
0
0
0
0
0
0
0
0.0194477
0
0
0
0
0
0
0
0
0
0.0520188
0.0520188
0.0520188
0.0520188
0.0520188
0.0520188
0.0520188
0.0520188
0.0520188
0.0520188
0.0520188
0.0520188
0.0520188
0
0
0
0
0
0
0
0
0
0
0
0
0
0
0
0
0
0
0
0
0
0
0
0
0
0
0
0
0
0
0
0
0
0
0
0
0
0
0
0
0
0
0
0
0
0
0
0
0
0
0
0
0
0
0
0
0
0
0
0
0
0
0
0
0
0
0
0
0
0
0
0
0
0
0
0
0
0
0
0
0
0
0
0
0
0
0
0
0
0
0
0
0
0
0
0
0
0
0
0
0
0
0
0
0
0
0
0
0
0
0
0
0
0
0
0
0
0
0
0
0
0
0
0
0
0
0
0
0
0
0
0
0
0
0
0
0
0
0
0
0
0
0
0
0
0
0
0
0
0
0
0
0
0
0
0
0
0
0
0
0
0
0
0
0
0
0
0
0
0
0
0
0
0
0
0
0
0
0
0
0
0
0
0
0
0
0
0
0
0
0
0
0
0
0
0
0
0
0
0
0
0.0520423
0.0520423
0.0520423
0.0520423
0.0520423
0.0520423
0.0520423
0.0520423
0.0182029
0.0520423
0.0520423
0.0520423
0.0520423
0.0520423
0.0520423
0
0
0
0
0
0
0
0
0.0520423
0.0520423
0.0520423
0.0520423
0.0520423
0.0520423
0.0520423
0
0
0.0520423
0
0
0.018592
0
0.018592
0.018592
0.018592
0.018592
0.018592
0.018592
0.018592
0.018592
0.018592
0.018592
0.018592
0.018592
0
0
0.018592
0
0
0
0
0
0
0
0
0.019976
0.019976
0.019976
0.019976
0.019976
0.019976
0.019976
0.019976
0
0
0
0
0
0
0
0
0
0
0
0
0
0
0
0
0
0
0
0
0
0
0
0
0
0
0
0
0
0
0
0
0.0202403
0.0186598
0
0
0.0195703
0.0520423
0.0520423
0.0520423
0.0185952
0.0185952
0.0185952
0
0
0
0.0520423
0.0520423
0.0521365
0.0521365
0.0520423
0.0520423
0.0520423
0.0179
0.0179
0.0520423
0.0520658
0.0520658
0.0520658
0.0520658
0.0520423
0.0520423
0.0520423
0.0179
0.0179
0.0179
0.0179
0.0179
0.0180687
0.0179
0.0179
0.0179
0
0.0179
0.0179
0.0179
0.0179
0.0179
0.0179
0.0179
0.0336146
0
0.0351364
0.059976
0
0.0520423
0.0520423
0.0520423
0.0520423
0.0182029
0.0520423
0.0189729
0.0189729
0.0189729
0.0189729
0.019976
0.0189729
0.0520423
0.0182029
0.0520423
0.0182727
0.0520423
0.0520423
0.0520423
0.0182727
0.0182727
0.0184209
0.0185599
0.0185599
0.0185599
0.0185599
0.0185599
0.0185599
0.0633724
0.0633724
0.0633724
0.0633724
0.0633724
0.0633724
0.0185408
0
0.0187779
0.0184365
0.0184365
0
0
0
0
0.0521365
0.0521365
0.0195778
0.132453
0
0.052011
0.052011
0.052011
0.052011
0.052011
0.052011
0.052011
0.0520188
0.0520188
0.052011
0
0.0520188
0.0520188
0
0
0
0.0520188
0.0520188
0.0520188
0.0520188
0
0
0
0.0195703
0.0195703
0.0195703
0.0195703
0.0195703
0.0195703
0.0195703
0.0195703
0.0520188
0.0520188
0.0520188
0.0520188
0.0520188
0.0520188
0.0520188
0.0520188
0
0.020576
0.020576
0
0
0
0
0
0
0
0
0
0
0
0
0
0
0.117041
0
0.117041
0
0
0
0
0
0
0
0
0
0
0
0
0
0
0
0
0
0
0
0
0
0
0
0
0
0
0
0
0
0
0
0
0
0
0
0
0
0
0
0
0
0
0
0
0
0.0257428
0
0
0
0
0.027545
0
0
0
0
0
0
0
0
0
0
0
0
0
0
0
0
0
0
0
0
0
0
0
0
0
0
0
0
0
0
0
0
0
0
0
0
0
0
0
0
0
0
0
0
0
0
0
0
0
0
0
0
0
0
0
0
0
0
0
0
0
0
0
0
0
0
0
0
0
0
0
0
0
0
0
0
0
0
0
0
0
0
0
0
0
0
0
0
0
0
0
0
0
0
0
0
0
0
0
0
0
0
0
0
0
0
0
0
0
0
0
0
0
0
0
0
0
0
0
0
0
0
0
0
0
0.0520188
0.0520188
0.0520188
0.0520188
0.0520188
0
0
0
0
0
0
0
0
0
0
0
0
0
0
0
0
0
0
0
0
0
0
0
0
0
0
0
0
0
0
0
0
0
0
0
0
0
0
0
0
0
0
0
0
0
0
0
0
0
0
0
0
0
0
0
0
0
0
0
0
0
0
0
0
0
0
0
0
0
0
0
0
0
0
0
0
0
0
0
0
0
0
0
0
0
0
0
0
0
0
0
0
0
0
0
0
0
0
0
0
0
0
0
0
0
0
0
0
0
0
0
0
0
0
0
0
0
0
0
0
0
0
0
0
0
0
0
0
0
0
0
0
0
0
0
0
0
0
0
0
0
0
0
0
0
0
0
0
0
0
0
0
0
0
0
0
0
0
0
0
0
0
0
0
0
0
0
0
0
0
0
0
0
0
0
0
0
0
0
0
0
0
0
0
0
0
0
0
0
0
0
0
0
0
0
0
0
0
0
0
0
0
0
0
0
0
0
0
0
0
0
0
0
0
0
0
0
0
0
0
0
0
0
0
0
0
0
0
0
0
0
0
0
0
0
0
0
0
0
0
0
0
0
0
0
0
0
0
0
0
0
0
0
0
0
0
0
0
0
0
0
0
0
0
0
0
0
0
0
0
0
0
0
0
0
0
0
0
0
0
0
0
0
0
0
0
0
0
0
0
0
0
0
0
0
0
0
0
0
0
0
0
0
0
0
0
0
0
0
0
0
0
0
0
0
0
0
0
0
0
0
0
0
0
0
0
0
0
0
0
0
0
0
0
0
0
0
0
0
0
0
0
0
0
0
0
0
0
0
0
0
0
0
0
0
0
0
0
0
0
0
0
0
0
0
0
0
0
0
0
0
0
0
0
0
0
0
0
0
0
0
0
0
0
0
0
0
0
0
0
0
0
0
0
0
0
0
0
0
0
0
0
0
0
0
0
0
0
0
0
0
0
0
0
0
0
0
0
0
0
0
0
0
0
0
0
0
0
0
0
0
0
0
0
0
0
0
0
0
0
0
0
0
0
0
0
0
0
0
0
0
0
0
0
0
0
0
0
0
0
0.0195778
0.0195778
0.0195778
0.0195778
0.0195778
0.0195778
0.0195778
0.0195778
0.0195778
0.0346064
0.0346064
0
0.0347105
0.0347105
0.0195778
0.0195778
0.0195778
0.0195778
0.0195778
0.0195778
0
0.0195778
0.0195778
0.0195778
0.0195778
0.0195778
0.0195778
0.0195778
0.0195778
0.0195778
0.0195778
0.0195778
0.0195778
0.0195778
0.0606339
0
0
0
0
0
0
0
0
0
0
0
0
0
0
0
0
0.0606339
0.0606339
0.0606339
0
0
0
0.0606339
0.0614295
0
0
0
0.0640184
0.066965
0.0640184
0.0195778
0.0195778
0.0195778
0.0195778
0.020576
0.020576
0.0197142
0.0197142
0
0
0
0
0
0
0
0
0
0
0.0322078
0.0322078
0
0
0
0
0
0
0
0
0
0
0
0
0
0
0
0
0
0
0
0
0
0
0
0.0600842
0.0600842
0.0600842
0
0
0.0201211
0.0201211
0
0
0
0.0359211
0.0359211
0.0242607
0.0242607
0
0.0195778
0.0195778
0.0195778
0
0
0
0
0.0195778
0.0359211
0.0359211
0.0359211
0.0366372
0.0366372
0.0366372
0.0366372
0.0366372
0.0359211
0
0
0
0
0
0.020576
0.020576
0.020576
0.020576
0.020576
0.020576
0.020576
0.020576
0.0200281
0.0200281
0.0248991
0.0248991
0.0248991
0.0248991
0.0330049
0.0248991
0.0248991
0.0351799
0.0351799
0.0351799
0
0
0
0
0
0.0200281
0
0
0
0
0
0
0
0
0
0
0
0
0
0
0
0
0
0
0
0
0
0
0
0
0
0
0
0
0.0197142
0.0197142
0.0197142
0.0197142
0.0256326
0.0256326
0.0256326
0.0198302
0.0198302
0.0198889
0.0198889
0.0198889
0.0198889
0.0199047
0.0199047
0
0.0198302
0.0198302
0
0
0
0
0
0
0
0
0
0
0
0
0
0
0
0
0
0
0
0
0
0
0
0
0
0
0
0
0
0
0
0
0
0
0
0
0
0
0
0
0
0
0
0
0
0
0
0
0
0
0
0
0
0
0
0
0
0
0
0
0
0
0
0
0
0
0
0
0
0
0
0.0322078
0.0322078
0.0322078
0.0322078
0
0
0
0
0
0.0322078
0.0322078
0.0322078
0.0322078
0.0322078
0.0322078
0.0326686
0
0
0
0
0
0
0
0
0
0
0
0
0
0
0
0
0
0
0
0
0
0
0
0
0
0
0
0
0
0
0
0
0
0
0
0
0
0
0
0
0
0
0
0
0
0
0
0
0
0
0
0
0
0
0
0
0
0
0
0
0
0
0
0
0
0
0
0
0
0
0
0
0
0
0
0
0
0
0
0
0
0
0
0
0
0
0
0
0
0
0
0
0
0
0
0
0
0
0
0
0
0
0
0
0
0
0
0
0
0
0
0
0
0
0
0
0
0
0
0
0
0
0.0196989
0.0196989
0.0196989
0
0
0
0
0
0
0
0
0
0
0
0
0.0299074
0
0.0299745
0.0299745
0
0.0299745
0
0
0
0
0
0
0
0
0
0
0
0
0
0
0
0
0
0
0
0
0
0
0
0
0
0
0
0
0
0
0
0
0
0
0
0
0
0
0
0
0
0
0
0
0
0
0
0
0
0
0
0
0
0
0
0
0
0
0
0
0
0
0
0.0306858
0.0306858
0.0306858
0
0.0306858
0
0.0307003
0.0307003
0.0290865
0.0198458
0.0198458
0.0573539
0.0198497
0.0200441
0.0195778
0.0195778
0.0195778
0.0195778
0.0195778
0.0195778
0.0195778
0.0195778
0.0195778
0.0195778
0.0195778
0.0195778
0.0195778
0.0195778
0
0
0
0.0195778
0.0195778
0.0195778
0.0195778
0.0195778
0.0195778
0.0195778
0.0195778
0
0.0195778
0.0195778
0.0195778
0.0195778
0.0195778
0.0195778
0.0195778
0.0195778
0.0195778
0.0195778
0.0195778
0.0195778
0.0195778
0.0186307
0.0186307
0.0186307
0.0186307
0.0186307
0.0186307
0
0.0186307
0.0186307
0
0
0
0
0.0186307
0.0186307
0.0186307
0.0186307
0.0186307
0.0186307
0
0.0186307
0.0186307
0.0186307
0.0186307
0.0186598
0.0186598
0.0186598
0.0188646
0.0186598
0.0186307
0.0186307
0.0186307
0.0189797
0.0186307
0
0
0
0
0
0
0
0
0
0
0
0
0
0
0
0
0
0
0
0
0
0
0
0
0
0
0
0
0
0
0
0
0
0
0
0
0
0
0
0
0
0
0
0
0
0
0
0
0
0
0
0
0
0
0
0
0
0.0180657
0.0180657
0.0180657
0.0180657
0.0180657
0.0180657
0.0180657
0.0180657
0.0180657
0.0180657
0.0180657
0.0180657
0.0180657
0.0290988
0
0
0
0
0
0.0185504
0
0
0
0.0265186
0.0322749
0
0
0.0203954
0.0203954
0.0203954
0.0208832
0
0
0
0
0
0.0196041
0.0209381
0
0.0338837
0.0338837
0.0338837
0.0195778
0.0195778
0.0195778
0.0197066
0
0
0
0
0
0
0
0
0
0
0
0
0
0
0.0481125
0
0
0
0
0
0
0
0
0
0
0
0
0
0
0
0.0184711
0.0179779
0.0184711
0.0184711
0.0184711
0.0184711
0.0184711
0.0184711
0.0198654
0
0.0184711
0.0184711
0.0184711
0.0179779
0.0179779
0.0179779
0.0179779
0.0179779
0.0179779
0.0179779
0.0195778
0.0195778
0.0195778
0.0195778
0.0195778
0.0195778
0.0195778
0.0179779
0
0.0370879
0.0184491
0.0229175
0
0
0
0
0.019574
0.019574
0
0.0180657
0.0180657
0.0180657
0.0180657
0.0180657
0.0180657
0
0
0
0
0.0197913
0
0.0182331
0.0182331
0.0182453
0.0190589
0.0198302
0.0193311
0
0
0
0.0182666
0.0182666
0.0205586
0.0182696
0
0.0182696
0.0183556
0
0
0
0
0
0.0180983
0.0184302
0.0195778
0
0.0549005
0.0549005
0.0549005
0.0549005
0.0549005
0.0549005
0
0
0
0
0.0555842
0.0555842
0
0
0
0
0
0
0
0.0555842
0.0547723
0.0547723
0.0547723
0.0547723
0.0547723
0
0
0
0
0
0.0548363
0.0548363
0.0548363
0.0548363
0.0548363
0.0548363
0
0
0
0
0
0
0
0
0
0
0.0547997
0.0547723
0.0548363
0
0
0.0570009
0.0570009
0.0547723
0.0547723
0.0547723
0.0547723
0.0547723
0
0
0
0
0
0
0
0
0
0
0
0
0
0
0
0
0
0
0.0547723
0
0
0
0
0
0
0
0
0
0.0548729
0.0548729
0.0548729
0.0548729
0.0548729
0.258199
0.0548729
0.0548729
0
0
0.0186404
0
0.0186404
0.0186404
0.0186404
0.0186404
0.0186404
0.0549005
0
0.0549005
0.0549005
0.0549005
0.0549005
0.0549005
0
0
0
0
0
0
0
0
0
0
0
0
0
0
0.0545545
0
0
0
0
0
0
0
0
0
0
0.258199
0.258199
0.258199
0.258199
0.258199
0.258199
0.258199
0
0
0.0547723
0.0547723
0
0.0549005
0.0547631
0.0547631
0.0549005
0.0549005
0.0549005
0
0
0.0548271
0.0548271
0
0.0548271
0
0
0
0
0
0
0
0
0.258199
0.258199
0.258199
0.258199
0.258199
0.258199
0.258199
0.258199
0.258199
0.258199
0.258199
0.258199
0.258199
0.258199
0.258199
0.258199
0.258199
0.258199
0.258199
0.258199
0.258199
0.258199
0.258199
0.258199
0
0
0
0
0
0
0
0
0
0.0528189
0.0528189
0.0520188
0.0520188
0.0520188
0.0520188
0.0520188
0.0520188
0.0520188
0.0520188
0.0520188
0.0520188
0.0520188
0.0520188
0.0520188
0.0520188
0.0520188
0.0520188
0.0520188
0.0520188
0.0520188
0.0520188
0.0520188
0.0520188
0.0520188
0.0520188
0.0520188
0
0
0
0.0520188
0.0520188
0.0520188
0.0520188
0.0520188
0.0520188
0.0520188
0.0520188
0.0520188
0.0520344
0.0520344
0.0520344
0.0520344
0.0520344
0.0520344
0.0520344
0.0520344
0.0528189
0
0
0
0.0520344
0.0192308
0.0785069
0
0.0786281
0.0806478
0.0520344
0
0.0520344
0
0.0520344
0.0520344
0.0520344
0.0520344
0.0520344
0.0403979
0.0520344
0.0520344
0
0
0.0185376
0.0185376
0.0185376
0.0185376
0.0185376
0.0185376
0
0
0.0184616
0.0184616
0.0184616
0.0184616
0.0184616
0.0184616
0
0
0
0
0
0.0184711
0.0184616
0.0184616
0.0184616
0.0184616
0.0184616
0
0
0.0184616
0.0184616
0.0184616
0.0184742
0.0184742
0.0184616
0.0184616
0
0.0184616
0
0.0184616
0
0.0184616
0.0184616
0
0.0184616
0.0184616
0
0
0
0.0184616
0.0184616
0.0184616
0.0184616
0.0184616
0.0184616
0.0184616
0.0184616
0.0184616
0.0184616
0.0184616
0.0184616
0.0184742
0.0184742
0.0184742
0
0.0184742
0.0184616
0.0184616
0.0184616
0.0184616
0
0.0184616
0.0184616
0
0
0
0
0
0
0
0
0
0
0
0
0
0
0
0
0
0
0
0
0
0
0
0
0
0
0
0
0
0
0
0
0
0
0
0
0
0
0
0
0
0
0
0
0
0
0
0
0
0
0
0
0
0
0
0
0
0
0
0
0
0
0
0
0
0
0
0
0
0
0
0
0
0
0
0
0
0
0
0
0
0
0
0
0
0
0
0
0
0
0
0
0
0
0
0
0
0
0
0
0
0
0
0
0
0
0
0
0
0
0
0
0
0
0
0
0
0
0
0
0
0
0
0
0
0
0
0
0
0
0
0
0
0
0
0
0
0
0
0
0
0
0
0.0284325
0.0284325
0
0.0284325
0.0284325
0.0284325
0
0.0284325
0
0
0
0.0177388
0.0182849
0
0
0
0
0
0
0
0
0
0.0180598
0
0
0
0
0
0
0
0
0
0
0
0
0
0
0
0
0
0
0.0175142
0.0175142
0
0
0
0
0
0
0
0
0
0
0
0
0
0
0
0
0
0
0
0
0
0
0
0
0
0
0
0
0
0
0
0
0
0
0
0
0
0
0.0176063
0.0176063
0.0176063
0
0
0
0
0
0
0
0
0
0
0
0
0
0
0
0
0
0
0
0
0
0
0
0
0
0
0
0
0
0
0
0
0.0195703
0.0195703
0.0195703
0.0284325
0.0284325
0
0.0284325
0
0.0284325
0.0284325
0.0284325
0.0284325
0.0284325
0.0284325
0.0284325
0
0
0.0284325
0.0284325
0.0284786
0.0284786
0
0
0.0284786
0.0284786
0.0284325
0
0.0284325
0.0284325
0.0284325
0
0
0
0
0
0
0
0
0
0
0
0
0
0
0
0
0.028467
0.028467
0
0.028467
0.028467
0.028467
0
0.028467
0
0
0
0.028467
0
0
0.028467
0.028467
0.028467
0
0.0285249
0.0284325
0.0284325
0.0284325
0
0
0.0285133
0.0285133
0
0.0285133
0.0285133
0
0
0
0
0
0.0285133
0.0284325
0
0.0284325
0.028467
0.028467
0.028467
0.028467
0
0.028467
0.028467
0
0
0.028467
0.028467
0
0.028467
0
0
0
0
0
0
0
0
0
0
0
0
0
0
0
0
0
0
0
0
0
0
0
0
0
0
0
0
0
0
0
0
0
0
0
0
0
0
0
0
0
0
0
0
0
0.29173
0.29173
0.29173
0
0
0
0.232495
0.0534141
0.232495
0.0534141
0.29173
0.29173
0
0
0
0
0
0
0.0522233
0
0
0
0
0
0
0
0
0
0
0
0
0
0
0
0
0
0
0
0
0
0
0
0
0
0
0
0
0
0
0
0
0
0
0
0
0
0
0
0
0
0
0
0
0
0.0522233
0.0522233
0.0522233
0
0
0
0
0
0
0
0.0520188
0.0520188
0
0
0
0
0
0
0.0520501
0.0520501
0.0520501
0.0522154
0
0
0
0
0.0522233
0.0522233
0.0522233
0.0897123
0.0897123
0.0184459
0.0184459
0
0
0
0.0522233
0.0522233
0
0.0520188
0.0287956
0.0287956
0.0287956
0.0287956
0
0.0287956
0.0295012
0
0.0295012
0.0287956
0
0
0
0
0
0
0
0.0528434
0
0.0522154
0.0284325
0.154765
0.154765
0.154765
0.154765
0
0
0
0
0
0
0
0
0
0
0
0
0
0
0
0
0
0
0
0
0
0
0
0
0
0
0
0
0.0225303
0
0
0
0
0
0
0
0
0
0
0
0
0
0
0
0
0
0
0
0
0
0
0
0
0
0
0
0
0
0
0
0
0
0
0
0
0
0
0
0
0
0
0
0
0
0
0
0
0
0
0
0
0
0
0
0
0
0
0
0
0
0
0
0
0
0
0
0
0
0
0
0
0
0
0
0
0
0
0
0
0
0
0
0
0
0
0
0
0
0
0
0
0
0
0
0
0
0
0
0
0
0
0
0
0
0
0
0
0
0
0
0
0
0
0
0
0
0.0520423
0.0520423
0.0520423
0.0520423
0
0
0
0
0.0520188
0.0520188
0
0
0
0
0
0
0
0
0
0
0
0
0
0
0
0
0
0
0
0
0
0
0
0
0
0
0
0
0
0
0
0
0
0
0
0
0
0
0
0
0
0
0
0
0
0
0
0
0
0
0
0
0
0
0
0
0
0
0
0
0
0
0
0
0
0
0
0
0
0
0
0
0
0
0
0
0
0
0
0
0
0
0
0
0
0
0
0
0
0
0
0
0
0
0
0
0
0
0.0195778
0.0195778
0.0195778
0.0195778
0.0195778
0.0195778
0.0195778
0
0.0195778
0.0195778
0.0195778
0
0
0
0
0
0
0
0
0
0.0520188
0.0520188
0.0520188
0.0520188
0.0520188
0.0520188
0.0520188
0.0520188
0.0520188
0.0520188
0.0520188
0.0520188
0.0520188
0.0520188
0
0
0
0
0
0
0
0
0
0.019574
0.019574
0
0.019574
0
0
0
0
0
0
0
0
0
0
0
0
0
0
0.0284325
0.0284325
0.0284325
0.0284325
0.0284325
0.0284325
0
0
0
0
0
0
0
0.0284325
0.0284325
0.0284325
0
0
0
0
0
0
0
0
0
0
0.0284325
0.0284325
0.0284325
0.0284325
0.0284325
0
0
0
0
0
0
0
0
0
0
0
0
0
0
0
0
0
0
0
0
0
0
0
0
0
0
0
0
0
0
0
0
0
0
0.0284325
0.0284325
0.0284325
0.0284325
0
0
0
0
0
0
0
0
0
0.0284325
0
0
0
0
0
0
0
0
0
0
0
0
0
0
0
0
0
0
0
0
0
0
0
0
0
0
0
0
0
0
0
0
0
0
0
0
0
0
0
0
0
0
0
0.0284325
0.0284325
0.0284325
0.0284325
0.0284325
0.0284325
0
0
0
0.0520188
0.0520188
0.0520188
0.0520188
0.0520188
0
0
0
0
0.0184616
0.0184616
0.0184616
0.0184616
0.0184616
0.0184616
0.0184616
0
0
0
0
0
0
0
0
0.0184648
0.0184648
0
0
0.0184616
0.0184616
0.0184616
0
0
0
0
0
0
0
0
0
0
0
0
0
0
0
0
0
0
0
0
0
0
0
0
0
0
0
0
0
0
0
0
0
0
0
0
0
0
0
0
0
0
0.0184616
0
0
0
0
0
0
0
0
0
0
0
0
0
0
0
0
0
0
0
0
0
0
0
0
0
0
0
0
0
0
0
0
0
0
0
0
0
0
0
0
0
0
0
0
0
0
0
0.0520188
0.0520188
0.0520188
0.0520188
0.0520188
0.0520188
0.0520188
0.0520188
0.0520188
0
0
0
0
0
0.031607
0.031607
0.031607
0.031607
0.031607
0
0
0
0
0
0
0
0
0
0
0
0
0
0
0
0
0
0
0.0319928
0.031607
0.031607
0
0.0401934
0.0408248
0.0408248
0.0408248
0
0.031607
0
0
0
0
0.0319928
0
0
0
0
0
0
0
0
0
0
0
0
0
0
0
0
0
0
0
0
0
0
0
0
0
0
0
0
0.0319928
0.0319928
0.0319928
0.0320421
0
0
0
0
0
0
0
0
0.0322245
0.0322245
0.0322245
0
0.0322245
0.0322245
0.0323085
0
0
0
0
0
0
0
0
0
0
0.0195106
0
0
0
0
0
0
0
0
0
0
0
0
0
0
0
0
0
0
0
0
0
0
0
0
0
0
0
0.0520188
0.0520188
0.0520188
0
0
0
0
0
0
0
0
0.031607
0
0
0
0
0
0
0
0
0
0.0320092
0
0
0
0.0322245
0
0
0
0.0322245
0.0322245
0.0195815
0.0195815
0
0.0207973
0
0
0
0
0.0322245
0
0
0
0
0
0
0
0
0
0
0
0
0
0
0
0
0
0
0
0
0
0
0
0
0
0
0
0
0
0
0
0
0
0
0
0
0
0
0.0267071
0.0267071
0.0267071
0.0267071
0.0267071
0.0267071
0.0267071
0.0267071
0.0267071
0.0267071
0
0
0
0
0
0
0.117041
0.026968
0
0
0
0
0.129099
0.0295012
0
0
0
0.0287718
0
0
0
0
0
0
0
0
0
0
0
0
0
0
0
0
0
0
0
0
0
0
0
0
0
0.0195778
0.0195778
0.0195703
0.0195703
0.0195703
0.0195703
0.0195703
0.0195703
0.0195703
0.0195703
0.0195703
0.0195703
0.0520188
0.0520188
0.0520188
0.0520188
0.0520188
0.0520188
0.0520188
0.0520188
0.0195778
0.0195778
0.0195778
0.0195778
0.0195778
0.0195778
0.0195778
0.0195778
0.0195778
0.0198654
0.0198654
0.0198654
0.0198654
0.0195778
0.0195778
0.0195778
0.0216574
0.0216574
0.0216574
0.0216574
0.0216574
0
0.0216574
0.0195778
0.0195778
0.0195778
0
0
0
0
0
0
0
0
0
0
0
0
0
0
0
0
0
0
0
0
0
0
0
0
0.0195703
0.0195703
0.0195703
0.0195703
0.0195703
0.0195703
0.0195703
0.0195703
0.0195703
0.0195703
0.0195703
0.0195703
0.0195703
0.0195703
0.0195703
0.0195703
0.0195703
0.0195703
0.0195703
0.0195703
0.0195703
0.0195703
0.0195703
0.0195703
0.0195703
0.0195703
0.0195703
0.0195703
0.0197681
0.0198224
0
0.0198654
0.0195778
0
0
0
0
0
0
0
0
0
0
0
0
0
0
0
0
0
0
0
0
0
0
0
0
0
0.0520344
0.0520344
0.0520344
0.0520344
0.0520344
0.0520344
0.026774
0.026774
0.0296826
0.0296826
0.0296826
0.0296826
0.0296826
0.0428353
0.0296826
0.0297614
0.0296826
0
0
0
0.0296826
0.0472984
0
0
0
0
0
0
0.0296826
0.0268124
0.0520344
0.0520188
0.0520188
0.0521759
0.0403896
0.0403896
0.0520031
0.0520031
0.0520031
0.0520031
0.0520344
0.0520188
0.0520188
0.0520188
0.0520188
0.0520188
0.0520188
0.075271
0.075271
0.075271
0.075271
0
0
0.0520188
0.0520188
0.0520188
0.0520188
0.0520188
0.0520188
0.0520188
0.0520188
0.075271
0.075271
0.075271
0.026968
0.0521917
0.075539
0.075539
0.075539
0
0
0.0520344
0
0.0520344
0.0520344
0.0520344
0.0520344
0.0520344
0.0520344
0
0
0
0
0
0
0
0
0
0
0
0
0
0
0
0.052011
0
0
0
0
0
0
0
0
0
0
0
0
0
0
0
0
0
0
0
0
0
0
0
0
0
0
0
0
0
0
0
0
0.0349642
0.0349642
0.0349642
0.0349642
0.0349642
0
0
0
0.0349642
0.0349642
0.0349642
0.0349642
0.0349642
0.0349642
0.0349642
0.0349642
0.0349642
0.0352892
0
0.0349642
0.052011
0
0.052011
0.052011
0.052011
0.052011
0.052011
0.052011
0
0.052011
0
0.052011
0
0.0295012
0.0295012
0.0295012
0.0295012
0.0520344
0.0520344
0.0520344
0.0520344
0.0520344
0.0520344
0.0295012
0.0295012
0.0883883
0
0
0.0295012
0
0
0
0
0
0.0522312
0.0274929
0.017736
0.0182849
0
0
0
0.0176998
0.0176998
0.0296826
0.0297219
0.0296826
0.0176998
0.0195703
0.0195703
0.0195703
0.0195703
0.0195703
0
0
0
0
0
0
0
0
0.0195703
0
0
0
0
0
0
0
0.0195628
0.0195628
0
0.0521365
0.0521365
0.0521365
0.0521365
0.0521365
0.0521365
0
0.0521365
0.0521365
0
0
0
0
0
0
0
0
0
0
0
0
0
0
0
0
0
0.0522233
0
0
0.0521443
0.0521443
0
0.0521443
0.0521443
0
0
0.0522154
0.0193131
0.0175169
0.0175169
0
0
0
0
0
0
0
0
0
0
0
0
0
0
0
0
0
0
0
0
0
0
0
0
0
0
0
0
0
0
0
0
0
0
0
0
0
0
0
0
0
0
0
0
0
0
0
0
0
0
0
0
0
0
0
0
0.0521443
0
0
0
0
0
0.0521443
0.0521443
0.0521443
0.0521443
0.0521443
0
0
0
0
0
0
0.0521443
0
0
0
0.0195778
0.0195778
0.0195778
0.0195778
0.0195778
0.0195778
0.0195778
0.0195778
0.0195778
0.0196875
0.0196875
0.0195778
0.0196875
0.0196875
0.0195778
0.0195778
0.0195778
0.0195778
0.0195778
0.0195778
0.0195778
0.0196154
0.0196154
0.0195778
0.0195778
0.0195778
0.0195778
0.0195778
0.0195778
0.0209427
0.0195778
0.0195778
0.0195778
0.0195778
0.0195778
0.0322078
0.0322078
0.0322078
0.0198654
0.0216574
0.0198654
0
0.020576
0.020576
0
0
0
0.024275
0.024275
0
0
0.0195778
0
0
0
0
0.0195778
0.0195778
0
0
0
0
0
0
0.0322078
0.0322078
0
0
0
0
0
0
0
0
0
0
0.0195778
0
0
0
0
0
0
0
0
0
0
0
0
0
0
0
0
0
0
0
0
0
0
0
0
0
0
0
0
0
0
0
0
0
0
0
0
0
0
0
0
0
0
0
0.0203489
0.0203489
0.0203489
0
0
0
0
0
0.0203489
0.0196722
0.0196722
0.0196722
0
0
0
0
0.024275
0.024275
0.024275
0
0
0
0
0
0.0243324
0.0243324
0.024275
0.0198654
0.0198654
0.0198654
0.0198654
0.0198654
0.0198654
0.0198654
0.0209427
0.0198654
0.024275
0.024275
0.024275
0.0316862
0.024275
0.024275
0
0
0
0
0
0.0198224
0.0198224
0
0
0
0
0
0
0
0.0198224
0.0198224
0.0198224
0.0198224
0.0198224
0.0198224
0.0198224
0
0
0
0
0
0.0198224
0.0198302
0.0198302
0.0198302
0.0198302
0.0198302
0.0198302
0
0
0
0
0
0.0198302
0.0198302
0
0.0198302
0.0198302
0.0198302
0
0
0.0198497
0
0
0
0.0198302
0.0198497
0.0198302
0.0198224
0
0
0
0
0
0
0
0
0
0
0
0
0
0
0
0
0
0
0
0
0
0
0
0
0
0
0
0
0
0
0
0
0
0.0198419
0.0198419
0.0198341
0.0198341
0.0198419
0
0.0198341
0.0198341
0.0198263
0.0198263
0.0198263
0.0198263
0.0198263
0
0
0
0.0198263
0.0198263
0.0198263
0.0198263
0
0
0
0.0198302
0.0201333
0.0198302
0.0198302
0
0
0
0
0.0198263
0.0198263
0.0202403
0
0
0
0
0
0
0
0
0
0
0.0198263
0.0200926
0.0200926
0
0.0203912
0.0198263
0
0
0
0
0.0198263
0
0
0
0
0
0
0
0
0.0200401
0
0.0201456
0
0.0268414
0
0
0
0
0
0
0
0
0
0
0
0
0
0
0
0
0
0
0
0
0.0272468
0
0
0
0.0322078
0.0322078
0.0322078
0.0322078
0
0
0
0
0
0
0
0
0
0
0
0.0322078
0.0322078
0
0
0
0
0
0
0.0322078
0.0322078
0
0.0322078
0.0322078
0
0
0
0
0
0
0
0.0322078
0
0
0
0
0
0
0
0
0
0
0
0
0
0
0
0
0
0
0
0
0
0
0
0
0
0
0
0
0
0
0
0
0
0
0
0
0
0
0
0
0
0
0
0
0
0
0
0
0
0
0
0
0
0
0
0
0
0
0
0
0
0
0
0
0
0
0
0
0
0
0
0
0
0
0
0
0
0
0.0195778
0
0
0
0
0
0
0
0
0
0
0
0
0
0
0
0.0195778
0.0198302
0.0198302
0.0198302
0.0198302
0.0198302
0.0198302
0.0198302
0.0198302
0.0198302
0.0198302
0.0198302
0.0198302
0.0198302
0.0198302
0.0198302
0.0198302
0.0198302
0.0198302
0.0198302
0.0198302
0.0198302
0.0520188
0.0520188
0.0520188
0.0520188
0.0520188
0.0520188
0.0520188
0.0520188
0.0520188
0.0520188
0.0520188
0.0198302
0.0198732
0.0198302
0.0198302
0.0198302
0
0
0
0
0
0
0
0
0
0
0
0
0
0
0
0
0
0
0
0
0
0
0
0
0
0.0198302
0.0222442
0.0222442
0.0198302
0.0198302
0.0204551
0.0204551
0.0204551
0
0
0
0
0
0
0.0204551
0
0
0
0
0
0
0.0215365
0
0.0204551
0
0
0
0
0
0
0.0198302
0
0
0
0
0
0
0.0198302
0.0198302
0
0.0198302
0
0
0.0198302
0
0
0
0
0
0.0198302
0
0
0
0.0198302
0.0198302
0
0.0198302
0.0198302
0.0198302
0.0198302
0.0198302
0.0198302
0
0
0
0
0
0
0
0
0
0
0
0
0
0
0
0
0.0198302
0.0198654
0
0
0.0198302
0
0
0.0198302
0.0198302
0
0
0
0
0
0
0
0
0.0198302
0.0204551
0.0204551
0.0198302
0
0
0
0
0
0
0
0
0
0
0
0
0
0
0
0.0198302
0
0
0
0.0198302
0
0.0198302
0
0.0198302
0
0.0202777
0
0
0
0
0.0203531
0.0203531
0.0198302
0
0.0198302
0
0.0198302
0.0198302
0.0198615
0
0.0198615
0
0
0
0
0
0
0
0
0
0
0
0
0
0
0
0
0
0
0
0
0
0
0
0
0
0
0
0
0
0
0
0
0
0
0
0
0
0
0
0
0.0195106
0.0195106
0.0195106
0.0195106
0.0195106
0.0195106
0.0195106
0
0
0
0
0
0
0
0
0
0
0
0
0
0
0
0
0
0
0
0
0
0
0
0
0
0
0
0
0
0
0
0
0
0
0
0
0
0
0
0
0
0
0
0
0
0
0
0
0
0
0
0
0
0
0
0
0
0
0
0
0
0
0
0
0
0
0
0
0
0
0
0
0
0
0
0
0
0
0
0
0
0
0
0
0
0
0
0
0
0
0
0
0
0
0
0
0
0
0
0
0
0
0
0
0
0
0
0
0
0
0
0
0
0
0
0
0
0
0
0
0
0
0
0
0
0
0
0
0
0
0
0
0
0
0
0
0
0
0
0
0
0
0
0
0
0
0
0
0
0
0
0
0
0
0
0
0
0
0
0
0
0
0
0
0
0
0
0
0
0
0
0
0
0
0
0
0
0
0
0
0
0
0
0
0
0
0
0
0
0
0
0
0
0
0
0
0
0
0
0
0
0
0
0
0
0
0
0
0
0
0
0
0
0
0
0
0
0
0
0
0
0
0
0
0
0
0
0
0
0
0
0
0
0
0
0
0
0
0
0
0
0
0
0
0
0
0
0
0
0
0
0
0
0
0
0
0
0
0
0
0
0
0
0
0
0
0
0
0
0
0
0
0
0
0
0
0
0
0
0
0
0
0
0
0
0
0
0
0
0
0
0
0
0
0
0
0
0
0
0
0
0
0
0
0
0
0
0
0
0
0
0
0
0
0
0
0
0
0
0
0
0
0
0
0
0
0
0
0
0
0
0
0
0
0
0
0
0
0
0
0
0
0
0
0
0
0
0
0
0
0
0
0
0
0
0
0
0
0
0
0
0
0
0
0
0
0
0
0
0
0
0
0
0
0
0
0
0
0
0
0
0
0
0
0
0
0
0
0
0
0
0
0
0
0
0
0
0
0
0
0
0
0
0
0
0
0
0
0
0
0
0
0
0
0
0
0
0
0
0
0
0
0
0
0
0
0
0
0
0
0
0
0
0
0
0
0
0
0
0
0
0
0
0
0
0
0
0
0
0
0
0
0
0
0
0
0
0
0
0
0
0
0
0
0
0
0
0
0
0
0
0
0
0
0
0
0
0
0
0
0
0
0
0
0
0
0
0
0
0
0
0
0
0
0
0
0
0
0
0
0
0
0
0
0
0
0
0
0
0
0
0
0
0
0
0
0
0
0
0
0
0
0
0
0
0
0
0
0
0
0
0
0
0
0
0
0
0
0
0
0
0
0
0
0
0
0
0
0
0
0
0
0
0
0
0
0
0
0
0
0
0
0
0
0
0
0
0
0
0
0
0
0
0
0
0
0
0
0
0
0
0
0
0
0
0
0
0
0
0
0
0
0
0
0
0
0
0
0
0
0
0
0
0
0
0
0
0
0
0
0
0
0
0
0
0
0
0
0
0
0
0
0
0
0
0
0
0
0
0
0
0
0
0
0
0
0
0
0
0
0
0
0
0
0
0
0
0
0
0
0
0
0
0
0
0
0
0
0
0
0
0
0
0
0
0
0
0
0
0
0
0
0
0
0
0
0
0
0
0
0
0
0
0
0
0
0
0
0
0
0
0
0
0
0
0
0
0
0
0
0
0
0
0
0
0
0
0
0
0
0
0
0
0
0
0
0
0
0
0
0
0
0
0
0
0
0
0
0
0
0
0
0
0
0
0
0
0
0
0
0
0
0
0
0
0
0
0
0
0
0
0
0
0
0
0
0
0
0
0
0
0
0
0
0
0
0
0
0
0
0
0
0
0
0
0
0
0
0
0
0
0
0
0
0
0
0
0
0
0
0
0
0
0
0
0
0
0
0
0
0
0
0
0
0
0
0
0
0
0
0
0
0
0
0
0
0
0
0
0
0
0
0
0
0
0
0
0
0
0
0
0
0
0
0
0
0
0
0
0
0
0.0520188
0
0
0
0
0
0
0
0
0
0
0
0
0
0.052011
0.052011
0.052011
0.052011
0.052011
0.0520188
0.0520188
0.0520188
0.0520188
0.0520188
0.0520188
0.0520188
0.0520188
0.0520188
0.0520188
0.0520188
0.0520188
0.0520188
0.0520188
0.0520188
0.0520188
0.0520188
0.0520188
0.0520188
0.0520188
0.0520188
0.0520188
0.0520188
0.0520188
0.0520188
0.0520188
0.0520188
0.0520188
0.0520188
0.0520188
0.0520188
0.0520188
0.0520188
0.0520188
0.0520188
0.0520188
0.0520188
0.0520188
0.0520188
0.0520188
0.0520188
0.0520188
0.0520188
0.0520188
0.0520188
0.0520188
0.0520188
0.0520188
0.0520188
0.0520188
0.0520188
0.0520188
0.0520188
0.0520188
0.0520188
0.0520188
0.0520188
0.0520188
0.0520188
0.0520188
0.0520188
0.0520188
0.0520188
0.0520188
0.0520188
0.0520188
0.0520188
0.0520188
0.0520188
0.0520188
0.0520188
0.0520188
0.0520188
0.0520188
0.0520188
0.0520188
0.0520188
0.0520188
0.0520188
0.0520188
0.0520188
0.0520188
0.0520188
0.0520188
0.0520188
0.0520188
0.0520188
0.0520188
0.0520188
0.0520188
0.0520188
0.0520188
0.0520188
0.0520188
0.0520188
0.0520188
0.0520188
0.0520188
0.0520188
0.0520188
0.0520188
0.0520188
0.0520188
0.0520188
0.0520188
0.0520188
0.0520188
0.0520188
0.0520188
0.0520188
0.0520188
0.0520188
0.0520188
0.0520188
0.0520188
0.0520188
0.0520188
0.0520188
0.0520188
0.0520188
0.0520188
0.0520188
0.0520188
0.0520188
0.0520188
0.0520188
0.0520188
0.0520188
0.0520188
0.0520188
0.0520188
0.0520188
0.0520188
0.0520188
0.0520188
0.0520188
0.0520188
0.0520188
0.0520188
0.0520188
0
0
0
0
0
0
0
0
0
0
0
0
0
0
0
0
0
0
0
0
0
0
0
0
0
0
0
0
0
0
0
0
0
0
0
0
0
0
0
0
0
0
0
0
0
0
0
0
0
0
0
0
0
0
0
0
0
0
0
0
0
0
0
0
0
0
0
0
0
0
0
0
0
0
0
0
0
0
0
0
0
0
0
0
0
0
0.0520344
0.075271
0.0522708
0.0522708
0.0520344
0
0
0
0
0.052255
0.052255
0
0
0
0
0
0
0
0
0
0
0
0
0
0
0
0
0
0
0
0
0
0
0
0
0
0
0
0
0
0
0
0
0
0
0
0
0
0
0
0
0
0
0
0
0
0
0
0
0
0
0
0
0
0
0
0
0
0
0
0
0
0
0
0
0
0
0
0.0520344
0
0
0
0
0
0
0
0
0
0
0
0.0183587
0.0183587
0.0520501
0
0
0
0
0
0
0
0
0
0
0
0
0
0
0
0
0
0
0
0
0
0
0
0
0.0182971
0.0182971
0.0182971
0.0520344
0
0
0
0
0
0
0
0
0
0
0
0
0
0
0
0
0
0
0
0
0
0
0
0
0
0
0
0
0
0
0
0
0
0
0
0
0
0
0
0
0
0
0
0
0
0
0
0
0
0
0
0
0
0
0
0
0
0
0
0
0
0
0
0
0
0
0
0
0
0
0
0
0
0
0
0
0
0
0
0
0
0
0
0
0
0
0
0
0
0
0
0
0
0
0
0
0
0
0
0
0
0
0
0
0
0
0
0
0
0
0
0
0
0
0
0
0
0
0
0
0
0
0
0
0
0
0
0
0
0
0
0
0
0
0
0
0
0
0
0
0
0
0
0
0
0
0
0
0
0
0
0
0
0
0
0
0
0
0
0
0
0
0
0
0
0
0
0
0
0
0
0
0
0
0
0
0
0
0
0
0
0
0
0
0
0
0
0
0
0
0
0
0
0
0
0
0
0
0
0
0
0
0
0
0
0
0
0
0
0
0
0
0
0
0
0
0
0
0
0
0
0
0
0
0
0
0
0
0.0520188
0.0520188
0.0520188
0
0
0.052011
0.052011
0.052011
0.052011
0
0
0.0520188
0.0520188
0.0520188
0.0520188
0.0520188
0.0284325
0
0
0
0
0
0
0
0
0
0.0520188
0.0520188
0.0520188
0.0520188
0.0520188
0.0520188
0.0520188
0.0520188
0.0520188
0
0
0
0
0
0
0
0
0
0
0
0
0
0
0
0
0
0
0
0
0
0
0
0
0
0
0
0
0
0
0
0
0
0
0
0
0
0
0
0
0
0
0
0
0
0
0
0
0
0
0
0
0
0
0
0
0
0
0
0
0
0
0
0
0
0
0
0
0
0
0
0
0
0
0
0
0
0
0
0
0
0
0
0
0
0
0
0
0
0
0
0
0
0
0
0
0
0
0
0
0
0
0
0
0
0
0
0
0
0
0
0
0
0
0
0
0
0
0
0
0
0
0
0
0
0
0
0
0
0
0
0
0
0
0
0
0
0
0
0
0
0
0
0
0
0
0
0
0
0
0
0
0
0
0
0
0
0
0
0
0
0
0
0
0
0
0
0
0
0
0
0
0
0
0
0
0
0
0
0
0
0
0
0
0
0
0
0
0
0
0
0
0
0
0
0
0
0
0
0
0
0
0
0
0
0
0
0
0
0
0
0
0
0
0
0
0
0
0
0
0
0
0
0
0
0.0182331
0.0182331
0
0
0
0
0
0
0
0
0
0
0
0
0
0
0
0
0
0
0
0
0
0
0
0
0
0
0
0
0
0
0
0
0
0
0
0
0
0
0.019976
0.019976
0.019976
0.019976
0
0
0
0
0
0
0
0.019976
0.019976
0.019976
0.019976
0.0380693
0.019976
0
0
0
0
0
0
0
0
0.019976
0.019976
0.019976
0.019976
0.019976
0.019976
0.019976
0.01998
0.01998
0.019976
0.019976
0.019976
0.019976
0.019976
0.019976
0.019976
0.019976
0.019976
0.019976
0.019976
0.019976
0.019976
0.019976
0
0
0.019976
0.019976
0.019976
0.019976
0.0204937
0.0204937
0.0204937
0.0204937
0.0210772
0.0210772
0.0204937
0.0204937
0.0204937
0.0204937
0
0
0
0
0
0.0204937
0.0205282
0
0.0205282
0.0206153
0.0205847
0.0205847
0.0205934
0.0205847
0.0205847
0
0.0205847
0.0304714
0.0210119
0.0210119
0
0.0211006
0.0211006
0
0
0
0
0
0
0
0
0
0
0
0
0
0.0204937
0.0208108
0.0208198
0
0
0
0
0
0
0.0215166
0.0217752
0.0208198
0.0205325
0.0205325
0.0205325
0.0205325
0.0205325
0.0205325
0.0205325
0.0205325
0.0205325
0.0205325
0.0205325
0.0205325
0.0205325
0.0205325
0.0205325
0.0205325
0.0205325
0.0269582
0.0269582
0
0
0.0520188
0.0520188
0.0520188
0.0520188
0.0520188
0.0520188
0.0520188
0.0520188
0.0520188
0.0520188
0.0520188
0.0520188
0.0520188
0.0520188
0.0520188
0.0520188
0.0520188
0.0520188
0.0520188
0.0520188
0.0520188
0.0520188
0.0520188
0.0520188
0.0520188
0.0520188
0.0520188
0.0520188
0.0520188
0.0520188
0.0520188
0
0
0.0205325
0.0205325
0.0205325
0.0205325
0.0205325
0.0205325
0.0211194
0.0205325
0.0205325
0.0209888
0.0209888
0.0209888
0.0209888
0.0209888
0.0209888
0.0209888
0.0209888
0.0209888
0.0209888
0.0205325
0.0205325
0.0205325
0.0205325
0.0205325
0.0211194
0.0205325
0.0205325
0.0205325
0.020576
0.020576
0
0
0
0.020576
0.0205325
0
0
0
0.0205325
0.0205325
0.0207212
0.0207212
0.0207212
0
0.0205325
0.0205325
0.0205325
0.0205673
0.0205673
0.0207212
0
0.0207212
0.0207212
0
0
0
0
0
0
0
0
0.0336909
0.0336909
0
0
0
0
0
0
0
0
0
0
0
0
0
0
0
0.0256748
0.0256748
0.0256748
0
0
0
0.0333148
0.0333148
0.0333148
0.036442
0.036442
0.036442
0
0
0
0
0
0
0
0
0
0
0
0
0
0
0
0
0
0
0
0
0
0
0
0
0
0
0
0
0
0
0
0
0
0
0.144338
0.144338
0.144338
0.188982
0
0
0
0
0
0
0
0
0
0.144338
0.144338
0
0
0
0
0
0
0
0
0
0
0
0
0
0
0
0
0.0212238
0.0212238
0.0212238
0
0
0
0
0
0
0
0
0
0
0
0
0
0
0.0207212
0.0207212
0.020576
0.020576
0.0693375
0.0693375
0
0
0
0
0
0
0
0
0
0
0
0.0205325
0.0205325
0.0206636
0.0205325
0.0205325
0.0206636
0.0206636
0
0.0206636
0.0447214
0
0.0447214
0.0206636
0.0206636
0.0212238
0.0212238
0.0212238
0.0212238
0
0
0
0
0
0
0
0
0
0
0
0
0
0
0
0
0
0
0
0
0
0
0
0
0.0390434
0.0390434
0.0399043
0.0399043
0.0399043
0.0470882
0.066965
0
0
0
0
0
0
0
0
0
0
0
0
0
0
0
0
0
0
0
0
0
0
0
0
0
0
0
0
0
0
0
0
0
0
0
0
0
0
0
0
0
0
0
0
0
0
0
0
0
0
0
0
0
0
0
0
0
0
0
0
0
0
0
0
0
0
0
0
0
0
0
0
0
0
0
0
0
0
0
0
0
0
0
0
0
0
0
0
0
0
0
0
0
0
0
0
0
0
0
0
0
0
0
0
0
0
0
0
0
0
0
0
0
0
0
0.0205673
0.0205673
0.0206284
0.0207524
0.0207524
0.0515711
0.0515711
0.0515711
0.0663723
0.0663723
0.066965
0.0207524
0.0207524
0
0
0
0
0
0
0
0
0
0
0
0
0
0
0
0
0
0
0
0
0
0
0
0
0
0
0
0
0
0
0
0
0
0
0
0
0
0
0
0.0256748
0.0256748
0.0256748
0.0256748
0.0256748
0.0271363
0.0271363
0.0271363
0.0271363
0.0271363
0.0271864
0.0271363
0.0271363
0.0395285
0
0.0256748
0.0256748
0
0
0
0
0
0
0
0
0
0
0
0
0
0
0
0
0
0
0
0
0
0
0
0
0.0207212
0.0207212
0.0207212
0
0
0
0
0
0
0
0
0
0
0
0
0
0
0
0
0
0
0
0
0
0
0
0
0
0
0
0
0
0
0
0.0207212
0.0333148
0.0333148
0.0333148
0
0
0
0.033389
0
0
0
0
0
0
0
0
0
0
0
0
0.0957826
0.033389
0
0
0
0
0
0
0
0
0
0
0
0
0
0
0
0
0
0
0.036442
0.036442
0
0.036442
0.036442
0.036442
0.036442
0.036442
0
0.036442
0.036442
0
0
0.0371135
0.036442
0.036442
0
0
0
0
0
0
0
0
0
0
0
0
0
0
0
0
0
0
0
0.020998
0.0210073
0
0
0
0
0
0
0
0.0207079
0.0207079
0
0.0207079
0.0210819
0.0210819
0.0208288
0.0208288
0.0206328
0.0206328
0.0206328
0
0
0
0
0
0
0
0.0206328
0.0435194
0.0206328
0
0
0
0
0.0206725
0
0
0
0
0
0
0
0
0
0
0
0
0
0.118678
0.333333
0.118678
0.118678
0.118678
0.118678
0.118678
0.118678
0.118678
0.118678
0.118678
0.118678
0.316228
0
0.333333
0.333333
0.353553
0.333333
0.316228
0.316228
0.333333
0
0
0.118678
0.118678
0.118678
0.118678
0.118678
0.118678
0.132453
0
0.176777
0.176777
0
0.176777
0.316228
0
0.132453
0.176777
0.176777
0.0195778
0.0195778
0.0195778
0.0195778
0.0195778
0.0195778
0
0
0.0195778
0
0
0
0
0
0
0
0
0
0
0
0
0
0
0
0
0.0198654
0.0198654
0.0198654
0.0198654
0.0198654
0.0198654
0.0198654
0.0198654
0
0
0
0
0.0198654
0.0198654
0.0198654
0.0198654
0.0198654
0.0198654
0.0198654
0.0198654
0.0198654
0.0198654
0.0209565
0.0209565
0
0.0198654
0.0198654
0.0198654
0.0198654
0.0198654
0.0198654
0.0198654
0.0198654
0.0198654
0.0198654
0
0
0
0
0
0.0198654
0.0198654
0.0198654
0.0198654
0.0198654
0.0198732
0
0
0.0365636
0.0365636
0
0
0.0198654
0
0
0
0
0
0
0
0
0
0.0196875
0.0196875
0.0196875
0.0196875
0.0196875
0.0196875
0.0196875
0.0196875
0.0196875
0
0
0
0
0
0
0
0
0
0
0
0
0
0
0
0
0
0
0
0
0
0
0
0
0
0
0
0
0
0
0
0
0
0
0
0
0
0
0
0
0
0
0
0
0
0
0
0
0
0
0
0
0
0
0
0
0
0
0
0
0
0
0
0
0
0
0
0
0
0
0
0
0
0
0
0
0
0
0
0
0
0
0
0
0
0
0
0
0
0
0.0755929
0.0755929
0.0751646
0.0751646
0.0751646
0.0751646
0.0751646
0.0751646
0
0
0
0
0.0751646
0.0751646
0
0
0.0751646
0.0751646
0.0751646
0.0751646
0.0751646
0.0751646
0.0751646
0.0751646
0.0751646
0.0751646
0.0751646
0.0751646
0
0
0
0
0
0
0
0
0
0
0
0
0
0
0
0
0
0
0
0
0
0
0
0
0
0
0
0
0
0
0
0
0
0
0
0
0
0
0
0
0
0
0
0
0
0
0
0
0
0
0
0
0
0
0
0
0
0
0
0
0
0
0
0
0
0
0
0
0
0
0
0
0
0
0
0
0
0
0
0
0
0
0
0
0
0
0
0
0
0
0
0
0
0
0
0
0
0
0
0
0
0
0
0
0
0
0.0520188
0
0
0
0.0519797
0
0.0519797
0.0519797
0.0519797
0.0519797
0
0
0
0.0522233
0.0522233
0.0522233
0.0522233
0
0.0522233
0.0522233
0.0530372
0.0530372
0.0179
0.0179
0.0522233
0
0
0
0
0
0
0.0530372
0.0530372
0.0530372
0.0652328
0.0530372
0
0.0530372
0.0179
0.0179
0
0
0
0.0179
0
0
0
0
0.0179
0.0179
0.0179
0.0179
0
0
0
0
0
0
0
0.0179
0.0522233
0.0522233
0.0522233
0.0522233
0.0522233
0.0522233
0
0
0
0.0522233
0
0.0522233
0
0.0522233
0.0522233
0.0522233
0
0
0
0
0
0
0
0
0
0
0
0
0
0
0
0
0
0.258199
0.258199
0.258199
0.258199
0.258199
0.258199
0.258199
0.258199
0.333333
0.333333
0.258199
0.258199
0.258199
0.258199
0.258199
0.333333
0.333333
0.333333
0.333333
0
0
0
0
0.258199
0.258199
0.258199
0.258199
0.258199
0.258199
0.258199
0.258199
0.258199
0.258199
0.377964
0.258199
0.258199
0.258199
0.408248
0
0.258199
0.258199
0.258199
0.258199
0.333333
0.353553
0.333333
0.353553
0.333333
0.333333
0
0.333333
0.333333
0
0.333333
0
0.333333
0.333333
0.353553
0.353553
0.353553
0
0
0
0
0
0
0
0
0
0
0
0
0
0
0
0
0
0
0
0
0
0
0
0
0
0
0
0.052011
0.052011
0
0
0
0
0
0
0
0
0.0315912
0
0
0
0
0
0
0
0
0
0
0.0320256
0
0
0
0.0322078
0
0
0.0322078
0.0195778
0
0
0
0.0322078
0
0
0
0
0
0
0
0
0
0
0
0
0
0
0
0
0
0
0
0
0
0
0
0
0
0.0520188
0
0
0
0
0
0
0
0.0189797
0.019492
0.019492
0.019492
0.019574
0.030846
0.030846
0.208514
0.208514
0.208514
0.208514
0
0.208514
0
0.0520188
0
0
0
0
0
0
0
0
0
0
0
0
0
0
0
0
0
0
0
0
0
0
0
0
0
0
0
0
0
0
0
0
0
0
0
0
0
0
0
0
0
0
0
0
0
0
0
0
0
0
0
0
0
0
0
0
0
0
0
0
0
0
0
0
0
0
0
0
0
0
0
0
0
0
0
0
0
0
0
0
0
0
0
0
0
0
0
0
0
0
0
0
0
0
0
0
0
0
0
0
0
0
0
0
0
0
0
0
0
0
0
0
0
0
0
0
0
0
0
0
0
0
0
0
0
0
0
0
0
0
0
0
0
0
0
0
0
0
0
0
0
0
0
0
0
0
0
0
0
0
0
0
0
0
0
0
0
0
0
0
0
0
0
0
0
0
0
0
0
0
0
0
0
0
0
0
0
0
0
0
0
0
0
0
0
0
0
0
0
0
0
0
0
0
0
0
0
0
0
0
0
0
0
0
0
0
0
0
0
0
0
0
0
0
0
0
0
0
0
0
0
0
0
0
0
0
0
0
0
0
0
0
0
0
0
0
0
0
0
0
0
0
0
0
0
0
0
0
0
0
0
0
0
0
0
0
0
0
0
0
0
0
0
0
0
0
0
0
0
0
0
0
0
0
0
0
0
0
0
0
0
0
0
0
0
0
0
0
0
0
0
0
0
0
0
0
0
0
0
0
0
0
0
0
0
0
0
0
0
0
0
0
0
0
0
0
0
0
0
0
0
0
0
0
0
0
0
0
0
0
0
0
0
0
0
0
0
0
0
0
0
0
0
0
0
0
0
0
0
0
0
0
0
0
0
0
0
0
0
0
0
0
0
0
0
0
0
0
0
0
0
0
0
0
0
0
0
0
0
0
0
0
0
0
0
0
0
0
0
0
0
0
0
0
0
0
0
0
0
0
0
0
0
0
0
0
0
0
0
0
0
0
0
0
0.0520344
0.0520344
0.0520344
0.0520031
0
0
0.0520031
0.0520031
0.0520031
0.0520031
0.0520031
0.0520031
0.0520031
0.0520031
0.0520031
0.0520031
0.125
0
0
0
0
0
0
0
0
0
0
0
0
0
0
0
0
0.125988
0.0729325
0
0
0
0
0
0
0
0
0
0
0
0
0
0
0.0758098
0
0
0
0
0
0
0
0
0
0
0
0
0
0
0
0
0
0
0
0
0
0
0
0
0
0
0
0
0
0
0
0
0
0
0
0
0
0
0
0
0
0
0
0
0
0
0
0
0
0
0
0
0
0
0
0
0
0
0
0
0
0
0
0
0
0
0
0
0
0
0
0
0
0
0
0
0
0
0
0
0
0
0
0
0
0
0
0
0
0
0
0
0
0
0
0
0
0
0
0
0
0
0
0
0
0
0
0
0
0
0
0
0
0
0
0
0
0
0
0
0
0
0
0
0
0
0
0
0
0
0
0
0
0
0
0
0
0
0
0
0
0
0
0
0
0
0
0
0
0
0
0
0
0
0
0
0
0
0
0
0
0
0
0
0
0
0
0
0
0
0
0
0
0
0
0
0
0
0
0
0
0
0
0
0
0
0
0
0
0
0
0
0
0
0
0
0
0
0
0
0
0
0
0
0
0
0
0
0
0
0
0
0
0
0
0
0
0
0
0
0
0
0
0
0
0
0
0
0
0
0
0
0
0
0
0
0
0
0
0
0
0
0
0
0
0
0
0
0
0
0
0
0
0
0
0
0
0
0
0
0
0
0
0
0
0
0
0
0
0
0
0
0
0
0
0
0
0
0
0
0
0
0
0
0
0
0
0
0
0
0
0
0
0
0
0
0
0
0
0
0
0
0
0
0
0
0
0
0
0
0
0
0
0
0
0
0
0
0
0
0
0
0
0
0
0
0
0
0
0
0
0
0
0
0
0
0
0.0369295
0
0
0
0
0
0
0
0
0
0
0.0412043
0
0
0
0
0
0
0
0
0
0
0
0
0
0
0.0179838
0
0.0179838
0
0
0
0
0
0
0
0
0
0
0.153897
0.172631
0
0
0
0
0
0
0
0.0178146
0.0176887
0.0176887
0.0176887
0.0178685
0.018399
0
0
0
0
0
0
0
0
0
0
0
0
0
0
0
0
0
0
0
0
0
0
0
0
0
0
0
0
0
0
0
0
0
0
0
0
0
0
0
0
0
0
0
0
0
0
0
0
0
0
0
0
0
0.0185727
0.0186469
0.0179
0
0
0
0
0
0
0
0
0
0
0
0
0
0
0
0
0
0
0
0
0
0
0.018054
0
0.018054
0
0
0
0
0
0
0
0
0
0
0
0
0
0
0
0
0
0
0
0
0
0
0
0
0
0
0
0
0
0
0
0
0
0
0
0
0
0
0
0
0
0
0
0
0
0
0
0
0
0
0
0
0
0
0
0
0
0
0
0
0
0
0
0
0
0
0
0
0
0
0
0
0
0
0
0
0
0
0
0
0
0
0
0
0
0
0
0
0
0
0
0
0
0
0
0
0
0
0
0
0
0
0
0
0
0
0
0
0
0
0
0
0
0
0
0
0
0
0
0
0
0
0
0
0
0
0
0
0
0
0
0
0
0
0
0
0
0
0
0
0
0
0
0
0
0
0
0
0
0
0
0
0
0
0
0
0
0
0
0
0
0
0
0
0
0
0
0
0
0
0
0
0
0
0
0
0
0
0
0
0
0
0
0
0
0
0
0
0
0
0
0
0
0
0
0
0
0
0
0
0
0
0
0
0
0.412082
0.412082
0.416025
0.416025
0.416025
0.416025
0
0
0
0
0
0
0
0
0
0.0179
0.0179
0.0179
0
0
0
0
0
0.0179
0.019589
0.019589
0.019589
0.019589
0.019589
0
0
0
0
0
0.0520423
0.017609
0.0520423
0
0
0
0
0
0
0
0
0
0
0
0
0
0
0
0
0
0
0
0
0
0
0
0
0
0
0
0
0
0
0
0
0
0
0
0
0
0
0
0.0181339
0.0181339
0.0181399
0.0181399
0
0.0181399
0
0.0181399
0
0.0181429
0
0.0181429
0.0193601
0.0183866
0.0218374
0
0
0.0186436
0.0196608
0.0196608
0.0196608
0.0208696
0
0
0
0
0
0
0
0
0
0
0
0
0
0
0
0.0198302
0
0.0202196
0
0.0202569
0
0.0206328
0.0196456
0.0201701
0.020016
0
0
0
0
0
0
0.020016
0
0
0
0
0
0
0
0
0
0
0
0
0
0
0
0
0
0
0
0
0
0
0
0
0
0
0
0
0
0
0
0
0
0
0
0
0
0
0
0
0
0
0.0520031
0
0
0
0
0
0
0
0
0.0520031
0
0.0520031
0
0
0
0
0
0
0
0
0
0
0
0
0
0
0
0
0
0
0
0
0
0
0
0
0
0
0
0
0
0
0
0
0
0
0
0
0
0
0
0
0
0
0
0
0
0
0
0
0
0
0
0
0
0
0
0
0
0
0
0
0
0
0
0
0
0
0
0
0
0
0
0
0
0
0
0
0
0
0
0
0
0.0549005
0.0549005
0.0549005
0.0549005
0.0549005
0.0549005
0.0549005
0.0549005
0.0549005
0.0549005
0.0549005
0.0549005
0.0549005
0.0549005
0.0549005
0.0549005
0.0549005
0.0549005
0.0549005
0.0549005
0.308607
0.308607
0.308607
0
0
0.308607
0.0549005
0.0549005
0
0.0549005
0.0549005
0.0549005
0.0549005
0.0549005
0.0549005
0.0549005
0.0549005
0.0890086
0.0549005
0.0549005
0.0549005
0.0549005
0.0549005
0.0549005
0.0549005
0.0549005
0.0549005
0.0191145
0.0191215
0.0191215
0.0206946
0.433013
0.433013
0.0549005
0.0549005
0
0.175562
0
0.0873704
0.0191215
0.0553849
0.433013
0.433013
0.433013
0.0549097
0.0549005
0.123091
0.123091
0.142857
0.142857
0
0
0
0
0
0
0
0
0
0
0.0549005
0.0549005
0.0191215
0.0191215
0.0381177
0.0381177
0.176777
0.176777
0.433013
0.433013
0
0
0.147442
0.147442
0
0
0.0343199
0.0343199
0
0
0.123091
0.0645497
0.0645497
0.123091
0.123091
0.123091
0.123091
0.14072
0
0.123091
0.123091
0.142857
0.142857
0.142857
0.142857
0
0
0
0
0
0
0
0
0
0
0
0
0
0
0
0
0
0
0
0
0
0
0
0
0
0
0
0
0
0
0
0
0
0
0
0
0
0
0
0
0
0
0
0
0
0
0
0
0
0
0.0549005
0.0549005
0.588348
0.0549005
0.0549005
0.0211619
0.0549005
0.0549097
0.0574169
0.0549005
0.0549281
0.323498
0.0549742
0.0356009
0.0549005
0.0191215
0.0191215
0.0191215
0.0191215
0.0191215
0.0381177
0.0381177
0.0381177
0.176777
0.176777
0.433013
0.433013
0
0
0.147442
0.147442
0.333333
0.147442
0.147442
0.147442
0.147442
0.147442
0.408248
0.408248
1
0.408248
0.147442
0
0
0
0.147442
0.147442
0.149071
0
0.408248
0.149071
0
0
0
0
0
0
0
0
0
0
0
0
0
0
0
0
0
0
0
0
0
0
0.0343199
0.0343199
0.0345033
0.0345033
0.0345238
0.333333
0.377964
0.377964
0
0.377964
0.333333
0.0343199
0.0352017
0.0343199
0.0343604
0.377964
0.0343199
0.0645497
0.0645497
0.0645497
0.054965
0
0.0546994
0.0546994
0.0549281
0.0547449
0.0693375
0
0
0
0
0
0
0
0
0
0
0.131306
0.416025
0.433013
0.514496
0
0.433013
0
0
0
0.522233
0.522233
0.566947
0.801784
0.801784
0.522233
0.054754
0.054754
0
0.054754
0.0557856
0.0549373
0.0547631
0
0
0
0
0.123091
0.0547631
0.0549005
0.0549005
0.0549005
0.0549005
0.0551039
0.0594701
0.0594701
0.0594701
0.0299476
0.338062
0.338062
0.338062
0.458831
0.458831
0.707107
0
0
0
0
0.458831
0.458831
0.0556606
0
0
0
0
0
0.104828
0
0.13484
0
0.301511
0.301511
0.301511
0
0.316228
0.0551039
0.0378438
0
0.0551411
0.0555937
0.0380212
0.0624864
0.104828
0.149071
0.104828
0.104828
0
0
0
0
0
0
0
0
0
0
0
0
0
0
0
0.0890086
0.0549005
0.0549005
0.0549005
0.0549005
0.0186177
0.0189661
0
0.0186177
0.0186177
0.0186177
0.0549005
0.0549005
0.0549005
0.0549005
0.0549005
0.0549005
0.0793052
0
0
0
0
0
0
0
0
0
0.0520188
0.0520188
0.0520188
0.0520188
0.0520188
0.0520188
0
0
0
0
0
0
0
0
0
0
0
0
0
0
0
0
0
0
0
0
0
0
0
0
0
0
0
0
0
0
0
0
0
0
0
0
0
0
0
0
0
0
0
0
0
0
0
0
0
0
0
0
0
0
0
0
0
0
0
0
0
0
0.0175169
0.0175169
0
0
0.0175142
0.0175142
0.0175142
0.0175142
0.0175142
0.0175142
0.0175142
0.0175169
0.0175142
0.0175169
0.0175169
0.0175169
0.0175169
0.0175142
0.0184396
0
0
0.0175142
0.0175142
0.0175142
0.0175142
0.0175142
0
0
0
0
0
0
0.0175142
0.0175142
0
0
0
0
0
0
0
0
0
0
0
0
0
0
0
0
0
0
0
0
0
0
0
0
0
0
0
0
0
0
0
0
0
0
0
0
0
0
0
0
0
0
0
0
0.0184616
0.0184616
0.0184616
0
0
0.0193565
0
0.0193565
0
0
0
0
0
0
0
0
0
0
0
0
0
0
0
0
0
0
0
0
0
0
0
0
0
0
0
0
0
0
0.0520188
0
0
0
0.0520188
0.0520188
0.0520188
0.0520188
0.0520188
0.0520188
0
0
0
0.0520188
0.0520344
0.0520344
0.0520344
0.0520188
0
0
0
0
0
0
0.0520188
0
0
0
0
0
0
0
0
0
0
0
0
0
0
0
0
0
0
0
0
0
0.0520188
0.0520188
0.0520188
0.0520188
0.0520188
0.0520188
0.0520188
0.0520188
0.0520188
0.0520188
0.0520188
0.0520344
0.0520344
0
0.0520344
0.0520344
0.0520188
0.0520188
0.0520188
0.0520188
0.0520188
0.0520188
0.0520344
0.0520344
0.0520188
0.0267548
0.0267548
0.0267548
0
0
0
0.0268124
0.0276501
0.075271
0.075271
0.075271
0
0
0
0
0
0.0753778
0
0.0520344
0.0521917
0.019111
0.0390137
0
0.0390137
0.0397229
0
0
0
0
0
0
0
0
0
0
0
0
0.0520188
0.0520188
0.0520188
0.0520188
0.0520188
0.0520188
0.0520188
0
0
0
0
0
0
0
0
0
0
0
0
0
0
0
0
0
0
0
0
0
0.0188411
0.0188411
0.0188411
0.0188411
0.0188411
0
0
0
0
0
0
0
0
0
0
0
0
0
0
0
0
0
0
0.0195106
0.0195106
0
0
0
0
0
0
0
0
0.0520188
0.0520188
0.0520188
0.0520188
0.0520188
0.0520188
0.0520188
0
0
0
0
0
0
0
0
0
0
0
0
0
0
0
0
0
0
0
0
0
0
0
0
0
0
0
0
0
0
0
0
0
0
0
0
0
0
0
0
0
0
0
0
0
0
0
0
0
0
0
0
0
0
0
0
0
0
0
0
0
0
0
0
0
0
0
0
0
0
0
0
0
0
0
0
0
0
0
0
0
0
0
0
0
0
0
0
0
0
0
0
0
0
0
0
0
0
0
0
0
0
0
0
0
0
0
0
0
0
0
0
0
0
0
0
0
0
0
0
0
0
0
0
0
0
0
0
0
0
0
0
0
0
0
0
0
0
0
0
0
0
0
0
0
0
0
0
0
0
0
0
0
0
0
0
0
0
0
0
0
0
0
0
0
0
0
0
0
0
0
0
0
0
0
0
0
0
0
0
0
0
0
0
0
0
0
0
0
0
0
0
0
0
0
0
0
0
0
0
0
0
0
0
0
0
0
0
0
0
0
0
0
0
0
0
0
0
0
0
0
0
0
0
0
0
0
0
0
0
0
0
0
0
0
0
0
0
0
0
0
0
0
0
0
0
0.0520188
0
0
0
0
0
0
0
0
0
0
0
0
0
0
0
0
0
0
0
0
0
0
0
0
0
0
0
0
0
0
0
0
0
0
0
0
0
0
0
0
0
0
0
0
0
0
0
0
0
0
0
0
0
0
0
0
0
0
0
0
0
0
0
0
0
0
0
0
0
0
0
0
0
0
0
0
0
0
0
0
0
0
0
0
0.0522233
0
0
0
0
0
0
0
0
0
0
0
0
0
0
0
0
0
0
0
0
0
0
0
0
0.0520188
0.0520188
0
0
0
0
0
0
0
0
0
0
0
0
0
0
0
0
0
0
0
0
0
0.0547723
0.0547723
0.0547723
0.0547723
0.0547723
0.0547723
0
0
0
0
0
0
0.0548363
0.0547723
0
0
0.0549005
0.0549005
0.0184648
0.0184648
0.0184648
0.0548363
0.0548363
0.0548363
0.0548363
0.0548363
0.0556319
0.0548363
0
0
0
0
0.0559308
0
0
0
0
0
0
0
0
0
0.14656
0.14656
0.258199
0.258199
0.258199
0
0
0
0
0
0
0
0
0
0.0520188
0.0520188
0.0520188
0.0520188
0.0520188
0.0520188
0.0520188
0.0520188
0.0520188
0
0
0
0
0
0
0
0
0
0
0
0
0
0
0
0
0
0
0
0
0
0
0
0
0
0
0
0
0
0
0
0
0
0
0
0
0
0
0
0
0
0
0
0
0
0
0
0
0
0
0
0
0
0
0
0
0
0
0
0
0
0
0
0
0
0
0
0
0
0
0
0
0
0
0
0
0
0
0
0
0
0
0
0
0
0
0
0
0
0
0
0
0
0
0
0
0
0
0
0
0
0
0
0
0
0
0
0
0
0
0
0
0
0
0
0
0
0
0
0
0
0
0
0
0
0
0
0
0
0
0
0
0
0
0
0
0
0
0
0
0
0
0
0
0
0
0
0
0
0
0
0
0
0
0
0
0
0
0
0
0
0
0
0
0
0
0
0
0
0
0
0
0
0
0
0
0
0
0
0
0
0
0
0
0
0
0
0
0
0
0
0
0
0
0
0
0
0
0
0
0
0
0
0
0
0
0
0
0
0
0
0
0
0
0
0
0
0
0
0.0520188
0.0520188
0.0520188
0.0520188
0.0520188
0
0
0
0
0
0
0
0
0
0.0284325
0
0
0
0
0
0
0
0
0
0
0
0
0
0
0
0
0
0
0
0
0
0
0
0
0
0
0
0
0
0
0
0
0
0
0
0
0
0
0
0
0
0
0
0
0
0
0
0
0
0
0
0
0
0
0
0
0
0
0
0
0
0
0
0
0
0
0
0
0
0
0
0
0
0
0
0
0
0
0
0
0
0
0
0
0
0
0
0
0
0
0
0
0
0
0
0
0
0
0
0
0
0
0
0
0
0
0
0
0
0.0299342
0
0
0
0
0.0299342
0.0299342
0.0299342
0
0
0
0
0
0.0334637
0.0334637
0.0334637
0.0334637
0.0334637
0.0334637
0.0299342
0.0299342
0.0299342
0.0299342
0.0299342
0.0299342
0.0299342
0.0299342
0.0299342
0.0299476
0.0299342
0.0299476
0
0
0
0
0.0339814
0.0339814
0
0
0
0
0
0
0
0
0
0
0.0883883
0.0883883
0.0332964
0.0332964
0.0315597
0.0315597
0.0635001
0.0635001
0
0
0.188982
0.188982
0
0
0
0
0
0
0
0
0
0
0.0301101
0
0
0
0
0.0707107
0.0707107
0.0349002
0.0349002
0
0
0
0
0.0429141
0.0429141
0.0306282
0.0306282
0
0
0
0
0
0
0
0
0
0
0.0395285
0.0395285
0
0
0
0
0
0
0.0308167
0.0308167
0.0402259
0.0308167
0
0
0
0
0
0.0299342
0
0.0299342
0.0299342
0.0299342
0
0.0299342
0.0299342
0.0299342
0
0.0299342
0
0
0
0
0
0
0
0
0
0.0300285
0.0300285
0
0.0300285
0.0300285
0
0.0300285
0.0302061
0.0302061
0.0302061
0.0302061
0
0
0
0
0.0339814
0.0339814
0.0339814
0.0339814
0.0339814
0.0339814
0
0
0
0
0
0
0.0313728
0.0313728
0
0.0313728
0.0395285
0.0395285
0.0395285
0.0395285
0.0395285
0
0
0
0
0
0.0332411
0.0332411
0.0332411
0.0332411
0.0332411
0.0332411
0.0332411
0.0360375
0.0332411
0
0
0
0
0
0
0
0
0
0
0
0
0
0
0
0
0
0
0
0
0
0
0
0
0
0
0
0
0
0
0
0
0
0
0
0
0
0.0883883
0.0883883
0.0883883
0.0883883
0.0883883
0.0883883
0
0.0883883
0.0315597
0.0315597
0.0315597
0.0315597
0.0635001
0.0635001
0.0635001
0.065938
0.0635001
0
0
0
0
0
0
0
0
0
0
0
0
0
0
0.188982
0.188982
0.188982
0.188982
0.188982
0.188982
0.188982
0.188982
0.188982
0
0
0.188982
0.213201
0.213201
0.188982
0
0.188982
0
0
0
0
0
0
0
0
0
0
0
0
0
0
0
0
0
0
0
0
0
0
0
0
0
0
0
0
0
0
0
0
0
0
0
0
0
0
0.0349002
0.0349002
0.0349002
0.0349002
0.034879
0.034879
0.034879
0
0
0
0
0
0
0
0
0
0
0
0
0
0
0
0
0
0
0
0
0
0
0.0429141
0.0429141
0.0429141
0.0429141
0
0
0.0429141
0
0
0
0
0
0
0
0
0
0
0
0
0
0
0
0
0
0
0
0
0
0
0
0
0
0
0
0
0
0
0
0
0
0
0
0
0
0
0
0
0
0
0
0
0
0
0
0
0
0
0
0
0
0
0.0656532
0.0656532
0.0656532
0.0656532
0
0
0
0
0
0
0
0
0.0299342
0
0.0299342
0.0299342
0.0299342
0.0299745
0.0299476
0.0310685
0.0299476
0.0299342
0
0.0299342
0.0307729
0.0307729
0.0309789
0.0773823
0.0830455
0
0.0307729
0
0.0307729
0.0320421
0.0320421
0.0323254
0.0755929
0.0320421
0
0.0320421
0
0
0.0179779
0.0195778
0
0
0
0
0
0
0
0
0
0
0
0
0
0
0
0
0
0
0
0
0
0
0
0
0
0
0
0
0
0
0
0
0
0
0
0
0
0
0
0
0
0
0
0
0
0
0
0
0
0
0
0
0
0
0
0
0
0
0
0
0
0
0
0
0
0
0
0
0
0
0
0
0
0
0
0
0
0
0
0
0
0
0
0
0
0
0
0
0
0
0
0
0
0
0
0
0
0
0
0
0
0
0
0
0
0
0
0
0
0
0
0
0
0
0
0
0
0
0
0
0
0
0
0
0
0
0
0
0
0
0
0
0
0
0
0
0
0
0
0
0
0
0
0
0
0
0
0
0
0
0
0
0
0
0
0
0
0
0
0
0
0
0
0
0
0
0
0
0
0
0
0
0
0
0
0
0
0
0
0
0
0
0
0
0
0
0
0
0
0
0.0189661
0.0189661
0.0195778
0.0195778
0.0195778
0.0195778
0.0195778
0.0195778
0.0195778
0.0195778
0.0195778
0.0195778
0.0195778
0.0195778
0.0195778
0.0195778
0.0195778
0.0195778
0.040893
0.0195778
0.0273281
0.0273281
0.0273281
0.0273281
0.0273281
0
0
0
0
0
0
0
0.0366372
0
0.0197797
0.0324785
0.0324785
0.0329154
0.0331497
0.0198107
0
0.0195778
0.0195778
0
0
0
0.0195778
0
0
0
0
0
0
0
0
0
0
0
0
0
0
0
0
0
0
0
0
0
0
0.0195778
0.0195778
0.0195778
0.0195778
0.0195778
0.0195778
0.0195778
0
0.0195778
0.0195778
0
0
0
0
0
0
0
0
0
0
0
0
0
0
0
0
0
0
0
0
0
0
0
0
0
0
0.040893
0.040893
0.040893
0.0413096
0.0413096
0.040893
0.1
0.113961
0.1
0.040893
0.0195778
0.0195778
0.0195778
0.0195778
0.0195778
0.0195778
0.0195778
0.0195778
0
0
0
0
0
0
0.040893
0.040893
0.040893
0.040893
0.040893
0.040893
0.040893
0.040893
0.040893
0.0413096
0.0413096
0.0413096
0.0413096
0
0
0
0
0
0
0
0
0
0
0
0.0452679
0.0413096
0.0414158
0.0413096
0.040893
0.0198107
0.0873704
0.0198146
0.0195778
0.0273281
0.0273281
0.0273281
0
0
0
0
0
0
0
0
0
0
0
0
0
0
0
0
0
0
0
0
0
0
0
0
0
0
0
0
0
0
0
0
0
0
0
0
0
0.0520188
0.0520188
0.0520188
0
0
0
0
0
0
0
0
0
0.0751646
0.0751646
0.0751646
0.0751646
0.0793052
0
0.0751646
0.0751646
0.0751646
0.0751646
0
0
0.0751646
0.0751646
0
0.0751646
0.0751646
0.0793052
0.0751646
0.0751646
0.0793052
0.0751646
0.0751646
0
0
0
0
0
0
0
0
0
0.258199
0
0
0
0
0
0.0284325
0
0
0
0
0.0284325
0.0284325
0.0284325
0.0284325
0.0284325
0.0284325
0.0284325
0.0284325
0
0
0.0284325
0
0
0
0
0
0
0
0
0
0
0
0
0
0
0
0
0
0
0
0
0
0
0
0
0
0
0
0
0
0
0
0
0
0
0
0
0
0
0
0
0
0
0
0
0
0
0
0
0
0
0
0
0
0
0
0
0
0
0
0
0
0
0
0
0
0
0
0
0
0
0
0
0
0
0
0
0
0
0
0
0
0
0
0
0
0
0
0
0
0
0
0
0
0
0
0
0
0
0
0
0
0
0
0
0
0
0
0
0
0
0
0
0
0
0
0
0
0
0
0
0
0
0
0
0
0
0
0
0
0
0
0
0
0
0
0
0
0
0
0
0
0
0.0195778
0.0311891
0.0311891
0.0311891
0.0311891
0.0311891
0.0373979
0.040893
0
0
0
0
0
0
0
0
0
0.0198302
0.0198302
0.0198302
0
0
0
0
0
0
0.0520188
0.0520188
0.0520188
0.0520188
0.026968
0.0391031
0.0522867
0.0190901
0.0190901
0.019111
0.0190901
0.0391031
0
0.0520188
0.0520188
0.0520188
0.0520188
0.0520188
0.0520188
0
0
0
0
0
0
0
0
0
0
0
0
0
0
0
0
0
0
0
0
0
0
0
0.0520188
0.0520188
0.0520188
0
0
0
0
0
0
0
0
0
0
0
0
0.0520188
0.0520188
0.0520188
0
0
0
0
0
0
0
0
0
0
0
0
0
0
0
0
0
0
0
0
0
0
0
0
0
0
0
0
0
0
0
0
0
0
0
0
0
0
0
0
0
0
0
0
0
0
0
0
0
0
0
0
0
0
0
0
0
0
0
0
0
0
0
0
0
0
0
0
0
0
0
0
0
0
0
0
0
0
0
0
0
0
0
0
0
0
0
0
0
0
0
0
0
0
0
0
0
0
0
0
0
0
0
0
0
0
0
0
0
0
0
0
0
0
0
0
0
0
0
0
0
0.0520188
0
0.0522233
0.0522233
0.0522233
0.0522233
0.0522233
0.0522233
0.0522233
0.0522233
0.0522233
0.0522233
0.0522233
0.0522233
0.0522233
0.0522233
0.0897123
0.0897123
0.0184459
0.0184459
0
0
0
0.0522233
0.0522233
0.0522233
0.0522233
0.0522233
0.0522233
0.0522233
0.0522233
0.0522233
0.0522233
0.0191495
0.0191495
0
0.0191495
0
0.0191495
0.0522233
0.0522233
0.0522233
0.0522233
0
0
0.0522233
0
0
0
0
0.0522233
0.136223
0.136223
0.154765
0.223607
0.223607
0.0795557
0.0795557
0.0795557
0.0795557
0.0795557
0.136223
0
0
0
0
0.0191565
0
0
0.0191565
0
0
0
0
0.0522233
0.0522233
0.0191565
0.0191565
0.0191565
0.0191565
0.0522233
0.0522233
0.0522233
0.0522233
0.0192095
0.0522233
0.0522233
0
0
0
0
0
0
0
0
0
0
0
0
0
0
0
0
0.0522233
0.0522233
0.0522233
0.0522233
0.0522233
0.0522233
0.0522233
0.0191565
0.0191565
0.0191565
0.0191565
0.0191565
0.0191565
0.0191565
0.0191565
0.0191565
0.0522233
0
0.0522233
0.0522233
0.0522233
0.0522233
0
0.0522233
0.0525025
0
0
0
0
0
0
0
0
0.176777
0
0
0
0
0
0
0
0
0
0
0
0
0
0
0
0
0
0
0.0530372
0
0
0
0
0
0
0
0
0
0
0
0
0
0
0
0
0
0
0.0187251
0
0
0
0
0
0
0
0
0
0
0
0
0
0
0
0
0
0
0
0
0
0
0
0
0
0
0
0
0
0
0
0.053233
0
0.0356802
0
0
0
0
0
0
0.0522233
0.0679366
0.0362738
0
0
0.0523026
0.0811701
0.0522233
0.0522233
0.0522233
0.0391031
0
0.0186957
0
0.053233
0.0178743
0.150376
0.150376
0
0.129099
0.0530372
0
0
0
0
0
0.0505076
0.0534777
0.0356802
0.113228
0.113228
0
0
0
0
0
0
0
0.0179
0
0
0
0.106752
0.113228
0
0.0523185
0
0.0811701
0
0
0.0324785
0.0522233
0
0
0.160128
0.39736
0.0627456
0.0627456
0.0627456
0.0627456
0
0.118678
0
0
0
0.0522233
0.0522233
0
0
0.0522233
0.0522233
0.0522312
0
0
0.0522233
0.0522233
0
0.0522233
0.0522233
0.0522233
0.0522233
0.0522233
0.0522233
0.0522233
0.0522233
0.0522233
0.0522233
0.0522233
0.0522233
0.0522233
0.0522233
0.0522233
0.0522233
0.0522233
0.0522233
0.0522233
0.0522233
0.0522233
0.0522233
0.0522233
0.0522233
0.0522233
0.0522233
0.0522233
0
0
0.0522233
0.0522233
0.0522233
0.0522233
0.0522233
0.0522233
0.0522233
0.0522233
0.0522233
0.0522233
0.0522233
0.0522233
0.0522233
0.0522233
0.0522233
0.0522233
0.0522233
0.0522233
0.0522233
0.0522233
0.0522233
0.0522233
0.0522233
0.0522233
0.0522233
0.0522233
0.0522233
0.0522233
0.0522233
0.0522233
0.0522233
0.0522233
0.0522233
0.0522233
0.0522233
0.0522233
0.0522233
0.0522233
0.0522233
0.0522233
0.0522233
0.0522233
0.0522233
0.0522233
0.0522233
0.0522233
0.0522233
0.0522233
0.0522233
0.0522233
0.0522233
0.0522233
0.0522233
0.0522233
0.0522233
0.0522233
0.0522233
0.0522233
0.0522233
0.0522233
0.0522233
0.0522233
0.0522233
0.0522233
0.0522233
0.0522233
0.0522233
0.0522233
0.0522233
0.0522233
0.0522233
0.0522233
0
0
0
0
0.0191565
0.0191565
0.0191565
0.0191565
0.0191565
0.0191565
0.0191565
0.0191565
0.0191565
0.0191565
0.0191565
0.0191565
0.0191565
0.0191565
0.0191565
0.0191565
0.0191565
0.0191565
0.0191565
0.0191565
0.0191565
0
0.0191565
0
0.0191565
0.0191565
0.0191565
0.01916
0.01916
0.01916
0.01916
0.01916
0.01916
0.01916
0.0191565
0.0191565
0
0
0
0
0
0.0201415
0.0201415
0
0
0
0
0
0
0
0
0
0
0
0
0
0
0
0
0
0
0.02002
0.02002
0.02002
0.02002
0
0
0
0
0.0200764
0.0200764
0.0200764
0
0
0
0
0
0.0200764
0.0200926
0.0200764
0.0200764
0.0200764
0.0200764
0.0200764
0
0
0
0
0
0
0
0
0
0
0
0.01916
0.01916
0.01916
0
0.0191565
0.0191565
0.0191565
0.0191565
0
0
0
0.0191565
0.0191565
0.0191565
0.0191565
0.0191565
0.0191565
0.0191565
0.0191565
0.0191565
0.0191565
0.0191565
0
0
0.01916
0.01916
0.01916
0.02002
0.0201743
0.0200401
0.0191565
0.0191565
0
0
0
0
0
0
0
0.0191565
0.0191565
0.0191565
0.0191565
0.0191565
0.0191565
0.0191565
0
0
0
0
0.0191565
0.0191565
0.0191565
0
0
0
0
0
0
0.0191565
0.0191565
0
0
0
0
0
0
0
0.0191565
0.0191565
0.0191565
0.0191565
0
0
0
0
0
0.0191882
0
0
0
0
0.0191882
0.0191882
0.0191882
0.0191882
0
0
0
0
0
0
0
0.0191882
0
0.0191882
0
0
0
0.0191565
0.0191565
0.0191565
0.0191565
0.0191565
0.0191565
0.0191565
0.0191565
0.0191565
0.0191565
0.0191565
0.0191565
0.0191565
0.0191565
0.0191565
0.0191565
0.0191565
0.0191565
0.0191565
0.0191565
0.0191565
0.0191565
0.0191565
0
0
0
0
0
0.0522233
0.053233
0.053233
0.07075
0.07075
0.053233
0
0
0
0
0
0
0
0
0
0
0
0
0
0
0
0
0
0.0186957
0.0186957
0.0186957
0
0.0186957
0.0522233
0.0522233
0.0522312
0.0522312
0.0522233
0.0522233
0.0522233
0.0522233
0
0
0
0
0
0.0522233
0
0.0522233
0.0522233
0.0522312
0.0522312
0.0178743
0.129099
0.129099
0.267261
0.267261
0.267261
0.129099
0
0
0
0
0
0
0
0
0
0
0
0
0
0
0
0
0
0.0535288
0.0535288
0.0356802
0.0356802
0.0356802
0
0
0
0
0
0
0
0.0530372
0.0530372
0
0
0.0530372
0.0530372
0.0530372
0.0530372
0.0179
0.0179
0.0179
0
0
0
0
0
0
0
0.0179
0.0179
0.0179
0
0
0
0
0.0179
0.0179
0.0179
0.0179
0.0187978
0
0.0179
0.0179
0.0179
0
0
0
0
0
0.0179
0.0179
0.0179
0
0
0.0179
0.0179
0.0179
0.106752
0.106752
0.106752
0.106752
0
0.106752
0.0184553
0.0184553
0.0184553
0.0184553
0.0184553
0
0.113228
0.113228
0.113228
0.113228
0.113228
0.113228
0
0.113228
0.113228
0.113228
0.113228
0.113228
0.113228
0.113228
0.113228
0.113228
0.113228
0.0523185
0.0523106
0
0.0523185
0
0.0523185
0.0523185
0
0
0
0
0
0
0
0
0.0811701
0
0
0
0
0
0
0
0
0
0
0
0
0
0
0
0
0
0
0
0
0
0
0
0
0
0
0
0
0
0
0
0
0
0
0
0
0
0
0
0
0
0
0
0
0
0
0
0
0
0
0
0.0324785
0.0324785
0.0333333
0.0324785
0.150376
0
0
0
0
0
0
0
0
0
0
0
0
0
0
0
0
0
0
0
0
0
0
0
0
0
0
0
0
0.160128
0.39736
0.39736
0.39736
0.39736
0
0
0
0
0
0
0.39736
0.39736
0.39736
0.480384
0.39736
0.522233
0.522233
0.39736
0
0
0
0
0
0
0
0
0
0
0
0
0
0
0
0
0.0186339
0.0186339
0
0.0627456
0
0.0627456
0.0627456
0.0627456
0.0627456
0.0627456
0.0627456
0.0627456
0.0224904
0.0224904
0.0627456
0.118678
0
0
0
0
0
0
0
0
0
0
0
0
0
0
0
0
0
0
0.0191565
0.0191565
0.0191565
0.0191565
0.0191565
0.0191565
0.0191565
0.0191565
0.0191565
0.0191565
0.0191565
0.0191565
0.0191565
0.0191565
0.0191565
0.0191565
0.0191565
0.0191565
0.0191565
0.0191565
0.0191565
0.019996
0
0
0
0.0191565
0.0191565
0.0191565
0.0191565
0.0191565
0
0
0
0
0
0.0194111
0
0.0191565
0.01916
0.01916
0.01916
0.01916
0.01916
0.01916
0.01916
0
0.01916
0.01916
0
0
0
0
0
0
0
0
0
0
0
0
0
0
0
0
0
0
0
0
0
0
0
0
0
0
0
0
0
0
0
0
0
0
0
0
0
0
0
0
0
0
0
0
0
0
0
0
0
0
0
0
0
0
0
0
0
0
0
0
0
0
0
0
0
0
0
0
0
0
0
0
0
0
0
0
0
0
0
0
0
0
0
0
0
0
0
0
0
0
0
0
0
0
0
0
0
0
0
0
0
0
0
0
0
0
0
0
0
0
0
0
0
0
0
0
0
0
0
0
0
0
0
0
0
0
0
0
0
0
0
0
0
0
0
0
0
0
0
0
0
0
0
0
0
0
0
0
0
0
0
0
0
0
0
0
0
0
0
0
0
0
0
0
0
0
0
0
0
0
0
0
0
0
0
0
0
0
0
0
0
0
0
0
0
0
0
0
0
0
0
0
0
0
0
0
0
0
0
0
0
0
0
0
0
0
0
0
0
0
0
0
0
0
0
0
0
0
0
0
0
0
0
0
0
0
0
0
0
0
0
0
0
0
0
0
0
0
0
0
0
0
0
0
0
0
0
0
0
0
0
0
0
0
0
0
0
0
0
0
0
0
0
0
0
0
0
0
0
0
0
0
0
0
0
0
0
0
0
0
0
0
0
0
0
0
0
0
0
0
0
0
0
0
0
0
0.0205325
0.0205325
0.0205325
0.0205325
0
0.0205325
0.0205325
0.0205325
0.0205325
0
0
0
0.0205325
0.0205325
0.0205325
0
0
0.0210305
0
0
0.0210305
0
0
0
0
0
0
0.0213104
0.0213104
0
0
0
0
0
0
0
0
0
0.0191565
0
0.0191565
0.0191565
0
0
0
0
0
0
0
0
0
0
0
0
0
0
0
0.0191565
0
0
0
0
0
0
0.0191565
0
0
0
0
0
0
0
0
0
0
0
0
0
0
0
0
0
0
0
0
0
0
0
0
0
0
0
0
0
0
0
0
0
0
0
0
0
0
0.0204937
0.0204937
0
0
0
0
0
0
0
0
0
0
0.0202527
0.0202527
0
0.0204937
0.0202527
0
0.0202527
0.0202527
0.0202527
0.0202527
0.0202527
0
0
0
0
0
0
0
0
0
0
0
0
0
0
0
0
0
0
0
0
0.02
0
0
0
0
0
0
0
0
0
0
0
0
0
0
0
0
0
0
0
0
0
0
0
0
0
0
0
0
0
0
0
0
0
0
0
0
0
0
0
0
0
0
0
0
0
0
0
0
0
0
0
0
0
0
0
0
0
0
0
0
0
0
0
0
0
0
0
0
0
0
0
0
0
0
0
0
0
0
0
0
0
0
0
0
0
0
0
0
0
0
0
0
0
0
0
0.0204937
0.020589
0.020589
0.020589
0.020589
0.020589
0
0.020589
0.020589
0
0
0
0
0
0
0
0
0
0
0
0
0
0
0
0
0
0
0
0
0
0
0
0
0
0
0
0
0
0
0
0
0
0.0203363
0.0203363
0.0203363
0
0
0
0
0
0
0.0203616
0
0
0
0
0
0
0
0
0
0
0
0
0
0.0202444
0
0
0
0
0
0.0202735
0
0.0203111
0.0203111
0.0203111
0
0
0.0203111
0
0
0.0203111
0.0202486
0
0.0202944
0
0
0.0202944
0
0
0.0202944
0
0
0.0202944
0.0202944
0.0202944
0
0
0.0202986
0
0.0202986
0
0
0.0200845
0
0.0200845
0.0200845
0.0200845
0.0200845
0
0
0
0
0.0200845
0.0200845
0
0
0
0
0
0
0
0
0
0.0200845
0
0
0
0
0
0
0
0
0
0
0
0
0
0
0
0
0
0
0
0
0
0
0
0
0
0
0
0
0
0
0
0
0
0
0
0
0
0
0
0
0
0
0
0
0
0
0
0
0
0
0
0
0
0
0
0
0
0
0
0
0
0
0
0
0
0
0
0
0
0
0
0
0
0
0
0
0
0
0
0
0
0
0
0
0
0
0
0
0
0
0
0
0
0
0
0
0
0
0
0
0
0
0
0
0
0
0
0
0
0
0
0
0
0
0
0
0
0
0
0
0
0
0
0
0
0
0
0
0
0
0
0
0
0
0
0
0
0
0
0
0
0
0
0
0
0
0
0
0
0
0
0
0
0
0
0
0
0
0
0
0
0
0
0
0
0
0
0
0
0
0
0
0
0
0
0
0
0
0
0
0
0
0.0200482
0.0200482
0.0200482
0.0191565
0.0191565
0.0191565
0
0
0
0
0.0192059
0.0192059
0.0192059
0.0206592
0.0206592
0
0
0.0191565
0.0191565
0
0
0.0191565
0.0191565
0.0191565
0.0191565
0.0191565
0.0191565
0.0191565
0
0
0
0.0191565
0.0191565
0
0.0191565
0.0191565
0.0205325
0.0205325
0.0205325
0.0205325
0.0205325
0.0206284
0.0206284
0.0205325
0.0205325
0
0
0
0
0
0.0191565
0
0
0
0
0
0
0
0
0.0191565
0.0191565
0.0191565
0.0191565
0.0191565
0.0191565
0
0
0
0
0
0
0
0
0
0
0
0
0
0
0
0
0
0
0
0
0
0
0
0
0
0
0
0
0
0
0
0
0
0
0
0
0
0.0520423
0
0
0
0
0
0
0
0
0
0
0
0
0
0
0
0.0520188
0
0
0
0
0
0.0520188
0.0520188
0.0520188
0.0520188
0.0520188
0.0520188
0.0520188
0.0520188
0.0520188
0.0520188
0.0520188
0
0
0
0
0
0
0
0
0
0
0
0
0
0
0
0
0
0
0
0
0
0
0
0.0520188
0
0
0
0
0
0
0
0
0
0
0
0
0
0
0
0
0
0
0.0520188
0
0
0
0
0
0
0
0
0
0
0
0
0
0
0
0
0
0
0
0
0
0
0
0
0
0
0
0
0
0
0
0
0
0
0
0
0
0
0
0
0
0.0520188
0.0520188
0.0520188
0.0520188
0.0520188
0.0520188
0.0521917
0.0520188
0
0.0528189
0.0528189
0.0528189
0.0528189
0
0
0
0
0
0
0
0
0
0
0
0
0
0
0
0
0
0
0
0
0
0
0
0
0
0
0
0
0
0
0
0
0
0
0
0
0
0
0
0.0195778
0.0195778
0.0195778
0.0195778
0.0195778
0
0.0195778
0.0195778
0.0195778
0.0198654
0.0198654
0.0195778
0.0195778
0.0195778
0.0198654
0.0365636
0.0198654
0.0198654
0
0
0
0
0
0
0
0
0
0
0
0
0
0
0
0
0
0
0
0
0
0
0
0
0
0
0
0
0
0
0
0
0
0
0
0
0
0
0
0
0
0
0
0
0
0
0
0
0
0
0
0
0.0284325
0.0284325
0.258199
0.0520188
0.0520188
0.0520188
0.0520188
0
0
0
0
0
0
0
0
0
0
0
0
0
0
0
0
0
0
0
0
0
0
0
0
0
0
0
0
0
0
0
0
0
0
0
0
0
0
0
0
0
0
0
0
0
0
0
0
0
0
0
0
0
0
0
0
0
0
0
0
0
0
0
0
0
0
0
0
0
0
0
0
0.0522233
0.0522233
0.0522233
0.0522233
0.0522233
0.0522233
0.0522233
0.0522233
0.0522233
0.0522233
0
0
0
0.0175169
0.0175169
0
0
0
0.0522233
0.0522233
0.0522233
0
0
0.0522233
0
0.0522233
0.0522233
0.0522233
0
0
0
0
0
0
0
0
0
0
0
0
0
0
0
0
0
0
0
0
0
0
0
0
0
0
0
0
0
0
0
0
0
0
0
0
0
0
0
0
0
0.0520188
0.0520188
0.0520188
0.0520188
0.0520188
0.0520188
0.0520188
0
0
0
0
0
0
0
0
0
0
0
0
0
0
0
0
0
0
0
0
0
0
0
0
0
0
0
0
0
0
0
0
0
0
0
0
0
0
0
0
0
0
0
0
0
0
0
0
0
0
0
0
0
0
0
0.0520344
0
0
0
0
0
0
0
0
0
0
0
0
0
0
0
0
0
0
0
0
0
0
0
0
0
0
0
0
0
0
0
0
0
0
0
0.0520344
0.0520344
0.0520344
0.0520344
0.0520344
0.0520344
0.0520344
0
0
0
0
0
0
0
0
0
0
0
0
0
0
0
0
0
0
0
0
0
0
0
0
0
0
0
0
0
0
0
0
0
0
0.0520188
0.0520188
0.0520188
0.0520188
0.0520188
0.0520188
0.0520188
0.0520188
0.0520188
0.0520188
0.0520188
0.0520188
0.0520188
0
0
0
0
0
0
0
0
0
0
0
0
0
0
0
0
0
0
0
0
0
0
0
0
0
0
0
0
0
0
0
0
0
0
0
0
0
0
0
0
0
0
0
0
0
0
0
0
0
0
0
0
0
0
0
0
0
0
0
0
0
0
0
0.0549005
0.0890086
0
0
0.258199
0
0
0.0521443
0.0521443
0.0521443
0.0521443
0
0
0
0
0
0
0
0
0
0
0
0
0
0
0
0
0
0
0
0
0
0
0
0
0
0
0
0
0
0
0
0
0
0
0
0
0
0
0
0
0
0
0
0
0
0
0
0
0
0
0
0
0
0
0
0
0
0
0
0
0
0
0
0
0
0
0
0
0
0
0
0
0.0195778
0.0195778
0.0195778
0.0195778
0.0195778
0.0195778
0.0195778
0.0195778
0.0195778
0
0
0
0
0
0
0.0727393
0.0475651
0.0536828
0.0536828
0.0543125
0.0543125
0
0.0543125
0
0
0
0
0
0
0
0
0
0
0
0
0
0.0971286
0.0494468
0.0543125
0.0543125
0
0
0
0
0
0
0
0
0.0494468
0.179605
0
0
0
0
0
0
0
0.102598
0
0
0
0
0
0
0
0
0
0
0
0
0.0195778
0.0195778
0.0195778
0.0195778
0.0195778
0.0195778
0.0195778
0.0452216
0.0452216
0
0
0
0
0
0
0
0
0
0
0
0
0
0
0
0
0
0
0
0
0
0.0467269
0
0
0
0
0
0
0
0
0
0
0
0
0
0
0
0
0
0
0
0
0
0.213201
0.213201
0
0
0
0
0
0
0
0
0.0905357
0.111111
0.101015
0.101015
0.112509
0
0
0.101015
0.101015
0
0.113961
0.113961
0.101015
0.101015
0.111111
0.111111
0.112509
0.111111
0
0.111111
0
0
0
0
0
0
0
0
0
0
0
0
0
0
0
0
0
0
0
0
0
0
0
0
0
0
0
0
0
0
0
0
0
0
0
0
0
0
0
0
0
0
0
0
0
0
0
0
0
0
0
0
0
0
0
0
0
0
0
0
0
0
0
0
0
0
0
0
0
0
0
0
0
0
0
0
0
0
0
0
0
0
0
0
0
0.0195778
0.213201
0
0
0
0
0
0
0
0
0
0.0195778
0
0
0
0
0
0
0
0
0
0
0.218218
0
0
0
1
0
0
0
0.0195778
0
0
0
0.0195778
0
0
0
0
0
0
0
0
0
0
0
0
0
0
0
0
0
0
0
0
0
0
0
0
0
0
0
0
0
0
0
0
0
0
0
0
0
0
0
0
0
0
0
0
0.0195778
0
0
0
0.0195778
0
0
0
0
0
0
0
0
0
0
0
0
0
0
0
0
0
0
0.0195778
0
0
0
0
0
0.0520344
0.0295012
0
0
0
0.0295012
0
0.0295012
0.0295012
0.0295012
0.0296174
0.0296174
0
0.0296174
0
0
0
0.0295012
0.0295012
0.0295012
0
0.0295012
0
0.0295012
0
0.0295012
0.0295012
0.0295012
0
0.0295012
0
0.0295012
0
0.0295012
0
0
0
0
0
0
0
0
0
0
0
0
0
0
0
0
0
0
0
0.019976
0.019976
0.019976
0.019976
0
0
0
0
0
0
0
0
0
0.258199
0.0520188
0.0520188
0.0520188
0.0520188
0.0520188
0.0520188
0.0520188
0.0520188
0.0520188
0.0520188
0.0520188
0.0520188
0.0520188
0.0520188
0.0520188
0.0520188
0.0520188
0.0520188
0.0520188
0.0520188
0.0520188
0.0520188
0.0520188
0.0520188
0.0520188
0.0520188
0.0520188
0.0520188
0.0520188
0.0520188
0.0520188
0.0520188
0.0520188
0.0520188
0.0520188
0.0520188
0.0520188
0.0520188
0.0520188
0.0520188
0.0520344
0
0
0
0
0
0
0
0
0
0
0
0
0
0
0
0
0
0
0
0
0
0
0
0
0
0
0
0
0
0
0
0
0
0
0
0
0
0
0
0
0
0
0
0
0
0
0
0
0
0
0
0
0
0
0
0
0
0
0
0
0
0
0
0
0
0
0
0
0
0
0
0
0
0
0
0
0
0
0
0
0
0
0
0
0
0
0
0
0
0
0
0
0
0
0
0
0
0
0
0
0
0
0
0
0
0
0
0
0
0
0
0
0
0
0
0
0
0
0
0
0
0
0
0
0
0
0
0
0
0.0520344
0
0.0520344
0
0.0520188
0.0520188
0.0520188
0.0520188
0.0520188
0.0520188
0.0520188
0.0520188
0.0520188
0.0520188
0.0520188
0.0520188
0.0520188
0.0520188
0.0520188
0.0520188
0.0520188
0.0520188
0.0520188
0.0520188
0.0520188
0.0520188
0.0520188
0.0520188
0
0
0
0
0.0520188
0
0
0
0
0
0
0
0
0
0
0
0
0.0520188
0
0
0
0
0
0
0
0
0
0
0
0
0
0
0
0
0
0
0
0
0
0
0
0
0
0
0
0
0
0
0
0
0
0
0
0
0
0
0
0
0
0
0
0
0
0
0
0
0
0
0
0
0
0
0
0
0
0
0
0
0
0
0
0
0
0
0
0
0
0
0
0
0
0
0
0
0
0
0
0
0
0
0
0
0
0.258199
0.258199
0.258199
0.258199
0.258199
0
0
0
0
0
0
0
0
0
0
0
0
0
0
0
0
0
0
0
0
0
0.258199
0.258199
0
0
0
0
0
0
0.118678
0.333333
0.333333
0.5
0.333333
0.377964
0.377964
0.377964
0.377964
0
0.333333
0
0
0
0
0
0
0
0
0
0
0
0
0
0
0
0
0
0
0
0
0
0
0
0
0
0
0
0
0
0
0
0
0
0
0
0
0
0
0
0
0
0
0
0
0
0
0
0
0
0
0
0
0
0
0
0
0.0195778
0.0520188
0.0520188
0
0
0.0284325
0.0310835
0.0310835
0
0
0
0
0
0
0
0
0
0
0
0
