0
0
0
0
0
0
0
0
0
0
0
0
0
0
0
0
0.027324
0.027324
0.027324
0.027324
0.027324
0.0298647
0.0298647
0.0298647
0.0298647
0.0298647
0.0298647
0.0298647
0.0298647
0.0298647
0.0298647
0.0298674
0.0298674
0.0298674
0.0298674
0.0298674
0.0298674
0.0298674
0.0298674
0.0298674
0.0298674
0.0298674
0.0298674
0.0298674
0.0298674
0.0298674
0
0
0
0
0
0
0
0
0
0
0
0
0
0
0
0
0
0
0
0
0
0
0
0
0
0
0
0
0
0
0
0
0
0
0
0
0
0
0
0
0
0
0.0425937
0.0425937
0.0425937
0.0425937
0.0425937
0.0465242
0.0465242
0.0465242
0
0
0
0
0
0
0
0
0
0
0
0
0
0
0
0
0
0
0
0
0
0
0
0
0
0
0
0
0
0
0
0
0
0
0
0
0
0
0
0
0
0
0
0
0
0
0
0
0
0
0
0
0
0
0.0274369
0.0429537
0
0.0273834
0
0
0
0.0274184
0.0276353
0.0274804
0
0
0
0
0
0
0
0
0
0
0
0
0
0
0
0
0
0
0
0
0
0
0
0
0
0
0
0
0
0
0
0
0
0.0274081
0.0274081
0.0274081
0.0274081
0.0274081
0.0274122
0.0274122
0.0274908
0.0274908
0.0274908
0
0
0
0
0
0
0
0
0
0
0
0
0
0
0
0
0
0
0
0
0
0
0
0
0
0
0
0
0
0
0
0
0
0
0
0
0
0
0
0
0
0
0
0
0
0
0
0
0
0
0
0
0
0
0
0
0
0
0
0
0
0
0
0
0
0
0
0
0
0
0
0
0
0
0
0
0
0.0274742
0.0274742
0.0275053
0.0274742
0.027568
0.027568
0.027568
0.0274019
0.0274019
0.0275701
0.0274019
0.0274019
0.0274019
0.0275408
0.0275701
0.0275408
0.0275408
0.0275701
0.0275408
0.0274887
0.0274887
0.0275074
0.0275158
0.028405
0.0283137
0.0283137
0.0296695
0
0
0
0
0
0.0275158
0.0275158
0.0275158
0.0275158
0.0274266
0.0274266
0.0274266
0.0274266
0.0274266
0.0274266
0.0275158
0.0274266
0
0
0
0
0
0
0
0
0
0
0
0
0
0
0
0
0
0
0
0
0
0
0
0
0
0
0
0
0
0
0
0
0
0
0
0
0
0
0
0
0
0
0
0
0
0
0
0
0
0
0
0
0
0
0
0
0
0
0
0
0
0
0
0
0
0
0
0
0
0
0
0
0
0
0
0
0
0
0.0275408
0.0275408
0
0
0.0275345
0.0275345
0.0275345
0.0275199
0.0275199
0.0275116
0.0428904
0.0428904
0
0.0424323
0.0424323
0.027568
0.0275659
0
0
0
0
0
0
0
0
0.0275659
0.0275659
0.0275659
0.0275659
0.0275659
0.027568
0.027568
0
0
0
0
0
0
0
0.0275659
0
0.0275659
0
0.0275659
0.027568
0.027568
0.027568
0.0275659
0.0275659
0.0290105
0.0373979
0.0400449
0
0
0
0.0277821
0
0
0
0
0
0
0.0293787
0
0.0277692
0.0277692
0.0277885
0.0277692
0
0
0
0
0
0
0
0
0
0
0
0
0
0
0
0
0
0
0
0
0
0
0
0
0
0
0
0
0
0
0.0385243
0
0.0367607
0
0.0367607
0
0.0367607
0
0
0
0
0
0.0480348
0
0
0
0
0.0480348
0.0480348
0.0480348
0
0.0480348
0
0
0.0367607
0.0385472
0.0385472
0.0386218
0.0511377
0
0.0367607
0.0342033
0.0342796
0.0342796
0
0
0
0
0
0
0
0
0.0392293
0
0
0
0.0404623
0
0
0
0
0
0
0
0
0
0
0
0
0
0
0
0
0
0
0
0
0
0
0
0
0
0
0
0
0
0
0
0
0
0
0
0
0
0
0
0
0
0
0
0
0
0
0
0
0
0
0
0
0
0
0
0
0
0
0
0
0
0
0
0
0
0
0
0
0
0
0
0
0
0
0
0
0
0
0
0
0
0
0
0
0
0
0.0403173
0.029473
0.029473
0.027568
0.0275199
0.0375082
0.0375082
0.0294807
0.0294807
0
0.0294807
0.0294807
0
0.0275199
0.0275199
0.0392716
0
0
0
0
0
0
0
0
0
0
0
0
0
0
0
0
0
0
0
0
0
0
0
0
0
0
0
0.0284164
0
0.0298914
0
0
0
0
0
0
0
0
0
0
0
0
0
0
0.0278445
0
0.0330915
0.0290301
0
0
0
0
0
0
0
0.0281294
0
0.0374818
0
0
0
0.0275701
0
0.031895
0
0.0380914
0.0274783
0
0
0
0
0
0
0
0.0377964
0
0.0284164
0
0
0
0.0274225
0.0274225
0
0.0274225
0.0274225
0.0429458
0.0429458
0
0.0429458
0.0429458
0.0276205
0
0
0
0
0.0371442
0
0
0
0.0294807
0.0294807
0.0294807
0.0294807
0.0294807
0.0294807
0.0294807
0.0294807
0.0294807
0.0294807
0
0.0294807
0
0
0
0
0
0
0
0.0294807
0.0294807
0.0294807
0.0294807
0.0294807
0.0273363
0.0273363
0.0294807
0
0
0
0
0
0.0294807
0.0294807
0.0294807
0.0294807
0
0
0
0
0
0
0
0
0
0
0
0
0
0
0
0.0294807
0.0294807
0
0.0294807
0
0
0
0
0
0
0
0
0
0
0
0
0
0
0
0
0
0
0
0
0
0
0.0294807
0
0.0294807
0.0294807
0.0417756
0
0
0
0
0
0.0294807
0.0294807
0.0294807
0.0294807
0
0.046953
0.0470152
0
0.0294807
0.0294807
0.0294807
0.0294807
0.0294807
0
0.0294807
0
0
0
0
0.0294807
0.0294807
0.0294807
0.0294807
0
0
0
0
0
0
0
0
0
0
0
0
0
0
0
0
0
0
0
0.0294807
0
0
0
0
0
0
0
0
0
0
0
0.0294807
0
0
0.0294807
0.0298089
0.0294807
0.0294807
0.0294807
0.0446411
0
0.0446411
0
0.0446411
0
0.0294807
0
0.0294807
0
0.0294807
0
0.0294807
0.0294807
0.0294807
0
0
0
0
0
0
0
0
0
0.0294807
0.0304629
0.0294807
0
0.0294807
0.154672
0.0294807
0
0
0.0294807
0
0
0
0
0
0
0
0
0
0
0
0
0
0.0294807
0
0
0
0
0
0
0
0
0
0
0
0
0
0
0
0
0
0
0
0
0
0
0
0
0
0
0
0
0
0
0
0
0
0
0
0
0
0
0
0
0
0
0
0
0
0
0
0
0
0
0
0
0
0
0
0
0
0
0
0
0
0
0
0
0
0
0
0
0
0
0
0
0
0
0
0
0
0
0
0
0
0
0
0
0
0
0
0
0
0
0
0
0
0
0
0
0
0
0
0
0
0
0
0
0
0
0
0
0
0
0
0
0
0
0
0
0.0427726
0.0294807
0.0294807
0
0.0294807
0
0.0294807
0
0.0294807
0
0
0
0
0
0
0.0294807
0
0.0294807
0
0.0294807
0
0
0
0
0
0.0427726
0.0427726
0
0.0427726
0.0427726
0.0427726
0.0427726
0.0427726
0.0427726
0.0427726
0.0427726
0.237023
0
0
0
0.0427726
0
0.0294807
0
0
0
0.027568
0
0
0
0
0
0
0
0
0
0.0375505
0.0375399
0.0375399
0.0375399
0.0375399
0.0375399
0.0375399
0.0375399
0.0375399
0.0375505
0.0375505
0
0
0
0
0
0
0
0
0
0
0
0
0
0
0
0
0
0
0
0
0
0
0
0
0
0
0
0.15891
0.15891
0
0
0
0
0
0
0
0
0
0
0
0
0
0
0
0
0
0
0.0389663
0.0389663
0
0.0389663
0
0
0
0.0396152
0.0445967
0.0446055
0
0
0.0455866
0
0
0
0
0.039609
0
0
0
0
0
0
0.0378777
0
0.0378777
0
0.0375982
0.0376089
0.0376089
0.0437688
0.0437688
0.0437688
0.0378723
0.0382864
0
0
0
0.0378831
0.0382976
0
0
0
0
0
0
0
0
0
0
0
0
0
0
0
0
0
0
0
0
0
0
0
0
0
0
0
0
0
0
0
0
0
0
0
0
0
0
0
0
0
0
0
0
0
0
0
0
0
0
0
0
0
0
0
0
0
0
0
0
0
0
0
0
0
0
0
0
0
0
0
0
0
0
0
0
0
0
0
0
0
0
0
0
0
0
0
0
0
0
0
0
0
0
0
0
0
0
0
0
0.0376036
0
0
0
0
0
0
0
0.0446589
0.0454264
0
0
0
0
0
0
0
0
0
0
0
0
0
0
0
0
0
0
0
0
0.0378668
0.0395038
0.0394976
0.0416811
0.0378343
0
0
0
0
0
0
0
0
0
0
0.0416089
0
0
0
0.0418414
0
0
0
0
0
0
0
0
0
0
0
0
0
0
0
0
0
0.0418414
0
0
0
0
0
0
0
0
0
0
0.0446589
0.0446678
0
0.340997
0.340997
0.340997
0.340997
0
0.340997
0.340997
0.167132
0
0.340997
0
0
0
0
0
0
0
0
0
0
0
0
0
0
0
0
0
0
0
0.0378777
0
0
0.0376089
0.0376089
0
0
0.0446589
0.0447214
0
0
0
0
0
0
0
0
0
0
0
0
0
0
0
0
0
0
0
0
0
0
0
0
0
0
0
0
0
0
0
0
0
0
0
0
0
0
0
0
0
0
0
0
0
0
0
0
0
0
0
0
0
0
0
0
0
0
0
0
0
0
0.0274929
0.0274929
0.0274929
0
0.0276142
0
0
0
0
0
0
0
0
0
0
0
0
0
0
0
0
0
0
0
0
0
0
0
0
0
0
0
0
0
0
0
0
0
0
0
0
0
0
0
0
0
0
0
0
0
0
0
0
0
0
0
0
0
0
0
0
0
0
0
0
0
0
0
0
0
0
0
0
0
0
0
0
0
0
0.0428589
0.0428589
0.0428589
0.0428589
0
0
0
0
0
0.045305
0.045305
0.045305
0.430331
0
0
0.0376036
0.0376036
0.0376036
0.0376036
0.0376036
0.0437688
0.0437688
0.0437688
0.0437688
0.0437688
0.0437688
0.0437688
0.0437688
0.0437688
0.0437688
0.0437688
0.0437688
0.0437688
0.0437688
0
0
0
0
0
0
0
0
0
0
0
0
0
0
0
0
0
0
0
0
0
0
0
0
0
0
0
0
0
0
0
0
0
0
0
0
0
0
0
0
0
0
0
0
0
0
0
0
0.0374345
0.0374345
0
0
0
0
0
0
0
0
0
0
0
0
0
0
0
0
0
0
0
0
0
0
0
0
0
0
0
0
0
0
0
0
0
0
0
0
0
0
0
0
0
0
0
0
0
0
0
0
0
0
0
0
0
0
0
0
0
0
0
0
0
0
0
0
0
0
0
0
0
0
0
0
0
0
0
0
0
0
0
0
0
0
0
0
0
0
0
0
0
0
0
0
0
0
0
0
0
0
0
0
0
0
0
0
0
0
0
0
0
0
0
0
0
0
0
0
0
0
0
0
0
0
0
0
0
0
0
0
0
0
0
0
0
0
0
0
0
0
0
0
0
0
0
0
0
0
0
0
0
0
0
0
0
0
0
0
0
0
0
0
0
0
0
0
0.0275158
0.0275158
0.0275158
0
0.0275158
0
0
0.0274019
0.0274019
0.0274019
0.0274019
0.0274825
0.0274866
0
0
0.0294807
0.0294807
0.0294807
0.0294807
0.0294807
0.0294807
0.0294807
0.0294807
0.0294807
0.0294807
0.0294807
0.0294807
0.0294807
0.0294807
0.0294807
0.0294807
0.0294807
0.0294807
0.0294807
0
0
0
0.0427569
0.0470465
0.0294807
0.0294807
0.0294807
0.0294807
0.0294807
0.0294807
0.0294807
0.0294807
0.0294807
0.0294807
0.0294807
0.0294807
0.0294807
0.0294807
0.0294807
0.0294807
0.0294807
0.0294807
0.0294807
0.0294807
0.0294807
0.0294807
0.0294807
0.0294807
0.0294807
0.0294807
0.0294807
0.0294807
0.0294807
0.0294807
0.0294807
0.0294807
0.0294807
0.0294807
0.0294807
0.0294807
0.0294807
0.0294807
0.0294807
0.0294807
0.0294807
0.0294807
0.0294807
0.0294807
0.0294807
0.0294807
0.0294807
0.0294807
0.0294807
0.0294807
0.0294807
0.0294807
0.0294807
0.0294807
0.0294807
0.0294807
0.0294807
0.0294807
0.0294807
0.0294807
0.0294807
0.0294807
0.0294807
0.0294807
0.0294807
0.0294807
0.0294807
0.0294807
0.0294807
0.0294807
0.0294807
0.0294807
0.0294807
0.0294807
0.0294807
0.0294807
0.0294807
0.0294807
0.0294807
0.0294807
0.0294807
0.0294807
0.0294807
0.0294807
0.0294807
0.0294807
0.0294807
0.0294807
0.0294807
0.0294807
0.0294807
0.0294807
0.0294807
0.0294807
0.0294807
0.0294807
0.0294807
0.0294807
0.0294807
0.0294807
0.0294807
0.0294807
0.0294807
0.0294807
0.0294807
0.0294807
0.0294807
0.0294807
0.0294807
0.0294807
0.0294807
0.0294807
0.0294807
0.0294807
0.0294807
0.0294807
0.0294807
0.0294807
0.0294807
0.0294807
0.0294807
0.0294807
0.0294807
0.0294807
0.0294807
0.0294807
0.0294807
0.0294807
0.0294807
0.0294807
0.0294807
0.0294807
0.0294807
0.0294807
0.0294807
0.0294807
0.0294807
0.0294807
0.0294807
0.0294807
0.0294807
0.0294807
0.0294807
0.0294807
0.0294807
0.0294807
0.0294807
0.0294807
0.0294807
0.0294807
0.0294807
0.0294807
0.0294807
0.0294807
0.0294807
0.0294807
0.0294807
0.0294807
0.0294807
0.0294807
0.0294807
0.0294807
0.0294807
0.0294807
0.0294807
0.0294807
0.0294807
0.0294807
0
0
0.0294807
0.0294807
0.0294807
0.0294807
0.0294807
0.0294807
0.0294807
0.0294807
0.0294807
0.0294807
0.0294807
0.0294807
0.0294807
0.0294807
0.0294807
0.0294807
0.0294807
0.0294807
0.0294807
0
0
0
0
0
0.0294807
0
0
0
0
0
0
0
0
0
0
0
0
0
0
0
0
0
0
0
0
0
0
0
0
0
0
0
0
0
0
0
0
0
0
0
0
0
0
0
0
0
0
0
0
0
0
0
0
0
0
0.163517
0
0
0
0
0
0.045634
0
0.045634
0.045634
0
0
0
0
0
0.30429
0
0.0424171
0.0424171
0
0.0424171
0.0294807
0.0294807
0.0294807
0.0454264
0.0454264
0.163517
0.163517
0.163517
0.0454264
0
0
0
0.0427726
0.163517
0.163517
0.0427726
0.0427726
0.0427726
0.0427726
0.0427726
0
0
0
0
0.0427726
0.0294807
0.0294807
0
0.046953
0
0.0470465
0.0300747
0
0.0294807
0.0294807
0.0294807
0.0294807
0.0427335
0.0427335
0.0427335
0.0427335
0
0.0294807
0.0294807
0
0
0
0.0294807
0.0294807
0
0
0
0
0
0
0
0.0294807
0.0294807
0.0294807
0.0294807
0.0294807
0.0294807
0.0294807
0.0294807
0.0294807
0.0294807
0.0294807
0.0294807
0.0294807
0
0
0
0.0294807
0.0294807
0
0
0
0
0
0
0
0
0
0
0
0
0
0
0
0
0
0
0
0
0.167132
0
0
0
0
0
0
0
0
0
0.045305
0
0
0
0.045305
0
0
0
0
0
0
0
0.045305
0
0.0480569
0
0
0
0
0
0
0
0
0
0
0
0
0
0
0
0.0454264
0.0454264
0
0.0454264
0.0469634
0.0469634
0
0
0
0
0
0.0469634
0
0
0
0
0
0
0
0
0
0
0
0
0
0
0
0
0
0
0
0
0
0
0
0
0
0
0
0
0
0
0
0
0
0
0
0
0
0
0
0
0
0
0
0
0
0
0
0
0
0
0.0446589
0.0446589
0
0
0.0446589
0.0433067
0.0433067
0
0
0.0273118
0.0273118
0
0
0
0
0
0
0
0
0
0
0
0
0
0
0
0
0
0
0
0
0
0
0
0
0
0
0
0
0
0
0
0
0
0
0
0
0
0
0
0
0
0
0
0
0
0
0
0
0
0
0
0
0
0
0
0
0
0
0
0
0
0
0
0
0
0
0
0
0
0
0
0
0
0
0
0
0
0
0
0
0
0
0
0
0
0
0
0
0
0
0
0
0
0
0
0
0
0
0
0
0
0
0
0
0
0
0
0
0
0
0
0
0
0
0
0
0
0
0
0
0
0
0
0
0
0
0
0
0
0
0
0
0
0
0
0
0
0
0
0
0
0
0
0
0
0
0
0
0
0
0
0
0.0273118
0
0
0.0273118
0.0273118
0.0273118
0.0273118
0.0273118
0
0
0.0273118
0.0273118
0
0
0
0
0
0
0
0
0
0
0
0
0
0
0
0
0.0294807
0.0294807
0.0294807
0.0294807
0.0294807
0.0294807
0
0
0
0
0.0300937
0
0
0
0
0
0
0
0
0
0
0.163517
0.163517
0.163517
0
0
0
0
0.164399
0.164399
0.164399
0.164399
0.164399
0.163517
0
0
0
0
0
0
0
0.0273383
0
0
0
0
0
0
0
0.0301019
0.0301019
0.0301019
0
0
0
0
0
0
0
0
0
0
0
0
0
0
0
0
0
0
0
0
0
0
0
0
0
0
0.0300937
0
0
0
0
0
0.0300965
0
0
0.0499003
0
0
0
0
0
0
0
0.0303086
0.0303086
0.0303086
0.0304997
0.0303086
0.0303393
0
0.0294807
0.0294807
0.0294807
0.0294807
0.0294807
0.340997
1
1
0
0.0456435
0.0294807
0
0.0294807
0
0
0
0
0.0294807
0
0
0.152854
0.13762
0
0.0294807
0
0.0294807
0.0294807
0.0294807
0.0294807
0.0294807
0.0294807
0.0294807
0.0294807
0
0.0294807
0.0294807
0.0294807
0.043569
0
0.043836
0.043836
0.043627
0
0.0438951
0.0438951
0.0438951
0
0
0
0
0
0
0
0
0
0
0
0
0
0
0
0.0300937
0.0499003
0.0499003
0
0.0499003
0.0499003
0.0499003
0
0
0
0.0499003
0.0499003
0.0499003
0.0499003
0.0499003
0.0499003
0.0499003
0
0
0
0.0499003
0
0.0300965
0.0300965
0
0.0300965
0.0300965
0.0427726
0.0273363
0
0.0294807
0.0294807
0.0294807
0.0294807
0.0294807
0.0294807
0.0294807
0.0294807
0.0294807
0.0294807
0.0294807
0.0294807
0.0294807
0.0294807
0.0294807
0.0294807
0.0294807
0.0294807
0.167132
0.167132
0.167132
0.167132
0.167132
0.167132
0.167132
0.167132
0.167132
0.167132
0
0.0294807
0.0294807
0
0
0
0
0
0
0
0
0
0
0
0
0
0
0
0
0
0
0
0
0
0
0
0.0294807
0
0
0
0
0
0
0
0
0
0
0
0.0433555
0
0
0
0
0
0
0
0
0
0
0
0
0
0
0
0
0.0294807
0.0458061
0.0459315
0.0459315
0
0
0
0
0
0
0.0294807
0.0294807
0.0294807
0
0.0294807
0.0294807
0.0294807
0.0294807
0.0294807
0.0294807
0.0294807
0.0294807
0.0294807
0
0.0294807
0
0.0294807
0.0294807
0.0294807
0.0294807
0.0294807
0.0294807
0
0.0294807
0.0294807
0.0294807
0.0294807
0.0294807
0.167132
0.340997
0
0.340997
0.0294807
0
0.0294807
0
0
0
0
0
0
0
0
0
0
0
0
0
0
0
0
0
0
0
0
0
0
0
0
0
0
0
0
0
0
0
0
0
0
0
0
0
0
0.0294807
0.172005
0.167132
0.167132
0
0.167132
0
0
0
0
0
0
0
0
0
0
0
0
0
0
0
0
0
0
0
0
0
0
0
0
0
0
0
0
0
0
0
0
0
0
0
0
0
0
0
0
0
0
0
0
0
0
0
0
0
0
0
0
0
0
0
0
0
0
0
0
0
0
0
0
0
0
0
0
0
0
0
0
0
0
0
0
0
0
0
0
0
0.0294807
0.0294807
0.0294807
0.0294807
0.0294807
0
0
0
0
0
0
0
0
0
0
0
0
0
0
0
0
0
0
0
0
0
0
0
0
0
0
0
0
0
0
0
0
0
0
0
0
0
0
0
0
0
0
0
0
0
0
0
0
0
0
0
0
0
0
0
0
0
0
0
0
0
0
0
0
0
0
0
0
0
0
0
0
0
0
0
0
0
0
0
0
0
0
0
0
0.0294807
0.0294807
0.0294807
0.0294807
0.0294807
0.0467883
0
0
0
0
0
0
0.0294807
0.0294807
0.0294807
0.0294807
0
0
0
0
0
0
0
0
0
0
0
0
0.0294807
0.0427726
0.0427726
0.0427726
0.0427726
0.0427726
0.0427726
0.0427726
0.0427726
0.0427726
0.0427726
0.0427726
0.0427726
0
0
0
0
0.0427726
0
0.0427726
0.0427726
0.0427726
0.0427726
0
0
0
0
0
0
0
0
0
0
0
0
0
0
0
0
0
0
0
0
0
0
0
0
0
0
0
0
0
0
0.0294807
0.0294807
0.0294807
0.0294807
0.0294807
0.0294807
0.0294807
0.0294807
0.0294807
0.0294807
0.0294807
0.0294807
0.0294807
0.0294807
0.0300801
0.0300965
0
0.0300965
0.0300965
0.0300965
0
0
0
0
0
0
0
0
0
0
0
0
0
0
0
0
0
0
0
0
0
0
0
0
0
0
0
0
0
0
0
0
0
0
0
0
0
0
0
0
0
0
0
0
0
0
0
0
0
0
0
0
0.0294807
0.0294807
0
0.0300992
0.0294807
0.0294807
0.0294807
0.0294807
0.0294807
0.0294807
0.0298275
0.0298275
0
0.0294807
0.0294807
0
0.0294807
0
0.0294807
0
0.0294807
0.0294807
0.0294807
0
0
0
0
0.0294807
0
0
0
0
0
0.0294807
0
0.0294807
0.0294807
0.0294807
0.0294807
0
0.0294807
0.0294807
0.0294807
0.0294807
0.0294807
0.0294807
0.0294807
0.0294807
0
0.0294807
0.0427726
0.0427726
0.0427726
0.0427726
0.0427726
0.0435938
0.0435938
0.0427726
0
0
0
0
0
0
0
0
0
0
0
0
0
0
0
0
0
0
0
0.0294807
0.0294807
0.0294807
0.0294807
0.0294807
0.0294807
0.0294807
0
0
0
0
0
0
0
0
0
0
0
0
0
0
0
0
0
0
0
0
0
0
0
0
0
0
0
0
0
0
0
0
0
0
0
0
0
0
0
0
0
0
0
0
0
0
0
0
0
0
0
0
0
0
0
0
0
0
0
0
0
0
0
0
0
0
0
0
0
0
0
0
0
0.0427726
0.0427726
0.0427726
0.0427726
0.0427726
0.0427726
0
0
0
0
0
0
0
0
0
0
0
0
0
0
0
0
0.167132
0.167132
0.0294807
0.0294807
0.0294807
0.0294807
0.0294807
0.0294807
0.0294807
0.0294807
0.0301238
0.0301238
0
0.0301238
0.0294807
0.0294807
0.0294807
0.0294807
0
0.0294807
0
0
0
0
0
0
0
0
0
0.0294807
0.0294807
0.0294807
0
0
0.0294807
0.0294807
0.0294807
0.0294807
0.0294807
0.0294807
0.0294807
0.0294807
0.0294807
0.0294807
0.0294807
0.0294807
0
0
0
0
0
0.0294807
0
0
0.0427726
0.0427726
0
0
0
0.0459703
0.0459703
0
0.0294807
0.0294807
0.0294807
0.0294807
0.0294807
0.0294807
0.0294807
0.0294807
0.0294807
0.0294807
0.0294807
0.0294807
0.0294807
0.0294807
0.0294807
0.0294807
0.0294807
0.0294807
0.0294807
0.0294807
0.0294807
0.0294807
0.0294807
0.0294807
0.0294807
0.0294807
0.0294807
0.0294807
0.0294807
0.0294807
0.0294807
0.0294807
0.0294807
0.0294807
0.0294807
0.0294807
0.0294807
0.0294807
0.0294807
0.0294807
0.0294807
0.0294807
0.0294807
0.0294807
0.0294807
0.0294807
0.0294807
0.0294807
0.0294807
0.0294807
0.0294807
0.0294807
0.0294807
0.0294807
0.0294807
0.0294807
0.0294807
0.0294807
0.0294807
0.0294807
0.0294807
0.0294807
0.0294807
0.0294807
0.0294807
0.0294807
0
0
0
0
0
0
0
0
0
0
0
0
0
0
0
0
0
0
0
0
0
0
0
0
0
0
0
0
0
0
0
0
0
0
0
0
0
0
0.0472561
0.0472561
0.0472561
0.0472561
0.0472561
0
0
0
0
0
0
0
0
0
0
0
0
0
0
0
0
0
0
0
0
0
0
0
0
0
0
0
0
0
0
0
0
0
0
0
0
0
0
0
0
0
0
0
0
0
0
0
0
0
0
0
0
0
0
0
0
0
0
0
0
0
0
0
0
0
0
0
0
0
0
0
0
0
0
0
0
0
0
0
0
0
0
0
0
0
0
0
0
0
0
0
0
0
0
0
0
0
0
0
0
0
0
0
0
0
0
0
0
0
0
0
0
0
0
0
0
0
0
0
0
0
0
0
0
0
0
0
0
0
0
0
0
0
0
0
0
0
0
0
0
0
0
0
0
0
0
0
0
0
0
0
0
0
0
0.0441425
0.0441425
0.0441425
0.0441425
0.0441425
0.0441425
0.0441425
0.0441425
0.0441425
0
0
0
0.0441425
0
0
0
0
0
0
0
0
0
0
0
0
0
0
0
0
0
0
0
0
0
0
0
0
0
0
0
0
0
0
0
0
0
0
0
0
0
0
0
0
0
0
0
0
0
0
0
0
0
0
0
0
0
0
0
0
0
0
0
0
0
0
0
0
0
0
0
0
0
0
0
0
0
0
0
0
0
0
0
0
0
0
0
0
0
0
0
0
0
0
0
0
0
0
0
0
0
0
0
0
0
0
0
0
0
0
0
0
0
0
0
0
0
0
0
0
0
0
0
0
0
0
0
0
0
0
0
0
0
0
0
0
0
0
0
0
0
0.125988
0.125988
0.125988
0
0.127827
0.163517
0.125988
0.125988
0.125988
0
0.125988
0
0
0
0
0
0
0.138675
0
0
0.13762
0
0
0
0
0
0
0
0
0.141139
0
0
0
0
0.14058
0.138675
0
0
0
0
0.164399
0
0
0.163517
0
0
0
0
0
0
0
0
0
0
0.298807
0
0
0
0
0.126592
0.126592
0
0
0
0
0
0
0
0
0
0.151099
0.144038
0
0
0
0
0
0
0
0
0
0
0
0
0
0
0
0
0.0273363
0
0
0
0
0
0
0
0
0
0
0
0
0
0
0
0
0
0
0
0
0
0
0
0
0
0
0
0
0
0
0
0
0
0
0
0
0
0
0
0
0
0
0
0
0
0
0
0
0
0
0.0294807
0.0294807
0
0
0
0
0
0
0.0294807
0.0294807
0
0.0294807
0
0
0
0
0
0
0
0
0
0.0294807
0.0294807
0.0294807
0.0294807
0
0
0
0
0
0
0
0
0
0
0
0
0
0
0
0
0
0
0
0
0
0
0
0
0
0
0
0
0
0
0
0
0
0
0
0
0
0
0
0
0
0
0
0
0
0.0294807
0.0294807
0
0
0
0
0
0
0
0
0
0
0.0294807
0.0294807
0
0
0
0
0.0294807
0.0294807
0.0427726
0
0
0
0
0
0
0
0
0
0
0
0.0294807
0.0294807
0
0
0
0
0
0
0
0
0
0
0.0294807
0.0294807
0
0
0
0.0294807
0.0294807
0.0294807
0.0294807
0.0294807
0
0.0294807
0.0294807
0.0294807
0.0294807
0
0.0294807
0.0294807
0.0294807
0.0294807
0
0.0294807
0.0294807
0.0294807
0.0294807
0
0
0
0
0
0
0
0
0.0294807
0.0294807
0.0294807
0.0294807
0.0294807
0.0294807
0.0294807
0.0294807
0.0294807
0.163517
0.163517
0.163517
0.163517
0.163517
0.163517
0.163517
0.163517
0
0
0
0
0
0
0.163517
0.163517
0
0
0
0
0.163517
0.163517
0.163517
0
0
0
0
0
0.191741
0.163517
0.163517
0
0.163517
0
0
0
0.273179
0.273179
0
0.273179
0.273179
0.273179
0.273179
0.163517
0.163517
0
0
0.273179
0.273179
0.273179
0
0
0
0
0.281718
0
0.281718
0.273179
0.273179
0.273179
0
0.273179
0.273179
0.345033
0
0
0
0
0
0
0
0
0
0
0
0
0
0
0
0
0
0
0
0
0
0
0
0
0
0
0
0
0
0
0
0
0
0.281718
0.281718
0.281718
0.340997
0
0
0
0.281718
0.281718
0
0.281718
0
0
0
0
0
0.340997
0
0.340997
0.340997
0
0
0
0
0
0
0.0294807
0.0294807
0.0294807
0.0432904
0
0
0
0
0
0
0
0
0
0
0
0
0.112084
0.0494589
0
0
0
0
0.0427726
0.0294807
0.0294807
0
0
0
0
0
0
0
0
0
0
0
0
0.0294807
0.0294807
0
0
0
0.0294807
0.0294807
0
0
0
0
0
0.0471195
0
0
0
0
0
0
0
0
0.0294807
0.0294807
0
0
0
0.0294807
0.0294807
0
0
0
0
0
0
0
0
0
0
0
0.0294807
0.0294807
0
0
0
0
0.0294807
0.0294807
0.0294807
0
0
0
0
0
0
0
0
0
0
0.0427726
0.0294807
0
0.0294807
0.0294807
0.0294807
0.0294807
0.0294807
0.0294807
0.0294807
0.0294807
0.0294807
0.0294807
0.0294807
0.0294807
0.0294807
0.0294807
0.0294807
0.0294807
0
0
0
0
0.0294807
0.0467576
0.0294807
0.0294807
0.0294807
0.0294807
0
0.0294807
0.0294807
0
0
0
0
0
0.0294807
0
0.0294807
0
0
0
0
0
0.0294807
0.0294807
0.0294807
0.0294807
0.0294807
0.0294807
0.155043
0
0.0294807
0
0
0
0
0
0
0
0
0
0
0
0
0
0
0
0
0
0.0294807
0.0303449
0.0294807
0
0.0294807
0
0
0
0
0
0
0.0294807
0.0294807
0.0294807
0.0294807
0.0294807
0.0294807
0.0294807
0.0294807
0
0.0294807
0.0294807
0
0.0294807
0
0
0
0.0294807
0.0294807
0
0.0294807
0.0294807
0.0464038
0.0464238
0
0.0294807
0.0294807
0.0294807
0.0294807
0.0294807
0.0294807
0
0.0294807
0.0294807
0.0294807
0.0294807
0.0294807
0.0294807
0.0294807
0.0294807
0.0294807
0.0294807
0.0294807
0.0294807
0
0
0
0
0
0
0.0294807
0.0294807
0.0294807
0.0294807
0
0
0
0
0
0
0
0
0
0
0
0
0
0
0.0294807
0.0294807
0
0
0
0
0
0
0
0
0
0.0294807
0
0
0
0
0
0
0
0.0376089
0.0376089
0.0376089
0.0376089
0.0376089
0.0376089
0.0376089
0.0378723
0
0.0378723
0.0378723
0.0378723
0.0378723
0
0.0376089
0.0376089
0.0376089
0.0376089
0.0376089
0.0376089
0.0376089
0
0.0376089
0.0376355
0.0376089
0.0378831
0.0378831
0
0
0
0
0
0.0378831
0.0378831
0
0
0
0
0
0
0.0429934
0
0
0
0
0
0.0429934
0
0
0
0
0
0
0
0
0
0
0
0
0
0
0
0
0
0
0
0
0
0
0
0
0
0
0
0
0
0
0
0
0
0
0
0
0
0
0
0
0
0
0
0
0
0
0
0
0
0
0
0
0
0
0
0
0
0
0
0
0
0
0
0
0
0
0
0
0
0
0
0
0
0
0
0
0
0
0
0
0
0
0
0
0
0
0
0
0
0
0
0
0
0
0
0
0
0
0
0
0
0
0
0
0
0
0
0
0
0
0
0
0
0
0
0
0
0
0
0
0
0
0
0
0
0
0
0
0
0
0
0
0
0
0
0
0
0
0
0
0
0
0
0
0
0
0
0
0
0
0
0
0
0
0
0
0
0
0
0
0
0
0
0
0
0
0
0
0
0
0
0
0
0
0
0
0
0
0
0
0
0
0
0
0
0
0
0
0
0
0
0
0
0
0
0
0
0.15891
0
0.15891
0.15891
0.15891
0
0
0
0
0
0
0
0
0
0
0
0
0
0
0
0
0
0
0
0
0
0
0
0
0
0
0
0
0
0
0.129969
0
0
0
0
0
0.340997
0.340997
0.340997
0
0
0
0
0
0
0
0.0397088
0
0.0274266
0.0274266
0.0274266
0
0
0
0.0275701
0.0273322
0.0273485
0.0273485
0.0273485
0.0273322
0.0273322
0.0273322
0.0273322
0.0273322
0.0273322
0
0
0
0.0273322
0
0
0
0.0273322
0
0
0
0
0
0.0399936
0.0399936
0.0399936
0.0399936
0.0399936
0.0399936
0.0399936
0.0399936
0.0399936
0.0399936
0.0399936
0.0399936
0.0399936
0.0399936
0.0399936
0.0399936
0.0399936
0.0399936
0.0399936
0.0399936
0
0
0
0
0
0
0.0399936
0.0399936
0
0.0399936
0.0399936
0.0399936
0.0399936
0.0399936
0.0399936
0.0399936
0.0399936
0
0.0399936
0.0399936
0.0399936
0.0399936
0.0399936
0.0399936
0.0399936
0.0399936
0.0399936
0.0417902
0.0418048
0.0418048
0.0451846
0
0
0.0399936
0.0399936
0
0
0
0
0.0418048
0
0
0
0
0.04
0.0399936
0
0
0
0
0
0
0
0
0
0
0
0
0
0
0.0399936
0.0399936
0.0418048
0.0418048
0
0
0
0
0
0
0
0
0
0
0
0
0
0
0
0
0
0
0
0
0
0
0
0
0
0
0
0
0
0
0
0
0
0
0
0
0
0
0
0
0
0
0
0
0
0
0
0
0
0
0
0
0
0
0
0
0
0
0
0
0
0
0
0
0
0
0
0
0
0
0
0
0
0
0
0
0
0
0
0
0
0.0399936
0.0399936
0
0.0399936
0.0399936
0.0462448
0.0399936
0.04
0.0417902
0.0399936
0.0400128
0
0.0400449
0
0.0399936
0.0418048
0.0418048
0.0418048
0.0418048
0.0418048
0
0
0
0
0
0
0
0
0
0
0
0
0
0
0
0
0
0
0
0
0
0
0
0
0
0
0
0
0
0
0
0
0
0
0
0
0
0
0
0
0
0
0
0
0
0
0
0
0
0
0
0
0
0
0
0
0
0
0
0
0
0
0
0
0
0
0
0
0
0
0
0
0
0.0400385
0
0.0398536
0.0398536
0.0400128
0.0398853
0
0
0
0
0
0
0
0
0
0
0
0
0
0
0
0
0
0
0
0
0
0
0
0
0
0
0.0398916
0.0398916
0
0.0398916
0.0406491
0.0400192
0.0399107
0
0
0
0
0
0.0399107
0.0399936
0.0399936
0.0399936
0.0399936
0
0
0
0
0
0
0
0
0
0
0
0
0
0
0
0
0
0
0
0
0
0
0
0
0
0
0
0
0
0
0
0
0
0
0
0
0
0
0
0
0
0
0
0
0
0
0
0
0
0
0
0
0
0
0
0
0
0
0
0.0399936
0.0399936
0.0399936
0.0399936
0.0399936
0.0399936
0
0
0
0
0
0
0
0
0
0
0
0
0
0
0.0373561
0.0373561
0.0373561
0.0373561
0.0373561
0
0
0
0
0
0.0379485
0.0379485
0.0379485
0.0379485
0.0379485
0.0379485
0
0
0
0
0
0
0
0
0
0
0.0377211
0.0374766
0.0379485
0
0
0.0405754
0.0405754
0.0374766
0.0374766
0.0374766
0.0374766
0.0374766
0
0
0
0
0
0
0
0
0
0
0
0
0
0
0
0
0
0
0.0374766
0
0
0
0
0
0
0
0
0
0.0383595
0.0383595
0.0383595
0.0383595
0.0388426
0
0.0389781
0.0383595
0
0
0.0407029
0
0.0407029
0.0407029
0.0407029
0.0407029
0.0407029
0.0399936
0
0.0399936
0.0399936
0.0399936
0.0399936
0.0399936
0
0
0
0
0
0
0
0
0
0
0
0
0
0
0
0
0
0
0
0
0
0
0
0
0
0
0
0
0
0
0
0
0
0
0.0373561
0.0373561
0
0.0399936
0.0373457
0.0373457
0.0399936
0.0399936
0.0399936
0
0
0.0379376
0.0379376
0
0.0379376
0
0
0
0
0
0
0
0
0
0
0
0
0
0
0
0
0
0
0
0
0
0
0
0
0
0
0
0
0
0
0
0
0.0399936
0.0399936
0.0399936
0.0399936
0.0406558
0.0413874
0
0.0406558
0.0406558
0.0406558
0.0275053
0.0275053
0.0275053
0.0275053
0.0275053
0.0275053
0.0275053
0.0275053
0.0318659
0.0275053
0.0275053
0.0275053
0.0275053
0.0275053
0.0275053
0
0
0
0
0
0
0
0
0.0275074
0.0275074
0.0275074
0.0275074
0.0275074
0.0275074
0.0275074
0
0
0.0275074
0
0
0.0330301
0
0.0330301
0.0330301
0.0330301
0.0330301
0.0330301
0.0330301
0.0330301
0.0330301
0.0330301
0.0330301
0.0330373
0.0330373
0
0
0.0330373
0
0
0
0
0
0
0
0
0
0.0436519
0.0436519
0.0436519
0.0436519
0.0436519
0.0436519
0.0436519
0.0436519
0
0
0
0
0
0
0
0
0
0
0
0
0
0
0
0
0
0
0
0
0
0
0
0
0
0
0
0
0
0
0
0
0
0.0327737
0
0
0.041856
0.0275074
0.0275074
0.0275074
0.0334525
0.0334525
0.03346
0
0
0
0.0275074
0.0275074
0.027545
0.027545
0.0275074
0.0275074
0.0275116
0.0302614
0.0302614
0.0275116
0.027522
0.027522
0.027522
0.027522
0.0275116
0.0275116
0.0275116
0.0302614
0.0302614
0.0302614
0.0302614
0.0302614
0.0320882
0.0302614
0.0302614
0.0302614
0
0.0302614
0.0302614
0.0302614
0.0302614
0.0302614
0.0302614
0.0302614
0
0
0
0
0
0.0275074
0.0275074
0.0275074
0.0275074
0.0318659
0.0275074
0.0413449
0.0413449
0.0413449
0.0413449
0.0435442
0.0413449
0.0275074
0.0318659
0.0275074
0.0307351
0.0275074
0.0275074
0.0275074
0.0307351
0.0307351
0.0314845
0.0310027
0.0310027
0.0310027
0.0310027
0.0310027
0.0310027
0
0
0
0
0
0
0.0327983
0
0.0332595
0.0313913
0.0313882
0
0
0
0
0.027545
0.027545
0.0427726
0
0
0
0.0399936
0.0399936
0.0399936
0.0399936
0.0399936
0.0399936
0
0.0273118
0.0273118
0.0273118
0.0273118
0
0
0
0.0427726
0.0427726
0.0427726
0.0427726
0.0427726
0.0427726
0
0
0.0427726
0
0
0
0
0
0
0
0
0
0
0
0
0
0
0
0
0.0427726
0.0427726
0.0427726
0.0427726
0.0427726
0.0427726
0.0427726
0.0427726
0.0427726
0.0430013
0.0430013
0.0427726
0.0430013
0.0430013
0.0427726
0.0427726
0.0427726
0.0427726
0.0427726
0.0427726
0.0427726
0.042851
0.042851
0.0427726
0.0427726
0.0427726
0.0427726
0.0427726
0.0427726
0.0457198
0.0427726
0.0427726
0.0427726
0.0427726
0.0427726
0
0
0
0.04338
0.0472772
0.04338
0
0
0
0
0
0
0
0
0
0
0.0427726
0
0
0
0
0.0427726
0.0427726
0
0
0
0
0
0
0
0
0
0
0
0
0
0
0
0
0
0
0.0427726
0
0
0
0
0
0
0
0
0
0
0
0
0
0
0
0
0
0
0
0
0
0
0
0
0
0
0
0
0
0
0
0
0
0
0
0
0
0
0
0
0
0
0
0
0
0
0
0
0
0
0
0
0.0429616
0.0429616
0.0429616
0
0
0
0
0
0
0
0
0
0
0
0
0
0
0
0.04338
0.04338
0.04338
0.04338
0.04338
0.04338
0.04338
0.0457198
0.04338
0
0
0
0
0
0
0
0
0
0
0
0.0432904
0.0432904
0
0
0
0
0
0
0
0.0432904
0.0432904
0.0432904
0.0432904
0.0432904
0.0432904
0.0432904
0
0
0
0
0
0.0432904
0.0433067
0.0433067
0.0433067
0.0433067
0.0433067
0.0433067
0
0
0
0
0
0.0433067
0.0433067
0
0.0433067
0.0433067
0.0433067
0
0
0.0433474
0
0
0
0.0433067
0.0433474
0.0433067
0.0432904
0
0
0
0
0
0
0
0
0
0
0
0
0
0
0
0
0
0
0
0
0
0
0
0
0
0
0
0
0
0
0
0
0
0.0433555
0.0433555
0.0433229
0.0433229
0.0433555
0
0.0433229
0.0433229
0.0433067
0.0433067
0.0433067
0.0433067
0.0433067
0
0
0
0.0433067
0.0433067
0.0433067
0.0433067
0
0
0
0.0433148
0.0439629
0.0433148
0.0433148
0
0
0
0
0.0433067
0.0433067
0.0442028
0.0459703
0.0433067
0.043929
0.043929
0
0.0445524
0.0433067
0
0
0
0
0.0433067
0.0459703
0.0459703
0.0459703
0.0459703
0.0459703
0.0459703
0
0.0459703
0.0459703
0
0.0459703
0
0
0
0
0
0
0
0
0
0
0
0
0
0
0
0
0
0
0
0
0
0
0
0
0
0
0
0
0
0
0
0
0
0
0
0
0
0
0
0
0
0
0
0
0
0
0
0
0
0
0
0
0
0
0
0
0
0
0
0
0
0
0
0
0
0
0
0
0
0
0
0
0
0
0
0
0
0
0
0
0
0
0
0
0
0
0
0
0
0
0
0
0
0
0
0
0
0
0
0
0
0
0
0
0
0
0
0
0
0
0
0
0
0
0
0
0
0
0
0
0
0
0
0
0
0
0
0
0
0
0
0
0
0
0
0
0
0
0
0
0
0
0
0
0
0
0
0
0
0
0
0.0427726
0
0
0
0
0
0
0
0
0
0
0
0
0
0
0.0427726
0
0
0
0
0
0.0273383
0.0273383
0.0273383
0
0
0
0
0
0
0
0
0
0
0
0
0
0
0
0
0
0
0
0
0
0
0
0
0
0
0
0
0
0
0
0
0
0
0
0
0
0
0
0
0
0
0
0
0
0
0
0
0
0
0
0
0
0
0
0
0
0
0
0
0
0
0
0
0
0
0
0
0
0
0.0273118
0.0273118
0.0273118
0.0273118
0.0273118
0.0273098
0.0273098
0.0273098
0.0273098
0.0273098
0.0273098
0.0273118
0.0273118
0.0273118
0.0273118
0.267261
0.267261
0
0
0.229416
0.229416
0.286299
0.230633
0
0.027259
0.027259
0.027259
0.027259
0.0273445
0.0509251
0.0509251
0.0509251
0.0509251
0.0509251
0.0509251
0.0509251
0.0509251
0.0509251
0.0509251
0
0
0
0.100707
0
0
0
0
0.0512854
0
0
0
0
0
0.0559893
0
0
0
0.0543607
0
0
0
0
0
0
0
0
0
0
0
0
0
0
0
0
0
0
0
0
0
0
0
0
0
0.0272671
0.0272671
0.0272671
0.0272671
0.0272671
0.0272671
0.0272915
0.0272752
0.0273383
0.0272671
0
0.0273383
0.0273383
0
0
0
0
0
0
0
0
0
0
0
0
0
0
0
0
0
0
0
0
0
0
0
0
0
0
0
0
0
0
0
0
0
0
0
0
0
0
0
0
0
0
0
0
0
0
0
0
0
0
0
0
0
0
0
0
0.0273383
0.0273383
0.0273383
0.0273383
0.0273383
0.0273383
0.0273383
0
0
0
0
0
0
0
0
0
0
0
0
0
0
0
0
0
0
0
0
0
0
0
0
0
0
0
0
0
0
0
0
0
0
0
0
0
0
0
0
0
0
0
0
0
0
0
0
0
0
0
0
0
0
0
0
0
0.0273118
0.0273118
0.0273118
0.0273118
0
0
0
0
0
0
0
0
0
0
0
0
0
0
0
0
0
0
0
0
0
0
0
0
0
0
0
0
0
0
0
0
0
0
0
0
0
0
0
0
0
0
0
0
0
0
0
0
0
0
0
0
0
0
0
0
0
0
0
0
0
0
0
0
0
0
0
0
0
0
0
0
0
0
0
0
0
0
0
0
0
0
0
0
0
0
0
0
0
0
0
0
0
0
0
0
0
0
0
0
0
0
0
0
0
0
0
0
0
0
0
0
0
0
0
0
0
0
0
0
0
0
0
0
0
0
0
0
0
0
0
0
0
0
0
0
0
0
0
0
0
0
0
0
0
0
0
0
0
0
0
0
0
0
0
0
0
0
0
0
0
0
0
0
0
0
0
0
0
0
0
0
0
0
0
0
0
0
0
0
0
0
0
0
0
0
0
0
0
0
0
0
0
0
0
0
0
0
0
0
0
0
0
0
0
0
0
0
0
0
0
0
0
0
0
0
0
0
0
0
0
0
0
0
0
0
0
0
0
0
0
0
0
0
0
0
0
0
0
0
0
0
0
0
0
0
0
0
0
0
0
0
0
0
0
0
0
0
0
0
0
0
0
0
0
0
0
0
0
0
0
0
0
0
0
0
0
0
0
0
0
0
0
0
0
0
0
0
0
0
0
0
0
0
0
0
0
0
0
0
0
0
0
0
0
0
0
0
0
0
0
0
0
0
0
0
0
0
0
0
0
0
0
0
0
0
0
0
0
0
0
0
0
0
0
0
0
0
0
0
0
0
0
0
0
0
0
0
0
0
0
0
0
0
0
0
0
0
0
0
0
0
0
0
0
0
0
0
0
0
0
0
0
0
0
0
0
0
0
0
0
0
0
0
0
0
0
0
0
0
0
0
0
0
0
0
0
0
0
0
0
0
0
0
0
0
0
0
0
0
0
0
0
0
0
0
0
0
0
0
0
0
0
0
0
0
0
0
0
0.0273302
0.0273302
0.0273302
0.0273302
0
0
0.0273322
0.0273322
0.0273322
0.0273322
0.0273322
0.0273322
0.0273322
0.0273322
0.0273322
0.0273322
0.0273322
0.0273322
0.0273322
0.0273322
0.0273322
0.0273322
0.0273322
0.0273322
0.0273322
0.0273322
0.0273322
0.0273322
0.0273322
0.0273322
0.0273322
0.0273322
0.0273322
0.0273322
0.0273322
0.0273322
0.0273322
0.0273322
0.0273322
0.0273322
0.0273322
0.0273322
0.0273322
0.0273322
0.0273322
0.0273322
0.0273322
0.0273322
0.0273322
0.0273322
0.0273322
0.0273322
0.0273322
0.0273322
0.0273322
0.0273322
0.0273322
0.0273322
0.0273322
0.0273322
0.0273322
0.0273322
0.0273322
0.0273322
0.0273322
0.0273322
0.0273322
0.0273322
0.0273322
0.0273322
0.0273322
0.0273322
0.0273322
0.0273322
0.0273322
0.0273322
0.0273322
0.0273322
0.0273322
0.0273322
0.0273322
0.0273322
0.0273322
0.0273322
0.0273322
0.0273322
0.0273322
0.0273322
0.0273322
0.0273322
0.0273322
0.0273322
0.0273322
0.0273322
0.0273322
0.0273322
0.0273322
0.0273322
0.0273322
0.0273322
0.0273322
0.0273322
0.0273322
0.0273322
0.0273322
0.0273322
0.0273322
0.0273322
0.0273322
0.0273322
0.0273322
0.0273322
0.0273322
0.0273322
0.0273322
0.0273322
0.0273322
0.0273322
0.0273322
0.0273322
0.0273322
0.0273322
0.0273322
0.0273322
0.0273322
0.0273322
0.0273322
0.0273322
0.0273322
0.0273322
0.0273322
0.0273322
0.0273322
0.0273322
0.0273322
0.0273322
0.0273322
0.0273322
0.0273322
0.0273322
0.0273322
0.0273322
0.0273322
0.0273322
0.0273322
0.0273322
0.0273322
0
0
0
0
0
0
0
0
0
0
0
0
0
0
0
0
0
0
0
0
0
0
0
0
0
0
0
0
0
0
0
0
0
0
0
0
0
0
0
0
0
0
0
0
0
0
0
0
0
0
0
0
0
0
0
0
0
0
0
0
0
0
0
0
0
0
0
0
0
0
0
0
0
0
0
0
0
0
0
0
0
0
0
0
0
0
0
0
0
0
0
0
0
0
0
0.0273445
0
0.0274081
0.0274081
0.0273445
0
0
0
0
0.0274039
0.0274039
0
0
0
0
0
0
0
0
0
0
0
0
0
0
0
0
0
0
0
0
0
0
0
0
0
0
0
0
0
0
0
0
0
0
0
0
0
0
0
0
0
0
0
0
0
0
0
0
0
0
0
0
0
0
0
0
0
0
0
0
0
0
0
0
0
0
0
0
0
0.0273485
0
0
0
0
0
0
0
0
0
0
0
0.0290889
0.0290889
0.0315503
0
0
0
0
0
0
0
0
0
0
0
0
0
0
0
0
0
0
0
0
0
0
0
0
0
0.0290668
0.0290668
0.0290668
0.0273445
0
0
0
0
0
0
0
0
0
0
0
0
0
0
0
0
0
0
0
0
0
0
0
0
0
0
0
0
0
0
0
0
0
0
0
0
0
0
0
0
0
0
0
0
0
0
0
0
0
0
0
0
0
0
0
0
0
0
0
0
0
0
0
0
0
0
0
0
0
0
0
0
0
0
0
0
0
0
0
0
0
0
0
0
0
0
0
0
0
0
0
0
0
0
0
0
0
0
0
0
0
0
0
0
0
0
0
0
0
0
0
0
0
0
0
0
0
0
0
0
0
0
0
0
0
0
0
0
0
0
0
0
0
0
0
0
0
0
0
0
0
0
0
0
0
0
0
0
0
0
0
0
0
0
0
0
0
0
0
0
0
0
0
0
0
0
0
0
0
0
0
0
0
0
0
0
0
0
0
0
0
0
0
0
0
0
0
0
0
0
0
0
0
0
0
0
0
0
0
0
0
0
0
0
0
0
0
0
0
0
0
0
0
0
0
0
0
0
0
0
0
0
0
0
0
0
0
0
0
0
0
0
0
0
0
0
0
0.0273322
0.0273322
0.0273322
0
0
0.04338
0.04338
0.04338
0.04338
0.04338
0.04338
0.04338
0.04338
0
0
0
0
0.04338
0
0
0
0
0
0.04338
0.04338
0.04338
0.04338
0.04338
0.04338
0.04338
0.04338
0.04338
0.04338
0.0457581
0.0457581
0
0.04338
0.04338
0.04338
0.04338
0.04338
0
0.04338
0.04338
0.04338
0.04338
0.04338
0.04338
0.04338
0
0
0
0
0
0
0
0
0
0
0
0
0
0
0
0.04338
0
0
0.0275701
0.0275701
0.0275701
0
0.0275701
0.0275701
0
0
0.0302614
0.0275701
0
0
0
0
0
0
0
0
0
0
0
0
0
0.0302614
0.0302614
0
0
0
0.0302614
0
0
0
0
0.0275701
0.0275701
0.0275701
0.0275701
0.0275701
0.0275701
0
0
0
0.0275701
0
0.0275701
0
0.0275701
0.0275701
0.0275701
0
0
0
0
0
0
0
0
0
0
0
0
0
0
0
0
0
0.0275012
0.0275012
0.0275012
0.0275012
0
0
0
0
0.0273281
0.0273281
0
0
0
0
0
0
0
0
0
0
0
0
0
0
0
0
0
0
0
0
0
0
0
0
0
0
0
0
0
0
0
0
0
0
0
0
0
0
0
0
0
0
0
0
0
0
0
0
0
0
0
0
0
0
0
0
0
0
0
0
0
0
0
0
0
0
0
0
0
0
0
0
0
0
0
0
0
0
0
0
0
0.0329798
0.0304912
0.0329798
0.0329798
0.0329798
0.0329798
0.0329798
0.0329798
0.0329798
0.0304912
0.0304912
0.0304912
0.0304912
0.0304912
0.0304912
0.0304912
0.0304912
0.0427726
0
0
0.0374977
0.0308872
0
0
0
0
0.0427647
0
0
0
0
0
0
0
0
0.0307787
0.0307787
0.0307787
0.0307787
0.0307787
0
0
0
0
0.0432176
0
0.0316133
0.0316133
0.0318529
0.0346313
0.0374293
0.0357554
0
0
0
0.0311317
0.0311317
0.0443416
0.0311347
0
0.0311347
0.0375452
0
0
0
0
0
0.0309374
0
0.0427726
0.208514
0.0307787
0.0307787
0.0307787
0.0307787
0.0307787
0.0307787
0.0307787
0.0307787
0.0307787
0.0307787
0.0307787
0.0307787
0
0
0
0
0
0
0.0392232
0
0
0
0
0
0
0
0
0.043258
0.042796
0.0454545
0
0
0
0
0.0427726
0.0427726
0.0427726
0
0
0
0
0
0
0
0
0
0
0
0
0
0
0
0
0
0
0
0
0
0
0
0
0
0
0
0
0
0.0273485
0
0
0
0
0
0
0
0
0
0
0
0
0
0
0
0
0
0
0
0
0
0
0
0
0
0
0
0
0
0
0
0
0
0
0
0.0273485
0.0273485
0.0273485
0.0273485
0.0273485
0.0273485
0.0273485
0
0
0
0
0
0
0
0
0
0
0
0
0
0
0
0
0
0
0
0
0
0
0
0
0
0
0
0
0.0273485
0.0273485
0.0273485
0.0273485
0.0273485
0.0273485
0
0
0
0
0
0
0
0
0.0273118
0.0273118
0.0273118
0
0
0
0
0
0
0
0
0
0
0
0
0
0
0
0
0
0
0
0
0
0
0
0
0
0.0406827
0.0406827
0.0406827
0.0406827
0.0406827
0.0406827
0
0.0406827
0.0406827
0
0
0
0
0.0406827
0.0406827
0.0406827
0.0406827
0.0406827
0.0406827
0
0.0406827
0.0406827
0.0406827
0.0406827
0.0407434
0.0407434
0.0407434
0.0412253
0.0407434
0.0406827
0.0406827
0.0406827
0.0414158
0.0406827
0
0
0
0
0
0
0
0
0
0
0
0
0
0
0
0
0
0
0
0
0
0
0
0
0
0
0
0
0
0
0
0
0
0
0
0
0
0
0
0
0
0
0
0
0
0
0
0
0
0
0
0
0
0
0
0.0427726
0.0427726
0.0427726
0.0427726
0.0427726
0.0427726
0.0427726
0
0.0427726
0.0427726
0.0427726
0
0
0
0
0
0
0
0
0
0.0427726
0.0427726
0.0427726
0.0427726
0.0427726
0.0427726
0.0427726
0.0427726
0.0427726
0.0427726
0.0427726
0.0427726
0.0427726
0
0
0
0.0427726
0.0427726
0.0427726
0.0427726
0.0427726
0.0427726
0.0427726
0.0427726
0
0.0427726
0.0427726
0.0427726
0.0427726
0.0427726
0.0427726
0.0427726
0.0427726
0.0427726
0.0427726
0.0427726
0.0427726
0.0427726
0
0
0
0
0
0
0
0
0
0
0
0
0
0
0
0
0
0
0
0
0
0
0
0
0
0
0
0
0
0
0
0
0
0
0
0
0
0
0
0
0
0
0
0
0
0
0
0
0
0
0
0
0
0
0
0
0
0
0
0
0
0
0
0
0
0
0
0
0
0
0
0
0
0
0
0
0
0
0
0
0
0
0
0
0
0
0
0
0
0
0
0
0
0
0.0275387
0.0275387
0.0273118
0.0273118
0.0273118
0.0273118
0.0273118
0.0273118
0.0273118
0.0273118
0.0273118
0.0273118
0.0273118
0.0273118
0.0273118
0.0273118
0.0273118
0.0273118
0.0273118
0.0273118
0.0273118
0.0273118
0.0273118
0.0273118
0.0273118
0.0273118
0.0273118
0.0273118
0
0
0
0.0273118
0.0273118
0.0273118
0.0273118
0.0273118
0.0273118
0.0273118
0.0273118
0.0273118
0.0273118
0.0273445
0.0273445
0.0273445
0.0273485
0.0273485
0.0273445
0.0273445
0.0273485
0.0275722
0
0
0
0.0273445
0.0300069
0
0
0
0
0.0273445
0
0.0273445
0
0.0273445
0.0273445
0.0273445
0.0273445
0.0273445
0.039898
0.0273445
0.0273445
0
0
0
0
0
0
0
0
0
0
0
0
0
0
0
0
0
0
0
0
0
0
0
0
0
0
0
0
0
0
0
0
0
0
0
0
0
0
0
0
0
0
0
0
0
0
0
0
0
0
0
0
0
0
0
0
0
0
0
0
0
0
0
0
0
0
0
0
0
0
0
0
0
0
0
0
0
0
0
0
0
0
0
0
0
0
0
0
0
0
0
0
0
0
0
0
0
0
0
0
0
0
0
0
0
0
0
0
0
0
0
0
0
0
0
0
0
0
0
0
0
0
0
0
0
0
0
0
0
0
0
0
0
0
0
0
0
0
0
0
0
0
0
0
0
0
0
0
0
0
0
0
0
0
0
0
0
0
0
0
0
0
0
0
0
0
0
0
0
0
0
0
0
0
0
0
0
0
0
0
0
0
0
0
0
0
0
0
0
0
0
0
0
0
0
0
0
0
0
0
0
0
0
0
0
0
0
0
0
0
0
0
0
0
0
0
0
0
0
0
0
0
0
0
0
0
0
0
0
0
0
0
0
0
0
0
0
0
0
0.0305852
0
0
0
0
0
0
0
0
0
0
0
0
0
0
0
0
0
0
0.0276142
0.0276142
0
0
0
0
0
0
0
0
0
0
0
0
0
0
0
0
0
0
0
0
0
0
0
0
0
0
0
0
0
0
0
0
0
0
0
0
0
0
0.0294833
0.0294833
0.0294833
0
0
0
0
0
0
0
0
0
0
0
0
0
0
0
0
0
0
0
0
0
0
0
0
0
0
0
0
0
0
0
0
0.0427569
0.0427569
0.0427569
0
0
0
0
0
0
0
0
0
0
0
0
0
0
0
0
0
0
0
0
0
0
0
0
0
0
0
0
0
0
0
0
0
0
0
0
0
0
0
0
0
0
0
0
0
0
0
0
0
0
0
0
0
0
0
0
0
0
0
0
0
0
0
0
0
0
0
0
0
0
0
0
0
0
0
0
0
0
0
0
0
0
0
0
0
0
0
0
0
0
0
0
0
0
0
0
0
0
0
0
0
0
0
0
0
0
0
0
0
0
0
0
0
0
0
0
0
0
0
0
0
0
0
0
0
0
0
0
0
0
0
0
0
0
0
0
0
0
0
0
0
0
0
0
0
0
0
0
0
0
0
0
0
0.0337522
0
0.0337522
0
0
0.0797072
0.0797072
0.0797072
0.0803219
0.0797072
0.0797072
0.027545
0
0
0
0
0
0
0
0
0
0
0
0
0
0
0
0
0
0
0
0
0
0
0
0
0
0
0
0
0
0
0
0
0
0
0
0
0
0.0275701
0.0275701
0.0275701
0
0
0
0
0
0
0
0.0273118
0.0273118
0
0
0
0
0
0
0.0315503
0.0315503
0.0315503
0.0275158
0
0
0
0
0.027545
0.027545
0.027545
0
0
0.0293055
0.0293055
0
0
0
0.027545
0.027545
0
0.0273404
0.0543928
0.0543928
0.0543928
0.0543928
0
0.0543928
0.0559717
0
0.0559717
0.0543928
0
0
0
0
0
0
0
0.0277885
0
0.0275345
0
0
0
0
0
0
0
0
0
0
0
0
0
0
0
0
0
0
0
0
0
0
0
0
0
0
0
0
0
0
0
0
0
0.0448111
0
0
0
0
0
0
0
0
0
0
0
0
0
0
0
0
0
0
0
0
0
0
0
0
0
0
0
0
0
0
0
0
0
0
0
0
0
0
0
0
0
0
0
0
0
0
0
0
0
0
0
0
0
0
0
0
0
0
0
0
0
0
0
0
0
0
0
0
0
0
0
0
0
0
0
0
0
0
0
0
0
0
0
0
0
0
0
0
0
0
0
0
0
0
0
0
0
0
0
0
0
0
0
0
0
0
0
0
0
0
0
0
0
0
0
0
0.027545
0
0
0
0
0
0
0
0
0
0
0
0
0
0
0
0
0
0
0
0
0
0.0426479
0.0426479
0
0
0
0
0
0
0
0
0
0
0.0273281
0.0273281
0.0273281
0.0273281
0.0273281
0.0273281
0.0273281
0.0273281
0.0273281
0.0273281
0.0273281
0
0
0
0
0
0
0
0
0
0
0
0
0
0
0
0
0
0
0
0
0
0
0
0
0
0
0
0
0
0
0
0
0
0
0
0
0
0
0
0
0
0
0
0
0
0
0
0
0
0
0
0
0
0
0
0
0
0
0
0
0
0
0
0
0
0
0
0
0
0
0
0
0
0
0
0
0
0
0
0
0
0
0
0
0
0
0
0
0
0
0
0
0
0
0
0
0
0
0
0
0
0
0
0
0
0
0
0
0
0
0
0
0
0
0
0
0
0
0
0
0
0
0
0
0
0
0
0
0
0
0
0
0
0
0
0
0
0
0
0
0
0
0
0
0
0
0
0
0
0
0
0
0
0
0
0
0
0
0
0
0
0
0
0
0
0
0
0
0
0
0
0
0
0
0
0
0
0
0
0
0
0
0
0
0
0
0
0
0
0
0
0
0
0
0
0
0
0
0
0
0
0
0
0
0
0
0
0
0
0
0
0
0
0
0
0
0
0
0
0
0
0
0
0
0
0
0
0
0
0
0
0
0
0
0
0
0
0
0
0
0
0
0
0
0
0
0
0
0
0
0
0
0
0
0
0
0
0
0
0
0
0
0
0.0302614
0
0.0273485
0
0.0273485
0.0273485
0.0273485
0.0273485
0
0
0
0
0
0
0
0
0.0273383
0.0273383
0.0273383
0.0273383
0.0273383
0.0273383
0.0273383
0.0273383
0.0273383
0
0
0
0
0
0
0
0
0
0
0
0
0
0
0
0
0
0
0
0
0
0
0
0
0
0
0
0
0
0
0
0
0
0
0
0
0
0
0
0
0
0
0
0
0
0
0
0
0
0
0
0
0
0
0
0
0
0
0
0
0
0
0
0
0
0
0
0
0
0
0
0
0
0
0
0
0
0
0
0
0
0
0
0
0
0
0
0
0
0.0273322
0.0273322
0.0273322
0.0273322
0.0273322
0
0
0
0
0
0
0
0.0273383
0
0
0
0
0
0
0
0
0
0
0
0
0
0
0
0
0
0
0
0.0273383
0
0
0
0
0
0
0
0
0
0
0
0
0
0
0
0
0
0
0
0
0
0
0
0
0
0
0
0
0
0
0
0
0
0
0
0
0
0
0
0
0
0
0
0
0
0
0
0
0.0273322
0.0273322
0.0273322
0.0273322
0
0
0
0
0
0
0
0.0273322
0.0273322
0.0273322
0.0273322
0.0273322
0
0.0273302
0.0273302
0.0273302
0.0273302
0.0273302
0
0
0
0
0
0
0
0
0
0
0
0
0
0
0
0.0276037
0.0276037
0
0
0.0276016
0.0276016
0.0276016
0.0276016
0.0276016
0.0276016
0.0276016
0.0276037
0.0276016
0.0276037
0.0276037
0.0276037
0.0276037
0.0276142
0
0
0
0.0276289
0.0276289
0.0276289
0.0276289
0.0276289
0
0
0
0
0
0
0.0276037
0.0276037
0
0
0
0
0
0
0
0
0
0
0
0
0
0
0
0
0
0
0
0
0
0
0
0
0
0
0
0
0
0
0
0
0
0
0
0
0
0
0
0
0
0
0
0
0
0
0
0
0
0.0407367
0
0.0407367
0
0
0
0
0
0
0
0.0272772
0
0
0
0
0
0
0
0
0
0
0
0
0
0
0
0
0
0
0
0
0
0
0
0
0
0
0
0.0427726
0
0
0
0
0
0
0
0
0
0
0
0
0
0
0
0
0
0
0
0
0
0
0
0
0
0
0
0
0
0.0272894
0
0
0
0
0
0
0
0
0
0
0
0
0
0
0
0
0
0
0
0
0
0
0
0
0
0
0
0
0
0
0
0.0274887
0
0
0.0274887
0.0274887
0.0274887
0.0274887
0.0274887
0.0274887
0.0274887
0.0274887
0.0274887
0.0274887
0
0
0
0
0
0
0
0
0
0
0
0
0
0
0
0
0
0
0
0
0
0
0
0
0
0
0
0
0
0
0
0
0
0
0
0
0
0
0
0
0
0
0
0
0
0
0
0
0
0
0
0
0
0
0
0
0
0
0
0
0
0
0
0
0
0
0
0
0
0
0
0
0
0
0
0
0
0
0
0
0
0
0
0
0
0
0
0
0
0
0
0
0
0
0
0
0
0
0
0
0
0
0
0
0
0
0
0
0
0
0
0
0
0
0
0
0
0
0
0
0
0
0
0
0
0
0
0
0
0
0
0
0
0
0
0
0
0
0
0
0
0
0
0
0
0
0
0
0
0
0
0
0
0
0
0
0
0
0
0
0
0
0
0
0
0
0
0
0
0
0
0
0
0
0
0
0
0
0
0
0
0
0
0
0
0
0
0
0
0
0
0
0
0
0
0
0
0
0
0
0
0
0
0
0
0
0
0
0
0
0
0
0
0
0
0
0
0
0
0
0
0
0
0
0
0
0
0
0
0
0
0
0
0
0
0
0
0
0
0
0
0
0
0
0
0
0
0
0
0
0
0
0
0
0
0
0
0
0
0
0
0
0
0
0
0
0
0
0
0
0
0
0
0
0
0
0
0
0
0
0
0
0
0
0
0
0
0
0
0
0
0
0
0
0
0
0
0
0
0
0
0
0
0
0
0
0
0
0
0
0
0
0
0
0
0
0
0
0
0
0
0
0
0
0
0
0
0
0
0
0
0
0
0
0
0
0
0
0
0
0
0
0
0
0
0
0
0
0
0
0
0
0
0
0
0
0
0
0
0
0
0
0
0
0
0
0
0
0
0
0
0
0
0
0
0
0
0
0
0
0.030805
0
0
0
0
0
0
0
0
0
0
0
0
0
0
0
0
0
0
0
0
0
0
0
0
0
0.0304629
0
0.0304629
0
0
0
0
0
0
0
0
0
0
0
0
0
0
0
0
0
0
0
0.0301676
0.0299235
0.0299235
0.0299235
0.0316449
0.033626
0
0
0
0
0
0
0
0
0
0
0
0
0
0
0
0
0
0
0
0
0
0
0
0
0
0
0
0
0
0
0
0
0
0
0
0
0
0
0
0
0
0
0
0
0
0
0
0
0
0.0427804
0
0
0.0325403
0.0354485
0.0302144
0
0
0
0
0
0
0
0
0
0
0
0
0
0
0
0
0
0
0
0
0.0322212
0
0.0322514
0
0
0
0
0
0
0
0
0
0
0
0
0
0
0
0
0
0
0
0
0
0
0
0
0
0
0
0
0
0
0
0
0
0
0
0
0
0
0
0
0
0
0
0
0
0
0
0
0
0
0
0
0
0
0
0
0
0
0
0
0
0
0
0
0
0
0
0
0
0
0
0
0
0
0
0
0
0
0
0
0
0
0
0
0
0
0
0
0
0
0
0
0
0
0
0
0
0
0
0
0
0
0
0
0
0
0
0
0
0
0
0
0
0
0
0
0
0
0
0
0
0
0
0
0
0
0
0
0
0
0
0
0
0
0
0
0
0
0
0
0
0
0
0
0
0
0
0
0
0
0
0
0
0
0
0
0
0
0
0
0
0
0
0
0
0
0
0
0
0
0
0
0
0
0
0
0
0
0
0
0
0
0
0
0
0
0
0
0
0
0
0
0
0
0
0
0
0
0
0
0
0
0
0
0
0
0
0
0
0
0
0
0
0
0
0
0
0
0
0
0
0
0
0
0
0
0
0
0.0426092
0.0426092
0.0426092
0.0426092
0.0426092
0
0
0
0
0
0.0275074
0.0285948
0.0275074
0
0
0
0
0
0
0
0
0
0
0
0
0
0
0
0
0
0
0
0
0
0
0
0
0
0
0
0
0
0
0
0
0
0
0
0.0427726
0.0427726
0
0
0
0
0
0.0336184
0.0336184
0
0
0
0
0
0
0
0
0
0
0
0
0
0
0
0
0
0.0386622
0.0424323
0.0424323
0.0424323
0.0450652
0
0
0
0
0
0
0
0
0
0
0
0.0395656
0.0395656
0
0
0.0434045
0
0.0433067
0
0.0441597
0
0.0442374
0
0.0450652
0.0424783
0.0440482
0.0432661
0
0
0
0
0
0
0.0432661
0
0
0
0
0
0
0
0
0
0
0
0
0
0
0
0
0
0
0
0
0
0
0
0
0
0
0
0
0
0
0
0
0
0
0
0
0
0
0
0
0
0
0
0
0
0
0.0274887
0
0
0
0
0
0
0
0
0
0
0
0
0
0
0
0
0
0
0
0
0
0
0.0274887
0
0
0
0
0
0
0
0
0
0
0
0
0
0
0
0
0
0
0
0
0
0
0
0
0
0
0
0
0
0
0
0
0
0
0
0
0
0
0
0
0
0
0
0
0
0
0
0
0
0
0
0
0
0
0
0
0
0
0
0
0
0
0
0
0
0
0
0
0
0
0
0
0
0
0
0
0
0
0
0
0
0
0
0
0
0
0
0
0
0
0
0
0
0
0
0
0
0
0
0
0
0
0
0
0
0
0
0
0
0
0
0
0
0
0
0
0
0
0
0
0
0
0
0
0
0
0
0
0
0
0
0
0
0
0
0
0
0
0
0
0
0
0
0
0
0
0
0
0
0
0
0
0
0
0
0
0
0
0
0
0
0
0
0
0
0
0
0
0
0
0
0
0
0
0
0
0
0
0
0
0
0
0
0
0
0
0
0
0
0
0
0
0
0
0
0
0
0
0
0
0
0
0
0
0
0
0
0
0
0
0
0
0
0
0
0
0
0
0
0
0
0
0
0
0
0
0
0
0
0
0
0
0
0
0
0
0
0
0
0
0
0
0
0
0
0
0
0
0
0
0
0
0
0
0
0
0
0
0
0
0
0
0
0
0
0
0
0
0
0
0
0
0
0
0
0
0
0
0
0
0
0
0
0
0
0
0
0
0
0
0
0
0
0
0
0
0
0
0
0
0
0
0
0
0
0
0
0
0
0
0
0
0
0
0
0
0
0
0
0
0
0
0
0
0
0
0
0
0
0
0
0
0
0
0
0
0
0
0
0
0
0
0
0
0.0273302
0.0273302
0.0273302
0.0273302
0.0273302
0
0
0
0
0
0
0
0
0
0
0
0
0
0
0
0
0
0
0.0399936
0
0
0
0
0
0
0
0
0
0
0
0
0
0
0
0
0
0
0
0
0
0
0
0
0
0
0
0
0
0
0
0
0
0
0
0
0
0
0
0
0
0
0
0
0
0
0
0
0
0
0
0
0
0
0
0
0
0
0
0
0.0273383
0.0273383
0.0273383
0.0273383
0.0273383
0.0273383
0.0273383
0.0273383
0.0273383
0.0273383
0.0273383
0.0273383
0.0273383
0.0273383
0.0273383
0.0273383
0.0273383
0.0273383
0.0273383
0.0273383
0.0273383
0.0273383
0.0273383
0.0273383
0.0273383
0.0273383
0.0273383
0.0273383
0.0273383
0.0273383
0.0273383
0.0273383
0.0273383
0.0273383
0.0273383
0.0273383
0.0273383
0.0273383
0.0273383
0.0273383
0.0273383
0.0273383
0.0273383
0.0273383
0.0273445
0
0
0
0
0
0.0273383
0.0273383
0.0273383
0.0273383
0.0273383
0.0273383
0
0
0
0
0
0
0.0273383
0.0273383
0.0273383
0.0273383
0.0273383
0.0273383
0.0273383
0.0273383
0
0
0
0.0512854
0.0273896
0
0
0
0
0
0.0273445
0
0.0448923
0.0448923
0.0448923
0.0448923
0.0448923
0.0448923
0.0448923
0.0448923
0.0448923
0.0448923
0.0448923
0.0448923
0.0448923
0.0448923
0.0448923
0.0448923
0.0448923
0.0571849
0.0571849
0
0
0.0273383
0.0273383
0.0273383
0.0273383
0.0273383
0.0273383
0.0273383
0.0273383
0.0273383
0.0273383
0.0273383
0.0273383
0.0273383
0.0273383
0.0273383
0.0273383
0.0273383
0.0273383
0.0273383
0.0273383
0.0273383
0.0273383
0.0273383
0.0273383
0.0273383
0.0273383
0.0273383
0.0273383
0.0273383
0.0273383
0.0273383
0.0273383
0.0273383
0.0273383
0
0
0.0448923
0.0448923
0.0448923
0.0448923
0.0448923
0.0448923
0
0.0448923
0
0.0458928
0.0458928
0.0458928
0.0458928
0.0458928
0.0458928
0.0458928
0.0458928
0.0458928
0
0.0448923
0.0448923
0.0448923
0.0448923
0
0
0
0
0.0448923
0.044983
0.044983
0
0
0
0.044983
0.0448923
0
0
0
0.0448923
0.0448923
0.0452864
0.0452864
0.0452864
0
0.0448923
0.0448923
0.0448923
0
0
0
0
0
0
0.0449648
0.0449648
0.0452864
0.0452864
0
0
0
0
0
0
0
0
0
0
0
0
0
0
0
0
0
0
0
0
0
0
0
0
0
0
0
0
0
0
0
0
0
0
0
0
0
0
0
0
0
0
0
0
0
0
0
0
0
0
0
0
0
0
0
0
0
0
0
0
0
0
0
0
0
0
0
0
0
0
0
0
0
0
0
0
0
0
0
0
0
0
0
0
0
0
0
0
0
0
0
0
0
0
0
0
0
0
0
0
0
0
0
0
0
0
0
0
0
0
0
0
0
0
0
0
0
0
0
0
0
0
0
0
0
0
0
0.0452864
0
0.044983
0.044983
0
0
0
0
0
0
0
0
0
0
0
0
0
0
0
0
0
0
0
0
0
0.0448923
0.0448923
0
0.0448923
0.0448923
0
0
0
0
0
0
0
0
0
0
0
0
0
0
0
0
0
0
0
0
0
0
0
0
0
0
0
0
0
0
0
0
0
0
0
0
0
0
0
0
0
0
0
0
0
0
0
0
0
0
0
0
0
0
0
0
0
0
0
0
0
0
0
0
0
0
0
0
0
0
0
0
0
0
0
0
0
0
0
0
0
0
0
0
0
0
0
0
0
0
0
0
0
0
0
0
0
0
0
0
0
0
0
0
0
0
0
0
0
0
0
0
0
0
0
0
0
0
0
0
0
0
0
0
0
0
0
0
0
0
0
0
0
0
0
0
0
0
0
0
0
0
0
0
0
0
0
0
0
0
0
0
0
0
0
0
0
0
0
0
0
0
0
0
0
0
0
0
0
0
0
0
0
0
0
0
0
0
0
0
0.0449648
0.0449648
0.0450926
0
0
0
0
0
0
0
0
0
0
0
0
0
0
0
0
0
0
0
0
0
0
0
0
0
0
0
0
0
0
0
0
0
0
0
0
0
0
0
0
0
0
0
0
0
0
0
0
0
0
0
0
0
0
0
0
0
0
0
0
0
0
0
0
0
0
0
0
0
0
0
0
0
0
0.542326
0.542326
0
0
0
0
0
0
0
0
0
0
0
0.0452864
0.0452864
0.0452864
0
0
0
0
0
0
0
0
0
0
0
0
0
0
0
0
0
0
0
0
0
0
0
0.172005
0.349215
0
0.349215
0.172005
0.542326
0.542326
0.542326
0.542326
0.542326
0
0
0
0
0
0
0
0
0
0
0
0
0
0
0
0
0
0
0
0
0
0
0
0
0
0
0
0
0
0
0
0
0
0
0
0
0
0
0
0
0
0
0
0
0
0
0
0
0
0
0
0
0
0
0
0
0
0
0
0
0
0
0
0
0
0
0
0
0
0
0
0
0
0
0
0
0
0
0
0
0
0
0
0
0
0
0
0
0
0
0
0
0
0
0
0
0
0
0
0
0
0
0
0
0
0
0
0.0436436
0.0436436
0.0436436
0.0436436
0
0
0
0
0
0
0
0.0436436
0.0436436
0.0436436
0.0436436
0.0440311
0.0436436
0
0
0
0
0
0
0
0
0
0
0
0
0
0
0
0
0
0
0
0
0
0
0
0
0
0
0
0
0
0
0
0
0
0
0
0
0
0
0
0
0.0274887
0
0
0
0
0
0.0273302
0.0273302
0.0273302
0.0273302
0.0273302
0
0
0
0
0
0
0
0
0
0
0
0
0
0
0
0
0
0
0
0
0
0
0
0
0
0
0
0
0
0
0
0
0
0
0
0
0
0
0
0
0
0
0
0.0273383
0.0273383
0
0
0
0
0
0
0
0
0
0
0
0
0
0
0
0
0
0
0
0
0
0
0.0427726
0.0427726
0.0427569
0.0427569
0.0427569
0.0427569
0.0427569
0.0427569
0.0427569
0.0427569
0.0427569
0.0427569
0.0427569
0.0273383
0.0273383
0.0273383
0.0273383
0.0273383
0.0273383
0.0273383
0.0273383
0.0427726
0.0427726
0.0427726
0.0427726
0.0427726
0.0427726
0.0427726
0.0427726
0.0427726
0.0427726
0.0427726
0.0427726
0.0427726
0.04338
0.04338
0.04338
0.04338
0.0427726
0.0427726
0.0427726
0.0472772
0.0472772
0.0472772
0.0472772
0.0472772
0
0.0472772
0.0427726
0.0427726
0.0427726
0
0
0
0
0
0
0
0
0
0
0
0
0
0
0
0
0
0
0
0
0
0
0
0
0.0427569
0.0427569
0.0427569
0.0427569
0.0427569
0.0427569
0.0427569
0.0427569
0.0427569
0.0427569
0.0427569
0.0427569
0.0427569
0.0427569
0.0427569
0.0427569
0.0427569
0.0427569
0.0427569
0.0427569
0.0427569
0.0427569
0.0427569
0.0427569
0.0427569
0.0427569
0.0427569
0.0427569
0.0433229
0.0432904
0
0.04338
0.0427726
0
0
0
0
0
0
0.0273383
0.0273383
0.0273383
0.0273383
0.0273383
0.0273383
0.0273383
0.0273383
0.0273383
0.0273383
0.0273383
0.0273383
0.0273383
0.0273383
0.0273383
0.0273383
0.0273383
0.0273383
0.0273383
0.0273383
0.0273383
0.0273383
0.0273383
0.0273383
0
0
0
0
0.0273383
0
0
0
0
0
0
0
0
0.0427647
0.0427647
0
0.0427647
0
0
0
0
0
0
0
0
0
0
0
0
0
0
0
0
0
0.042532
0
0
0
0.042532
0.042532
0.042532
0.042532
0.042532
0.042532
0.042532
0
0
0
0
0
0
0
0
0
0
0
0
0
0
0
0
0
0
0
0
0
0
0
0
0
0
0
0
0
0
0
0
0
0
0
0
0
0
0
0
0
0
0
0
0
0
0
0
0
0
0
0
0
0
0
0
0
0
0
0
0
0
0
0
0
0
0
0
0
0
0
0
0
0
0
0
0
0
0
0
0
0
0
0
0
0
0
0
0
0
0
0
0
0
0
0
0
0
0
0
0
0
0
0
0
0
0
0
0
0
0
0
0
0
0
0
0
0
0
0
0
0
0
0
0
0
0
0
0
0
0
0
0
0
0
0
0
0
0
0
0
0
0
0
0
0
0
0
0
0
0
0.0422728
0.0422728
0.0422728
0.0422728
0.0422728
0.0422728
0.0422728
0.0422728
0.0422728
0
0
0
0
0
0
0
0
0
0
0
0
0
0
0
0
0
0
0
0
0
0
0
0
0
0
0
0
0
0
0
0
0
0
0
0
0
0
0
0
0
0
0
0
0
0
0
0
0
0
0
0
0
0
0
0
0
0
0
0
0
0
0
0
0
0
0
0
0
0
0
0
0
0
0
0
0
0
0
0
0
0
0
0
0
0
0
0
0
0
0
0
0
0
0
0
0
0
0
0
0
0
0
0
0
0
0
0
0
0
0
0
0
0
0
0
0
0
0
0
0
0
0
0
0
0
0
0
0
0
0
0
0
0
0
0
0.0422728
0
0
0
0
0
0
0
0
0
0
0
0
0
0
0
0
0
0
0.042532
0
0
0
0
0
0
0
0
0
0
0
0
0
0
0
0
0
0
0
0
0
0
0
0
0
0
0
0
0.042532
0
0
0
0.0422728
0
0
0
0
0
0
0
0
0
0
0
0
0
0
0
0
0
0
0.042532
0
0.042532
0
0
0
0.0272894
0.0272894
0.0272894
0
0
0
0
0
0
0
0
0
0
0
0
0
0
0
0
0
0
0
0
0
0
0
0
0
0
0
0
0.0427804
0.0427804
0
0.0451846
0
0
0
0
0
0
0
0.0272772
0
0
0
0
0
0
0
0
0
0
0
0
0
0
0
0
0
0
0
0
0
0
0
0
0
0
0
0
0
0
0
0
0
0
0
0
0
0
0
0
0
0
0
0
0
0
0
0
0
0
0
0
0
0.0273383
0
0
0
0
0
0
0
0
0
0
0
0
0
0
0
0
0
0.0273445
0.0273445
0.0273445
0.0273445
0.0273445
0.0273445
0.0510178
0.0510178
0
0
0
0
0
0
0
0
0
0
0
0
0
0
0
0
0
0
0
0
0
0.0510976
0.0273445
0.0273322
0.0273322
0.0273813
0.0398916
0.0398916
0.02732
0
0.02732
0.02732
0.02732
0.02732
0
0.0273404
0.0273404
0.0273404
0.0273404
0.0512854
0.0385931
0.0274184
0.0298887
0.0298887
0.0299074
0.0298887
0.0385931
0
0.0433067
0.0433067
0.0433067
0.0433067
0.0433067
0.0433067
0.0433067
0.0433067
0.0433067
0.0433067
0.0433067
0.0433067
0.0433067
0.0433067
0.0433067
0.0433067
0.0433067
0.0433067
0.0433067
0.0433067
0.0433067
0.0433067
0.0433067
0.0273383
0.0273383
0.0273383
0.0273383
0.0273383
0.0273383
0.0273383
0.0273383
0.0273383
0.0273383
0.0273383
0.0273383
0.0433067
0.0433963
0.0433067
0.0433067
0.0433067
0
0
0
0
0
0
0
0
0
0
0
0
0
0
0
0
0
0
0
0
0
0
0
0
0
0.0433067
0
0
0.0433067
0.0433067
0.0446589
0.0446589
0.0446589
0.0446589
0.0446589
0
0.0446589
0
0.0446589
0
0
0
0
0
0
0.0446589
0
0
0
0
0
0
0
0
0
0
0.0446589
0.167132
0.167132
0.340997
0.340997
0.340997
0.340997
0.0433067
0
0
0
0
0
0
0.0433067
0.0433067
0
0.0433067
0
0.0433067
0
0
0
0
0
0.0433067
0
0
0
0.0433067
0.0433067
0
0.0433067
0.0433067
0.0433067
0.0433067
0.0433067
0.0433067
0
0
0
0
0
0
0
0
0
0
0
0
0
0
0
0
0.0433067
0.04338
0
0
0.0433067
0
0
0.0433067
0.0433067
0
0
0
0
0
0
0
0
0.0433067
0.0446589
0.0446589
0.0433067
0
0
0
0
0
0
0
0
0
0
0
0
0
0
0
0.0433067
0.0435277
0.0531344
0.0531344
0.0433067
0
0.0433067
0
0.0433067
0
0.0442721
0.167132
0.167132
0.168073
0.167132
0
0
0.0433067
0
0.0433067
0.167132
0.0433067
0.0433067
0.0433718
0
0.0433718
0
0
0
0
0
0
0
0
0
0
0
0
0
0
0
0
0
0
0
0
0
0
0
0
0.0460776
0.0460776
0
0
0
0
0.046605
0
0
0
0
0
0
0
0
0
0
0
0
0
0.0273302
0
0.0273302
0
0.0273302
0
0.0273302
0
0
0
0
0
0
0
0
0
0
0.0273383
0
0
0
0
0
0
0
0
0
0
0
0
0
0
0
0
0
0
0
0
0
0
0
0
0
0
0
0
0
0
0
0
0
0
0.0273118
0
0.0425474
0.0425474
0
0
0
0
0
0
0
0
0.0425474
0.0425474
0.0425474
0.0425474
0.0425474
0.0425474
0.0425474
0
0
0.0272894
0.0272894
0.0272894
0.0272894
0.0272894
0.0272894
0.0272894
0.0272894
0.0272894
0
0
0
0
0
0
0
0
0
0
0
0
0
0
0
0
0
0
0
0
0
0
0
0
0
0
0
0
0
0
0
0
0
0
0
0
0
0
0
0
0
0
0
0
0
0
0
0
0
0
0
0
0
0
0
0
0
0
0
0
0
0
0
0
0
0
0
0
0
0
0
0
0
0
0
0
0
0
0
0
0
0
0
0
0
0
0
0
0
0
0
0
0
0
0
0
0
0
0
0
0.0425474
0
0
0
0
0
0
0
0
0
0
0
0
0
0
0
0
0
0
0
0
0
0
0
0
0
0
0
0
0
0
0
0
0
0
0
0
0
0
0
0
0
0
0
0
0
0
0
0
0
0
0
0
0
0
0
0
0
0
0
0
0
0
0
0
0
0
0
0
0
0
0
0
0
0
0
0
0
0
0
0
0
0
0
0
0
0
0
0
0
0
0
0
0.0559893
0.0559893
0.0559893
0.0559893
0.0273445
0.0273445
0.0273445
0.0273445
0.0273445
0.0273445
0.0559893
0.0559893
0
0.0612909
0.0612909
0.0559893
0
0
0
0
0
0.0275199
0
0
0
0
0
0
0
0
0
0
0
0
0.0436602
0.0436602
0.0436602
0.0436602
0
0
0
0
0.0273322
0.0273322
0.0273322
0.0273322
0.0273322
0.0273322
0.0273322
0.0273322
0.0273322
0.0273322
0.0273404
0.0273445
0.0273445
0
0.0273445
0.0273445
0.0273404
0.0273404
0.0273404
0.0273404
0.0273404
0.0273322
0.0273445
0.0273445
0.0273322
0.0509912
0.0509912
0.0509912
0
0
0
0.0510976
0.0526608
0
0
0
0
0
0
0
0
0
0
0.0273445
0.0273916
0.0299074
0.0385186
0
0.0385186
0.0393384
0
0
0
0
0
0
0
0
0
0
0
0
0
0
0
0
0
0
0
0
0
0
0
0
0
0
0
0
0
0
0
0
0
0
0
0
0
0
0
0
0.027545
0
0
0
0
0
0
0
0
0
0
0.0273383
0.0273383
0.0273383
0.0273383
0.0273383
0.0273383
0.0273383
0.0273383
0.0273383
0.0273383
0.0273383
0.0273383
0.0273383
0
0
0
0
0
0
0
0
0
0
0
0
0
0
0
0
0
0
0
0
0
0
0
0
0
0
0
0
0
0
0
0
0
0
0
0
0
0
0
0
0
0
0
0
0
0
0
0
0
0
0
0
0
0
0
0
0
0
0
0
0
0
0
0
0
0
0
0
0
0
0
0
0
0
0
0
0
0
0
0
0
0
0
0
0
0
0
0
0
0
0
0
0
0
0
0
0
0
0
0
0
0
0
0
0
0
0
0
0
0
0
0
0
0
0
0
0
0
0
0
0
0
0
0
0
0
0
0
0
0
0
0
0
0
0
0
0
0
0
0
0
0
0
0
0
0
0
0
0
0
0
0
0
0
0
0
0
0
0
0
0
0
0
0
0
0
0
0
0
0
0
0
0
0
0
0
0
0
0
0
0
0
0
0
0
0
0
0
0
0
0
0
0
0
0
0
0
0
0
0
0
0.0427569
0.0427569
0.0427569
0.0427569
0.0427569
0.0427569
0.0427569
0.0427569
0.0273383
0.0273383
0.0273383
0.0273383
0.0273383
0.0273383
0.0273383
0.0273383
0.0273383
0.0273383
0
0.044983
0.044983
0
0
0
0
0
0
0
0
0
0
0
0
0
0
0
0
0
0
0
0
0
0
0
0
0
0
0
0
0
0
0
0
0
0
0
0
0
0
0
0
0
0
0
0
0
0
0
0
0
0
0
0
0
0
0
0
0
0
0
0
0
0
0
0
0
0
0
0
0
0
0
0
0
0
0
0
0
0
0
0
0
0
0
0
0
0
0
0
0
0
0
0
0
0
0
0
0
0
0
0
0
0
0
0
0
0
0
0
0
0
0
0
0
0
0
0
0
0
0
0
0
0
0
0
0
0
0
0
0
0
0
0
0
0
0
0
0
0
0
0
0
0
0
0
0
0
0
0
0
0
0
0
0
0
0
0
0
0
0
0
0
0
0
0
0
0
0
0
0
0
0
0
0
0
0
0
0
0
0
0
0
0
0
0
0
0
0
0
0
0
0
0
0.0273383
0
0
0
0
0
0
0
0
0
0
0
0
0
0
0
0
0
0
0
0
0
0
0
0
0
0.0273383
0.0273383
0.0273383
0
0
0
0
0
0
0
0
0
0
0
0
0
0
0
0
0
0
0
0
0
0
0
0
0
0
0
0
0
0
0
0
0
0
0
0
0
0
0
0
0
0
0
0
0
0
0
0
0
0
0
0
0
0
0
0
0
0
0
0
0
0
0
0
0
0
0
0
0
0
0
0
0
0
0
0
0
0
0
0
0
0
0
0
0
0
0
0
0
0
0
0
0
0
0
0
0
0
0
0
0
0
0
0
0
0.0436602
0.0436602
0.0436602
0.0436602
0.0436602
0.0436602
0.0436602
0.0436685
0.0436685
0.0436602
0.0436602
0.0436602
0.0436602
0.0436602
0.0436602
0.0436602
0.0436602
0.0436602
0.0436602
0.0436602
0.0436602
0.0436602
0.0436602
0
0
0.0436602
0.0436602
0.0436602
0.0436602
0
0
0
0
0
0
0
0
0
0
0
0
0
0
0
0
0
0
0
0
0
0
0
0
0
0
0
0
0
0
0
0
0
0
0.0274659
0.0274659
0.0274659
0.0274659
0.0274659
0.0274659
0
0.0274659
0.0274659
0
0
0
0
0
0
0
0
0
0
0
0
0
0
0
0
0
0.0275241
0
0
0.027468
0.027468
0
0.027468
0.027468
0
0
0.0275158
0.0405021
0.0276037
0.0276037
0
0
0
0
0
0
0
0
0
0
0
0
0
0
0
0
0
0
0
0
0
0
0
0
0
0
0
0
0
0
0
0
0
0
0
0
0
0
0
0
0
0
0
0
0
0
0
0
0
0
0
0
0
0
0
0
0.027468
0
0
0
0
0
0.027468
0.027468
0.027468
0.027468
0.027468
0
0
0
0
0
0
0.027468
0
0
0
0
0
0
0
0
0
0
0
0
0.0275722
0.0275722
0.0275722
0.0275722
0
0
0
0
0
0
0
0
0
0
0
0
0
0.0413874
0.0413874
0
0
0
0
0.0273445
0.0559893
0
0
0
0.0559893
0
0.0559893
0.0559893
0.0559893
0.0562722
0.0562722
0
0.0562722
0
0
0
0.0559893
0.0559893
0.0559893
0.298807
0.0559893
0
0.0559893
0
0.0559893
0.0559893
0.0559893
0
0.0559893
0
0.0559893
0
0.0559893
0
0
0
0
0
0
0
0
0
0.04338
0.04338
0.04338
0.04338
0.04338
0.0433963
0.0437102
0.0436021
0
0
0.0437019
0.0437019
0.04338
0
0
0
0
0
0
0
0
0
0.04338
0
0
0.0273404
0.0273404
0.0273404
0.0273404
0.0273404
0.0273404
0.0273404
0.0273404
0.0273404
0.0273404
0.0273404
0
0
0
0
0
0
0
0.0421975
0.0421975
0.0421975
0.0421975
0.0421975
0.0421975
0.0421975
0.0421975
0.0421975
0.0421975
0.0421975
0.0421975
0.0421975
0.0421975
0.0421975
0.0427101
0
0.0421975
0
0
0
0
0
0
0
0
0
0
0
0
0
0
0
0
0
0
0
0
0
0.0421975
0.0421975
0
0
0
0.0421975
0
0
0
0
0
0
0
0
0
0
0
0
0
0
0
0
0
0
0
0
0
0
0.0427023
0.0427023
0.0427413
0.0427023
0.0427023
0.0427023
0.0427023
0
0.0427101
0.0427726
0
0
0
0
0
0
0
0
0
0
0
0
0
0
0
0
0
0
0
0
0
0
0
0
0
0
0
0
0
0
0
0
0
0
0
0
0.0427179
0.0421975
0.0421975
0.0421975
0.0421975
0.0421975
0.0421975
0.0421975
0
0
0
0
0
0
0
0
0
0
0
0
0
0
0
0
0
0
0
0
0
0
0
0
0
0
0
0
0
0
0
0
0
0
0
0
0
0
0.0421975
0
0
0
0
0
0
0
0
0
0
0
0
0
0
0
0
0
0
0
0
0
0
0
0
0
0
0
0
0
0
0
0
0
0
0
0
0
0
0
0
0
0
0
0
0
0
0
0
0
0
0
0
0
0
0
0
0
0
0
0
0
0
0
0
0
0
0
0
0
0
0
0
0
0
0
0
0
0
0
0
0
0
0
0
0
0
0
0
0
0
0
0
0
0
0
0
0
0
0
0
0
0
0
0
0
0
0
0
0
0
0
0
0
0
0
0
0
0
0
0
0
0
0
0
0
0
0
0
0
0
0
0
0
0
0
0
0
0
0
0
0
0
0
0
0
0
0
0
0
0
0
0
0
0
0
0
0
0
0
0
0
0
0
0
0
0
0
0
0
0
0
0
0.0273118
0
0
0
0
0
0
0
0
0
0
0
0
0
0
0
0
0
0
0
0
0
0
0
0
0
0
0
0
0
0
0
0
0
0
0
0
0
0
0
0
0
0
0
0
0
0
0
0
0
0
0
0
0
0
0
0
0
0
0
0
0
0
0
0
0
0
0
0
0
0
0
0
0
0
0
0
0
0
0
0
0
0
0
0
0
0
0
0
0
0
0
0
0
0
0
0
0
0
0
0
0
0
0
0
0
0
0
0
0
0
0
0
0
0
0
0
0
0
0
0
0
0
0
0
0
0
0
0
0
0
0
0.0447931
0.0447931
0.0447931
0
0
0
0
0
0
0
0
0
0
0
0
0
0
0
0
0
0
0
0
0
0
0
0
0
0
0
0
0
0
0
0
0
0
0
0
0
0
0
0
0
0
0
0
0
0
0
0
0
0
0
0
0
0
0
0
0
0
0
0
0
0
0
0
0
0
0
0
0
0.0273322
0.0273322
0.0273322
0.0273322
0.0273404
0.0273404
0.0273854
0.0273404
0
0
0
0
0
0
0
0
0
0
0
0
0
0
0
0
0
0.130856
0
0
0
0
0
0
0
0
0
0
0
0
0
0
0
0
0
0
0
0
0
0
0
0
0
0
0
0
0
0
0
0
0
0
0
0
0
0
0
0
0
0
0
0
0
0
0
0
0
0.0273383
0.0273383
0.0273383
0.0273383
0.0273383
0.0273383
0
0
0
0
0
0
0
0
0
0
0
0
0
0
0
0
0
0
0
0
0
0
0
0
0
0
0
0
0
0
0
0
0
0
0
0
0
0
0
0
0
0
0
0
0
0
0
0
0
0
0
0
0
0
0
0
0
0
0
0
0
0
0
0
0
0
0
0
0
0
0
0
0
0
0
0
0
0
0
0
0
0
0
0
0
0
0
0
0
0
0
0
0
0
0
0
0
0
0
0
0
0
0
0
0
0
0
0
0
0
0
0
0
0
0
0
0
0
0
0
0
0
0
0
0
0
0
0
0
0
0
0
0
0
0
0
0
0
0
0
0
0
0
0
0
0
0
0
0
0
0
0
0
0
0
0
0
0
0
0
0
0
0
0
0
0
0
0
0
0
0.0427569
0.0427569
0.0427569
0.0427569
0.0427569
0
0
0
0
0
0
0
0
0.0427569
0
0
0
0
0
0
0
0.0427726
0.0427726
0.0427726
0.0427726
0.0427726
0.0427726
0.0427726
0.0427726
0.0427726
0.0427726
0.0427726
0.0427726
0
0
0
0
0
0.0427726
0.0427726
0.0427726
0.0427726
0.0427726
0.0427726
0.0427726
0
0.0427726
0.0427726
0.04338
0.04338
0.04338
0.04338
0
0
0
0
0
0
0
0
0
0
0
0
0
0
0
0
0.0427726
0.0427726
0.0427726
0.0427726
0
0.0427726
0.0427726
0.0427726
0.0427726
0.0427726
0.0427726
0.0427726
0.0427726
0.0427726
0.0427726
0.0427726
0.0427726
0.0427726
0
0
0
0
0
0
0
0
0
0
0
0
0
0
0
0
0
0
0
0
0
0
0
0
0
0
0
0
0
0
0
0.0427726
0.0427726
0.0427726
0.0427726
0
0
0
0
0
0
0
0
0
0
0
0
0
0
0
0
0
0
0
0
0
0
0
0
0
0
0
0
0
0
0
0
0
0
0
0
0
0
0
0
0
0
0
0
0
0
0
0
0
0
0
0
0
0
0
0
0.0427726
0.0427726
0.0427726
0
0
0
0
0.0427726
0
0
0
0
0
0
0
0
0
0
0
0
0
0
0
0
0
0
0
0
0
0
0
0
0
0
0
0
0
0
0
0
0
0
0
0
0
0
0
0
0
0
0
0
0
0
0
0
0
0
0
0
0
0
0
0
0
0
0
0
0
0
0
0
0
0
0
0
0
0
0
0
0
0
0
0
0
0
0
0
0
0
0
0
0
0
0
0
0
0
0
0
0
0
0
0
0
0
0
0
0
0
0
0
0
0
0
0
0
0
0
0
0
0
0
0
0
0
0
0
0
0
0
0
0
0
0
0
0
0
0
0
0
0
0
0
0
0
0
0
0
0
0
0
0
0
0
0
0
0
0
0
0
0
0
0
0
0
0
0
0
0
0
0
0
0
0
0
0
0
0
0
0
0
0
0
0
0
0
0
0
0
0
0
0
0
0
0
0
0
0
0
0
0
0
0
0
0
0
0
0
0
0
0
0
0
0
0
0
0
0
0
0
0
0
0
0
0
0
0
0
0
0
0
0
0
0
0
0
0
0
0
0
0
0
0
0
0
0
0
0
0
0
0
0
0
0
0
0
0
0
0
0
0
0
0
0
0
0
0
0
0
0
0
0
0
0
0
0
0
0
0
0
0
0
0
0
0
0
0
0
0
0
0
0
0
0
0
0
0
0
0
0
0
0
0
0
0
0
0
0
0
0
0
0
0
0
0
0
0
0
0
0
0
0
0
0
0
0
0
0
0
0
0
0
0
0
0
0
0
0
0
0
0
0
0
0
0
0
0
0
0
0
0
0
0
0
0
0
0
0
0
0
0
0
0
0
0
0
0
0
0
0
0
0
0
0
0
0
0
0
0
0
0
0
0
0
0
0
0
0
0
0
0
0
0
0
0
0
0
0
0
0
0
0
0
0
0
0
0
0
0
0
0
0
0
0
0
0
0
0.0427726
0.0304912
0.0427726
0
0
0
0
0
0
0
0
0
0
0
0
0
0
0
0
0
0
0
0
0
0.0273118
0.0273118
0.0273118
0.0273118
0
0
0
0
0
0
0
0
0
0
0
0
0
0
0
0
0
0
0
0
0.0436602
0.0436602
0.0436602
0.0436602
0
0
0
0.0273383
0
0
0
0
0
0.0433067
0.0433067
0.0433067
0
0
0
0
0
0
0
0
0
0
0
0
0.0294474
0.0294474
0.0294474
0.0294474
0.0294474
0
0
0
0
0
0
0
0
0
0
0
0
0
0
0
0
0.0273322
0.0273322
0.0273322
0.0273322
0.0273322
0.0273322
0
0
0
0
0
0
0
0
0
0
0
0
0
0
0
0
0
0
0
0
0
0
0
0
0
0
0
0
0
0
0
0
0
0
0
0
0.0275178
0.0275178
0.0275178
0.0275178
0.0275178
0.0275178
0.027545
0.027545
0.027545
0.027545
0
0
0
0.0276037
0.0276037
0
0
0
0.027545
0.027545
0.027545
0.027545
0.027545
0
0
0.027545
0
0.0275701
0.027545
0.027545
0
0
0
0
0
0
0
0
0
0
0
0
0
0
0
0
0
0
0
0
0
0
0
0
0
0
0
0
0
0
0
0
0
0.0273383
0.0273383
0.0273383
0.0273383
0.0273383
0.0273383
0.0273383
0.0273383
0.0273383
0.0273383
0.0273383
0.0273383
0.0273383
0
0
0
0
0
0
0
0
0
0
0
0
0
0
0
0
0
0
0
0
0
0
0
0
0
0
0
0
0
0
0
0
0
0
0
0
0
0
0
0
0
0
0
0
0
0
0
0
0
0
0
0
0
0
0
0
0
0
0
0
0
0.027468
0.027468
0.027468
0.027468
0
0
0
0
0
0
0
0
0
0
0
0
0
0
0
0
0
0
0
0
0
0
0
0
0
0
0
0
0
0
0
0
0
0
0
0
0
0
0
0
0
0
0
0
0
0
0
0
0
0
0
0
0
0
0
0
0
0
0
0
0
0
0
0
0
0
0
0
0
0
0
0
0
0
0
0
0
0
0
0
0
0
0
0
0
0
0
0
0
0
0
0
0
0.0273322
0
0.0374766
0.0374766
0.0374766
0.0374766
0.0374766
0.0374766
0
0
0
0
0
0
0.0379485
0.0374766
0
0
0.0399936
0.0399936
0.040337
0.040337
0.040337
0.0379485
0.0379485
0.0379485
0.0379485
0.0379485
0.0405021
0.0379485
0
0
0
0
0.0381579
0
0
0
0
0
0
0
0
0
0
0
0
0
0
0.0273322
0.0273322
0.0273322
0.0273322
0.0273322
0.0273322
0.0273322
0
0
0
0
0
0
0
0
0.0273383
0
0
0
0
0
0
0
0
0
0
0
0
0
0
0
0
0
0
0
0
0
0
0
0
0
0
0
0
0
0
0
0
0
0
0
0
0
0
0
0
0
0
0
0
0
0
0
0
0
0
0
0
0
0
0
0
0
0
0
0
0
0
0
0
0
0
0
0
0
0
0
0
0
0
0
0
0
0
0
0
0
0
0
0
0
0
0
0
0
0
0
0
0
0
0
0
0
0
0
0
0
0
0
0
0
0
0
0
0
0
0
0
0
0
0
0
0
0
0
0
0
0
0
0
0
0
0
0
0
0
0
0
0
0
0
0
0
0
0
0
0
0
0
0
0
0
0
0
0
0
0
0
0
0
0
0
0
0
0
0
0
0
0
0
0
0
0
0
0
0
0
0
0
0
0
0
0
0
0
0
0
0
0
0
0
0
0
0
0
0
0
0
0
0
0
0
0
0
0
0
0
0
0
0
0
0
0
0
0
0
0
0
0
0
0
0
0
0
0
0
0
0
0.0273383
0
0
0
0
0
0
0
0
0
0
0
0
0
0
0
0
0
0
0
0
0
0
0
0
0
0
0
0
0
0
0
0
0
0
0
0
0
0
0
0
0
0
0
0
0
0
0
0
0
0
0
0
0
0
0
0
0
0
0
0
0
0
0
0
0
0
0
0
0
0
0
0
0
0
0
0
0
0
0
0
0
0
0
0.0273118
0.0273118
0
0
0
0
0
0.0430013
0.0430013
0.0430013
0.0430013
0.0430013
0.0430013
0.0430013
0.0430013
0.0430013
0
0
0
0
0
0
0
0
0
0
0
0
0
0
0
0
0
0
0
0
0
0
0
0
0
0
0
0.0427257
0
0
0
0
0
0
0
0.0413732
0.0425166
0.0425166
0.0425166
0.0427647
0
0
0
0
0
0
0
0
0
0
0
0
0
0
0
0
0
0
0
0
0
0
0
0
0
0
0
0
0
0
0
0
0
0
0
0
0
0
0
0
0
0
0
0
0
0
0
0.0427726
0.0427726
0.0427726
0.0427726
0.0427726
0
0.0427726
0.0427726
0.0427726
0.04338
0.04338
0.0427726
0.0427726
0.0427726
0.04338
0
0.04338
0
0.04338
0
0
0
0
0
0
0
0
0
0
0
0
0
0
0
0
0
0.04338
0
0
0
0
0
0
0
0
0
0
0
0
0
0
0
0
0
0
0.0275012
0
0
0
0
0
0
0
0
0
0
0
0
0
0
0
0
0
0
0
0
0
0
0
0
0
0
0
0
0
0
0
0
0
0
0
0
0
0
0
0
0
0
0
0
0
0
0
0
0
0
0
0
0
0
0
0
0
0
0
0
0
0
0
0
0
0
0
0
0
0
0
0
0
0
0
0
0
0
0
0
0
0.0378723
0.0378723
0.0378723
0.0378723
0
0
0
0
0
0.027545
0.027545
0.027545
0.027545
0.027545
0.027545
0.027545
0.027545
0.027545
0.027545
0.027545
0.027545
0.027545
0.027545
0.027545
0.027545
0.027545
0.027545
0.027545
0.027568
0.0298727
0.0298727
0
0
0.0298727
0
0
0
0
0
0
0
0
0
0
0
0
0
0
0
0
0
0
0
0
0
0
0.027568
0.027568
0.027589
0.027589
0.027568
0.027568
0.027568
0.027568
0
0
0
0
0
0.027568
0
0.027568
0.027568
0.027589
0.027589
0.0301621
0
0
0
0
0
0
0
0
0
0
0
0
0
0
0
0
0
0
0
0
0
0
0
0
0
0
0
0
0
0
0
0
0
0
0
0
0
0
0
0
0
0
0
0.0302614
0.0302614
0.0302614
0
0
0
0
0
0
0
0.0302614
0.0302614
0.0302614
0
0
0
0
0.0302614
0.0302614
0.0302614
0.0302614
0.0328195
0
0.0302614
0.0302614
0.0302614
0
0
0
0
0
0.0302614
0.0302614
0.0302614
0
0
0.0302614
0.0302614
0.0302614
0
0
0
0
0
0
0
0
0
0
0
0
0
0
0
0
0
0
0
0
0
0
0
0
0
0
0
0
0
0.0276903
0.0276797
0
0.0276903
0
0.0276903
0.0276903
0
0
0
0
0
0
0
0
0
0
0
0
0
0
0
0
0
0
0
0
0
0
0
0
0
0
0
0
0
0
0
0
0
0
0
0
0
0
0
0
0
0
0
0
0
0
0
0
0
0
0
0
0
0
0
0
0
0
0
0
0
0
0
0
0
0
0
0
0
0
0
0
0
0
0
0
0
0
0
0
0
0
0
0
0
0
0
0
0
0
0
0
0
0
0
0
0
0
0
0
0
0
0
0
0
0
0
0
0
0
0
0
0
0
0
0
0
0
0
0
0
0
0
0
0
0
0
0
0
0
0
0
0
0
0
0
0
0
0
0
0
0
0
0
0
0
0
0
0
0
0
0
0
0
0
0
0.027568
0.027568
0
0
0
0
0.0298727
0.0301621
0
0
0
0
0
0
0
0
0
0
0
0
0
0
0
0
0
0
0
0
0
0
0.0302614
0
0
0
0
0
0
0.0276903
0
0
0
0
0
0.027568
0
0
0
0
0
0
0
0
0
0
0
0
0
0
0
0
0.027568
0.027568
0.027568
0.027568
0.027568
0.027568
0.027568
0.027568
0.027568
0.027568
0.027568
0.027568
0.027568
0
0
0.0293055
0.0293055
0
0
0
0.027568
0.027568
0.027568
0.027568
0.027568
0.027568
0.027568
0.027568
0.027568
0.027568
0.0378506
0.0378506
0
0.0378506
0
0.0378506
0.027568
0.027568
0.027568
0.027568
0
0
0.027568
0
0
0
0
0.027568
0
0
0
0
0
0
0
0
0
0
0
0
0
0
0
0.0378723
0
0
0.0378723
0
0
0
0
0.027568
0.027568
0.0378723
0.0378723
0.0378723
0.0378723
0.0378723
0.0378723
0.0378723
0.027568
0.0378723
0
0
0
0
0
0
0
0
0
0
0
0
0
0
0
0
0
0
0.0378723
0
0
0.027568
0.027568
0.027568
0.0379704
0.0379704
0.027568
0.027568
0.0379704
0
0.0379704
0
0
0
0
0
0
0
0
0
0
0
0
0
0
0
0
0.027568
0.027568
0.027568
0.027568
0.027568
0.027568
0.027568
0.0378723
0.0378723
0.0378723
0.0378723
0.0378723
0.0378723
0.0378723
0.0378723
0.0378723
0.027568
0
0.027568
0.027568
0.027568
0.027568
0.0409685
0.027568
0.0278078
0
0
0
0
0
0
0
0
0
0
0
0
0
0
0
0
0
0
0
0
0
0
0
0
0
0
0
0
0
0
0
0
0
0
0
0
0
0
0
0
0
0
0
0
0
0
0
0
0
0
0
0
0
0
0
0
0
0
0
0
0
0
0
0
0
0
0
0
0
0
0
0
0
0
0
0
0
0
0.0298727
0
0
0
0
0
0
0
0
0.027568
0
0
0
0
0.0276776
0
0.027568
0.0378723
0.0378723
0.0378723
0.0378723
0.0378723
0.0378723
0.0378723
0.0378723
0.0378723
0.0378723
0.0378723
0.0378723
0.0378723
0.0378723
0.0378723
0.0378723
0.0378723
0.0378723
0.0378723
0.0378723
0.0378723
0.042851
0
0
0
0.0378723
0.0378723
0.0378723
0.0378723
0.0378723
0
0
0
0
0
0.0382864
0
0.0378723
0.0378831
0.0378831
0.0378831
0.0378831
0.0378831
0.0378831
0.0378831
0
0.0378831
0.0378831
0
0
0
0
0
0
0
0
0
0
0
0
0
0
0
0
0
0
0
0
0
0
0
0
0
0
0
0
0
0
0
0
0
0
0
0
0.15891
0
0
0
0.15891
0.15891
0
0
0
0
0
0
0
0
0
0
0
0
0
0
0
0
0
0
0
0
0
0
0
0
0
0
0
0
0
0
0
0
0
0
0
0
0
0
0
0
0
0
0
0
0
0
0
0
0
0
0
0
0
0.114109
0.114109
0.114109
0.114109
0.114109
0.114109
0.120561
0.120561
0.114109
0.114109
0.114109
0.114109
0.114109
0.114109
0.114109
0.129969
0
0
0
0.114109
0.114109
0.120561
0
0
0
0.114109
0
0.114109
0.114109
0
0
0
0
0
0
0
0
0
0
0
0
0
0
0
0
0
0
0
0
0
0
0
0
0
0
0
0
0
0
0
0
0
0
0
0
0
0
0
0
0
0
0
0
0
0
0
0
0
0
0
0
0
0
0
0
0
0
0
0
0
0
0
0
0
0
0
0
0
0
0
0
0
0
0
0
0
0
0
0
0
0
0
0
0
0
0
0
0
0
0
0
0
0
0
0
0
0
0
0
0
0
0
0
0
0
0
0
0
0
0
0
0
0
0
0
0
0
0
0
0
0
0
0
0
0
0
0
0
0
0
0
0
0
0
0
0
0
0
0
0
0
0
0
0
0
0
0
0
0
0
0
0
0
0
0
0
0
0
0
0
0
0
0
0
0
0
0
0
0
0
0
0
0
0
0
0
0
0
0
0
0
0
0
0
0
0
0
0
0
0
0
0
0
0
0
0
0
0
0
0
0
0
0
0
0
0
0
0
0
0
0
0
0
0
0
0
0.0378723
0
0.0378723
0.0378723
0
0
0
0
0.0448923
0
0.0448923
0.0448923
0.0452308
0.045417
0.045417
0
0
0
0
0.0378723
0.129969
0.340997
0
0
0
0.129969
0.0378723
0
0
0
0
0
0
0
0
0
0
0
0
0
0
0
0
0
0
0
0
0
0
0
0
0
0
0
0
0
0
0
0
0
0
0
0
0
0
0
0
0.114109
0
0
0
0
0
0
0
0
0
0.0434783
0.0434783
0.114109
0
0.0434783
0.0434783
0.0434783
0.0434783
0.0434783
0
0
0
0
0
0
0
0
0
0
0
0
0
0
0
0
0
0
0
0
0.0428589
0
0
0
0
0
0
0
0
0
0
0
0
0
0
0
0
0
0
0
0
0
0
0
0
0
0
0
0
0
0
0
0
0
0
0
0
0
0
0
0
0
0
0
0
0
0
0
0
0
0
0
0
0
0
0
0
0
0
0
0
0
0
0
0
0
0
0
0
0
0
0
0
0
0
0
0
0
0
0
0
0
0
0
0
0
0
0
0
0
0
0
0
0
0
0
0
0
0
0
0
0
0
0
0
0
0
0
0
0
0
0
0
0
0
0
0
0
0
0
0
0
0
0
0
0
0
0
0.114109
0
0
0
0
0
0
0
0
0.114109
0
0
0
0
0
0
0
0
0
0
0
0
0
0
0
0
0
0
0
0
0
0
0
0
0
0
0
0
0
0
0
0
0
0
0
0
0
0
0
0
0
0
0
0
0
0
0
0
0
0
0
0
0
0
0
0
0
0
0
0
0
0.043089
0
0.043089
0.043089
0.043089
0.043089
0
0
0
0
0.043089
0.043089
0
0
0
0
0
0
0
0
0
0.043089
0
0
0
0
0
0
0
0
0
0
0
0
0
0
0
0
0
0
0
0
0
0
0
0
0
0
0
0
0
0
0
0
0
0
0
0
0
0
0
0
0
0
0
0
0
0
0
0
0
0
0
0
0
0
0
0
0
0
0
0
0
0
0
0
0
0
0
0
0
0
0
0
0
0
0
0
0
0
0
0
0
0
0
0
0
0
0
0
0
0
0
0
0
0
0
0
0
0
0
0
0
0
0
0
0
0
0
0
0
0
0
0
0
0
0
0
0
0
0
0
0
0
0
0
0
0
0
0
0
0
0
0
0
0
0
0
0
0
0
0
0
0
0
0
0
0
0
0
0
0
0
0
0
0
0
0
0
0
0
0
0
0
0
0
0
0
0
0
0
0
0
0
0
0
0
0
0
0
0
0.0465242
0
0
0.0429537
0.0429537
0.0429537
0.0378723
0.0378723
0.0378723
0
0
0
0.0386161
0.0381857
0.0381857
0.0381857
0.0447841
0.0447841
0
0
0.0378723
0.0378723
0
0
0.0378723
0.0378723
0.0378723
0.0378723
0.0378723
0.0378723
0.0378723
0
0
0
0.0378723
0.0378723
0
0.0378723
0.0378723
0
0
0
0
0
0
0
0
0
0
0.027545
0.027545
0.027545
0.027545
0.027545
0.027545
0.027545
0.027545
0.027545
0.027545
0.027545
0.027545
0.027545
0.027545
0.027545
0.027545
0.027545
0.027545
0.027545
0.027545
0.027545
0.027545
0.027545
0.027545
0.027545
0.027545
0.027545
0.027545
0.027545
0.027545
0.027545
0.027545
0.027545
0.027545
0.027545
0.027545
0.027545
0.027545
0.027545
0.027545
0.027545
0.027545
0.027545
0.027545
0.027545
0.027545
0.027545
0.027545
0.027545
0.027545
0.027545
0.027568
0.129969
0.129969
0.129969
0.129969
0.129969
0
0
0
0
0.0378723
0.0378723
0.0378723
0.0378723
0.0378723
0.0378723
0.0378723
0.0378723
0.0378723
0.0378723
0.0378723
0.0378723
0.0378723
0.0378723
0.0378723
0.0378723
0.0378723
0.0378723
0.0378723
0.0378723
0.0378723
0
0.0378723
0.0447661
0.0378723
0.0378723
0.0378723
0.0378831
0.0378831
0.0378831
0.0378831
0.0378831
0.0378831
0.0378831
0.0378723
0.0378723
0.0450469
0
0
0
0
0.043089
0.043089
0
0
0
0
0
0
0
0
0
0
0
0
0
0
0
0
0
0
0.0427491
0.0427491
0.0427491
0.0427491
0
0
0
0
0.0428904
0.0428904
0.0428904
0
0
0
0
0
0.0428904
0.0429378
0.0428904
0.0428904
0.0428904
0.0428904
0.0428904
0
0
0
0
0
0
0
0
0
0
0
0.0378831
0.0378831
0.0378831
0
0.0378723
0.0378723
0.0378723
0.0378723
0
0
0
0.0378723
0.0378723
0.0378723
0.0378723
0.0378723
0.0378723
0.0378723
0.0378723
0.0378723
0.0378723
0.0378723
0.0448381
0.0448381
0.0378831
0.0378886
0.0378831
0.0427491
0.0431452
0.0428117
0.0378723
0.0378723
0
0
0
0
0
0
0
0.0378723
0.0378723
0.0378723
0.0378723
0.0378723
0.0378723
0.0378723
0
0
0
0
0.0378723
0.0378723
0.0378723
0.0447661
0
0
0.0447661
0.0447661
0.0447661
0.0378723
0.0378723
0.0447661
0.0447661
0
0
0
0
0
0.0378723
0.0378723
0.0378723
0.0378723
0
0
0
0
0
0.0381357
0
0
0
0
0.0381357
0.0381357
0.0381357
0.0381357
0
0
0
0
0
0
0
0.0381357
0
0.0381357
0.0448381
0.0448381
0.0448381
0.0378723
0.0378723
0.0378723
0.0378723
0.0378723
0.0378723
0.0378723
0.0378723
0.0378723
0.0378723
0.0378723
0.0378723
0.0378723
0.0378723
0.0378723
0.0378723
0.0378723
0.0378723
0.0378723
0.0378723
0.0378723
0.0378723
0.0378723
0.0378723
0.0378723
0
0.027545
0.027545
0.027545
0
0
0.027545
0.027545
0.0275471
0
0
0.027545
0
0
0.027545
0
0.027545
0.027545
0.027545
0.027545
0.027545
0.027545
0.027545
0.027545
0.027545
0.027545
0.027545
0.027545
0.027545
0.027545
0.027545
0.027545
0.027545
0.027545
0.027545
0.027545
0.027545
0.027545
0.027545
0.027545
0.027545
0.027545
0.027568
0.027568
0
0
0.027545
0.027545
0.027568
0.027568
0.027545
0.027545
0.027545
0.027545
0.027545
0.0378723
0
0
0
0
0
0
0
0
0.0273118
0.0273118
0.0273118
0
0
0.310087
0.310087
0
0
0
0
0.0273383
0.0273383
0
0
0
0
0
0
0
0
0
0
0
0
0
0
0
0
0
0
0
0
0
0
0
