0
0
0
0
0
0
0.124244
0.124244
0.124244
0.124244
0
0
0
0
0
0
0
0
0
0
0
0
0
0
0
0
0
0
0
0
0
0
0
0
0
0
0
0
0
0
0
0
0
0
0
0
0
0
0
0
0
0
0
0
0
0
0
0
0
0
0
0
0
0
0
0
0
0
0
0
0
0
0
0
0
0
0
0
0
0
0
0
0
0
0
0
0
0
0
0
0
0
0
0
0
0
0
0
0
0
0
0
0
0
0
0
0
0
0
0
0
0
0
0
0
0
0
0
0
0
0
0
0
0
0
0
0
0
0
0
0
0
0
0
0
0
0
0
0
0
0
0
0
0
0
0
0
0
0
0
0
0
0
0
0
0
0
0
0
0
0
0
0
0
0
0
0
0
0.148522
0.148522
0.148522
0.148522
0.148522
0.148522
0.148522
0
0
0
0
0.148522
0.148522
0.148522
0.148522
0.148522
0.148522
0
0
0
0
0.148522
0.148522
0.148522
0.148522
0.148522
0.148522
0.148522
0.148522
0.148522
0.148522
0.148522
0.148522
0
0.148522
0.148522
0.148522
0.148522
0.148522
0.148522
0.148522
0
0
0
0
0
0
0
0
0
0
0
0
0
0
0
0
0
0
0
0
0
0
0
0
0
0
0
0
0
0
0
0.150471
0.151911
0.151911
0.151911
0.159364
0.134595
0.134595
0.134595
0.136083
0.0912871
0.136083
0.136692
0.0721688
0
0
0
0
0
0
0
0
0
0.0721688
0.0721688
0
0.148522
0.148522
0.148522
0.148522
0.148522
0.148522
0.148522
0.148522
0.136558
0.136558
0.136558
0.175075
0.175075
0.0912871
0.0912871
0.0912871
0.0912871
0.0912871
0.0912871
0.0912871
0.148522
0.148522
0.148522
0.148522
0.148522
0.148522
0.148522
0.148522
0.150471
0.150471
0.150471
0.150471
0.149071
0.149071
0.149071
0.157135
0.157135
0.157135
0.157135
0.157135
0.173097
0.157135
0.254
0.157135
0
0.157135
0.157135
0
0
0
0.157135
0.137795
0.157135
0
0.157135
0.150471
0.150471
0.150471
0
0.0771517
0.0771517
0
0.150471
0.150471
0.148522
0
0
0
0
0
0.148522
0.124515
0.124515
0.124515
0.124515
0.124515
0.130954
0.130954
0.130954
0.130954
0.130954
0.130954
0.130954
0.130954
0.130954
0.130954
0.121854
0.121854
0.121854
0.121854
0.121854
0.121854
0.121854
0.121854
0.121854
0.121854
0.121854
0.121854
0.121854
0.121854
0.121854
0
0
0
0
0
0
0
0
0
0
0
0
0
0
0
0
0
0
0
0
0
0
0
0
0
0
0
0
0
0
0
0
0
0
0
0
0
0
0
0
0
0
0
0
0
0
0
0
0
0
0
0
0
0
0
0
0
0
0
0
0
0
0
0
0
0
0
0
0
0
0
0
0
0
0
0
0
0
0
0.166667
0
0
0
0
0
0.166667
0
0
0.0990148
0.113228
0
0
0
0
0.175863
0.166667
0.166667
0
0
0
0
0
0
0.135775
0
0.0368105
0.124515
0
0
0.124515
0
0
0.133668
0.124515
0.125429
0.124515
0.113592
0.127688
0.119381
0.119381
0.0277778
0.0277778
0
0.119381
0.108253
0.108253
0.108253
0.108253
0.108253
0
0
0
0
0
0
0
0
0.0346272
0.0346272
0
0.0346272
0.0298541
0.0298541
0.0298541
0.0298541
0.0298541
0.0298541
0
0.0298541
0.124515
0.124515
0.124515
0.124515
0.124515
0.124515
0.124515
0.124515
0.124515
0.124515
0
0
0
0
0
0
0
0
0
0
0
0.039841
0.039841
0.039841
0.039841
0
0
0
0
0.065372
0.065372
0.065372
0.0392837
0.0392837
0.0392837
0.0355335
0.0355335
0.0355335
0.0355335
0.0355335
0.0355335
0.0368105
0.0368105
0.0368105
0.0368105
0
0.0368105
0
0
0
0
0.0355335
0.116248
0.116248
0.130558
0.124354
0.116248
0.117988
0.116248
0.116248
0.116248
0.121716
0.121716
0.121716
0.121716
0.121716
0.121716
0.134433
0.109847
0.109847
0.121716
0.12356
0.121716
0.121716
0.121716
0
0
0
0
0
0
0
0
0
0
0
0
0
0.124515
0.124515
0.124515
0.124515
0.124605
0.124605
0.124605
0.124515
0.124515
0.124605
0.124515
0.124515
0.124515
0.124515
0.124605
0.124515
0.124515
0.124605
0.124515
0.124515
0.124515
0.124515
0.124515
0.100673
0.0992583
0.0992583
0.0992583
0.106099
0
0
0
0
0.124515
0.124515
0.124515
0.124515
0.124515
0.124515
0.124515
0.124515
0.124515
0.124515
0.124515
0.124515
0.166667
0.166667
0.166667
0.166667
0.166667
0.166667
0.166667
0.166667
0.166667
0
0
0
0
0
0
0
0
0
0
0
0
0.166667
0.166282
0.166282
0.166282
0.166282
0.166282
0.166282
0.166282
0.166282
0.167054
0.167054
0
0.167054
0.166282
0.0953463
0.0953463
0.166282
0.166667
0.166667
0.166667
0.166667
0.166282
0.166667
0.166667
0.166667
0.166667
0.166667
0.166667
0.166667
0.166667
0.166667
0.166667
0.166667
0.166282
0.166667
0
0
0
0
0.166282
0.166667
0.166667
0.166667
0.166667
0
0
0.166667
0.166667
0.166667
0.166667
0.166667
0.166667
0.166667
0.166667
0.166667
0.166667
0.166667
0.124515
0.124515
0
0
0.124515
0.124515
0.124515
0.124515
0.124515
0.124515
0
0
0
0
0
0.124605
0.124515
0
0
0
0
0
0
0
0
0.124515
0.124515
0.124515
0.124515
0.124515
0.124605
0.124605
0
0
0
0
0
0
0
0.124515
0.0625815
0.124515
0
0.124515
0.124605
0.124605
0.124605
0.124515
0.124515
0.125895
0.151947
0.158052
0.156055
0
0
0.124515
0
0
0
0
0
0.0257684
0.135032
0.111571
0.124605
0.124605
0.124605
0.124605
0.142134
0.142134
0.142134
0
0.105605
0.105605
1
0
0.105605
1
0.105605
0.105605
0.105605
0.105605
0
0.105605
0.105605
1
0.0176832
0.0176832
0
0
0
0
0
0
0
0
0
0
0.147979
0
0
0.105507
0.166282
0.105507
0
0.105507
0
0
0
0
0
0.0939336
0
0
0
0
0.0939336
0.0939336
0.0939336
0
0.0939336
0.132068
0
0.105507
0.149071
0.149071
0.152795
0.165521
0.152795
0.105507
0.115342
0.115987
0.115987
0.0290129
0.0291606
0.0291606
0
0.0291606
0
0
0
0
0
0
0
0
0
0
0
0
0.12666
0.12666
0.12666
0.193649
0.193649
0.193649
0.193649
0
0
0
0
0
0
0
0
0
0
0
0
0
0
0
0
0
0
0
0
0
0
0
0
0.130931
0.130931
0.130931
0.130931
0.130931
0.130931
0
0
0.130931
0.131306
0.131306
0.136293
0.136293
0.136293
0.138013
0.136293
0.136293
0.136293
0.131306
0.117715
0.117851
0.117715
0.122018
0.122018
0.117715
0.138233
0.138233
0.138233
0.1398
0.138233
0.0296957
0.0296957
0.0296957
0.0296957
0.0296957
0
0
0
0
0
0
0
0
0
0
0
0
0
0
0
0
0
0.136083
0.120096
0.120096
0.124605
0.124515
0.106399
0.106399
0
0
0.140257
0.120241
0.120241
0
0.120241
0.120241
0
0.124515
0.124515
0
0
0
0
0
0
0
0
0
0
0
0.150188
0.150188
0.150188
0
0
0.119523
0.0389249
0.119523
0.119523
0
0
0
0.119523
0
0
0
0.118958
0
0.0990957
0
0.124605
0
0.127032
0
0.127613
0.112367
0.110096
0
0
0
0
0
0.0518476
0.0571662
0.0969762
0
0.188562
0.124605
0
0.140807
0.126936
0.116117
0
0
0
0
0.103418
0
0.125153
0
0.127862
0
0
0.0647524
0.124605
0.116117
0.102151
0
0.164957
0.124515
0
0.0911959
0.103234
0
0.127862
0
0
0.109265
0
0.097205
0
0
0
0.124244
0.124244
0.124244
0.124244
0.124244
0.103418
0.103418
0.103418
0
0
0
0
0
0.108042
0
0
0
0
0.108042
0.108042
0.108042
0
0
0
0
0
0.153998
0.153998
0.153998
0.153998
0.153998
0.153998
0.108042
0.108042
0.108042
0.108042
0.108042
0.108042
0.108042
0.108042
0.108042
0.108042
0.108042
0.108042
0
0
0.0371135
0.0371135
0.109654
0.109654
0
0
0
0
0
0
0
0
0
0
0.0771517
0.0771517
0.0595491
0.0595491
0.0940554
0.0940554
0.162578
0.162578
0
0
0
0
0
0
0
0
0
0
0
0
0
0
0.108042
0
0
0.0448111
0.0448111
0.0793052
0.0793052
0.0651866
0.0651866
0
0
0.0560772
0.0560772
0.0711868
0.0711868
0.109001
0.109001
0.19803
0.19803
0.0470621
0.0470621
0
0
0
0
0
0
0.13226
0.13226
0.0601929
0.0601929
0.0670151
0.0670151
0
0
0.108465
0.108465
0.13383
0.108465
0
0
0
0
0
0.108042
0
0.108042
0.108042
0.108042
0
0.108042
0.108042
0.108042
0
0.108042
0
0
0
0
0
0
0
0
0
0.108042
0.108042
0
0.108042
0.108042
0
0.108042
0.108042
0.108042
0.108042
0.108042
0.0670151
0.0670151
0.0670151
0.0670151
0.109654
0.109654
0.109654
0.109654
0.109654
0.109654
0.0670151
0.0670151
0.0670151
0.0670151
0.0670151
0.0670151
0.108465
0.108465
0.124838
0.108465
0.13226
0.13226
0.13226
0.13226
0.13226
0.0601929
0.0601929
0.0601929
0.0601929
0.0601929
0.0595491
0.0595491
0.0595491
0.0595491
0.0595491
0.0595491
0.0595491
0.0642824
0.0595491
0
0
0
0
0
0
0
0
0
0
0
0
0
0
0
0
0
0
0
0
0
0
0
0
0
0
0
0
0
0
0
0
0
0
0
0
0
0.0771517
0.0771517
0.0771517
0.0771517
0.0771517
0.0771517
0
0.0771517
0.0940554
0.0940554
0.0940554
0.0940554
0.162578
0.162578
0.162578
0.1659
0.162578
0
0
0
0
0
0
0
0
0
0
0
0
0
0
0
0
0
0
0
0
0
0
0
0
0
0
0
0
0
0
0
0
0
0
0
0
0
0
0
0
0
0
0
0
0
0
0
0
0
0
0
0
0
0
0
0
0
0
0
0
0
0
0
0
0
0
0
0
0
0.0651866
0.0651866
0.0651866
0.0651866
0.0650027
0.0650027
0.0650027
0
0
0.0470621
0.0470621
0.0470621
0.0470621
0.0470621
0.0470621
0.0470621
0
0
0
0
0
0
0.0560772
0.0560772
0.0560772
0.0560772
0
0
0.0560772
0.0711868
0.0711868
0.0711868
0.0711868
0
0
0.0711868
0
0
0
0
0
0
0
0
0
0
0
0
0
0
0
0
0
0
0
0
0
0
0
0
0
0
0
0
0
0
0
0
0
0
0
0
0
0
0
0
0
0
0
0
0
0
0
0
0
0
0
0.0448111
0.0448111
0.0448111
0.111803
0.111803
0.111803
0.111803
0
0
0
0
0
0
0
0
0.108042
0
0.108042
0.108042
0.108042
0.108042
0.108148
0.0938564
0.108148
0.108042
0
0.108042
0.108253
0.108253
0.108253
0.0637577
0.0733236
0
0.108253
0
0.108253
0.112037
0.112037
0.112037
0.0622573
0.112037
0
0.112037
0
0
0
0
0
0
0
0
0
0
0
0
0
0
0.120241
0.120241
0.120241
0.120241
0.120241
0.120241
0.120241
0.120241
0.120241
0.124244
0.124244
0.120241
0
0
0
0
0
0.120241
0.120241
0.120241
0.120241
0
0
0
0
0
0
0
0
0
0
0
0
0
0
0
0.120241
0.120241
0
0.120241
0
0
0
0
0
0
0
0
0
0
0
0
0
0
0
0
0
0
0
0
0
0
0.120241
0
0.120241
0.120241
0.137795
0
0
0
0
0
0.120241
0.120241
0.120241
0.120241
0
0.120241
0.120241
0
0.120241
0.120241
0.120241
0.120241
0.120241
0
0.120241
0.120241
0
0
0
0
0.120241
0
0
0
0
0
0
0
0
0
0
0
0.120241
0
0
0.120241
0.141421
0.120241
0.120241
0.120241
0
0
0
0
0
0
0.120241
0
0.120241
0
0.120241
0
0.120241
0.120241
0.120241
0
0.120241
0
0.120241
0
0.120241
0
0.120241
0
0
0.120241
0
0
0
0
0
0
0
0
0
0
0
0
0
0.120241
0
0
0
0
0
0
0
0
0
0
0
0
0
0
0
0
0
0
0
0
0
0
0
0
0
0
0
0
0
0
0
0
0
0
0
0
0
0
0
0
0
0
0
0
0
0
0
0
0
0
0
0
0
0
0
0
0
0
0
0
0
0
0
0
0
0
0
0
0
0
0
0
0
0
0
0
0
0
0
0
0
0
0
0
0
0
0
0
0
0
0
0
0
0
0
0
0
0
0
0
0
0
0
0
0
0
0
0
0
0
0
0
0
0
0
0
0
0.120241
0.120241
0
0.120241
0
0.120241
0
0.120241
0
0
0
0
0
0
0.120241
0.120241
0.120241
0.120241
0.120241
0.120241
0.120241
0.120241
0.120241
0.120241
0.120241
0
0.120241
0
0.120241
0
0.120241
0.120241
0.120241
0
0
0
0
0
0
0
0
0
0
0
0
0
0
0
0
0
0.120241
0
0
0
0
0
0
0
0
0
0
0
0
0
0
0
0
0.124244
0.124244
0.124244
0.124244
0.124244
0.124244
0.124244
0.124244
0.124244
0
0
0
0
0
0
0
0
0
0
0
0
0
0
0
0
0
0
0
0
0
0
0
0
0
0
0
0
0
0
0
0
0
0
0
0
0
0
0
0
0
0
0
0
0
0
0
0
0
0
0
0
0
0
0
0
0
0
0
0
0
0
0
0
0
0
0
0
0
0
0
0
0
0
0
0
0
0
0
0
0
0
0
0
0
0
0
0
0
0
0
0
0
0
0
0
0
0
0
0
0
0
0
0
0
0
0
0
0
0
0
0
0
0
0
0
0
0
0
0
0
0
0
0
0
0
0
0
0
0.124244
0.124244
0.124244
0
0
0
0
0
0.117579
0.118401
0
0
0
0
0
0
0
0
0
0
0
0
0
0
0.150188
0
0
0
0
0
0
0
0
0
0
0
0
0
0
0
0
0
0
0.120241
0.120241
0.120241
0.120241
0.120241
0.120241
0.120241
0.120241
0.120241
0.120241
0.120241
0.120241
0.120241
0.120241
0.120241
0.120241
0.120241
0.120241
0.120241
0.120241
0
0
0
0
0.120241
0.120241
0.120241
0.120241
0.120241
0.120241
0.120241
0.120241
0.120241
0.120241
0.120241
0.120241
0.120241
0.120241
0.120241
0.120241
0.120241
0.120241
0.120241
0.120241
0.120241
0.120241
0.120241
0.120241
0.120241
0.120241
0.120241
0.120241
0.120241
0.120241
0.120241
0.120241
0.120241
0.120241
0.120241
0.120241
0.120241
0.120241
0.120241
0.120241
0.120241
0.120241
0.120241
0.120241
0.120241
0.120241
0.120241
0.120241
0.120241
0.120241
0.120241
0.120241
0.120241
0.120241
0.120241
0.120241
0.120241
0.120241
0.120241
0.120241
0.120241
0.120241
0.120241
0.120241
0.120241
0.120241
0.120241
0.120241
0.120241
0.120241
0.120241
0.120241
0.120241
0.120241
0.120241
0.120241
0.120241
0.120241
0.120241
0.120241
0.120241
0.120241
0.120241
0.120241
0.120241
0.120241
0.120241
0.120241
0.120241
0.120241
0.120241
0.120241
0.120241
0.120241
0.120241
0.120241
0.120241
0.120241
0.120241
0.120241
0.120241
0.120241
0.120241
0.120241
0.120241
0.120241
0.120241
0.120241
0.120241
0.120241
0.120241
0.120241
0.120241
0.120241
0.120241
0.120241
0.120241
0.120241
0.120241
0.120241
0.120241
0.120241
0.120241
0.120241
0.120241
0.120241
0.120241
0.120241
0.120241
0.120241
0.120241
0.120241
0.120241
0.120241
0.120241
0.120241
0.120241
0.120241
0.120241
0.120241
0.120241
0.120241
0.120241
0.120241
0.120241
0.120241
0.120241
0.120241
0.120241
0.120241
0.120241
0.120241
0.120241
0.120241
0.120241
0.120241
0.120241
0.120241
0.120241
0.120241
0.120241
0.120241
0.120241
0.120241
0.120241
0.120241
0.120241
0.120241
0.120241
0.120241
0
0
0.120241
0.120241
0.120241
0.120241
0.120241
0.120241
0.120241
0.120241
0.120241
0.120241
0.120241
0.120241
0.120241
0.120241
0.120241
0.120241
0.120241
0.120241
0.120241
0
0
0
0
0
0.120241
0
0
0
0
0
0
0
0
0
0
0
0
0
0
0
0
0
0
0
0
0
0
0
0
0
0
0
0
0
0
0
0
0
0
0
0
0
0
0
0
0
0
0
0
0
0
0
0
0
0
0
0
0
0
0
0
0
0
0
0
0
0
0
0
0
0
0
0
0
0
0
0
0
0.120241
0.120241
0.120241
0
0
0
0
0
0
0
0
0
0
0
0
0
0
0
0
0
0
0
0
0
0
0
0
0
0
0
0
0
0
0
0.120241
0.120241
0
0
0
0
0.14535
0
0.120241
0.120241
0.120241
0.120241
0
0
0
0
0
0.120241
0.120241
0
0
0
0.120241
0.120241
0
0
0
0
0
0
0
0.120241
0.120241
0.120241
0.120241
0.120241
0.120241
0.120241
0.120241
0.120241
0.120241
0.120241
0.120241
0.120241
0
0
0
0.120241
0.120241
0
0
0
0
0
0
0
0
0
0
0
0
0
0
0
0
0
0
0
0
0
0
0
0
0
0
0
0
0.120241
0.120241
0.120241
0
0
0
0
0
0
0
0
0
0
0
0
0
0
0
0
0
0
0
0
0
0
0
0
0
0
0
0
0
0
0
0
0
0
0
0
0
0
0
0
0
0
0
0
0
0
0
0
0
0
0
0
0
0
0
0
0
0
0
0
0
0
0
0
0
0
0
0
0
0
0
0
0
0
0
0
0
0
0
0
0
0
0
0
0
0
0
0
0
0
0
0
0
0
0
0
0
0
0
0
0
0
0
0
0
0
0
0
0
0
0
0
0
0
0.120241
0.120241
0.120241
0.120241
0.120241
0.120241
0.120241
0.120241
0.120241
0.120241
0.120241
0.120241
0.120241
0.120241
0.120241
0.120241
0.120241
0.120241
0.120241
0.120241
0.120241
0.120241
0.120241
0.120241
0.120241
0.120241
0.120241
0.120241
0.120241
0.120241
0.120241
0.120241
0.120241
0.120241
0.120241
0.120241
0.120241
0.120241
0.120241
0.120241
0.120241
0.120241
0.120241
0.120241
0.120241
0.120241
0.120241
0.120241
0.120241
0.120241
0.120241
0.120241
0.120241
0.120241
0.120241
0.120241
0.120241
0.124515
0
0
0.124515
0.124515
0.124515
0.124515
0.124515
0.124515
0.124515
0.124515
0.124515
0.124515
0.124515
0
0
0
0
0
0
0
0
0
0
0
0
0
0
0
0
0
0
0
0
0
0
0
0
0
0
0
0
0
0
0
0
0
0
0
0
0
0
0
0
0
0
0
0
0
0
0
0
0
0
0
0
0
0
0
0
0
0
0
0
0
0
0
0
0
0
0
0
0
0
0
0
0
0
0
0
0
0
0
0
0
0
0
0
0
0
0
0
0
0
0
0
0
0
0
0
0
0
0
0
0
0
0
0
0
0
0
0
0
0
0
0
0
0
0
0
0
0
0
0
0
0
0
0
0
0
0
0
0
0
0
0
0
0
0.117715
0.0692543
0
0
0.0347524
0.0347524
0.12666
0
0
0
0
0
0
0
0
0
0
0
0
0
0
0
0
0
0
0
0
0
0
0
0
0
0
0
0
0
0
0
0
0
0
0
0
0
0
0
0
0
0
0
0
0.0549373
0.0549373
0.0654654
0
0.0377426
0.0322749
0.222738
0.0293864
0.142812
0.141598
0.0881733
0
0
0
0
0
0
0
0
0
0.224309
0
0
0
0
0
0
0
0.0544331
0.0912871
0.0280386
0.0585875
0.0769991
0
0
0
0
0
0
0
0
0
0
0
0
0
0
0
0.171894
0.093352
0
0.177384
0.0710669
0.0671156
0
0.0671156
0
0.0671156
0
0.0671156
0.0671156
0
0.0721688
0.0445435
0.119952
0
0.119952
0.0771517
0.119952
0
0.119952
0.119952
0.135665
0.135665
0
0.135665
0.0389249
0
0.0389249
0
0.0389249
0.0440225
0
0.0389249
0
0
0
0
0
0
0.119952
0.159448
0.159448
0.129099
0.129099
0.14825
0.136293
0.121268
0.1398
0
0.142857
0.0710669
0.147442
0.147176
0
0
0
0
0
0.0319765
0.0319765
0.0303449
0
0.0615457
0.129099
0
0
0.0310385
0.0332228
0
0.0310385
0.106
0.106
0.106
0
0.106
0
0.141535
0
0
0
0
0
0
0
0
0
0.0855921
0
0.0262976
0.107521
0
0
0
0
0
0
0
0
0
0
0
0
0
0
0
0
0
0
0
0
0
0
0
0
0
0
0
0
0
0
0
0
0
0
0
0
0
0
0
0
0
0
0
0
0
0
0.134573
0.128586
0.134573
0
0
0
0
0
0
0
0
0
0
0
0
0
0.160514
0.16843
0.16843
0.135613
0.103142
0
0
0
0
0
0
0
0.1
0.0247083
0.189512
0.0306858
0
0.0306858
0
0
0
0
0.0306858
0.0306858
0
0.0306858
0.0550482
0.0306858
0.0310385
0.0985329
0.0545545
0.0985329
0
0
0
0
0
0
0
0
0
0
0
0
0
0
0
0
0
0
0
0.0985329
0.125061
0.125061
0.125061
0.125061
0.103695
0
0
0.139536
0.139536
0.139536
0.139536
0
0
0
0.139536
0
0
0
0
0
0
0
0
0
0.139536
0.139536
0
0
0
0
0
0
0
0
0
0
0
0.139536
0
0
0
0
0
0
0
0
0
0
0
0
0
0
0
0
0
0.164957
0.164957
0.0985329
0.103975
0.125153
0
0
0
0
0.132068
0.13226
0.13226
0.0527046
0.0527046
0.0527046
0.0527046
0.140028
0.135457
0.153093
0
0
0
0
0
0
0.101974
0
0.101974
0
0
0
0
0
0
0
0
0
0
0
0
0
0
0
0
0
0
0
0
0.103788
0
0
0
0
0
0
0
0.129099
0
0
0
0
0
0
0
0
0
0
0
0
0
0
0.0860663
0
0
0
0.142566
0
0
0
0
0
0
0
0
0
0
0
0
0
0
0.103788
0.0498755
0.0498755
0
0.0498755
0.156772
0.160321
0
0
0
0
0
0
0
0
0
0
0
0
0
0
0
0
0
0
0
0
0
0
0
0
0
0
0
0
0
0
0
0
0
0
0
0
0
0
0
0
0
0
0
0
0
0
0
0
0
0
0
0
0
0
0
0
0
0
0
0
0
0
0
0
0
0
0
0
0
0
0
0
0.106199
0.106199
0.106199
0.106199
0
0.106199
0
0
0
0
0
0
0
0
0
0
0
0
0
0
0
0
0
0
0
0
0
0
0
0
0
0.154919
0.154919
0.154919
0.154919
0.0418854
0.0418854
0.0440225
0.0440225
0.0440225
0.0418854
0.0418854
0.0302614
0.150471
0
0.0309492
0.154823
0
0.154823
0.02894
0.154823
0.164538
0
0.154997
0.0291606
0.0291606
0.033445
0.0291606
0.0291606
0.0293105
0.0291606
0.15133
0.15133
0.15133
0.15133
0.15133
0.032075
0.032075
0.0325818
0.032075
0.032075
0
0
0
0
0
0
0.167984
0.167984
0.113228
0.103051
0.046225
0.103051
0
0.103051
0.103051
0
0
0
0
0
0
0
0
0
0
0
0
0
0
0
0
0
0
0
0
0.124515
0.101187
0.124515
0
0
0
0
0
0
0.152499
0.152499
0
0.288675
0
0
0
0
0
0
0
0.0410305
0.0671156
0.159448
0.129099
0
0
0.038236
0.038236
0
0
0
0
0
0
0
0
0
0
0
0
0.162221
0.162221
0.154303
0.154303
0.11547
0.10224
0.10224
0.102329
0.102329
0
0.102329
0
0.102329
0
0.102329
0
0.102329
0.104542
0.108679
0.07698
0.119098
0
0.119098
0
0.118539
0
0
0
0
0
0
0
0
0
0
0
0
0
0
0
0
0
0
0
0
0
0
0
0
0
0
0
0
0
0
0
0
0
0
0
0
0
0
0
0
0
0
0
0
0
0
0
0
0
0
0
0
0
0
0
0
0
0
0
0
0
0
0
0
0
0
0
0
0
0
0
0
0
0
0
0
0
0
0
0
0
0.153998
0.153998
0.153998
0.153998
0.153998
0.153998
0.154303
0.153998
0.153998
0.153998
0.153998
0.153998
0.153998
0.153998
0.153998
0.153998
0.153998
0
0.153998
0
0.153998
0.153998
0.026688
0.026688
0.026688
0.124515
0.159554
0.0279727
0.0279727
0.156772
0.156772
0.156772
0.156772
0.156772
0.139347
0.139347
0.139347
0.139347
0.139347
0
0
0
0
0
0
0
0
0
0.124515
0
0.124515
0
0
0
0
0
0
0
0
0
0
0
0
0
0
0
0
0
0
0
0
0
0
0
0
0
0
0
0
0
0
0
0
0
0
0
0
0
0
0
0
0
0
0
0
0
0
0
0
0
0
0
0
0
0
0
0
0
0
0
0
0
0
0
0
0
0
0
0
0
0
0
0
0
0
0
0.102598
0.101885
0.102598
0.102598
0.102598
0.102598
0.102598
0.102598
0.102598
0.101885
0.101885
0.101885
0.101885
0.101885
0.101885
0.101885
0.101885
0
0
0
0.10224
0.101885
0
0
0
0
0
0
0
0
0
0
0
0
0.101885
0.101885
0.101885
0.101885
0.101885
0.101885
0
0
0
0
0
0
0.101974
0.101974
0.102151
0.118125
0.0863064
0.128565
0
0
0
0.101885
0.101885
0
0.101885
0
0.101885
0.112509
0
0
0
0
0
0
0.101885
0
0
0
0
0
0
0
0
0.100929
0.100929
0
0
0
0
0
0
0
0
0
0
0
0
0
0
0
0
0
0
0
0
0
0
0
0
0
0
0
0.124244
0.124244
0.124244
0.124244
0.124244
0.124244
0.124244
0.124244
0.124244
0.124244
0.124244
0.124244
0.124244
0.124244
0.124244
0.124244
0.124244
0.124244
0.124244
0.124244
0.124244
0.124244
0.124244
0.124244
0.124244
0.124244
0.124244
0.124244
0.124244
0.124244
0.124244
0.124244
0.124244
0.124244
0
0
0
0
0
0
0
0
0
0
0
0
0
0
0
0
0
0
0
0
0
0
0
0
0
0
0
0
0
0
0
0
0
0
0
0
0
0
0
0
0
0
0
0
0
0
0
0
0
0
0
0
0
0
0
0
0
0
0
0
0
0
0
0
0
0
0
0
0
0
0
0
0
0
0
0
0
0
0
0
0
0
0
0
0
0
0
0
0
0
0
0
0
0
0
0
0
0
0
0
0
0
0
0
0
0
0
0
0
0
0
0
0
0
0
0
0
0
0
0
0
0
0
0
0
0
0
0
0
0
0
0
0
0
0
0
0
0
0
0
0
0
0
0
0
0
0
0
0
0
0
0
0
0
0
0
0
0
0
0
0
0
0
0
0
0
0
0
0
0
0
0
0
0
0
0
0
0
0
0
0
0
0
0
0
0
0
0
0
0
0
0
0
0
0
0
0
0
0
0
0
0
0
0
0
0
0
0
0
0
0
0
0
0
0
0
0
0
0
0
0
0
0
0
0
0
0
0
0
0
0
0
0
0
0
0
0
0
0
0
0
0
0
0
0
0
0
0
0
0
0
0
0
0
0
0
0
0
0
0
0
0
0
0
0
0
0
0
0
0
0
0
0
0
0
0
0
0
0
0
0
0
0
0
0
0
0
0
0
0
0
0
0
0
0
0
0
0
0
0
0
0
0
0
0
0
0
0
0
0
0
0
0
0
0
0
0
0
0
0
0
0
0
0
0
0
0
0
0
0
0
0
0
0
0
0
0
0
0
0
0
0
0
0
0
0
0
0
0
0
0
0
0
0
0
0
0
0
0
0
0
0
0
0
0
0
0
0
0
0
0
0
0
0
0
0
0
0
0
0
0
0
0
0
0
0
0
0
0
0
0
0
0
0
0
0
0
0
0
0
0
0
0
0
0
0
0
0
0
0
0
0
0
0
0
0
0
0
0
0
0
0
0
0
0
0
0
0
0
0
0
0
0
0
0
0
0
0
0
0
0
0
0
0
0
0
0
0
0
0
0
0
0
0
0
0
0
0
0
0
0
0
0
0
0
0
0
0
0
0
0
0
0
0
0
0
0
0
0
0
0
0
0
0
0
0
0
0
0
0
0
0
0
0
0
0
0
0
0
0
0
0
0
0
0
0
0
0
0
0
0
0
0
0
0
0
0
0
0
0
0
0
0
0
0
0
0
0
0
0
0
0
0
0
0
0
0
0
0
0
0
0
0
0
0
0
0
0
0
0
0
0
0
0
0
0
0
0
0
0
0
0
0
0
0
0
0
0
0
0
0
0
0
0
0
0
0
0
0
0
0
0
0
0
0
0
0
0
0
0
0
0
0
0
0
0
0
0
0
0
0
0
0
0
0
0
0
0
0
0
0
0
0
0
0
0
0
0
0
0
0
0
0
0
0
0
0
0
0
0
0
0
0
0
0
0
0
0
0
0
0
0
0
0
0
0
0
0
0
0
0
0
0
0
0
0
0
0
0
0
0
0
0
0
0
0.124244
0.124244
0.124244
0.124244
0
0
0
0.124244
0.124244
0.124244
0.124244
0.124244
0.124244
0.124244
0.124244
0.124244
0.124244
0.124244
0.124244
0.124244
0.124244
0.124244
0.124244
0.124244
0.124244
0.124244
0.124244
0.124244
0.124244
0.124244
0.124244
0.124244
0.124244
0.124244
0.124244
0.124244
0.124244
0.124244
0.124244
0.124244
0.124244
0.124244
0.124244
0.124244
0.124244
0.124244
0.124244
0.124244
0.124244
0.124244
0.124244
0.124244
0.124244
0.124244
0.124244
0.124244
0.124244
0.124244
0.124244
0.124244
0.124244
0.124244
0.124244
0.124244
0.124244
0.124244
0.124244
0.124244
0.124244
0.124244
0.124244
0.124244
0.124244
0.124244
0.124244
0.124244
0.124244
0.124244
0.124244
0.124244
0.124244
0.124244
0.124244
0.124244
0.124244
0.124244
0.124244
0.124244
0.124244
0.124244
0.124244
0.124244
0.124244
0.124244
0.124244
0.124244
0.124244
0.124244
0.124244
0.124244
0.124244
0.124244
0.124244
0.124244
0.124244
0.124244
0.124244
0.124244
0.124244
0.124244
0.124244
0.124244
0.124244
0.124244
0.124244
0.124244
0.124244
0.124244
0.124244
0.124244
0.124244
0.124244
0.124244
0.124244
0.124244
0.124244
0.124244
0.124244
0.124244
0.124244
0.124244
0.124244
0.124244
0.124244
0.124244
0.124244
0.124244
0.124244
0.124244
0.124244
0.124244
0.124244
0.124244
0.124244
0.124244
0.124244
0.124244
0.124244
0.124244
0.124244
0.124244
0.124244
0.124244
0.124244
0.124244
0.124244
0.124244
0.124244
0
0
0
0
0
0
0
0
0
0
0
0
0
0
0
0
0
0
0
0
0
0
0
0
0
0
0
0
0
0
0
0
0
0
0
0
0
0
0
0
0
0
0
0
0
0
0
0
0
0
0
0
0
0
0
0
0
0
0
0
0
0
0
0
0
0
0
0
0
0
0
0
0
0
0
0
0
0
0
0
0
0
0
0
0
0
0
0
0
0
0
0
0
0
0
0
0
0
0
0
0.124424
0.039148
0.124244
0.124244
0.124424
0
0
0
0
0.124244
0.124244
0
0
0
0
0
0
0
0
0
0
0
0
0
0
0
0
0
0
0
0
0
0
0
0
0
0
0
0
0
0
0
0
0
0
0
0
0
0
0
0
0
0
0
0
0
0
0
0
0
0
0
0
0
0
0
0
0
0
0
0
0
0
0
0
0
0
0
0
0
0
0
0
0
0
0
0.124424
0
0
0
0
0
0
0
0
0
0
0
0
0
0
0
0.100419
0.100419
0.102329
0
0
0
0
0
0
0
0
0
0
0
0
0
0
0
0
0
0
0.100673
0
0
0.103788
0
0
0
0.127688
0.127688
0.127688
0.124424
0.103788
0
0
0.108253
0.108253
0
0
0
0
0
0
0
0
0
0
0
0
0
0
0
0
0
0
0
0
0
0
0
0
0
0
0
0
0
0
0
0
0
0
0
0
0
0
0
0
0
0
0
0
0
0
0
0
0
0
0
0
0
0
0
0
0
0
0
0
0
0
0
0
0
0
0
0
0
0
0
0
0
0
0
0
0
0
0
0
0
0
0
0
0
0
0
0
0
0
0
0
0
0
0
0
0
0
0
0
0
0
0
0
0
0
0
0
0
0
0
0
0
0
0
0
0
0
0
0
0
0
0
0
0
0
0
0
0
0
0
0
0
0
0
0
0
0
0
0
0
0
0
0
0
0
0
0
0
0
0
0
0
0
0
0
0
0
0
0
0
0
0
0
0
0
0
0
0
0
0
0
0
0
0
0
0
0
0
0
0
0
0
0
0
0
0
0
0
0
0
0
0
0
0
0
0
0
0
0
0
0
0
0
0
0
0
0
0
0
0
0
0
0
0
0
0
0
0
0
0
0
0
0
0
0
0
0
0
0
0
0
0
0
0
0
0
0
0
0
0
0
0
0
0
0
0
0
0
0
0
0
0
0
0
0
0
0
0
0
0
0
0.124244
0.124244
0.124244
0.124244
0.124244
0.124244
0.124244
0.124244
0
0
0
0
0
0
0
0
0
0
0
0
0
0
0
0
0
0
0
0
0
0
0
0
0
0
0
0
0
0
0
0
0
0
0
0
0
0
0
0
0
0
0
0
0
0
0
0
0
0
0
0
0
0
0
0
0
0
0
0
0
0
0
0
0
0
0
0
0
0
0
0
0
0
0
0
0
0
0
0
0
0
0
0
0
0
0
0
0
0
0
0
0
0
0
0
0
0
0
0
0
0
0
0
0
0
0
0
0
0
0
0
0
0
0
0
0
0
0
0
0
0
0
0
0
0
0
0
0
0
0
0
0
0
0
0
0
0
0
0
0
0
0
0
0
0
0
0
0
0
0
0
0
0
0.103418
0.103418
0.103418
0.103418
0.103418
0.103418
0
0.103418
0.103418
0.103418
0.103418
0.103418
0.103788
0.103418
0.103418
0.103418
0.103418
0.103418
0.103788
0.103418
0.103418
0.103788
0.103788
0.103788
0
0.103788
0.103788
0.103788
0.103788
0.120241
0.120241
0.103788
0.103788
0.103788
0.103788
0
0
0
0
0.103418
0.103418
0.103418
0.103418
0.0270369
0.0270369
0
0.0270369
0.0270369
0.0270369
0.103788
0.103788
0.103788
0.103788
0
0.103418
0.103418
0.103418
0.103418
0.0270369
0.103418
0.103418
0.103418
0.103418
0.0774984
0.103418
0.104828
0.104828
0.103418
0.103418
0.103418
0
0
0
0
0
0
0
0
0
0
0
0
0
0
0
0
0.103418
0.103418
0.103418
0.103418
0.103418
0.103788
0.103788
0.103788
0.103788
0.103788
0.103418
0.103418
0.103418
0.114208
0.114208
0.114208
0.114208
0.0335578
0.114208
0.103418
0.103418
0.0335578
0.103418
0.103418
0.114208
0.0335578
0.0323762
0.0323762
0.0323762
0.0323762
0.0323762
0.0323762
0.0323762
0.0323762
0.039841
0.039841
0.039841
0.039841
0.039841
0
0.039841
0
0.039841
0
0.039841
0.0323762
0.0323762
0.039841
0.124515
0.124515
0.124515
0.124515
0.124515
0.124515
0.124515
0.124515
0.10224
0.124515
0.124515
0.124515
0.124515
0.124515
0.124515
0
0
0
0
0
0
0
0
0.124515
0.124515
0.124515
0.124515
0.124515
0.124515
0.124515
0
0
0.124515
0.103325
0.103325
0.102151
0
0.102151
0.102151
0.102151
0.102151
0.102151
0.102151
0.102151
0.102151
0.102151
0.102151
0.102151
0.102151
0
0
0.102151
0
0
0
0
0
0
0
0
0
0
0
0
0
0
0
0
0
0
0
0
0
0
0
0
0
0
0
0
0
0
0
0
0
0
0
0
0
0
0
0
0.1066
0
0
0
0
0
0
0
0
0
0.101622
0.10296
0.10296
0
0
0
0
0
0
0
0.124515
0.124515
0.124515
0.120386
0.120386
0.120386
0
0
0
0.124515
0.124515
0.124515
0.124515
0.124515
0.124515
0
0.124515
0.125153
0.124515
0.124515
0.124515
0.124515
0.124515
0.124515
0.124515
0.124515
0.125153
0.125153
0.125153
0.125153
0.125153
0.126082
0.125153
0.125153
0.125153
0.0624188
0.125153
0.125153
0.125153
0.125153
0.125153
0.125153
0.125153
0.146124
0.156492
0.157135
0.138675
0.159787
0.124515
0.124515
0.124515
0.124515
0.124515
0.10224
0.124515
0
0
0
0
0
0
0
0.124515
0.10224
0.124515
0.101885
0.124515
0.124515
0.124515
0.125153
0.124515
0.101885
0.101885
0.102062
0.101885
0.101885
0.101885
0.101885
0.101885
0.101885
0
0
0
0
0
0
0.124787
0.10224
0.124787
0.0979013
0.0979013
0.124515
0
0
0
0.124515
0.124515
0
0
0
0
0.101885
0.101885
0.101885
0.101885
0.101885
0.101885
0.101885
0.101885
0.101885
0.101885
0.101885
0.101885
0.028105
0
0
0
0
0
0.135045
0
0
0
0
0
0
0
0
0
0
0
0.103418
0
0
0
0
0
0
0
0
0
0
0
0
0
0
0
0
0.0859602
0
0
0
0
0
0
0
0.124424
0
0.124424
0.124424
0.124424
0.124424
0
0.1
0.1
0.1
0.1
0.1
0.1
0
0
0
0
0
0
0
0.1
0.1
0.1
0
0
0
0
0
0
0
0
0
0
0.1
0.1
0.1
0.1
0.1
0
0
0
0
0
0
0
0
0
0
0
0
0
0
0
0
0
0
0
0
0
0
0
0
0
0
0
0
0
0
0
0
0
0
0.1
0.1
0.1
0.1
0
0
0
0
0
0
0
0
0
0.1
0
0
0
0
0
0
0
0
0
0
0
0
0
0
0
0
0
0
0
0
0
0
0
0
0
0
0
0
0
0
0
0
0
0
0
0
0
0
0
0
0
0
0
0.1
0.1
0.1
0.1
0.1
0.1
0
0
0
0.1
0
0
0
0
0.1
0.1
0.1
0.1
0.1
0.1
0.1
0.1
0
0
0.1
0
0
0
0
0
0
0
0
0
0
0
0
0
0
0
0
0
0
0
0
0
0
0
0
0
0
0
0
0
0
0
0
0
0
0
0
0
0
0
0
0
0
0
0
0
0
0
0
0
0
0
0
0
0
0
0
0
0
0
0
0
0
0
0
0
0
0
0
0
0
0
0
0
0
0
0
0
0
0
0
0
0
0
0
0
0
0
0
0
0
0
0
0
0
0
0
0
0
0
0
0
0
0
0
0
0
0
0
0
0
0
0
0
0.103418
0.103418
0
0
0
0
0
0
0
0
0
0
0
0
0
0
0
0
0
0
0
0
0
0
0
0
0
0
0
0
0
0
0
0
0
0
0
0
0
0
0.124605
0.124605
0
0
0.124515
0.124515
0.124515
0.124515
0.124515
0.124515
0.124515
0.124605
0.124515
0.124605
0.124605
0.124605
0.124605
0.124515
0.1
0
0
0.124515
0.124515
0.124515
0.124515
0.124515
0
0
0
0
0
0
0.124515
0.124515
0
0
0
0
0
0
0
0
0
0
0
0
0
0
0
0
0
0
0
0
0
0
0
0
0
0
0
0
0
0
0
0
0
0
0
0
0
0
0
0
0
0
0
0.101885
0.1
0.1
0.1
0
0
0
0
0
0
0
0
0
0
0
0
0
0
0
0
0
0
0
0.124244
0.124244
0.124244
0.124244
0.124244
0.124244
0.124244
0.124244
0.124244
0.124244
0
0
0
0
0
0
0
0
0
0
0
0
0
0
0
0
0
0
0
0
0
0
0
0
0
0
0
0
0
0
0
0
0
0
0
0
0
0
0
0
0
0
0
0
0
0
0
0
0
0
0
0
0
0
0
0
0
0
0
0
0
0
0
0
0
0
0
0.124154
0.124154
0.124154
0.124154
0.124154
0.124154
0.124154
0.124244
0.124244
0.124154
0
0.124244
0.124244
0
0
0
0
0
0
0
0
0
0
0
0
0
0
0
0
0
0
0
0
0
0
0
0
0
0
0
0
0
0
0
0
0
0
0
0
0
0
0
0
0
0
0
0
0
0
0
0
0
0
0
0
0
0
0
0
0
0
0
0
0
0
0
0
0
0
0
0
0
0
0
0
0
0
0
0
0
0
0
0
0
0
0
0
0
0
0
0
0
0
0
0
0
0
0
0
0
0
0
0
0
0
0
0
0
0
0
0
0
0
0
0
0
0
0
0
0
0
0
0
0
0
0
0
0
0
0
0
0
0
0
0
0
0
0
0
0
0
0
0
0
0
0
0
0
0
0
0
0
0
0
0
0
0
0
0
0
0
0
0
0
0
0
0
0
0
0
0
0
0
0
0
0
0
0
0
0
0
0
0
0
0
0
0
0
0
0
0
0
0
0
0
0
0
0
0
0
0
0
0
0
0
0
0
0
0
0
0
0
0
0
0
0
0
0
0
0
0
0
0
0
0
0
0
0
0
0
0
0
0
0
0
0
0
0
0
0
0
0
0
0
0
0
0
0
0
0
0
0
0
0
0
0
0
0
0
0
0
0
0
0
0
0
0
0
0
0
0
0
0
0
0
0
0
0
0
0
0
0
0
0
0
0
0
0
0
0
0
0
0
0
0
0
0
0
0
0
0
0
0
0
0
0
0
0
0
0
0
0
0
0
0
0
0
0
0
0
0
0
0
0
0
0
0
0
0
0
0
0
0
0
0
0
0
0
0
0
0
0
0
0
0
0
0
0
0
0
0
0
0
0
0
0
0
0
0
0
0
0
0
0
0
0
0
0
0
0
0
0
0
0
0
0
0
0
0
0
0
0
0
0
0
0
0
0
0
0
0
0
0
0
0
0
0
0
0
0
0
0
0
0
0
0
0
0
0
0
0
0
0
0
0
0
0
0
0
0
0
0
0
0
0
0
0
0
0
0
0
0
0
0
0
0
0
0
0
0
0
0
0
0
0
0
0
0
0
0
0
0
0
0
0
0
0
0
0.103788
0.103788
0.103788
0.103788
0.103788
0.103788
0.103788
0.103788
0.103788
0.104925
0.104925
0.104925
0
0
0
0
0
0
0
0
0.0586546
0
0
0
0.0586546
0.0586546
0.0508329
0.0508329
0.0508329
0.0586546
0.0586546
0.0918398
0
0
0
0
0
0
0
0
0
0
0.0918398
0.104925
0.104925
0.103788
0.103788
0.103788
0
0
0
0
0
0
0
0
0
0
0
0
0
0
0.103788
0.103788
0.103788
0.103788
0.103788
0.103788
0.103788
0.103788
0.103788
0.103788
0.103788
0.103788
0.103788
0.103788
0
0
0
0
0
0
0
0
0.103788
0.103788
0
0
0
0
0
0.103788
0
0
0
0
0
0
0
0
0
0
0
0
0
0
0
0
0
0
0
0
0
0
0
0.103788
0.105021
0
0
0.103788
0.103788
0.103788
0.103788
0.0540738
0.0540738
0.103788
0.106701
0.106701
0.0217597
0.0217597
0.0217597
0.0217597
0
0
0
0
0.0579934
0
0.0217597
0
0
0.0217597
0.0217597
0.0217597
0.0217597
0
0
0.0217597
0.0217597
0
0.0217597
0.0217597
0
0
0
0.106099
0.106099
0.105901
0
0
0
0.106099
0.106099
0.105901
0.104925
0.0686803
0.0686803
0.0686803
0.0686803
0.104925
0.104925
0
0
0.0222387
0.0222387
0
0.0222387
0
0
0
0.104925
0.104925
0.0384048
0.104925
0.104925
0.0220433
0.105703
0
0.105703
0
0.104925
0.104925
0.0993661
0.0993661
0.0993661
0.0993661
0.0993661
0.0993661
0
0.0993661
0
0.0993661
0
0.0993661
0.0993661
0.101808
0.0993661
0.0714286
0.0714286
0.0714286
0
0.0714286
0
0.0714286
0.0714286
0.0714286
0.0714286
0.0714286
0
0
0
0.0714286
0
0.0714286
0.0714286
0
0.0714286
0.0714286
0
0.0714286
0.0668153
0.0668153
0.0714286
0.104925
0.0662266
0.0566139
0.0217597
0.103788
0.103788
0
0.103788
0.103788
0.103788
0.103788
0.103788
0
0.103788
0.103788
0.103788
0.103788
0
0.103788
0.103788
0.103788
0.103788
0.103788
0.103788
0.103788
0.103788
0.103788
0.103788
0.103788
0.108253
0.108253
0
0
0.108253
0
0
0
0
0
0
0
0
0.103788
0.103788
0.108253
0.108253
0.103788
0
0.103788
0.103788
0
0
0
0
0
0
0
0
0
0
0
0
0
0
0
0
0
0
0
0
0
0
0
0
0
0
0
0
0
0
0
0
0
0
0
0
0
0
0
0
0
0
0
0.124154
0.124154
0.124154
0.124244
0.124244
0.124244
0.124244
0.124244
0
0
0
0
0
0
0
0
0
0
0
0
0
0
0
0
0
0
0
0
0
0
0
0
0
0
0
0
0
0
0
0
0
0
0
0
0
0
0
0
0
0
0
0
0
0
0
0
0
0
0
0
0
0
0.124154
0.124154
0.124154
0.124154
0.124424
0
0
0
0
0
0
0
0
0.124244
0.124244
0.124244
0.124244
0.124244
0.124244
0.124244
0.124244
0
0
0
0
0
0
0
0
0
0
0
0
0
0
0
0
0
0
0
0
0
0
0
0
0
0
0
0
0
0
0
0
0
0
0
0
0
0
0
0
0
0
0
0
0
0
0
0
0
0
0
0
0
0
0
0
0
0
0
0
0
0
0
0
0
0
0
0
0
0
0
0
0
0
0
0
0
0.124154
0
0.124154
0
0
0
0
0
0
0
0
0
0
0
0
0
0
0
0
0
0
0
0
0
0
0
0
0
0
0
0
0
0
0
0
0
0
0
0
0
0
0
0.135847
0.135847
0.124244
0.124244
0.124244
0.124244
0.124244
0.124244
0.124244
0.124244
0.124244
0.124244
0.124244
0.124244
0.124244
0.124244
0.124244
0.124244
0.124244
0.124244
0.124244
0.124244
0.124244
0.124244
0.124244
0.124244
0.124244
0.124244
0.124244
0
0
0
0.124244
0.124244
0.124244
0.124244
0.124244
0.124244
0.124244
0.124244
0.124244
0.124244
0.124244
0.124424
0.124424
0.124424
0.124424
0.124424
0.124424
0.124424
0.124424
0.135847
0
0
0
0.124424
0.124424
0.124424
0.124424
0.124424
0.124424
0.124424
0.14771
0.0396526
0
0.0397464
0.0404226
0.124424
0
0.124424
0
0.124424
0.0398885
0.124424
0
0
0.10224
0.10224
0.10224
0.10224
0.10224
0.10224
0
0
0.1
0.1
0.1
0.1
0.1
0.1
0
0
0
0
0
0.100251
0.1
0.1
0.1
0.1
0.1
0
0
0.1
0.1
0.1
0.100335
0.100335
0.1
0.1
0
0.1
0
0.1
0
0.1
0.1
0
0.1
0.1
0
0
0
0.1
0.1
0.1
0.1
0.1
0.1
0.1
0.1
0.1
0.1
0.1
0.1
0.100335
0.100335
0.100335
0
0.100335
0.1
0.1
0.1
0.1
0
0.1
0.1
0
0
0
0
0
0
0
0
0
0
0
0
0
0
0
0
0
0
0
0
0
0
0
0
0
0
0
0
0
0
0
0
0
0
0
0
0
0
0
0
0
0
0
0
0
0
0
0
0
0
0
0
0
0
0
0
0
0
0
0
0
0
0
0
0
0
0
0
0
0
0
0
0
0
0
0
0
0
0
0
0
0
0
0
0
0
0
0
0
0
0
0
0
0
0
0
0
0
0
0
0
0
0
0
0
0
0
0
0
0
0
0
0
0
0
0
0
0
0
0
0
0
0
0
0
0
0
0
0
0
0
0
0
0
0
0
0
0
0
0
0
0
0
0
0.1
0.1
0
0.1
0.1
0.1
0
0.1
0
0
0
0.100335
0.104352
0
0.0316862
0.172854
0.172854
0.145623
0.145623
0
0
0
0.101622
0
0
0
0
0
0
0
0
0
0
0
0
0
0
0
0
0
0
0.124515
0.124515
0
0
0
0
0
0
0
0
0
0
0
0
0
0
0
0
0
0
0
0
0
0
0
0
0
0
0
0
0
0
0
0
0
0
0
0
0.120678
0
0.120241
0.120241
0.120241
0
0
0
0
0
0
0
0
0
0
0
0
0
0
0
0
0
0
0
0
0
0
0
0
0
0
0
0
0
0
0
0
0
0
0
0.1
0.1
0
0.1
0
0.1
0.1
0.1
0.1
0.1
0.1
0.1
0
0
0.1
0.1
0.100335
0.100335
0
0
0.100335
0.100335
0.1
0
0.1
0.1
0.1
0
0
0
0
0
0
0
0
0
0
0
0
0
0
0
0
0.100588
0.100588
0
0.100588
0.100588
0.100588
0
0.100588
0
0
0
0.100588
0
0
0.100588
0.100588
0.100588
0
0.100588
0.1
0.1
0.1
0
0
0.100844
0.100844
0
0.100844
0.100844
0
0
0
0
0
0.100844
0.1
0
0.1
0.100588
0.100588
0.100588
0.100588
0
0.100588
0.100588
0
0
0.100588
0.100588
0
0.100588
0
0
0
0
0
0
0
0
0
0
0
0
0
0
0
0
0
0
0
0
0
0
0
0
0
0
0
0
0
0
0
0
0
0
0
0
0
0
0
0
0
0
0
0
0
0
0
0
0
0
0
0
0
0
0
0
0
0
0.0707992
0.130535
0.0707992
0.130535
0
0
0.0707992
0.0707992
0.0707992
0.0707992
0.0707992
0.0707992
0.124605
0
0
0
0
0
0
0.110319
0.110319
0.108253
0.108253
0.108253
0.108253
0.108253
0
0
0
0
0
0
0
0
0
0
0
0
0
0
0
0
0
0
0
0
0
0
0
0
0
0
0
0
0
0.124605
0.124605
0.124605
0
0
0
0
0
0
0
0.124244
0.124244
0
0
0.124515
0
0.124515
0
0
0
0
0.15133
0
0
0
0
0.169435
0.15133
0
0
0.109985
0.109985
0.109985
0.109985
0.102329
0.102329
0.102329
0.124515
0
0
0
0
0
0.124605
0.124605
0.124605
0.0394208
0.0394208
0.133631
0.133631
0
0
0
0.124605
0.124605
0
0.124244
0
0
0
0
0
0
0
0
0
0
0
0
0
0
0
0
0
0.125245
0
0.1
0.1
0.130005
0.130005
0.130005
0.130005
0
0
0
0
0
0
0
0
0
0
0
0
0
0
0
0
0
0
0
0
0
0
0
0
0
0
0
0
0
0
0
0
0
0
0
0
0
0.124605
0
0.124605
0
0
0
0
0
0
0
0
0
0
0
0
0
0
0
0
0
0
0
0
0
0
0
0
0
0
0
0
0.0391031
0
0
0
0
0
0
0
0
0
0
0
0
0
0
0
0
0
0
0
0
0
0
0
0
0
0
0
0
0
0
0
0
0
0
0
0
0
0
0
0
0
0
0
0
0
0
0
0
0
0
0
0
0
0
0
0
0
0
0
0
0
0
0
0
0
0
0
0
0
0
0
0
0
0
0
0
0.124605
0
0.01916
0
0
0
0
0
0
0
0
0
0
0
0
0
0
0
0
0
0
0
0
0
0
0
0
0
0
0
0
0
0
0
0
0
0
0
0
0
0
0
0
0
0
0
0
0
0
0
0
0
0
0
0
0
0
0
0
0
0
0
0
0.136083
0.136083
0.136083
0.136083
0.136083
0.154303
0.154303
0.154303
0
0.120241
0.120241
0.120241
0.120241
0.120241
0.120241
0
0
0
0
0.145095
0
0
0
0
0
0
0
0
0
0
0
0
0
0
0
0
0
0
0
0
0
0
0
0
0
0.124244
0
0
0
0
0
0
0
0.14535
0.14535
0.14535
0
0
0
0
0
0
0
0
0
0
0
0
0
0
0
0
0
0
0
0
0
0
0
0
0
0
0.145095
0
0
0
0
0
0.145095
0
0
0
0
0
0
0
0
0
0
0.157135
0.157135
0.157135
0
0.157135
0.158114
0.157135
0.157135
0
0.120241
0.120241
0.120241
0.120241
0.120241
0
0
0
0
0
0.120241
0
0.120241
0
0
0
0
0.120241
0
0
0
0
0
0
0
0
0
0
0
0
0
0
0
0
0
0
0
0
0
0
0
0
0
0
0
0
0
0
0
0
0
0
0
0
0
0
0
0
0
0
0
0
0
0
0
0
0
0
0
0
0
0
0
0
0
0
0
0
0
0
0
0
0
0
0
0
0
0
0
0
0
0
0
0
0
0
0
0
0
0
0
0
0
0
0
0
0
0
0
0
0
0
0
0
0
0
0
0
0
0
0
0
0
0
0
0
0
0
0
0
0
0
0
0
0
0
0
0
0
0
0
0
0
0
0
0
0
0
0
0
0
0
0
0
0
0
0
0
0
0
0
0
0
0
0
0
0
0
0
0
0
0
0
0
0
0
0
0
0
0
0
0
0
0
0
0
0
0
0
0
0
0
0
0
0
0
0
0
0
0
0
0
0
0
0
0
0
0
0
0
0
0
0
0
0
0
0
0
0.124154
0.124154
0.124154
0.124154
0.124154
0
0
0
0
0
0
0
0
0
0
0
0
0
0
0
0
0
0
0
0
0
0
0
0
0
0
0
0
0
0
0
0
0
0
0
0
0
0
0
0
0
0
0
0
0
0
0
0
0
0.124244
0.124244
0.124244
0.124244
0.124244
0.124244
0.124244
0.124244
0.124244
0.124244
0.124244
0.124244
0.124244
0
0
0
0
0
0
0
0
0
0
0
0
0
0
0
0
0
0
0
0
0
0
0
0
0
0
0
0
0
0
0
0
0
0
0
0
0
0
0
0
0
0
0
0
0
0
0
0
0
0
0
0
0
0
0
0
0
0
0
0
0
0
0
0
0
0
0
0
0
0
0
0
0
0
0
0
0
0
0
0
0
0
0
0
0
0
0
0
0
0
0
0
0
0
0
0
0
0
0
0
0
0
0
0
0
0
0
0
0
0
0
0
0
0
0
0
0
0
0
0
0
0
0
0
0
0
0
0
0
0
0
0
0
0
0
0
0
0
0
0
0
0
0
0
0
0
0
0
0
0
0
0
0
0
0
0
0
0
0
0
0
0
0
0
0
0
0
0
0
0
0
0
0
0
0
0
0
0
0
0
0
0
0
0
0
0
0
0
0
0
0
0
0
0
0
0
0
0
0
0
0
0
0
0
0
0
0
0
0
0
0
0
0
0
0
0
0
0
0
0
0
0
0
0
0
0
0
0
0
0
0
0
0
0
0
0
0
0
0
0
0
0
0
0
0
0
0
0
0
0
0
0
0
0
0
0
0
0
0
0
0
0
0
0
0
0
0
0
0
0
0
0
0.153998
0.153998
0.0375823
0.0375823
0
0.0375823
0
0.153998
0
0
0
0
0
0
0
0
0
0
0
0
0
0
0
0
0
0
0
0
0
0.170716
0.170716
0.170716
0.146206
0.146206
0.146206
0.146206
0.146206
0.146206
0.146206
0.146206
0.146206
0.146206
0.146206
0.153695
0.153695
0
0.153695
0.153695
0.153695
0.153695
0.153695
0.172613
0
0.174325
0
0
0
0
0.174574
0
0.175075
0.25901
0.0275869
0.172613
0.0484502
0
0
0
0
0
0.065372
0
0.174325
0.152795
0.152795
0.224544
0.0323762
0.224544
0.224544
0.224544
0.224544
0
0
0
0.240192
0.240192
0.240192
0.240192
0.240192
0.240192
0.224544
0.224544
0.0275869
0.0275869
0.0275869
0
0.0402259
0
0.0425628
0.0527046
0.0498755
0.0498755
0.050637
0.050637
0.050637
0.0608581
0.0745356
0.0745356
0
0
0.0690066
0.0690066
0.0690066
0.0690066
0.0323762
0.0323762
0.0323762
0.0323762
0.0323762
0.0323762
0.0323762
0.0323762
0
0
0.0531494
0.0531494
0
0
0
0
0
0
0.0323762
0.0323762
0.0323762
0.0323762
0.0531494
0.0531494
0.0531494
0.0531494
0
0
0
0
0
0
0
0.0323762
0.190153
0.190153
0
0.19803
0.205331
0.255031
0.0337869
0.0275869
0.0275869
0
0.0277137
0
0.0283069
0
0.0283752
0.0545545
0
0.0283069
0.0283069
0.0283069
0.0283069
0.0445435
0.0445435
0.0445435
0.0445435
0.0283069
0
0.0283752
0
0
0
0
0
0
0
0.0283752
0.25901
0
0.260654
0.260654
0.260654
0.0771517
0
0
0
0.109109
0.264039
0.264039
0.3698
0.399004
0.405096
0
0.428845
0.393179
0.399004
0
0.43259
0.280056
0.165521
0.165521
0
0.165521
0.165521
0.165521
0.165521
0.165521
0.0363696
0.165521
0.170664
0
0
0.165521
0.165521
0.165521
0.258199
0.0336718
0.0336718
0.0336718
0.0336718
0.0336718
0.0336718
0.0336718
0.0391031
0
0.0391031
0.0550482
0.0550482
0.0550482
0.0336718
0.0336718
0.0336718
0.0336718
0.046225
0.0336718
0
0.0336718
0.0336718
0.0336718
0.0336718
0.0336718
0.0336718
0
0.0343807
0.0343807
0.0343807
0.0343807
0.0343807
0.0343807
0.0343807
0.0343807
0.0343807
0.0343807
0.0343807
0.0343807
0.151042
0.151042
0.151042
0.0690066
0.0323762
0.17095
0.17095
0.17095
0.17095
0.0275869
0.0275869
0.0275869
0.0275869
0.0275869
0.0275869
0.0275869
0.165521
0.165521
0.165521
0.165521
0.165521
0
0
0
0
0
0
0
0
0
0
0
0
0
0
0
0
0
0
0
0
0
0
0
0
0
0
0
0
0
0
0
0
0
0
0
0
0
0
0
0
0
0
0
0
0
0
0
0
0
0
0
0
0
0
0
0
0
0
0
0
0
0
0
0
0
0
0
0
0
0
0
0
0
0
0
0
0
0
0
0
0
0
0
0
0
0
0
0
0
0
0
0
0
0
0
0
0
0
0
0
0
0
0
0
0
0
0
0
0
0
0
0
0
0
0
0
0
0
0
0
0
0
0
0
0
0
0
0
0
0
0
0
0
0
0
0
0
0
0
0
0
0
0
0
0
0
0
0
0
0
0
0
0
0
0
0
0
0
0
0
0
0
0
0
0
0
0
0
0
0
0
0
0
0
0
0
0
0
0
0
0
0
0
0
0
0
0
0
0
0
0
0
0
0
0
0
0
0
0
0
0
0
0
0
0
0
0
0
0
0
0
0
0
0
0
0
0
0
0
0
0
0
0
0
0
0
0
0
0
0
0
0
0
0
0
0
0
0
0
0
0
0
0
0
0
0
0
0
0
0
0
0
0
0
0
0
0
0
0
0
0
0
0
0
0
0
0
0
0
0
0
0
0
0
0
0
0
0
0
0
0
0
0
0
0
0
0
0
0
0
0
0
0
0
0
0
0
0
0
0
0
0
0
0
0
0
0
0
0
0
0
0
0
0
0
0
0
0
0
0
0
0
0
0
0
0
0
0
0
0
0
0
0
0
0
0
0
0
0
0
0
0
0
0
0
0
0
0
0
0
0
0
0
0
0
0
0
0
0
0
0
0
0
0
0
0
0
0
0
0
0
0
0
0
0
0
0
0
0
0
0
0
0
0
0
0
0
0
0
0
0
0
0
0
0
0
0
0
0
0
0
0
0
0
0
0
0
0
0
0
0
0
0
0
0
0
0
0
0
0
0
0
0
0
0
0
0
0
0
0
0
0
0
0
0
0
0
0
0
0
0
0
0
0
0
0
0
0
0
0
0
0
0
0
0
0
0
0
0
0
0
0
0
0
0
0
0
0
0
0
0
0
0
0
0
0
0
0
0
0
0
0
0
0
0
0
0
0
0
0
0
0
0
0
0
0
0
0
0
0
0
0
0
0
0
0
0
0
0
0
0
0
0
0
0
0
0
0
0
0
0
0
0
0
0
0
0
0
0
0
0
0
0
0
0
0
0
0
0
0
0
0
0
0
0
0
0
0
0
0
0
0
0
0
0
0
0
0
0
0
0
0
0
0
0
0
0
0
0
0
0
0
0.120241
0.120241
0.120241
0.120241
0.120241
0.120241
0.120241
0.120241
0.120241
0.120241
0.120241
0.120241
0.120241
0.145095
0.145095
0
0.145095
0.145095
0.145095
0
0
0
0
0
0
0
0
0
0
0
0
0
0
0
0
0
0
0
0
0
0
0
0
0
0
0
0
0
0
0
0
0
0
0
0
0
0
0
0
0
0
0
0
0
0
0
0
0
0
0
0
0.120241
0.120241
0
0.145095
0.120241
0.120241
0.120241
0.120241
0.120241
0.120241
0.145095
0.145095
0
0.120241
0.120241
0
0.120241
0
0.120241
0
0.120241
0.120241
0.120241
0
0
0
0
0.120241
0
0
0
0
0
0.120241
0
0.120241
0.120241
0.120241
0.120241
0
0.120241
0.120241
0.120241
0.120241
0.120241
0.120241
0.120241
0.120241
0
0.120241
0
0
0
0
0
0
0
0
0
0
0
0
0
0
0
0
0
0
0
0
0
0
0
0
0
0
0
0
0
0
0
0
0
0
0
0
0
0
0
0
0
0
0
0
0
0
0
0
0
0
0
0
0
0
0
0
0
0
0
0
0
0
0
0
0
0
0.120241
0.120241
0.120241
0.120241
0.120241
0.120241
0.120241
0.120241
0.120241
0.120241
0.120241
0.120241
0.120241
0.120241
0.120241
0
0
0
0
0
0
0
0
0
0
0
0.120241
0.120241
0
0
0
0
0
0
0
0
0
0
0
0
0
0
0
0
0
0
0
0
0
0
0
0.120241
0
0
0
0
0
0
0
0
0
0
0
0
0
0
0
0
0
0
0
0
0
0
0
0
0
0
0
0
0.120241
0
0
0
0
0
0
0
0
0
0.120241
0.120241
0.120241
0
0.120241
0.120241
0.120241
0.120241
0.120241
0.120241
0.120241
0.120241
0
0
0.120241
0
0.120241
0
0.120241
0.120241
0.120241
0.120241
0.120241
0.120241
0
0.120241
0.120241
0.120241
0.120241
0.120241
0
0
0
0
0.120241
0
0.120241
0
0
0
0
0
0
0
0
0
0
0
0
0
0
0
0
0
0
0
0
0
0
0
0
0
0
0
0
0
0
0
0
0
0
0
0
0
0
0
0.120241
0
0
0
0
0
0
0
0
0
0
0
0
0
0
0
0
0
0
0
0
0
0
0
0
0
0
0
0
0
0
0
0
0
0
0
0
0
0
0
0
0
0
0
0
0
0
0
0
0
0
0
0
0
0
0
0
0
0
0
0
0
0
0
0
0
0
0
0
0
0
0
0
0
0
0
0
0
0
0
0
0
0
0
0
0
0
0
0
0
0.120241
0.120241
0.120241
0.120241
0.120241
0
0
0
0
0
0
0
0
0
0
0
0
0
0
0
0
0
0
0
0
0
0
0
0
0
0
0
0
0
0
0
0
0
0
0
0
0
0
0
0
0
0
0
0
0
0
0
0
0
0
0
0
0
0
0
0
0
0
0
0
0
0
0
0
0
0
0
0
0
0
0
0
0
0
0
0
0
0
0
0
0
0
0
0
0.120241
0.120241
0.120241
0.120241
0.120241
0
0
0
0
0
0
0
0.120241
0.120241
0.120241
0.120241
0
0
0
0
0
0
0
0
0
0
0
0
0.120241
0
0
0
0
0
0
0
0
0
0
0
0
0
0
0
0
0
0
0
0
0
0
0
0
0
0
0
0
0
0
0
0
0
0
0
0
0
0
0
0
0
0
0
0
0
0
0
0
0
0
0
0
0.120241
0.128037
0.128037
0.128037
0.128037
0.128037
0.128037
0.128037
0.128037
0.128037
0.128037
0.128037
0.128037
0.152204
0.152204
0.152204
0.152204
0.152204
0
0
0.128037
0.128037
0.128037
0.151042
0.152204
0.152204
0.152204
0
0.156492
0.156492
0.156492
0.156492
0
0.166282
0.166282
0.166282
0.166282
0.166282
0.152204
0.152204
0.152204
0
0.152204
0.152204
0.152204
0.190117
0.152204
0
0.152204
0.154919
0.154919
0.154919
0.154919
0
0
0.154919
0.154919
0
0.154919
0
0
0
0.152204
0.0369611
0
0.152204
0
0
0
0.152204
0.152204
0
0.153093
0
0.153393
0
0.153695
0.153695
0.152204
0.152204
0.152204
0.152204
0.154303
0.160128
0.177705
0
0
0
0.18009
0.152204
0.152204
0.152204
0
0.152204
0.152204
0.156492
0.156492
0.156492
0.165521
0.165521
0
0.165521
0
0.156492
0.156492
0.165521
0.0890871
0.109109
0.109109
0.109109
0.109109
0
0.168232
0.165521
0.166282
0.166282
0.166282
0.166282
0.166282
0.123091
0.168232
0.168232
0.168232
0.167542
0.167542
0.167542
0.096225
0.096225
0.123091
0.167542
0.167542
0.168232
0.168232
0.168232
0.168232
0.168232
0.168232
0.193047
0.167542
0.168232
0.175863
0.168232
0.166282
0.166282
0.166282
0.168232
0.0990148
0.168232
0.166282
0.166282
0.166282
0.166282
0.170251
0.170251
0.170251
0.170251
0.170251
0
0.170251
0.166282
0.166282
0.170251
0.172345
0
0.172345
0.170251
0.128037
0.152204
0.152204
0.152204
0.152204
0.152204
0.152204
0.152204
0.152204
0.152204
0.152204
0.152204
0.152204
0
0
0.160817
0
0
0.160817
0.109109
0.109109
0.109109
0.109109
0.109109
0.109109
0.0890871
0.0890871
0.109109
0
0
0.159111
0.152204
0.152204
0.152204
0.168232
0.167542
0.167542
0.152204
0.042796
0.042796
0.042796
0.042796
0.042796
0.156492
0.0477818
0.0477818
0.155543
0.186231
0.186231
0.156492
0.163663
0
0.165521
0.165521
0.165521
0.165521
0.165521
0.163663
0.168232
0.160817
0.166667
0
0
0
0.154919
0.154919
0.165521
0.1
0.1
0.1
0.1
0.1
0.1
0.1
0
0
0
0
0
0
0
0
0.100083
0.100083
0
0
0.1
0.1
0.1
0
0
0
0
0
0
0
0
0
0
0
0
0
0
0
0
0
0
0
0
0
0
0
0
0
0
0
0
0
0
0
0
0
0
0
0
0
0
0
0
0
0
0.1
0
0
0
0
0
0
0
0
0
0
0
0
0
0
0
0
0
0
0
0
0
0
0
0
0
0
0
0
0
0
0
0
0
0
0
0
0
0
0
0
0.124244
0
0
0
0
0
0
0
0
0
0
0
0
0
0
0
0
0
0
0
0
0
0
0
0
0
0
0
0
0
0
0
0
0
0
0
0
0
0
0
0
0
0
0
0
0.106399
0.106399
0.106399
0.106399
0.106399
0.106399
0.106399
0.106399
0.106399
0.106399
0.106399
0
0
0
0
0
0
0
0
0
0
0
0
0
0
0
0
0
0
0
0
0
0
0
0
0
0
0
0
0
0
0
0
0
0
0
0
0
0
0
0
0
0.107006
0.107006
0
0
0
0
0
0
0.106701
0.106701
0
0.106701
0
0
0
0.109545
0
0
0
0.109545
0
0
0
0
0
0
0
0
0
0
0
0
0.107006
0.1066
0
0.1066
0
0.106399
0.1066
0.1066
0
0
0
0.1066
0.107109
0
0
0
0.1066
0.107109
0
0
0
0
0
0
0
0
0
0
0
0
0
0
0
0
0
0
0
0
0
0
0
0
0
0
0
0
0
0
0
0
0
0
0
0
0
0
0
0
0
0
0
0
0
0
0
0
0
0
0
0
0
0
0
0
0
0
0
0
0
0
0
0
0
0
0
0
0
0
0
0
0
0
0
0
0
0
0
0
0
0
0
0
0
0
0
0
0
0
0
0
0
0
0
0
0
0
0
0
0.1065
0
0
0
0
0
0
0
0
0
0
0
0
0
0
0
0
0
0
0
0
0
0
0
0
0
0
0.148522
0.148522
0
0.1065
0
0
0
0.1065
0
0
0
0
0
0
0
0
0
0
0
0
0
0
0
0
0
0
0
0
0
0
0
0
0
0
0
0
0
0
0
0
0
0
0
0
0
0
0
0
0
0
0
0
0
0
0
0
0
0
0
0
0
0
0
0
0
0
0
0
0
0
0
0
0
0
0
0
0
0
0
0
0
0
0
0
0
0
0
0
0
0
0
0
0
0
0
0
0
0
0
0.148522
0.148522
0
0
0
0
0
0
0
0
0
0
0
0.1066
0
0
0.1066
0.1066
0
0
0
0
0
0
0
0
0
0
0
0
0
0
0
0
0
0
0
0
0
0
0
0
0
0
0
0
0
0
0
0
0.107006
0
0
0
0
0
0
0
0
0
0
0
0
0
0
0
0
0
0
0
0.123975
0.123975
0.123975
0.123975
0.123975
0.123975
0
0.123975
0.123975
0
0
0
0
0
0
0
0
0
0
0
0
0
0
0
0
0
0.124605
0
0
0.124065
0.124065
0
0.124065
0.124065
0
0
0.124515
0
0.124605
0.124605
0
0
0
0
0
0
0
0
0
0
0
0
0
0
0
0
0
0
0
0
0
0
0
0
0
0
0
0
0
0
0
0
0
0
0
0
0
0
0
0
0
0
0
0
0
0
0
0
0
0
0
0.166667
0
0
0
0
0.124065
0
0
0
0
0
0.124065
0.124065
0
0
0
0
0
0
0
0
0
0
0
0
0
0
0
0
0
0
0
0
0.124065
0.124065
0.124065
0
0
0
0
0
0
0.124065
0
0
0
0.124244
0
0
0
0.124244
0.124244
0.124244
0.124244
0.124244
0.124244
0.124424
0.124424
0.124424
0.124244
0
0
0
0.124244
0
0
0
0
0
0.124244
0.124244
0.124244
0.124244
0.124244
0.124244
0.0391031
0.0391031
0.0391031
0.0391031
0
0
0.124244
0.124244
0.124244
0.124244
0.124244
0.124244
0.124244
0.124244
0.0391031
0.0391031
0.0391031
0
0.124424
0.0391031
0.0391031
0.0391031
0
0
0.124424
0
0
0
0
0
0
0
0
0
0
0
0.124154
0
0.124154
0
0.124154
0
0.124154
0
0
0
0
0
0
0
0
0
0
0
0
0.133038
0.133038
0.133038
0
0
0
0
0
0
0
0.133038
0.133038
0
0.133038
0.0944911
0.133038
0.133038
0.135045
0.108253
0
0.133038
0.116248
0.133038
0
0.133038
0.187317
0.187317
0.133038
0
0
0
0
0
0
0
0
0
0
0
0
0
0
0
0
0
0.0944911
0.0944911
0.0944911
0.0944911
0.0944911
0
0
0
0
0
0
0
0.0944911
0.0944911
0
0
0
0
0
0
0
0
0
0
0
0
0.124244
0.124244
0.124244
0.124244
0.124244
0
0
0
0
0
0
0
0
0
0.1
0
0
0
0
0.124244
0.124244
0.124244
0.124244
0.124244
0.1
0
0.124244
0.124244
0.124244
0
0
0.124154
0.124154
0.124154
0.124154
0
0
0
0
0.165521
0.165521
0.165521
0.165521
0.165521
0.050637
0.050637
0.050637
0.050637
0.050637
0.050637
0.050637
0.050637
0.050637
0.050637
0.117851
0.117851
0.117851
0.117851
0.117851
0
0.117851
0.117851
0.117851
0.117851
0.117851
0.117851
0.0710669
0.0710669
0.0710669
0.0710669
0.0710669
0.0710669
0.0710669
0.0710669
0.0710669
0.0710669
0.0710669
0.0710669
0.117851
0.117851
0.117851
0.117851
0.117851
0.117851
0.117851
0.117851
0.117851
0.117851
0.123091
0.123091
0.123091
0
0
0
0
0
0
0
0
0
0.166667
0.408248
0.408248
0.408248
0
0
0
0
0.408248
0
0.166667
0.123091
0.123091
0.123091
0.117851
0
0
0
0.117851
0
0
0.117851
0.117851
0.117851
0.117851
0
0
0.117851
0.117851
0
0
0
0
0
0.123091
0.123091
0.123091
0.123091
0.123091
0.123091
0.123091
0.123091
0
0
0
0
0
0
0
0
0
0
0
0
0
0
0
0
0
0
0
0
0
0
0
0
0
0
0
0
0
0
0
0
0
0
0
0
0
0
0
0
0
0.123091
0.123091
0.123091
0.123091
0
0
0
0
0
0
0.123091
0.123091
0.123091
0
0
0
0
0
0
0
0
0
0.129099
0.129099
0.123091
0.123091
0.123091
0.123091
0.123091
0.123091
0
0
0
0
0
0
0
0
0
0
0
0
0
0
0
0
0
0
0
0
0
0
0
0.0710669
0.123091
0.123091
0.123091
0.0690066
0.0690066
0.0690066
0.0690066
0.0690066
0
0
0.0690066
0.0690066
0.0540738
0
0.0601929
0.0498755
0.0498755
0.0498755
0.0498755
0.050637
0.050637
0
0.0531494
0.0531494
0
0.050637
0.050637
0.050637
0
0.050637
0.050637
0.050637
0.050637
0.050637
0.050637
0.0540738
0
0
0.0601929
0.0629941
0.0629941
0.0629941
0.0662266
0.0816497
0.0816497
0.0662266
0.0629941
0.0629941
0
0
0
0.0540738
0.0540738
0
0.0601929
0
0
0
0
0
0.0710669
0.0662266
0.0690066
0
0.124244
0.124244
0.124244
0.124244
0.124244
0.124244
0.124244
0.124244
0.124244
0.124244
0.124244
0.124244
0.124244
0.124244
0.124244
0.124244
0.124244
0
0
0
0
0
0
0
0
0
0
0
0
0
0
0
0
0
0
0.124244
0.124244
0.124244
0.124244
0.124244
0.124244
0.124244
0
0
0
0
0
0
0
0
0
0
0
0
0
0
0
0
0
0
0
0
0
0
0
0
0
0
0
0
0
0
0
0
0
0
0
0
0
0
0
0
0
0
0
0
0
0
0
0
0
0
0
0
0
0
0
0
0
0
0
0
0
0
0
0
0
0
0
0
0
0
0
0
0
0
0
0
0
0
0
0
0
0
0
0
0
0
0
0
0
0
0
0
0
0
0
0
0
0
0
0
0
0
0
0
0
0
0
0
0
0
0
0
0
0
0
0
0
0
0
0
0
0
0
0
0
0.0293105
0.10351
0.0293105
0.0293105
0.0293105
0.0293105
0.0293105
0.0293105
0.103788
0.103788
0.103788
0.103788
0.103788
0
0.103788
0.103788
0.103788
0.103788
0.10351
0.0293105
0
0
0.1066
0.1066
0.106399
0.106399
0.103788
0.103788
0.103788
0.113228
0.103788
0.103788
0.103788
0.103788
0.103788
0.103788
0.123542
0.123542
0.123542
0.123542
0
0
0
0.123542
0.123542
0.103788
0.103788
0
0
0
0
0
0
0
0
0
0
0
0
0
0
0
0
0
0
0
0
0
0
0
0
0
0
0
0
0
0
0
0.0667161
0.0667161
0.0667161
0
0
0
0.107109
0.111456
0.0724207
0.0724207
0.0724207
0.0724207
0
0.0724207
0.0724207
0
0
0
0
0.0222058
0.0222058
0.0222058
0.0222058
0
0
0
0.0714286
0.0714286
0.0714286
0.0498755
0.0498755
0.0498755
0.0498755
0
0
0
0
0
0
0
0
0
0
0
0
0
0
0
0
0
0
0
0
0
0
0
0.0222387
0
0.0222387
0.0222387
0.0222387
0
0.0222387
0.0222387
0.0222387
0.0222387
0.0222387
0.0222387
0
0
0
0
0
0
0
0
0
0
0
0
0
0
0
0
0
0
0
0
0
0
0
0.103788
0
0.103788
0.103788
0.0217597
0.103788
0.103788
0.103882
0.103882
0.0667161
0.103882
0
0.103882
0.104925
0.103788
0.0217597
0
0
0
0
0
0
0
0
0
0
0
0
0
0
0
0
0
0
0
0
0
0
0
0
0
0
0
0
0
0
0
0
0
0
0
0
0
0
0
0
0
0
0
0
0.0707992
0.0707992
0.0707992
0.0707992
0
0.0707992
0.0707992
0
0.0707992
0
0
0
0.0710669
0.0710669
0.0710669
0.187317
0.187317
0.187317
0.187317
0.187317
0.187317
0
0
0
0
0
0
0
0
0
0
0
0
0
0
0
0.101666
0
0
0
0.101863
0.101666
0.101666
0.101666
0.101666
0.0733236
0.0733236
0.0733236
0
0.0733236
0.0733236
0.0733236
0.0733236
0.0733236
0.0733236
0
0
0
0
0.105409
0.105409
0.0733236
0
0
0
0
0
0
0
0
0
0
0
0
0
0
0
0
0
0
0
0
0
0
0
0
0
0
0
0
0
0
0
0
0
0
0
0.121867
0.121867
0.121867
0.121867
0.0601929
0.0601929
0.0601929
0
0.0601929
0.0601929
0.0601929
0.166667
0.166667
0.166667
0
0
0
0.0540738
0.0540738
0.0540738
0
0
0
0
0
0
0
0
0
0
0
0
0
0
0
0
0
0
0
0
0
0
0
0
0
0
0
0
0
0
0
0
0
0
0
0
0
0
0
0
0
0
0
0
0
0
0
0
0
0
0
0
0
0
0
0
0.103788
0.103788
0.123316
0.123316
0
0.123316
0.123316
0.123316
0.123316
0.123316
0.123316
0.123316
0
0
0
0
0
0
0
0
0
0
0
0
0
0
0
0.101666
0.0571662
0.0571662
0
0.0571662
0.0571662
0.0571662
0
0
0
0
0
0.0622573
0.0771517
0.0771517
0.0771517
0
0
0
0
0
0.0771517
0.0622573
0
0.0622573
0
0.0622573
0.0622573
0
0.0622573
0.0771517
0
0
0
0
0
0
0.0771517
0.107521
0
0
0
0.107521
0.107521
0.0801605
0.0801605
0
0
0.0722394
0.0793988
0.0793988
0.0793988
0
0
0.0722394
0
0
0
0
0
0
0
0
0
0
0
0
0
0
0
0
0.0540738
0.0540738
0.0540738
0
0.0540738
0.0540738
0.0540738
0.0540738
0.0540738
0.0540738
0.0540738
0.0540738
0.0545545
0
0
0.0540738
0
0
0
0.0545545
0.0545545
0.0545545
0.0540738
0
0
0
0.0540738
0.0540738
0.0540738
0.0545545
0.0545545
0
0
0
0
0
0
0
0
0
0
0
0
0
0
0
0
0
0
0
0
0
0
0
0
0
0
0
0
0
0
0
0
0
0
0
0
0
0
0
0
0
0.0545545
0
0
0
0.0545545
0.0545545
0
0.0540738
0.0540738
0.106399
0.106399
0
0
0
0
0
0
0
0.0571662
0.0571662
0.0571662
0.0622573
0
0.0622573
0.0622573
0.0571662
0.0771517
0.0771517
0
0
0
0
0.0771517
0
0
0.100201
0
0
0
0
0
0
0
0
0
0
0
0
0
0
0
0
0
0
0
0
0
0
0
0
0
0
0
0
0
0
0
0
0
0
0
0
0
0
0
0
0
0
0
0
0
0
0
0
0
0
0
0
0
0
0
0
0
0
0
0
0
0
0
0
0
0
0
0
0
0
0
0
0
0
0
0
0
0
0
0
0
0
0
0
0
0
0
0
0
0
0
0
0
0
0
0
0
0
0
0
0
0
0
0
0
0
0
0
0
0
0
0.124424
0.124424
0.124424
0.124424
0.124424
0.124424
0
0
0
0
0
0
0
0
0
0
0
0
0
0
0
0
0
0
0
0
0
0
0
0
0
0
0
0
0
0
0
0
0.0247083
0.0247083
0.0247083
0.0247083
0.0247083
0.0247083
0.0247083
0
0
0
0
0
0
0.187317
0.187317
0.187317
0.187317
0
0.153998
0.153998
0.153998
0.153998
0.153998
0.153998
0.172774
0.182069
0.116248
0.116248
0.116248
0.116248
0
0
0
0
0
0.116248
0.0778499
0.0622573
0.0622573
0.0622573
0
0
0.135045
0.135045
0.135045
0.135045
0.135045
0.135045
0.135045
0.135045
0
0
0
0
0
0
0.0323762
0.0323762
0.0323762
0
0
0.0323762
0.0323762
0.0323762
0.0323762
0.0323762
0.0323762
0.0323762
0.0323762
0.0323762
0.0323762
0.0323762
0.0323762
0.0323762
0.0323762
0.0323762
0.0323762
0.0323762
0.0323762
0
0.0323762
0.0323762
0.0323762
0.0323762
0.0323762
0
0
0
0
0
0
0
0
0.0323762
0.0328976
0.0328976
0.0323762
0
0
0
0
0
0
0
0
0
0
0
0.0323762
0.0323762
0.0323762
0.0323762
0.0323762
0.0323762
0
0.0323762
0
0
0
0.0595491
0.0595491
0.0595491
0.0595491
0.0595491
0.0595491
0
0
0
0
0
0
0
0
0
0.0615457
0.0615457
0.0615457
0.0615457
0.0595491
0.0595491
0.0595491
0.0595491
0.0595491
0.0595491
0.0595491
0.0323762
0.0323762
0.0323762
0.0323762
0.0323762
0.0323762
0.0450835
0.0450835
0.0491473
0.0491473
0.0450835
0
0
0
0
0
0
0.0323762
0
0.0323762
0
0
0
0
0
0
0
0.0491473
0.0491473
0.0491473
0.0491473
0
0.0495074
0.0495074
0.0491473
0.048795
0.048795
0.048795
0.0450835
0.0450835
0.0450835
0.0468293
0.0450835
0
0
0.0566139
0
0
0.0566139
0.0450835
0.0450835
0
0
0
0
0
0
0
0
0
0
0
0
0
0
0
0
0
0
0
0
0
0
0
0
0
0
0
0
0
0.124244
0
0
0
0
0
0.124154
0.124154
0.124154
0.124154
0.124154
0.124244
0.124244
0.124244
0.124244
0
0
0
0
0
0
0
0.124244
0
0
0
0
0
0
0
0
0
0
0
0
0
0
0
0
0
0
0
0
0
0.124244
0.124244
0.124244
0.124244
0.124244
0.124244
0
0
0
0
0
0
0
0
0
0
0
0
0
0
0
0
0
0
0
0
0
0
0
0
0
0
0
0
0
0
0
0
0
0
0
0
0
0
0
0
0
0
0
0
0
0
0
0
0
0
0
0
0
0
0
0
0
0
0
0
0
0
0
0
0
0
0
0
0
0
0
0
0
0
0
0
0
0
0
0
0
0
0
0
0
0
0
0
0
0
0
0
0
0
0
0
0
0
0
0
0
0
0
0
0
0
0
0
0
0
0
0
0
0
0
0
0
0
0
0
0
0
0
0
0
0
0
0
0
0
0
0
0
0
0
0
0
0
0
0
0
0
0
0
0
0
0
0
0
0
0
0
0
0
0
0
0
0
0
0
0
0
0
0
0
0
0
0
0
0
0
0
0
0.124424
0.124424
0.124424
0.124424
0.124424
0.124424
0
0
0
0
0
0
0
0
0
0
0
0.124515
0.104352
0.100251
0.104352
0
0
0
0.100251
0.100251
0
0
0
0.100251
0
0
0
0
0
0
0
0
0
0
0
0
0
0
0
0
0
0
0
0
0.124244
0
0
0
0
0
0
0
0
0
0
0
0
0
0
0
0
0
0
0
0
0
0
0
0
0
0
0
0
0
0
0
0
0
0
0
0
0
0
0
0
0
0
0
0
0
0
0
0
0
0
0
0
0
0
0
0
0
0
0
0
0
0
0
0
0
0
0
0
0
0
0
0
0
0
0.103418
0.103418
0.103418
0.103418
0.103418
0
0
0
0
0
0
0
0
0
0
0
0
0.103418
0.103418
0.103418
0.103418
0.103418
0.103418
0.103418
0.103418
0.103418
0
0.103418
0.103418
0.103418
0.103418
0.103418
0.103418
0.103418
0.103418
0
0
0
0
0
0.0275869
0.0710669
0.0275869
0
0.0275869
0
0.0275869
0
0.0275869
0.0710669
0.0710669
0.0710669
0.0710669
0.0710669
0.0275869
0.117851
0.117851
0.117851
0.117851
0.117851
0
0
0
0
0
0
0
0
0
0
0
0
0
0
0
0
0
0
0
0
0
0
0
0
0
0
0
0
0
0
0
0
0
0
0
0
0
0
0
0
0
0
0
0
0
0
0
0
0
0
0
0
0
0
0
0
0
0
0
0
0
0
0
0
0
0
0
0
0
0
0
0
0
0
0
0
0
0
0
0
0
0
0
0
0
0
0
0
0
0
0
0
0
0
0
0
0
0
0
0
0
0
0
0
0
0
0
0
0
0.103418
0.103418
0.103418
0.103418
0.103418
0.103418
0.103418
0.103418
0.0666173
0.103418
0.103418
0.103418
0.103418
0.103418
0.103418
0.103418
0
0
0
0
0.103418
0.103418
0.103418
0.103418
0.103418
0.103418
0.103418
0.103418
0.103418
0.103418
0.103418
0
0
0
0
0.103418
0.103418
0.103418
0
0
0
0
0
0
0
0
0.103788
0.103788
0.103418
0.103418
0
0.103418
0.103418
0.103418
0.103418
0.103418
0.103418
0.103418
0.0601929
0
0
0.0601929
0.103418
0.103788
0.103788
0
0.103788
0
0
0
0
0
0
0
0
0
0.103418
0
0.103418
0.103418
0.103418
0.103418
0.103418
0.103788
0.103418
0
0
0
0
0
0
0
0
0
0
0.103418
0.103418
0.103418
0.103418
0.103418
0
0
0
0
0
0
0
0
0
0
0
0
0
0
0
0
0
0
0
0
0.103418
0.103418
0.103418
0.103418
0.0774984
0
0.0774984
0
0
0
0
0
0
0.103418
0.103788
0.103788
0.103788
0.103788
0
0
0.103788
0.103788
0.125491
0.125491
0
0
0
0
0.125491
0.125491
0.125491
0.103788
0
0
0
0
0.154919
0.154919
0.154919
0.154919
0.154919
0.154919
0.154919
0.154919
0.154919
0.154919
0.154919
0.154919
0.154919
0.0589256
0.154919
0.154919
0.154919
0.154919
0.154919
0
0.154919
0.154919
0.154919
0.154919
0.154919
0.154919
0
0.154919
0.154919
0
0.154919
0.154919
0.154919
0.154919
0.0933859
0.154919
0
0
0
0
0
0
0
0
0
0
0
0
0
0
0
0
0
0
0
0
0
0
0
0
0
0
0
0
0
0
0
0
0
0
0
0
0
0
0
0
0
0
0
0
0
0
0
0
0
0
0
0
0
0
0
0
0
0
0
0
0
0
0
0
0
0
0
0
0
0
0
0
0
0
0
0
0
0
0
0
0
0
0
0
0
0
0
0
0
0
0
0
0
0
0
0
0
0
0
0
0
0
0
0
0
0
0.124244
0
0
0
0
0
0
0
0
0
0
0
0
0
0
0
0
0
0
0
0
0
0
0
0
0
0
0
0
0
0
0
0
0
0
0
0
0
0
0
0
0.124244
0.124244
0.124244
0.124244
0
0.0391031
0.124424
0.136293
0.136293
0.137145
0.136293
0.0391031
0
0.124244
0.124244
0.124244
0
0
0.0849208
0.0849208
0.0849208
0.0849208
0.0849208
0.0980581
0.0980581
0.0980581
0
0
0
0
0.124424
0.124424
0.124424
0.124424
0.124424
0.124424
0.124424
0
0
0
0
0
0
0
0
0
0
0
0
0
0
0
0
0
0
0
0
0
0
0
0
0
0
0
0
0
0
0
0
0
0
0
0
0
0
0
0
0
0
0
0
0
0
0
0
0
0
0
0
0
0
0
0
0
0
0
0
0
0
0
0
0
0
0
0
0
0
0
0
0
0
0
0
0
0
0
0
0
0
0
0
0
0
0
0
0
0
0
0
0
0
0
0
0
0
0
0
0
0
0
0
0
0
0
0
0
0
0
0
0
0
0
0
0
0
0
0
0
0
0
0
0
0
0
0
0
0
0
0
0
0
0
0
0
0
0
0
0
0
0
0
0
0
0
0
0
0
0
0
0
0
0
0
0
0.124244
0.124244
0.124244
0
0
0
0
0
0
0
0
0
0
0
0
0
0
0
0
0
0
0
0
0
0
0
0
0
0
0
0
0
0
0
0
0
0.120386
0.120386
0
0
0.120241
0.120241
0
0
0
0
0
0.0520579
0.0520579
0
0.0520579
0
0
0
0
0
0
0
0
0
0
0
0
0
0
0
0
0
0
0
0
0
0
0
0
0
0
0
0
0
0
0
0
0
0
0
0
0
0
0
0
0
0
0
0
0
0
0
0
0
0
0
0
0
0
0
0
0
0.120386
0.120386
0.120386
0.120386
0.120386
0
0.143839
0
0
0
0.0521641
0.0521641
0.0521641
0.0521641
0.0521641
0.0521641
0
0
0
0
0
0
0
0
0
0
0.122628
0.120386
0.0521641
0
0
0
0
0.120386
0.120386
0.120386
0.120386
0.120386
0
0
0
0
0
0
0
0
0
0
0
0
0
0
0
0
0
0
0.120386
0
0
0
0
0
0
0
0
0
0
0
0
0
0
0
0
0
0
0
0
0
0
0
0
0
0
0
0
0
0
0
0
0
0
0
0
0
0
0
0
0
0
0
0
0
0
0
0.124515
0
0
0
0
0
0
0
0
0
0
0
0
0
0
0
0
0
0
0
0.124065
0.124065
0.124065
0.124065
0
0
0
0
0
0.124605
0.124605
0.124605
0.124605
0.124605
0.124605
0.124605
0.124605
0.124605
0.124605
0.124605
0.124605
0.124605
0.0394208
0.0394208
0.133631
0.133631
0
0
0
0.124605
0.124605
0.124605
0.124605
0.124605
0.124605
0.124605
0.124605
0.124605
0.124605
0.1066
0.1066
0
0.1066
0
0.1066
0.124605
0.124605
0.124605
0.124605
0
0
0.124605
0
0
0
0
0.124605
0.0550482
0.0550482
0
0
0
0
0
0
0
0
0.0550482
0
0
0
0
0.1066
0
0
0.1066
0
0
0
0
0.124605
0.124605
0.1066
0.1066
0.1066
0.1066
0.1066
0.1066
0.1066
0.124605
0.1066
0
0
0
0
0
0
0
0
0
0
0
0
0
0
0
0
0
0
0
0
0
0.1066
0
0
0.124605
0.124605
0.124605
0.1066
0.1066
0.124605
0.124605
0.1066
0
0.1066
0.146206
0.146206
0.146206
0
0
0
0.146206
0.146206
0.0641941
0.0641941
0.0641941
0
0.0641941
0.0641941
0
0
0
0
0
0
0
0
0
0
0.124605
0.124605
0.124605
0.124605
0.124605
0.124605
0.124605
0.1066
0.1066
0.1066
0.1066
0.1066
0.1066
0.1066
0.1066
0.1066
0
0
0
0
0
0
0.124605
0
0.124605
0.124605
0.124605
0.124605
0.106701
0.124605
0.124696
0
0
0
0
0
0
0
0
0
0
0
0
0
0.111803
0
0
0
0
0.129099
0
0
0
0.0531494
0
0
0
0
0.143085
0
0
0
0
0
0
0
0
0
0
0
0
0
0
0
0
0
0.166667
0.118818
0
0
0
0
0
0
0
0
0
0
0
0
0
0
0
0
0
0
0
0
0
0
0
0
0
0
0
0
0
0
0
0.125153
0
0.130017
0
0
0
0
0
0
0.124605
0.140546
0.1223
0
0.0406222
0.124605
0.0846668
0.124605
0.124605
0.124605
0.124605
0.124605
0.124605
0.124605
0.124605
0.124605
0.124605
0.124605
0.124605
0.124605
0.124605
0.124605
0.124605
0.1066
0.1066
0.1066
0.1066
0.1066
0.1066
0.1066
0.1066
0.1066
0.1066
0.1066
0.1066
0.1066
0.1066
0.1066
0.1066
0.1066
0.1066
0.1066
0.1066
0.1066
0.1066
0.1066
0
0
0
0
0
0
0
0
0
0
0
0.1066
0.1066
0.1066
0.1066
0
0
0
0
0
0.107109
0
0.1066
0.1066
0.1066
0.1066
0.1066
0
0
0.1066
0
0.1066
0.1066
0
0
0
0
0
0
0
0
0
0
0
0
0
0.1066
0.1066
0.1066
0.1066
0.1066
0
0.1066
0.1066
0
0
0
0
0
0
0
0
0
0
0
0
0
0
0
0
0
0
0
0
0
0
0
0
0
0
0
0
0
0
0
0
0
0
0
0
0
0
0
0
0
0
0
0
0
0
0
0
0
0
0
0
0
0
0
0
0
0
0
0
0
0
0
0
0
0
0
0
0
0
0
0
0
0
0
0
0
0
0
0
0
0
0
0
0
0
0
0
0
0
0
0
0
0
0
0
0
0
0
0
0
0
0
0
0
0
0
0
0
0
0
0
0
0
0
0
0
0
0
0
0
0
0
0
0
0
0
0
0
0
0
0
0
0
0
0
0
0
0
0
0
0
0
0
0
0
0
0
0
0
0
0
0
0
0
0
0
0
0
0
0
0
0
0
0
0
0
0
0
0
0
0
0
0
0
0
0
0
0
0
0
0
0
0
0
0
0
0
0
0
0
0
0
0
0
0
0
0
0
0
0
0
0
0
0
0
0
0
0
0
0
0
0
0
0
0
0
0
0
0
0
0
0
0
0
0
0
0
0
0
0
0
0
0
0
0
0
0
0
0
0
0.107006
0
0.107006
0
0
0
0
0
0
0
0
0
0
0
0
0
0
0
0
0
0
0
0
0
0
0
0
0
0
0
0
0
0
0
0
0
0
0
0
0
0
0
0
0
0
0
0
0
0
0
0
0
0
0
0
0
0
0
0
0
0
0
0
0
0
0
0
0
0
0
0
0
0
0
0
0
0
0
0
0
0
0
0
0
0
0
0
0
0
0
0
0
0
0
0
0
0
0
0
0
0
0
0
0
0
0
0
0
0
0
0
0
0.1066
0
0
0
0
0
0
0.1066
0
0
0
0
0
0
0
0
0
0
0
0
0
0
0
0
0
0
0
0
0
0
0
0
0
0
0
0
0
0
0
0
0
0
0
0
0
0
0
0
0
0
0
0
0
0
0
0
0
0
0
0
0
0
0
0
0
0
0
0
0
0
0
0
0
0
0
0
0
0
0
0
0
0
0
0
0
0
0
0
0
0
0
0
0
0
0
0
0
0
0
0
0
0
0
0
0
0
0
0
0
0
0
0
0
0
0
0
0
0
0
0
0
0
0
0
0
0
0
0
0
0
0
0
0
0
0
0
0
0
0
0
0
0
0
0
0
0
0
0
0
0
0
0
0
0
0
0
0
0
0
0
0
0
0
0
0
0
0
0
0
0
0
0
0
0
0
0
0
0
0
0
0
0
0
0
0
0
0
0
0
0
0
0
0
0
0
0
0
0
0
0
0
0
0
0
0
0
0
0
0
0
0
0
0
0
0
0
0
0
0
0
0
0
0
0
0
0
0
0
0
0
0
0
0
0
0
0
0
0
0
0
0
0
0
0
0
0
0
0
0
0
0
0
0
0
0
0
0
0
0
0
0
0
0
0
0
0
0
0
0
0
0
0
0
0
0
0
0
0
0
0
0
0
0
0
0
0
0
0
0
0
0
0
0
0
0
0
0
0
0
0
0
0
0
0
0
0
0
0
0
0
0
0
0
0
0
0
0
0
0
0
0
0
0
0
0
0
0
0
0
0
0
0
0
0
0
0
0
0
0
0
0
0
0
0
0
0
0
0
0
0
0
0
0
0
0
0
0
0
0
0
0
0
0
0
0
0
0
0
0
0
0
0
0
0
0
0
0
0
0
0
0
0
0
0
0
0
0
0
0
0
0
0
0
0
0
0
0
0
0
0
0
0
0
0
0
0
0
0
0
0
0
0
0
0
0
0
0
0
0
0
0
0
0
0
0
0
0
0
0
0
0
0
0
0
0
0
0
0
0
0
0
0
0
0
0
0
0
0
0
0
0
0
0
0
0
0
0
0
0
0
0
0
0
0
0
0
0
0
0
0
0
0
0
0
0
0
0
0
0
0
0
0
0
0
0
0
0
0
0
0
0
0
0
0
0
0
0
0
0
0
0
0
0
0
0
0
0
0
0
0
0
0
0
0
0
0
0
0
0
0
0.1066
0.1066
0.1066
0
0
0
0.1066
0.1066
0.1066
0.1066
0
0
0
0
0.1066
0.1066
0
0
0.1066
0.1066
0.1066
0.1066
0.1066
0.1066
0.1066
0
0
0
0.1066
0
0
0
0.1066
0
0.1066
0.1066
0
0
0
0
0
0
0
0
0
0
0.124605
0.125153
0.125153
0.147392
0.147392
0.125153
0.0641941
0.0641941
0
0
0
0
0
0.0641941
0.0641941
0
0
0
0
0
0
0
0
0.118262
0.118262
0.118262
0
0.118262
0.124605
0.124605
0.124605
0.124605
0.124605
0.124605
0.124605
0.124605
0
0
0
0
0
0.124605
0
0.124605
0.124605
0.1
0.124605
0.124605
0.125153
0
0
0
0
0
0
0
0
0
0
0
0
0
0
0
0
0
0
0
0
0.160128
0
0
0
0
0.130017
0.130017
0.130017
0
0
0
0
0
0
0
0.143085
0.143085
0.172372
0.172372
0.143085
0.143085
0.143085
0.143085
0.125153
0.125153
0.125153
0.0626634
0.0626634
0
0
0.0626634
0.0626634
0.0626634
0.125153
0.125153
0.125153
0.0626634
0.0626634
0.0626634
0.0626634
0.125153
0.125153
0.125153
0.125153
0.126176
0.0626634
0.125153
0.125153
0.125153
0.146206
0.146206
0.146206
0
0.146206
0.125153
0.125153
0.125153
0
0
0.125153
0.125153
0.125153
0.0680414
0.0680414
0.0680414
0.0680414
0
0.0680414
0.126792
0.126792
0.126792
0.126792
0.126792
0
0
0
0
0
0
0
0
0
0
0
0
0
0
0
0
0
0
0.124605
0.124605
0.0641941
0.124605
0
0.124605
0.0641941
0.0229658
0.0721688
0.124605
0.0394208
0.133235
0.0531494
0.0531494
0.166667
0.166667
0.0531494
0.0531494
0.0531494
0.0531494
0.0846668
0
0
0
0
0
0
0
0
0
0
0
0
0
0
0
0
0
0
0
0
0
0
0
0
0
0
0
0
0
0
0
0
0
0
0.0936586
0.0936586
0.0641941
0.0641941
0.0641941
0.0641941
0
0.0641941
0.0641941
0.0641941
0.0641941
0.0641941
0
0
0
0
0
0
0
0
0
0
0
0.172854
0.172854
0.17609
0.172854
0.183597
0.0406222
0.0406222
0.0406222
0
0
0
0
0.0406222
0
0
0
0
0
0
0
0
0
0
0
0
0
0
0
0
0
0
0
0
0
0
0
0
0
0
0
0
0
0
0
0
0
0
0
0
0
0
0
0.0421076
0.0421076
0.0421076
0
0
0.0423334
0
0
0
0
0
0
0.0423334
0.0423334
0
0.0423334
0.11651
0.11651
0
0.0716804
0
0.0716804
0.0716804
0.0716804
0.0716804
0.0716804
0.0716804
0.0716804
0
0.0716804
0.0716804
0.0801605
0.0801605
0.0716804
0
0
0
0
0
0
0
0
0
0
0
0
0
0
0.124605
0.124605
0.132891
0
0.118262
0.0421076
0.125153
0.125153
0.183597
0.183597
0
0
0.143085
0
0
0
0
0
0
0.130017
0.130017
0
0
0
0
0
0
0
0
0
0.125153
0.160128
0.0641941
0
0.0680414
0
0.0936586
0.124605
0.0531494
0.0846668
0
0
0.172854
0.124605
0.0406222
0
0
0
0.0716804
0.0716804
0.0716804
0.0716804
0
0
0
0
0.124605
0
0
0
0
0
0
0
0
0
0.1066
0.1066
0
0
0
0
0
0.1066
0.1066
0.1066
0.1066
0.1066
0.1066
0.1066
0.1066
0.1066
0.1066
0.1066
0.1066
0.1066
0.1066
0.1066
0.1066
0.1066
0.1066
0.1066
0.1066
0.1066
0.1066
0
0
0
0
0
0
0
0
0.1066
0.1066
0.1066
0.1066
0.1066
0.1066
0.1066
0.1066
0.1066
0.1066
0.1066
0.1066
0.1066
0.1066
0.1066
0.1066
0.1066
0.1066
0.1066
0.1066
0.1066
0
0.1066
0
0.1066
0.1066
0.1066
0.1066
0.1066
0.1066
0.1066
0.1066
0.1066
0.1066
0.1066
0.1066
0
0
0
0
0
0
0
0
0
0
0
0
0
0
0
0
0
0
0
0
0
0
0
0
0
0
0
0
0
0
0
0
0
0
0
0
0
0
0
0
0
0
0
0
0
0
0
0
0
0
0
0
0
0
0
0
0
0
0
0.1066
0.1066
0.1066
0
0.1066
0.1066
0.1066
0.1066
0
0
0
0.1066
0.1066
0.1066
0.1066
0.1066
0.1066
0.1066
0.1066
0.1066
0.1066
0.1066
0
0
0.1066
0.1066
0.1066
0
0
0
0.1066
0.1066
0
0
0
0
0
0
0
0.1066
0.1066
0.1066
0.1066
0.1066
0.1066
0.1066
0
0
0
0
0.1066
0.1066
0.1066
0
0
0
0
0
0
0.1066
0.1066
0
0
0
0
0
0
0
0.1066
0.1066
0.1066
0.1066
0
0
0
0
0
0.1066
0
0
0
0
0.1066
0.1066
0.1066
0.1066
0
0
0
0
0
0
0
0.1066
0
0.1066
0
0
0
0.1066
0.1066
0.1066
0.1066
0.1066
0.1066
0.1066
0.1066
0.1066
0
0.1066
0.1066
0
0.1066
0.1066
0.1066
0.1066
0
0.1066
0.1066
0.1066
0.1066
0.1066
0.1066
0.1066
0
0.1066
0.1066
0.1066
0.1066
0.1066
0
0
0
0
0
0.1066
0.1066
0
0
0
0
0
0
0
0
0
0
0
0
0
0
0
0
0
0
0
0
0
0
0
0
0
0
0
0
0
0
0
0
0
0
0
0
0
0
0
0
0
0
0
0
0
0
0
0
0
0
0
0
0
0
0
0
0
0
0
0
0
0
0
0
0
0
0
0
0
0
0
0
0
0
0
0
0
0
0
0
0
0
0
0
0
0
0
0
0
0
0
0
0
0
0
0
0
0
0
0
0
0
0
0
0
0
0
0
0
0
0
0
0
0
0
0
0
0
0
0
0
0
0
0
0
0
0
0
0
0
0
0
0
0
0
0
0
0
0
0
0
0
0
0
0
0
0
0
0
0
0
0
0
0
0
0
0
0
0
0
0
0
0
0
0
0
0
0
0
0
0
0
0
0
0
0
0
0
0
0
0
0
0
0
0
0
0
0
0
0
0
0
0
0
0
0
0
0
0
0
0
0
0
0
0
0
0
0
0
0
0
0
0
0
0
0
0
0
0
0
0
0
0
0
0
0
0
0
0
0
0
0
0
0
0
0
0
0
0
0
0.107006
0.107006
0.107006
0.107006
0
0
0
0
0
0
0
0
0
0
0
0
0
0
0
0
0
0
0
0
0
0
0
0
0
0
0
0
0
0
0
0
0
0
0
0
0
0
0
0
0
0
0
0
0
0
0
0
0
0
0
0
0
0
0
0
0
0
0
0
0.107006
0.1066
0
0
0
0
0
0
0
0
0.1066
0.1066
0.1066
0.1066
0
0.124605
0.124605
0.124605
0
0.124605
0.124605
0.127613
0
0
0.124605
0
0
0.124605
0.103051
0.124605
0.124605
0.124605
0.124605
0.124605
0.124605
0.124605
0.124605
0.124605
0.124605
0.124605
0.124605
0.124605
0.124605
0.124605
0.124605
0.124605
0.124605
0.124605
0.124605
0.124605
0.124605
0.124605
0.124605
0.124605
0.124605
0.124605
0
0
0.124605
0.124605
0.124605
0.124605
0.124605
0.124605
0.124605
0.124605
0.124605
0.124605
0.124605
0.124605
0.124605
0.124605
0.124605
0.124605
0.124605
0.124605
0.124605
0.124605
0.124605
0.124605
0.124605
0.124605
0.124605
0.124605
0.124605
0.124605
0.124605
0.124605
0.124605
0.124605
0.124605
0.124605
0.124605
0.124605
0.124605
0.124605
0.124605
0.124605
0.124605
0.124605
0.124605
0.124605
0.124605
0.124605
0.124605
0.124605
0.124605
0.124605
0.124605
0.124605
0.124605
0.124605
0.124605
0.124605
0.124605
0.124605
0.124605
0.124605
0.124605
0.124605
0.124605
0.124605
0.124605
0.124605
0.124605
0.124605
0.124605
0.124605
0.124605
0
0
0
0.141895
0.141895
0.141895
0.141895
0.141895
0
0
0
0.153998
0.153998
0.153998
0.141895
0.153998
0.141895
0.141895
0.153998
0.141895
0.141895
0
0.141895
0
0
0
0
0
0
0
0
0
0
0
0
0
0
0
0
0
0
0
0
0
0
0
0
0
0
0
0
0
0
0.124244
0.124244
0.124244
0
0
0
0
0
0
0
0
0
0
0
0
0
0
0
0
0
0
0
0
0
0
0
0
0
0
0
0
0.124244
0
0
0
0
0
0
0
0
0
0
0
0
0
0
0
0
0
0
0.124244
0
0
0
0
0
0.135847
0.135847
0.135847
0.135847
0
0
0
0
0
0
0
0
0
0
0
0
0
0
0
0
0
0
0
0.124244
0
0
0
0
0
0
0
0
0
0
0
0
0.133038
0.133038
0.133038
0.133038
0.133038
0.133038
0
0
0
0
0.133038
0.137145
0.133038
0.0481125
0.0481125
0
0.133038
0.133038
0.13484
0.13484
0.139347
0.177705
0.133038
0.133038
0.133038
0.133038
0.133038
0
0
0.133038
0.133038
0.133038
0.133038
0.120678
0.133038
0.0930484
0.133038
0
0
0
0
0
0
0
0
0
0
0
0
0
0
0
0
0
0
0
0
0
0
0
0
0
0
0
0
0
0
0
0
0
0
0
0
0
0
0
0
0
0
0
0
0
0
0
0
0
0
0
0
0
0
0
0
0
0
0
0
0
0
0
0
0
0
0
0
0
0
0
0
0
0
0.133038
0.139347
0.139347
0.139347
0.139347
0.139347
0.139347
0
0.133038
0.133038
0.133038
0.133038
0.133038
0.133038
0.133038
0
0
0
0
0
0
0
0
0
0
0
0
0
0
0
0
0
0
0
0
0
0
0
0
0
0
0
0
0
0
0.103788
0.103788
0.103788
0.103788
0.103788
0.103788
0.103788
0
0
0
0
0
0
0
0
0
0.148522
0.148522
0.148522
0.148522
0.148522
0.148522
0.148522
0.148522
0.148522
0.148522
0.148522
0.148522
0.150471
0.148522
0.148522
0.160128
0.160128
0.160128
0.188982
0.16403
0.136558
0.136558
0
0
0.0680414
0.0680414
0.0680414
0.0990148
0.0990148
0.0990148
0.0990148
0
0
0.189547
0.134433
0
0.148522
0.148522
0.148522
0.148522
0.148522
0.148522
0.148522
0.148522
0.148522
0.181568
0.181568
0.181568
0.369274
0.369274
0.123091
0.123091
0.0662266
0.0662266
0.123091
0.127515
0
0
0
0.123091
0.148522
0.148522
0.148522
0.171499
0
0
0
0
0
0
0
0.231455
0
0.288675
0.288675
0.288675
0.297044
0.288675
0
0.339683
0.288675
0
0.171499
0.136558
0
0.136558
0
0.136558
0.136558
0.148522
0.148522
0.148522
0.148522
0.148522
0.148522
0.148522
0.148522
0
0
0
0.148522
0.148522
0.148522
0.148522
0.148522
0.148522
0
0
0
0
0.148522
0
0
0
0
0.148522
0
0
0.148522
0.148522
0.148522
0.148522
0
0
0
0.148522
0.149626
0.153093
0.148522
0
0
0
0
0
0.148522
0.148522
0.148522
0.148522
0.119098
0.148522
0.0595491
0.15133
0.148522
0.148522
0.148522
0.148522
0.148522
0.148522
0.148522
0.0247083
0.0247083
0.0247083
0.0247083
0.0247083
0.0247083
0.0247083
0.0247083
0.0247083
0.0247083
0
0
0
0
0
0
0
0
0
0
0.0247083
0.0247083
0
0
0
0.0247083
0
0
0
0
0
0
0
0
0
0
0
0
0
0
0
0
0
0
0
0
0
0
0
0
0
0
0
0
0
0
0
0
0.0247083
0.0247083
0.120386
0.120386
0.120386
0.120386
0.120386
0.120386
0
0
0
0
0
0
0.0521641
0.120386
0
0
0
0
0
0
0
0.0521641
0.0521641
0.0521641
0.0521641
0.0521641
0
0.0521641
0
0
0
0
0.0522708
0
0
0
0
0
0
0
0
0
0
0
0
0
0
0
0
0
0
0
0
0
0.124244
0.124244
0.124244
0.124244
0.124244
0.124244
0.124244
0.124244
0.124244
0.124244
0.124244
0.124424
0.124424
0
0.124424
0.124424
0.124244
0.124244
0.124244
0.124244
0.124244
0.124244
0.124424
0.124424
0.124244
0
0
0
0
0
0
0
0
0.039148
0.039148
0.039148
0
0
0
0
0
0.0392383
0
0.124424
0.124424
0.137145
0.0391031
0
0.0391031
0.0391031
0
0
0
0
0
0
0
0
0
0
0
0
0
0
0
0
0
0
0
0
0
0
0
0
0
0
0
0
0
0
0
0
0
0
0
0
0
0
0
0
0
0
0
0
0
0
0
0
0
0
0
0
0
0
0
0
0
0
0
0
0
0
0
0
0
0
0
0
0
0
0
0
0
0
0
0
0
0
0
0
0
0
0
0
0
0
0
0
0
0
0
0
0
0
0
0
0
0
0
0
0
0
0
0
0
0
0
0
0
0
0
0
0
0
0
0
0
0
0
0
0
0
0
0
0
0
0
0
0
0
0
0
0
0
0
0
0
0
0
0
0
0
0
0
0
0
0
0
0
0
0
0
0
0
0
0
0
0
0
0
0
0
0
0
0
0
0
0
0
0
0
0
0
0
0
0
0
0
0
0
0
0
0
0
0
0
0
0
0
0
0
0
0
0
0
0
0
0
0
0
0
0
0
0
0
0
0
0
0
0
0
0
0
0
0
0
0
0
0
0
0
0
0
0
0
0
0
0
0
0
0
0
0
0
0
0
0.124605
0.124605
0.124605
0.124605
0.124605
0.124605
0.124605
0.124605
0.124605
0.124605
0
0
0
0.124605
0.124605
0
0
0
0.124605
0.124605
0.124605
0.124605
0.124605
0
0
0.124605
0
0.124605
0.124605
0.124605
0.124515
0.124515
0.124515
0.1
0.124515
0
0
0
0
0.166667
0
0
0
0
0
0
0
0
0
0
0
0
0
0
0
0
0
0
0
0
0
0
0
0
0
0
0
0
0
0
0
0
0
0
0
0
0
0
0
0
0
0
0
0
0
0
0
0
0
0
0
0
0
0
0
0
0
0
0
0.124244
0.124244
0.124244
0.124244
0.124244
0.124244
0.124244
0
0
0
0
0
0
0
0
0
0
0
0
0
0
0
0
0
0
0
0
0
0
0.120241
0.120241
0.120241
0.120241
0.120241
0
0.120241
0.120241
0.120241
0.120241
0
0.120241
0.120241
0.120241
0.120241
0
0.120241
0.120241
0.120241
0.120241
0
0
0
0
0
0
0
0
0.120241
0.120241
0.120241
0.120241
0.120241
0.120241
0.120241
0.120241
0.120241
0
0
0
0
0
0.124244
0.124244
0.124244
0
0
0
0
0
0
0
0.124676
0.124676
0.124676
0.124676
0.14771
0.14771
0.14771
0.14771
0.14771
0.14771
0
0
0
0
0.124676
0.124676
0.124676
0.124676
0.124676
0.124676
0.124676
0.124676
0.124676
0.124676
0.124676
0.124676
0.124676
0.0555556
0.0555556
0
0.0555556
0.124676
0.124676
0
0
0
0
0
0
0
0
0
0
0
0
0
0
0
0
0
0
0
0
0
0
0
0
0
0
0
0
0
0
0
0
0
0
0
0
0
0
0
0
0
0
0
0
0
0
0
0
0
0
0
0
0
0
0
0
0
0
0
0
0
0
0
0
0.124244
0.124244
0.124244
0.124244
0.124244
0.124244
0.124244
0.124244
0.124244
0.124244
0.124244
0
0
0
0
0
0
0
0
0
0
0
0
0
0
0
0
0
0
0
0
0
0
0
0
0
0
0
0
0
0
0
0
0
0
0
0
0
0
0
0
0
0
0
0
0
0
0
0
0
0
0
0
0
0
0
0
0
0
0
0
0
0
0
0
0
0
0
0
0
0
0
0
0
0
0
0
0
0
0
0
0
0
0
0
0
0
0
0
0
0
0
0
0
0
0
0
0
0
0
0
0
0
0
0
0
0
0
0
0
0
0
0
0
0
0
0
0
0
0
0
0
0
0
0
0
0
0
0
0
0
0
0
0
0
0
0
0
0
0
0
0
0
0
0
0
0
0
0
0
0
0
0
0
0
0
0
0
0
0
0
0
0
0
0
0
0
0
0
0
0
0
0
0
0
0
0
0
0
0
0
0
0
0
0
0
0
0
0
0
0
0
0
0
0
0
0
0
0
0
0
0
0
0
0
0
0
0
0
0
0
0
0
0
0
0
0
0
0
0
0
0
0
0
0
0
0
0
0
0
0
0
0
0
0
0
0
0
0
0
0
0
0
0
0
0
0
0
0
0
0
0
0
0
0
0
0
0
0
0
0
0
0
0
0.124515
0.124515
0.124515
0.124515
0.10224
0.10224
0.10224
0.10224
0.101885
0.101885
0.101885
0.102598
0.101885
0.101885
0.101885
0.101885
0.101885
0.101885
0.102598
0.102598
0.102598
0.102598
0.102598
0.102598
0.102598
0
0.102598
0.102598
0.118401
0.118401
0.118401
0.102598
0.102598
0.101885
0.101885
0.101885
0.101885
0.0760561
0.0760561
0.0760561
0.0760561
0.0760561
0.0760561
0.0760561
0.103418
0
0.103418
0.103418
0
0.103418
0.103418
0
0
0
0
0
0
0
0.101885
0.101885
0.101885
0.101885
0.101885
0.101885
0.101885
0.101885
0.101885
0.101885
0.101885
0.101885
0.101885
0.101885
0
0.101885
0.101885
0
0
0
0.111687
0.111687
0.111687
0.111687
0.111687
0.113592
0.115728
0.114332
0.114332
0.113715
0.113715
0
0.114332
0.114332
0.114332
0.0570266
0
0
0
0.133432
0
0
0
0.124244
0.124244
0
0
0
0
0
0
0
0
0
0
0
0
0
0
0
0
0
0
0
0
0
0
0
0
0
0
0
0
0
0
0
0
0
0
0
0
0
0
0
0
0
0
0
0
0
0.157459
0.157459
0.182069
0.182069
0.284747
0.284747
0.284747
0.284747
0.13378
0
0
0
0
0
0
0
0
0
0
0.157459
0.159111
0.157459
0.152795
0.152795
0.152795
0
0
0.158114
0.158114
0.152795
0.219971
0.225494
0.225494
0
0
0.219971
0.152795
0
0
0
0
0.152795
0
0.16843
0.16843
0.16843
0.16843
0.16843
0.212598
0.285351
0
0.16843
0
0.16843
0.175075
0.175075
0.16843
0.290957
0.290957
0.0323762
0
0.0323762
0.0323762
0.0323762
0.0323762
0.0323762
0.0323762
0.0323762
0
0.0323762
0.0323762
0.0323762
0.0323762
0
0.0323762
0
0.032686
0.204124
0.032686
0
0
0
0
0
0
0
0
0
0.0323762
0.0785674
0.0323762
0.0323762
0.0323762
0.0323762
0.0323762
0.0323762
0.0323762
0.0323762
0
0
0
0.0323762
0.0371135
0
0.0323762
0.0328976
0.0323762
0.16843
0.16843
0.237566
0.237566
0.16843
0
0
0
0
0
0
0
0
0.0323762
0.0323762
0.0323762
0.0323762
0.0323762
0.0323762
0.0323762
0.0323762
0.0323762
0
0.0323762
0.0323762
0.0323762
0
0
0
0.0323762
0.0323762
0.0471405
0.0323762
0.046225
0.0816497
0.0816497
0.117851
0.0816497
0
0.0323762
0.0323762
0.0323762
0.0323762
0
0
0
0
0.051031
0.0323762
0
0.0323762
0
0.0323762
0
0
0
0
0.0323762
0
0
0
0
0.124244
0.124244
0.124244
0
0
0
0
0
0
0
0
0
0
0
0
0
0
0
0
0
0
0
0
0
0
0
0
0
0
0
0
0
0
0
0
0.145914
0
0.0540738
0.0540738
0.0540738
0
0
0
0
0
0
0
0.124515
0
0
0
0
0
0
0
0
0
0
0
0
0
0
0
0
0
0
0
0
0
0
0
0
0
0
0
0
0
0
0
0
0
0
0
0
0
0
0
0
0
0
0
0
0
0
0
0
0
0
0
0
0
0
0
0
0
0
0
0
0
0
0
0
0
0
0
0
0
0
0
0
0
0
0
0
0
0
0
0
0
0
0
0
0
0
0
0
0
0
0
0
0
0
0
0
0
0
0
0
0
0
0
0
0
0
0
0
0
0
0
0
0
0
0
0
0
0
0
0
0
0
0
0
0
0
0
0
0
0
0
0
0
0
0
0
0
0
0
0
0
0
0
0
0
0
0
0
0
0
0
0
0
0
0
0
0
0
0
0
0
0
0
0
0
0
0
0
0
0
0
0
0
0
0
0
0
0
0
0
0
0
0
0
0
0
0
0
0
0
0
0
0
0
0
0
0
0
0
0
0
0
0
0
0
0
0
0
0
0
0
0
0
0
0
0
0
0
0
0
0
0
0
0
0
0
0
0
0
0
0
0
0
0
0
0
0
0
0
0.1
0.1
0.124515
0
0
0
0
0
0
0
0
0
0
0
0
0
0
0
0
0
0
0
0
0
0
0
0
0
0
0
0
0
0
0
0
0
0
0
0
0
0
0
0
0
0
0
0
0
0
0
0
0
0
0
0
0
0
0
0
0
0
0
0
0
0
0
0
0
0
0
0
0
0
0
0.133038
0.133038
0.133038
0.133038
0
0.133038
0.133038
0.133038
0.133038
0.133038
0.133038
0.0682789
0.0682789
0.133038
0.143839
0.143839
0.143839
0.143839
0
0
0
0
0
0.143839
0
0
0.133038
0.133038
0.133038
0
0
0
0
0
0
0
0
0
0
0
0
0
0
0
0
0.133038
0
0
0.0682789
0.0682789
0
0
0
0
0
0
0
0
0
0
0
0
0
0
0
0
0
0
0
0
0
0
0
0
0
0
0
0.124154
0
0
0
0
0
0
0
0
0
0
0
0
0
0
0
0
0
0
0
0
0
0
0
0
0
0.128037
0.128037
0.128037
0.128037
0.139573
0.139573
0.128037
0.139573
0.140257
0.141658
0.0942111
0.0942111
0.0942111
0.136083
0.0849208
0.0849208
0.0849208
0.0849208
0.141658
0.139573
0.146911
0.146911
0.065372
0.149348
0
0
0
0.146911
0.0595491
0.0595491
0.0595491
0.139573
0
0
0
0
0
0
0
0
0
0
0
0
0
0
0
0
0
0
0
0
0
0
0
0
0
0
0
0
0
0
0
0
0
0
0
0
0
0
0
0
0
0
0
0
0
0
0
0
0
0
0
0
0
0
0
0
0
0
0
0
0
0
0
0
0
0
0
0
0
0
0
0
0
0
0
0
0
0
0
0
0
0.117851
0
0
0
0
0
0
0
0
0
0
0
0
0
0
0
0
0
0
0
0
0
0
0
0
0
0
0
0
0
0
0
0
0
0
0
0
0
0
0
0
0
0
0
0
0
0
0
0
0
0
0
0
0
0
0
0
0
0
0
0
0
0
0
0
0
0
0
0
0
0
0
0
0
0
0
0
0
0
0
0
0
0
0
0
0
0
0
0
0
0
0
0
0
0
0
0
0
0
0
0
0
0
0
0
0
0
0
0
0
0
0
0
0
0.124244
0
0
0
0
0
0
0
0
0
0
0
0
0
0
0
0
0
0
0
0
0
0
0
0
0
0
0
0
0
0
0
0
0
0
0
0
0
0
0
0
0
0
0
0
0
0
0
0
0
0
0
0
0
0
0
0
0
0
0
0
0
0
0
0
0
0
0
0
0
0
0
0
0
0
0
0
0
0
0
0
0
0
0
0
0
0
0
0
0
0
0
0
0
0
0
0
0
0
0
0
0
0
0
0
0
0
0
0
0
0
0
0
0
0
0
0
0
0
0
0
0
0
0
0
0
0
0
0
0
0
0
0.124244
0
0.148522
0.0912871
0.0912871
0.0912871
0
0
0.0912871
0
0
0.0912871
0
0
0.0912871
0
0
0
0
0
0
0
0
0
0
0
0
0
0
0
0.0912871
0.148522
0.148522
0.148522
0.148522
0.148522
0.148522
0.148522
0.148522
0.148522
0.148522
0.148522
0.148522
0.148522
0.148522
0.148522
0.339683
0.339683
0.148522
0.148522
0.148522
0.148522
0.096225
0.096225
0.148522
0.148522
0.148522
0.148522
0.148522
0.148522
0.148522
0.148522
0
0
0
0.369274
0.369274
0.369274
0
0
0
0.171184
0.171184
0.171184
0.148522
0.148522
0.148522
0.148522
0.157135
0.0912871
0.0912871
0.148522
0.148522
0
0.148522
0.136558
0.136558
0.148522
0
0
0
0
0
0
0
0
0
0
0
0
0
0
0.148522
0.124244
0
0
0
0
0
0
0
0
0
0
0.152204
0.152204
0.152204
0.152204
0.152204
0.152204
0.152795
0.152795
0.152795
0.160128
0.0969003
0.0645497
0.0645497
0
0
0
0
0
0
0.152795
0.153393
0.153393
0.155857
0.152204
0
0
0
0
0
0
0
0
0
0.124424
0
0
0
0
0
0
0
0
0
0
0
0
0
0
0
0
0
0
0
0
0
0
0
0
0
0
0
0
0
0
0
0
0
0
0.0595491
0.0595491
0.0595491
0.0595491
0.0595491
0.0595491
0.0645497
0
0.103418
0.103418
0.103418
0.139864
0.139864
0.139864
0
0.139864
0
0.103418
0
0.103418
0.0768095
0.0768095
0
0
0
0
0
0
0
0
0
0
0
0
0
0
0
0
0
0
0
0
0
0
0
0
0
0
0
0
0.153695
0.153998
0.177705
0.153998
0
0
0
0
0
0
0
0
0
0
0
0
0
0
0
0
0
0
0
0
0
0
0
0
0
0
0
0
0
0
0.124244
0
0
0
0
0
0
0
0
0
0
0
0
0
0
0
0
0
0
0
0
0
0
0
0
0
0
0
0
0
0
0
0
0
0
0
0
0
0
0
0
0.124244
0.124244
0.124244
0
0
0
0
0
0
0
0
0
0
0
0
0
0
0
0
0
0
0
0
0
0
0
0
0
0
0
0
0
0
0
0
0
0
0
0
0
0
0
0
0
0
0
0
0
0
0
0
0
0
0
0
0
0
0
0
0
0
0
0
0
0
0
0
0
0
0
0
0
0
0
0
0
0
0
0
0
0
0
0
0
0
0
0
0
0
0
0
0
0
0
0
0
0
0
0
0
0
0
0
0
0
0
0
0
0
0
0.166282
0.166282
0.166282
0.166282
0.168232
0.168232
0.168232
0.168232
0.168232
0
0
0
0.168232
0.168232
0.168232
0.168232
0.168232
0.168232
0.168232
0.168232
0.168232
0.168232
0
0
0
0
0
0
0
0
0
0.124244
0
0
0
0
0
0
0
0
0
0
0
0
0
0
0
0
0.124244
0.124244
0.124244
0.124244
0.124244
0.124244
0.124244
0.124244
0.124244
0.124244
0
0
0
0
0
0
0
0
0
0
0
0
0
0
0
0
0
0
0
0
0
0
0
0
0
0
0
0
0
0
0
0
0
0
0
0
0
0
0
0
0
0
0
0
0
0
0
0
0
0
0
0
0
0
0
0
0
0
0
0
0
0
0
0
0
0
0
0
0
0
0
0
0
0
0
0
0
0
0
0
0
0
0
0
0
0
0
0
0
0
0
0
0
0
0
0
0
0
0
0
0
0
0
0
0
0
0
0
0
0
0
0
0
0
0
0
0
0
0
0
0
0
0
0
0
0
0
0
0
0
0
0
0
0
0
0
0
0
0
0
0
0
0
0
0
0
0
0
0
0
0
0
0
0
0
0
0
0
0
0
0
0
0
0
0
0
0
0
0
0
0
0
0
0
0
0
0
0
0
0
0
0
0
0
0
0
0
0
0
0
0
0
0
0
0
0
0
0
0.124605
0.124605
0.124605
0.124605
0.124605
0.124605
0
0
0
0.124605
0
0.124605
0
0.124605
0.124605
0.124605
0
0
0
0
0
0
0
0
0
0
0
0
0
0
0
0
0
0
0
0
0
0
0
0.124244
0.124244
0.124244
0.124244
0.124244
0.124244
0.124244
0.124244
0.124244
0.124244
0.124244
0.124244
0.124244
0
0
0
0
0
0
0
0
0
0
0
0
0
0
0
0
0
0
0
0
0
0
0
0
0
0
0
0
0
0
0
0
0
0
0
0
0
0
0
0
0
0
0
0
0
0
0
0
0
0
0
0
0
0
0
0
0
0
0
0
0
0
0
0
0
0
0
0
0
0
0
0
0
0
0
0.124605
0.124154
0
0
0
0
0
0.117579
0
0
0
0
0
0
0
0
0
0
0
0
0
0
0
0.150188
0.150188
0
0
0
0
0
0
0
0
0
0
0
0
0
0
0
0
0
0
0
0
0
0
0
0
0
0
0
0
0
0
0
0
0
0
0.124244
0
0
0
0.124244
0
0
0
0
0
0
0
0
0
0
0
0
0
0
0
0
0
0
0
0
0
0
0
0
0
0
0
0
0
0
0
0
0
0
0
0
0
0
0
0
0
0
0
0
0
0
0
0
0
0
0
0
0
0
0
0
0
0
0
0
0
0
0
0
0
0
0.124244
0.124244
0.124244
0.124244
0.124244
0.124244
0.124244
0.124244
0.124244
0.124244
0.124244
0.124244
0.124244
0.124244
0.124244
0.124244
0.124244
0.124244
0.124244
0.124244
0.124244
0.124244
0.124244
0.124244
0.124244
0.124244
0.124244
0.124244
0.124244
0.124244
0.124244
0.124244
0.124244
0.124244
0.124244
0.124244
0.124244
0.124244
0.124244
0.124244
0.124244
0.124244
0.124244
0.124244
0.124244
0.124244
0.124244
0.124244
0.124244
0.124244
0.124424
0
0
0
0
0
0
0
0
0
0
0
0
0
0
0
0
0
0.0445435
0.0445435
0.0448111
0.0445435
0
0.0445435
0
0
0
0
0
0
0
0
0
0
0
0
0
0
0
0
0
0
0
0
0
0
0
0
0
0
0
0
0
0
0
0
0
0
0
0
0
0
0
0
0
0
0
0
0
0
0
0
0
0
0
0
0
0
0
0
0
0
0
0
0
0
0
0
0
0
0.124605
0.124605
0.124605
0
0.124605
0.124605
0.143085
0.143085
0.125153
0.124605
0
0
0
0
0
0
0.143085
0.143085
0.143085
0
0.143085
0.158986
0.143085
0
0.143085
0.125153
0.125153
0
0
0
0.125153
0
0
0
0
0.050637
0.050637
0.050637
0.050637
0.124244
0.124244
0.124244
0.124244
0.103418
0
0.103418
0.124244
0.124244
0.124244
0.124244
0.124244
0.124244
0.124244
0.124244
0.124244
0.124244
0.124244
0.124244
0.124244
0.124244
0.124244
0.124244
0.124244
0.124244
0.124244
0.124244
0.124244
0.124244
0.124244
0.124244
0
0
0
0
0.124244
0
0
0
0
0
0
0
0
0
0
0
0
0
0
0.124244
0.124244
0.124244
0.124244
0.124244
0.124244
0.124244
0.124244
0.124244
0.124244
0.124244
0.124244
0.124244
0.124244
0
0
0
0
0
0
0
0
0
0
0
0
0
0
0
0
0
0
0
0
0
0
0
0
0
0
0
0
0
0
0
0
0
0
0
0
0
0
0
0
0
0
0
0
0
0
0
0
0
0
0
0
0
0
0
0
0
0
0
0
0
0
0
0
0
0
0
0
0
0
0
0
0
0
0
0
0
0
0
0
0
0
0
0
0
0
0
0
0
0
0
0
0
0
0
0
0
0
0
0
0
0
0
0
0
0
0
0
0
0
0
0
0
0
0
0
0
0
0
0
0
0
0
0
0
0
0
0
0
0
0
0
0
0
0
0
0
0
0
0
0
0
0
0
0
0
0
0
0
0
0
0
0
0
0
0
0
0
0
0
0
0
0
0
0
0
0
0
0
0
0
0
0
0
0
0
0
0
0
0
0
0
0
0
0
0
0
0
0
0
0
0
0
0
0
0
0
0
0
0
0
0
0
0
0
0
0
0
0
0
0
0
0
0
0
0
0
0
0
0
0
0
0.101885
0
0
0
0
0
0
0
0
0
0
0
0
0
0
0
0
0
0
0
0
0
0
0
0
0
0
0
0
0
0
0
0
0
0
0
0
0
0
0
0
0
0
0
0
0
0
0
0
0
0
0
0
0
0
0
0
0
0.145623
0.0316862
0
0
0
0
0
0
0
0
0
0
0
0
0
0
0
0
0
0
0
0
0
0
0
0
0
0
0
0
0
0
0
0
0
0
0
0
0
0
0
0
0
0
0
0
0
0
0
0
0
0
0
0
0
0
0
0
0
0
0
0
0
0
0
0
0
0
0
0
0
0
0
0
0
0
0
0
0
0
0
0
0
0
0
0
0.124244
0.124244
0
0
0
0
0
0
0
0
0
0
0
0
0
0
0
0
0
0
0
0
0
0
0
0
0
0
0
0
0
0
0
0
0
0
0
0
0
0
0
0
0
0
0
0
0
0
0
0
0
0
0
0
0
0
0
0
0
0
0
0
0
0
0
0
0
0
0
0
0
0
0
0
0
0
0
0
0
0
0
0
0
0
0
0
0
0
0
0
0
0
0
0
0
0
0
0
0
0
0
0
0
0
0
0
0
0
0
0
0
0
0
0
0
0
0
0
0
0
0
0
0
0
0
0
0
0
0
0
0
0
0
0
0
0
0
0
0
0
0
0
0
0
0
0
0
0
0
0
0
0
0
0
0
0
0
0
0
0
0
0
0
0
0
0
0
0
0
0
0
0
0.0540738
0.0540738
0.0540738
0.0540738
0.0540738
0.0540738
0.0540738
0.0540738
0.0540738
0.0540738
0.0540738
0.0540738
0.0540738
0.0540738
0.0540738
0.0890871
0.0540738
0.0540738
0.0540738
0
0
0
0
0
0
0
0
0
0
0
0
0
0
0
0
0
0
0
0
0
0
0
0
0
0
0
0
0
0
0
0
0
0
0
0
0
0
0
0
0
0
0
0
0
0
0
0
0
0
0
0
0
0
0
0
0
0
0
0
0
0
0
0
0
0
0
0
0
0
0
0
0
0
0
0
0
0
0
0
0
0
0
0
0
0
0
0
0
0
0
0.120241
0.120241
0.120241
0.120241
0.120241
0
0
0
0.120241
0.120241
0
0.120241
0.120241
0
0
0
0
0
0
0
0
0
0
0
0
0
0
0
0
0
0
0
0
0
0
0
0
0
0
0
0
0
0
0
0
0
0
0
0
0
0
0
0
0
0
0
0
0
0
0
0
0
0
0
0
0
0
0
0
0
0
0
0
0
0
0
0.120241
0.120241
0.120241
0
0
0
0
0
0
0
0.120241
0.120241
0.120241
0.120241
0
0
0
0
0
0
0
0
0
0
0
0
0
0
0
0
0
0
0
0
0
0
0
0
0
0
0
0
0
0
0
0
0
0
0
0
0
0
0
0
0
0
0
0
0
0
0
0
0
0
0
0
0
0
0
0
0
0
0
0
0
0
0
0
0
0
0
0
0
0
0
0
0
0
0
0
0
0
0
0
0
0
0
0
0
0
0
0
0
0
0
0
0
0
0
0
0
0
0
0
0
0
0
0
0
0
0
0
0
0
0
0
0
0
0
0
0
0
0
0
0
0
0
0
0
0
0
0
0
0
0
0
0
0
0
0
0
0
0
0
0
0
0
0
0
0
0
0
0
0
0
0
0
0
0
0
0
0
0
0
0
0
0
0
0
0
0
0
0
0
0
0
0
0
0
0
0
0
0
0
0
0
0
0
0
0
0
0
0
0
0
0
0
0
0
0
0
0
0
0
0
0
0
0
0
0
0
0
0
0
0
0
0
0
0
0
0
0
0
0
0
0
0
0
0
0
0
0
0
0
0
0
0
0
0
0
0
0
0
0
0
0
0
0
0
0
0
0
0
0
0
0
0
0
0
0
0
0
0
0
0
0
0
0
0
0
0
0
0
0
0
0
0
0
0
0
0
0
0
0
0
0
0
0
0
0
0
0
0
0
0
0
0
0
0
0
0
0
0
0
0
0
0
0
0
0
0
0
0
0
0
0
0
0
0
0
0
0
0
0
0
0
0
0
0
0
0
0
0
0
0
0
0
0
0
0
0
0
0
0
0
0
0
0
0
0
0
0
0
0
0
0
0
0
0
0
0
0
0
0
0
0
0
0
0
0
0
0
0
0
0
0
0
0
0
0
0
0
0
0
0
0
0
0
0
0
0
0
0
0
0
0
0
0
0
0.124424
0
0
0
0
0
0
0
0
0
0
0
0
0
0
0
0
0
0
0
0
0
0
0
0
0
0
0
0
0
0
0
0
0
0
0
0
0
0
0
0
0
0
0
0
0
0
0
0
0
0
0
0
0
0
0
0
0
0
0
0
0
0
0
0
0
0
0
0
0
0
0
0
0
0
0
0
0
0
0
0
0
0
0
0
0
0
0
0
0
0
0
0
0
0.133038
0.133038
0.133038
0.133038
0.139347
0.139347
0.139347
0.139347
0.139347
0
0
0
0
0
0
0
0
0
0
0
0
0
0
0
0
0
0
0
0
0
0
0
0
0
0
0
0
0
0
0
0
0
0
0
0
0
0
0
0
0
0
0
0
0
0
0.124244
0.124244
0.124244
0.124244
0.124244
0.124244
0.124244
0.124244
0.124244
0.124244
0
0
0.152204
0.152204
0.152204
0.152204
0.152204
0.152204
0.152204
0.152204
0.155857
0.155857
0.155857
0
0.160471
0.160471
0.160471
0.160471
0
0
0.160471
0
0.160471
0.160471
0
0
0
0.160817
0.160817
0.165521
0.165521
0.165521
0
0.152204
0.152204
0.152204
0.18009
0.18009
0.18009
0.183083
0
0
0
0
0
0
0
0
0
0
0
0
0
0
0
0
0
0
0
0
0
0
0
0.124244
0.124244
0.124244
0.124244
0.124244
0.124244
0.124244
0.124244
0.124244
0.124244
0.124244
0
0.124244
0.124244
0.124244
0.124244
0.124244
0.124244
0.124424
0.124244
0
0
0
0
0
0
0
0
0
0
0
0
0
0
0
0
0
0
0
0
0
0
0
0
0
0
0
0
0
0
0
0
0
0
0
0
0
0
0
0
0
0
0
0
0
0
0
0
0
0
0
0
0
0
0
0
0
0
0.124244
0.124244
0.124244
0
0
0
0
0
0
0
0
0
0
0
0
0
0
0
0
0
0
0
0
0
0
0
0
0
0
0
0
0
0
0
0
0
0
0
0
0
0
0
0
0
0
0
0
0
0
0
0
0
0
0
0
0
0
0
0
0
0
0
0
0
0
0
0.124424
0.124424
0.124424
0.124424
0.124424
0.124424
0
0
0
0
0
0
0
0
0
0
0
0
0
0
0
0
0
0
0
0
0
0
0
0
0
0
0
0
0
0.124424
0.124244
0.124244
0.109985
0.109985
0.1
0.123404
0.123404
0
0
0
0
0
0
0
0
0
0
0
0
0
0
0
0
0
0
0
0
0
0
0
0
0.124515
0.124515
0.124515
0.124515
0.124515
0.124515
0
0
0
0
0
0
0
0
0
0
0
0
0
0
0
0
0
0
0
0
0
0
0
0
0
0
0
0
0
0
0
0
0.150471
0.150471
0.150471
0
0
0
0.150471
0
0
0.157135
0.157135
0.157135
0
0
0.137523
0.137523
0.137523
0.137523
0.147242
0.147242
0
0
0.254
0.254
0.124154
0.124154
0.18009
0.18009
1
1
1
1
0
0
0
0
0
0.156055
0.156055
0.156055
0.156055
0.156055
0.156055
0.156055
0.156055
0
0.156055
0.156055
0
0.156055
0.156055
0
0.156055
0.124515
0.124515
0.124515
0
0.124515
0.166667
0
0
0
0
0
0
0
0
0
0
0
0
0.1065
0.1065
0.1065
0.1065
0.1065
0.0257684
0.0257684
0.0257684
0.0257684
0.0257684
0
0.124244
0
0
0
0
0
0
0
0
0
0
0
0
0
0
0
0
0
0
0
0
0
0
0
0
0
0
0
0
0
0
0
0
0
0
0
0
0
0
0
0
0
0
0
0
0
0
0
0
0
0
0.120241
0.120241
0
0
0
0.120241
0
0.120241
0.120241
0.120241
0.120241
0.120241
0.120241
0.120241
0.120241
0
0.120241
0.120241
0.120241
0
0
0
0
0
0
0
0
0
0
0
0
0
0
0
0
0
0
0
0
0
0
0
0
0.145095
0
0
0
0
0
0
0
0
0
0
0
0
0
0
0
0
0
0
0
0
0
0.145095
0.145095
0
0.145095
0.145095
0
0.120241
0.120241
0.120241
0.120241
0.120241
0.120241
0.120241
0.120241
0.120241
0.120241
0
0
0
0
0
0
0
0
0
0
0
0
0
0
0
0
0
0
0
0
0
0
0
0
0
0
0
0
0
0
0
0
0
0
0
0
0
0
0
0
0
0
0
0
0
0
0
0
0
0
0
0
0
0
0
0
0
0
0
0
0
0
0
0
0
0
0
0
0
0
0
0
0
0
0
0
0
0
0
0
0
0
0
0
0
0
0
0
0
0
0
0
0
0
0
0
0
0.120241
0.120241
0.120241
0.120241
0.120241
0.120241
0.120241
0.120241
0.145095
0.145095
0
0.145095
0.120241
0.120241
0
0
0
0
0
0
0
0
0
0.120241
0.120241
0.120241
0
0
0.120241
0.120241
0.120241
0.120241
0.120241
0.120241
0.120241
0.120241
0.120241
0.120241
0.120241
0
0
0.120241
0.120241
0
0.120241
0
0
0
0
0
0
0
0
0.120241
0.120241
0
0
0
0
0
0.120241
0.120241
0
0
0.120241
0.120241
0.120241
0.120241
0.120241
0.120241
0.120241
0.120241
0.120241
0.120241
0.120241
0.120241
0.158444
0.158444
0.158444
0
0
0
0
0
0
0
0.120241
0.120241
0.120241
0.120241
0.120241
0.120241
0.120241
0
0
0
0
0
0
0
0
0
0
0
0
0
0
0
0
0
0
0
0
0
0.120241
0
0
0
0.120241
0
0
0
0
0
0
0
0
0
0
0
0
0
0.120241
0.120241
0.120241
0.120241
0.120241
0.120241
0.120241
0.120241
0.120241
0.120241
0.120241
0
0
0
0
0
0.120241
0
0
0
0
0
0
0
0
0
0
0.120241
0.120241
0.120241
0.120241
0.120241
0.120241
0.120241
0
0
0
0
0
0
0
0
0
0
0.120241
0.120241
0
0
0
0
0.120241
0.120241
0.120241
0.120241
0
0
0
0
0
0
0
0
0
0
0
0
0
0
0
0.120241
0.120241
0.120241
0
0
0
0
0
0
0
0
0
0
0
0
0
0
0
0
0
0
0
0
0
0
0
0
0
0
0
0
0
0
0
0
0
0
0
0
0
0
0
0
0
0
0
0
0
0
0
0
0
0
0
0
0
0
0
0
0
0
0
0
0
0
0
0
0
0
0
0
0
0
0
0
0
0
0
0
0
0
0
0.120241
0.120241
0.120241
0.120241
0
0
0
0
0
0
0
0
0
0
0
0
0
0
0
0
0
0
0
0.120241
0.120241
0.120241
0
0.124244
0
0.120241
0.120241
0
0
0
0
0
0
0
0
0
0
0.120241
0.120241
0
0
0
0.120241
0.120241
0
0.120241
0
0
0
0
0
0
0
0
0
0.120241
0.120241
0.120241
0
0
0
0
0
0
0
0
0
0
0
0.120241
0.120241
0
0
0
0
0
0
0
0.120241
0.120241
0
0
0
0
0
0
0
0
0
0
0
0.120241
0.120241
0
0
0
0
0.120241
0.120241
0
0
0
0
0
0
0
0
0
0
0
0
0.120241
0.120241
0
0
0
0.120241
0.120241
0
0
0
0
0
0
0
0
0
0
0
0
0
0
0.120241
0.120241
0
0
0
0.120241
0.120241
0.120241
0
0
0
0
0
0
0
0
0.120241
0
0
0
0
0
0
0
0
0
0
0
0
0
0
0
0
0
0
0
0
0
0
0
0
0
0
0
0
0
0
0
0
0
0
0
0
0
0
0
0
0
0
0
0
0
0
0
0
0
0
0
0
0
0
0
0
0
0
0
0
0
0
0
0
0
0
0
0
0
0
0
0
0
0
0
0
0
0
0
0
0
0
0
0
0
0
0
0
0
0
0
0
0
0
0
0
0
0
0
0
0
0
0
0
0
0
0
0
0
0
0
0
0
0
0
0
0
0
0
0
0
0
0
0
0
0
0
0
0
0
0
0
0
0
0.120241
0.120241
0.120241
0.120241
0.120241
0.120241
0.120241
0.120241
0.120241
0.120241
0.120241
0.120241
0
0
0
0
0.120241
0
0.120241
0.120241
0.120241
0.120241
0
0.120241
0.120241
0
0
0
0
0
0.120241
0
0.120241
0
0
0
0
0
0.120241
0.120241
0.120241
0.120241
0.120241
0.120241
0
0
0.120241
0
0
0
0
0
0
0
0
0
0
0
0
0
0
0
0.120241
0.157135
0.120241
0
0.120241
0
0
0
0
0
0
0.120241
0.120241
0.120241
0.120241
0.120241
0.120241
0.120241
0.120241
0
0.120241
0.120241
0
0.120241
0
0
0
0.120241
0.120241
0
0.120241
0.120241
0
0
0
0.120241
0.120241
0.120241
0.120241
0.120241
0.120241
0.120241
0.120241
0.120241
0.120241
0.120241
0.120241
0.120241
0.120241
0.120241
0.120241
0.120241
0.120241
0
0
0
0
0
0
0.120241
0.120241
0.120241
0.120241
0
0
0
0
0
0
0
0
0
0
0
0
0
0
0.120241
0.120241
0
0
0
0
0
0
0
0
0
0.120241
0
0
0
0
0
0
0
0
0
0
0
0
0
0
0
0
0
0
0
0
0
0
0
0
0
0
0
0
0
0.1
0.1
0
0
0
0.1
0.1
0.1
0.1
0.1
0
0
0
0
0
0
0
0.106199
0.106199
0
0
0
0
0
0
0
0
0
0
0
0
0
0
0
0.0295398
0.0295398
0
0
0
0
0
0.0341394
0.0341394
0
0
0
0
0
0
0
0
0
0
0
0
0
0
0
0
0
0
0
0
0
0
0
0
0
0
0
0
0
0
0
0
0
0
0
0
0
0
0
0
0
0
0
0
0
0
0
0
0
0
0
0
0
0
0
0
0
0
0
0
0
0
0
0
0
0
0
0
0
0.0265186
0
0
0
0
0
0
0.040032
0.040032
0.040032
0
0
0
0
0
0
0
0
0
0
0.154919
0
0
0
0
0
0
0
0
0
0
0
0
0
0
0
0
0
0
0
0
0
0
0
0
0
0
0.0368105
0
0.135929
0
0
0
0
0
0
0
0.152795
0.152795
0
0.040032
0.1
0
0.1
0
0.1
0
0.1
0.138453
0
0.138675
0
0.124515
0.124515
0
0.124515
0.124515
0
0
0
0
0
0.125988
0.0251737
0
0.0251737
0.0251737
0.106701
0
0
0
0.135775
0.135775
0.135775
0
0
0
0.0691164
0
0
0.0704761
0.0704761
0.0707107
0.0707107
0.0707107
0.0707107
0
0
0
0
0
0
0
0
0
0
0
0
0
0
0
0
0
0
0
0
0
0.0257684
0.0257684
0.0257684
0
0.0257684
0.0257684
0.0257684
0
0
0.133038
0
0.20067
0
0
0
0
0
0
0
0
0
0
0
0
0.107211
0
0
0
0
0.288675
0
0
0
0.0690066
0
0
0.0842152
0.333333
0.146385
0.14072
0
0.0953463
0.182574
0
0
0
0
0
0
0
0
0
0
0
0
0
0
0.167054
0
0.218844
0
0
0
0
0
0
0
0
0
0
0
0
0
0
0
0
0.167054
0.0870388
0
0
0
0
0
0
0
0
0.13378
0
0
0
0.166282
0
0.181568
0.166282
0
0
0
0
0
0
0
0
0
0
0
0
0
0
0
0
0
0
0
0
0
0
0
0
0
0
0
0
0
0
0
0
0
0
0
0
0
0
0
0
0
0
0
0.124244
0
0
0.124244
0.124244
0.124244
0.124244
0.124244
0
0
0.124244
0.124244
0
0.0394208
0.0394208
0.0394208
0.0394208
0
0
0
0
0
0
0
0.0544331
0.0643489
0
0
0
0
0
0
0
0
0
0
0.0230756
0
0
0
0
0
0
0
0
0
0
0
0
0
0
0
0
0
0
0
0
0
0
0
0
0.0297746
0
0
0
0
0
0
0
0
0
0
0
0
0
0
0
0
0
0
0
0
0
0
0
0
0
0
0
0
0
0
0
0
0
0
0
0
0
0.0359443
0
0
0
0
0
0.0359443
0
0
0
0
0
0
0
0
0.0394208
0.0395594
0
0
0
0
0
0
0
0.124515
0.124515
0.124515
0.106099
0
0.166667
0.124605
