0
0
0
0
0
0
0
0
0
0
0
0
0
0
0
0
0
0
0
0.010506
0.010506
0.010506
0.010506
0.010506
0.010506
0.010506
0.010506
0
0
0
0
0
0
0
0
0
0
0
0
0
0
0
0
0
0
0
0
0
0
0
0
0
0
0
0
0
0
0
0
0
0
0
0
0
0
0
0
0
0
0
0
0
0
0
0
0
0
0
0
0
0
0
0
0
0
0
0
0
0
0
0
0
0
0
0
0
0
0
0
0
0
0
0
0
0
0
0
0
0
0
0
0
0
0
0
0
0
0
0
0
0
0
0
0
0
0
0
0
0
0
0
0
0
0
0
0
0
0
0
0
0
0
0
0
0
0
0
0
0
0
0
0
0
0
0
0
0
0
0
0
0
0
0
0
0
0
0
0
0
0
0
0
0
0
0
0
0
0
0
0
0
0
0
0
0
0
0
0
0
0
0
0
0
0
0
0
0
0
0
0
0
0
0
0
0
0
0
0
0
0
0
0
0
0
0
0
0
0
0
0
0
0.0403937
0.0403937
0.0403937
0.0403937
0.0403937
0.0397504
0.0403937
0
0
0
0
0.0403937
0.0403937
0.0403937
0.0403937
0
0
0
0
0
0
0
0
0
0
0
0
0
0
0
0.0403937
0.0403937
0
0.0403937
0.0403937
0
0.0403937
0.0403937
0
0
0
0
0
0
0.0403937
0.0403937
0
0
0
0.0319366
0
0
0
0
0
0
0
0
0
0
0
0.0403937
0
0.0403937
0
0
0.0403937
0
0
0
0
0
0
0
0
0
0
0
0
0
0
0
0.0403937
0
0
0
0
0
0
0
0
0
0
0
0
0
0
0
0
0
0
0
0
0
0
0
0
0
0
0
0
0
0
0
0
0
0
0
0
0
0
0
0
0
0
0
0
0
0
0
0
0
0
0
0
0
0
0
0
0
0
0
0
0
0
0
0
0
0
0
0
0
0
0
0
0
0
0
0
0
0
0
0
0
0
0
0
0
0
0
0
0
0
0
0
0
0
0
0
0
0
0
0
0
0
0
0
0
0
0
0.0403937
0
0
0
0.0403937
0
0.0403937
0
0.0403937
0
0.0403937
0
0
0
0
0
0.0403937
0
0.0403937
0
0
0
0
0
0
0
0
0
0
0
0
0
0
0
0
0
0
0
0
0
0
0.0403937
0
0
0
0.0174289
0.0174289
0.0174289
0.0174289
0.0174289
0.0174289
0.0174289
0.0174289
0.0174289
0.0174289
0
0
0
0.0355335
0
0
0
0.0175736
0
0
0
0
0
0
0
0
0
0
0
0
0
0
0
0
0
0
0
0
0
0
0
0
0
0
0
0
0
0
0
0
0
0
0.0361787
0
0.0361787
0.0361787
0
0
0.010506
0.010506
0.010506
0.010506
0.010506
0.0379049
0.0379049
0
0
0
0
0.0368605
0.0368605
0.0368605
0
0.0361787
0.0361787
0.0361787
0.0361787
0.0361787
0.0361787
0.0361787
0.0361787
0.0361787
0.0361787
0.0361787
0.0361787
0.0361787
0.0361787
0.0361787
0.0361787
0.0361787
0.0361787
0.0361787
0.0361787
0.0361787
0.0361787
0.0361787
0.0361787
0.0361787
0.0361787
0.0361787
0.0361787
0.0361787
0.0361787
0.0361787
0.0361787
0.0361787
0.0361787
0.0361787
0.0361787
0.0361787
0.0361787
0.0361787
0.0361787
0.0361787
0.0361787
0.0361787
0.0361787
0.0361787
0.0361787
0.0361787
0.0361787
0.0361787
0.0361787
0.0361787
0.0361787
0.0361787
0.0361787
0.0361787
0.0361787
0.0361787
0.0361787
0.0361787
0.0361787
0.0361787
0.0361787
0.0361787
0.0361787
0.0361787
0.0361787
0.0361787
0.0361787
0.0361787
0.0361787
0.0361787
0.0361787
0.0361787
0.0361787
0.0361787
0.0361787
0.0361787
0.0361787
0.0361787
0.0361787
0.0361787
0.0361787
0.0361787
0.0361787
0.0361787
0.0361787
0.0361787
0.0361787
0.0361787
0.0361787
0.0361787
0.0361787
0.0361787
0.0361787
0.0361787
0.0361787
0.0361787
0.0361787
0.0361787
0.0361787
0.0361787
0.0361787
0.0361787
0.0361787
0.0361787
0.0361787
0.0361787
0.0361787
0.0361787
0.0361787
0.0361787
0.0361787
0.0361787
0.0361787
0.0361787
0.0361787
0.0361787
0.0361787
0.0373718
0
0
0
0
0
0
0
0
0
0
0
0
0
0
0
0
0
0.0379049
0.0379049
0
0.0379049
0
0
0
0
0
0.0379049
0.0379049
0
0.0379049
0
0.0379049
0
0.0379049
0
0.0379049
0
0.0379049
0
0.0379049
0
0.0379049
0
0.0379049
0
0.0379049
0
0.0379049
0.0379049
0
0.0379049
0
0.0379049
0
0.0379049
0
0
0
0
0
0.0379049
0
0.0379049
0
0.0379049
0
0.0379049
0
0.0379049
0
0.0379049
0.0379049
0
0.0379049
0.0379049
0
0.0379049
0
0.0379049
0
0.0379049
0.0379049
0.0485643
0.0485643
0.0485643
0
0.0485643
0.0485643
0.0585206
0.0485643
0
0.0485643
0
0.0485643
0
0.0485643
0
0.0485643
0
0.0485643
0
0.0485643
0
0.0503793
0
0.0485643
0
0.0485643
0
0.0485643
0
0.0485643
0.0485643
0
0
0.0485643
0
0.0485643
0
0.0485643
0
0.0485643
0
0.0485643
0.0485643
0
0
0
0
0
0
0.0485643
0.0485643
0.0485643
0
0.0485643
0
0.0485643
0.0485643
0
0.0485643
0
0
0
0.0485643
0
0.0485643
0
0.0485643
0
0.0485643
0
0.0485643
0
0.0485643
0
0.0485643
0
0.0485643
0
0.0485643
0
0.0485643
0
0.0485643
0
0.0485643
0
0.0485643
0
0.0485643
0.0485643
0
0
0
0.0485643
0
0
0.0485643
0.0485643
0
0.0485643
0.0507673
0.0485643
0
0.0485643
0
0.0485643
0
0.0485643
0
0.0485643
0
0.0485643
0
0.0485643
0
0
0
0.0485643
0.0485643
0.0485643
0.0485643
0.0485643
0.0485643
0
0.0485643
0.0485643
0
0.0485643
0.0485643
0
0
0
0
0.0485643
0
0.0485643
0.0485643
0.0485643
0.0485643
0
0.0485643
0
0.0629941
0
0.0485643
0
0
0.0485643
0
0.0485643
0
0
0.0485643
0.0485643
0.0379049
0.0379049
0.0379049
0.0379049
0.0485643
0
0
0.0485643
0
0
0
0
0
0
0
0
0
0
0
0
0
0
0
0
0
0
0
0
0.0379049
0
0
0.0387492
0.0387492
0.0387492
0.0387492
0
0.0387492
0
0.0387492
0.0381802
0.0361787
0.0361787
0.0361787
0.0361787
0
0
0
0
0
0
0
0
0
0
0
0
0
0
0
0
0
0
0
0
0
0
0
0
0
0
0
0
0
0
0
0
0
0
0
0
0
0
0
0
0
0
0
0
0
0
0
0
0
0
0
0
0
0
0
0
0
0
0
0
0
0
0
0
0
0
0
0
0
0
0
0
0
0
0
0
0
0
0
0
0
0
0
0
0
0
0
0
0
0
0
0
0
0
0
0.028105
0.028105
0.0274411
0.0274411
0.0274411
0.0274411
0.0274411
0.0274411
0.0274411
0.0274411
0.0274411
0
0
0
0
0
0
0
0
0
0
0.0274411
0.0274411
0.0274411
0
0
0.0282166
0.0282166
0
0
0
0.0274411
0
0
0.0274411
0.0274411
0.0274411
0.0274411
0
0
0
0
0
0
0
0
0
0.0274411
0
0
0
0
0
0
0
0
0
0.0361787
0
0.0397464
0.0397464
0.0397464
0.0397464
0.0397464
0
0
0
0
0
0
0
0
0
0
0.0110177
0.0110177
0.0110177
0.0110177
0.0110177
0.0110177
0.0110177
0.0110177
0.0110177
0.0110177
0.0110177
0.0110177
0.0110177
0.0110177
0.0110177
0
0
0
0
0
0
0
0
0
0
0
0
0
0
0
0
0
0
0
0
0
0
0
0
0
0
0
0
0
0
0
0
0
0
0
0
0
0
0
0
0
0
0.0133038
0.0133038
0.0133038
0.0133038
0.0133038
0
0
0
0
0
0
0
0
0
0
0
0
0
0
0
0
0
0
0
0
0
0
0
0
0
0
0
0
0
0
0
0
0
0
0
0
0
0
0
0
0
0
0
0
0
0
0
0
0
0
0
0
0
0
0
0
0
0
0
0
0
0.0398212
0.0133822
0
0.0101692
0
0
0.0114678
0.0102297
0.0398805
0.0103896
0
0
0
0
0
0
0
0
0.0146584
0.0146584
0.0146584
0.0146584
0.0146584
0
0
0
0
0
0
0
0
0
0
0
0
0
0
0
0
0
0
0
0
0.0397975
0.0397975
0.0397975
0.0397975
0.0397975
0.0398054
0.0398054
0.0398964
0.0398964
0.0398964
0
0
0
0
0
0
0
0
0
0
0
0
0
0
0
0
0
0
0
0
0
0
0
0
0
0
0
0
0
0
0
0
0
0
0
0
0
0
0
0
0
0
0
0
0
0
0
0
0
0
0
0
0
0
0
0
0
0
0
0
0
0
0
0
0
0
0
0
0
0
0
0
0
0
0
0
0
0.0399521
0.0399521
0.0104645
0.0399521
0.0101046
0.0101046
0.0101046
0.0397621
0.0397621
0.010548
0.0397621
0.0397621
0.0397621
0.0399481
0.010548
0.0399481
0.0399481
0.010548
0.0399481
0.0399561
0
0.0399561
0.0399561
0.0414558
0.0404144
0.0106455
0.0106311
0.0106311
0.0108427
0.0109606
0
0
0
0
0.0398528
0
0
0.0398528
0.0398528
0.039996
0.0398528
0.0398054
0.0398054
0.0398054
0.0398054
0.0398054
0.0398054
0.039996
0.0398054
0
0
0
0
0
0
0
0
0
0
0
0
0
0
0
0
0
0
0
0
0
0
0
0
0
0
0
0
0
0
0
0
0
0
0
0
0
0
0
0
0
0
0
0
0
0
0
0
0
0
0
0
0
0
0
0
0
0
0
0
0
0
0
0
0
0
0
0
0
0
0
0
0
0
0
0
0
0
0.0398924
0.0398924
0
0
0.0105327
0.0105327
0.0404557
0.0405554
0.0405554
0.0105234
0
0
0
0.0129859
0.0129859
0.0102286
0.0102286
0
0
0
0
0
0
0
0
0.0103908
0.0103908
0.0103908
0.0103908
0.0103908
0.0103908
0.0103908
0
0
0
0
0
0
0
0.0101026
0.0124689
0.0101026
0
0.0101026
0.0102286
0.0103908
0.0102286
0.0102286
0.0103908
0.0105527
0
0
0
0
0
0.0105351
0
0
0
0
0
0
0.010816
0.0122316
0.0105668
0.0105668
0.0105751
0.0105668
0
0
0
0
0.0151099
0.0151099
0
0.0151099
0.0151099
0
0.0151099
0.0151099
0.0151099
0.0151099
0
0.0151099
0.0151099
0
0.0151099
0.0151099
0
0
0
0
0
0
0
0
0
0
0
0
0.0150075
0
0.0150075
0
0.0150075
0
0
0
0
0
0
0
0
0
0
0
0
0
0
0
0
0.0150075
0
0
0
0
0
0.0150075
0
0
0
0
0
0
0
0
0
0
0
0
0
0
0
0
0
0
0
0
0
0
0
0
0
0
0
0
0
0
0
0
0
0
0
0
0
0
0
0
0
0
0
0
0
0
0
0
0
0
0
0
0
0
0
0
0
0
0
0
0
0
0
0
0
0
0
0
0
0
0
0
0
0
0
0
0
0
0
0
0
0
0
0
0
0
0
0
0
0
0
0
0
0
0
0
0
0
0
0
0
0
0
0.0115209
0.0403937
0.0403937
0.0415451
0.0414558
0.0492889
0.0492889
0.0403937
0.0403937
0
0.0403937
0.0403937
0
0.0104269
0.0104269
0
0
0
0
0
0
0
0
0
0
0
0
0
0
0
0
0
0
0
0
0
0
0
0
0
0
0.0107088
0
0.0106335
0
0.0138145
0
0
0.0115717
0
0
0
0
0
0
0.0165612
0.0112028
0
0
0.0105703
0
0
0.0108465
0
0
0
0
0
0.0194551
0
0.0106407
0
0
0
0
0
0.0105444
0
0.0113039
0
0
0.0105094
0
0.0110432
0
0
0
0
0
0
0.010568
0
0
0
0
0
0
0
0
0
0
0
0
0
0
0
0
0
0
0
0
0
0
0
0
0
0
0
0
0
0
0
0
0
0
0
0
0
0
0
0
0.0111084
0.0111125
0.0105199
0.0105199
0.0105199
0.0105199
0.0105199
0.0105199
0.0105199
0.0105199
0.011129
0.0105199
0.0105199
0.0105199
0.0105199
0.0105199
0.0105199
0
0
0
0
0
0
0
0
0.0105199
0.0105199
0.0105199
0.0105199
0.0105199
0.0105199
0.0105199
0
0
0.0105199
0.020261
0.020261
0.0115966
0
0.0115966
0.0115966
0.0115966
0.0115966
0.0115966
0.0115966
0.0115966
0.0115966
0.0115966
0.0115966
0.0115966
0.0115966
0
0
0.0115966
0
0
0
0
0
0
0
0
0
0
0
0
0
0
0
0
0
0
0
0
0
0
0
0
0
0
0
0
0
0
0
0
0
0
0
0
0
0
0
0.027735
0
0
0
0
0
0
0
0
0
0.0113155
0
0
0
0.0105199
0.0105199
0.0105199
0.0116817
0.0116817
0.0116817
0
0
0
0.0105199
0.0105199
0.0105339
0.0105339
0.0105199
0.0105199
0.0105199
0.0112723
0.0112723
0.0105199
0.0105246
0.0105246
0.0105246
0.0105246
0.0105199
0.0105199
0.0105199
0.0112723
0.0112723
0.0112723
0.0112723
0.0112723
0.0118213
0.0112723
0.0112723
0.0112723
0.0124786
0.0112723
0.0112723
0.0112723
0.0112723
0.0112723
0.0112723
0.0112723
0
0
0
0
0
0.0105199
0.0105199
0.0105199
0.0105199
0.011129
0.0105199
0
0
0
0
0
0
0.0105199
0.011129
0.0105199
0.0111043
0.0105199
0.0105199
0.0105199
0.0111043
0.0111043
0.0112838
0.0111553
0.0111553
0.0111553
0.0111553
0.0111553
0.0111553
0
0
0
0
0
0
0.0114889
0
0.0116263
0.01092
0.0109187
0
0
0
0
0.0105339
0.0105339
0
0
0
0.0484502
0.0484502
0.0484502
0.0484502
0.0484502
0.0484502
0.0484502
0.0484502
0.0484502
0.0484502
0.0484502
0.0484502
0
0
0
0
0
0
0
0
0
0
0
0
0
0
0
0
0
0
0
0
0
0
0
0
0
0
0.010506
0.010506
0.010506
0.010506
0.0201619
0.0204636
0.0204636
0
0
0
0
0.0147314
0
0
0
0
0.0147314
0.0147314
0.0147314
0.049029
0.049029
0.049029
0.049029
0.049029
0
0
0
0
0
0
0.0147314
0.0147314
0.0147314
0.0147314
0.0147314
0.0147314
0.0147314
0.0147314
0.0147314
0.0147314
0.0147314
0.0147314
0.0147314
0
0
0
0
0.0186339
0.0186339
0
0
0
0
0
0
0
0
0
0
0
0
0.0158074
0.0158074
0.0155681
0.0155681
0
0
0
0
0
0
0
0
0
0
0
0
0
0
0
0
0.014786
0
0
0
0
0
0
0.0177388
0.0177388
0
0
0
0
0
0
0.0152251
0.0152251
0
0
0.0170499
0.0170499
0
0
0
0
0
0
0
0
0
0
0.0203279
0.0203279
0
0
0.0159678
0.0159678
0
0.0159678
0
0
0
0
0
0.0147314
0
0.0147314
0.0147314
0.0147314
0
0.0147314
0.0147314
0.0147314
0
0.0147314
0
0
0
0
0
0
0
0
0
0.0147538
0.0147538
0
0.0147538
0.0147538
0
0.0147538
0.0149337
0.0149337
0.0149337
0.0149337
0.0200643
0.0200643
0.0200643
0.0200643
0.0186339
0.0186339
0.0186339
0.0186339
0.0186339
0.0186339
0.0200643
0.0200643
0.0200643
0.0200643
0.0200643
0.0200643
0.0163343
0.0163343
0
0.0163343
0
0
0
0
0
0
0
0
0
0
0.0158035
0.0158035
0.0158035
0.0158035
0.0158035
0.0158035
0.0158035
0.0167742
0.0158035
0
0
0
0
0
0
0
0
0
0
0
0
0
0
0
0
0
0
0
0
0
0
0
0
0
0
0
0
0
0
0
0
0
0
0
0
0
0
0
0
0
0
0
0
0
0.0155681
0.0155681
0.0155681
0.0155681
0
0
0
0
0
0
0
0
0
0
0
0
0
0
0
0
0
0
0
0
0
0
0
0
0
0
0
0
0
0
0
0
0
0
0
0
0
0
0
0
0
0
0
0
0
0
0
0
0
0
0
0
0
0
0
0
0
0
0
0
0
0
0
0
0
0
0
0
0
0
0
0
0
0
0.0177388
0.0177388
0.0177388
0.0177388
0.0176832
0.0176832
0.0176832
0
0
0.0170499
0.0170499
0.0170499
0.0170499
0.0170499
0.0170499
0.0170499
0
0
0
0
0
0
0
0
0
0
0
0
0
0
0
0
0
0
0
0
0
0
0
0
0
0
0
0
0
0
0
0
0
0
0
0
0
0
0
0
0
0
0
0
0
0
0
0
0
0
0
0
0
0
0
0
0
0
0
0
0
0
0
0
0
0
0
0
0
0
0
0
0
0
0
0
0
0
0
0
0
0
0
0
0
0
0.0147314
0
0.0147314
0.0147314
0.0147314
0.014757
0.0147314
0.0153141
0.0147314
0.0147314
0
0.0147314
0.0150619
0.0150619
0.0151099
0
0
0
0.0150619
0
0.0150619
0.0154635
0.0154635
0.015523
0
0.0154635
0
0.0154635
0.0361787
0
0.0361787
0
0.0361787
0
0
0
0
0
0
0
0
0.0379049
0.0387492
0
0
0.0361787
0.0379049
0.0379049
0.0361787
0.049029
0.0361787
0
0
0
0
0
0
0
0
0.0361787
0
0.0361787
0
0.0361787
0
0.0361787
0
0
0
0
0.0361787
0
0
0
0
0.0361787
0
0
0.0361787
0
0
0
0.0361787
0
0.0361787
0
0.0361787
0
0
0.0361787
0
0
0
0.0361787
0
0.0361787
0
0.0361787
0
0
0.0361787
0
0
0.0361787
0.0383482
0.0361787
0
0
0.0361787
0
0.0361787
0
0.0361787
0
0.0361787
0
0.0361787
0
0
0
0
0
0
0.0361787
0
0.0361787
0
0.0361787
0
0.0361787
0
0.0361787
0.0387492
0.0361787
0.0485643
0.0361787
0
0.0361787
0
0.0361787
0
0.0361787
0
0.0361787
0.0585206
0.0361787
0
0.0361787
0
0.0361787
0
0.0361787
0
0.0361787
0
0.0361787
0
0.0361787
0
0.0361787
0
0
0
0
0.0361787
0
0
0
0.0361787
0
0.0361787
0
0.0361787
0
0
0
0
0
0
0
0
0
0
0.0361787
0
0.0361787
0
0.0361787
0
0
0
0
0
0
0
0
0.0361787
0
0.0361787
0
0.0361787
0
0.0361787
0
0.0361787
0
0.0361787
0
0.0361787
0
0.0361787
0
0.0361787
0
0
0.0361787
0
0
0
0.0361787
0
0.0361787
0
0.0361787
0
0.0361787
0
0.0361787
0
0.0361787
0
0.0361787
0
0.0361787
0
0.0361787
0
0.0361787
0
0.0361787
0
0.0361787
0
0.0361787
0
0.0361787
0
0.0361787
0
0.0361787
0
0.0361787
0
0.0361787
0
0.0361787
0
0.0361787
0.049029
0.0361787
0.049029
0.0361787
0.0512989
0.0361787
0
0
0
0
0
0
0
0
0.0361787
0
0.0361787
0
0.0361787
0.049029
0.0361787
0.049029
0.0361787
0
0.0361787
0
0.010506
0.010506
0.010506
0.010506
0.010506
0.010506
0.010506
0.010506
0.010506
0.010506
0.010506
0.010506
0.010506
0.010506
0.010506
0.010506
0.010506
0.010506
0.010506
0.010506
0.010506
0.010506
0.010506
0.010506
0.010506
0.010506
0.010506
0.010506
0.010506
0.010506
0.010506
0.010506
0.010506
0.010506
0.010506
0.010506
0.010506
0.010506
0.010506
0.010506
0.010506
0.010506
0.010506
0.010506
0.010506
0.010506
0.010506
0.010506
0.010506
0.010506
0.010506
0.010506
0.010506
0.010506
0.010506
0.010506
0.010506
0.010506
0.010506
0.010506
0.010506
0.010506
0.010506
0.010506
0.010506
0.010506
0.010506
0.010506
0.010506
0.010506
0.010506
0.010506
0.010506
0.010506
0.010506
0.010506
0.010506
0.010506
0.010506
0.010506
0.010506
0.010506
0.010506
0.010506
0.010506
0.010506
0.010506
0.010506
0.010506
0.010506
0.010506
0.010506
0.010506
0.010506
0.010506
0.010506
0.010506
0.010506
0.010506
0.010506
0.010506
0.010506
0.010506
0.010506
0.010506
0.010506
0.010506
0.010506
0.010506
0.010506
0.010506
0.010506
0.010506
0.010506
0.010506
0.010506
0.010506
0.010506
0.010506
0.010506
0.010506
0.010506
0.010506
0.010506
0.010506
0.010506
0.010506
0.010506
0.010506
0.010506
0.010506
0.010506
0.010506
0.010506
0.010506
0.010506
0.010506
0.010506
0.010506
0
0
0
0
0
0
0
0
0
0
0
0
0
0
0
0
0
0
0
0
0
0
0
0
0
0
0
0
0
0
0
0
0
0
0
0
0
0
0
0
0
0
0
0
0
0
0
0
0
0.0387492
0
0.0387492
0.0387492
0
0
0
0
0
0
0
0
0
0
0
0.0387492
0
0
0
0
0
0
0
0
0
0
0
0
0
0
0
0
0
0
0.0105083
0.0264814
0.0105421
0.0105421
0.0105083
0
0
0
0
0.0105398
0.0105398
0
0
0
0
0
0
0
0
0
0
0
0
0
0
0
0
0
0
0
0
0
0
0
0
0
0
0
0
0
0
0
0
0
0
0
0
0
0
0
0
0
0
0
0
0
0
0
0
0
0
0
0
0
0
0
0
0
0
0
0
0
0
0
0
0
0
0.0105083
0
0
0
0
0
0
0
0
0
0
0
0.0109606
0.0109606
0.0105234
0
0
0
0
0
0
0
0
0
0
0
0
0
0
0
0
0
0
0.0387492
0
0
0
0
0.0379049
0
0
0
0.0105083
0.0149404
0
0
0
0
0
0
0
0
0
0
0
0
0
0
0
0
0
0
0
0
0
0
0
0
0
0
0
0
0
0
0
0
0
0
0
0
0
0
0
0
0
0
0
0
0
0
0
0
0
0
0
0
0
0
0
0
0
0
0
0
0
0
0
0
0
0
0
0
0
0
0
0
0
0
0
0
0
0
0
0
0
0
0
0
0
0
0
0
0
0
0
0
0
0
0
0
0
0
0
0
0
0
0
0
0
0
0
0
0
0
0
0
0
0
0
0
0
0
0
0
0
0
0
0
0
0
0
0
0
0
0
0
0
0
0
0
0
0
0
0
0
0
0
0
0
0
0
0
0
0
0
0
0
0
0
0
0
0
0
0
0
0
0
0
0
0
0
0
0
0
0
0
0
0
0
0
0
0
0
0
0
0
0
0
0
0
0
0
0
0
0
0
0
0
0
0
0
0
0
0
0
0
0
0
0
0
0
0
0
0
0
0
0
0
0
0
0
0
0
0
0
0
0
0
0
0
0.0105002
0.0105002
0.0105002
0.0105002
0.0105002
0.0105002
0.0105002
0.0105002
0.010506
0.0105002
0
0.010506
0.010506
0
0
0
0.0373718
0.0373718
0.0373718
0.0373718
0.0373718
0.0373718
0.0373718
0.0373718
0.0373718
0.0373718
0.0373718
0.0379049
0.0379049
0.0379049
0.0379049
0.0379049
0.0350931
0.0350931
0
0
0.0117105
0.0109897
0.0117105
0.0117105
0.0117105
0.0117105
0.0117105
0.0117105
0
0.0186081
0.0117105
0.0117105
0.0117105
0.0109897
0.0109897
0.0109897
0.0109897
0.0109897
0.0109897
0.0109897
0
0
0
0
0
0
0
0.0109897
0
0
0
0.0128565
0
0
0
0
0
0
0.0149137
0.0110364
0.0110364
0.0110364
0.0110364
0.0110364
0.0110364
0
0
0
0
0
0
0.0112084
0.0112084
0.0112367
0
0
0
0
0
0
0.0111262
0.0111262
0
0.0111276
0
0.0111276
0
0
0
0
0
0
0.0110553
0.0110553
0
0
0
0
0
0
0
0
0
0
0
0
0
0
0
0
0
0
0
0
0
0
0
0.010506
0.010506
0.010506
0.010506
0.010506
0.010506
0.010506
0.010506
0.010506
0.010506
0.010506
0.010506
0.010506
0.010506
0.010506
0.010506
0.010506
0.010506
0.010506
0.010506
0.010506
0.010506
0.010506
0.010506
0.010506
0.010506
0.010506
0.010506
0.010506
0.010506
0.010506
0
0
0
0
0
0
0
0
0
0
0
0
0
0
0
0
0
0
0
0
0
0
0
0
0
0
0
0
0
0
0
0
0
0
0
0
0
0
0
0
0
0
0
0
0
0
0
0
0
0
0
0
0
0
0
0
0
0
0
0
0
0
0
0
0
0
0
0
0
0
0
0
0
0
0
0
0
0
0
0
0
0
0
0
0
0
0
0
0
0
0
0
0
0
0
0
0
0
0
0
0
0
0
0
0
0
0
0
0
0
0
0
0
0
0
0
0
0
0
0
0
0
0
0
0
0
0
0
0
0
0
0
0
0
0
0
0
0
0
0
0
0
0
0
0
0
0
0
0
0
0
0
0
0
0
0
0
0
0
0
0
0
0
0
0
0
0
0
0
0
0
0
0
0
0
0
0
0
0
0
0
0
0
0
0
0
0
0
0
0
0
0
0
0
0
0
0
0
0
0
0
0
0
0
0
0
0
0
0
0
0
0
0
0
0
0
0
0
0
0
0
0
0
0
0
0
0
0
0
0
0
0
0
0
0
0
0
0
0
0
0
0
0
0
0
0
0
0
0
0
0
0
0
0
0
0
0
0
0
0
0
0
0
0
0
0
0
0
0
0
0
0
0
0
0
0
0
0
0
0
0
0
0
0
0
0
0
0
0
0
0
0
0
0
0
0
0
0
0
0
0
0
0
0
0
0
0
0
0
0
0
0
0
0
0
0
0
0
0
0
0
0
0
0
0
0
0
0
0
0
0
0
0
0
0
0
0
0
0
0
0
0
0
0
0
0
0
0
0
0
0
0
0
0
0
0
0
0
0
0
0
0
0
0
0
0
0
0
0
0
0
0
0
0
0
0
0
0
0
0
0
0
0
0
0
0
0
0
0
0
0
0
0
0
0
0
0
0
0
0
0
0
0
0
0
0
0
0
0
0
0
0
0
0
0
0
0
0
0
0
0
0
0
0
0
0
0
0
0
0
0
0
0
0
0
0
0
0
0
0
0
0
0
0
0
0
0
0
0
0
0
0
0
0
0
0
0
0
0
0
0
0
0
0
0
0
0
0
0
0
0
0
0
0
0
0
0
0
0
0
0
0
0
0
0
0
0
0
0
0
0
0
0
0
0
0
0
0
0
0
0
0
0
0
0
0
0
0
0
0
0
0
0
0
0
0
0
0
0
0
0
0
0
0
0
0
0
0
0
0
0
0
0
0
0
0
0
0
0
0
0
0
0
0
0
0
0
0
0
0
0
0
0
0
0
0
0
0
0
0
0
0
0
0
0
0
0
0
0
0
0
0
0
0
0
0
0
0
0
0
0
0
0
0
0
0
0
0
0
0
0
0
0
0
0
0
0
0
0
0
0
0
0
0.010506
0.010506
0.010506
0.010506
0.010506
0.010506
0.010506
0.010506
0
0
0
0
0
0
0
0
0
0
0
0
0
0
0
0
0
0
0
0
0
0
0
0
0
0
0
0
0
0
0
0
0
0
0
0
0
0
0
0
0
0
0
0
0
0
0
0
0
0
0
0
0
0
0
0
0
0
0
0
0
0
0
0
0
0
0
0
0
0
0
0
0
0
0
0
0
0
0
0
0
0
0
0
0
0
0
0
0
0
0
0
0
0
0
0
0
0.0105048
0
0
0
0
0
0
0
0
0
0
0
0
0
0
0
0
0
0.010506
0.010506
0.010506
0.010506
0.0175736
0.0138066
0.010548
0
0
0
0
0.0138066
0
0.010506
0.010506
0.0105292
0.0142974
0.0142974
0.010506
0.010506
0.010506
0.010506
0.010506
0.010506
0.0264814
0.0264814
0.0264814
0.0264814
0
0
0.010506
0.010506
0.010506
0.010506
0.010506
0.010506
0.010506
0.010506
0.0264814
0.0264814
0.0264814
0.0175736
0.0105339
0.0266123
0.0266123
0.0266123
0
0
0.0105083
0
0.010499
0.010499
0.010499
0.010499
0.0105083
0
0
0
0
0.010506
0
0
0
0
0
0
0
0
0
0
0
0
0
0
0
0
0
0
0
0
0
0
0
0
0
0
0
0
0
0
0
0
0.0110364
0.0110364
0.0110364
0.0110364
0.0110364
0.0110364
0.0110364
0.0110364
0.0110364
0.0110364
0.0110364
0.0110364
0.0110364
0
0
0
0
0
0
0
0
0
0
0
0
0
0
0
0
0
0
0
0
0
0
0
0
0
0.0194184
0
0
0
0
0
0
0
0
0
0
0
0
0
0
0
0
0
0
0
0
0
0
0
0
0
0
0
0
0
0
0
0
0
0
0
0
0
0
0
0
0
0
0
0
0
0
0
0
0
0
0
0.0106143
0.0106143
0.010506
0.010506
0.010506
0.010506
0.010506
0.010506
0.010506
0.010506
0.010506
0.010506
0.010506
0.010506
0.010506
0.010506
0.010506
0.010506
0.010506
0.010506
0.010506
0.010506
0.010506
0.010506
0.010506
0.010506
0.010506
0
0
0
0.010506
0.010506
0.010506
0.010506
0.010506
0.010506
0.010506
0.010506
0.010506
0.0105083
0.0105083
0.0105083
0.0105083
0.0105083
0.0105083
0.0105083
0.0105083
0.0106143
0
0
0
0.0105083
0
0.0276079
0
0.0276289
0.0283069
0.0105083
0
0.0105083
0
0.0105083
0.0105083
0.0105083
0.0105083
0.0105083
0.0143003
0.0105083
0.0105083
0
0
0.0109751
0.0109751
0.0109764
0.0109764
0.0109751
0.0109751
0
0
0.0109461
0.0109461
0.0109461
0.0109461
0.0109461
0.0109461
0
0
0
0
0
0.0109501
0.0109461
0.0109461
0.0109461
0.0109461
0.0109461
0
0
0.0109461
0.0109461
0.0109461
0.0109619
0.0109619
0.0109461
0.0109461
0
0.0109461
0
0.0109461
0
0.0109461
0.0109461
0
0.0109461
0.0109461
0
0
0
0.0109461
0.0109461
0.0109461
0.0109461
0.0109461
0.0109461
0.0109461
0.0109461
0.0109461
0.0109461
0.0109461
0.0109461
0.0109619
0.0109619
0.0109619
0
0.0109619
0.0109461
0.0109461
0.0109461
0.0109461
0
0.0109461
0.0109461
0
0
0
0
0
0
0
0
0
0
0
0
0
0
0.0566139
0.0566139
0.0566139
0
0
0
0
0
0.0566139
0.0373197
0
0
0.0373197
0
0.0373197
0.0373197
0.0373197
0.0373197
0.0373197
0.0373197
0.0373197
0.0373197
0.0373197
0
0
0.0373197
0
0.0373197
0
0.0373718
0.0373197
0.0373197
0.0373197
0.0373197
0
0.0377426
0
0.0377426
0
0
0.0377426
0.0379049
0.0379049
0
0.0387492
0
0.0387492
0.0485643
0.0386334
0
0.0386334
0
0.0386334
0.0386334
0.0373197
0.0373197
0.0371647
0.0371647
0.0371647
0.0371647
0
0
0
0
0
0.0377426
0.0379049
0.0379049
0.0379049
0
0.0379049
0.0379049
0.0379049
0
0.0387492
0
0.0387492
0
0.0387492
0
0.0387492
0.0387492
0
0
0
0
0
0
0
0.046225
0.046225
0.046225
0
0.046225
0
0
0
0
0
0
0
0
0
0
0
0
0
0
0
0
0.0379049
0
0
0
0
0
0
0.0379049
0.046225
0.046225
0.046225
0.046225
0.046225
0.046225
0.046225
0.046225
0.046225
0.046225
0.046225
0.0142278
0.0142278
0
0.0142278
0.0142278
0.0142278
0
0.0142278
0.0373718
0.0373718
0
0.0106167
0.0108902
0.0447214
0
0
0
0
0
0
0
0
0.0109448
0
0
0
0
0
0
0
0
0
0
0
0
0
0
0
0
0
0
0.0105351
0.0105351
0
0
0
0
0
0
0
0
0
0
0
0
0
0
0
0
0
0
0
0
0
0
0
0
0
0
0
0
0
0
0
0
0
0
0
0
0
0
0.0106966
0.0106966
0.0106966
0
0
0
0
0
0
0
0
0
0
0
0
0
0
0
0
0
0
0
0
0
0
0
0
0
0
0
0
0
0
0
0
0
0
0
0.0142278
0.0142278
0
0.0142278
0
0.0142278
0.0142278
0.0142278
0.0142278
0.0142278
0.0142278
0.0142278
0
0
0.0142278
0.0142278
0.0142306
0.0142306
0
0
0.0142306
0.0142306
0.0142278
0
0.0142278
0.0142278
0
0
0
0
0
0
0
0
0
0
0
0
0
0
0
0
0.0142364
0.0142364
0.0142364
0
0.0142364
0.235702
0.235702
0
0
0
0
0
0.267261
0
0
0.0142364
0.0142364
0
0
0.0142364
0.0142364
0.0142364
0
0.0142364
0
0
0
0.0142364
0
0
0.0142364
0.0142364
0.0142364
0
0.0142509
0
0
0
0
0
0
0
0
0
0
0
0
0
0
0
0
0
0
0
0
0
0
0
0
0
0
0
0
0
0
0
0
0
0
0
0
0
0
0
0
0
0
0
0
0
0
0
0
0
0.0141876
0
0.0141876
0
0
0
0
0
0
0
0
0.0105351
0.0648204
0
0
0
0.0635001
0.0635001
0.0151411
0.0151411
0.0149404
0.0149404
0.0149404
0.0149404
0.0149404
0.0149404
0.0149404
0.0149404
0.0149404
0.0149404
0.0149404
0.0485643
0.0485643
0.0485643
0
0.0485643
0.0485643
0.0486792
0
0.0491473
0
0
0
0
0
0
0
0
0
0
0
0
0.0485643
0.0485643
0.0485643
0.0485643
0.0485643
0.010548
0.010548
0.010548
0
0
0
0
0
0
0
0.010506
0.010506
0
0
0
0
0
0
0.0105234
0.0105234
0.0105234
0.0105351
0
0
0
0
0.0105351
0.0105351
0.0105351
0.0318465
0.0318465
0
0
0
0
0
0.0105351
0.0105351
0
0.010506
0
0
0
0
0
0
0
0
0
0
0.0376889
0.0376889
0
0
0
0
0
0.0106819
0
0.010548
0.0142278
0
0
0
0
0
0
0
0
0
0
0
0
0
0
0
0
0
0
0
0
0
0
0
0
0
0
0
0
0
0
0
0
0
0
0
0
0
0
0
0
0
0
0
0
0
0
0
0
0
0
0
0
0
0
0
0
0
0
0
0
0
0
0
0
0
0
0
0
0
0
0
0
0
0
0
0
0
0
0
0
0
0
0
0
0.0379049
0.0373197
0
0.0373197
0
0.0373197
0.0373197
0
0
0
0
0
0
0
0
0
0
0
0
0
0
0
0
0
0
0
0
0
0
0
0
0
0
0
0
0
0
0
0
0
0
0
0
0
0
0
0
0
0
0
0
0
0
0
0
0
0
0
0
0
0
0.034879
0.010506
0.010506
0.010506
0.010506
0.010506
0.010506
0.010506
0.010506
0.010506
0.010506
0.010506
0
0.010506
0.010506
0.010506
0
0
0
0
0
0
0
0
0
0
0
0
0
0
0
0
0
0
0
0
0
0
0
0
0
0
0
0
0
0
0
0
0
0
0
0
0.0105048
0.0105048
0
0
0
0
0
0
0
0
0
0
0
0
0
0
0
0
0
0
0
0
0
0
0
0
0
0
0
0
0
0
0
0
0
0
0
0
0
0
0
0
0
0
0
0
0
0
0
0
0
0
0
0
0.0918846
0.0918846
0.0403937
0.0403937
0.0403937
0.0403937
0.0403937
0.0403937
0.0403937
0.0403937
0.0403937
0.0403937
0.0403937
0.0403937
0.0403937
0.0403937
0.0403937
0.0403937
0.0403937
0.0403937
0
0
0
0
0
0.0403937
0.0403937
0.0403937
0.0403937
0.0403937
0.0403937
0.0403937
0.0403937
0.0403937
0.0403937
0.0403937
0.0403937
0.0403937
0.0403937
0.0403937
0.0403937
0.0403937
0.0403937
0.0403937
0.0403937
0.0403937
0.0403937
0.0403937
0.0403937
0.0403937
0.0403937
0.0403937
0.0403937
0.0403937
0.0403937
0.0403937
0.0403937
0.0403937
0.0403937
0.0403937
0.0403937
0.0403937
0.0403937
0.0403937
0.0403937
0.0403937
0.0403937
0.0403937
0.0403937
0.0403937
0.0403937
0.0403937
0.0403937
0.0403937
0.0403937
0.0403937
0.0403937
0.0403937
0.0403937
0.0403937
0.0403937
0.0403937
0.0403937
0.0403937
0.0403937
0.0403937
0.0403937
0.0403937
0.0403937
0.0403937
0.0403937
0.0403937
0.0403937
0.0403937
0.0403937
0.0403937
0.0403937
0.0403937
0.0403937
0.0403937
0.0403937
0.0403937
0.0403937
0.0403937
0.0403937
0.0403937
0.0403937
0.0403937
0.0403937
0.0403937
0.0403937
0.0403937
0.0403937
0.0403937
0.0403937
0.0403937
0.0403937
0.0403937
0.0403937
0.0403937
0.0403937
0.0403937
0.0403937
0.0403937
0.0403937
0.0403937
0.0403937
0.0403937
0.0403937
0.0403937
0.0403937
0.0403937
0.0403937
0.0403937
0.0403937
0.0403937
0.0403937
0.0403937
0.0403937
0.0403937
0.0403937
0.0403937
0.0403937
0.0403937
0.0403937
0.0403937
0.0403937
0.0403937
0.0403937
0.0403937
0.0403937
0.0403937
0.0403937
0.0403937
0.0403937
0.0403937
0.0403937
0.0403937
0.0403937
0.0403937
0.0403937
0.0403937
0.0403937
0.0403937
0.0403937
0.0403937
0.0403937
0.0403937
0.0403937
0.0403937
0.0403937
0.0403937
0.0403937
0.0403937
0.0403937
0.0403937
0.0403937
0.0403937
0.0403937
0.0403937
0.0403937
0.0403937
0.0403937
0.0403937
0.0403937
0.0403937
0.0403937
0.0403937
0.0403937
0
0
0.0403937
0.0403937
0.0403937
0.0403937
0.0403937
0.0403937
0.0403937
0.0403937
0.0403937
0.0403937
0.0403937
0.0403937
0.0403937
0.0403937
0.0403937
0.0403937
0.0403937
0.0403937
0.0403937
0
0
0
0
0
0.0403937
0
0
0
0
0
0
0
0
0
0
0
0
0
0
0
0
0
0
0
0
0
0
0
0
0
0
0
0
0
0
0
0
0
0
0
0
0
0
0
0
0
0
0
0
0
0
0
0
0
0
0
0
0
0
0
0
0
0
0
0
0
0
0
0
0
0
0.0403937
0.0403937
0.0403937
0
0
0
0
0
0
0
0
0
0
0
0
0
0
0
0
0
0
0
0
0
0
0.0403937
0.0403937
0
0
0.0316474
0
0.0403937
0.0403937
0.0403937
0.0403937
0
0
0
0
0
0.0403937
0.0403937
0
0
0
0.0403937
0
0
0
0
0
0
0
0.0403937
0.0403937
0.0403937
0.0403937
0.0403937
0.0403937
0.0403937
0.0403937
0.0403937
0.0403937
0.0403937
0.0403937
0.0403937
0
0
0
0.0403937
0
0
0
0
0
0
0
0
0
0
0
0
0
0
0
0
0
0
0
0
0
0
0
0
0
0
0
0
0
0
0
0
0
0
0
0
0
0
0
0
0
0
0
0
0
0
0
0
0
0
0
0
0
0
0
0
0
0
0
0
0
0
0
0
0
0
0
0
0
0
0
0
0
0
0
0
0
0
0
0
0
0
0
0
0
0
0
0
0
0
0
0
0
0
0
0
0
0
0
0
0
0
0
0
0
0
0
0
0
0
0
0
0
0
0
0
0
0
0
0
0
0
0
0
0
0
0
0
0
0
0
0
0
0.0403937
0.0403937
0.0403937
0.0403937
0.0403937
0.0403937
0.0403937
0.0403937
0.0403937
0.0403937
0.0403937
0.0403937
0.0403937
0.0403937
0
0
0
0
0
0
0
0
0
0
0
0.0403937
0.0403937
0
0.0403937
0
0
0
0
0
0
0
0
0
0
0
0
0
0
0
0
0
0
0
0
0
0
0
0
0
0
0
0
0.0403937
0
0
0
0
0
0
0
0
0
0.0403937
0.0403937
0.0403937
0
0.0403937
0.0403937
0.0403937
0.0403937
0.0403937
0.0403937
0.0403937
0.0403937
0.0403937
0
0.0403937
0
0.0403937
0.0403937
0.0403937
0.0403937
0.0403937
0
0.0403937
0.0403937
0.0403937
0.0403937
0.0403937
0
0
0
0
0.0403937
0
0.0403937
0
0
0
0
0
0
0
0
0
0
0
0
0
0
0
0
0
0
0
0
0
0
0
0
0
0
0
0
0
0
0
0
0
0
0
0
0.0403937
0
0
0
0
0
0
0
0
0
0
0
0
0
0
0
0
0
0
0
0
0
0
0
0
0
0
0
0
0
0
0
0
0
0
0
0
0
0
0
0
0
0
0
0
0
0
0
0
0
0
0
0
0
0
0
0
0
0
0
0
0
0
0
0
0
0
0
0
0
0
0
0
0
0
0
0
0
0
0
0
0
0
0
0
0
0.0403937
0.0403937
0.0403937
0.0403937
0.0403937
0
0
0
0
0
0
0
0
0
0
0
0
0
0
0
0
0
0
0
0
0
0
0
0
0
0
0
0
0
0
0
0
0
0
0
0
0
0
0
0
0
0
0
0
0
0
0
0
0
0
0
0
0
0
0
0
0
0
0
0
0
0
0
0
0
0
0
0
0
0
0
0
0
0
0
0
0
0
0
0
0
0
0
0
0
0
0.0403937
0.0403937
0.0403937
0.0403937
0.0403937
0
0
0
0
0
0
0
0.0403937
0.0403937
0.0403937
0.0403937
0
0
0
0
0
0
0
0
0
0
0
0
0.0403937
0
0
0
0
0
0
0
0
0
0
0
0
0
0
0
0
0
0
0
0
0
0
0
0
0
0
0
0
0
0
0
0
0
0
0
0
0
0
0
0
0
0
0
0
0
0
0
0
0
0.0403937
0.0403937
0.0403937
0.0403937
0.0403937
0.0403937
0.0403937
0.0403937
0.0403937
0.0403937
0.0403937
0.0403937
0.0403937
0
0
0
0
0
0
0
0
0
0
0
0
0
0.0437316
0.0437316
0.0437316
0.0437316
0.0437316
0
0
0
0.0437316
0
0.0316509
0
0
0
0
0
0
0
0
0
0
0
0
0
0
0
0
0
0
0
0
0
0
0
0
0
0
0
0.0316509
0
0.0316509
0.0316509
0.0316509
0
0.0316509
0.0316509
0
0
0
0
0
0
0
0
0
0
0
0
0
0
0
0
0
0
0
0
0
0
0
0
0
0
0
0
0
0
0
0
0
0
0
0
0
0
0
0
0
0
0
0
0
0
0
0
0
0
0
0
0
0
0
0
0
0
0
0
0
0
0
0.0403937
0.0403937
0
0.0316756
0.0403937
0.0403937
0.0403937
0.0403937
0.0403937
0.0403937
0.0313694
0.0313694
0
0.0403937
0.0403937
0
0.0403937
0
0.0403937
0
0.0403937
0.0403937
0.0403937
0
0
0
0
0
0.0403937
0
0
0
0
0.0403937
0
0.0403937
0.0403937
0.0403937
0.0403937
0
0.0403937
0.0403937
0.0403937
0.0403937
0.0403937
0.0403937
0.0403937
0.0403937
0
0.0403937
0
0
0
0
0
0
0
0
0
0
0
0
0
0
0
0
0
0
0
0
0
0.0403937
0.0403937
0.0403937
0.0403937
0
0
0
0
0
0
0
0
0
0
0
0
0
0
0
0
0
0
0
0
0
0
0
0
0
0
0
0
0
0
0
0
0
0
0.010506
0
0
0
0
0
0
0
0.031658
0.031658
0.031658
0
0
0
0
0
0
0
0
0
0
0
0
0
0.0316509
0
0
0
0
0
0.0403937
0.0403937
0.0403937
0.0321081
0.0403937
0.0403937
0
0.0403937
0.0403937
0.0403937
0.0403937
0.0403937
0
0
0
0
0
0.0403937
0
0.0403937
0
0
0
0.0403937
0.0403937
0
0
0
0
0
0
0
0
0
0
0
0
0
0
0
0
0
0
0
0
0
0
0.010506
0.010506
0.010506
0
0
0
0
0
0
0
0
0
0
0
0
0
0
0
0
0
0
0
0
0
0
0
0
0
0
0
0
0
0
0
0
0
0
0
0
0
0
0
0
0
0
0
0
0
0
0
0
0
0
0
0
0
0
0
0
0
0
0
0
0
0
0
0
0
0
0
0
0
0
0
0
0
0
0
0
0
0
0
0
0
0
0
0
0
0
0
0
0
0
0
0
0
0
0
0
0
0
0
0
0
0
0
0
0
0
0
0
0
0
0
0
0
0
0
0
0
0
0
0
0
0
0
0
0
0
0
0
0
0
0
0
0
0
0
0
0
0
0
0
0
0
0
0
0
0
0
0
0
0
0
0
0
0
0
0
0
0
0
0
0
0
0
0
0
0
0
0
0
0
0
0
0
0
0
0
0
0
0
0
0
0
0
0
0
0
0
0
0
0
0
0
0
0
0
0
0
0
0
0
0
0
0
0
0
0
0
0
0
0
0
0
0
0
0
0
0
0
0
0
0
0
0
0
0
0
0
0
0
0
0
0
0
0
0
0
0
0
0
0
0
0
0
0
0
0
0
0
0
0
0
0
0
0
0
0
0
0
0
0
0
0
0
0
0
0
0
0
0
0
0
0
0
0
0
0
0
0
0
0
0
0
0
0
0
0
0
0
0
0
0
0
0
0
0
0
0
0
0
0
0
0
0
0
0
0
0
0
0
0
0
0
0
0
0
0
0
0
0
0
0
0
0
0
0
0
0
0
0
0
0
0
0
0
0
0
0
0
0
0
0
0
0
0
0
0
0
0
0
0
0
0
0
0
0
0
0
0
0
0
0
0
0
0
0
0
0
0
0
0
0
0
0
0
0
0
0
0
0
0
0
0
0
0
0
0
0
0
0
0
0
0
0
0
0
0
0
0
0
0
0
0
0
0
0
0
0
0
0
0
0
0
0
0
0
0
0
0
0
0
0
0
0
0
0
0
0
0
0
0
0
0
0
0
0
0
0
0
0
0
0
0
0
0
0
0
0
0
0
0
0
0
0
0
0
0
0
0
0
0
0
0
0
0
0
0
0
0
0
0
0
0
0
0
0
0
0
0
0
0
0
0
0
0
0
0
0
0
0
0
0
0
0
0
0
0
0
0
0
0
0
0
0
0
0
0
0
0
0
0
0
0
0
0
0
0
0
0
0
0
0
0
0
0
0
0
0
0
0
0
0
0
0
0
0
0
0
0
0
0
0
0
0
0
0
0
0
0
0
0
0
0
0
0
0
0
0
0
0
0
0
0
0
0
0
0
0
0
0
0
0
0
0
0
0
0
0
0
0
0
0
0
0
0
0
0
0
0
0
0
0
0
0
0
0
0
0
0
0
0
0
0
0
0
0
0
0
0
0
0
0
0
0
0
0
0
0
0
0
0
0
0
0
0
0
0
0
0
0
0
0
0
0
0
0
0
0
0
0
0
0
0
0
0
0
0
0
0
0
0
0
0
0
0
0
0
0
0
0
0
0
0
0
0
0
0
0
0
0
0
0
0
0
0
0
0
0
0
0
0
0
0
0
0
0
0
0
0
0
0
0
0
0
0
0
0
0
0
0
0
0
0
0
0
0
0
0
0
0
0
0
0
0
0
0
0
0
0
0
0
0
0
0
0
0
0
0
0
0
0
0
0
0
0
0
0
0
0
0
0
0
0
0
0
0
0
0
0
0
0
0
0
0
0
0
0
0
0
0
0
0
0
0
0
0
0
0
0
0
0
0
0
0
0
0
0
0
0
0
0
0
0
0
0
0
0
0
0
0
0
0
0
0
0
0
0
0
0
0
0
0
0
0
0
0
0
0
0
0
0
0
0
0
0
0
0
0
0
0
0
0
0
0
0
0.0106143
0.0106143
0.0106143
0.0106143
0
0
0
0
0
0
0
0.0431131
0.0431131
0
0.0508987
0
0.0431131
0.0105083
0.0105083
0.0105083
0.0105083
0.0105083
0.0105083
0
0
0
0
0
0
0.0373197
0
0
0.0373197
0.0373197
0.0105374
0.0139672
0.0106167
0.0108902
0
0
0.040757
0.0106012
0.0106012
0
0
0
0.0106012
0
0
0
0
0
0.0105083
0.0105083
0.0105083
0
0
0
0
0
0
0
0
0
0
0
0
0
0
0
0
0
0
0
0
0
0
0
0
0
0
0
0
0
0
0
0
0
0
0
0.0635001
0.0635001
0.0635001
0.0635001
0
0
0.0656532
0.0656532
0.0656532
0.0656532
0.353553
0.353553
0.0656532
0
0.353553
0.0656532
0.0635001
0
0
0
0
0.0105351
0
0
0.0105351
0.0105351
0.0105351
0.0105351
0.0105351
0.0105351
0.0105351
0.0105351
0.0105351
0.0105351
0
0
0
0.0105351
0.0105351
0
0
0
0.0105351
0.0105351
0.0105351
0
0
0.0105351
0
0.010548
0.0105351
0.0105351
0.0104599
0.0104599
0.0104599
0.0104599
0.0104599
0.0104599
0
0.0104599
0.0104599
0.0104599
0.0104599
0
0
0
0
0
0
0
0
0
0
0
0
0
0
0
0
0
0.0105351
0
0
0.0104599
0.0104599
0
0.0104599
0.0104599
0
0
0.0104691
0
0.0105351
0.0105351
0
0
0
0
0
0
0
0
0
0
0
0
0
0
0
0
0
0
0
0
0
0
0
0
0
0
0
0
0
0
0
0
0
0
0
0
0
0
0
0
0
0
0
0
0
0
0
0
0
0
0
0
0
0
0.0104599
0
0
0
0
0
0.0104599
0.0104599
0.0405554
0.0405554
0.0405554
0.0109357
0.0105351
0
0
0
0
0
0.0648204
0.0648204
0.0648204
0.0648204
0.0648204
0.0648204
0.0648204
0.0648204
0.0648204
0.0648204
0.0648204
0
0
0
0
0
0
0
0
0
0
0
0
0
0
0
0
0
0
0
0
0
0
0
0
0
0
0
0
0
0
0
0
0
0
0
0
0
0
0
0
0
0
0
0
0
0
0
0
0
0
0
0
0
0
0
0
0
0
0
0
0.0403937
0.0403937
0.0403937
0.0403937
0
0
0
0
0
0
0
0
0
0
0
0
0
0
0
0
0
0
0
0
0
0
0
0
0
0
0
0
0
0
0
0
0
0
0
0
0
0
0
0
0
0
0
0
0
0
0
0
0
0
0
0
0
0
0
0
0
0
0
0
0
0
0
0
0
0
0
0
0
0
0
0
0
0
0
0
0
0
0
0
0
0
0
0
0
0
0
0
0
0
0
0
0
0
0
0
0
0
0
0
0
0
0
0
0
0
0
0
0
0
0
0
0
0
0
0
0
0
0
0
0
0
0
0
0
0
0
0
0
0
0
0
0
0
0
0
0
0
0
0
0
0
0
0
0
0
0
0
0
0
0
0
0
0
0
0
0
0
0
0
0
0
0
0
0
0
0
0
0
0
0
0
0
0
0
0
0
0
0
0
0
0
0
0
0
0
0
0
0
0
0
0
0
0
0
0
0
0
0
0
0
0
0
0
0
0
0
0
0
0
0
0
0
0
0
0
0
0
0
0
0
0
0
0
0
0
0
0
0
0
0
0
0
0
0
0
0
0
0
0
0
0
0
0
0
0
0
0
0
0
0
0
0
0
0
0
0
0
0
0
0
0
0
0
0
0
0
0
0
0
0
0
0
0
0
0
0
0
0
0
0
0
0
0
0
0
0
0
0
0
0
0
0
0
0
0
0
0
0
0
0
0
0
0
0
0
0
0
0
0
0
0
0
0
0
0
0
0
0
0
0
0
0
0
0
0
0
0
0
0
0
0
0
0
0
0
0
0
0
0
0
0
0
0
0
0
0
0
0
0
0
0
0
0
0
0
0
0
0
0
0
0
0
0
0
0
0
0
0
0
0
0
0
0
0
0
0
0
0
0
0
0
0
0
0
0
0
0
0
0
0
0
0
0
0
0
0
0
0
0
0
0
0
0
0
0
0
0
0
0
0
0
0
0
0
0
0
0
0
0
0
0
0
0
0
0
0
0
0
0
0
0
0
0
0
0
0
0
0
0
0
0
0
0
0
0
0
0
0
0
0
0
0
0
0
0
0
0
0
0
0
0
0
0
0
0
0
0
0
0
0
0
0
0
0
0
0
0
0
0
0
0
0
0
0
0
0
0
0
0
0
0
0
0
0
0
0
0
0
0
0
0
0
0
0
0
0
0
0
0
0
0
0
0
0
0
0
0
0
0
0
0
0
0
0
0
0
0
0
0
0
0
0
0
0
0
0
0
0
0
0
0
0
0
0
0
0
0
0
0
0
0
0
0
0
0
0
0
0
0
0
0
0
0
0
0
0
0
0
0
0.0403937
0.0403937
0.0403937
0.0403937
0.0403937
0.0403937
0.0403937
0.0403937
0.0403937
0.0403937
0.0403937
0.0403937
0.0403937
0.0403937
0.0403937
0.0403937
0.0403937
0.0403937
0.0403937
0.0403937
0.0403937
0.0403937
0.0403937
0.0403937
0.0403937
0.0403937
0.0403937
0.0403937
0.0403937
0.0403937
0.0403937
0.0403937
0.0403937
0.0403937
0.0403937
0.0403937
0.0403937
0.0403937
0.0403937
0.0403937
0.0403937
0.0403937
0.0403937
0.0403937
0.0403937
0.0403937
0.0403937
0.0403937
0.0403937
0.0403937
0.0403937
0.0403937
0.0403937
0.0403937
0.0403937
0.0403937
0
0
0
0
0
0
0
0
0
0
0
0
0
0
0
0
0
0
0
0
0
0
0
0
0
0
0
0
0
0
0
0
0
0
0
0
0
0
0
0
0
0
0
0
0
0
0
0
0
0
0
0
0
0
0
0
0
0
0
0
0
0
0
0
0
0
0
0
0
0
0
0
0
0
0
0
0
0.0105002
0.0105002
0.0105002
0.0105002
0.0105002
0.0105002
0.0105002
0.0105002
0.0105002
0
0
0
0
0
0
0
0
0
0
0
0
0
0
0
0
0
0
0
0
0
0
0
0
0
0
0
0
0
0
0
0
0
0
0
0
0
0
0
0
0
0
0
0
0
0
0
0
0
0
0
0
0
0
0
0
0
0
0
0
0
0
0
0
0
0
0
0
0
0
0
0
0
0
0
0
0
0
0
0
0
0
0
0
0
0
0
0
0
0
0
0
0
0
0
0
0
0
0
0
0
0
0
0
0
0
0
0
0
0
0
0
0
0
0
0
0
0
0
0
0
0
0
0
0
0
0
0
0
0
0
0
0
0
0
0
0
0
0
0
0
0
0
0
0
0
0
0
0
0
0
0
0
0
0
0
0
0
0
0
0
0
0
0
0
0
0
0
0
0
0
0
0
0
0
0
0
0
0
0
0
0
0
0
0
0
0
0
0
0
0
0
0
0
0
0
0
0
0
0
0
0
0
0
0
0
0
0
0
0
0
0
0
0
0
0
0
0
0
0
0
0
0
0
0
0.010506
0.010506
0.010506
0.010506
0.0204636
0
0.0201619
0
0
0
0
0
0
0
0
0
0.0105351
0.0105351
0
0
0.0105351
0.0105351
0.0105351
0.0105351
0.0105351
0.0105351
0.0105351
0.0105351
0.0105351
0.0105351
0.0105351
0.0105351
0.0105351
0.0105351
0.0109357
0
0
0.0105468
0.0105468
0.0105468
0.0105468
0.0105468
0
0
0
0
0
0
0.0105351
0.0105351
0
0
0
0
0
0
0
0
0
0
0
0
0
0
0
0
0
0
0
0
0
0
0
0
0
0
0
0
0
0
0
0
0
0
0
0
0
0
0
0
0
0
0
0
0.0109461
0.0109461
0.0109461
0
0
0
0
0
0
0
0
0
0
0
0
0.0466569
0.0466506
0.0466506
0.0466506
0.0466506
0.0466506
0.0466506
0.0466506
0.0466506
0.0466569
0.0466569
0
0
0
0
0
0.0135358
0.0135358
0
0
0
0
0
0
0
0
0
0
0
0
0
0
0
0
0
0
0
0
0
0
0
0
0
0
0.0312195
0.0312195
0
0
0
0
0
0
0.0126249
0.0126249
0
0.0126249
0.0936586
0.013387
0.0126735
0.0127807
0
0
0
0
0
0
0.0126572
0
0
0
0.0936586
0
0.0308607
0.0118578
0.0143918
0.0118628
0
0.0117476
0.0117525
0.0117525
0.0562878
0.0562878
0.0562878
0.0470295
0.0482103
0
0
0
0.0471077
0.0482243
0
0
0
0
0
0
0
0
0
0
0
0
0
0
0
0
0
0
0
0
0
0
0
0
0
0.0432742
0.0432742
0
0.0432742
0.0432742
0
0
0
0
0
0
0
0
0
0
0
0
0
0
0
0
0
0
0
0
0
0
0
0
0
0
0
0
0
0
0
0
0
0
0
0
0
0
0
0
0
0
0
0
0
0
0
0
0
0
0
0
0
0
0
0
0
0
0
0
0
0
0
0
0
0
0
0
0
0
0.0117509
0
0
0
0
0
0
0
0
0
0
0.0136386
0.0137257
0
0.014371
0.014371
0.014947
0.014947
0
0
0
0
0.0139347
0
0.0139347
0.0139347
0.0139347
0
0
0
0.012438
0.0124418
0.0124418
0.0132897
0.0124188
0
0.0149171
0
0
0.0141083
0
0.0149171
0
0
0
0.0132593
0
0
0
0.0132967
0
0
0
0
0
0
0
0
0.0141648
0
0
0
1
1
1
1
0
0.0133132
0
0
0
0
0
0
0
0
0
0
0
0
0
0
0
0
0
0
0
0
0
0
0
0.0141563
0.0141648
0
0
0
0
0
0
0
0
0
0
0
0
0
0
0
0
0
0.0118495
0
0
0.0117525
0.0117525
0
0
0
0
0
0
0
0
0
0
0
0
0
0
0
0
0
0
0
0
0
0
0
0
0
0
0
0
0
0
0
0
0.0309492
0
0
0
0
0
0.0387492
0.0387492
0.0387492
0.0387492
0.0387492
0
0.0274411
0.0274411
0.0274411
0.0274411
0.0274411
0.0274411
0
0
0
0
0
0
0.010506
0.010506
0.010506
0.010506
0.010506
0.010506
0.010506
0
0.0204636
0.0204636
0.0204636
0.0204636
0.0201619
0
0
0
0
0
0
0
0
0
0
0
0
0.0204636
0.0204636
0.0204636
0.0204636
0.0204636
0.0204636
0.0204636
0.0204636
0.0204636
0
0.0204636
0.0204636
0.0204636
0.0204636
0.0204636
0.0204636
0.0204636
0.0204636
0
0.0376889
0.0376889
0.0419591
0.0421076
0.0430331
0.0430331
0.0430331
0.0430331
0
0
0.0430331
0
0
0
0
0
0.0376889
0.0376889
0.0376889
0.0376889
0.0376889
0.0376889
0.0376889
0.0376889
0.0376889
0.0376889
0.010506
0.010506
0.010506
0.010506
0.010506
0.010506
0.0376889
0.0376889
0.0376889
0.0376889
0
0
0.0376889
0
0
0
0
0.0376889
0.0376889
0.0378506
0.0378506
0.0404888
0.0404888
0.0404888
0.0379049
0
0
0.0379049
0.0379049
0.0379049
0
0
0
0
0
0
0
0
0.0385186
0.0385186
0.0385186
0.0385186
0
0
0
0
0
0
0
0
0
0
0
0
0
0
0
0
0
0
0
0
0
0
0
0
0.0109461
0.0109461
0.0109461
0.0109461
0.0109461
0.0109461
0.0109461
0
0
0
0
0
0
0
0
0.0109461
0.0109461
0
0
0.0109461
0.0109461
0.0109461
0
0
0
0
0
0
0
0
0
0
0
0
0
0
0
0
0
0
0
0
0
0
0
0
0
0
0
0
0
0
0
0
0
0
0
0
0
0
0
0
0
0
0.0109461
0
0
0
0
0
0
0
0
0
0
0
0
0
0
0
0
0
0
0
0
0
0
0
0
0
0
0
0
0
0
0
0
0
0
0
0
0
0
0.0146647
0.0146647
0.0146647
0.0146647
0.0146647
0.0146647
0.0146647
0.0146647
0.0146647
0.0146647
0.0146647
0.0146868
0.0146868
0.0148511
0.0148511
0.014937
0.014937
0
0
0.0147378
0.0147378
0.0149404
0.0149404
0.0149404
0.0149404
0.0149404
0.0149404
0.0149404
0.014937
0.014937
0.0146647
0
0.0146647
0.0146647
0.0146647
0
0.0146647
0.0146647
0.0146647
0.0146647
0.0146647
0
0.0146647
0.0146647
0.0146647
0.0146647
0
0.0146647
0.0146647
0.0146647
0.0146647
0.0146647
0.0104944
0.0104944
0.0104944
0
0
0
0
0
0
0
0
0
0
0
0
0
0
0
0
0
0
0
0
0
0
0
0
0
0
0
0
0
0
0
0
0
0
0
0
0
0
0
0
0
0
0
0.0105048
0
0.0105048
0.0105048
0.0105048
0.0105048
0.0105048
0.0105048
0
0.0105048
0
0.0105048
0
0
0
0
0
0
0
0
0
0
0
0
0
0
0
0
0
0
0
0
0
0
0
0
0
0
0
0
0
0
0
0
0
0
0
0
0
0
0
0
0
0
0
0
0
0
0
0
0
0
0
0
0
0
0
0
0
0
0
0
0
0
0
0
0
0
0
0
0
0
0
0
0
0
0
0
0
0
0
0
0
0
0.0105083
0
0
0
0
0
0
0
0
0
0
0
0
0
0
0
0
0
0
0
0
0
0
0
0
0
0
0
0
0
0
0
0
0
0
0
0
0
0
0
0
0
0
0.010506
0.010506
0.010506
0
0
0
0
0
0
0
0.0366126
0.0366126
0.0366126
0.0366126
0.0366126
0.0366126
0.0366126
0.0366126
0.0366126
0
0
0
0
0
0
0
0
0
0
0.0366126
0.0366126
0.0366126
0.0366126
0.0366126
0.0366126
0
0
0
0
0
0
0
0
0
0
0
0
0
0
0
0
0.0366126
0
0.0366126
0
0
0
0
0
0
0
0
0
0.0366126
0
0
0
0
0
0.0366126
0.0366126
0.0366126
0
0
0
0.0366126
0
0
0
0
0
0
0
0
0
0
0
0
0
0
0
0
0
0.0379049
0.0379049
0.0379049
0
0
0
0
0
0
0
0
0
0
0
0
0
0
0
0
0
0
0
0
0
0
0
0
0
0
0
0
0
0
0
0
0
0
0
0
0
0
0
0
0
0
0
0
0
0
0
0.0379049
0
0
0
0
0
0
0
0
0
0.0379049
0.0379049
0.0379049
0.0379049
0.0379049
0.0379049
0.0379049
0.0379049
0.0379049
0.0379049
0.0379049
0.0379049
0.0379049
0.0379049
0.0379049
0.0379049
0.0373718
0.0373718
0.0373718
0.0373718
0
0
0
0
0
0.0379049
0.0379049
0.0379049
0.0379049
0.0379049
0
0
0
0.0379049
0
0
0.0379049
0.0379049
0
0.0379049
0.0379049
0.0379049
0
0
0
0
0
0.0379049
0.0379049
0.0379049
0.0379049
0.0379049
0.0379049
0.0379049
0.0379049
0.0379049
0.0379049
0.0379049
0
0.0379049
0.0387492
0.0379049
0.0379049
0.0379049
0.0379049
0.0379049
0.0379049
0.0379049
0.0379049
0.0379049
0.0379049
0.0379049
0
0
0.0379049
0.0379049
0
0.0379049
0.0379049
0.0379049
0.0379049
0
0.0379049
0.0379049
0.0379049
0
0.0379049
0.0379049
0.0373197
0.0373197
0
0.0373197
0.0373718
0
0
0
0.0373197
0
0
0
0
0
0
0
0
0
0
0
0
0
0
0
0
0
0
0
0
0
0
0
0
0
0
0
0
0
0
0
0
0
0
0
0
0
0
0
0
0
0
0
0
0
0
0
0
0
0
0
0
0
0
0
0
0
0
0
0
0
0
0
0
0
0
0
0
0
0
0
0
0
0
0
0
0
0
0
0
0
0
0
0
0
0
0
0
0
0
0
0
0
0
0
0
0.0104599
0.0104599
0.0104599
0
0
0
0
0
0
0.0104599
0
0
0
0
0
0
0
0
0
0
0
0
0
0
0
0
0
0
0
0
0
0
0
0
0
0
0
0
0
0
0
0
0
0
0.0104599
0.0104599
0.0104599
0.0104599
0
0
0
0
0
0.0379049
0.0379049
0.0379049
0.0379049
0.0379049
0.0379049
0.0379049
0.0379049
0
0
0
0
0.0105083
0.0105083
0.0105083
0.0105083
0.0105083
0.0105083
0.0105083
0
0
0
0
0
0
0
0
0
0
0
0
0
0
0
0
0
0
0
0
0
0
0
0
0
0
0
0
0.0105083
0.0105083
0.0105083
0.0105083
0.0105083
0.0105083
0
0
0
0
0
0
0
0
0
0
0
0
0
0
0
0
0
0
0
0
0
0
0
0
0
0
0
0
0
0
0
0
0
0
0
0
0
0
0
0
0
0
0
0
0
0
0
0
0
0
0
0
0
0
0
0
0
0
0
0
0
0
0
0
0
0
0
0
0
0
0
0
0
0
0
0
0
0
0
0
0
0
0
0
0
0
0
0
0
0
0
0
0
0
0
0
0
0.0146647
0.0146647
0.0146647
0.0146647
0.0146647
0
0.0146647
0
0
0.0146647
0
0
0
0
0
0
0.0146647
0.0146647
0.0146647
0
0.0146647
0.0146647
0.0146647
0.0146647
0.0146647
0.0146647
0
0
0
0
0
0
0
0
0
0
0
0
0
0.0146647
0.0146647
0
0
0
0
0
0
0
0
0
0
0
0
0
0
0
0
0
0
0
0
0
0
0
0
0
0
0
0
0
0
0
0
0
0
0
0
0
0
0
0
0
0
0
0
0
0
0
0
0
0
0
0
0
0
0
0
0
0
0
0
0
0
0
0
0
0
0
0
0
0
0
0
0
0
0
0
0
0
0
0
0
0
0
0
0
0
0
0
0
0
0
0
0
0
0
0
0
0
0
0
0
0
0
0
0
0
0
0
0
0
0
0
0
0
0
0
0
0.0146742
0
0.0146742
0.0146742
0
0.0146742
0.0146742
0.0146837
0.0146837
0
0.0146837
0
0.0146837
0
0.0146742
0
0
0
0
0
0
0
0
0
0
0
0
0
0
0
0
0
0
0
0
0
0
0
0
0
0
0
0
0
0
0
0
0
0
0
0
0
0
0
0
0
0
0
0
0
0
0
0
0
0
0
0
0
0
0
0
0
0
0
0
0
0
0
0
0
0
0
0
0
0
0
0
0
0
0
0
0
0
0
0
0
0
0
0
0
0
0
0
0
0
0
0
0
0
0
0
0
0
0
0
0
0
0
0
0
0
0
0
0
0
0
0
0
0
0
0
0
0
0
0
0
0
0
0
0
0
0
0
0
0
0
0
0
0
0
0
0
0
0
0
0
0
0
0
0
0
0
0
0
0
0
0
0
0
0
0
0
0
0
0
0
0
0
0
0
0
0
0
0
0
0
0
0
0
0
0
0
0
0
0
0
0
0
0
0
0
0
0
0
0
0
0
0
0
0.0146647
0.0146647
0
0
0
0
0
0
0
0
0
0
0
0
0
0
0
0
0
0
0
0
0
0
0
0
0
0
0
0
0
0
0
0
0
0
0
0
0
0
0
0
0
0
0
0
0
0
0
0
0
0
0
0
0
0
0
0
0
0
0
0
0
0
0
0
0
0
0
0
0
0
0
0
0
0
0
0
0
0
0
0
0
0
0
0
0
0
0
0
0
0
0
0
0
0
0
0
0
0
0
0
0
0
0
0
0
0
0
0
0
0
0
0
0
0
0
0
0
0
0
0
0
0
0
0
0
0
0
0
0
0
0
0
0
0
0
0
0
0
0
0
0
0
0
0
0
0
0
0
0
0
0
0
0
0
0
0
0
0
0
0
0
0
0
0
0
0
0
0
0
0
0
0
0
0
0
0
0
0
0
0
0
0
0
0
0
0
0
0
0
0
0
0
0
0
0
0
0
0.0146647
0.0146647
0.0146647
0.0146647
0.0146647
0.0146647
0.0146647
0.0146647
0.0146647
0.0146647
0.0146647
0
0
0.0146647
0
0
0
0
0
0
0
0
0
0
0
0
0
0
0
0
0
0
0
0
0
0
0
0
0
0
0
0
0
0
0
0
0
0
0
0
0
0
0
0
0
0
0
0
0
0
0
0
0
0
0
0
0
0
0
0
0
0
0
0
0
0
0
0
0
0
0
0
0
0
0
0
0
0
0
0
0
0
0
0
0
0
0
0
0
0
0
0
0
0
0
0
0
0
0
0
0
0
0
0
0
0.0148087
0
0
0
0
0
0
0
0
0
0
0
0
0
0
0
0
0
0
0
0
0
0
0
0
0
0
0
0
0
0
0
0
0
0
0
0
0
0
0
0
0
0
0
0
0
0
0
0
0
0
0
0
0
0
0
0
0
0
0
0
0
0
0
0
0
0
0
0
0
0
0
0
0
0
0
0
0
0
0
0
0
0
0
0
0
0
0
0
0
0
0
0
0
0
0.0387492
0.0387492
0
0
0.0387492
0
0
0
0
0
0
0
0
0
0
0.0204636
0.0204636
0
0
0
0
0
0
0
0
0
0
0
0
0
0
0
0
0
0
0
0
0
0
0
0
0
0
0
0
0
0
0
0
0
0
0
0
0
0
0
0
0
0
0
0
0
0
0
0
0
0
0.010506
0.010506
0.010506
0.010506
0.010506
0.010506
0.010506
0.010506
0.010506
0.010506
0.010506
0.0105083
0.0105083
0
0.0105083
0.0105083
0.010506
0.010506
0.010506
0.010506
0.010506
0.010506
0.0105083
0.0105083
0.010506
0.0174554
0.0174554
0.0174554
0
0
0
0.0174981
0.0179605
0.0264814
0.0264814
0.0264814
0.0431934
0
0.0432742
0
0.0432742
0.0264999
0
0.0105083
0.0105351
0
0.0137777
0
0.0137777
0.0140525
0
0
0
0
0
0
0
0
0
0
0
0
0
0
0
0
0.010506
0
0.0373718
0.0373718
0.0373718
0.0373718
0.0373718
0.0373718
0.0373718
0.0373718
0.0373718
0.0373718
0.0373718
0.0373718
0.0373718
0.0373718
0.0373718
0
0
0.010506
0.010506
0.010506
0.010506
0
0
0
0
0
0
0
0
0
0
0
0
0
0
0
0
0
0
0.0105153
0.0105153
0.0105153
0.0105153
0.0105153
0.0105153
0.0105153
0.0105153
0.0105153
0.0105153
0
0
0
0
0
0
0
0
0
0
0
0
0
0
0
0
0
0
0
0
0
0
0
0
0
0
0
0
0
0
0
0
0
0
0
0
0
0
0
0
0
0
0
0
0
0
0
0
0
0
0
0
0
0
0
0
0
0
0
0
0
0
0
0
0
0
0
0
0
0
0
0
0
0
0
0
0
0
0
0
0
0
0
0
0
0
0
0
0
0
0
0
0
0
0
0
0
0
0
0
0
0
0
0
0
0
0
0
0
0
0
0
0
0
0
0
0
0
0
0
0
0
0
0
0
0
0
0
0
0
0
0
0
0
0
0
0
0
0
0
0
0
0
0
0
0
0
0
0
0
0
0
0
0
0
0
0
0
0
0
0
0
0
0
0
0
0
0
0
0
0
0
0
0
0
0
0
0
0
0
0
0
0
0
0
0.0277992
0
0.0288435
0
0
0
0
0.0272367
0.0271763
0
0
0
0
0
0
0
0
0
0
0
0
0
0
0
0
0
0
0
0
0
0.0319765
0
0.0335957
0
0
0
0
0
0
0
0
0
0
0
0
0
0.0339422
0
0
0
0
0
0
0
0
0
0
0
0
0
0
0
0
0
0
0
0
0
0
0
0
0
0
0
0
0
0
0
0
0
0
0
0
0
0
0
0
0
0
0
0
0
0
0
0
0
0
0
0
0
0
0
0
0
0
0
0
0
0
0
0
0
0
0
0
0
0
0
0
0
0
0
0
0
0
0
0
0
0
0
0
0
0
0
0
0
0
0
0
0
0
0
0
0
0
0
0
0
0
0
0
0
0
0
0
0
0
0
0
0
0
0
0
0
0.0155155
0
0.0156403
0
0
0
0
0
0
0
0
0
0
0
0
0
0
0
0
0
0.0178971
0
0
0
0
0
0
0
0.0190554
0
0
0
0
0
0
0
0
0
0
0
0
0
0
0
0
0.0109857
0
0.0109857
0
0
0
0
0
0
0
0
0
0
0
0
0
0
0
0
0
0
0
0.0109383
0.011129
0.011129
0.011129
0.0116579
0.0119745
0
0
0
0
0
0
0
0
0
0
0
0
0
0
0
0
0
0
0
0
0
0
0
0
0
0
0
0
0
0
0
0
0
0
0
0
0
0
0
0
0
0
0
0
0
0
0
0
0
0
0
0
0
0.0114392
0.0121897
0.0112537
0
0
0
0
0
0
0
0
0
0
0
0
0
0
0
0
0
0
0
0
0
0
0.0109109
0.0121125
0
0.0109226
0
0
0
0
0
0
0
0
0
0
0
0
0
0
0
0
0
0
0
0
0.0146333
0
0
0
0
0
0
0
0
0
0
0
0
0
0
0
0
0
0
0
0
0
0
0
0
0
0
0
0
0
0
0
0
0
0
0
0
0
0
0
0
0
0.0146647
0
0
0
0
0
0
0
0
0
0
0
0
0
0
0
0
0
0
0
0
0
0
0
0
0
0
0
0
0
0
0
0
0
0
0
0
0
0
0
0
0
0
0
0
0
0
0
0
0
0
0
0
0
0
0
0
0
0
0
0
0
0
0
0
0
0
0
0
0
0
0
0
0
0
0
0
0
0
0
0
0
0
0
0
0
0
0
0
0
0
0
0
0
0
0
0
0
0
0
0
0
0
0
0
0
0
0
0
0
0
0
0
0
0
0
0
0
0
0
0
0
0
0
0
0
0
0
0
0
0
0
0
0
0
0
0
0
0
0
0
0
0
0
0
0
0
0
0
0
0
0
0.0201619
0.0201619
0.0230756
0.0201619
0
0.0201619
0.0112723
0.0112723
0.0112723
0.0125078
0.0125078
0.0134159
0.0202278
0.0242821
0.0112723
0
0
0
0
0
0
0
0
0
0
0.0105199
0.0106868
0.0105199
0
0
0
0
0
0
0
0
0
0
0
0
0
0
0
0
0
0
0
0
0
0
0
0
0
0
0
0
0
0
0
0
0
0
0
0
0
0
0
0.0110675
0.0110675
0.0110702
0.0110702
0
0.0110702
0
0.0110702
0
0.0110715
0
0.0110715
0.0125039
0.0112594
0.0127807
0
0
0
0
0
0
0
0
0
0
0
0
0
0
0
0
0
0
0
0
0
0
0
0
0
0
0
0
0
0
0
0
0
0
0
0
0
0
0
0
0
0
0
0
0
0
0
0
0
0
0
0
0
0
0
0
0
0
0
0
0
0
0
0
0
0
0
0
0
0
0
0
0
0
0
0
0
0
0
0
0
0
0
0
0
0
0
0
0
0
0
0
0
0.0148087
0.0148087
0.0148087
0.0148087
0.0148087
0.0148087
0.0148087
0.0148087
0.0148087
0
0
0
0
0
0
0
0
0
0
0
0
0
0
0
0
0
0
0
0
0
0
0
0
0
0
0
0
0
0
0
0
0
0
0
0
0.0148087
0.0148087
0.0148087
0
0
0
0
0
0
0
0
0
0
0
0
0
0
0.0146647
0.0146647
0.0146647
0.0146647
0.0146647
0.0146647
0.0146647
0.0146647
0.0146647
0.0146647
0.0146647
0.0146647
0.0146647
0.0146647
0
0
0
0
0
0
0
0
0.0146647
0.0146647
0
0
0
0
0
0.0146647
0
0
0
0
0
0
0
0
0
0
0
0
0
0
0
0
0
0
0
0
0
0
0
0.0146647
0
0
0
0
0.010506
0
0
0
0
0
0
0
0
0
0
0
0
0
0
0
0
0
0
0
0
0
0
0
0
0
0
0
0
0
0
0
0
0
0
0
0
0
0
0
0
0
0
0
0
0
0
0
0
0
0
0
0
0
0
0
0
0
0
0
0
0
0
0
0
0
0
0
0
0
0
0
0
0
0
0
0
0
0
0
0
0
0
0
0
0
0
0
0
0
0
0
0
0
0
0
0
0
0
0
0
0
0
0
0
0
0
0
0
0
0
0
0
0
0
0
0
0
0
0
0
0
0
0
0
0
0
0
0
0
0
0
0
0
0
0
0
0
0
0
0
0
0
0
0
0
0
0
0
0
0
0
0
0
0
0
0
0
0
0
0
0
0
0
0
0
0
0
0
0
0
0
0
0
0
0
0
0
0
0
0
0.0566139
0.0566139
0.0566139
0.0566139
0.0566139
0.0566139
0.0566139
0.0566139
0
0
0
0.0566139
0.0566139
0.0566139
0.0566139
0.0566139
0.0566139
0
0.0566139
0.0585206
0.0585206
0
0
0
0
0
0
0
0
0
0.0585206
0
0.0105199
0
0
0
0
0
0
0
0
0
0
0
0
0.0485643
0.0485643
0.0485643
0
0
0.0105153
0
0.0105153
0
0
0
0
0
0
0
0
0
0
0
0
0
0
0
0
0
0
0
0
0
0
0.0105153
0
0.0105153
0
0
0
0
0
0.010506
0
0
0
0
0
0
0
0
0
0
0
0
0
0
0
0
0
0
0
0
0
0
0
0
0
0
0
0
0
0
0
0
0
0
0
0
0
0
0
0
0
0
0
0
0
0
0
0
0
0
0
0
0
0
0
0
0
0
0
0
0
0
0
0
0
0
0
0
0
0
0
0
0
0
0
0
0
0
0
0
0
0
0
0
0
0
0
0
0
0
0
0
0
0
0
0
0
0
0
0
0
0
0
0
0
0
0
0
0
0
0
0
0
0
0
0
0
0
0
0
0
0
0
0
0
0
0
0
0
0
0
0
0
0
0
0
0
0
0
0
0
0
0
0
0
0
0
0
0
0
0
0
0
0
0
0
0
0
0
0
0
0
0
0
0
0
0
0
0
0
0
0
0
0
0
0
0
0
0
0
0
0
0
0
0
0
0
0
0
0
0
0
0
0
0
0
0
0
0
0
0
0
0
0
0.0635001
0.0635001
0
0
0
0
0
0
0
0
0
0
0.0635001
0.353553
0.0635001
0
0.0635001
0.0635001
0
0
0
0
0
0
0
0.0635001
0
0
0
0
0
0
0
0
0
0
0
0
0
0
0
0
0
0
0
0.0201701
0.0201701
0.0201619
0.0201619
0.0201619
0.0201619
0.0496292
0.0201619
0.0201619
0.0201619
0.0201619
0.0201619
0.022798
0.0201619
0.0201619
0.0201619
0.0201619
0.0201619
0.022798
0.0201619
0.0201619
0.022798
0.022798
0.022798
0
0.022798
0.022798
0.022798
0.022798
0
0
0.022798
0.022798
0.022798
0.022798
0
0
0
0
0.0201619
0.0201619
0.0201619
0.0201619
0
0
0
0
0
0
0.022798
0.022798
0.022798
0.022798
0
0.0201619
0.0201619
0.0201619
0.0201619
0
0.0201619
0.0201619
0.0201619
0.0201619
0.020498
0.0201619
0.0254
0.0254
0.0201619
0.0201619
0.0201619
0
0
0
0
0
0.0201619
0.0201619
0.0201619
0.0201619
0.0201619
0.0227038
0.0227038
0.0227038
0.0227038
0.0227038
0.0201701
0.0201701
0.0201866
0
0
0
0
0
0
0.0201701
0.0201619
0
0.0201866
0.0201866
0
0
0.0142278
0.0142278
0.0142278
0.0142278
0.0142278
0.0142278
0.0142278
0.0142278
0
0
0.0142278
0
0
0
0
0
0
0
0
0
0
0
0
0
0
0
0
0
0
0
0
0
0
0
0
0
0
0
0
0
0
0
0
0
0
0
0
0
0
0
0
0
0
0
0
0
0
0
0
0
0
0
0
0
0
0
0
0
0
0
0
0
0
0
0
0
0
0
0
0
0
0
0
0
0
0
0
0
0
0
0
0
0
0
0
0
0
0
0
0
0
0
0
0
0
0
0
0
0
0
0
0
0.0142278
0.0142278
0.0142278
0.0142278
0.0142278
0.0142278
0
0
0
0
0
0
0
0.0142278
0.0142278
0.0142278
0
0
0
0
0
0
0
0
0
0
0.0142278
0.0142278
0.0142278
0.0142278
0.0142278
0
0
0
0
0
0
0
0
0
0
0
0
0
0
0
0
0
0
0
0
0
0
0
0
0
0
0
0
0
0
0
0
0
0
0.0142278
0.0142278
0.0142278
0.0142278
0
0
0
0
0
0
0
0
0
0.0142278
0
0
0
0
0
0
0
0
0
0
0
0
0
0
0
0
0
0
0
0
0
0
0
0
0
0
0
0
0
0
0
0
0
0
0
0
0
0
0
0
0
0
0
0.0142278
0.0142278
0.0142278
0.0142278
0.0142278
0.0142278
0
0
0
0
0
0
0
0
0
0
0
0
0
0
0
0
0
0
0
0
0
0
0
0
0
0
0
0
0
0
0
0
0
0
0
0
0
0
0
0.010506
0.010506
0.010506
0
0
0.0105048
0.0105048
0.0105048
0.0105048
0.0379049
0.0387492
0.010506
0.010506
0.010506
0.010506
0.010506
0.0142278
0.0105048
0.0105048
0.0105048
0.0105048
0.0105048
0
0
0
0
0
0
0
0
0
0
0
0
0
0
0
0
0
0
0
0
0
0
0
0
0
0
0
0
0
0
0
0
0
0
0
0
0
0
0
0
0
0
0
0
0
0
0
0
0
0
0
0
0
0
0
0
0
0
0
0
0
0.010506
0.010506
0.010506
0.010506
0.010506
0.010506
0.010506
0.010506
0.010506
0.010506
0.010506
0.010506
0.010506
0.010506
0.010506
0.010506
0.010506
0.010506
0.010506
0.010506
0.010506
0.010506
0.010506
0.010506
0.010506
0.010506
0.010506
0.010506
0.010506
0.010506
0
0
0.010506
0.010506
0.010506
0.010506
0.010506
0.010506
0.0105083
0
0
0
0
0
0.0201619
0.0201619
0.0201619
0.0201619
0
0
0
0
0.0201619
0.0201619
0.0201619
0
0
0
0
0
0
0
0
0.022798
0.022798
0.0201619
0.0201619
0.0201619
0.0201619
0.0201619
0.0201619
0.0201619
0.0201619
0.0201619
0
0
0
0
0.0201619
0.022798
0.022798
0
0.022798
0
0
0
0
0
0
0
0
0
0.0201619
0
0.0201619
0.0201619
0.0201619
0.0201619
0.0201619
0.022798
0.0201619
0
0
0
0
0
0
0
0
0
0
0.0201619
0.0201619
0.0201619
0.0201619
0.0201619
0
0
0
0
0
0
0
0
0
0
0
0
0
0
0
0
0
0
0
0
0.0201619
0.0201619
0.0201619
0.0201619
0.020498
0
0.020498
0
0
0
0
0
0
0.0201619
0.022798
0.022798
0.022798
0.022798
0
0
0.022798
0.022798
0
0
0
0
0
0
0
0
0
0.022798
0
0
0
0
0.0204636
0.0204636
0.0204636
0.0204636
0.0204636
0.0204636
0
0
0
0
0
0
0
0
0
0
0
0
0
0
0
0
0
0
0
0
0
0
0
0
0
0
0
0
0
0
0
0
0
0
0
0
0
0
0
0
0
0
0
0
0
0
0
0
0
0
0
0
0
0
0
0
0
0
0
0
0
0
0
0
0
0
0
0
0
0
0
0
0
0
0
0.0105199
0.0105199
0.0105199
0.0105199
0.0204636
0.0204636
0.0204636
0.0204636
0.010506
0.010506
0.0155493
0.0155493
0.0155493
0.0175574
0.0155493
0.0155493
0.0155493
0.0155493
0.0155493
0.0155493
0.017552
0.017552
0.017552
0.017552
0.017552
0.017552
0.017552
0
0.017552
0.017552
0
0
0
0.017552
0.017552
0.0155493
0.0155493
0.0155493
0.0155493
0.0165794
0.0165794
0.0165794
0.0165794
0.0165794
0.0165794
0.0165794
0.0193819
0
0.0193819
0.0193819
0
0.0193819
0.0193819
0
0
0
0
0
0
0
0.0155493
0.0155493
0.0155493
0.0155493
0.0155493
0.0155493
0.0155493
0.0155493
0.0155493
0.0155493
0.0157329
0.0157329
0.0157329
0.0157329
0
0.0157329
0.0157329
0
0
0
0
0
0
0
0
0
0
0
0
0
0
0.0142278
0.0142278
0
0
0
0
0
0
0
0
0
0
0
0
0
0
0
0
0
0
0
0
0
0
0
0
0
0
0
0
0
0
0
0
0
0
0
0
0
0
0
0
0
0
0
0
0
0
0
0
0
0
0
0
0
0
0
0
0
0
0
0
0
0
0
0
0
0
0
0
0
0
0
0
0
0
0
0
0
0
0
0
0
0
0
0
0
0
0
0
0
0
0
0
0
0
0
0
0
0
0
0
0
0
0
0
0
0
0
0
0
0
0
0
0
0
0
0
0
0
0
0
0
0
0
0
0
0
0
0
0
0
0
0
0
0
0
0
0
0
0
0
0
0
0
0
0
0
0
0
0
0
0
0
0
0
0
0
0
0
0
0
0
0
0
0
0
0
0
0
0
0
0
0
0
0
0
0
0
0
0
0
0
0
0
0
0
0
0
0
0
0
0
0
0
0
0
0
0
0
0
0
0
0
0
0
0
0
0
0
0
0
0
0
0
0
0
0
0
0
0
0
0
0
0
0
0
0
0
0
0
0
0
0
0
0
0
0
0
0
0
0
0
0
0
0
0
0
0
0
0
0
0
0
0
0
0
0
0
0
0
0
0
0
0
0
0
0
0
0
0
0
0
0
0
0
0
0
0
0
0
0
0
0
0
0
0
0
0
0
0
0
0
0
0
0
0
0
0
0
0
0
0
0
0
0
0
0
0
0
0
0
0
0
0
0
0.010506
0
0
0
0
0
0
0
0
0
0
0
0
0
0
0
0
0
0
0
0
0
0.0104944
0
0.0104944
0
0
0
0
0
0
0
0
0
0
0
0
0
0.047023
0.047023
0.047023
0.047023
0.190261
0.190261
0.190261
0.190261
0.164957
0.164957
0.164957
0.164957
0.164957
0
0
0
0
0
0.047023
0.047023
0.0469841
0.0469841
0.0469841
0.0469841
0.0469841
0.0469841
0.0469841
0.0469841
0.0469841
0.047023
0.0469841
0.0469841
0.0469841
0.0469841
0.0469841
0.0469841
0.0469841
0.0496674
0.0496674
0.0124245
0.0124245
0.0131784
0
0
0
0.047023
0.047023
0.047023
0.047023
0.047023
0
0
0
0
0
0.0482033
0
0.047023
0.0470947
0.0470947
0.0470947
0.0470947
0.0470947
0.0470947
0.0470947
0
0.0471077
0.0471077
0
0
0
0
0
0
0
0
0
0
0
0
0
0
0
0
0
0
0.0135283
0
0
0
0.0135283
0.0135283
0
0
0
0
0
0
0
0
0
0
0
0
0
0
0
0
0
0
0
0
0
0
0
0
0
0
0
0
0
0
0
0
1
1
1
1
1
1
1
0
0
0
0
0
0
0
0
0
0
0
0
0
0
0
0
0
0
0
0
0
0
0
0
0
0
0
0
0
0
0
0
0
0
0
0
0
0
0
0
0
0
0
0
0
0
0
0
0
0
0
0
0
0
0
0
0
0
0
0
0
0
0
0
0
0
0
0
0
0
0
0
0
0
0
0
0
0
0
0
0
0
0
0
0
0
0
0
0
0
0
0
0
0
0
0
0
0
0
0
0
0
0
0
0
0
0
0
0
0
0
0
0
0
0
0
0
0
0
0
0
0
0
0
0
0
0
0
0
0
0
0
0
0
0
0
0
0
0
0
0
0
0
0
0
0
0
0
0
0
0
0
0
0
0
0
0
0
0
0
0
0
0
0
0
0
0
0
0
0
0
0
0
0
0
0
0
0
0
0
0
0
0
0
0
0
0
0
0
0
0
0.0311891
0
0.0311891
0.0311891
0.042796
0.042796
0
0
0
0
0
0
0
0
0
0
0
0
0
0
0
0
0
0
0
0
0
0
0
0
0
0
0
0
0
0
0
0
0
0
0
0
0.0139482
0.0139482
0.0139482
0.0139482
0
0.0139591
0.0139591
0.0139591
0.0139482
0
0
0
0.0139482
0.0139482
0.0140055
0
0
0.0149404
0
0
0.014947
0
0
0
0
0
0
0.0151689
0.0151689
0
0
0.0145004
0
0
0
0.0141962
0.0141962
0
0.0470295
0
0.0470295
0.0470295
0
0
0
0
0.0145034
0
0.0145034
0.0145034
0.0146679
0.014799
0.014799
0.0376355
0.0376355
0.0376355
0
0.047023
0
0
0
0
0
0
0.047023
0
0
0
0
0
0
0
0
0
0
0
0
0
0
0
0
0
0
0
0.042796
0.042796
0.042796
0.0429537
0.0429537
0
0.0429537
0.0429537
0.0429537
0
0
0.0429537
0
0.0430331
0
0.0431934
0.0431934
0
0.0430331
0.0138862
0.0138862
0
0
0
0
0
0
0
0
0
0
0.0136666
0.0136666
0
0.0138862
0.0136666
0
0.0136666
0.0137205
0.0137205
0.0137205
0.0136666
0.417029
0
0
0
0
0
0
0
0
0
0
0
0
0
0
0
0
0
0.436436
0
0.0133132
0
0
0
0
0
0
0
0
0.190261
0
0.190261
0.190261
0.190261
0.190261
0.190261
0
0.190261
0.190261
0.190261
0.190261
0.190261
0.190261
0.0758098
0
0
0
0.0758098
0.0758098
0.255031
0.852803
0.255031
0.255031
0.255031
0.190261
0.190261
0.190261
0.190261
0.190261
0
0.190261
0.190261
0.190261
0.266076
0.190261
0.5547
0.5547
0.5547
0.5547
0.5547
0
0.5547
0.5547
0.5547
0
0
0
0
0
0
0
0
0
0
0
0
0
0
0
0
0
0
0
0
0
0
0
0
0
0
0
0
0
0
0
0
0.0138862
0.014011
0.014011
0.014011
0.0140608
0.0140608
0
0.0140775
0.014011
0
0
0
0
0
0
0
0
0
0
0
0
0
0
0
0
0
0
0
0
0
0
0
0
0
0
0
0
0
0
0
0
0
0.0136361
0.0136361
0.013682
0
0
0
0
0
0
0.013718
0
0
0
0
0
0
0
0
0
0
0
0
0
0.0135383
0
0
0
0
0
0.0135631
0
0.0136158
0.0136158
0.0136335
0
0
0.0136437
0
0
0.0136285
0.0135482
0
0.0135907
0
0
0.0135907
0
0
0.0136032
0
0
0.0136032
0.0136108
0.0136108
0
0
0.0136437
0
0.0136564
0
0
0.0134522
0
0.0134522
0.0134522
0.0134522
0.0134522
0
0
0
0
0.0134522
0.0134522
0
0
0
0
0
0
0
0
0
0.0134522
0
0
0
0
0
0
0
0
0
0
0
0
0
0
0
0
0
0
0
0
0
0
0
0
0
0
0
0
0
0
0
0
0
0
0
0
0
0
0
0
0
0
0
0
0
0
0
0
0
0
0
0
0
0
0
0
0
0
0
0
0
0
0
0
0
0
0
0
0
0
0
0
0
0
0
0
0
0
0
0
0
0
0
0
0
0
0
0
0
0
0
0
0
0
0
0
0
0
0
0
0
0
0
0
0
0
0
0
0
0
0
0
0
0
0
0
0
0
0
0
0
0
0
0
0
0
0
0
0
0
0
0
0
0
0
0
0
0
0
0
0
0
0
0
0
0
0
0
0
0
0
0
0
0
0
0
0
0
0
0
0
0
0
0
0
0
0
0
0
0
0
0
0
0
0
0
0
0
0
0
0
0
0.0133822
0.0133822
0.0133822
0.0469841
0.0469841
0.0469841
0
0
0
0.0121969
0.0119694
0.0119694
0.0119694
0.0143208
0.0143208
0
0
0.0469906
0.0469906
0
0
0.0469841
0.0469841
0.0469906
0.0469906
0.0469906
0.0469906
0.04701
0.0155794
0.0155794
0.0156098
0.04701
0.0470295
0
0.0470295
0.0124092
0.0139482
0.0139482
0.0139482
0.0139482
0.0139482
0.0140915
0.0140915
0.0139482
0.0139482
0
0.0469841
0.0469841
0.0469841
0.0469841
0.0469841
0.0469841
0.0469841
0.0469841
0.0469841
0.0469841
0.0469841
0.0469841
0.0469841
0.0469841
0.0469841
0.0469841
0.0469841
0.0469841
0.0469841
0.0469841
0.0469841
0.0469841
0.0133583
0.0133583
0.0133583
0.0133583
0
0
0
0
0
0
0
0
0
0
0
0.0415451
1
1
1
1
1
1
1
1
1
0
0
0.108112
0.108112
0.0469841
0.0469841
0.0469841
0.0469841
0.0469841
0.0469841
0.0469841
0.0469841
0.0469841
0.0469841
0.0469841
0.0469841
0.0469841
0.0469841
0.0469841
0.0469841
0.0469841
0.0469841
0.0469841
0.0469841
0.0469841
0
0.0469906
0.0569456
0.0469906
0.0469906
0.0469906
0.0470947
0.0470947
0.0471012
0.0470947
0.0470947
0.0470947
0.0470947
0.0470295
0.0470295
0.0288375
0
0
0
0
0.0133846
0.0134038
0
0
0
0
0
0
0
0
0
0
0
0
0
0
0
0
0
0
0.0526498
0.0526498
0.0526498
0.0526498
0
0
0
0
0.0529906
0.0529906
0.0529906
0
0
0
0
0
0.0529906
0.0530278
0.0529999
0.0529999
0.0529999
0.0529999
0.0529999
0.176432
0.176432
0.153093
0
0
0.176432
0.176432
0.176432
0.176432
0.191127
0.191127
0.0470556
0.0470556
0.047023
0
0.04701
0.04701
0.04701
0.04701
0
0
0
0.04701
0.04701
0.04701
0.04701
0.04701
0.04701
0.04701
0.047023
0.047023
0.0470295
0.0470295
0.0284844
0.0284844
0.0470947
0.0471012
0.0471012
0.0526498
0.0533665
0.0528424
0.0469906
0.0469906
0
0
0.178885
0.178885
0.153093
0.153093
0.153093
0.0469841
0.0470036
0.0470036
0.0470036
0.0470036
0.0470036
0.0469841
0
0
0
0
0.0469906
0.0469906
0.0469906
0.0569456
0
0
0.0569456
0.0569456
0.0569456
0.0469906
0.0469906
0.0569572
0.0569572
0
0
0
0
0
0.0469906
0.0469906
0.0469906
0.047023
0.153093
0.153093
0.153093
0
0.153093
0.0236989
0
0
0
0
0.0236989
0.0236989
0.0236989
0.0236989
0
0
0
0
0
0
0
0.0236989
0
0.0236989
0.0284844
0.0284844
0.0284844
0.0469841
0.0466696
0.0466696
0.0466696
0.0466696
0.0466696
0.0466696
0.0466696
0.047023
0
0.047023
0.047023
0.0470295
0.0470295
0
0.0467142
0.0117525
0.0117525
0.0117525
0.0117525
0.0117525
0.0117525
0.165647
0.0117525
0.0117753
0.0117525
0.0471077
0.0471077
0
0
0
0
0
0.0471077
0.0471077
0.208514
0
0
0
0
0.208514
0.0134207
0
0
0
0
0
0.0134207
0
0
0
0
0
0
0
0
0
0
0
0
0
0
0
0
0
0
0
0
0
0
0
0
0
0
0
0
0
0
0
0
0
0
0
0
0
0
0
0
0
0
0
0
0
0
0
0
0
0
0
0
0
0
0
0
0
0
0
0
0
0
0
0
0
0
0
0
0.0431934
0.0432742
0.0432742
0
0.0143562
0.014371
0.014371
0.014371
0
0
0
0
0
0
0
0
0
0
0
0.0149404
0.014947
0.014947
0.014947
0
0
0
0
0
0
0
0
0
0
0
0
0
0
0
0
0
0
0
0
0
0
0
0
0
0
0
0
0
0
0
0
0
0
0
0
0
0
0
0
0
0
0
0
0
0
0
0
0
0
0
0
0
0
0
0
0
0
0
0.0135283
0.0135358
0.0135358
0.0135358
0
0
0
0
0
0
0
0
0
0
0
0
0
0
0
0
0
0
0
0
0
0
0
0
0
0
0
0
0
0
0
0
0
0
0
0
0
0
0
0
0
0
0
0
0
0
0
0
0
0
0
0
0
0.0311891
0.0312195
0.0312195
0.0312195
0
0
0
0
0
0
0
0
0
0
0
0
0
0
0
0
0
0
0
0
0
0.0141563
0.0125078
0.0309492
0.0469841
0
0
0
0
0
0
0
0
0.0103908
0.0103908
0.0103908
0.0103908
0.0103908
0.0103908
0.0103908
0.0103908
0.0103908
0.0103908
0.0103908
0.0103908
0.0103908
0.0103908
0.0285365
0.0285365
0
0
0
0
0
0.0103908
0.0103908
0.0103908
0.0103908
0.0103908
0.0103908
0.0103908
0.0103908
0.0103908
0.0103908
0.0124111
0.0124111
0.133631
0.0124111
0
0.0124111
0.0103908
0.0103908
0.0103908
0.0103908
0.353553
0.353553
0.0103908
0
0
0
0
0.0103908
0
0
0
0
0
0
0
0
0
0
0
0
0
0
0
0.0124245
0
0
0.0124284
0.133631
0.133631
0.133631
0.133631
0.0103908
0.0103908
0.0124245
0.0124245
0.0124245
0.0124284
0.0103908
0.0103908
0.0103908
0.0103908
0.0124727
0.0103908
0.0103908
0.0115041
0.0115041
0.0115041
0
0.0115041
0.0115041
0
0
0
0
0
0
0
0
0
0
0.0103908
0.0103908
0.0103908
0.0103908
0.0103908
0.0103908
0.0103908
0.0124245
0.0124245
0.0124245
0.0124245
0.0124245
0.0124245
0.0124245
0.0124245
0.0124245
0.0103908
0
0.0103908
0.0103908
0.0103908
0.010402
0.0138092
0.0103908
0.0105222
0
0
0
0
0
0
0
0
0
0
0
0
0
0
0
0
0
0
0
0
0
0
0
0
0
0
0
0
0
0
0
0
0
0
0
0
0
0
0
0
0
0
0
0
0
0
0.011813
0
0
0
0
0
0
0
0
0
0
0
0
0
0
0
0
0
0
0
0
0
0
0
0
0
0
0
0
0
0
0
0.011118
0
0.0109148
0
0
0
0
0
0
0.0103908
0
0.0110811
0
0
0.0104121
0
0.0103908
0.0103908
0.0103908
0
0
0.0117868
0
0.011118
0.0112028
0
0
0
0
0
0
0
0
0
0
0
0.0109057
0.0109148
0
0
0
0
0
0
0
0
0
0.0112296
0
0.0115935
0
0
0
0
0.0104144
0
0
0
0
0
0.0103908
0
0
0
0
0.0120631
0.0120631
0.0120631
0.0120631
0
0
0
0
0.0398489
0.0398489
0.0398489
0.0398489
0.0398489
0.0398489
0.0398489
0.0398489
0.0398489
0.0398489
0.0398489
0.0398489
0.0398489
0.0398489
0.0398489
0.0103908
0.011118
0.011118
0
0
0.011118
0.0114768
0.0115041
0
0
0
0
0
0.0114768
0.0114768
0
0
0
0
0
0
0
0
0.0117868
0.0117868
0.0117868
0
0.0117868
0.0103908
0.0103908
0.0103941
0.0103941
0.0103908
0.0103908
0.0103908
0.0103908
0
0
0
0
0
0.0103908
0
0.0103908
0.0103908
0.0103941
0.0103941
0.0112028
0
0
0
0
0
0
0
0
0
0
0
0
0
0
0
0
0
0
0
0
0
0
0
0
0
0.0109148
0.0109148
0.0109148
0
0
0
0
0
0
0
0
0
0
0
0
0
0
0
0.0112296
0.0112296
0.0112296
0.0124922
0.0124922
0
0
0.0124922
0.0124922
0.0124922
0.0112296
0.0112296
0.0112296
0.0124922
0.0124922
0.0124922
0.0124922
0.0112296
0.0112296
0.0112296
0.0112296
0.0121752
0.0124922
0.0112296
0.0112296
0.0112296
0
0
0
0
0
0.0112296
0.0112296
0.0112296
0
0
0.0112296
0.0112296
0.0112296
0
0
0
0
0
0
0.0115671
0.0115671
0.0115671
0.0115671
0.0115671
0
0
0
0
0
0
0
0
0
0
0
0
0
0
0
0
0
0
0.0104144
0.0104121
0.0115041
0.0104144
0
0.0104144
0.0104144
0
0
0
0
0
0
0
0
0
0
0
0
0
0
0
0
0
0
0
0
0
0
0
0
0
0
0
0
0
0
0
0
0
0
0
0.0115935
0.0115935
0.0115935
0.0115935
0.0115935
0.0115935
0
0
0
0
0
0
0
0
0
0
0
0
0
0
0
0
0
0
0
0
0
0
0
0
0
0
0
0
0
0
0
0
0
0
0
0
0
0
0
0
0
0
0
0
0
0
0
0
0
0
0
0
0
0
0
0
0
0
0
0
0
0
0
0
0
0
0
0
0
0
0
0
0
0
0
0
0
0
0
0.011746
0.0117476
0
0.0120631
0
0.0120631
0.0120631
0.0120631
0.0120631
0.0120631
0.0120631
0.0120631
0.0128037
0.0128037
0.0120631
0
0
0
0
0
0
0
0
0
0
0
0
0
0
0.0398489
0.0398489
0.0398489
0.0398489
0.0398489
0.0398489
0.0398489
0.0398489
0.0398489
0.0398489
0.0398489
0.0398489
0.0398489
0.0398489
0.0398489
0.0398489
0.0398489
0.0398489
0.0398489
0.0398489
0.0398489
0.0398489
0.0398489
0.0398489
0.0398489
0.0398489
0.0398489
0.0398489
0.0398489
0.0398489
0.0398489
0.0398489
0.0398489
0.0398489
0.0398489
0.0398489
0.0398489
0.0398489
0.0398489
0.0398489
0.0398489
0.0398489
0.0398489
0.0398489
0.0398489
0.0398489
0.0398489
0.0398489
0
0.0398489
0.0398489
0
0.0918846
0.0398489
0.0398489
0.0398528
0
0
0.0398489
0.0398489
0.0546971
0.0398489
0.0398489
0.0398489
0.0398489
0.0398489
0.0398489
0.0398489
0.0398489
0.0398489
0.0104246
0.0104246
0.0104246
0.0104246
0.0104246
0.0104246
0.0104246
0.0104246
0.0104246
0.0104246
0.0104246
0.0104246
0.0104246
0.0104246
0.0104246
0.0104246
0.0104246
0.0104496
0.0104496
0
0
0.0104246
0.0104246
0.0104496
0.0104496
0.0104246
0.0398489
0.0398489
0.0398489
0.0398489
0
0
0.010506
0.010506
0
0
0.0142278
0
0
0
0
0
0
0
0
0
0
0
0
0
0
0
0
0
0
0
0
0
0
0.0142278
0
0
0
0
0
0
0
0
0
0
0
0
0
0
0
0
0.0622573
0.0622573
0.0622573
0.0622573
0.0622573
0.0622573
0.0622573
0.0622573
0.0622573
0.0622573
0.0622573
0.0622573
0
0
0.0622573
0
0
0.0622573
0
0
0
0
0
0
0
0
0
0
0
0
0
0
0
0
0
0
0
0
0
0
0
0
0
0
0
0
0
0
0
0
0
0
0
0
0
0
0
0
0
0
0
0
0
0.010506
0.010506
0.010506
0.010506
0.010506
0.010506
0.010506
0.010506
0.010506
0.010506
0.010506
0
0
0
0
0
0
0
0
0
0
0
0
0
0
0
0
0
0
0
0
0
0
0
0
0
0
0
0
0
0
0
0
0
0
0
0
0
0
0
0
0
0
0
0
0
0
0
0
0
0
0
0
0
0
0
0
0
0
0
0
0
0
0
0
0
0
0
0
0
0
0
0
0
0
0
0
0
0
0
0
0
0
0
0
0
0
0
0
0
0
0
0
0
0
0
0
0
0
0
0
0
0
0
0
0
0
0
0
0
0
0
0
0
0
0
0
0
0
0
0
0
0
0
0
0
0
0
0
0
0
0
0
0
0
0
0
0
0
0
0
0
0
0
0
0
0
0
0
0
0
0
0
0
0
0
0
0
0
0
0
0
0
0
0
0
0
0
0
0
0
0
0
0
0
0
0
0
0
0
0
0
0
0
0
0
0
0
0
0
0
0
0
0
0
0
0
0
0
0
0
0
0
0
0
0
0
0
0
0
0
0
0
0
0
0
0
0
0
0.010506
0
0
0
0.010506
0.010506
0.010506
0.010506
0.010506
0.010506
0
0
0
0.010506
0.0105083
0.0105083
0.0105083
0.010506
0
0
0
0
0
0
0
0
0
0
0
0
0
0
0
0
0.010506
0.010506
0.010506
0.010506
0.010506
0.010506
0.010506
0.010506
0.010506
0.010506
0.010506
0.010506
0.010506
0.010506
0.010506
0.010506
0.010506
0.010506
0
0
0
0
0
0
0
0
0
0.010506
0.010506
0.010506
0.010506
0.010506
0.010506
0.010506
0.010506
0.010506
0.010506
0.010506
0.010506
0.010506
0.010506
0.010506
0.010506
0.010506
0.010506
0.010506
0.010506
0.010506
0.010506
0.010506
0.010506
0
0
0
0
0.010506
0
0
0
0
0
0
0
0
0
0
0
0
0
0
0
0
0
0
0
0
0
0
0
0
0
0
0
0
0
0
0
0
0
0
0
0
0
0
0
0
0
0
0
0
0
0
0
0
0
0
0
0
0
0
0.010506
0.010506
0.010506
0.010506
0.010506
0.010506
0.010506
0.010506
0.010506
0.010506
0.010506
0.010506
0.010506
0
0
0
0
0
0
0
0
0
0
0
0
0
0
0
0
0
0
0
0
0
0
0
0
0
0
0
0
0
0
0
0
0
0
0
0
0
0
0
0
0
0
0
0
0
0
0
0
0
0
0
0
0
0
0
0
0
0
0
0
0
0
0
0
0
0
0
0
0
0
0
0
0
0
0
0
0
0
0
0
0
0
0
0
0
0
0
0
0
0
0
0
0
0
0
0
0
0.0105083
0
0
0
0
0
0
0
0
0
0
0
0
0
0
0
0
0
0
0
0
0
0
0
0
0
0
0
0
0
0
0
0
0
0
0
0
0
0
0
0.010506
0.010506
0.010506
0.010506
0.010506
0.010506
0.010506
0.010506
0.010506
0
0
0
0
0
0
0
0
0
0
0
0
0
0
0
0
0
0
0
0
0
0
0
0
0
0
0
0
0
0
0
0
0
0
0
0
0
0
0
0
0
0
0
0
0
0
0
0
0
0
0
0
0
0
0
0
0
0
0
0
0
0
0.0274411
0.0274411
0.0274411
0.0274411
0.0274411
0.0274411
0.0274411
0.0274411
0.0274411
0
0.0274411
0
0.0274411
0.0274411
0.0274411
0.0274411
0
0
0
0
0
0
0
0
0
0
0
0
0
0
0
0
0
0
0
0
0
0
0
0
0
0
0
0
0
0
0
0
0
0
0
0
0
0
0
0
0
0
0
0
0
0
0
0
0
0
0
0
0.0274411
0
0
0
0
0
0
0
0
0
0
0
0
0
0
0
0
0
0
0
0
0
0
0
0
0
0
0
0
0
0
0
0
0
0
0
0
0
0
0
0
0
0
0
0
0
0
0
0
0
0
0
0
0
0
0
0
0
0
0
0
0
0
0
0
0
0
0
0
0
0
0
0
0
0
0
0
0
0
0
0
0
0
0
0
0
0
0
0
0
0
0
0
0
0
0
0
0
0
0
0
0
0
0
0
0
0
0
0
0
0
0
0
0
0
0
0
0
0
0
0
0
0
0
0
0
0
0
0
0
0
0
0
0
0
0
0
0
0
0
0
0
0
0
0
0
0
0
0
0.010506
0.010506
0.010506
0.010506
0.010506
0.010506
0.0105316
0.010506
0
0
0
0
0
0
0
0
0
0
0
0
0
0
0
0
0
0
0
0
0
0
0
0
0
0
0
0
0
0
0
0
0
0
0
0
0
0
0
0
0
0
0
0
0
0
0
0.010506
0.010506
0.010506
0.010506
0.010506
0.010506
0
0
0
0
0
0
0
0
0
0
0
0
0
0
0
0
0
0
0
0
0
0
0
0
0
0
0
0
0
0
0
0
0
0
0
0
0
0
0
0
0
0
0
0
0
0
0
0
0
0
0
0
0
0
0
0
0
0
0
0
0
0
0
0
0
0
0
0
0
0
0
0
0
0
0
0
0
0
0
0
0
0
0
0
0
0
0
0
0
0
0
0
0
0
0
0
0
0
0
0
0
0
0
0
0
0
0
0
0
0
0
0
0
0
0
0
0
0
0
0
0
0
0
0
0
0
0
0
0.0204636
0.0204636
0.0204636
0.0204636
0.0204636
0.0204636
0.0204636
0.0204636
0.0286299
0.0204636
0.0204636
0.0204636
0.0204636
0.0204636
0.0204636
0.0204636
0
0
0
0
0.0204636
0
0
0
0
0
0
0
0
0
0
0
0
0
0
0
0
0
0
0
0
0
0
0
0
0
0
0
0
0
0
0
0
0
0
0
0
0.0109897
0
0
0
0
0
0
0
0
0
0
0
0
0
0
0
0
0
0
0
0
0
0
0
0
0
0
0
0
0
0
0
0
0
0
0
0
0
0
0
0
0
0
0
0
0
0
0
0
0
0
0
0
0
0
0
0
0
0
0
0
0
0
0
0
0
0
0
0
0
0
0
0
0
0
0
0
0
0
0
0
0
0
0
0
0
0
0
0
0
0
0
0
0
0
0
0
0
0
0
0
0
0
0
0
0
0
0
0
0.010506
0
0
0
0
0
0.0105083
0.0105083
0.0105083
0.0105083
0.0105083
0.0105083
0.0174661
0.0174661
0
0
0
0
0
0
0
0
0
0
0
0
0
0
0
0
0
0
0
0
0
0.0174981
0.0105083
0.0622573
0.0622573
0.0622573
0
0
0
0
0
0
0
0
0
0
0
0
0
0
0
0
0
0
0
0
0
0
0
0
0
0
0
0
0
0
0
0
0
0
0
0
0
0
0
0
0
0
0
0
0
0
0
0
0
0
0
0
0
0
0
0
0
0
0
0
0
0
0
0
0
0
0
0
0
0
0
0
0
0
0
0
0
0.0204636
0.0204636
0.0204636
0
0
0
0
0
0
0.0204636
0
0
0.0373197
0.0373197
0.0373718
0
0
0
0
0
0
0
0
0
0
0
0.0375823
0.0375823
0.0375823
0.0375823
0.0375823
0.0375823
0.010506
0.0375823
0.0375823
0
0.0375823
0
0
0.0375823
0
0.0375823
0.0375823
0.0375823
0.0375823
0
0
0
0
0
0
0
0
0
0
0
0
0
0
0.0375823
0.0375823
0
0
0
0
0
0
0
0
0
0
0
0
0.0375823
0
0
0
0
0
0
0
0
0
0
0
0
0
0
0
0
0
0
0
0
0
0
0
0
0
0
0
0
0.049029
0.049029
0.049029
0.049029
0.049029
0.049029
0
0
0
0
0
0.049029
0.049029
0.049029
0.049029
0
0
0
0.010506
0
0
0
0
0
0
0
0
0
0
0
0
0
0
0
0
0.0496292
0.0496292
0.0496292
0.0496292
0.0496292
0.0496292
0.0496292
0.0496292
0.0496292
0
0
0
0
0.0496292
0.0496292
0
0
0
0.0496292
0.0496292
0
0
0
0
0
0
0
0
0
0
0
0
0
0
0
0
0
0
0
0
0
0
0
0
0
0
0
0
0
0
0
0
0.0496292
0.0496292
0.0496292
0
0
0
0
0
0
0
0
0
0
0
0
0
0
0
0
0
0
0
0
0
0
0
0
0
0
0
0
0
0
0
0
0
0
0
0
0.0379049
0.0379049
0.0379049
0.0379049
0.0379049
0.0379049
0.0379049
0.0379049
0
0
0
0
0
0
0
0
0
0
0
0
0
0
0
0
0
0
0
0
0
0
0.010506
0
0
0
0
0
0
0
0
0
0
0
0
0
0
0
0
0
0
0
0
0
0
0
0
0
0
0
0
0
0
0
0
0
0
0
0
0
0
0
0
0
0
0
0
0
0
0
0
0
0
0
0
0
0
0
0
0
0
0
0
0
0
0
0
0
0.010506
0.010506
0.010506
0.010506
0.010506
0.010506
0.010548
0.010548
0.010548
0.010548
0.010548
0.010548
0
0
0
0.010548
0
0.010548
0
0.010548
0.010548
0.010548
0
0
0
0
0
0
0
0
0
0
0
0
0
0
0
0
0
0.0105083
0
0.0105083
0
0
0
0
0
0
0.010506
0
0
0
0
0
0
0
0
0
0
0
0
0
0
0
0
0
0
0
0
0
0
0
0
0
0
0.010506
0.010506
0.010506
0.010506
0.010506
0
0
0
0
0
0
0
0
0
0
0
0
0
0
0
0
0
0
0
0
0
0
0
0
0
0
0
0.010506
0.010506
0.010506
0.010506
0.010506
0
0
0
0
0
0
0
0
0
0.0142278
0
0
0
0
0
0
0
0
0
0
0
0
0.010506
0.010506
0.010506
0.010506
0.010506
0.010506
0.010506
0.010506
0.010506
0.010506
0.010506
0.010506
0.010506
0
0
0
0
0
0
0
0
0
0
0
0
0
0
0
0
0
0
0
0
0
0
0
0
0
0
0
0
0
0
0
0
0
0
0
0
0
0
0
0
0
0
0
0
0
0
0
0
0
0
0
0
0
0
0
0
0
0
0
0
0
0
0
0
0
0
0
0
0
0
0
0
0
0
0
0
0
0
0
0
0
0
0
0
0
0
0
0
0
0
0
0
0
0
0
0
0
0
0
0
0
0
0
0
0
0
0
0
0
0
0
0
0
0
0
0
0
0
0
0
0
0
0
0
0
0
0
0
0
0
0
0
0
0
0
0
0
0
0
0
0
0
0
0
0
0
0
0
0
0
0
0
0
0
0
0
0
0
0
0
0
0
0
0
0
0
0
0
0
0
0
0
0
0
0
0
0
0
0
0
0
0
0
0
0
0
0
0
0
0
0
0
0
0
0
0
0
0
0
0
0
0
0
0
0
0
0
0
0
0
0
0
0
0
0
0
0
0
0
0.010506
0.010506
0
0
0
0
0
0
0
0
0
0
0
0
0
0
0
0
0
0
0
0
0
0
0
0
0.010548
0.010548
0.010548
0.010548
0
0.010548
0.010548
0
0
0.0112723
0.0112723
0.010548
0
0
0
0
0
0
0
0
0
0
0
0
0
0.0112723
0.0112723
0
0
0
0.0112723
0
0
0
0
0.0112723
0.0112723
0.0112723
0.0112723
0
0
0
0
0
0
0
0.0112723
0
0
0
0
0
0
0
0
0
0
0
0
0
0
0
0
0
0
0
0
0
0
0
0
0
0
0
0
0
0
0
0
0.0403937
0.0403937
0.0403937
0.0403937
0.0403937
0
0.0403937
0.0403937
0.0403937
0.0403937
0
0.0403937
0.0403937
0.0403937
0.0403937
0
0.0403937
0.0403937
0.0403937
0.0403937
0
0
0
0
0
0
0
0
0.0403937
0.0403937
0.0403937
0.0403937
0.0403937
0.0403937
0.0403937
0.0403937
0.0403937
0
0
0
0
0
0
0
0
0
0
0
0
0
0
0
0.010506
0.010506
0.010506
0
0
0
0
0
0.0111525
0.0111525
0.0111525
0.0111525
0.0111525
0.0206197
0.0217803
0.0215166
0.0215166
0
0
0
0.0215166
0.0211572
0.0214571
0.0249377
0
0
0
0
0
0
0
0
0
0.0366126
0.0366126
0.0366126
0.0366126
0.0366126
0.010506
0.010506
0.010506
0.010506
0.010506
0.010506
0.010506
0.0366126
0.0366126
0.0366126
0.0428746
0.0366126
0.0366126
0.0366126
0.0366126
0
0
0
0
0
0
0
0
0
0.0366126
0
0.0366126
0.0366126
0.0366126
0.0366126
0
0
0.0366126
0
0
0
0.0366126
0.0366126
0
0
0
0
0
0
0
0
0
0
0
0
0
0
0
0
0
0
0
0
0.0366126
0.0366126
0.0366126
0
0
0
0
0
0
0
0
0
0
0
0
0
0
0
0
0
0
0
0
0
0
0
0
0
0
0
0
0
0
0
0
0
0
0
0
0
0
0
0
0
0
0
0
0
0.0585206
0.0585206
0.0585206
0.0585206
0.0585206
0.0566139
0.0566139
0.0566139
0.0566139
0.0936586
0.102062
0
0
0
0
0
0
0
0
0
0
0
0
0
0
0
0
0
0
0
0
0
0
0
0
0
0
0
0
0
0
0
0
0
0.0398133
0.0398133
0
0.0398133
0.0398133
0.0133726
0.0133726
0
0.0133726
0.0133726
0.0103495
0
0
0
0
0
0
0
0
0
0
0
0
0
0
0
0
0
0
0
0
0
0
0
0
0
0
0
0
0
0
0
0
0
0
0
0
0
0
0
0
0
0
0
0
0
0
0
0
0
0
0
0
0
0
0
0
0
0
0
0
0
0
0
0
0
0
0
0
0
0
0
0
0
0
0
0
0
0.0397621
0.0397621
0.0397621
0.0397621
0.0398686
0.0398686
0
0
0
0
0
0.039996
0.039996
0.039996
0
0.0404144
0
0.0827606
0
0
0
0
0
0
0
0
0
0
0
0
0
0
0
0
0
0
0
0
0
0
0
0
0
0
0
0
0
0
0
0
0
0
0
0
0.0139946
0.0139946
0
0
0
0.0142278
0.0142278
0.0142278
0.0142278
0.0142278
0.0468036
0.0468036
0
0
0.0468036
0
0
0
0
0
0
0
0
0
0
0
0
0
0
0
0
0
0
0
0
0
0
0
0
0
0
0
0
0
0
0
0
0
0
0
0
0
0
0
0
0
0
0
0
0
0
0
0
0
0
0
0
0
0
0
0
0
0
0
0
0
0
0
0
0
0
0
0
0
0
0
0
0
0
0
0
0
0
0
0
0
0
0
0
0
0
0
0
0
0
0
0
0
0
0
0
0
0
0
0
0
0
0
0
0
0
0
0
0
0
0
0
0
0
0
0
0
0
0
0
0
0
0
0
0
0
0
0
0
0
0
0
0
0
0
0
0
0
0
0
0
0.0142278
0
0.0142278
0
0
0
0
0
0.0403937
0.0403937
0
0
0
0
0
0
0
0
0
0
0
0
0.0403937
0.0403937
0
0
0
0.0403937
0.0403937
0
0
0
0
0
0
0
0
0
0
0
0
0
0
0
0
0
0
0
0
0
0
0.0403937
0.0403937
0.0403937
0
0
0
0
0
0
0
0
0
0
0
0
0
0
0
0
0
0
0
0
0
0
0
0
0
0
0
0
0
0
0
0
0
0
0
0
0
0
0
0
0
0
0
0
0
0
0
0
0
0
0
0
0
0
0
0
0
0
0
0
0
0
0
0
0
0
0
0
0
0
0
0
0
0
0
0
0
0
0
0
0
0
0
0
0
0
0
0
0
0
0
0
0
0
0
0
0
0.0403937
0.0403937
0.0403937
0.0403937
0.0403937
0.0403937
0.0403937
0
0
0
0
0
0.0403937
0
0
0
0
0
0
0
0
0
0
0.0403937
0.0403937
0.0403937
0.0403937
0
0
0
0
0
0
0
0
0
0
0
0
0
0
0
0
0
0
0
0
0
0
0
0
0.0403937
0.0403937
0.0403937
0.0403937
0.0403937
0.0403937
0.0403937
0
0
0
0
0
0
0
0
0
0
0
0
0
0
0
0
0
0
0
0
0
0
0
0
0
0
0
0
0
0
0
0
0
0
0
0
0
0
0
0
0
0
0
0
0
0
0
0
0
0
0
0
0
0
0
0
0
0
0
0
0
0
0
0
0
0
0
0
0
0
0
0
0
0
0
0
0
0
0
0
0
0
0
0
0
0
0
0.0403937
0.0403937
0.0403937
0.0403937
0.0403937
0.0403937
0.0403937
0.0403937
0.0316544
0.0316544
0
0.0316544
0.0403937
0.0403937
0
0
0
0
0
0
0
0
0
0.0403937
0.0403937
0
0.0403937
0.0403937
0.0403937
0.032064
0.0403937
0.0403937
0.0403937
0
0
0.0403937
0.0403937
0.0403937
0.0403937
0.0403937
0.0403937
0.0403937
0
0
0
0
0
0
0
0
0
0
0
0
0
0
0.0403937
0.0403937
0
0
0
0
0
0
0
0
0
0
0
0
0
0
0
0
0
0
0
0
0
0
0
0
0
0
0
0
0
0
0
0
0
0
0
0
0
0
0
0
0
0
0
0
0
0
0
0
0
0
0
0
0
0
0
0
0
0
0
0
0
0
0
0
0
0
0
0
0
0
0
0
0
0
0
0
0
0
0
0
0
0
0
0
0
0
0
0
0
0
0
0
0
0
0
0
0
0
0
0
0
0
0
0
0
0
0
0
0
0
0
0
0
0
0
0
0
0
0
0
0
0.0973329
0.0973329
0.0973329
0.0973329
0.10056
0
0
0
0
0
0.0403937
0.0403937
0.0403937
0
0
0
0
0
0
0
0
0
0
0
0
0
0
0
0
0
0
0
0
0
0
0
0
0
0
0
0
0.0403937
0.0403937
0
0
0
0
0
0
0
0.0403937
0.0403937
0
0.0403937
0
0
0
0
0
0
0
0
0.0403937
0.0403937
0.0403937
0
0
0
0
0
0
0
0
0
0
0.0403937
0.0403937
0.0403937
0.0403937
0.0403937
0.0403937
0.0403937
0.0403937
0.0403937
0.0403937
0.0403937
0.0403937
0
0
0
0
0
0
0.0403937
0.0403937
0.0403937
0.0403937
0
0
0
0
0
0
0
0
0
0
0
0
0
0
0
0
0
0
0
0
0
0
0
0
0
0.0403937
0.0403937
0.0403937
0
0
0
0
0
0
0
0
0
0
0
0.0403937
0.0403937
0
0
0
0
0
0
0
0
0
0
0
0.0403937
0.0403937
0
0
0
0
0
0
0
0
0
0
0.0403937
0.0403937
0
0
0
0
0.0403937
0
0.0397504
0
0.0403937
0.0403937
0
0
0
0
0
0
0
0
0
0
0.0403937
0.0403937
0
0
0
0
0
0
0
0
0
0.0403937
0.0403937
0.0403937
0.0403937
0.0403937
0.0403937
0.0403937
0.0403937
0.0403937
0.0403937
0.0403937
0.0403937
0.0403937
0.0403937
0.0403937
0.0403937
0
0
0
0
0.0403937
0
0.0403937
0.0403937
0.0403937
0.0403937
0
0.0403937
0.0403937
0
0
0
0
0
0.0403937
0
0.0403937
0
0
0
0
0
0.0403937
0.0403937
0.0403937
0.0403937
0.0403937
0
0
0.0403937
0.0319583
0.0403937
0
0
0
0
0
0
0.0403937
0.0403937
0.0403937
0.0403937
0.0403937
0.0403937
0.0403937
0.0403937
0
0.0403937
0.0403937
0
0.0403937
0
0
0
0.0403937
0.0403937
0
0.0403937
0.0403937
0
0
0
0.0403937
0.0403937
0.0403937
0.0403937
0.0403937
0.0403937
0
0
0
0
0
0
0
0
0
0
0
0
0
0
0
0
0.0562878
0.0562878
0.0562878
0.0562878
0.0562878
0.0562878
0.0562878
0.0562878
0.0562878
0.0562878
0.0562878
0.0562878
0.0562878
0.0562878
0
0
0
0
0
0
0
0
0
0
0
0.0117509
0.0117509
0.0117509
0.0117509
0.0117509
0
0
0.0102609
0.0102609
0
0
0
0
0
0
0
0
0
0
0
0
0
0
0
0
0
0
0
0
0
0
0
0
0
0
0
0
0
0
0
0
0
0
0
0
0
0
0
0
0
0
0
0
0
0
0
0
0
0
0
0
0
0
0
0
0
0
0
0
0
0
0
0
0
0
0
0
0
0
0
0
0
0
0
0
0
0
0
0
0
0
0
0
0
0
0
0
0
0
0
0
0
0
0
0
0
0
0
0
0
0
0
0
0
0
0
0
0
0
0
0
0
0
0
0
0
0
0
0
0
0
0
0
0
0
0
0
0
0
0
0
0
0
0
0
0
0
0
0
0
0
0
0
0
0
0
0
0
0
0
0
0.0102674
0
0
0.0102609
0.0102609
0.0102609
0.0102609
0.0102609
0
0
0.0102609
0.0102609
0.0398054
0.0398054
0.0398054
0.0109606
0
0
0.010548
