0
0
0
0
0
0
0
0
0
0
0
0
0
0
0
0
0
0
0
0
0
0
0
0
0.0454814
0.045468
0.045468
0.045468
0.045468
0.045468
0.045468
0.045468
0.045468
0.0454814
0.0454814
0
0
0
0
0
0.0499554
0.0499554
0
0
0
0
0
0
0
0
0
0
0
0
0
0
0
0
0
0
0
0
0
0
0
0
0
0
0.115033
0.115033
0
0
0
0
0
0
0.0470956
0.0470956
0
0.0470956
0
0.0499465
0.047907
0.0468146
0
0
0
0
0
0
0.0478992
0
0
0
0
0
0.114708
0.045897
0.0535507
0.045897
0
0.045542
0.0455555
0.0455555
0.0532354
0.0532354
0.0532354
0.04589
0.0464095
0
0
0
0.0459039
0.0464238
0
0
0
0
0
0
0
0
0
0
0
0
0
0
0
0
0
0
0
0
0
0
0
0
0
0.162527
0.162527
0
0.162527
0.162527
0
0
0
0
0
0
0
0
0
0
0
0
0
0
0
0
0
0
0
0
0
0
0
0
0
0
0
0
0
0
0
0
0
0
0
0
0
0
0
0
0
0
0
0
0
0
0
0
0
0
0
0
0
0
0
0
0
0
0
0
0
0
0
0
0
0
0
0
0
0
0.0455488
0
0
0
0
0
0
0
0
0
0
0.0523526
0.0524554
0
0.0547293
0.0547293
0.0556415
0.0556415
0
0
0
0
0.053311
0
0.053311
0.053311
0.053311
0
0
0
0.0477507
0.0477741
0.0477663
0.0504984
0.0476809
0
0.0556415
0
0
0.0538159
0
0.0556415
0
0
0
0.0504067
0
0
0
0.050702
0
0
0
0
0
0
0
0
0.054153
0
0
0
0
0
0
0
0
0.050702
0
0
0
0
0
0
0
0
0
0
0
0
0
0
0
0
0
0
0
0
0
0
0
0.054153
0.054153
0
0
0
0
0
0
0
0
0
0
0
0
0
0
0
0
0
0.045897
0
0
0.0455555
0.0455555
0
0
0
0
0
0
0
0
0
0
0
0
0
0
0
0
0
0
0
0
0
0
0
0
0
0
0
0
0
0
0
0
0.115033
0
0
0
0
0
0
0
0
0
0
0
0
0
0
0
0
0
0
0
0
0
0
0
0
0
0
0
0
0
0
0
0
0
0
0
0
0.0331003
0.0331003
0.0331003
0
0.0331003
0.460566
0
0.0329613
0.0329613
0.0329613
0.0329613
0.0330745
0.0330796
0.0330719
0.0330719
0.0330719
0.0350993
0.0332228
0
0
0
0
0.57735
0
0
0
0
0
0
0
0
0
0
0
1
1
1
1
0
0
0
0
0
0.0328671
0.0328671
0.0328671
0.0328671
0.0328671
0.0360241
0.0360241
0.0360241
0.0360241
0.0360241
0.0360241
0.0360241
0.0360241
0.0360241
0.0360241
0.0360241
0.0360241
0.0360241
0.0360241
0.0360241
0.0360241
0.0360241
0.0360241
0.0360241
0.0360241
0.0360241
0.0360241
0.0360241
0.0360241
0.0360241
0
0
0
0
0
0
0
0
0
0
0
0
0
0
0
0
0
0
0
0
0
0
0
0
0
0
0
0
0
0
0
0
0
0
0
0
0
0
0
0
0
0
0.0516496
0.0516496
0.0516496
0.0516496
0.0516496
0
0
0
0
0
0
0
0
0
0
0
0
0
0
0
0
0
0
0
0
0
0
0
0
0
0
0
0
0
0
0
0
0.460566
0
0
0
0
0
0
0
0
0.57735
0
0
0
0
0
0
0
0
0
0
0
0.460566
0.57735
0
0
0
0
0
0.069965
0.0329998
0.0521084
0
0.0329409
0
0
0.0359675
0.0329793
0.0332228
0.0330745
0
0
0
0
0
0
0
0
0.0449596
0.0449596
0.0449661
0.0449661
0.0449596
0
0
0
0
0
0
0
0
0
0
0
0
0.0705596
0.0705596
0.0705596
0.0705596
0.0705596
0.0705596
0
0.0705596
0.0329741
0.0329741
0.0329741
0.0329741
0.0329741
0.0329793
0.0329793
0.0330771
0.0330771
0.0330771
0
0
0
0
0
0
0
0
0
0
0
0
0
0
0
0
0
0
0
0
0
0
0
0
0
0
0
0
0
0
0
0
0
0
0
0
0
0
0
0
0
0
0
0
0
0
0
0
0
0
0
0
0
0
0
0
0
0
0
0
0
0
0
0
0
0
0
0
0
0
0
0
0
0
0
0
0
0.0329895
0.0329895
0.0331029
0.0329895
0.0331653
0.0331653
0.0331653
0.0329613
0.0329613
0.0331679
0.0329613
0.0329613
0.0329613
0.0331315
0.0331679
0.0331315
0.0331315
0.0331679
0.0331315
0.0329921
0
0.0329921
0.0329921
0.0330203
0.0331003
0.0341879
0.0340743
0.0340743
0.0357175
0.0354409
0
0
0
0
0.0331003
0
0
0.0331003
0.0331003
0.0331003
0.0331003
0.0329972
0.0329972
0.0329972
0.0329972
0.0329972
0.0329972
0.0331003
0.0329972
0.453743
0.453743
0.460566
0.453743
0.453743
0.460566
0.460566
0.453743
0.453743
0
0
0
0
0
0
0
0
0
0
0
0
0.453743
0.374166
0.374166
0.374166
0.374166
0.374166
0.423659
0.423659
0.377964
0
0
0
0
0.403473
0
0
0.374166
0.453743
0.453743
0.460566
0.460566
0.374166
0.453743
0.453743
0.460566
0.460566
0.460566
0.460566
0.460566
0.460566
0.460566
0.460566
0.460566
0.374166
0.453743
0
0
0
0
0.374166
0.509175
0.509175
0.509175
0.509175
0
0
0.509175
0.509175
0.509175
0.509175
0.509175
0.509175
0.509175
0.509175
0.509175
0.509175
0.509175
0.0331341
0.0331341
0
0
0.0331185
0.0331185
0.0331185
0.0331055
0.0331055
0.0330952
0
0
0
0.0514442
0.0514442
0.0331653
0.0331627
0
0
0
0
0
0
0
0
0.0331627
0.0331627
0.0331627
0.0331627
0.0331627
0.0331653
0.0331653
0
0
0
0
0
0
0
0.0331627
0.0433322
0.0331627
0
0.0331627
0.0331653
0.0331653
0.0331653
0.0331627
0.0331627
0.0348699
0
0
0
0
0
0.0332595
0
0
0
0
0
0
0.0348155
0.0396793
0.0334477
0.0334477
0.0334718
0.0334477
0
0
0
0
0.0441326
0.0441326
1
0
0.0441326
1
0
0
0
0
0
0
0
0
0
0
0
0
0
0
0
0
0
0
0
0
0
0
0.0439496
0.0660613
0
0
0
0
0
0
0
0
0
0
0
0
0
0
0
0
0
0
0
0
0
0
0
0
0
0
0
0.0415997
0.0416925
0.0416925
0.0437868
0.044053
0.044053
0
0.0440592
0
0
0
0.0478209
0.0493779
0
0.0522913
0.048987
0
0
0
0
0
0
0
0
0
0
0
0
0
0
0
0
0
0
0
0
0
0
0
0
0
0
0
0
0
0
0
0
0
0
0
0
0
0
0
0
0
0
0
0
0
0
0
0
0
0
0
0
0
0
0
0
0
0
0
0
0
0
0
0
0
0
0
0
0
0
0
0
0
0
0
0
0
0
0
0
0
0
0
0
0
0
0
0
0
0.0391074
0.0343113
0.0343113
0.0331653
0.0330358
0.0454545
0.0454545
0.0343113
0.0343113
0
0.0343113
0.0343113
0
0.0331107
0.0331107
0
0
0
0
0
0
0
0
0
0
0
0
0
0
0
0
0.0923374
0.166998
0.0926766
0
0.09245
0
0
0
0.0429311
0
0.0349337
0
0.0341309
0
0.0404746
0
0
0.0391673
0
0
0
0
0
0
0.0523117
0.0378583
0
0
0.0334798
0
0
0.0349611
0.0427905
0
0
0
0
0.0587076
0
0.0338145
0
0
0
0
0.0652924
0.0331679
0.0428859
0.0383442
0
0
0.0330538
0
0.0364801
0.059519
0
0
0
0
0
0
0.0339422
0
0
0
0
0
0
0
0
0
0
0
0
0
0
0
0
0
0
0
0
0
0
0
0
0
0
0
0
0
0
0
0
0
0
0
0
0
0
0
0
0
0
0
0.0331653
0
0
0
0
0
0
0
0
0
0
0
0.0328494
0.0328494
0
0
0
0
0
0
0
0
0
0
0
0
0
0
0
0
0
0
0
0
0
0
0
0
0
0
0
0
0
0
0
0
0
0
0
0
0
0
0
0
0
0
0
0
0
0
0
0
0
0
0
0
0
0
0
0
0
0
0
0
0
0
0
0
0
0
0
0
0
0
0
0
0
0
0
0
0
0
0
0
0
0
0
0
0
0
0
0
0
0
0
0
0
0
0
0
0
0
0
0
0
0
0
0
0
0
0
0
0
0
0
0
0
0
0
0
0
0
0
0
0
0
0
0
0
0
0
0
0
0
0
0
0
0
0
0
0
0
0
0
0
0
0
0
0
0
0
0
0
0
0
0
0.0328494
0
0
0.0328494
0.0328494
0.0328494
0.0328494
0.0328494
0
0
0.0328494
0.0328494
0.0519875
0.0519875
0.0519875
0.0519875
0
0
0
0
0
0
0
0
0
0
0
0
0
0.0343113
0.0343113
0.0343113
0.0343113
0.0343113
0.0343113
0.0343113
0.0343113
0.0343113
0.0343113
0.0343113
0.0343113
0.0343113
0.0343113
0.0343113
0.0343113
0.0343113
0.0343113
0.0343113
0
0
0
0
0
0.0343113
0.0343113
0.0343113
0.0343113
0.0343113
0.0343113
0.0343113
0.0343113
0.0343113
0.0343113
0.0343113
0.0343113
0.0343113
0.0343113
0.0343113
0.0343113
0.0343113
0.0343113
0.0343113
0.0343113
0.0343113
0.0343113
0.0343113
0.0343113
0.0343113
0.0343113
0.0343113
0.0343113
0.0343113
0.0343113
0.0343113
0.0343113
0.0343113
0.0343113
0.0343113
0.0343113
0.0343113
0.0343113
0.0343113
0.0343113
0.0343113
0.0343113
0.0343113
0.0343113
0.0343113
0.0343113
0.0343113
0.0343113
0.0343113
0.0343113
0.0343113
0.0343113
0.0343113
0.0343113
0.0343113
0.0343113
0.0343113
0.0343113
0.0343113
0.0343113
0.0343113
0.0343113
0.0343113
0.0343113
0.0343113
0.0343113
0.0343113
0.0343113
0.0343113
0.0343113
0.0343113
0.0343113
0.0343113
0.0343113
0.0343113
0.0343113
0.0343113
0.0343113
0.0343113
0.0343113
0.0343113
0.0343113
0.0343113
0.0343113
0.0343113
0.0343113
0.0343113
0.0343113
0.0343113
0.0343113
0.0343113
0.0343113
0.0343113
0.0343113
0.0343113
0.0343113
0.0343113
0.0343113
0.0343113
0.0343113
0.0343113
0.0343113
0.0343113
0.0343113
0.0343113
0.0343113
0.0343113
0.0343113
0.0343113
0.0343113
0.0343113
0.0343113
0.0343113
0.0343113
0.0343113
0.0343113
0.0343113
0.0343113
0.0343113
0.0343113
0.0343113
0.0343113
0.0343113
0.0343113
0.0343113
0.0343113
0.0343113
0.0343113
0.0343113
0.0343113
0.0343113
0.0343113
0.0343113
0.0343113
0.0343113
0.0343113
0.0343113
0.0343113
0.0343113
0.0343113
0.0343113
0.0343113
0.0343113
0.0343113
0.0343113
0.0343113
0.0343113
0.0343113
0.0343113
0.0343113
0.0343113
0.0343113
0.0343113
0.0343113
0.0343113
0.0343113
0.0343113
0.0343113
0.0343113
0.0343113
0.0343113
0.0343113
0.0343113
0.0343113
0.0343113
0.0343113
0
0
0.0343113
0.0343113
0.0343113
0.0343113
0.0343113
0.0343113
0.0343113
0.0343113
0.0343113
0.0343113
0.0343113
0.0343113
0.0343113
0.0343113
0.0343113
0.0343113
0.0343113
0.0343113
0.0343113
0
0
0
0
0
0.0343113
0
0
0
0
0
0
0
0
0
0
0
0
0
0
0
0
0
0
0
0
0
0
0
0
0
0
0
0
0
0
0
0
0
0
0
0
0
0
0
0
0
0
0
0
0
0
0
0
0
0
0
0
0
0
0
0
0
0
0
0
0
0
0
0
0
0
0
0
0
0
0
0.0343113
0.0343113
0.0343113
0
0
0
0
0
0
0
0
0
0
0
0
0
0
0
0
0
0
0
0
0
0
0.0343113
0.0343113
0
0
0
0
0
0
0.0343113
0.0343113
0.0343113
0.0343113
0
0
0
0
0
0.0343113
0.0343113
0
0
0
0.0343113
0.0343113
0
0
0
0
0
0
0
0.0343113
0.0343113
0.0343113
0.0343113
0.0343113
0.0343113
0.0343113
0.0343113
0.0343113
0.0343113
0.0343113
0.0343113
0.0343113
0
0
0
0.0343113
0.0343113
0
0
0
0
0
0
0
0
0
0
0
0
0
0
0
0
0
0
0
0
0
0
0
0
0
0
0
0
0
0
0
0
0
0
0
0
0
0
0
0
0
0
0
0
0
0
0
0
0
0
0
0
0
0
0
0
0
0
0
0
0
0
0
0
0
0
0
0
0
0
0
0
0
0
0
0
0
0
0
0
0
0
0
0
0
0
0
0
0
0
0
0
0
0
0
0
0
0
0
0
0
0
0
0
0
0
0
0
0
0
0
0
0
0
0
0
0
0
0
0
0
0
0
0
0.0343113
0.0343113
0.0343113
0.0343113
0.0343113
0.0343113
0.0328823
0.0343113
0
0
0
0
0.0343113
0.0343113
0.0343113
0.0343113
0
0
0
0
0
0
0
0
0
0
0
0
0
0
0
0.0343113
0.0343113
0
0.0343113
0.0343113
0
0.0343113
0.0343113
0
0
0
0
0
0
0.0343113
0.0343113
0
0
0
0
0
0
0.0343113
0.0343113
0.0343113
0.0343113
0.0343113
0
0.0343113
0
0
0
0
0
0
0
0
0
0
0
0
0
0
0.0343113
0
0.0343113
0
0
0.0343113
0
0
0
0
0
0
0
0
0
0
0
0
0
0
0
0.0343113
0
0
0
0
0
0
0
0
0
0
0
0
0
0
0
0
0
0
0
0
0
0
0
0
0
0
0
0
0
0
0
0
0
0
0
0
0
0
0
0
0
0
0
0
0
0
0
0
0
0
0
0
0
0
0
0
0
0
0
0
0
0
0
0
0
0
0
0
0
0
0
0
0
0
0
0
0
0
0
0
0
0
0
0
0
0
0
0
0
0
0
0
0
0
0
0
0
0
0
0
0
0
0
0
0
0
0
0
0
0
0.0343113
0
0
0
0.0343113
0
0.0343113
0
0.0343113
0
0.0343113
0
0
0
0
0
0.0343113
0
0.0343113
0
0
0
0
0
0
0
0
0
0
0
0
0
0
0
0
0
0
0
0
0
0
0.0343113
0
0
0
0
0
0.0343113
0.0343113
0.0343113
0.0343113
0.0343113
0.0343113
0.0343113
0.0343113
0
0
0
0
0.0343113
0.0343113
0
0
0
0
0
0
0
0
0
0.0343113
0.0343113
0
0.0343113
0.0343113
0.0343113
0
0.0343113
0.0343113
0.0343113
0
0
0.0343113
0.0343113
0.0343113
0.0343113
0.0343113
0.0343113
0.0343113
0.0343113
0.0343113
0.0343113
0.0343113
0.0343113
0.0343113
0
0
0
0
0
0
0
0
0
0
0
0
0
0
0
0
0
0
0
0
0
0
0
0
0
0
0
0
0
0
0
0
0
0
0
0
0
0
0
0
0
0
0
0
0
0
0
0
0
0
0
0
0
0
0
0
0
0
0
0
0
0
0
0
0
0
0
0
0
0
0
0
0
0
0
0
0
0
0
0
0
0
0
0
0
0
0
0
0
0
0
0
0
0
0
0
0
0
0
0
0
0
0
0
0
0
0
0
0
0
0
0
0
0
0
0
0
0
0
0
0
0
0.0343113
0.0343113
0
0
0.0343113
0.0343113
0.0343113
0.0343113
0.0343113
0.0343113
0
0
0
0.0343113
0.0343113
0
0.0343113
0
0.0343113
0
0.0343113
0.0343113
0.0343113
0
0
0
0
0
0.0343113
0
0
0
0
0.0343113
0
0.0343113
0.0343113
0.0343113
0.0343113
0
0.0343113
0.0343113
0.0343113
0.0343113
0.0343113
0.0343113
0.0343113
0.0343113
0
0.0343113
0
0
0
0
0
0
0
0
0
0
0
0
0
0
0
0
0
0
0
0
0
0.0343113
0.0343113
0.0343113
0.0343113
0
0
0
0
0
0
0
0
0
0
0
0
0
0
0
0
0
0
0
0
0
0
0
0
0
0
0
0
0
0
0
0
0
0
0.0328849
0
0
0
0
0
0
0
0
0
0
0
0
0
0
0
0
0
0
0
0
0
0
0
0
0
0
0
0
0
0
0
0
0
0.0343113
0.0343113
0.0343113
0
0.0343113
0.0343113
0
0.0343113
0.0343113
0.0343113
0.0343113
0.0343113
0
0
0
0
0
0.0343113
0
0.0343113
0
0
0
0.0343113
0.0343113
0
0
0
0
0
0.0343113
0.0343113
0.0343113
0.0343113
0.0343113
0.0343113
0.0343113
0.0343113
0.0343113
0.0343113
0.0343113
0.0343113
0.0343113
0.0343113
0
0
0
0
0
0
0
0
0
0
0
0
0.0343113
0.0343113
0
0.0343113
0
0
0
0
0
0
0
0
0
0
0
0
0
0
0
0
0
0
0
0
0
0
0
0
0
0
0
0
0.0343113
0
0
0
0
0
0
0
0
0
0.0343113
0.0343113
0.0343113
0
0.0343113
0.0343113
0.0343113
0.0343113
0.0343113
0.0343113
0.0343113
0.0343113
0.0343113
0
0.0343113
0
0.0343113
0.0343113
0.0343113
0.0343113
0.0343113
0.0343113
0
0.0343113
0.0343113
0.0343113
0.0343113
0.0343113
0
0
0
0
0.0343113
0
0.0343113
0
0
0
0
0
0
0
0
0
0
0
0
0
0
0
0
0
0
0
0
0
0
0
0
0
0
0
0
0
0
0
0
0
0
0
0
0.0343113
0
0
0
0
0
0
0
0
0
0
0
0
0
0
0
0
0
0
0
0
0
0
0
0
0
0
0
0
0
0
0
0
0
0
0
0
0
0
0
0
0
0
0
0
0
0
0
0
0
0
0
0
0
0
0
0
0
0
0
0
0
0
0
0
0
0
0
0
0
0
0
0
0
0
0
0
0
0
0
0
0
0
0
0
0
0.0343113
0.0343113
0.0343113
0.0343113
0.0343113
0
0
0
0
0
0
0
0
0
0
0
0
0
0
0
0
0
0
0
0
0
0
0
0
0
0
0
0
0
0
0
0
0
0
0
0
0
0
0
0
0
0
0
0
0
0
0
0
0
0
0
0
0
0
0
0
0
0
0
0
0
0
0
0
0
0
0
0
0
0
0
0
0
0
0
0
0
0
0
0
0
0
0
0
0
0
0.0343113
0.0343113
0.0343113
0.0343113
0.0343113
0
0
0
0
0
0
0
0.0343113
0.0343113
0.0343113
0.0343113
0
0
0
0
0
0
0
0
0
0
0
0
0.0343113
0
0
0
0
0
0
0
0
0
0
0
0
0
0
0
0
0
0
0
0
0
0
0
0
0
0
0
0
0
0
0
0
0
0
0
0
0
0
0
0
0
0
0
0
0
0
0
0
0
0
0
0
0
0.0343113
0.0343113
0.0343113
0.0343113
0.0343113
0.0343113
0.0343113
0.0343113
0
0
0
0
0
0.0343113
0
0
0
0
0
0
0
0
0
0
0
0
0
0
0
0
0
0
0
0
0
0
0
0
0
0
0
0
0
0
0
0
0
0
0
0
0
0
0
0
0
0
0
0
0
0
0
0
0
0
0
0
0
0
0
0
0
0
0
0
0
0
0
0
0
0
0
0
0
0
0
0
0
0
0
0
0
0
0
0
0
0
0
0
0
0
0
0
0
0
0
0
0
0
0
0
0
0
0
0
0
0
0
0
0
0
0
0
0
0
0
0
0
0
0
0
0
0
0
0
0.0343113
0.0343113
0.0343113
0.0343113
0.0343113
0.0343113
0.0343113
0.0343113
0.0343113
0.0343113
0.0343113
0.0343113
0.0343113
0.0343113
0.0343113
0.0343113
0.0343113
0.0343113
0.0343113
0.0343113
0.0343113
0.0343113
0.0343113
0.0343113
0.0343113
0.0343113
0.0343113
0.0343113
0.0343113
0.0343113
0.0343113
0.0343113
0.0343113
0.0343113
0.0343113
0.0343113
0.0343113
0.0343113
0.0343113
0.0343113
0.0343113
0.0343113
0.0343113
0.0343113
0.0343113
0.0343113
0.0343113
0.0343113
0.0343113
0.0343113
0.0343113
0.0343113
0.0343113
0.0343113
0.0343113
0.0343113
0.0343113
0
0
0
0
0.0343113
0.0343113
0.0343113
0.0343113
0
0
0
0
0
0
0
0
0
0
0
0
0
0
0
0
0
0
0
0
0
0
0
0
0
0
0
0
0
0
0
0
0
0
0
0
0
0
0
0
0
0
0
0
0
0
0
0
0
0
0
0
0
0
0
0
0
0
0
0
0
0
0
0
0
0
0
0
0
0
0
0
0
0
0
0
0
0
0
0
0
0
0
0
0
0
0
0
0
0
0
0
0
0
0
0
0
0
0
0
0
0
0
0
0
0
0
0
0
0
0
0
0
0
0
0
0
0
0
0
0
0
0
0
0
0
0
0
0
0
0
0
0
0
0
0
0
0
0
0
0
0
0
0
0
0
0
0
0
0
0
0
0
0
0
0
0
0
0
0
0
0
0
0
0
0
0
0
0
0
0
0
0
0
0
0
0
0
0
0
0
0
0
0
0
0
0
0
0
0
0
0
0
0
0
0
0
0
0
0
0
0
0
0
0
0
0
0
0
0
0
0
0
0
0
0
0
0
0
0
0
0
0
0
0
0
0
0
0
0
0
0
0
0
0
0
0
0
0
0
0
0
0
0
0
0
0
0
0
0
0.0343113
0.0343113
0.0343113
0.0343113
0.0343113
0.0343113
0.0343113
0.0343113
0.0343113
0.0343113
0.0343113
0.0343113
0
0
0
0
0.0343113
0
0.0343113
0.0343113
0.0343113
0.0343113
0
0.0343113
0.0343113
0
0
0
0
0
0.0343113
0
0.0343113
0
0
0
0
0
0.0343113
0.0343113
0.0343113
0.0343113
0.0343113
0
0
0.0343113
0
0.0343113
0
0
0
0
0
0
0.0343113
0.0343113
0.0343113
0.0343113
0.0343113
0.0343113
0.0343113
0.0343113
0
0.0343113
0.0343113
0
0.0343113
0
0
0
0.0343113
0.0343113
0
0.0343113
0.0343113
0
0
0
0.0343113
0.0343113
0.0343113
0.0343113
0.0343113
0.0343113
0
0
0
0
0
0
0
0
0
0
0
0
0
0
0
0
0
0
0
0
0
0
0
0
0
0
0
0
0
0
0
0
0
0
0
0
0
0
0
0
0
0
0
0
0
0
0
0
0
0
0
0
0
0
0
0
0
0
0
0
0
0
0
0
0
0
0
0
0
0
0
0
0
0
0
0
0
0
0
0
0
0
0
0
0
0
0
0
0
0
0
0
0
0
0
0
0
0
0
0
0
0
0
0
0
0
0
0
0
0
0
0
0
0
0
0
0
0
0.0343113
0.0343113
0
0
0
0
0
0
0
0
0
0
0.0343113
0.0343113
0
0
0
0
0.0343113
0.0343113
0
0
0.0343113
0.0343113
0
0
0
0
0
0
0
0
0
0
0
0.0343113
0.0343113
0
0
0
0
0.0343113
0.0343113
0.0343113
0
0
0
0
0
0
0
0
0
0
0.0343113
0.0343113
0.0343113
0.0343113
0.0343113
0.0343113
0.0343113
0
0
0
0
0
0
0
0
0
0
0
0
0
0
0
0
0
0
0
0
0
0
0
0
0
0
0
0
0
0
0
0
0
0
0
0
0
0
0
0
0
0
0
0
0
0
0
0
0
0
0
0
0
0
0
0
0
0
0
0
0
0
0
0
0
0
0
0
0
0
0
0
0
0
0
0
0
0
0
0
0
0
0
0
0
0
0
0
0
0
0
0
0
0.0343113
0.0343113
0.0343113
0.0343113
0.0328823
0
0.0343113
0.0343113
0
0
0
0
0
0
0
0.0343113
0.0343113
0
0.0343113
0
0
0
0
0
0
0
0
0.0343113
0.0343113
0.0343113
0.0343113
0
0
0
0
0
0
0
0
0
0
0
0
0
0
0
0
0
0
0
0
0
0
0
0
0
0
0
0
0
0
0.0343113
0.0343113
0.0343113
0
0
0
0
0
0
0
0
0
0
0
0
0
0
0
0
0
0
0
0
0
0
0
0
0
0
0
0
0.0343113
0.0343113
0.0343113
0.0343113
0
0.0343113
0
0.0343113
0.0343113
0.0343113
0.0343113
0.0343113
0
0.0343113
0.0343113
0.0343113
0.0343113
0
0.0343113
0.0343113
0.0343113
0.0343113
0
0.0343113
0.0343113
0.0343113
0.0343113
0
0
0
0
0
0
0
0
0.0343113
0.0343113
0.0343113
0.0343113
0.0343113
0.0343113
0.0343113
0.0343113
0.0343113
0.0343113
0.0343113
0
0
0
0
0
0
0
0
0
0
0.0343113
0.0343113
0
0
0
0.0343113
0.0343113
0
0
0
0
0
0
0
0
0
0
0
0
0.0343113
0.0343113
0
0
0
0.0343113
0.0343113
0
0
0
0
0
0
0
0
0
0
0
0
0
0
0.0343113
0.0343113
0
0
0
0
0
0
0
0.0343113
0.0343113
0.0343113
0.0343113
0.0343113
0.0343113
0.0343113
0.0343113
0.0343113
0.0343113
0.0343113
0.0343113
0.0343113
0.0343113
0.0343113
0
0
0
0
0
0
0.0343113
0.0343113
0.0343113
0.0343113
0
0
0
0
0
0
0
0
0
0
0
0
0
0
0.0343113
0.0343113
0
0
0
0
0
0
0
0
0
0.0343113
0
0
0
0
0
0
0
0
0
0
0
0
0
0
0
0
0.032987
0.032987
0
0.032987
0.032987
0.0520983
0.0520983
0
0.0520983
0.0520983
0.0332071
0
0
0
0
0
0
0
0
0
0
0
0
0
0
0
0
0
0
0
0
0
0
0
0
0.0532354
0.0532354
0.0532354
0.0532354
0.0532354
0.0532354
0.0532354
0.0532354
0.0532354
0.0532354
0.0532354
0.0532354
0.0532354
0.0532354
0.0455555
0.0455555
0.0455555
0.0455555
0.0455555
0.0455555
0.0455555
0.04589
0
0.04589
0.04589
0.04589
0.04589
0
0.0455555
0.0455555
0.0455555
0.0455555
0.0455555
0.0455555
0.0455555
0
0.0455555
0.0455893
0.0455555
0.0459039
0.0459039
0
0
0
0
0
0.0459039
0.0459039
0
0
0
0
0
0
0.052159
0
0
0
0
0
0.052159
0
0
0
0
0
0
0
0
0
0
0
0
0
0
0
0
0
0
0
0
0
0
0
0
0
0
0
0
0
0
0
0
0
0
0
0
0
0
0
0
0
0
0
0
0
0
0
0
0
0
0
0
0
0
0
0
0
0
0
0
0
0
0
0
0
0
0
0
0.162527
0.162527
0.162527
0
0.0547293
0.0547293
0.0547293
0.0547293
0
0
0
0
0
0
0
0
0
0
0
0.0556415
0.0556415
0.0556415
0.0556415
0
0
0
0
0
0
0
0
0
0
0
0
0
0
0
0
0
0
0
0
0
0
0
0
0
0
0
0
0
0
0
0
0
0
0
0
0
0
0
0
0
0
0
0
0
0
0
0
0
0
0
0
0
0
0
0
0
0
0
0.0499554
0.0499554
0.0499554
0.0499554
0
0
0
0
0
0
0
0
0
0
0
0
0
0
0
0
0
0
0
0
0
0
0
0
0
0
0
0
0
0
0
0
0
0
0
0
0
0
0
0
0
0
0
0
0
0
0
0
0
0
0
0
0
0.115033
0.115033
0.115033
0.115033
0
0
0
0
0
0
0
0
0
0
0
0
0
0
0
0
0
0
0
0
0
0.054153
0.0480332
0.115033
0.0455488
0.0455488
0.0455488
0.0455488
0.0455488
0
0
0
0
0
0
0
0
0
0
0
0
0
0
0
0
0
0
0
0
0.0415997
0.0415997
0
0
0
0.0421664
0.0421664
0.0421664
0.0421664
0.0421664
0
0
0
0
0
0
0
0.0453409
0.0453409
0
0
0
0
0
0
0
0
0
0
0
0
0
0
0
0.0903245
0.0903245
0
0
0
0
0
0
0
0
0
0
0
0
0
0
0
0
0
0
0
0
0
0
0
0
0
0
0
0
0
0
0
0
0
0
0
0
0
0
0
0
0
0
0
0
0
0
0
0
0
0
0
0
0
0
0
0
0
0
0
0
0
0
0
0
0
0
0
0
0
0
0
0
0
0
0
0
0.0908555
0
0
0
0
0
0
0
0
0
0
0
0
0
0
0
0
0
0
0
0
0
0
0
0
0
0
0
0
0
0
0
0
0
0
0
0
0
0
0
0
0
0
0
0
0
0.0701862
0
0
0
0
0
0
0
0
0
0
0
0
0
0.0421557
0
0.0421557
0
0.0421557
0
0.0421557
0
0
0
0
0.0329972
0.0329972
0.0329972
0.0354409
0
0.564076
0.0331679
0
0
0
0
0
0
0
0
0
0
0
0
0
0
0.0327963
0.0327963
0.0327963
0.0327963
0.0327963
0.0327963
0.0328241
0.0328064
0.0328849
0.0327963
0
0.0328849
0.0328849
0
0
0
0.0434959
0
0
0
0
0.0434959
0.0434959
0.0434959
0.175993
0.175993
0.175993
0.175993
0.175993
0
0
0
0
0
0
0.0436792
0.0436792
0.0436792
0.0436792
0.0436792
0.0434607
0.0434607
0.0434607
0.0434607
0.04349
0.0434607
0.0434724
0
0
0
0
0.0560018
0.0560018
0
0
0
0
0
0
0
0
0
0
0
0
0.0486381
0.0486381
0.0462462
0.0462462
0
0
0
0
0
0
0
0
0
0
0
0
0
0
0
0
0.0437509
0
0
0
0
0
0
0.0553485
0.0553485
0
0
0.0987386
0.0987386
0
0
0.0451097
0.0451097
0
0
0.0552519
0.0552519
0
0
0
0
0
0
0.0561403
0.0561403
0
0
0.0637392
0.0637392
0
0
0.0479306
0.0479385
0
0.0479385
0
0
0
0
0
0.0436673
0
0.0436673
0.0434607
0.0434607
0
0.0434607
0.0434607
0.0434607
0
0.0434607
0
0
0
0
0
0
0
0
0
0.0437329
0.0437329
0
0.0437329
0.043721
0
0.043721
0.0442869
0.0442869
0.0442869
0.0442869
0.0630656
0.0630656
0.0630656
0.0630656
0.0560018
0.0560018
0.0560018
0.0560018
0.0560018
0.0560018
0.0630656
0.0630656
0.0630656
0.0630656
0.0630656
0.0630656
0.0490965
0.0490965
0.0695288
0.0490965
0.0561403
0.0561403
0.0561403
0.0561403
0.0561403
0
0
0
0
0
0.0485971
0.0485971
0.0485971
0.0485971
0.0485971
0.0485971
0.0485971
0.0529468
0.0485971
0
0
0
0
0
0
0
0
0
0
0
0
0
0
0
0
0
0
0
0
0
0
0
0
0
0
0
0
0
0
0
0
0
0
0
0
0
0
0
0
0
0
0
0
0
0.0462462
0.0462462
0.0462462
0.0462462
0
0
0
0
0
0
0
0
0
0
0
0
0
0
0
0
0
0
0
0
0
0
0
0
0
0
0
0
0
0
0
0
0
0
0
0
0
0
0
0
0
0
0
0
0
0
0
0
0
0
0
0
0
0
0
0
0
0
0
0
0
0
0
0
0
0
0
0
0
0
0
0
0
0
0.0553485
0.0553485
0.0553485
0.0553485
0.0551438
0.0551438
0.0551438
0
0
0.0552519
0.0552519
0.0552519
0.0552519
0.0552519
0.0552519
0.0552519
0
0
0
0
0
0
0.0971286
0.0971286
0.0971286
0.0971286
0
0
0.0971286
0
0
0
0
0
0
0
0
0
0
0
0
0
0
0
0
0
0
0
0
0
0
0
0
0
0
0
0
0
0
0
0
0
0
0
0
0
0
0
0
0
0
0
0
0
0
0
0
0
0
0
0
0
0
0
0
0
0
0
0
0
0
0
0
0
0
0
0
0
0
0
0
0
0.0434607
0
0.0434607
0.0434665
0.0434665
0.0435784
0.04349
0.0454881
0.0435135
0.0434665
0
0.0434665
0.0446703
0.0446703
0.0448432
0
0
0
0.0446703
0
0.0446703
0.0466615
0.0466615
0.047133
0
0.0466615
0
0.0466615
0
0
0
0
0
0.131631
0
0.0328494
0.0328494
0.0328494
0.0328494
0.0328494
0.135015
0.137176
0
0
0
0
0.131631
0.131631
0.131631
0
0.131631
0
0.131631
0.131631
0.131631
0.131631
0.131631
0.131631
0.131631
0.131631
0.131631
0.131631
0.131631
0.131631
0.131631
0.131631
0.131631
0.131631
0.131631
0.131631
0.131631
0.131631
0.131631
0.131631
0.131631
0.131631
0.131631
0.131631
0.131631
0.131631
0.131631
0.131631
0.131631
0.131631
0.131631
0.131631
0.131631
0.131631
0.131631
0.131631
0.131631
0.131631
0.131631
0.131631
0.131631
0.131631
0.131631
0.131631
0.131631
0.131631
0.131631
0.131631
0.131631
0.131631
0.131631
0.131631
0.131631
0.131631
0.131631
0.131631
0.131631
0.131631
0.131631
0.131631
0.131631
0.131631
0.131631
0.131631
0.131631
0.131631
0.131631
0.131631
0.131631
0.131631
0.131631
0.131631
0.131631
0.131631
0.131631
0.131631
0.131631
0.131631
0.131631
0.131631
0.131631
0.131631
0.131631
0.131631
0.131631
0.131631
0.131631
0.131631
0.131631
0.131631
0.131631
0.131631
0.131631
0.131631
0.131631
0.131631
0.131631
0.131631
0.131631
0.131631
0.131631
0.131631
0.131631
0.131631
0.131631
0.131631
0.131631
0.131631
0.131631
0.131631
0.131631
0.131631
0.131631
0.131631
0.131631
0.131631
0.131631
0.135724
0
0
0
0
0
0
0
0
0
0
0
0
0
0
0
0
0
0.137732
0.137732
0.137732
0
0.137732
0
0
0
0
0
0.137732
0
0.137732
0.137732
0
0.137732
0
0.137732
0
0.137732
0
0.137732
0
0.137732
0
0.137732
0
0.137732
0
0.137732
0
0.137732
0.137732
0
0.137732
0
0.137732
0
0.137732
0
0
0
0
0
0.137732
0
0.137732
0
0.137732
0
0.137732
0
0.137732
0
0.137732
0.137732
0
0.137732
0.137732
0
0.137732
0
0.137732
0
0.137732
0.137732
0.174836
0.174836
0.174836
0
0.174836
0.174836
0.212512
0.174836
0
0.174836
0
0.174836
0
0.174836
0
0.174836
0
0.174836
0
0.174836
0
0.18301
0
0.174836
0
0.174836
0.174836
0
0.174836
0.174836
0
0
0.174836
0
0.174836
0
0.174836
0
0.174836
0
0.174836
0.174836
0
0
0
0
0
0
0.174836
0.174836
0.174836
0
0.174836
0
0.174836
0.174836
0
0.174836
0
0
0
0.174836
0
0.174836
0
0.174836
0
0.174836
0
0.174836
0
0.174836
0
0.174836
0
0.174836
0
0.174836
0
0.174836
0
0.174836
0
0.174836
0
0.174836
0
0.174836
0.174836
0
0
0
0.174836
0
0
0.174836
0.174836
0
0.174836
0.184338
0.174836
0
0.174836
0
0.174836
0
0.174836
0
0.174836
0
0.174836
0
0.174836
0
0
0
0.174836
0.174836
0.174836
0.174836
0.174836
0.174836
0
0.174836
0.174836
0
0.174836
0
0.174836
0.174836
0
0
0
0
0.174836
0
0.174836
0.174836
0.174836
0.174836
0
0.174836
0
0.233854
0
0.174836
0
0
0.174836
0
0.174836
0
0.174836
0
0.174836
0.174836
0.137732
0.137732
0.137732
0.137732
0.174836
0
0
0.174836
0
0
0
0
0
0
0
0
0
0
0
0
0
0
0
0
0
0
0
0
0.137732
0
0
0.137732
0.137732
0.14062
0.14062
0
0.14062
0
0.14062
0.137732
0.131306
0.131306
0.131306
0.131306
0
0
0
0
0
0
0
0
0
0
0
0
0
0
0
0
0
0
0
0
0
0
0
0
0
0
0
0
0
0
0
0
0
0
0
0
0
0
0
0
0
0
0
0
0
0
0
0.205971
0.205971
0.205971
0.205971
0.205971
0.205971
0.205971
0.205971
0.205971
0
0
0
0.205971
0.205971
0.205971
0.205971
0
0
0
0.205971
0.205971
0
0.205971
0.212512
0.212512
0
0
0
0
0
0
0
0
0
0.212512
0
0.0328494
0.0328494
0.0328494
0.0328494
0.0622228
0.0648593
0.0648593
0.0328874
0.0328874
0.0328874
0.0328874
0.0626927
0.0466325
0.0329793
0
0
0
0
0.0466325
0
0.0328823
0.0328823
0.0329384
0.0482483
0.0482483
0.0328849
0.0328849
0.0328849
0.0328849
0.0328849
0.0328849
0.0760915
0.0760915
0.0760915
0.0760915
0
0
0.0328849
0.0328849
0.0328849
0.0328849
0.0328849
0.0328849
0.0328849
0.0328849
0.0760915
0.0760915
0.0760915
0.0626927
0.0329486
0.0754698
0.0754698
0.0754698
0
0
0.0328925
0
0.0327938
0.0327938
0.0327938
0.0327938
0.0328925
0.0622228
0.0622228
0.0622228
0.0622228
0.0622228
0.0622228
0.0622228
0.0622228
0.0622228
0.0622228
0.072142
0.072142
0
0.122694
0
0.072142
0
0.0626927
0
0
0
0
0
0
0
0
0
0.067289
0
0
0
0
0
0
0
0
0
0
0
0
0
0
0
0
0
0
0
0
0
0
0
0
0
0.131306
0.131306
0
0
0.0328925
0
0
0
0
0
0
0
0
0
0
0
0
0
0
0
0
0
0
0
0
0
0
0
0
0
0
0
0
0
0
0
0
0
0.0328925
0.0328925
0.0328925
0.0328925
0.0328925
0.0328925
0
0
0
0
0
0
0.135546
0
0
0.135546
0.135546
0.0331081
0.0421717
0.0343923
0.0353775
0
0
0.149071
0.0343546
0.0343546
0
0
0
0.0343546
0
0
0
0
0
0
0.0331081
0.0331081
0.0328494
0.0328494
0.0328494
0.0328494
0.0328494
0.0328494
0.0328494
0.0328494
0.0328494
0.0328494
0.0328494
0.0328494
0.0328494
0.0328494
0.0328494
0.0328494
0.0328494
0.0328494
0.0328494
0.0328494
0.0328494
0.0328494
0.0328494
0.0328494
0.0328494
0
0
0
0.0328494
0.0328494
0.0328494
0.0328494
0.0328494
0.0328494
0.0328494
0.0328494
0.0328494
0.0328925
0.0328925
0.0328925
0.0328976
0.0328976
0.0328925
0.0328925
0.0328976
0.0331523
0
0
0
0.0328925
0
0.0779512
0
0.0780189
0.0790923
0.0328925
0
0.0328925
0
0.0328925
0.0328925
0.0328925
0.0328925
0.0328925
0.0482564
0.0328925
0.0328925
0
0
0.0352892
0.0352892
0.0352955
0.0352955
0.0352892
0.0352892
0
0
0.0351954
0.0351954
0.0351954
0.0351954
0.0351954
0.0351954
0.218964
0.218964
0
0
0
0.0352235
0.0351954
0.0351954
0.0351954
0.0351954
0.0351954
0
0
0.0351954
0.0351954
0.0351954
0.0352735
0.0352735
0.0351954
0.0351954
0
0.0351954
0
0.0351954
0
0.0351954
0.0351954
0
0.0351954
0.0351954
0
0
0
0.0351954
0.0351954
0.0351954
0.0351954
0.0351954
0.0351954
0.0351954
0.0351954
0.0351954
0.0351954
0.0351954
0.0351954
0.0352735
0.0352735
0.0352735
0
0.0352735
0.0351954
0.0351954
0.0351954
0.0351954
0
0.0351954
0.0351954
0
0
0
0
0
0
0
0
0
0
0
0
0
0
0.205971
0.205971
0.205971
0
0
0
0
0
0.205971
0.135546
0
0
0.135015
0
0.135015
0.135015
0.135015
0.135015
0.135015
0.135015
0.135015
0.135015
0.135015
0
0
0.135015
0
0.135015
0
0.135192
0.135546
0.135546
0.135546
0.135546
0
0.136992
0
0.136992
0
0
0.136992
0.137732
0.137732
0
0.14062
0
0.14062
0.174836
0.140028
0
0.140028
0
0.140028
0.140028
0.135368
0.135368
0.135015
0.135015
0.135015
0.135015
0
0
0
0
0
0.136992
0.137732
0.137732
0.137732
0
0.137732
0.137732
0.137732
0
0.14062
0
0.14062
0
0.14062
0
0.14062
0.14062
0
0
0
0
0
0
0
0.166998
0.166998
0.166998
0
0.166998
0
0
0
0
0
0
0
0
0
0
0
0
0
0
0
0
0.137732
0
0
0
0
0
0
0.137732
0.166998
0.166998
0.166998
0.166998
0.166998
0.166998
0.166998
0.166998
0.166998
0.166998
0.166998
0.0421664
0.0421664
0
0.0421664
0.0421664
0.0421664
0
0.0421664
0.135724
0.135724
0
0.0343952
0.0353775
0.158968
0
0
0
0
0
0
0
0
0.0367892
0
0
0
0
0
0
0
0
0
0
0.285299
0.285299
0
0.285299
0.285299
0.285299
0.285299
0.285299
0.0332228
0.0332228
0
0
0
0
0
0
0
0
0
0
0
0
0
0
0
0
0
0
0
0
0
0
0
0
0
0
0
0
0
0
0
0
0
0
0
0
0.0911786
0
0.0343141
0.0343141
0.0343141
0
0
0
0
0
0
0
0
0
0
0
0
0
0
0
0
0
0
0
0
0
0
0
0
0
0
0
0
0
0
0
0
0
0
0
0.0421664
0.0421664
0
0.0421664
0
0.0421664
0.0421664
0.0421664
0.0421664
0.0421664
0.0421664
0.0421664
0
0
0.0421664
0.0421664
0.0422039
0.0422039
0
0
0.0422039
0.0422039
0.0421664
0
0.0421664
0.0421664
0.0421664
0
0
0
0
0
0
0
0
0
0
0
0
0
0
0
0
0.0421825
0.0421825
0
0.0421825
0.0421825
0.0421825
0
0.0421825
0
0
0
0.0421825
0
0
0.0421825
0.0421825
0.0421825
0
0.0422147
0.0421664
0.0421664
0.0421664
0
0
0.0422039
0.0422039
0
0.0422039
0.0422039
0
0
0
0
0
0.0422039
0.0421664
0
0.0421664
0.0421825
0.0421825
0.0421825
0.0421825
0
0.0421825
0.0421825
0
0
0.0421825
0.0421825
0
0.0421825
0
0
0
0
0
0
0
0
0
0
0
0
0
0
0
0
0
0
0
0
0
0
0
0
0
0
0
0
0
0
0
0
0
0
0
0
0
0
0
0
0
0
0
0
0
0
0
0
0
0
0
0
0.0404746
0
0.0404746
0
0
0
0
0
0
0
0
0.0331367
0
0
0
0
0
0
0.0445309
0.0445309
0.0441326
0.0441326
0.0441326
0.0441326
0.0441326
0.0441326
0.0441326
0.0441326
0.0441326
0.0441326
0.0441326
0.174836
0.174836
0.174836
0
0.174836
0.174836
0.175219
0
0.177173
0
0
0
0
0
0
0
0
0
0
0
0
0.174836
0.174836
0.174836
0.174836
0.174836
0.0331679
0.0331679
0.0331679
0
0
0
0
0
0
0
0.0328494
0.0328494
0
0
0.0534741
0.0534741
0.0534741
0.0534741
0.0331107
0.0331107
0.0331107
0.0330978
0
0
0
0
0.0331367
0.0331367
0.0331367
0.0887357
0.0887357
0
0
0
0
0
0.0331367
0.0331367
0
0.0328874
0.0673326
0.0673326
0.0673326
0.0673326
0.191943
0.0673326
0
0
0
0.0673326
0.129099
0.129099
0
0
0
0
0
0.0334397
0
0.0331263
0.0421664
0
0
0
0
0
0
0
0
0
0
0
0
0
0
0
0
0
0
0
0
0
0
0
0
0
0
0
0
0
0
0
0
0
0
0
0
0
0
0
0
0
0
0
0
0
0
0
0
0
0
0
0
0
0
0
0
0
0
0
0
0
0
0
0
0
0
0
0
0
0
0
0
0.215308
0
0
0
0
0
0
0
0
0.288675
0.288675
0.288675
0.137732
0.135546
0
0.135546
0
0.135546
0.135546
0
0
0
0
0
0
0
0
0
0
0
0
0
0
0
0
0
0
0
0
0
0
0
0
0
0
0
0
0
0
0
0
0
0
0
0
0
0
0
0
0
0
0
0
0
0
0
0
0
0
0
0
0
0
0
0
0
0
0.10583
0.0328976
0
0
0
0
0
0
0
0
0
0
0
0
0
0
0
0
0
0
0
0
0
0
0
0
0
0
0
0
0
0
0
0
0
0
0
0.0328976
0.0328976
0.0328976
0.0328976
0.0328976
0.0328976
0.0328976
0
0
0
0
0
0
0
0
0
0
0
0
0
0
0
0
0
0
0
0
0
0
0
0
0
0
0
0
0.0328976
0.0328976
0.0328976
0.0328976
0.0328976
0.0328976
0
0
0
0
0
0
0
0
0.131631
0
0.131631
0
0
0
0
0
0
0
0
0
0
0
0
0
0
0
0
0
0
0
0
0
0
0
0
0
0
0
0
0
0
0
0
0
0
0
0
0
0
0.043338
0.043338
0.043338
0.043338
0.043338
0
0.043338
0
0
0.0433322
0
0
0.0446131
0.0446131
0.0446068
0.0446068
0.043338
0.043338
0.043338
0
0.043338
0.043338
0.043338
0.043338
0.043338
0.043338
0
0
0
0
0
0
0
0
0
0
0
0
0
0.043338
0.043338
0
0
0
0
0
0
0
0
0
0
0
0
0
0
0
0
0
0
0
0
0
0
0
0
0
0
0
0
0
0
0
0
0
0.0447854
0.0456368
0
0
0
0
0
0
0
0
0
0
0
0
0
0
0
0
0
0
0
0
0
0
0
0
0
0
0
0
0
0
0
0
0
0
0
0
0
0
0
0
0
0
0
0
0
0
0
0
0
0
0
0
0
0
0
0
0
0
0
0
0
0
0
0
0
0
0
0
0
0
0
0
0
0
0
0
0
0
0
0
0
0
0.0433671
0
0.0433671
0.0433671
0
0.0433671
0.0433671
0.0434197
0.0434197
0
0.0434197
0
0.0434197
0.044318
0.0433671
0
0
0
0
0
0
0
0
0
0
0
0
0
0
0
0
0
0
0
0
0
0
0
0
0
0
0
0
0
0
0
0
0
0
0
0
0.0692425
0.0692425
0.0692425
0.0692425
0
0.0692425
0.0692425
0
0.0692425
0.0692425
0.0692425
0
0
0
0
0
0
0
0
0
0
0
0
0
0
0
0
0
0
0
0
0
0.0607617
0
0
0
0.0607938
0.0607617
0.0607617
0.0607617
0.0607617
0
0
0
0
0
0
0
0
0
0
0
0
0
0
0
0
0
0
0
0
0
0
0
0
0
0
0
0
0
0
0
0
0
0
0
0
0
0
0
0
0
0
0
0
0
0
0
0
0
0.0491728
0.0491728
0.0491728
0.0491728
0
0
0
0
0
0
0
0
0
0
0
0
0
0.112306
0.112306
0.112306
0
0
0
0
0
0
0
0
0
0
0
0
0
0
0
0
0
0
0
0
0
0
0
0
0
0
0
0
0
0
0
0
0
0
0
0
0
0
0
0
0
0
0
0
0
0
0
0
0
0
0.043338
0.043338
0
0
0
0
0
0
0
0
0
0
0
0
0
0
0
0
0
0
0
0
0
0
0
0.0607617
0
0
0
0
0
0
0
0
0
0
0
0
0
0
0
0
0
0
0
0
0
0
0
0
0
0
0
0
0
0
0
0
0
0
0
0
0
0.0450573
0
0
0
0.0450573
0.0450573
0.0502338
0.0502338
0
0
0.0458143
0.0508141
0.0508141
0.0508141
0
0
0.0458143
0
0
0
0
0
0
0
0
0
0
0
0
0
0
0
0
0.109482
0.109482
0.109482
0
0.109576
0.109576
0.109576
0.109576
0.109576
0.109482
0.109482
0.109482
0.112004
0
0
0.109482
0
0
0
0.109576
0.109576
0.109576
0.109482
0
0
0
0.107123
0.107123
0.107123
0.109388
0.109388
0
0
0
0
0
0
0
0
0
0
0
0
0
0
0
0
0
0
0
0
0
0
0
0
0
0
0
0.109388
0
0
0
0.109388
0.109388
0
0.107123
0.107123
0.0446068
0.0446068
0
0
0
0
0
0
0
0
0
0
0
0
0
0
0
0
0
0
0
0
0
0
0
0
0
0
0
0
0
0
0
0
0
0
0
0
0
0
0.043338
0.043338
0.043338
0.043338
0.043338
0.043338
0.043338
0.043338
0.043338
0.043338
0.043338
0
0
0.0433439
0.0446512
0.0446512
0
0
0
0
0
0
0
0
0.0488949
0
0
0
0
0
0
0
0
0
0
0
0
0
0
0
0
0
0
0.0446767
0.0446767
0.0444053
0
0
0
0.0446767
0.0446767
0.0444053
0.0441326
0.0543699
0.0543699
0.0543699
0.0543699
0.0441326
0.0441326
0
0
0
0
0
0
0
0
0
0.0441326
0.0441326
0
0.0441326
0.0441326
0
0.0441942
0
0.0441326
0.0441326
0
0
0
0
0
0
0
0
0
0
0
0
0
0
0
0
0
0
0
0
0
0
0
0
0
0
0
0
0
0
0
0
0
0
0
0
0
0
0
0
0
0.0441326
0
0
0.043608
0
0
0
0
0
0
0.131631
0
0
0
0
0
0
0
0
0
0
0
0
0
0
0
0
0
0
0
0
0
0
0
0
0
0
0
0
0
0
0
0
0
0
0
0
0
0
0
0
0
0
0
0
0
0
0
0
0
0
0
0
0
0
0
0.0330822
0.0330822
0.0330822
0.0330822
0.0330822
0.0330822
0.0330822
0.0330822
0.038308
0.0330822
0.0330822
0.0330822
0.0330822
0.0330822
0.0330822
0
0
0
0
0
0
0
0
0.0330848
0.0330848
0.0330848
0.0330848
0.0330848
0.0330848
0.0330848
0
0
0.0330848
0.0632275
0.0632456
0.0397464
0
0.0397464
0.0397464
0.0397464
0.0397464
0.0397464
0.0397464
0.0397464
0.0397464
0.0397464
0.0397464
0.0397554
0.0397554
0
0
0.0397554
0
0
0
0
0
0
0
0
0
0
0
0
0
0
0
0
0
0
0
0
0
0
0
0
0
0
0
0
0
0
0
0
0
0
0
0
0
0
0
0.0860663
0
0
0
0
0
0
0
0
0.0501795
0.0394186
0
0
0
0.0330848
0.0330848
0.0330848
0.0405744
0.0405744
0.040584
0
0
0
0.0330848
0.0330848
0.0331315
0.0331315
0.0330848
0.0330848
0.03309
0.0363559
0.0363559
0.03309
0.0331081
0.0331081
0.0331081
0.0331081
0.03309
0.03309
0.03309
0.0363559
0.0363559
0.0363559
0.0363559
0.0363559
0.0385594
0.0363559
0.0363559
0.0363559
0.0428859
0.0363559
0.0363559
0.0363559
0.0363559
0.0363559
0.0363559
0.0363559
0
0
0
0
0
0.0330848
0.0330848
0.0330848
0.0330848
0.038308
0.0330848
0
0
0
0
0
0
0.0330848
0.038308
0.0330848
0.0372641
0.0330848
0.0330848
0.0330848
0.0372641
0.0372641
0.03828
0.0376089
0.0376089
0.0376089
0.0376089
0.0376089
0.0376089
0
0
0
0
0
0
0.0394449
0
0.0403145
0.0377349
0.0377311
0
0.156721
0.156721
0.156721
0.0331315
0.0331315
0
0
0
0.0328849
0.0328849
0.0328849
0.0328849
0.0328849
0.0328849
0.0328849
0.0328849
0.0328849
0.0328849
0.0328849
0.0328849
0.0328849
0.0328849
0.0328849
0.0328849
0.0328849
0.0328849
0.0328849
0.0328849
0.0328849
0.0328849
0.0328849
0.0328849
0
0
0
0
0.0328849
0
0
0
0
0
0
0
0
0
0
0
0
0
0
0
0
0
0
0
0
0
0
0
0
0
0
0
0
0
0
0
0
0
0
0
0
0
0
0
0
0
0
0.0328722
0.0328722
0.0328722
0.0328722
0.0328722
0.0328722
0.0328722
0.0328722
0.0328722
0
0
0
0
0
0
0
0
0
0
0
0
0
0
0
0
0
0
0
0
0
0
0
0
0
0
0
0
0
0
0
0
0
0
0
0
0
0
0
0
0
0
0
0
0
0
0
0
0
0
0
0
0
0
0
0
0
0
0
0
0
0
0
0
0
0
0
0
0
0
0
0
0
0
0
0
0
0
0
0
0
0
0
0
0
0
0
0
0
0
0
0
0
0
0
0
0
0
0
0
0
0
0
0
0
0
0
0
0
0
0
0
0
0
0
0
0
0
0
0
0
0
0
0
0
0
0
0
0
0
0
0
0
0
0
0
0
0
0
0
0
0
0
0
0
0
0
0
0
0
0
0
0
0
0
0
0
0
0
0
0
0
0
0
0
0
0
0
0
0
0
0
0
0
0
0
0
0
0
0
0
0
0
0
0
0
0
0
0
0
0
0
0
0
0
0
0
0
0
0
0
0
0
0
0
0
0
0
0
0
0
0
0
0
0
0
0
0
0
0
0
0
0
0
0
0.0364282
0.0364386
0
0
0
0
0
0
0
0
0
0
0
0
0
0
0
0
0
0
0
0
0
0
0
0
0
0
0
0
0
0
0
0.131631
0
0.131631
0.176777
0
0.0328064
0
0
0
0
0.100215
0.100215
0.100215
0.100215
0.100215
0.100215
0.100215
0.100215
0.100215
0
0.100215
0
0.100215
0.100215
0.100215
0.100215
0
0
0
0
0
0
0
0
0
0
0
0
0
0.101609
0.101609
0
0
0
0
0
0
0
0.123628
0
0
0
0
0
0
0
0
0
0
0
0
0
0
0.121781
0.121781
0
0
0
0
0
0
0
0
0.13925
0
0
0.121781
0.121781
0.100215
0.101684
0.101684
0.137361
0
0
0
0
0
0
0
0
0
0
0
0
0
0
0
0
0
0
0
0
0
0
0
0
0
0
0
0
0
0
0
0
0
0
0
0
0
0
0
0
0
0
0
0
0
0
0
0
0
0
0
0
0
0
0
0
0
0
0
0
0
0
0
0
0
0
0
0
0
0
0
0
0
0
0
0
0
0
0
0
0
0
0
0
0
0
0
0
0
0
0
0
0
0
0
0
0
0
0
0
0
0
0
0
0
0
0
0
0
0
0
0
0
0
0
0
0
0
0
0
0
0
0
0
0
0
0
0
0
0
0
0
0.032987
0
0
0.032987
0.032987
0.032987
0.032987
0.032987
0.032987
0.032987
0.032987
0.032987
0.032987
0
0
0
0
0
0
0
0
0
0
0
0
0
0
0
0
0
0
0
0
0
0
0
0
0
0
0
0
0
0
0
0
0
0
0
0
0
0
0
0
0
0
0
0
0
0
0
0
0
0
0
0
0
0
0
0
0
0
0
0
0
0
0
0
0
0
0
0
0
0
0
0
0
0
0
0
0
0
0
0
0
0
0
0
0
0
0
0
0
0
0
0
0
0
0
0
0
0
0
0
0
0
0
0
0
0
0
0
0
0
0
0
0
0
0
0
0
0
0
0
0
0
0
0
0
0
0
0
0
0
0
0
0
0
0
0
0
0
0
0
0
0
0
0
0
0
0
0
0
0
0
0
0
0
0
0
0
0
0
0
0
0
0
0
0
0
0
0
0
0
0
0
0
0
0
0
0
0
0
0
0
0
0
0
0
0
0
0
0.0886858
0.117502
0.104501
0
0
0
0
0.0786716
0.078155
0
0
0
0
0
0
0
0
0
0
0
0
0
0
0
0
0
0
0.124722
0
0.124861
0.0978566
0
0.120511
0
0
0
0
0
0
0
0
0
0
0
0
0
0.126131
0
0
0
0
0
0
0
0
0
0
0
0
0
0
0.0947331
0
0.0947331
0
0.0952844
0.0952844
0
0
0
0
0.174078
0
0.174078
0
0.174078
0.193996
0
0.174078
0
0
0
0
0
0
0.0952844
0
0
0
0
0
0
0
0
0
0
0
0
0
0
0
0
0
0
0
0
0
0
0
0
0
0.0449467
0
0
0
0
0
0
0
0
0
0
0
0
0
0
0.0450573
0
0
0
0
0
0
0
0
0
0
0
0
0
0
0
0
0
0
0
0
0
0
0
0
0
0
0
0
0
0
0
0
0
0
0
0
0
0.0475728
0
0.04786
0
0
0
0
0
0
0
0
0
0
0
0
0
0
0
0
0.0371464
0.0573944
0
0
0
0
0
0
0
0.0596702
0
0
0
0
0
0
0
0
0
0
0
0
0
0
0
0
0.0366442
0
0.0366442
0
0
0
0
0
0
0
0
0
0
0
0
0
0
0
0
0
0
0
0.036267
0.0359443
0.0359443
0.0359443
0.0380143
0.040503
0
0
0
0
0
0
0
0
0
0
0
0
0
0
0
0
0
0
0
0
0
0
0
0
0
0
0
0
0
0
0
0
0
0
0
0
0
0
0
0
0
0
0
0
0
0
0
0
0
0
0
0
0
0.0394143
0.0431073
0.0363011
0
0
0
0
0
0
0
0
0
0
0
0
0
0
0
0
0
0
0
0
0
0
0.0367324
0
0.0367501
0
0
0
0
0
0
0
0
0
0
0
0
0
0
0
0
0
0
0
0
0.04328
0
0
0
0
0
0
0
0
0
0
0
0
0
0
0
0
0
0
0
0
0
0
0
0
0
0
0
0
0
0
0
0
0
0
0
0
0
0
0
0
0
0.043338
0
0
0
0
0
0
0
0
0
0
0
0
0
0
0
0
0
0
0
0
0
0
0
0
0
0
0
0
0
0
0
0
0
0
0
0
0
0
0
0
0
0
0
0
0
0
0
0
0
0
0
0
0
0
0
0
0
0
0
0
0
0
0
0
0
0.0445372
0.0445372
0.0445372
0.0445688
0.0445688
0
0.0445435
0
0
0
0
0
0
0
0
0
0
0
0
0
0
0
0
0
0
0
0
0
0
0
0
0
0
0
0
0
0
0
0
0
0
0
0
0
0
0
0
0
0
0
0
0
0
0
0
0
0
0
0
0
0
0
0
0
0
0
0
0
0
0
0
0
0
0
0
0
0
0
0
0
0
0
0
0
0
0
0.0644348
0.0644348
0.0795917
0.0644348
0
0.0644348
0.0363559
0.0363559
0.0363559
0.0429934
0.0429934
0.0478365
0.065432
0.0809587
0.0363559
0
0
0
0
0
0
0
0
0
0
0.0330848
0.034404
0.0330848
0
0
0
0
0
0
0
0
0
0
0
0
0
0
0
0
0
0
0
0
0
0
0
0
0
0
0
0
0
0
0
0
0
0
0
0
0
0
0
0.0371537
0.0371537
0.037161
0.037161
0
0.0372678
0
0.0372678
0
0.0372715
0
0.0372715
0.0423822
0.03822
0.0431073
0.044664
0
0.0437329
0
0
0
0
0
0
0
0
0
0
0
0
0
0
0
0
0
0
0
0
0
0
0
0
0
0
0
0
0
0
0
0
0
0
0
0
0.125562
0.125562
0.126709
0
0
0
0
0
0
0
0
0.138866
0
0
0
0
0
0
0
0
0
0
0
0
0
0
0
0
0
0
0
0
0
0
0
0
0
0
0
0
0
0
0.032987
0
0
0
0
0
0
0
0
0
0
0
0
0
0
0
0
0
0
0
0
0
0
0
0
0
0
0
0.0328849
0.0328849
0.0328849
0
0
0
0
0
0
0
0.131631
0
0
0
0.0331679
0.0331679
0.0331679
0.0331679
0.0331679
0.0331679
0
0
0
0.0331679
0
0.0331679
0
0.0331679
0.0331679
0.0331679
0
0
0
0
0
0
0
0
0
0
0
0
0
0
0
0
0
0
0
0
0
0
0
0
0
0
0
0
0
0
0
0
0
0.131631
0
0.131631
0
0.131631
0
0.131631
0
0.131631
0
0.131631
0
0
0
0
0.131631
0
0
0
0
0
0
0
0
0.135724
0.135724
0.135724
0.135724
0.135724
0.135724
0.135724
0.135724
0.135724
0.135724
0.135724
0.135724
0.135724
0.135724
0.135724
0
0
0
0
0
0
0
0
0
0
0
0
0
0
0
0
0
0
0
0
0
0
0
0
0
0
0
0
0
0
0
0
0
0
0
0
0
0
0
0
0
0
0
0
0
0
0
0
0
0
0
0
0.0328773
0
0
0
0
0
0
0
0
0
0
0
0
0
0
0
0
0
0
0
0
0.0328849
0
0
0
0
0
0
0
0
0
0
0
0
0
0
0
0
0
0.0328823
0.0328823
0.0328823
0.0328823
0.0328823
0.0421664
0.0328823
0.0328823
0.0328823
0.0328823
0.0328823
0.0328823
0.0328823
0.0328823
0.0328823
0.0328823
0.0328823
0.0328823
0.0328823
0.0328823
0.0328823
0.0328823
0.0328823
0.0328823
0.0328823
0.0328823
0.0328823
0.0328823
0.0328823
0.0328823
0.0328823
0.0328823
0.0328823
0.0328823
0.0328823
0.0328823
0.0328823
0.0328823
0.0328823
0.0328823
0.0328823
0.0328823
0.0328823
0.0328823
0.0328823
0.0328823
0.0328823
0.0328823
0.0328823
0.0328823
0.0328823
0.0328823
0.0328823
0.0328823
0.0328823
0.0328823
0.0328823
0.0328823
0.0328823
0.0328823
0.0328823
0.0328823
0.0328823
0.0328823
0.0328823
0.0328823
0.0328823
0.0328823
0.0328823
0.0328823
0.0328823
0.0328823
0.0328823
0.0328823
0.0328823
0.0328823
0.0328823
0.0328823
0.0328823
0.0328823
0.0328823
0.0328823
0.0328823
0.0328823
0.0328823
0.0328823
0.0328823
0.0328823
0.0328823
0.0328823
0.0328823
0.0328823
0.0328823
0.0328823
0.0328823
0.0328823
0.0328823
0.0328823
0.0328823
0.0328823
0.0328823
0.0328823
0.0328823
0.0328823
0.0328823
0.0328823
0.0328823
0.0328823
0.0328823
0.0328823
0.0328823
0.0328823
0.0328823
0.0328823
0.0328823
0.0328823
0.0328823
0.0328823
0.0328823
0.0328823
0.0328823
0.0328823
0.0328823
0.0328823
0.0328823
0.0328823
0.0328823
0.0328823
0.0328823
0.0328823
0.0328823
0.0328823
0.0328823
0.0328823
0.0328823
0.0328823
0.0328823
0.0328823
0.0328823
0.0328823
0.0328823
0.0328823
0.0328823
0.0328823
0.0328823
0.0328823
0.0328823
0
0
0
0
0
0
0
0
0
0
0
0
0
0
0
0
0
0
0
0
0
0
0
0
0
0
0
0
0
0
0
0
0
0
0
0
0
0
0
0
0
0
0
0
0
0
0
0
0
0
0
0
0.14062
0
0.14062
0.14062
0
0
0
0
0
0
0
0
0
0
0
0.14062
0
0
0
0
0
0
0
0
0
0
0
0
0
0
0
0
0
0
0.0328925
0.0760915
0.0329665
0.0329665
0.0328925
0
0
0
0
0.0329613
0.0329613
0
0
0
0
0
0
0
0
0
0
0
0
0
0
0
0
0
0
0
0
0
0
0
0
0
0
0
0
0
0
0
0
0
0
0
0
0
0
0
0
0
0
0
0
0
0
0
0
0
0
0
0
0
0
0
0
0
0
0
0
0
0
0
0
0
0
0
0
0.0328976
0
0
0
0
0
0
0
0
0
0
0
0.0350777
0.0350777
0.0331107
0.62361
0.62361
0.62361
0
0
0
0
0
0
0
0
0
0
0
0
0
0
0
0.14062
0
0
0
0
0.137732
0
0
0
0.0328925
0.0441326
0
0
0
0
0
0
0
0
0
0
0
0
0
0
0
0
0
0
0
0
0
0
0
0
0
0
0
0
0
0
0
0
0
0
0
0
0
0
0
0
0
0
0
0
0
0
0
0
0
0
0
0
0
0
0
0
0
0
0
0
0
0
0
0
0
0
0
0
0
0
0
0
0
0
0
0
0
0
0
0
0
0
0
0
0
0
0
0
0
0
0
0
0
0
0
0
0
0
0
0
0
0
0
0
0
0
0
0
0
0
0
0
0
0
0
0
0
0
0
0
0
0
0
0
0
0
0
0
0
0
0
0
0
0
0
0
0
0
0
0
0
0
0
0
0
0
0
0
0
0
0
0
0
0
0
0
0
0
0
0
0
0
0
0
0
0
0
0
0
0
0
0
0
0
0
0
0
0
0
0
0
0
0
0
0
0
0
0
0
0
0
0
0
0
0
0
0
0
0
0
0
0
0
0
0
0
0
0
0
0
0
0
0
0
0
0
0
0
0
0
0
0
0
0
0
0
0
0.0328823
0.0328823
0.0328823
0
0
0.0328798
0.0328798
0.0328798
0.0328798
0.137732
0.14062
0
0
0
0
0
0.131631
0
0
0
0
0
0.0328849
0.0328849
0
0
0
0
0
0
0
0
0
0
0
0
0
0
0
0
0
0
0
0.131631
0
0
0
0.0328849
0
0
0
0
0
0
0
0
0
0
0
0
0
0
0
0
0
0
0
0
0
0
0
0
0
0
0
0
0
0
0
0
0
0
0
0
0
0
0
0
0
0
0
0
0
0
0
0
0
0
0
0
0
0
0
0
0
0
0
0
0
0
0
0
0
0
0
0
0
0
0
0
0
0
0
0
0
0
0
0
0
0
0
0
0
0
0
0
0
0
0
0
0
0
0
0
0
0
0
0
0
0
0
0
0
0
0
0
0
0
0
0
0
0
0
0
0
0
0
0
0
0
0
0
0
0
0
0
0
0
0
0
0
0
0
0
0
0
0
0
0
0
0
0
0
0
0
0
0
0
0
0
0
0
0
0
0
0
0
0
0
0
0
0
0
0
0
0
0
0
0
0
0
0
0
0
0
0
0
0
0
0
0
0
0
0
0
0
0
0
0
0
0
0
0
0
0
0
0
0
0
0
0
0
0
0
0
0
0
0
0
0
0
0
0
0
0
0
0
0
0
0
0
0
0
0
0
0
0
0
0
0
0
0
0
0
0
0
0
0
0
0
0
0
0
0
0
0
0
0
0
0
0
0
0
0
0
0
0
0
0
0
0
0
0
0
0
0
0
0
0
0
0
0
0
0
0
0
0
0
0
0
0
0
0
0
0
0
0
0
0
0
0
0
0
0
0
0
0
0
0
0
0
0
0
0
0
0
0
0
0
0
0
0
0
0
0
0
0
0
0
0
0
0
0
0
0
0
0
0
0
0
0
0
0
0
0
0
0
0
0
0
0
0
0
0
0
0
0
0
0
0
0
0
0
0
0
0
0
0
0
0
0
0
0
0
0
0
0
0
0
0
0
0
0
0
0
0
0
0
0
0
0
0
0
0
0
0
0
0
0
0
0
0
0
0
0
0
0
0
0
0
0
0
0
0
0
0
0
0
0
0
0
0
0
0
0
0
0
0
0
0.0370334
0.0370334
0.0370334
0.0370334
0.0370334
0.0370334
0.0370334
0.0370334
0.0370334
0.0370334
0.0370334
0.0370334
0.0370334
0
0
0
0
0
0
0
0
0
0
0
0
0
0
0
0
0
0
0
0
0
0
0
0
0
0.0629941
0
0
0
0
0
0
0
0
0
0
0
0
0
0
0
0
0
0
0
0
0
0
0.0396927
0.0366759
0.0396927
0.0396927
0.0396927
0.0396927
0.0396927
0.0396927
0
0.0563308
0.0396927
0.0396927
0.0396927
0.0366759
0.0366759
0.0366759
0.0366759
0.0366759
0.0366759
0.0366759
0
0
0
0
0
0
0
0.0366759
0
0
0
0.0419591
0.313993
0.313993
0
0.313993
0
0
0.0472531
0.0370334
0.0370334
0.0370334
0.0370334
0.0370334
0.0370334
0
0
0
0
0
0
0.0379986
0.0379986
0.038296
0.0418749
0
0.043608
0
0
0
0.0374578
0.0374578
0
0.0374616
0
0.0374616
0
0
0
0
0
0
0.0372604
0.0376698
0
0
0
0
0.0332097
0.0332097
0
0
0.0332071
0.0332071
0.0332071
0.0332071
0.0332071
0.0332071
0.0332071
0.0332097
0.0332071
0.0332097
0.0332097
0.0332097
0.0332097
0.0332228
0.0351519
0
0
0.0332674
0.0332674
0.0332674
0.0332674
0.0332674
0
0
0
0
0
0
0.0332097
0.0332097
0
0
0
0
0
0
0
0
0
0
0
0
0
0
0
0
0
0
0
0
0
0
0
0
0
0
0
0
0
0
0
0
0
0
0
0
0
0
0
0
0
0
0
0.0590575
0.0351768
0.0351768
0.0351768
0
0
0
0
0
0
0
0
0
0
0
0
0.0331679
0.0331679
0.0331679
0.0331679
0
0.0331679
0.0331679
0.0457869
0.0457869
0.0363559
0.0363559
0.0331679
0
0
0
0
0
0
0.0457869
0.0457869
0.0457869
0
0.0457869
0
0.0457869
0.0363559
0.0363559
0
0
0
0.0363559
0
0
0
0
0.0363559
0.0363559
0.0363559
0.0363559
0.0444617
0.0444617
0.0444617
0
0.0444617
0
0.0444617
0.0363559
0.0330435
0.0330435
0.0330435
0
0
0
0
0
0
0.0330435
0
0
0
0.0330409
0.0330409
0.0330409
0.0330409
0.0330409
0.0330409
0
0.0330409
0.0330409
0
0
0
0
0
0
0
0
0
0
0
0
0
0
0
0
0
0.0331107
0
0
0.0330435
0.0330435
0
0.0330435
0.0330435
0
0
0.0330874
0
0.0332097
0.0332097
0
0
0
0
0
0
0
0
0
0
0
0
0
0
0
0
0
0
0
0
0
0
0
0
0
0
0
0
0
0
0
0
0
0
0
0
0
0
0
0
0
0
0
0
0
0
0
0
0
0
0
0.460566
0
0
0
0
0.0330435
0
0
0
0
0
0.0330435
0.0330435
0
0
0
0
0
0
0
0
0
0
0
0
0
0
0
0
0
0
0
0
0
0
0
0
0
0
0
0
0
0
0
0.0330435
0.0330435
0.0330435
0.0330435
0.0366759
0
0.0328823
0.0328823
0.0328823
0.0328823
0.0328823
0.0328823
0.131631
0
0
0
0
0
0.0328798
0.0328798
0.0328798
0.0328798
0.0328798
0.0328823
0.0328823
0.0328823
0.0328823
0.136083
0.136083
0.129099
0.129099
0.129099
0.129099
0.129099
0.129099
0.129099
0.0328849
0.0328849
0.0328849
0.0328849
0.0328849
0.0328849
0.129099
0.129875
0.129099
0.129253
0
0
0.129253
0
0
0
0
0.129099
0.129099
0.130189
0.130189
0.146535
0.146535
0.146535
0.130347
0
0
0.130347
0.130347
0.130347
0.330719
0.330719
0.330719
0.330719
0
0.333333
0.333333
0.333333
0.132453
0.132453
0.132453
0.132453
0.2446
0.2446
0.2446
0.2446
0
0
0
0
0
0
0.2446
0.307562
0.307562
0
0.307562
0.307562
0.307562
0.307562
0.307562
0.307562
0.307562
0.307562
0.307562
0
0
0
0
0
0
0
0
0
0
0
0
0
0
0.0328823
0.0328823
0.0328823
0.0328823
0.0328823
0
0
0
0
0
0
0
0
0
0
0
0
0
0
0
0
0
0
0
0
0
0
0
0
0
0
0
0
0.0328849
0.0328849
0.0328849
0.0328849
0.0328849
0.0328849
0.0328849
0.0328849
0.0328849
0.0328849
0.0328849
0
0
0
0
0
0
0
0
0
0
0
0
0
0
0
0
0
0
0
0
0
0
0
0
0
0
0
0
0
0
0
0
0
0
0
0
0
0
0
0
0
0
0
0
0
0
0
0
0
0
0
0
0
0
0
0
0
0
0
0
0
0
0
0
0
0
0
0
0
0
0
0
0
0
0
0
0
0
0
0
0
0
0
0
0
0
0
0
0
0
0
0
0
0
0
0
0
0
0
0
0
0
0
0
0
0
0
0
0
0
0
0
0
0
0
0
0
0
0
0
0
0
0
0
0
0
0
0
0
0
0
0
0
0
0
0
0
0
0
0
0
0
0
0
0
0
0
0
0
0
0
0
0
0
0
0
0
0
0
0
0
0
0
0
0
0
0
0
0
0
0
0
0
0
0
0
0
0
0
0
0
0
0
0
0
0
0
0
0
0
0
0
0
0
0
0
0
0
0
0
0
0
0
0
0
0
0
0
0
0
0.131631
0
0.0651734
0.0651734
0.0651734
0.0651734
0.0651734
0.0651734
0.131631
0
0.0328925
0.0328925
0.0328925
0.0328925
0.0328925
0.0328925
0.0623436
0.0623436
0.0694091
0.0694091
0.0694091
0.0694091
0.0694091
0
0.0694091
0.0696733
0.0694091
0
0
0
0.0694091
0
0
0
0
0
0
0
0.0694091
0.0624477
0.0328925
0
0
0
0
0
0
0
0
0
0
0
0
0
0
0
0
0
0
0
0
0
0
0
0
0
0
0
0
0
0
0
0
0
0
0
0
0
0.131631
0
0
0
0
0
0
0
0
0
0
0
0
0
0
0
0
0
0
0
0
0
0
0
0
0
0
0
0
0
0
0
0
0
0
0
0
0
0
0
0
0
0
0
0
0
0
0
0
0
0
0
0
0
0
0
0
0
0
0
0
0
0
0
0
0
0
0
0
0
0
0
0
0
0
0
0
0
0
0
0
0
0
0
0
0
0
0
0
0
0
0
0
0
0
0
0
0
0
0
0
0
0
0
0
0
0
0
0
0
0
0
0
0
0
0
0
0
0
0
0
0
0
0
0
0
0
0
0
0
0
0
0
0
0
0
0
0
0
0
0
0
0
0
0
0
0
0
0
0
0
0
0
0
0
0
0
0
0
0
0
0
0
0
0
0
0
0
0
0
0
0
0
0
0
0
0
0
0
0
0
0
0
0
0
0
0
0
0
0
0
0
0
0
0
0
0
0
0
0
0
0
0
0
0
0
0
0
0
0
0
0
0
0
0
0
0
0
0
0
0
0
0
0
0
0
0
0
0
0
0
0
0
0
0
0
0
0
0
0
0
0
0
0
0
0
0
0
0
0
0
0
0
0
0
0
0
0
0
0
0
0
0
0
0
0
0
0
0
0
0
0
0
0
0
0
0
0
0
0
0
0
0
0
0
0
0
0
0
0
0
0
0
0
0
0
0
0
0
0
0
0
0
0
0
0
0
0
0
0
0
0
0
0
0
0
0
0
0
0
0
0
0
0
0
0
0
0
0
0
0
0
0
0
0
0
0
0
0
0
0
0
0
0
0
0
0
0
0
0
0
0
0
0
0
0
0
0
0
0
0
0
0
0
0
0
0
0
0
0
0
0
0
0
0
0
0
0
0
0
0
0
0
0
0
0
0
0
0
0
0
0
0
0
0
0.032987
0
0
0
0
0
0
0
0
0.135724
0.135724
0.135724
0.135724
0.135724
0.135724
0.135724
0.135724
0.135724
0.135724
0.135724
0
0
0
0
0
0
0
0
0
0
0
0
0
0
0
0
0
0
0
0
0
0.0328849
0.0328849
0.0328849
0.0328849
0.0328849
0.0328849
0.0328849
0.0328849
0.0328849
0.0328849
0.0328849
0.0328849
0.0328849
0.0328849
0.0328849
0.0328849
0.0328849
0.0328849
0.0328849
0.0328849
0.0328849
0.0328849
0.0328849
0.0328849
0.0328849
0.0328849
0.0328849
0.0328849
0.0328849
0.0328849
0.0328849
0
0
0
0
0
0
0
0
0
0
0
0
0
0
0
0
0
0
0
0
0
0
0
0
0
0
0
0
0
0
0
0
0
0
0
0
0
0
0
0
0
0
0
0
0
0
0
0
0
0
0
0
0
0
0
0
0
0
0
0
0
0
0
0
0
0
0
0
0
0
0
0
0
0
0
0
0
0
0
0
0
0
0
0
0
0
0
0
0
0
0
0
0
0
0
0
0
0
0
0
0
0
0
0
0
0
0
0
0
0
0
0
0
0
0
0
0
0
0
0
0
0
0
0
0
0
0
0
0
0
0
0
0
0
0
0
0
0
0
0
0
0
0
0
0
0
0
0
0
0
0
0
0
0
0
0
0
0
0
0
0
0
0
0
0
0
0
0
0
0
0
0
0
0
0
0
0
0
0
0
0
0
0
0
0
0
0
0
0
0
0
0
0
0
0
0
0
0
0
0
0
0
0
0
0
0
0
0
0
0
0
0
0
0
0
0
0
0
0
0
0
0
0
0
0
0
0
0
0
0
0
0
0
0
0
0
0
0
0
0
0
0
0
0
0
0
0
0
0
0
0
0
0
0
0
0
0
0
0
0
0
0
0
0
0
0
0
0
0
0
0
0
0
0
0
0
0
0
0
0
0
0
0
0
0
0
0
0
0
0
0
0
0
0
0
0
0
0
0
0
0
0
0
0
0
0
0
0
0
0
0
0
0
0
0
0
0
0
0
0
0
0
0
0
0
0
0
0
0
0
0
0
0
0
0
0
0
0
0
0
0
0
0
0
0
0
0
0
0
0
0
0
0
0
0
0
0
0
0
0
0
0
0
0
0
0
0
0
0
0
0
0
0
0
0
0
0
0
0
0
0
0
0
0
0
0
0
0
0
0
0
0
0
0
0
0
0
0
0
0
0
0
0
0
0
0
0
0
0
0
0
0
0
0
0
0
0
0
0
0
0
0
0
0
0
0
0
0
0
0
0
0
0
0
0
0
0
0
0
0
0
0
0
0
0
0
0
0
0
0
0
0
0
0
0
0
0
0
0
0
0
0
0
0
0
0
0
0
0
0
0
0
0
0
0
0
0
0
0
0
0
0
0
0
0
0
0
0
0
0
0
0
0
0
0
0
0
0
0
0
0
0
0
0
0
0
0
0
0
0
0
0
0
0
0
0
0
0
0
0
0
0
0
0
0
0
0
0
0
0
0
0
0
0
0
0
0
0
0
0
0
0
0
0
0
0
0
0
0
0
0
0
0
0
0
0
0
0
0
0
0
0
0
0
0
0
0
0
0
0
0
0
0
0
0
0
0
0
0
0
0
0
0
0
0
0
0
0
0
0
0
0
0
0
0
0
0
0
0
0
0
0
0
0
0.0328849
0.0328849
0.0328849
0.0328849
0.0328849
0.0328849
0.0328849
0.0328849
0
0
0
0
0
0
0
0
0
0
0
0
0
0
0
0
0
0
0
0
0
0
0
0
0
0
0
0
0
0
0
0
0
0
0
0
0
0
0
0
0
0
0
0
0
0
0
0
0
0
0
0
0
0
0
0
0
0
0
0
0
0
0
0
0
0
0
0
0
0
0
0
0
0
0
0
0
0
0
0
0
0
0
0.131631
0
0
0
0
0
0
0
0
0
0
0
0
0
0
0
0
0.131631
0
0.137732
0.137732
0
0
0.137732
0.174836
0.174836
0.174836
0
0
0.131631
0.174836
0
0.035155
0.035155
0.035155
0.035155
0.035155
0.035155
0.035155
0
0
0
0
0
0
0
0
0.035183
0.035183
0
0
0.0351768
0.0351768
0.0351768
0
0
0
0
0
0
0
0
0
0
0.216748
0.216748
0.216748
0.216748
0
0
0
0
0
0
0
0
0.149786
0
0
0
0
0
0
0
0
0
0
0
0
0
0
0
0
0
0
0
0.0351737
0
0
0
0
0
0
0
0
0
0
0
0
0
0
0
0
0
0
0
0
0
0
0
0
0
0
0
0
0
0
0
0
0.150027
0.150027
0.218218
0
0
0
0
0
0.0331653
0.0358814
0.0358814
0
0
0.0358814
0.0394625
0.0395417
0
0
0
0
0
0.0394625
0.0394625
0
0
0
0
0
0
0
0
0.0398184
0.0398184
0.0398184
0
0.0398184
0.0331653
0.0331653
0.0331914
0.0331914
0.0331653
0.0331653
0.0331653
0.0331653
0
0
0
0
0
0.0331653
0
0.0331653
0.0331653
0.0331914
0.0331914
0.0362398
0
0
0
0
0
0
0
0
0
0
0
0
0
0
0
0
0
0
0
0
0
0
0
0
0
0.0348699
0.0348699
0.0348699
0
0
0
0
0
0
0
0.0432165
0.0432165
0.0575027
0.0575027
0.0432165
0.0432165
0.0432165
0.0432165
0.0363559
0.0363559
0.0363559
0.0434197
0.0434197
0
0
0.0434197
0.0434197
0.0434197
0.0363559
0.0363559
0.0363559
0.0434197
0.0434197
0.0434197
0.0434197
0.0363559
0.0363559
0.0363559
0.0363559
0.0394318
0.0434197
0.0363559
0.0363559
0.0363559
0.0444617
0.0444617
0.0444617
0
0.0444617
0.0363559
0.0363559
0.0363559
0
0
0.0363559
0.0363559
0.0363559
0
0
0
0
0
0
0.0384697
0.0384697
0.0384697
0.0384697
0.0384697
0
0
0
0
0
0
0
0
0
0
0
0
0
0
0
0
0
0
0.0333122
0.033299
0.0395417
0.0333122
0
0.0333122
0.0333122
0
0
0
0
0
0
0
0
0
0
0
0
0
0
0
0
0
0
0
0
0
0
0
0
0
0
0
0
0
0
0
0
0
0
0
0
0.0398545
0.0398545
0.0398545
0.0398545
0.0398545
0.0398545
0
0
0
0
0
0
0
0
0
0
0
0
0
0
0
0
0.0733799
0.0733799
0.0733799
0
0
0
0
0.0733799
0
0
0
0
0
0
0
0
0
0
0
0
0
0
0
0
0
0
0
0
0
0
0
0
0
0
0
0
0
0
0
0
0
0
0
0
0
0
0
0
0
0
0
0
0
0
0
0
0
0
0
0
0
0
0
0.0394756
0.0394756
0
0.0391373
0
0.0391373
0.0391373
0.0391373
0.0391373
0.0391373
0.0391373
0.0391373
0.0425683
0.0425683
0.0391373
0
0
0
0
0
0
0
0
0
0
0
0
0
0
0.0331653
0.0331653
0
0
0.0398184
0
0.0358814
0.0362398
0
0
0
0
0.0457869
0
0
0
0
0
0
0.0348216
0.0348699
0
0
0
0
0
0
0
0
0
0.0363559
0
0.0398545
0
0
0
0
0.0333122
0
0
0
0
0
0.0331653
0.0733799
0
0
0
0.0391373
0.0391373
0.0391373
0.0391373
0
0
0
0
0.0331653
0.0331653
0.0331653
0.0331653
0.0331653
0.0331653
0.0331653
0.0331653
0.0331653
0.0331653
0.0331653
0.0331653
0.0331653
0.0892898
0.0892898
0
0
0
0
0
0.0331653
0.0331653
0.0331653
0.0331653
0.0331653
0.0331653
0.0331653
0.0331653
0.0331653
0.0331653
0.0458625
0.0458625
0
0.0458625
0
0.0458625
0.0331653
0.0331653
0.0331653
0.0331653
0
0
0.0331653
0
0
0
0
0.0331653
0
0
0
0
0
0
0
0
0
0
0
0
0
0
0
0.04589
0
0
0.04589
0
0
0
0
0.0331653
0.0331653
0.04589
0.04589
0.04589
0.04589
0.0331653
0.0331653
0.0331653
0.0331653
0.0460078
0.0331653
0.0331653
0.0395417
0.0395417
0.0395417
0
0.0395417
0.0395417
0
0
0
0
0
0
0
0
0
0
0.0331653
0.0331653
0.0331653
0.0331653
0.0331653
0.0331653
0.0331653
0.04589
0.04589
0.04589
0.04589
0.04589
0.04589
0.04589
0.04589
0.04589
0.0331653
0
0.0331653
0.0331653
0.0331653
0.0331653
0.0497959
0.0331653
0.033461
0
0
0
0
0
0
0
0
0
0
0
0
0
0
0
0
0
0
0
0
0
0
0
0
0
0
0
0.0457869
0
0
0
0
0
0
0
0
0
0
0
0
0
0
0
0
0
0
0.0399362
0
0
0
0
0
0
0
0
0
0
0
0
0
0
0
0
0
0
0
0
0
0
0
0
0
0
0
0
0
0
0
0.0358814
0
0.0348699
0
0
0
0
0
0
0.0331653
0.0411843
0.0362126
0
0.0722495
0.0332964
0
0.0331653
0.0331367
0.0331367
0.0331367
0.0331367
0.0331367
0.0331367
0.0331367
0.0331367
0.0331367
0.0331367
0.0331367
0.0331367
0.0331367
0.0331367
0.0331367
0.04589
0.04589
0.04589
0.04589
0.04589
0.04589
0.04589
0.04589
0.04589
0.04589
0.04589
0.04589
0.04589
0.04589
0.04589
0.04589
0.04589
0.04589
0.04589
0.04589
0.04589
0.0519775
0
0
0
0.04589
0.04589
0.04589
0.04589
0.04589
0
0
0
0
0
0.0464095
0
0.04589
0.0459039
0.0459039
0.0459039
0.0459039
0.0459039
0.0459039
0.0459039
0
0.0459039
0.0459039
0
0
0
0
0
0
0
0
0
0
0
0
0
0
0
0
0
0
0.0499554
0
0
0
0.0499554
0.0499554
0
0
0
0
0
0
0
0
0
0
0
0
0
0
0
0
0
0
0
0
0
0
0
0
0
0
0
0
0
0
0
0
0
0
0
0
0
0
0
0
0
0
0
0
0
0
0
0
0
0
0
0
0
0
0
0
0
0
0
0
0
0
0
0
0
0
0
0
0
0
0
0
0
0
0
0
0
0
0
0
0
0
0
0
0
0
0
0
0
0
0
0
0
0
0
0
0
0
0
0
0
0
0
0
0
0
0
0
0
0
0
0
0
0
0
0
0
0
0
0
0
0
0
0
0
0
0
0
0
0
0
0
0
0
0
0
0
0
0
0
0
0
0
0
0
0
0
0
0
0
0
0
0
0
0
0
0
0
0
0
0
0
0
0
0
0
0
0
0
0
0
0
0
0
0
0
0
0
0
0
0
0
0
0
0
0
0
0
0
0
0
0
0
0
0
0
0
0
0
0
0
0
0
0
0
0
0
0
0
0
0
0
0
0
0
0
0
0
0
0
0
0
0
0
0
0
0
0
0
0
0.115033
0
0.115033
0.115033
0.162527
0.162527
0
0
0
0
0
0
0
0
0
0
0
0
0
0
0
0
0
0
0
0
0
0
0
0
0
0
0
0
0
0
0
0
0
0
0
0
0.0535946
0.0535946
0.0535946
0.0535946
0
0.0535946
0.0535946
0.0535946
0.0535946
0
0
0
0.0535946
0.0535946
0.0535946
0
0
0.0556415
0
0
0.0556415
0
0
0
0
0
0
0.056382
0.056382
0
0
0.0551797
0
0
0
0.0544735
0.0544735
0
0.04589
0
0.04589
0.04589
0
0
0
0
0.0544966
0
0.0544966
0.0544966
0.0549413
0.0551797
0.0551797
0.145204
0.145204
0.145204
0
0.04589
0
0
0
0
0
0
0.04589
0
0
0
0
0
0
0
0
0
0
0
0
0
0
0
0
0
0
0
0.162527
0.162527
0.162527
0.162527
0.162527
0
0.162527
0.162527
0.162527
0
0
0.162527
0
0.162527
0
0.162527
0.162527
0
0.162527
0.0533543
0.0533543
0
0
0
0
0
0
0
0
0
0
0.0527256
0.0527256
0
0.0533543
0.0527256
0
0.0527256
0.0527256
0.0527256
0.0527256
0.0527256
0
0
0
0
0
0
0
0
0
0
0
0
0
0
0
0
0
0
0
0
0.0519875
0
0
0
0
0
0
0
0
0
0
0
0
0
0
0
0
0
0
0
0
0
0
0
0
0
0
0
0
0
0
0
0
0
0
0
0
0
0
0
0
0
0
0
0
0
0
0
0
0
0
0
0
0
0
0
0
0
0
0
0
0
0
0
0
0
0
0
0
0
0
0
0
0
0
0
0
0
0
0
0
0
0
0
0
0
0
0
0
0
0
0
0
0
0
0
0.0533543
0.0536607
0.0536607
0.0536607
0.0536607
0.0536607
0
0.0536607
0.0536607
0
0
0
0
0
0
0
0
0
0
0
0
0
0
0
0
0
0
0
0
0
0
0
0
0
0
0
0
0
0
0
0
0
0.0529999
0.0529999
0.0529999
0
0
0
0
0
0
0.0530959
0
0
0
0
0
0
0
0
0
0
0
0
0
0.0527046
0
0
0
0
0
0.052778
0
0.0528727
0.0528727
0.0528727
0
0
0.0528727
0
0
0.0528727
0.0527151
0
0.0528306
0
0
0.0528306
0
0
0.0528306
0
0
0.0528306
0.0528306
0.0528306
0
0
0.0528411
0
0.0528411
0
0
0.052281
0
0.052281
0.052281
0.052281
0.052281
0
0
0
0
0.052281
0.052281
0
0
0
0
0
0
0
0
0
0.052281
0
0
0
0
0
0
0
0
0
0
0
0
0
0
0
0
0
0
0
0
0
0
0
0
0
0
0
0
0
0
0
0
0
0
0
0
0
0
0
0
0
0
0
0
0
0
0
0
0
0
0
0
0
0
0
0
0
0
0
0
0
0
0
0
0
0
0
0
0
0
0
0
0
0
0
0
0
0
0
0
0
0
0
0
0
0
0
0
0
0
0
0
0
0
0
0
0
0
0
0
0
0
0
0
0
0
0
0
0
0
0
0
0
0
0
0
0
0
0
0
0
0
0
0
0
0
0
0
0
0
0
0
0
0
0
0
0
0
0
0
0
0
0
0
0
0
0
0
0
0
0
0
0
0
0
0
0
0
0
0
0
0
0
0
0
0
0
0
0
0
0
0
0
0
0
0
0
0
0
0
0
0
0.0521084
0.0521084
0.0521084
0.04589
0.04589
0.04589
0
0
0
0.0466833
0.0461898
0.0461898
0.0461898
0.0544043
0.0544043
0
0
0.04589
0.04589
0
0
0.04589
0.04589
0.04589
0.04589
0.04589
0.04589
0.04589
0
0
0
0.04589
0.04589
0
0.04589
0.04589
0.0535946
0.0535946
0.0535946
0.0535946
0.0535946
0.0539052
0.0539052
0.0535946
0.0535946
0
0
0
0
0
0
0.0331367
0.0331367
0.0331367
0.0331367
0.0331367
0.0331367
0.0331367
0.0331367
0.0331367
0.0331367
0.0331367
0.0331367
0.0331367
0.0331367
0.0331367
0.0331367
0.0331367
0.0331367
0.0331367
0.0331367
0.0331367
0.0331367
0.0331367
0.0331367
0.0331367
0.0331367
0.0331367
0.0331367
0.0331367
0.0331367
0.0331367
0.0331367
0.0331367
0.0331367
0.0331367
0.0331367
0.0331367
0.0331367
0.0331367
0.0331367
0.0331367
0.0331367
0.0331367
0.0331367
0.0331367
0.0331367
0.0331367
0.0331367
0.0331367
0.0331367
0.0331367
0.0331367
0.04589
0
0
0
0
0
0
0
0
0.04589
0.04589
0.04589
0.04589
0.04589
0.04589
0.04589
0.04589
0.04589
0.04589
0.04589
0.04589
0.04589
0.04589
0.04589
0.04589
0.04589
0.04589
0.04589
0.04589
0.04589
0.04589
0
0.0331367
0.0331367
0
0
0.0331367
0.0331367
0.0331393
0
0
0.0331367
0.0331367
0.0431302
0.0331367
0.0331367
0.0331367
0.0331367
0.0331367
0.0331367
0.0331367
0.0331367
0.0331367
0.0331367
0.0331367
0.0331367
0.0331367
0.0331367
0.0331367
0.0331367
0.0331367
0.0331367
0.0331367
0.0331367
0.0331367
0.0331367
0.0331367
0.0331367
0.0331367
0.0331653
0.0331653
0
0
0.0331367
0.0331367
0.0331653
0.0331653
0.0331367
0
0
0
0
0.04589
0.04589
0.04589
0.04589
0.04589
0.04589
0.04589
0.04589
0.04589
0.04589
0.04589
0.04589
0.04589
0.04589
0.04589
0.04589
0.04589
0.04589
0.04589
0.04589
0.04589
0
0.04589
0.0543469
0.04589
0.04589
0.04589
0.0459039
0.0459039
0.0459039
0.0459039
0.0459039
0.0459039
0.0459039
0.04589
0.04589
0.0547059
0
0
0
0
0.052281
0.052281
0
0
0
0
0
0
0
0
0
0
0
0
0
0
0
0
0
0
0.0518575
0.0518575
0.0518575
0.0518575
0
0
0
0
0.0520076
0.0520076
0.0520076
0
0
0
0
0
0.0520076
0.0520478
0.0520076
0.0520076
0.0520076
0.0520076
0.0520076
0
0
0
0
0
0
0
0
0
0
0
0.0459039
0.0459039
0.0459039
0
0.04589
0.04589
0.04589
0.04589
0
0
0
0.04589
0.04589
0.04589
0.04589
0.04589
0.04589
0.04589
0.04589
0.04589
0.04589
0.04589
0.0544735
0.0544735
0.0459039
0.0459108
0.0459039
0.0518575
0.0523526
0.0519074
0.04589
0.04589
0
0
0
0
0
0
0
0.04589
0.04589
0.04589
0.04589
0.04589
0.04589
0.04589
0
0
0
0
0.04589
0.04589
0.04589
0.0543469
0
0
0.0543469
0.0543469
0.0543469
0.04589
0.04589
0.0543469
0.0543469
0
0
0
0
0
0.04589
0.04589
0.04589
0.04589
0
0
0
0
0
0.0461336
0
0
0
0
0.0461336
0.0461336
0.0461336
0.0461336
0
0
0
0
0
0
0
0.0461336
0
0.0461336
0.0544735
0.0544735
0.0544735
0.04589
0.04589
0.04589
0.04589
0.04589
0.0331653
0.04589
0.04589
0
0
0
0
0
0
0
0
0
0
0
0
0
0
0
0
0
0
0
0.0328849
0
0
0
0
0
0
0.131631
0
0
0
0.131631
0
0
0.175605
0.175605
0.175605
0.175605
0.175605
0.175605
0.175605
0.175605
0.175605
0
0
0
0
0.175605
0.175605
0
0
0
0.175605
0.175605
0
0
0
0
0
0
0
0
0
0
0
0
0
0
0
0
0
0
0
0
0
0
0
0
0
0
0
0
0
0
0
0
0.175605
0.175605
0.175605
0
0
0
0
0
0
0
0
0
0
0
0
0.0643966
0.0643966
0.0639997
0.0639997
0.0639997
0.0639997
0.175605
0.0639997
0.0639997
0.0639997
0.0639997
0.0639997
0.0707866
0.0639997
0.0643204
0.0639997
0.0639997
0.0639997
0.0707866
0.0639997
0.0639997
0.0707866
0.0707866
0.0707866
0
0.0707866
0.0707866
0.0707866
0.0707866
0.0918907
0.0918907
0.0707866
0.0707866
0.0707866
0.0707866
0
0
0
0
0.0639997
0.0639997
0.0640184
0.0640184
0
0
0
0
0
0
0.0707866
0.0707866
0.0707866
0.0707866
0
0.0639997
0.0640184
0.0640184
0.0640184
0
0.0640372
0.0640372
0.0639997
0.0639997
0.06764
0.0639997
0.0791985
0.0791985
0.0639997
0.0640372
0.0639997
0
0
0
0
0
0
0
0
0
0
0
0
0
0
0
0.0643394
0.0643394
0.0643394
0.0643394
0.0643394
0.0710157
0.0710157
0.0710157
0.0710157
0.0710157
0.0646653
0.0646653
0.0648204
0.0843864
0.0843864
0.0843864
0.0843864
0
0.0843864
0.0646653
0.0643585
0
0.0648204
0.0648204
0.0843864
0
0
0
0
0
0
0
0
0
0
0
0
0
0
0
0
0
0
0
0
0
0
0.0331367
0.0328494
0.0328494
0.0328494
0.0328494
0.062905
0
0.0644348
0.0328823
0.0328823
0.0328823
0.0328823
0.0328823
0.0328823
0.0328823
0
0.131631
0.175219
0
0
0
0
0
0
0
0
0
0
0
0
0
0
0
0
0
0
0
0.0328849
0.0328849
0.0328849
0.0328849
0.0328849
0.0328849
0.0328849
0.0328849
0
0
0
0
0
0
0
0
0
0
0
0
0
0
0
0
0
0
0
0
0
0
0
0
0
0
0
0
0
0
0
0
0
0
0
0
0
0
0
0
0
0
0
0
0
0
0
0
0
0
0
0
0
0
0
0
0
0
0
0
0
0
0
0
0
0
0
0
0
0
0
0
0
0
0
0
0
0
0
0
0
0
0
0
0
0
0
0
0
0
0
0
0
0
0
0
0
0
0
0
0
0
0
0
0
0
0
0
0
0
0
0
0
0
0
0
0
0
0
0
0
0
0
0
0
0
0
0
0
0
0
0
0
0
0
0
0
0
0
0
0
0
0
0
0
0
0
0
0
0
0
0
0
0
0
0
0
0
0
0
0
0
0
0
0
0
0
0
0
0
0
0
0
0
0
0
0
0
0
0
0
0
0
0
0
0
0
0
0
0
0
0
0
0
0.100215
0.100215
0.100215
0.100215
0.100215
0.100215
0
0
0
0
0
0
0
0
0
0
0
0
0
0
0
0
0
0
0
0
0
0
0
0
0
0
0
0
0
0
0
0
0
0
0
0
0
0
0
0
0
0
0
0
0
0
0
0
0
0
0
0
0
0
0
0
0
0
0
0
0
0
0
0
0
0
0
0
0
0
0
0
0
0
0
0
0
0
0
0
0
0
0
0
0
0
0
0
0
0
0
0
0
0
0
0
0
0
0
0
0
0
0
0
0
0
0
0
0
0
0
0
0
0
0
0
0
0
0
0
0
0
0
0
0
0.112104
0.112104
0.100215
0.100215
0.100215
0.100215
0.100215
0.100215
0.100215
0.100215
0.100215
0
0
0
0
0
0
0
0
0
0
0
0
0.100215
0.100215
0.100215
0
0
0.103695
0.103695
0
0
0
0.100215
0
0
0.100215
0.100215
0.100215
0.100215
0.101684
0.101684
0.101684
0.101684
0.101684
0.101684
0
0.101684
0
0.100215
0
0
0
0
0
0
0
0
0
0
0
0
0.176777
0.176777
0.176777
0.131631
0.176777
0
0
0
0
0
0
0
0
0
0
0
0
0
0
0
0
0
0
0
0
0
0
0
0
0
0
0
0
0
0
0
0
0
0
0
0
0.0651536
0.0651536
0.0651536
0.0651536
0.0644539
0
0
0
0
0
0
0
0
0
0
0
0
0.0651536
0.0651734
0.0651734
0.0651734
0.0651734
0.0651734
0.0651734
0.0651734
0.0651734
0
0.0651734
0.0651932
0.0651734
0.0651734
0.0651734
0.0651734
0.0651734
0.0651734
0
0.0651734
0.0651734
0
0
0
0
0
0
0
0
0
0
0
0
0
0
0
0
0
0
0
0
0
0
0
0
0
0
0
0
0
0
0
0
0
0
0
0
0.0643966
0.0643966
0.0643966
0.0643966
0
0
0
0
0.0643966
0.0643966
0.0643966
0
0
0
0
0
0
0
0
0.0712988
0.0712988
0.0644348
0.0644348
0.0643966
0.0644348
0.0644348
0.0644348
0.0644348
0.0644348
0.0644348
0
0
0
0
0.0644348
0.0712988
0.0712988
0
0.0712988
0
0
0
0
0
0
0
0
0
0.0643966
0
0.0643966
0.0643966
0.0643966
0.0643966
0.0643966
0.0712988
0.0643966
0
0
0
0
0
0
0
0
0
0
0.0643966
0.0643966
0.0643966
0.0643966
0.0643966
0
0
0
0
0
0
0
0
0
0
0
0
0
0
0
0
0
0
0
0
0.0643966
0.0643966
0.0643966
0.0643966
0.0678621
0
0.0678621
0
0
0
0
0
0
0.0643966
0.0712988
0.0712988
0.0712988
0.0712988
0
0
0.0712988
0.0712988
0
0
0
0
0
0
0
0
0
0.0712988
0
0
0
0
0.131631
0
0.131631
0
0
0.133291
0.133291
0.133291
0.133291
0.133291
0.0328849
0.0328849
0.0328849
0.0328849
0.0328849
0.0328849
0.0328849
0.133291
0.133291
0.133291
0.155097
0.133291
0.133291
0.133291
0.133291
0
0
0
0
0
0
0
0
0
0.133291
0
0.133291
0.133291
0.133291
0.133291
0
0
0.133291
0
0
0
0.133291
0.133291
0
0
0
0
0
0
0
0
0
0
0
0
0
0
0
0
0
0
0
0
0.133291
0.133291
0.133291
0
0.135015
0.135015
0.135015
0.135015
0.135015
0.135015
0.135192
0.135192
0.135015
0.135015
0.135015
0.135192
0.135192
0.135192
0.135192
0.135192
0
0.131631
0
0
0
0
0
0
0
0
0
0
0
0
0
0
0
0
0
0
0
0
0
0
0
0
0
0.150027
0.150027
0.150027
0.150027
0.150027
0.150027
0.150027
0.150027
0.218964
0.218964
0
0.218964
0.218964
0.150027
0.150027
0.150027
0.150027
0.150027
0.150027
0
0
0
0
0
0
0
0
0
0
0
0
0
0
0
0
0
0
0
0
0
0
0
0
0
0
0
0
0
0
0
0
0
0
0
0
0
0
0
0
0
0
0
0
0
0
0
0
0
0
0
0
0
0
0
0
0
0
0
0
0
0
0
0
0
0
0
0
0
0
0
0
0
0
0
0
0
0
0
0
0
0
0
0
0
0
0
0
0
0
0
0
0
0
0
0
0
0
0
0
0
0
0
0
0
0
0
0
0
0
0
0
0
0
0
0
0
0
0
0
0
0
0
0
0
0
0
0
0
0
0
0
0
0
0
0
0
0
0
0
0
0
0
0
0
0
0
0
0
0
0
0
0
0
0
0
0
0
0
0
0.131631
0
0.0328823
0
0
0
0.0328823
0.0328823
0.0328823
0.0328823
0.0328823
0.0328823
0
0
0
0.0328823
0.0328976
0.0328976
0.0328976
0.0328823
0
0
0
0.165359
0.165359
0.165359
0.165359
0.0328849
0.165359
0.165359
0.165359
0.165359
0.168345
0
0
0
0
0
0
0
0
0
0
0
0
0
0
0
0
0
0
0
0
0
0
0
0.165359
0
0
0
0.0328798
0
0.0328798
0.0328798
0.0328798
0.0328798
0.0328798
0.0328798
0
0.0328798
0
0.0328798
0
0.169031
0.169031
0.169031
0.170075
0.170075
0.169031
0.169031
0.169031
0.169031
0.169031
0.169031
0.169031
0.181284
0.181284
0.188025
0
0
0
0
0
0
0
0
0
0
0
0
0
0
0
0
0
0
0
0
0
0
0
0.131631
0.176777
0
0
0
0
0
0
0
0
0
0
0
0
0
0
0
0
0
0
0
0
0
0
0
0
0
0
0
0
0
0
0
0
0
0
0
0
0
0
0
0.131631
0
0
0
0
0
0
0
0
0
0.032857
0.032857
0.032857
0.131631
0
0
0
0
0
0
0
0
0.131631
0
0
0
0
0
0
0
0
0
0.0328849
0.0328849
0.0328849
0.0328849
0.0328849
0.0328849
0.0328849
0.0328849
0.0328849
0.0328849
0.0328849
0.0328849
0.0328849
0
0
0
0
0
0
0
0
0
0
0
0
0
0
0
0
0
0
0
0
0
0
0
0
0
0
0
0
0
0
0
0
0
0
0
0
0
0
0
0
0
0
0
0
0
0
0
0
0
0
0
0
0
0
0
0
0
0
0
0
0
0
0
0
0
0
0
0
0
0
0
0
0
0
0
0
0
0
0
0
0
0
0
0
0
0
0
0
0
0
0
0
0
0
0
0
0
0
0
0
0
0
0
0
0
0
0
0
0
0
0
0
0
0
0
0
0
0
0
0
0
0
0
0
0
0
0
0
0
0
0
0
0
0
0
0
0
0
0
0
0
0
0
0
0
0
0
0
0
0
0
0
0
0
0
0
0
0
0
0
0
0
0
0
0
0
0
0
0
0
0
0
0
0
0
0
0
0
0
0
0
0
0
0
0
0
0
0
0
0
0
0
0
0
0
0
0
0
0
0
0
0.131631
0
0
0.131631
0
0.032987
0
0.137732
0.137732
0
0
0.131631
0.137732
0.137732
0.131631
0
0
0
0
0
0
0
0
0.131631
0
0.131631
0
0
0
0
0.131631
0
0
0
0
0.131631
0
0.131631
0
0.131631
0.13925
0.131631
0
0.131631
0
0.131631
0
0
0
0
0
0
0.131631
0
0.131631
0
0.131631
0.14062
0.131631
0
0.131631
0.212512
0.131631
0
0.131631
0
0.131631
0
0.131631
0
0.131631
0
0.131631
0
0.131631
0
0
0
0.131631
0
0.131631
0
0.131631
0
0
0
0
0
0
0
0
0
0
0.131631
0
0.131631
0
0.131631
0
0.131631
0
0.131631
0
0.131631
0
0.131631
0
0.131631
0
0.131631
0
0
0.131631
0
0
0
0.131631
0
0.131631
0
0.131631
0
0.131631
0
0.131631
0
0.131631
0
0.131631
0
0.131631
0
0.131631
0
0.131631
0
0.131631
0
0.131631
0
0.131631
0
0.131631
0
0.131631
0
0.131631
0
0.131631
0.176777
0.131631
0.186617
0.131631
0
0
0
0
0
0
0
0
0.131631
0
0
0
0
0
0
0
0
0.131631
0.176777
0.131631
0
0.137732
0.137732
0.137732
0.137732
0.137732
0.127887
0.127887
0
0
0
0
0
0
0
0
0
0
0
0
0
0
0
0
0
0
0
0
0
0
0
0
0
0
0
0
0
0
0
0
0
0
0
0
0
0
0
0
0
0
0
0.135546
0.135546
0.135724
0
0
0
0
0
0
0
0
0
0
0
0
0
0
0
0
0
0
0
0
0
0
0
0
0
0
0
0
0
0
0
0
0
0
0
0
0
0
0
0
0
0
0
0
0
0
0
0
0
0
0
0
0
0
0.137546
0.137546
0.137546
0.137546
0.135015
0.135015
0.135015
0.135015
0.135015
0.135015
0.135015
0.135015
0.135015
0.135015
0.135015
0.135015
0.133122
0.133122
0.133122
0.133122
0
0
0
0
0
0.137176
0.137176
0.137176
0.137176
0.137176
0
0
0
0.137176
0
0
0.137176
0.137176
0
0.137176
0.136263
0.136263
0
0
0
0
0
0.135192
0.135192
0.135192
0.137546
0.137546
0.135192
0.135192
0.135368
0.137546
0.137546
0.135368
0
0.135368
0.138107
0.135192
0.135192
0.135192
0.135192
0.135192
0.135192
0.135192
0.135192
0.135192
0.135192
0.135192
0
0
0.135192
0.135192
0
0.135192
0.135192
0.135192
0.135192
0
0.135192
0.135192
0.135192
0
0.135192
0.135015
0
0
0
0
0
0
0
0
0
0.0328216
0.0328216
0.0328216
0.0328216
0.0328216
0.0328216
0.0328216
0.0328216
0.0328216
0
0
0
0
0
0
0
0
0
0
0
0
0
0
0
0
0
0
0
0
0
0
0
0
0
0
0
0
0
0
0
0
0
0
0
0
0
0
0
0
0
0
0
0
0
0
0
0
0
0
0
0
0
0
0
0
0
0
0
0
0
0
0
0
0
0
0
0
0
0
0
0
0
0
0
0
0
0
0
0
0
0
0
0
0
0
0
0
0
0
0
0
0
0
0
0
0
0
0
0
0
0
0
0
0
0
0
0
0
0
0
0
0
0
0
0
0
0
0
0
0
0
0
0
0
0
0
0
0.0328216
0.0328216
0.0328216
0
0
0
0
0
0
0
0
0
0
0
0
0
0
0
0
0
0
0
0
0
0
0
0
0
0
0
0
0
0
0
0
0
0
0
0
0
0
0
0
0
0
0
0
0
0
0
0
0
0
0
0
0
0.0328849
0.0328849
0.0328849
0.0328849
0.0328849
0.0328849
0.0328849
0.0328849
0.0328849
0.0328849
0.0328849
0.0328849
0.0328849
0
0
0
0
0
0
0
0
0
0
0
0
0
0
0
0
0
0
0
0
0
0
0
0
0
0
0
0
0
0
0
0
0
0
0
0
0
0
0
0
0
0
0
0
0
0
0
0
0
0
0
0
0
0
0
0
0
0
0
0
0
0
0
0
0
0
0
0
0
0.0420916
0.0420916
0.0420916
0.0420916
0.0420916
0.0420916
0
0
0
0
0
0
0
0.0420916
0.0420916
0.0420916
0
0
0
0
0
0
0
0
0
0
0.0420916
0.0420916
0.0420916
0.0420916
0.0420916
0
0
0
0
0
0
0
0
0
0
0
0
0
0
0
0
0
0
0
0
0
0
0
0
0
0
0
0
0
0
0
0
0
0
0.0420916
0.0420916
0.0420916
0.0420916
0
0
0
0
0
0
0
0
0
0.0420916
0
0
0
0
0
0
0
0
0
0
0
0
0
0
0
0
0
0
0
0
0
0
0
0
0
0
0
0
0
0
0
0
0
0
0
0
0
0
0
0
0
0
0
0.0420916
0.0420916
0.0420916
0.0420916
0.0420916
0.0420916
0
0
0
0.0420916
0
0
0
0
0.0420916
0.0420916
0.0420916
0.0420916
0.0420916
0.0420916
0.0420916
0.0420916
0
0
0.0420916
0
0
0
0
0
0
0
0
0
0
0
0
0
0
0
0
0
0
0
0
0
0
0
0
0
0
0
0
0
0
0
0
0
0
0
0
0
0
0
0
0
0
0
0
0
0
0
0
0
0
0
0
0
0
0
0
0
0
0
0
0
0
0
0
0
0
0
0
0
0
0
0
0
0
0
0
0
0
0
0
0
0
0
0
0
0
0
0
0
0
0
0
0
0
0
0
0
0
0
0
0
0
0
0
0
0
0
0
0
0
0
0
0
0.135546
0.135546
0.135546
0
0
0
0
0
0
0
0
0
0
0
0
0
0
0
0
0
0
0
0
0
0
0
0
0
0
0
0
0
0
0
0
0
0
0
0
0
0
0
0
0
0
0
0
0
0
0
0.135546
0.0328494
0.0328494
0.0534741
0.0534741
0.0420916
0
0
0
0
0
0
0
0
0
0
0
0
0
0
0
0
0
0
0
0
0
0
0
0
0
0
0
0
0
0
0
0
0
0
0
0
0
0
0
0
0
0
0
0
0
0
0
0
0
0
0
0
0
0
0
0
0
0
0
0
0
0
0
0
0
0
0
0
0
0
0
0
0
0
0
0
0
0
0
0
0
0
0
0
0
0
0
0
0
0
0
0
0
0
0
0
0
0
0
0
0
0
0
0
0
0
0
0
0
0
0
0
0
0
0
0
0
0
0
0
0
0
0
0
0
0
0
0
0
0
0
0
0
0
0
0
0
0
0
0
0
0
0
0
0
0
0
0
0
0
0
0
0
0
0
0
0
0
0
0
0
0
0
0
0
0
0
0
0
0
0
0
0
0
0
0
0
0
0
0
0
0
0
0
0
0
0
0
0
0
0
0
0
0
0
0
0
0
0
0
0
0
0
0
0
0
0
0
0
0
0
0
0
0
0
0
0
0
0
0
0
0
0
0
0
0
0
0
0
0
0
0
0
0
0
0
0
0
0
0
0
0
0
0
0
0
0
0
0
0
0
0
0
0
0
0
0
0
0
0
0
0
0
0
0
0
0
0
0
0
0
0
0
0
0
0
0
0
0
0
0
0
0
0
0
0
0
0
0
0
0
0
0
0
0
0
0
0
0
0
0
0
0
0
0
0
0
0
0
0
0
0
0
0
0
0
0
0
0
0
0
0
0
0
0
0
0
0
0
0
0
0
0
0
0
0
0
0
0
0
0
0
0
0
0
0
0
0
0
0
0
0
0
0
0
0
0
0
0
0
0
0
0
0
0
0
0
0
0
0
0
0
0
0
0
0
0
0
0
0
0
0
0
0
0
0
0
0
0
0
0
0
0
0
0
0
0
0
0
0
0
0
0
0
0
0
0
0
0
0
0
0
0
0
0
0
0
0
0
0
0
0
0
0
0
0
0
0
0
0
0
0
0
0
0
0
0
0
0
0
0
0
0
0
0
0
0
0
0
0
0
0
0
0
0
0
0
0
0
0
0
0
0
0
0
0
0
0
0
0
0
0
0
0
0
0
0
0
0
0
0
0
0
0
0
0
0
0
0
0
0
0
0
0
0
0
0
0
0
0
0
0
0
0
0
0
0
0
0
0
0
0
0
0
0
0
0
0
0
0
0
0
0
0
0
0
0
0
0
0
0
0
0
0
0
0
0
0
0
0
0
0
0
0
0
0
0
0
0
0
0
0
0
0
0
0
0
0
0
0
0
0
0
0
0
0
0
0
0
0
0
0
0
0
0
0
0
0
0
0
0
0
0
0
0
0
0
0
0
0
0
0
0
0
0
0
0
0
0
0
0
0
0
0
0
0
0
0
0
0
0
0
0
0
0
0
0
0
0
0
0
0
0
0
0
0
0
0
0
0
0
0
0
0
0
0
0
0
0
0
0
0
0
0
0
0
0
0
0
0
0
0
0
0
0
0
0
0
0
0
0
0
0
0
0
0
0
0
0
0
0
0
0
0
0
0
0
0
0
0
0
0
0
0
0
0
0
0
0
0
0
0
0
0
0
0
0
0
0
0
0
0
0
0
0
0
0
0
0
0
0
0
0
0
0
0
0
0
0
0
0
0
0
0
0
0
0
0
0
0
0
0
0
0
0
0
0
0
0
0
0
0
0
0
0
0
0
0
0
0
0
0
0
0
0
0
0
0
0
0
0
0
0
0
0
0
0
0
0
0
0
0
0
0
0
0
0
0
0
0
0
0
0
0
0
0
0
0
0
0
0
0
0
0
0
0
0
0
0
0
0
0
0
0
0
0
0
0
0
0
0
0
0
0
0
0.0328823
0.0328823
0.0328823
0.0328823
0.0328823
0.0328823
0.0328823
0.0328823
0.0328823
0.0328823
0.0328874
0.0328925
0.0328925
0
0.0328925
0.0328925
0.0328874
0.0328874
0.0328874
0.0328874
0.0328874
0.0328823
0.0328925
0.0328925
0.0328823
0.0623091
0.0623091
0.0623091
0.190941
0
0.19144
0.0624477
0.0640184
0.0760915
0.0760915
0.0760915
0.154042
0
0.154303
0
0.154303
0.0761545
0
0.0328925
0.0329511
0
0.046553
0
0.046553
0.0475728
0
0
0
0
0
0
0
0
0.0328494
0
0.0331029
0.0331029
0.0331029
0.0331029
0.0331029
0.0331029
0.0331367
0.0331367
0.0331367
0.0331367
0
0
0
0.0332097
0.0332097
0
0
0
0.0331367
0.0331367
0.0331367
0
0
0.0331367
0
0.0331679
0.0331367
0.0331367
0
0
0
0
0
0
0
0
0
0
0
0
0
0
0
0
0
0
0
0
0
0
0
0.0433439
0.0433439
0.0433439
0.0433439
0.0433439
0
0.0433439
0.0433439
0.0433439
0.0433439
0.0433439
0
0.0433439
0.0433439
0.0433439
0.0433439
0
0.0433439
0
0
0
0
0
0
0
0
0
0
0
0
0
0
0
0
0
0
0
0
0
0.0328823
0
0
0
0
0
0
0
0
0
0
0
0
0
0.216025
0.216025
0.216025
0
0
0
0
0
0
0
0
0
0
0
0
0
0
0
0
0
0
0
0
0
0
0
0
0
0
0
0
0
0.0328494
0.0328494
0.0328494
0
0
0
0
0
0
0
0
0
0
0
0
0
0
0
0
0
0
0
0
0
0.0328494
0.0328494
0.0328494
0.0328494
0.0328494
0.0328468
0.0328468
0.0328468
0.0328468
0.0328468
0.0328494
0.0328494
0.0328494
0.0328494
0
0
0
0
0
0
0
0
0
0
0
0
0
0.0328849
0
0
0
0
0
0
0
0
0
0
0
0
0
0
0
0
0
0
0
0
0
0
0
0.0328976
0
0.0328976
0.0328976
0.0328976
0.0328976
0
0.133291
0.133291
0.133291
0.133291
0.133291
0.133291
0.133291
0.133291
0.133291
0
0
0
0
0
0
0
0
0
0
0.133291
0.133291
0.133291
0.133291
0.133291
0.133291
0
0
0
0
0
0
0
0
0
0
0
0
0
0
0
0
0.133291
0
0.133291
0
0
0
0
0
0
0
0
0
0.133291
0.232945
0.255774
0
0
0.255774
0.133291
0.133291
0.133291
0
0
0
0.133291
0
0
0
0
0
0
0
0
0
0
0
0
0
0
0
0
0
0.0328798
0.0328798
0.0328798
0.0328798
0.0328798
0.20292
0.20292
0
0
0
0
0
0
0
0.0421664
0
0
0
0
0.0651734
0.0651734
0.0651734
0
0
0
0
0
0
0.0651734
0
0
0
0
0
0
0
0
0
0
0
0
0
0
0
0
0
0
0
0
0
0
0
0
0
0
0
0
0
0
0
0
0
0
0
0
0
0
0
0
0
0
0
0
0
0
0
0
0
0
0
0
0
0.205971
0.205971
0.205971
0.205971
0
0
0
0
0
0
0
0
0
0
0
0
0
0
0
0
0
0
0
0.216025
0.216025
0.216025
0.216025
0.216025
0.216025
0.216025
0.216025
0.216025
0.216025
0.216025
0.216025
0
0
0.216025
0
0
0.216025
0
0
0
0
0
0
0
0
0
0
0
0
0
0
0
0
0
0
0
0
0
0
0
0
0
0
0
0
0
0
0
0
0
0
0
0
0
0
0
0
0
0
0
0
0
0
0
0
0
0
0
0
0
0
0
0
0
0
0
0
0
0
0
0
0
0
0
0
0
0
0
0
0
0
0
0
0
0
0
0
0
0
0
0
0
0
0
0
0
0
0
0
0
0
0
0
0
0
0
0
0
0
0
0
0.0330771
0
0
0
0
0
0
0
0
0
0
0
0
0.0330771
0.0330771
0.0330771
0.0330771
0.0651734
0.0651734
0.0651734
0.0651734
0.0328722
0.0328722
0.0479385
0.0479385
0.0481046
0.0546825
0.0479385
0.0479385
0.0479385
0.0479385
0.0479385
0.0479385
0.054324
0.054324
0.054324
0.054324
0.054324
0.054324
0.054324
0
0.054324
0.054324
0.0727393
0.0727393
0.0727393
0.054324
0.054324
0.0483449
0.0483449
0.0479385
0.0479385
0.0528622
0.0528622
0.0528622
0.0528622
0.0528622
0.0528622
0.0528622
0.0591756
0
0.0591756
0.0591756
0
0.0591756
0.0591756
0
0
0
0
0
0
0
0.0483691
0.0483691
0.0479385
0.0479542
0.0479542
0.0479542
0.0479542
0.0479542
0.0479542
0.0479385
0.0488615
0.0488615
0.0488615
0.0488615
0
0.0488615
0.0488615
0
0
0
0
0
0
0
0
0
0
0
0
0
0
0
0
0
0
0
0
0
0
0
0
0
0
0
0
0
0
0
0
0
0
0
0
0
0
0
0
0
0
0
0
0
0
0
0
0
0
0
0
0
0
0
0
0
0
0
0
0.135015
0.135015
0
0.135015
0.135192
0
0
0
0.135015
0
0
0
0.0328064
0
0
0
0
0
0
0
0
0
0
0
0
0
0
0
0
0
0
0
0
0
0
0
0
0
0
0
0
0
0
0
0
0
0
0
0
0
0
0
0
0
0
0
0
0
0
0
0
0
0
0
0
0
0
0
0
0
0.0328216
0
0
0
0
0
0
0
0
0
0
0
0
0.0328849
0
0
0
0
0
0
0
0
0
0
0
0
0
0
0
0
0
0
0
0
0
0
0
0
0
0
0
0
0
0
0
0
0
0
0
0
0
0
0
0
0
0
0
0
0
0
0
0
0
0
0
0
0
0
0
0
0
0
0
0
0
0
0
0
0
0
0
0
0
0
0
0
0
0
0
0
0
0
0
0
0
0
0
0.0433439
0.0433439
0.0433439
0.0433439
0.0433439
0.0433439
0.0433439
0.0433439
0.0433439
0.0433439
0.0433439
0.0433439
0.0433439
0.0433439
0
0
0
0
0
0
0
0
0.0433439
0.0433439
0
0
0
0
0
0.0433439
0
0
0
0
0
0
0
0
0
0
0
0
0
0
0
0
0
0
0
0
0
0
0
0.0433439
0.044188
0
0
0.0433439
0.0433439
0.0433439
0.0433439
0.0433439
0.0433439
0.0433439
0.0433439
0.0433439
0.0433439
0.0433439
0.0433905
0.0433905
0.0436971
0.0436971
0.0441265
0.0441265
0
0
0.0437449
0.0437449
0.0438589
0.0438589
0.0441326
0.0441326
0.0441326
0.0441326
0.0441326
0.0441265
0.0441265
0.0433439
0
0.0433439
0.0433439
0.043608
0.043608
0.043608
0.043608
0.043608
0.043608
0.043608
0.043608
0.043608
0.0444366
0.0444366
0.0444366
0
0
0
0
0
0
0
0
0.0491643
0
0
0
0.0491643
0.0491643
0.0609873
0.0609873
0.0609873
0.0491643
0.0491643
0.0460915
0
0
0
0
0
0
0
0
0
0
0.0460915
0.0444617
0.0444617
0.043608
0.043608
0.043608
0
0
0
0
0
0
0
0
0
0
0
0
0
0
0.0328823
0.0328823
0.0328823
0.0328823
0.0328874
0.0328874
0.0329435
0.0328874
0.176777
0.176777
0.176777
0.176777
0.176777
0.176777
0.278887
0.278887
0
0
0
0.176777
0.136626
0.136626
0.136626
0.136626
0.136626
0.136626
0.0328849
0.136626
0.136626
0
0.136626
0
0
0.136626
0
0.136626
0.136626
0.136626
0.148134
0.136626
0
0.136626
0.136626
0.136626
0
0
0
0
0
0
0
0
0.136626
0
0
0
0
0
0
0
0
0
0
0
0
0
0
0
0
0
0
0
0
0
0
0
0
0
0
0
0
0
0
0
0
0
0
0
0
0
0
0
0
0
0
0
0
0
0
0
0
0
0
0
0
0
0.129875
0.129875
0.144769
0.147442
0.155632
0.155632
0.155632
0.155632
0
0
0.155632
0
0
0
0
0
0.129875
0
0
0
0
0
0
0
0
0
0
0
0
0
0
0.212512
0.212512
0.212512
0.212512
0.212512
0.032857
0
0.032857
0
0
0
0
0
0
0
0
0
0
0
0
0
0
0
0
0
0
0
0
0
0
0
0
0
0
0
0
0
0
0
0
0
0
0
0
0
0
0
0
0
0
0
0
0
0
0
0
0
0
0
0
0
0
0
0
0
0
0
0
0
0
0
0
0
0
0
0
0
0
0
0
0
0
0
0
0
0
0
0
0
0
0
0
0
0
0
0
0
0
0
0
0
0
0
0
0
0
0
0
0
0
0
0
0
0
0
0
0
0
0
0
0
0
0
0
0
0
0
0
0
0
0
0
0
0
0
0
0
0
0
0
0
0
0
0
0
0
0
0
0
0
0
0
0
0
0
0
0
0
0
0
0
0
0
0
0
0
0
0
0
0
0
0
0
0
0
0
0
0
0
0
0
0
0
0
0
0
0
0
0
0
0
0
0
0
0
0
0
0
0
0
0
0
0
0
0
0
0
0
0.0331523
0.0331523
0.0331523
0.0331523
0
0
0
0
0
0
0
0.157274
0.157274
0
0.183892
0
0.157274
0
0
0
0.0354983
0.0354983
0.0354983
0.0354983
0.0354983
0.065432
0.0691951
0.0690066
0.0690066
0
0
0
0.0690066
0.0678621
0.0687963
0.086618
0
0.0469249
0.0469249
0
0
0.0651734
0.0651734
0.0651734
0.0651734
0.0651734
0.0651734
0.0651734
0.0651932
0.096225
0.0652725
0.0652725
0.0652725
0.0654921
0.0652725
0.0652725
0.0652725
0
0
0
0
0.0651734
0
0
0
0
0
0
0
0
0
0
0
0
0
0
0
0
0
0
0
0
0
0
0
0
0
0
0
0
0
0
0
0
0
0
0
0
0
0
0
0
0
0
0
0
0
0
0
0
0
0
0
0
0
0
0
0
0
0
0
0
0
0
0
0
0
0
0
0
0
0
0
0
0
0
0
0
0
0
0
0
0
0
0
0
0
0
0
0
0
0
0
0
0
0
0
0
0
0
0
0
0
0
0
0
0
0
0
0
0
0
0
0
0
0
0
0
0
0
0
0
0
0
0
0
0
0
0
0
0
0
0
0
0
0
0
0
0
0
0
0
0
0
0
0
0
0
0
0
0
0
0
0
0
0
0.0420916
0.0420916
0.0328874
0.0328874
0.0328874
0.0328874
0.0328874
0.0328874
0.0328874
0.0328874
0.0328874
0.0328874
0.0328874
0
0
0
0
0
0
0
0
0
0
0
0
0
0
0
0.0328849
0.0328849
0.0328849
0.0328849
0.0328849
0.0328849
0.0328849
0.0328849
0.0328849
0.0328849
0.0328849
0.0328849
0.0328849
0.0328849
0.0328849
0.0328849
0.0328849
0.0328849
0.0328849
0.0328849
0.0328849
0.0328849
0.0328849
0.0328849
0.0328849
0.0328849
0.0328849
0.0328849
0.0328849
0.0328849
0.0328849
0.0328849
0.0328849
0.0328849
0.0328849
0.0328849
0.0328849
0.0328849
0.0328849
0.0328849
0.0328925
0
0
0
0
0
0.14062
0.14062
0.14062
0.14062
0.14062
0
0
0
0
0
0
0
0
0
0
0
0
0
0
0
0
0
0
0
0
0
0
0
0
0
0
0
0
0
0
0
0
0
0
0
0
0
0
0
0
0
0
0
0
0
0
0
0
0
0
0
0
0
0
0
0
0
0
0
0
0
0
0
0
0
0
0
0
0
0
0
0
0
0
0
0
0
0
0
0
0
0
0
0
0
0
0
0
0
0
0
0
0
0
0
0
0
0
0
0
0
0
0
0
0
0
0
0
0
0
0
0
0
0
0
0
0
0
0
0
0
0
0
0
0
0
0
0
0
0
0
0
0
0
0
0
0
0
0
0
0
0
0
0
0
0
0
0
0
0
0
0
0
0
0
0
0
0
0
0
0
0
0
0
0
0
0
0
0
0
0
0
0
0
0
0
0
0
0
0
0
0
0
0
0
0
0
0
0
0
0
0
0
0
0
0
0
0
0
0
0
0
0
0
0
0
0
0
0
0
0
0
0
0
0
0
0
0
0
0
0
0
0
0
0
0
0
0
0
0
0
0
0
0
0
0.0328849
0
0
0
0
0
0
0
0
0
0
0
0
0
0
0
0
0
0
0
0
0
0
0
0
0
0
0
0
0
0
0
0
0
0
0
0
0
0
0
0
0
0
0
0
0
0
0
0
0
0
0
0
0
0.0328494
0.0328494
0.0328494
0
0
0
0
0
0
0
0
0
0
0
0
0
0
0
0
0
0
0
0
0
0
0
0
0
0
0.0328849
0.0328849
0.0328849
0.0328849
0.0328849
0.0328849
0.0328849
0.0328849
0.0328849
0
0
0
0
0
0
0
0
0
0
0
0
0
0
0
0
0
0
0
0
0
0
0
0
0
0
0
0
0
0
0
0
0
0
0
0
0
0
0
0
0
0
0
0
0
0
0
0
0
0
0
0
0
0
0
0
0
0
0
0
0
0
0.285299
0.285299
0.285299
0.285299
0.285299
0.285299
0.285299
0.285299
0.285299
0.285299
0.285299
0.285299
0
0
0
0
0
0
0
0
0
0.0328849
0.0328849
0.0328849
0
0
0
0
0
0
0
0
0
0
0
0
0
0
0
0
0
0
0
0
0
0
0
0
0
0
0
0
0
0
0
0
0
0
0
0
0
0
0
0
0
0
0
0
0
0
0
0
0
0
0
0
0
0
0
0
0
0
0
0
0
0
0
0
0
0
0
0
0
0
0
0
0
0
0
0
0
0
0
0
0
0
0
0
0
0
0
0
0
0
0
0
0
0
0
0
0
0
0
0
0
0
0
0
0
0
0
0
0
0
0
0
0
0
0
0
0
0
0
0
0
0
0
0
0
0
0
0
0
0
0
0
0
0
0
0
0
0
0
0
0
0
0
0
0
0
0
0
0
0
0
0
0
0
0
0
0
0
0
0
0
0
0
0
0
0
0
0
0
0
0
0
0
0
0
0
0
0
0
0
0
0
0
0
0
0
0
0
0
0
0
0
0
0
0
0
0
0
0
0
0
0
0
