0
0
0
0
0.0220702
0
0
0
0
0
0
0
0
0
0
0
0
0
0
0
0
0
0
0
0
0
0
0
0
0
0
0
0
0
0
0
0
0.0239732
0.0239801
0.0220487
0.0220487
0.0220487
0.0220487
0
0
0
0.0222058
0.0222058
0.0222058
0.0222058
0.0222058
0.0222058
0.0222058
0.0222058
0.0258256
0.0222058
0.0222058
0.0222058
0.0222058
0.0222058
0.0222058
0
0
0
0
0
0
0
0
0.0222076
0.0222076
0.0222076
0.0222076
0.0222076
0.0222076
0.0222076
0
0
0.0222076
0
0
0.0270435
0
0.0270435
0.0270435
0.0270435
0.0270435
0.0270435
0.0270435
0.0270435
0.0270435
0.0270435
0.0270435
0.0270501
0.0270501
0
0
0.0270501
0
0
0
0
0
0
0
0
0.0352746
0.0352746
0.0352746
0.0352746
0.0352746
0.0352746
0.0352746
0.0352746
0
0
0
0
0
0
0
0
0
0
0
0
0
0
0
0
0
0
0
0
0
0
0
0
0
0
0
0
0
0
0
0
0.0336336
0.0266249
0
0
0.0340338
0.0222076
0.0222076
0.0222076
0.027417
0.027417
0.0274239
0
0
0
0.0222076
0.0222076
0.0222405
0.0222405
0.0222076
0.0222076
0.0222113
0.0244876
0.0244876
0.0222113
0.0222241
0.0222241
0.0222241
0.0222241
0.0222113
0.0222113
0.0222113
0.0244876
0.0244876
0.0244876
0.0244876
0.0244876
0.0260466
0.0244876
0.0244876
0.0244876
0.0292394
0.0244876
0.0244876
0.0244876
0.0244876
0.0244876
0.0244876
0.0244876
0.0522471
0
0.0598684
0.0982156
0.070014
0.0222076
0.0222076
0.0222076
0.0222076
0.0258256
0.0222076
0.0337933
0.0337933
0.0337933
0.0337933
0.0351799
0.0337933
0.0222076
0.0258256
0.0222076
0.0248682
0.0222076
0.0222076
0.0222076
0.0248682
0.0248682
0.0255683
0.0250969
0.0250969
0.0250969
0.0250969
0.0250969
0.0250969
0
0
0
0
0
0
0.0266123
0.0516398
0.0272199
0.0254028
0.0254
0
0.0525105
0.0525105
0.0525105
0.0222405
0.0222405
0.0347035
0
0
0.0220594
0.0220594
0.0220594
0.0220594
0.0220594
0.0241262
0.0241262
0.0241262
0.0241262
0.0241262
0.0241262
0.0241262
0.0241262
0.0241262
0.0241262
0.0242631
0.0242631
0.0242631
0.0242631
0.0242631
0.0242631
0.0242631
0.0242631
0.0242631
0.0242631
0.0242631
0.0242631
0.0242631
0.0242631
0.0242631
0
0
0
0
0
0
0
0
0
0
0
0
0
0
0
0
0
0
0
0
0
0
0
0
0
0
0
0
0
0
0
0
0
0
0
0
0
0
0
0
0
0
0.0354292
0.0354292
0.0354292
0.0354292
0.0354292
0.0377605
0.0377605
0.0377605
0
0
0
0
0
0
0
0
0
0
0
0
0
0
0
0
0
0
0
0
0
0
0
0
0
0
0
0
0
0
0
0
0
0
0
0
0
0
0
0
0
0
0
0
0
0
0
0
0
0
0
0
0
0
0.0324842
0
0
0.0221458
0.0358287
0
0.0221097
0
0
0.0242298
0.0221368
0.0223031
0.022204
0
0
0
0
0
0
0
0
0.0307196
0.0307196
0.0307244
0.0307244
0.0307196
0
0
0
0
0
0
0
0
0
0
0
0
0.0488338
0.0488338
0.0488338
0.0488338
0.0488338
0.0488338
0.053275
0.0488338
0.0221331
0.0221331
0.0221331
0.0221331
0.0221331
0.0221331
0.0221331
0.0222058
0.0222058
0.0222058
0
0
0
0
0
0
0
0
0
0
0
0
0
0
0
0
0
0
0
0
0
0
0
0
0
0
0
0
0
0
0
0
0
0
0
0
0
0
0
0
0
0
0
0
0
0
0
0
0
0
0
0
0
0
0
0
0
0
0
0
0
0
0
0
0
0
0
0
0
0
0
0
0.0221404
0.0221404
0.0222186
0.0221404
0.0222626
0.0222626
0.0222626
0.0221169
0.0221169
0.0222644
0.0221169
0.0221169
0.0221169
0.0222387
0.0222644
0.0222387
0.0222387
0.0222644
0.0222387
0.0221422
0
0.0221422
0.0221422
0.0221621
0.0222186
0.0229315
0.0228615
0.0228615
0.0240308
0.0237759
0
0
0
0
0.0222186
0
0
0.0222186
0.0222186
0.0222186
0.0222186
0.0221386
0.0221386
0.0221386
0.0221386
0.0221386
0.0221386
0.0222186
0.0221386
0
0
0
0
0
0
0
0
0
0
0
0
0
0
0
0
0
0
0
0
0
0
0
0
0
0
0
0
0
0
0
0
0
0
0
0
0
0
0
0
0
0
0
0
0
0
0
0
0
0
0
0
0
0
0
0
0
0
0
0
0
0
0
0
0
0
0
0
0
0
0
0
0
0
0
0
0
0
0.0222405
0.0222405
0
0
0.0222314
0.0222314
0.0222314
0.0222204
0.0222204
0.0222149
0.0348155
0.0348155
0
0.0353333
0.0353333
0.0222626
0.0222607
0
0
0
0
0.0222607
0.0222607
0.0222607
0.0222607
0.0222607
0.0222626
0.0222626
0
0
0
0
0
0
0
0.0222607
0.0295742
0.0222607
0
0.0222607
0.0222626
0.0222626
0.0222626
0.0222607
0.0222607
0.0234232
0.0302153
0.0368271
0.0311841
0
0
0.0223161
0
0
0
0
0
0
0.025211
0.0268285
0.0224658
0.0224658
0.0224828
0.0224658
0.0291854
0.0291854
0.0291854
0
0
0
0
0
0
0
0
0
0
0
0
0
0
0
0
0
0
0
0
0
0
0
0
0
0
0
0
0
0
0
0
0
0
0
0
0
0
0
0
0
0
0
0
0
0
0
0
0
0
0
0
0
0
0
0
0
0.0281718
0.0282354
0.0294969
0.0296478
0.0296478
0.120972
0.0296521
0.0721688
0
0.0873704
0.0332534
0.0342863
0.0355484
0.0342327
0
0
0
0
0
0
0
0
0
0
0
0
0
0
0
0
0
0
0
0
0
0
0
0
0
0
0
0
0
0
0
0
0
0
0
0
0
0
0
0
0
0
0
0
0
0
0
0
0
0
0
0
0
0
0
0
0
0
0
0
0
0
0
0
0
0
0
0
0
0
0
0
0
0
0
0
0
0
0
0
0
0
0
0
0
0
0
0
0
0.0264166
0.0230981
0.0230981
0.0222626
0.0221712
0.0312246
0.0312246
0.0230981
0.0230981
0.0384615
0.0230981
0.0230981
0.039173
0.0222186
0.0222186
0.0319765
0
0
0
0
0
0
0
0
0
0
0
0
0
0
0
0
0
0
0
0
0
0
0
0.0291771
0
0.023505
0
0.0229718
0
0.0285481
0
0.0418976
0.0264566
0
0
0.0349713
0
0
0
0
0.0269647
0
0.031414
0.0224733
0
0.0266627
0.023555
0.0290906
0
0
0.0349713
0
0
0
0.0227626
0
0
0
0
0
0.0222589
0.0291606
0.0258457
0
0.0307486
0.0221857
0
0.0245786
0
0
0
0
0.0306666
0
0.022802
0
0
0
0.0249584
0.0249584
0.0249584
0.0249584
0.0249584
0.0249584
0.0249584
0.0249584
0.0249584
0.0249584
0.0249584
0.0249584
0.0249584
0
0
0
0
0
0
0.0313934
0
0.0365718
0
0
0
0
0
0.0350285
0.0350285
0.0350285
0.0365555
0.0704761
0
0.082015
0.0823853
0
0.0347245
0.0368105
0
0
0
0
0.0347035
0.0347035
0.0347035
0.0349571
0
0
0
0
0
0
0
0
0
0
0
0
0
0
0
0.0220131
0.0220131
0.0220131
0.0220131
0.0220131
0.0220131
0.0220326
0.0220184
0.0220702
0.0220131
0
0.0220702
0.0220702
0
0
0
0.0220487
0
0.0220487
0.0220487
0.0220487
0.0220487
0.0220487
0
0
0
0
0
0
0
0
0
0
0.0222113
0.0222113
0.0220487
0.0220487
0.0220487
0.0220487
0.0220487
0.0220487
0.0220487
0.0220487
0.0220487
0.0220487
0.0220487
0.0220487
0.0220487
0.0220487
0.0220487
0.0220487
0.0220487
0.0220487
0.0220487
0.0220487
0.0220487
0.0220487
0.0220487
0
0
0
0.0220487
0.0220487
0.0220487
0.0220487
0.0220487
0.0220487
0.0220487
0.0220487
0.0220487
0.0220737
0.0220737
0.0220737
0.0220773
0.0220773
0.0220737
0.0220737
0.0220773
0.0222387
0
0
0
0.0220737
0.0239985
0
0
0
0
0.0220737
0
0.0220737
0
0.0220737
0.0220737
0.0220737
0.0220737
0.0220737
0.0327619
0.0220737
0.0220737
0
0
0.0236823
0.0236823
0.0236868
0.0236868
0.0236823
0.0236823
0
0
0.0236624
0.0236624
0.0236624
0.0236624
0.0236624
0.0236624
0
0
0
0
0
0.0236801
0.0236624
0.0236624
0.0236624
0.0236624
0.0236624
0
0
0.0236624
0.0236624
0.0236624
0.0237156
0.0237156
0.0236624
0.0236624
0
0.0236624
0
0.0236624
0.0236624
0.0236624
0
0.0236624
0.0236624
0
0
0
0.0236624
0.0236624
0.0236624
0.0236624
0.0236624
0.0236624
0.0236624
0.0236624
0.0236624
0.0236624
0.0236624
0.0236624
0.0237156
0.0237156
0.0237156
0
0.0237156
0.0236624
0.0236624
0.0236624
0.0236624
0
0.0236624
0.0236624
0
0
0
0
0
0
0
0
0
0
0
0
0
0
0
0
0
0
0
0
0
0
0
0
0
0
0
0
0
0
0
0
0
0
0
0
0
0
0
0
0
0
0
0
0
0
0
0
0
0
0
0
0
0
0
0
0
0
0
0
0
0
0
0
0
0
0
0
0
0
0
0
0
0
0
0
0
0
0
0
0
0
0
0
0
0
0
0
0
0
0
0
0
0
0
0
0
0
0
0
0
0
0
0
0
0
0
0
0
0
0
0
0
0
0
0
0
0
0
0
0
0
0
0
0
0
0
0
0
0
0
0
0
0
0
0
0
0
0
0
0
0
0
0
0
0
0
0
0
0
0
0.0231249
0.0238298
0
0
0
0
0
0
0
0
0
0.0247841
0
0
0
0
0
0
0
0
0
0
0
0
0
0
0
0
0
0
0
0
0
0
0
0
0
0
0
0
0
0
0
0
0
0
0
0
0
0
0
0
0
0
0
0
0
0
0
0
0
0
0
0
0
0
0
0.0231002
0.0231002
0.0231002
0
0
0
0
0
0
0
0
0
0
0
0
0
0
0
0
0
0
0
0
0
0
0
0
0
0
0
0
0
0
0
0
0.0346896
0.0346896
0.0346896
0
0
0
0
0
0
0
0
0
0
0
0
0
0
0
0
0
0
0
0
0
0
0
0
0
0
0
0
0
0
0
0
0
0
0
0
0
0
0
0
0
0
0
0
0
0
0
0
0
0
0
0
0
0
0
0
0
0
0
0
0
0
0
0
0
0
0
0
0
0
0
0
0
0
0
0
0
0
0
0
0
0
0
0
0
0
0
0
0
0
0
0
0
0
0
0
0
0
0
0
0
0
0
0
0
0
0
0
0
0
0
0
0
0
0
0
0
0
0
0
0
0
0
0
0
0
0
0
0
0
0
0
0
0
0.0222424
0
0
0
0
0
0
0
0
0
0
0
0
0
0
0
0
0
0
0
0
0
0
0
0
0
0
0
0
0
0
0
0
0
0
0
0
0
0
0
0
0
0
0
0
0.0222644
0.0222644
0.0222644
0
0
0
0
0
0
0
0.0220487
0.0220487
0
0
0
0
0
0
0.0222259
0.0222259
0.0222259
0.0222167
0
0
0
0
0.0222424
0.0222424
0.0222424
0
0
0.0234726
0.0234726
0
0
0
0.0222424
0.0222424
0
0.022072
0.0447065
0.0447065
0.0447065
0.0447065
0.0636715
0.0447065
0.0457549
0.0447065
0
0
0
0
0
0
0
0.022445
0
0.0222369
0
0
0
0
0
0
0
0
0
0
0
0
0
0
0
0
0
0
0
0
0
0
0
0
0
0
0
0
0
0
0
0
0
0.0417878
0
0
0
0
0
0
0
0
0
0
0
0
0
0
0
0
0
0
0
0
0
0
0
0
0
0
0
0
0
0
0
0
0
0
0
0
0
0
0
0
0
0
0
0
0
0
0
0
0
0
0
0
0.0220702
0.0220702
0.0220702
0.0220702
0.0220702
0
0
0
0
0.0220702
0
0
0
0
0
0
0
0
0
0
0
0
0
0
0
0
0
0
0
0
0
0
0
0
0
0
0
0
0
0
0
0
0
0
0
0
0
0
0
0
0
0
0
0
0.0312398
0.0312348
0.0312348
0.0312348
0.0312348
0.0312348
0.0312348
0.0312348
0.0312348
0.0312398
0.0312398
0
0
0
0
0
0.0343739
0.0343739
0
0
0
0
0
0
0
0
0
0
0
0
0
0
0
0
0
0
0
0
0
0
0
0
0
0
0
0
0
0
0
0
0.0322749
0.0322749
0
0.0322749
0
0.0339814
0.032975
0.0324102
0
0.0367607
0
0.0395491
0
0
0.0329929
0
0
0
0.039968
0
0.031544
0.0366454
0.031544
0
0.0312857
0.0312908
0.0312908
0.0367939
0.0367939
0.0367939
0.0315388
0.0319005
0
0
0
0.0315492
0.0319113
0
0
0
0
0
0
0
0
0
0
0
0
0
0
0
0
0
0
0
0
0
0
0
0
0
0
0
0
0
0
0
0
0
0
0
0
0
0
0
0
0
0
0
0
0
0
0
0
0
0
0
0
0
0
0
0
0
0
0
0
0
0
0
0
0
0
0
0
0
0
0
0
0
0
0
0
0
0
0
0
0
0
0
0.0380602
0.0380602
0.0380602
0.0380602
0.0380602
0.0380602
0
0
0
0
0
0
0
0
0
0
0
0.0312857
0.0377426
0
0.0380785
0
0
0
0.0385472
0.0361787
0.046676
0.0388759
0.0358902
0.0359675
0.039968
0.0378235
0.0378235
0.0382826
0.0382826
0
0
0
0
0.036629
0
0.036629
0.036629
0.036629
0
0
0
0.0328561
0.0328739
0.032868
0.0346479
0.0328031
0.0388661
0.0382826
0
0
0.0370032
0.0378235
0.0382826
0
0
0
0.0345788
0.057735
0.057735
0.057735
0.0348015
0
0
0
0
0
0
0
0
0.0373892
0.547723
0.547723
0.547723
0
0
0
0
0
0.0348015
0
0
0
0
0
0
0
0.0371135
0.0371391
0
0.0380051
0.0380051
0
0
0
0
0
0
0
0
0
0
0
0.0373892
0.0373892
0
0
0.0730622
0.0730622
0
0
0
0
0
0
0
0
0
0
0
0
0
0.031544
0
0.0698999
0.0312908
0.0312908
0
0
0.0361787
0.0470187
0.0381062
0
0
0
0
0
0
0
0
0
0
0
0
0
0
0
0
0
0
0
0
0
0
0
0
0
0
0
0
0
0
0
0
0
0.0220487
0.0220487
0.0220487
0.0220487
0.0220487
0.0220469
0.0220469
0.0220469
0.0220469
0.0220469
0.0220469
0.0220487
0.0220487
0.0220487
0.0220487
0
0
0
0
0
0
0
0
0
0.0220113
0.0220113
0.0220113
0.0220113
0.0220737
0.0425757
0.0425757
0.0425757
0.0425757
0.0425757
0.0425757
0.0425757
0.0425757
0.0425757
0.0477093
0.0477093
0
0
0
0.0477093
0
0.0429009
0
0
0
0
0
0.0457709
0
0
0
0
0
0
0
0
0
0
0
0
0
0
0
0
0
0
0
0
0
0
0
0
0
0
0
0
0
0.0222939
0.0222939
0
0
0.0222921
0.0222921
0.0222921
0.0222921
0.0222921
0.0222921
0.0222921
0.0222939
0.0222921
0.0222939
0.0222939
0.0222939
0.0222939
0.0223031
0.0236404
0
0
0.0223346
0.0223346
0.0223346
0.0223346
0.0223346
0
0
0
0
0
0
0
0
0
0
0
0
0
0
0
0
0
0
0
0
0
0
0
0
0
0
0
0
0
0
0
0
0
0
0
0
0
0
0
0
0
0
0
0
0
0
0
0
0
0
0
0
0.0236492
0.0236492
0.0236492
0
0
0.0331558
0
0.0331558
0
0
0
0
0
0
0
0.0221821
0.0221821
0.0221821
0.0221821
0.0221821
0.0221821
0
0.0221821
0.0221821
0.0221821
0.0221821
0
0
0
0
0
0
0
0
0
0
0
0
0
0
0
0
0
0.0222241
0
0
0.0221839
0.0221839
0
0.0221839
0.0221839
0
0
0.0221821
0.032975
0.0222939
0.0222939
0
0
0
0
0
0
0
0
0
0
0
0
0
0
0
0
0
0
0
0
0
0
0
0
0
0
0
0
0
0
0
0
0
0
0
0
0
0
0
0
0
0
0
0
0
0
0
0
0
0
0
0
0
0
0.0221839
0
0
0
0
0
0.0221839
0.0221839
0.0221839
0.0221839
0.0221839
0
0
0
0
0.0221839
0
0
0.0222241
0
0
0
0.0221967
0.0221967
0.0221967
0.023603
0.0223031
0.0405776
0.0405776
0.0405776
0.0405776
0
0.0236338
0.0236338
0.0236338
0.0236338
0.0236338
0.0236338
0.0236338
0
0
0
0
0
0
0
0
0.0236536
0.0236536
0
0
0.0236492
0.0236492
0.0236492
0
0
0
0
0
0
0
0
0
0
0
0
0
0
0
0
0
0
0
0
0
0
0
0
0
0
0
0
0
0
0
0
0
0
0
0
0
0
0
0
0
0.023647
0
0
0
0
0
0
0
0
0
0
0
0
0
0
0
0
0
0
0
0
0
0
0
0
0
0
0
0
0
0
0
0
0
0
0
0
0.022072
0.022072
0.022072
0.022072
0.022072
0.022072
0.022072
0.022072
0.022072
0.022072
0.022072
0.022072
0.022072
0.022072
0.022072
0.022072
0.022072
0.022072
0.022072
0.022072
0.022072
0.022072
0.022072
0.022072
0.022072
0.022072
0.022072
0.022072
0.022072
0.022072
0.022072
0.022072
0.022072
0.022072
0.022072
0.022072
0.022072
0.022072
0.022072
0.022072
0.022072
0.022072
0.022072
0.022072
0.022072
0.022072
0.022072
0.022072
0.022072
0.022072
0.022072
0.022072
0.022072
0.022072
0.022072
0.022072
0.022072
0.022072
0.022072
0.022072
0.022072
0.022072
0.022072
0.022072
0.022072
0.022072
0.022072
0.022072
0.022072
0.022072
0.022072
0.022072
0.022072
0.022072
0.022072
0.022072
0.022072
0.022072
0.022072
0.022072
0.022072
0.022072
0.022072
0.022072
0.022072
0.022072
0.022072
0.022072
0.022072
0.022072
0.022072
0.022072
0.022072
0.022072
0.022072
0.022072
0.022072
0.022072
0.022072
0.022072
0.022072
0.022072
0.022072
0.022072
0.022072
0.022072
0.022072
0.022072
0.022072
0.022072
0.022072
0.022072
0.022072
0.022072
0.022072
0.022072
0.022072
0.022072
0.022072
0.022072
0.022072
0.022072
0.022072
0.022072
0.022072
0.022072
0.022072
0.022072
0.022072
0.022072
0.022072
0.022072
0.022072
0.022072
0.022072
0.022072
0.022072
0.022072
0.022072
0.022072
0.022072
0
0
0
0
0
0
0
0
0
0
0
0
0
0
0
0
0
0
0
0
0
0
0
0
0
0
0
0
0
0
0
0
0
0
0
0
0
0
0
0
0
0
0
0
0
0
0
0
0
0
0
0
0
0
0
0
0
0
0
0
0
0
0
0
0
0
0
0
0
0
0
0
0
0
0
0
0
0
0
0
0
0
0.0220737
0
0.0221061
0.0221061
0.0220737
0
0
0
0
0.0221061
0.0221061
0
0
0
0
0
0
0
0
0
0
0
0
0
0
0
0
0
0
0
0
0
0
0
0
0
0
0
0
0
0
0
0
0
0
0
0
0
0
0
0
0
0
0
0
0
0
0
0
0
0
0
0
0
0
0
0
0
0
0
0
0
0
0
0
0
0
0.0220773
0
0
0
0
0
0
0
0
0
0
0
0.0236052
0.0236052
0.0222259
0
0
0
0
0
0
0
0
0
0
0
0
0
0
0
0
0
0
0
0
0
0
0
0.0232873
0.0232873
0.0232873
0.0220737
0
0
0
0
0
0
0
0
0
0
0
0
0
0
0
0
0
0
0
0
0
0
0
0
0
0
0
0
0
0
0
0
0
0
0
0
0
0
0
0
0
0
0
0
0
0
0
0
0
0
0
0
0
0
0
0
0
0
0
0
0
0
0
0
0
0
0
0
0
0
0
0
0
0
0
0
0
0
0
0
0
0
0
0
0
0
0
0
0
0
0
0
0
0
0
0
0
0
0
0
0
0
0
0
0
0
0
0
0
0
0
0
0
0
0
0
0
0
0
0
0
0
0
0
0
0
0
0
0
0
0
0
0
0
0
0
0
0
0
0
0
0
0
0
0
0
0
0
0
0
0
0
0
0
0
0
0
0
0
0
0
0
0
0
0
0
0
0
0
0
0
0
0
0
0
0
0
0
0
0
0
0
0
0
0
0
0
0
0
0
0
0
0
0
0
0
0
0
0
0
0
0
0
0
0
0
0
0
0
0
0
0
0
0
0
0
0
0
0
0
0
0
0
0
0.022072
0.022072
0.022072
0
0
0.0220702
0.0220702
0.0220702
0.0220702
0
0
0.022072
0.022072
0.022072
0.022072
0
0.0220702
0.0220702
0.0220702
0.0220702
0.0220702
0.0220487
0.0220487
0.0220487
0.0345033
0.0345033
0.0345033
0.0345033
0.0345033
0.0345033
0.0345033
0
0
0
0
0
0
0
0
0
0
0
0
0
0
0
0
0
0
0
0
0
0
0
0
0
0
0
0
0
0
0
0
0
0
0
0
0
0
0
0
0
0
0
0
0
0
0
0
0
0
0
0
0
0
0
0
0
0
0
0
0
0
0
0
0
0
0
0
0
0
0
0
0
0
0
0
0
0
0
0
0
0
0
0
0
0
0
0
0
0
0
0
0
0
0
0
0
0
0
0
0
0
0
0
0
0
0
0
0
0
0
0
0
0
0
0
0
0
0
0
0
0
0
0
0
0
0
0
0
0
0
0
0
0
0
0
0
0
0
0
0
0
0
0
0
0
0
0
0
0
0
0
0
0
0
0
0
0
0
0
0.0343875
0.0343875
0.0343875
0.0343875
0.0343875
0.0343875
0.0343875
0.0343875
0.0343875
0
0
0
0
0
0
0
0
0
0
0
0
0
0
0
0
0
0
0
0
0
0
0
0
0
0
0
0
0
0
0
0
0
0
0
0
0
0
0
0
0
0
0
0
0
0
0
0
0
0
0
0
0
0
0
0
0
0
0
0
0.0230981
0.0230981
0.0230981
0.0230981
0
0
0
0
0
0
0
0
0.036629
0.041715
0.0366536
0.0398726
0.0366536
0.0367773
0.0367773
0
0
0
0
0
0
0
0
0
0
0
0
0
0
0
0
0
0
0
0.0220702
0
0
0
0
0
0
0
0.0241309
0.0241309
0.0241309
0.0558436
0.0957826
0.0957826
0.0558436
0.0558436
0.0558436
0
0
0
0
0.0636715
0
0
0.0241262
0
0
0
0
0
0.0230981
0.0230981
0.0230981
0.0243806
0.0230981
0.0230981
0
0.0230981
0.0230981
0.0230981
0.0230981
0.0230981
0
0
0
0
0.037122
0.0230981
0.0726752
0.0230981
0
0
0.116248
0.0230981
0.0230981
0
0
0
0
0.0230981
0.0230981
0.0230981
0.0230981
0.0230981
0.0220684
0.0230981
0.0366536
0
0
0
0.0230981
0.0230981
0.0230981
0.0230981
0
0
0
0
0
0
0
0
0
0
0
0
0
0
0
0.0230981
0.0230981
0
0.0230981
0.0230981
0
0.0230981
0.0230981
0.0339032
0.0787296
0.0879316
0.0368521
0.0369107
0
0.0230981
0.0230981
0
0
0.0389249
0.024275
0
0
0
0
0
0
0
0
0.0377426
0.0387492
0
0.0230981
0
0.0230981
0
0.0351147
0.0230981
0
0
0
0
0
0
0
0
0
0
0.0373197
0.0374503
0.0348649
0.0365963
0
0.0230981
0.0365718
0.0365718
0.0365718
0.0366208
0
0
0
0
0
0
0
0
0
0
0
0
0
0
0
0
0
0
0
0
0
0
0.0578961
0
0.0596904
0.0583874
0.0583874
0.0491869
0.0491869
0
0.0492665
0
0.0574801
0
0.0607831
0
0.0629941
0
0.070014
0
0.0731925
0
0.0739895
0
0.0742611
0
0.0745356
0
0
0
0
0
0
0
0.0745356
0.216506
0
0
0
0
0
0
0
0
0
0
0
0
0
0
0
0
0
0
0
0
0
0
0
0
0
0
0
0
0
0
0
0
0
0
0
0
0
0
0
0
0
0
0
0
0
0
0.0347035
0.0230981
0
0
0
0.0230981
0.0383577
0.0230981
0.0368188
0.0230981
0.0912871
0.0230981
0.0367773
0.0367773
0.0367773
0
0.0368939
0.0230981
0
0.0230981
0
0
0
0
0
0.0347035
0.0347035
0
0.0347035
0.0347035
0.0347035
0.0347035
0.0347035
0.0347035
0.0347035
0.0347035
0
0
0
0
0.0347035
0.0481869
0
0.0230981
0.0230981
0.0230981
0.0230981
0.0230981
0.0230981
0.0230981
0.0230981
0.0230981
0.0230981
0.0230981
0.0230981
0.0230981
0.0230981
0
0
0
0
0
0
0
0
0
0
0.0400534
0.0230981
0.0230981
0.0575118
0.0230981
0.0609333
0
0
0
0
0
0
0.0376978
0.0376978
0.0376978
0
0.0351944
0.0529751
0.0529751
0.0529751
0.0719195
0.0719195
0.0830455
0.0719195
0.0529751
0.0529751
0.0529751
0.0529751
0.0529751
0.0542592
0
0.0380602
0.0409273
0.0230981
0.037054
0.0370965
0.0370965
0
0
0
0
0
0
0.0230981
0.0230981
0.0230981
0.0230981
0.0230981
0.0230981
0.0230981
0.0230981
0.0230981
0.0230981
0
0.0230981
0
0.0230981
0.0230981
0.0230981
0.0230981
0.0230981
0
0.0230981
0.0230981
0.0230981
0.0230981
0.0230981
0
0
0
0
0.0230981
0
0.0230981
0.0376266
0.0376266
0
0
0.0376266
0
0
0
0
0
0
0
0
0
0.0374153
0.0374153
0.0374153
0.0374941
0
0.0371135
0
0
0.0371135
0.0371135
0
0
0
0
0
0
0
0
0
0
0
0
0.0230981
0
0
0
0
0
0
0
0
0
0
0
0
0
0
0
0
0
0
0
0
0
0
0
0
0
0
0
0
0
0
0
0
0
0
0
0
0
0
0
0
0
0
0
0
0
0
0
0
0
0
0
0
0
0
0
0
0
0
0
0
0
0
0
0
0
0
0
0
0
0
0
0
0
0
0
0
0
0
0
0
0
0
0
0
0
0.0230981
0.0230981
0.0230981
0.0230981
0.0230981
0
0
0
0
0
0
0
0
0
0
0
0
0
0
0
0
0
0
0
0.0362024
0.0362024
0.0371647
0.03625
0.0369611
0.0369611
0
0.0326164
0
0
0
0.0356537
0
0.0356537
0.0388661
0.0401826
0
0
0
0
0
0
0
0
0
0
0
0
0
0
0
0
0
0
0
0
0
0
0
0
0
0
0
0
0
0
0
0
0
0
0
0
0
0
0
0
0.0372419
0.0387395
0.0378958
0
0
0
0
0
0
0
0.0379231
0
0.0230981
0.0230981
0.0230981
0.0230981
0.0230981
0.0352162
0.0392736
0.0401826
0.0401826
0.0401826
0.0401826
0.0401826
0.0230981
0.0230981
0.0230981
0.0230981
0
0
0
0
0
0
0
0
0
0
0
0
0.0230981
0.0608581
0.0347035
0.0347035
0.0347035
0.0347035
0.0347035
0.0347035
0.0347035
0.0347035
0.0347035
0.0347035
0.0347035
0.0347035
0
0
0
0
0.0347035
0
0.0347035
0.0347035
0.0347035
0.0347035
0
0
0
0
0
0
0
0
0
0
0
0
0
0
0
0
0
0
0
0
0
0
0
0
0
0
0.0230981
0.0230981
0.0230981
0.0230981
0.0230981
0.0230981
0.0230981
0.0230981
0.0230981
0.0230981
0.0230981
0.0230981
0.0230981
0.0362897
0.0367442
0.036442
0.036442
0.0467269
0.0467269
0.039736
0.0365799
0
0
0
0
0.0365799
0.040313
0.040313
0.040313
0.040313
0.040313
0
0
0
0.040313
0.0364662
0.0241262
0
0.0371391
0.0371391
0
0.0377785
0
0
0
0
0
0
0
0.0383107
0.0383107
0
0.0383107
0.0368521
0.0368521
0.0347245
0.0371733
0
0
0
0
0
0
0
0.0241262
0.2
0.0241262
0.0241262
0.0241262
0
0.0241262
0.0241262
0
0
0
0
0
0
0
0
0.0769231
0.0769231
0.0773052
0.0770752
0.0385758
0.0385758
0
0.0385758
0.0385758
0.0385758
0.0385758
0
0
0
0
0
0
0
0
0
0
0
0
0
0
0
0
0
0
0
0
0
0
0
0
0
0
0
0
0
0
0
0
0
0
0
0
0
0
0
0
0
0
0
0
0.0230981
0.0230981
0
0.0241426
0.0230981
0.0230981
0.0230981
0.0230981
0.0230981
0.0230981
0.0239434
0.0239434
0
0.0230981
0.0230981
0.0700713
0.0230981
0.0375117
0.0230981
0
0.0230981
0.0230981
0.0230981
0
0
0
0
0
0.0230981
0
0
0
0
0.0230981
0
0.0230981
0.0230981
0.0230981
0.0230981
0
0.0230981
0.0230981
0.0230981
0.0230981
0.0230981
0.0230981
0.0230981
0.0230981
0.035122
0.0230981
0.0347035
0.0347035
0.0347035
0.0347035
0.0347035
0.0352746
0.0352746
0.0347035
0
0
0
0
0
0
0
0
0
0
0
0
0
0
0
0
0
0
0
0
0
0
0
0
0
0
0
0
0
0
0
0
0
0
0
0
0
0
0
0
0
0
0
0
0
0
0
0
0
0
0
0
0
0
0
0
0
0
0
0
0
0
0
0
0
0
0
0
0
0
0
0
0
0
0.0230981
0.0230981
0.0230981
0.0230981
0.0230981
0.0230981
0.0230981
0.0230981
0.0230981
0.0230981
0.0230981
0.0230981
0.0230981
0.0230981
0.0230981
0.0230981
0.0230981
0.0230981
0.0230981
0.0230981
0.0230981
0.0230981
0.0230981
0.0230981
0.0230981
0.0230981
0.0230981
0.0230981
0.0230981
0.0230981
0.0230981
0.0230981
0.0230981
0.0230981
0.0230981
0.0230981
0.0230981
0.0230981
0.0230981
0.0230981
0.0230981
0.0230981
0.0230981
0.0230981
0.0230981
0.0230981
0.0230981
0.0230981
0.0230981
0.0230981
0.0230981
0.0230981
0.0230981
0.0230981
0.0230981
0.0230981
0
0
0.0230981
0.0230981
0.0230981
0.0230981
0.0230981
0.0230981
0.0230981
0.0230981
0.0230981
0.0230981
0.0230981
0.0230981
0.0230981
0.0230981
0.0230981
0.0230981
0.0230981
0.0230981
0
0
0
0.0346896
0.0381895
0.0230981
0.0230981
0.0230981
0.0230981
0.0230981
0.0230981
0.0230981
0.0230981
0.0230981
0.0230981
0.0230981
0.0230981
0.0230981
0.0230981
0.0230981
0.0230981
0.0230981
0.0230981
0.0230981
0.0230981
0.0230981
0.0230981
0.0230981
0.0230981
0.0230981
0.0230981
0.0230981
0.0230981
0.0230981
0.0230981
0.0230981
0.0230981
0.0230981
0.0230981
0.0230981
0.0230981
0.0230981
0.0230981
0.0230981
0.0230981
0.0230981
0.0230981
0.0230981
0.0230981
0.0230981
0.0230981
0.0230981
0.0230981
0.0230981
0.0230981
0.0230981
0.0230981
0.0230981
0.0230981
0.0230981
0.0230981
0.0230981
0.0230981
0.0230981
0.0230981
0.0230981
0.0230981
0.0230981
0.0230981
0.0230981
0.0230981
0.0230981
0.0230981
0.0230981
0.0230981
0.0230981
0.0230981
0.0230981
0.0230981
0.0230981
0.0230981
0.0230981
0.0230981
0.0230981
0.0230981
0.0230981
0.0230981
0.0230981
0.0230981
0.0230981
0.0230981
0.0230981
0.0230981
0.0230981
0.0230981
0.0230981
0.0230981
0.0230981
0.0230981
0.0230981
0.0230981
0.0230981
0.0230981
0.0230981
0.0230981
0.0230981
0.0230981
0.0230981
0.0230981
0.0230981
0.0230981
0.0230981
0.0230981
0.0230981
0.0230981
0.0230981
0.0230981
0.0230981
0.0230981
0.0230981
0.0230981
0.0230981
0.0230981
0.0230981
0.0230981
0.0230981
0.0230981
0.0230981
0.0230981
0.0230981
0.0230981
0.0230981
0.0230981
0.0230981
0.0230981
0.0230981
0.0230981
0.0230981
0.0230981
0.0230981
0.0230981
0.0230981
0.0230981
0.0230981
0.0230981
0.0230981
0.0230981
0.0230981
0.0230981
0.0230981
0.0230981
0.0230981
0.0230981
0.0230981
0.0230981
0.0230981
0.0230981
0.0230981
0.0230981
0.0230981
0.0230981
0.0230981
0.0230981
0.0230981
0.0230981
0.0230981
0.0230981
0.0230981
0.0230981
0
0
0.0230981
0.0230981
0.0230981
0.0230981
0.0230981
0.0230981
0.0230981
0.0230981
0.0230981
0.0230981
0.0230981
0.0230981
0.0230981
0.0230981
0.0230981
0.0230981
0.0230981
0.0230981
0.0230981
0
0.0670151
0
0
0
0.0230981
0
0
0
0
0
0
0
0
0
0
0
0.0518476
0.0555556
0.0555556
0
0.204124
0.120096
0
0
0
0
0
0
0
0
0
0
0
0
0
0
0
0
0
0
0
0
0
0
0
0
0
0
0
0
0
0
0
0
0
0
0
0.0371391
0
0.0371391
0.0371391
0
0
0
0
0
0
0
0.0344555
0
0.0344555
0.0230981
0.0230981
0.0230981
0.0369442
0.0369442
0
0
0
0.0369442
0
0
0
0.0347035
0
0
0.0347035
0.0347035
0.0347035
0.0347035
0.0347035
0
0
0
0
0.0347035
0.0230981
0.0230981
0.0404446
0.0381895
0.0241192
0
0.0230981
0.0230981
0.0230981
0.0230981
0.0346896
0.0346896
0.0346896
0.0346896
0
0.0230981
0.0230981
0
0
0
0.0230981
0
0
0
0
0
0
0
0.0230981
0.0230981
0.0230981
0.0230981
0.0230981
0.0230981
0.0230981
0.0230981
0.0230981
0.0230981
0.0230981
0.0230981
0.0230981
0
0
0
0.0230981
0
0
0
0
0
0
0.0694489
0.0694489
0.0694489
0
0
0
0
0
0
0
0
0
0.0372161
0
0
0
0
0
0
0.0367773
0
0
0
0.0367773
0
0
0
0
0
0
0
0.0367773
0
0.0389545
0
0
0
0
0.0404116
0
0.0397989
0
0
0
0
0
0
0
0
0.0369442
0.0369442
0
0.0369442
0.0382173
0.0382173
0
0
0
0
0
0.0382173
0.038208
0
0
0
0
0
0
0
0
0
0
0
0
0
0
0
0
0
0
0
0
0
0
0
0
0
0
0
0
0
0
0
0
0
0
0
0
0
0
0
0
0
0
0
0
0
0
0
0
0
0.0361787
0.0361787
0.0361787
0.0351509
0.0351509
0.0351509
0.0346618
0
0
0
0
0
0
0
0.0339618
0.034517
0.034517
0.034517
0.0346896
0
0
0
0
0
0
0
0
0.0343199
0.0343199
0.0343199
0.0343199
0.0343199
0.0343199
0.0343199
0.0343199
0.0343199
0.0343199
0.0343199
0.0343199
0.0343199
0.0343199
0.0343199
0.0346479
0
0.0343199
0
0
0
0
0
0.0368438
0.0368438
0
0
0
0.0368438
0
0.0650945
0
0.0346896
0
0
0
0
0.0350715
0
0.0343199
0.0343199
0
0
0
0.0343199
0
0
0
0
0
0
0
0
0
0
0
0
0
0
0
0
0
0
0
0
0
0.034641
0.034641
0.0346757
0.034641
0.034641
0.034641
0.034641
0
0.0346479
0.0347035
0
0
0
0
0
0
0
0
0
0
0
0
0
0
0
0
0
0
0
0
0
0
0
0
0
0
0
0
0
0
0
0
0
0
0
0
0.0346549
0.0343199
0.0343199
0.0343199
0.0343199
0.0343199
0.0343199
0.0343199
0
0
0
0
0
0
0
0
0
0
0
0
0
0
0
0
0
0
0
0
0
0
0
0
0
0
0
0
0
0
0
0
0
0
0
0.0350715
0
0.0351075
0.0343199
0
0
0
0.022072
0.022072
0.0221061
0.0327561
0.0327561
0.022072
0.022072
0.022072
0.022072
0.0429009
0.0315492
0.0221133
0.0239502
0.0239502
0.0239594
0.0239502
0.0315492
0
0.022072
0.022072
0.022072
0.022072
0.022072
0.022072
0.022072
0.022072
0.022072
0.022072
0.0220737
0.022072
0.022072
0.022072
0.022072
0.022072
0.022072
0.0220737
0.0220737
0.022072
0.0426272
0.0426272
0.0426272
0.06333
0.0427179
0.0439233
0
0
0
0
0
0
0
0
0
0
0.0220737
0.0221133
0.0239594
0.0315492
0
0.0315492
0.0322973
0
0
0
0
0
0
0
0
0
0
0
0
0
0
0
0.0220702
0.0220702
0.0220702
0.0220702
0.0220702
0.0220702
0
0
0
0
0
0
0.0220702
0.0220702
0.0220702
0.0220702
0.0220702
0.0220702
0.0220702
0.0220702
0
0
0
0.0429009
0.0221115
0
0
0
0
0
0.0220737
0
0.0220576
0.0220576
0.0220576
0.022072
0.022072
0.022072
0.022072
0.022072
0.022072
0.022072
0.022072
0.022072
0.022072
0.022072
0
0
0
0
0.0220702
0.0220702
0.0220702
0.0220702
0.0220702
0
0
0
0
0
0
0
0
0
0
0
0
0
0
0.022072
0.022072
0.022072
0.022072
0.022072
0.022072
0.022072
0
0.022072
0.022072
0.022072
0.022072
0.022072
0
0
0
0
0
0
0
0
0
0
0
0
0
0
0
0
0
0
0
0
0
0
0
0
0
0
0
0
0
0
0
0
0
0
0
0
0
0
0
0
0
0
0
0
0
0
0
0
0
0
0
0
0
0
0
0
0
0
0
0
0
0
0
0
0
0
0
0
0
0
0
0
0
0
0
0
0
0
0
0
0
0
0
0
0
0
0
0
0
0
0
0
0
0
0
0
0
0
0
0
0
0
0
0
0
0
0
0
0
0
0
0
0
0
0
0
0
0
0
0
0
0
0
0
0
0
0
0
0
0
0
0
0
0
0
0
0
0
0
0
0
0
0
0
0
0
0
0
0
0
0
0
0
0
0
0
0
0
0
0
0
0
0
0
0
0
0
0
0
0
0
0
0
0
0
0
0
0
0
0
0
0
0
0
0
0
0
0
0
0
0
0
0
0
0
0
0
0
0
0
0
0
0
0
0
0
0
0
0
0
0
0
0
0
0
0
0
0
0
0
0
0
0
0
0
0
0
0
0
0
0
0
0
0
0
0
0
0
0
0
0
0
0
0
0
0
0
0
0
0
0
0
0
0
0
0
0
0
0
0
0
0
0
0
0
0
0
0
0
0
0
0
0
0
0
0
0
0
0
0
0
0
0
0
0
0
0
0
0
0
0
0
0
0
0
0
0
0
0
0
0
0
0
0
0
0
0
0
0
0
0
0
0
0
0
0
0
0
0
0
0
0
0
0
0
0
0
0
0
0
0
0
0
0
0
0
0
0
0
0
0
0
0
0
0
0
0
0
0
0
0
0
0
0
0
0
0
0
0
0
0
0
0
0
0
0
0
0
0
0
0
0
0
0
0
0
0
0
0
0
0
0
0
0
0
0
0
0
0
0
0
0
0
0
0
0
0
0
0
0
0
0
0
0
0
0
0
0
0
0
0
0
0
0
0
0
0
0
0
0
0
0
0
0
0
0
0
0
0
0
0
0
0
0
0
0
0
0
0
0
0
0
0
0
0
0
0.0346966
0.0346966
0
0.0346966
0
0
0
0
0
0
0
0.0268124
0.0247008
0.0268124
0.0268124
0.0268124
0.0268124
0.0268124
0.0268124
0.0352162
0.027163
0.0268124
0.0268124
0.0268124
0.0247008
0.0247008
0.0247008
0.0247008
0.0247008
0.0247008
0.0247008
0.0347035
0.0347035
0.0347035
0.0347035
0.0347035
0.0347035
0.0347035
0.0247008
0
0
0.0304572
0.0251075
0
0
0
0
0.0346966
0.0346966
0.0253564
0.0249584
0.0249584
0.0249584
0.0249584
0.0249584
0.0249584
0.0399468
0.0399468
0.0399468
0.0399468
0.0350572
0
0.0256438
0.0256438
0.0258601
0.0280791
0.0304525
0.0290333
0
0
0
0.025227
0.025227
0.0357676
0.0252297
0
0.0252297
0.0307438
0
0
0
0
0
0.0250995
0.0250995
0.0347035
0
0.032553
0.032553
0.032553
0.032553
0.032553
0.032553
0
0
0
0
0.032969
0.032969
0
0
0
0
0
0
0
0.032969
0.0302845
0.0302845
0.0302845
0.0302845
0.0302845
0
0
0
0
0
0.0307777
0.0307777
0.0307777
0.0307777
0.0307777
0.0307777
0
0
0
0
0
0
0
0
0
0
0.0305947
0.0303915
0.0307777
0
0
0.0337164
0.0337164
0.0303915
0.0303915
0.0303915
0.0303915
0.0303915
0
0
0
0
0
0
0
0
0
0
0
0
0
0
0
0
0
0
0.0303915
0
0
0
0
0
0
0
0
0
0.0311236
0.0311236
0.0311236
0.0311236
0.0315545
0
0.0316756
0.0311236
0
0
0.033389
0
0.033389
0.033389
0.033389
0.033389
0.033389
0.032553
0
0.032553
0.032553
0.032553
0.032553
0.032553
0
0
0
0
0
0
0
0
0
0
0
0
0
0
0
0
0
0
0
0
0
0
0
0
0
0
0
0
0
0
0
0
0
0
0.0302845
0.0302845
0
0.032553
0.0302799
0.0302799
0.032553
0.032553
0.032553
0
0
0.0307729
0.0307729
0
0.0307729
0
0
0
0
0
0
0
0
0
0
0
0
0
0
0
0
0
0
0
0
0
0
0
0
0
0
0
0
0
0
0
0
0.0351509
0.0351509
0.0351509
0.0351509
0.0351509
0.0351509
0.0351509
0.0351509
0.0351509
0.0351509
0.0351509
0.0351509
0.0351509
0.0351509
0.0351509
0.0351509
0.0351509
0.0351509
0.0351509
0.0351509
0.0351509
0.0220702
0.0220702
0.0220702
0.0220702
0.0220702
0.0220702
0.0220702
0.0220702
0.0220702
0.0220702
0.0220702
0.0351509
0.0352308
0.0351509
0.0351509
0.0351509
0.0409387
0.0409387
0.0409387
0
0
0
0.0409616
0.0409616
0.0409616
0.0409616
0.0409616
0.0409616
0.0412159
0.0412159
0.0412159
0.0412159
0.0412159
0
0
0.0412159
0
0.0409616
0.0409387
0.0351509
0.0392333
0.0392333
0.0351509
0
0.0351509
0.0351509
0.0361787
0.0361787
0.0361787
0.0579934
0.0582552
0.0582552
0.0582552
0.0582552
0
0.0361787
0.0371135
0.0371135
0
0
0
0
0.0380051
0
0.0361787
0
0
0
0
0
0
0.0351509
0.0387395
0.0387395
0.0387395
0.0387395
0.0387395
0.0387395
0.0351509
0.0351509
0
0.0351509
0
0
0.0351509
0.204124
0.204124
0
0
0.204124
0.0351509
0.204124
0
0.204124
0.0351509
0.0351509
0.0409387
0.0351509
0.0351509
0.0351509
0.0351509
0.0351509
0.0380326
0.0380326
0.0380326
0.0380326
0.0380326
0.0380326
0.0388759
0.0893237
0
0
0
0.0912871
0.0380326
0
0
0
0.0380326
0.0380326
0.0411926
0.0380326
0.0351509
0
0.0351509
0
0
0.0351509
0.0351509
0.0380326
0.0406446
0.0381062
0.0381062
0.0380326
0.0407007
0.0380693
0.0380693
0.0351509
0.0361787
0.0361787
0.0351509
0.0380326
0.0380326
0.0399043
0
0
0.0381339
0.0404999
0
0
0.038292
0
0
0
0
0.0380326
0.0351509
0.0434646
0.0434646
0.0351509
0.0385663
0.0351509
0
0.0351509
0.0372247
0.0359443
0
0
0
0
0.0360766
0.0360766
0.0351509
0.0371135
0.0351509
0
0.0351509
0.0351509
0.0352089
0.0594789
0.0352089
0.0372247
0.0372247
0.0372247
0.0401826
0.0401826
0.0401826
0.0401826
0.0401826
0.0401826
0
0.0401826
0.0373283
0.0373283
0.0373718
0.0373283
0
0
0
0
0.0382173
0.0372161
0.0372161
0
0
0
0
0.0376533
0
0
0
0
0
0
0
0
0
0
0
0
0
0.0230981
0.0230981
0.0230981
0.0230981
0.0230981
0
0.0230981
0.0230981
0.0230981
0.0230981
0
0.0230981
0.0230981
0.0230981
0.0230981
0
0.0230981
0.0230981
0.0230981
0.0230981
0.0412159
0.0412159
0.0412159
0.0412159
0.0230981
0.0230981
0.0230981
0.0230981
0.0230981
0.0230981
0.0230981
0.0230981
0.0230981
0.0220773
0.0220773
0.0220773
0.0220773
0.0220773
0.0220773
0
0
0
0
0
0
0
0
0
0
0
0
0
0
0
0
0
0
0
0
0
0
0
0
0
0
0
0
0
0
0
0
0
0
0
0
0
0
0
0
0
0
0
0
0
0
0
0
0
0
0
0
0
0
0
0
0
0
0
0
0
0
0
0
0
0
0
0
0
0
0
0
0
0
0
0
0
0
0
0
0
0
0
0
0
0
0
0
0
0
0
0
0
0
0
0
0
0
0
0
0
0
0
0
0
0
0
0
0
0
0
0
0
0
0
0
0
0
0
0
0
0
0
0
0
0
0
0
0
0
0
0
0
0
0
0
0
0
0
0
0
0
0
0
0
0
0
0
0
0
0
0
0
0
0
0
0
0
0
0
0
0
0
0
0
0
0
0
0
0
0
0
0
0
0
0
0
0
0
0
0
0
0
0
0
0
0
0
0
0
0
0
0
0
0
0
0
0
0
0
0
0.0221422
0
0
0
0
0
0.0220702
0.0220702
0
0
0
0
0
0
0
0
0
0
0
0
0
0
0
0
0
0
0
0
0
0
0
0
0
0
0
0
0
0
0
0
0
0
0
0
0
0
0
0
0
0
0
0.022072
0.0220773
0.0220773
0.0220773
0.022072
0
0
0
0.022072
0
0
0
0.022072
0
0
0
0.0347035
0.0347035
0.0347035
0.0347035
0.0347035
0.0347035
0.0347035
0.0347035
0.0347035
0.0347035
0
0
0
0
0
0.0347035
0.0347035
0.0347035
0.0347035
0.0347035
0.0347035
0.0347035
0.0347035
0
0.0347035
0.0347035
0.0347035
0.0347035
0.0347035
0.0347035
0.0347035
0.0347035
0.0347035
0.0347035
0.0347035
0.0347035
0.0347035
0
0
0
0
0
0
0
0
0
0
0
0
0
0
0
0
0
0
0
0
0
0
0
0
0
0
0
0
0
0
0
0.0347035
0.0347035
0.0347035
0.0347035
0.0364501
0.0364501
0.0349571
0.0349571
0.0364905
0.0364905
0
0
0
0
0
0
0.0670151
0.0670151
0.0572911
0.0572911
0.0765466
0.0765466
0
0
0
0
0
0
0
0
0
0
0
0
0
0
0
0
0
0
0
0
0
0
0
0
0
0
0.0356537
0.0356537
0.0393141
0
0
0.0637577
0.0637577
0.0431398
0.0431398
0
0.0347035
0.0347035
0.0347035
0.0393039
0.0393039
0.0402259
0.0393039
0.0347035
0.0637577
0.0637577
0.0637577
0.0650945
0.0650945
0.0650945
0.0650945
0.0650945
0.0637577
0
0
0
0
0
0.0364501
0.0364501
0.0364501
0.0364501
0.0364501
0.0364501
0.0364501
0.0364501
0.0355335
0.0355335
0.0444701
0.0444701
0.0444701
0.0444701
0
0.0444701
0.0444701
0
0
0
0.0369863
0.0369863
0.0369863
0.0369863
0.0369863
0.0355335
0.0369863
0.0369863
0.0369863
0.0369863
0
0.0369863
0
0.0372764
0
0
0
0
0
0
0
0.0372764
0.0393141
0.0393141
0.0393141
0.0393141
0.0367607
0.0367607
0.0367607
0.0367607
0.0367607
0.0374766
0
0.0370794
0.0349571
0.0349571
0.0349571
0.0349571
0.0456594
0.0456594
0.0456594
0.0351581
0.0351581
0.0352673
0.0352673
0.0352673
0.0352673
0.0352966
0.0352966
0
0.0351581
0.0351581
0
0
0
0.0670151
0.0670151
0.0670151
0.104637
0.0670151
0.0670151
0
0.0670151
0.0670151
0
0.0726752
0.0726752
0.140952
0.140952
0.140952
0.140952
0.140952
0.140952
0
0.140952
0.140952
0
0
0
0
0
0
0.140952
0
0.140952
0.0726752
0
0
0
0
0
0
0
0
0
0
0
0
0
0
0
0
0
0
0
0
0
0
0
0
0
0
0
0
0
0
0
0
0
0
0
0
0
0.0572911
0.0572911
0.0572911
0.0572911
0.0572911
0.0608581
0.0608581
0.0608581
0.0608581
0
0.0572911
0.0572911
0.0572911
0.0572911
0.0572911
0.0572911
0.0578315
0
0
0
0
0
0
0
0
0
0
0
0
0
0
0
0
0
0
0
0
0
0
0
0
0
0
0
0
0.0608581
0.0608581
0.0608581
0.0608581
0.0608581
0.0608581
0.0608581
0.0609333
0
0
0
0
0
0
0.0608581
0.0608581
0.0608581
0.0784063
0
0.0825723
0.0825723
0.0825723
0.0825723
0.0825723
0
0
0
0.0825723
0.0825723
0.0632034
0.0608581
0.0613524
0
0
0
0
0
0
0
0
0
0
0
0
0
0
0
0
0
0
0
0
0
0
0
0
0
0
0
0
0
0
0
0
0
0
0
0
0
0
0
0
0.0765466
0.0765466
0.0765466
0.0765466
0.0765466
0.0766965
0.0766965
0
0.0771517
0.0771517
0
0.0771517
0.0796398
0.0765466
0.0765466
0
0.0765466
0
0.0349286
0.0349286
0.0349286
0
0
0
0
0
0
0
0.0364905
0.0364905
0.0364905
0.0364905
0.0364905
0.0538903
0.121268
0.0547997
0.0547997
0
0
0
0
0
0
0
0
0
0
0.0547997
0.0364501
0.0364501
0.0364501
0.0364501
0
0.0364501
0.0364905
0.0364905
0.0364905
0.0369695
0.0369695
0.0369695
0
0.0369695
0.0618984
0.0618984
0.0632878
0.0618984
0
0
0
0.0618984
0
0
0
0
0
0
0
0
0
0
0
0
0
0
0
0
0
0
0
0
0
0
0
0
0
0
0
0
0
0
0
0
0
0
0
0
0
0
0
0
0
0.0352017
0.0352017
0
0.0352381
0.035616
0.0347035
0.0347035
0.0347035
0.0347035
0.0347035
0.0347035
0.0347035
0.0347035
0.0347035
0.0347035
0.0347035
0.0347035
0.0347035
0.0347035
0
0
0
0.0347035
0.0347035
0.0347035
0.0347035
0.0347035
0.0347035
0.0347035
0.0347035
0
0.0347035
0.0347035
0.0347035
0.0347035
0.0347035
0.0347035
0.0347035
0.0347035
0.0347035
0.0347035
0.0347035
0.0347035
0.0347035
0.0333704
0.0333704
0.0333704
0.0333704
0.0333704
0.0333704
0
0.0333704
0.0333704
0
0
0
0
0.0333704
0.0333704
0.0333704
0.0333704
0.0333704
0.0333704
0
0.0333704
0.0333704
0.0333704
0.0333704
0.0335013
0.0335013
0.0335013
0.0335075
0.0335013
0.0333704
0.0333704
0.0333704
0.034001
0.0333704
0
0
0
0
0
0
0
0
0
0
0
0
0
0
0
0
0
0
0
0
0
0
0
0
0
0
0
0
0
0
0
0
0
0
0
0
0
0
0
0
0
0
0
0
0
0
0
0
0
0
0
0
0
0
0
0
0
0
0
0.0220702
0
0.0220702
0
0.0220702
0
0.0220702
0
0.0345033
0
0
0
0
0
0
0
0
0
0
0
0
0
0
0
0
0.0220702
0.0220702
0.0220702
0.0220702
0.0220702
0.0220702
0.0220702
0.0220702
0.0220702
0.0220702
0.0220702
0.0220702
0.0220702
0.0220702
0.0220702
0.0220702
0.0220702
0.0220702
0.0220702
0.0220702
0.0220702
0.0220702
0.0220702
0.0220702
0.0220702
0.0220702
0.0220702
0.0220702
0.0220702
0
0
0.0220702
0.0220702
0.0220702
0.0220702
0.0220702
0.0220702
0.0220737
0
0
0
0
0
0
0
0
0
0
0
0.0220702
0.0220702
0.0220702
0.0220702
0.0220702
0.0220702
0.0220702
0
0
0
0
0
0
0
0
0
0
0
0
0
0
0
0
0
0
0
0
0
0
0
0
0
0
0
0
0
0
0
0
0
0
0
0
0
0
0
0
0
0
0
0
0
0
0
0
0
0
0
0
0
0
0
0
0
0
0
0
0
0
0
0
0
0
0
0
0
0
0
0
0
0
0
0
0
0
0
0
0
0
0
0
0
0
0
0
0
0
0
0
0
0
0
0
0
0
0
0
0
0
0
0
0
0
0
0
0
0
0
0
0
0
0
0
0
0
0
0
0
0
0
0
0
0
0
0
0
0
0
0
0
0
0
0
0
0
0
0
0
0
0
0
0
0
0
0
0
0
0
0
0
0
0
0
0
0
0
0
0
0.0279508
0.0279508
0.0279508
0.0279508
0
0
0
0
0
0.0279508
0
0
0
0
0
0
0
0
0
0.0346203
0.0346203
0.0457709
0.0457709
0.0457709
0.0457709
0.0220737
0.0220737
0.0220737
0.0220737
0.0220737
0.0220737
0.0457709
0.0457709
0
0.0499584
0.0499584
0.0457709
0
0
0
0
0
0.0222241
0
0.0231249
0.0238298
0
0
0
0.0230981
0.0230981
0.0460939
0.0467439
0.0460939
0.0230981
0
0
0
0
0
0
0
0.0347035
0.0347035
0.0346896
0.0346896
0.0346896
0.0346896
0.0346896
0.0346896
0.0346896
0.0346896
0.0346896
0.0346896
0.0220702
0.0220702
0.0220702
0.0220702
0.0220702
0.0220702
0.0220702
0.0220702
0.0347035
0.0347035
0.0347035
0.0347035
0.0347035
0.0347035
0.0347035
0.0347035
0.0347035
0.0352162
0.0352162
0.0352162
0.0352162
0.0347035
0.0347035
0.0347035
0.0385186
0.0385186
0.0385186
0.0385186
0.0385186
0.0279508
0.0385186
0.0347035
0.0347035
0.0347035
0
0
0
0
0
0
0
0
0
0
0
0
0
0
0
0
0
0
0
0
0
0
0
0
0.0346896
0.0346896
0.0346896
0.0346896
0.0346896
0.0346896
0.0346896
0.0346896
0.0346896
0.0346896
0.0346896
0.0346896
0.0346896
0.0346896
0.0346896
0.0346896
0.0346896
0.0346896
0.0346896
0.0346896
0.0346896
0.0346896
0.0346896
0.0346896
0.0346896
0.0346896
0.0346896
0.0346896
0.0350213
0.0351364
0.204124
0.0352162
0.0347035
0.0347035
0.0347035
0.0347035
0.0347035
0.0347035
0.0347035
0.0347035
0.0347035
0.0349002
0.0349002
0.0347035
0.0349002
0.0349002
0.0347035
0.0347035
0.0347035
0.0347035
0.0347035
0.0347035
0.0347035
0.0347734
0.0347734
0.0347035
0.0347035
0.0347035
0.0347035
0.0347035
0.0347035
0.0370201
0.0347035
0.0347035
0.0347035
0.0347035
0.0347035
0.0572911
0.0572911
0.0572911
0.0352162
0.0385186
0.0352162
0.036769
0.0364501
0.0364501
0.0371562
0
0
0.0431666
0.0431666
0.0364905
0.0393242
0.0347035
0.0347035
0
0
0
0
0.0361315
0.0362659
0.0574169
0.0574169
0
0
0
0
0.0670151
0.0347035
0.0670151
0.0670151
0.0670151
0.612372
0.612372
0.612372
1
0
0
0
0
0
0
0
0.0670151
0.0670151
0.0670151
0.0670151
0.0670151
0
0
0.0670151
0.0728679
0.0670151
0.0670151
0.0670151
0.0670151
0.104637
0.104637
0.104637
0.104637
0.104637
0.104637
0.104637
0
0
0
0.866025
0.104637
0.27735
0.27735
0.104637
0.0670151
0.0360375
0.0360375
0.0360375
0.0387395
0.0393648
0
0
0
0.0360375
0.0348719
0.0348719
0.0348719
0
0
0
0
0.0431666
0.0431666
0.0431666
0
0
0
0
0
0.0432742
0.0432742
0.0431666
0.0352162
0.0352162
0.0352162
0.0352162
0.0352162
0.0352162
0.0352162
0.0370201
0.0352162
0.0431666
0.0431666
0.0431666
0
0.0431666
0.0431666
0.0375912
0.0383765
0
0
0
0.0351364
0.0351364
0
0
0
0
0
0
0
0.0351364
0.0351364
0.0351364
0.0351364
0.0351364
0.0351364
0.0351364
0
0
0
0
0
0.0351364
0.0351509
0.0351509
0.0351509
0.0351509
0.0351509
0.0351509
0.0377426
0.0377426
0.037914
0.0377426
0.0377605
0.0351509
0.0351509
0.0386238
0.0351509
0.0351509
0.0351509
0.0387589
0.0387589
0.0351871
0
0
0.0351509
0.0351871
0.0351509
0.0351364
0.0386238
0.0386238
0.0409501
0.0351799
0
0
0
0
0.0351799
0
0
0
0
0
0
0
0
0
0
0
0
0
0
0
0
0
0
0
0
0
0
0
0
0.0351003
0.0351003
0.0350859
0.0350859
0.0351003
0.0372333
0.0350859
0.0350859
0.0350715
0.0350715
0.0350715
0.0350715
0.0350715
0
0
0
0.0350715
0.0350715
0.0350715
0.0350715
0.0398621
0.0398621
0.0398621
0.0350787
0.0355859
0.0350787
0.0350787
0
0
0
0
0.0350715
0.0350715
0.0357676
0.037122
0.037122
0.037122
0.037122
0.037122
0.037122
0.0402042
0.037122
0.037122
0
0.0350715
0.0354887
0.0354887
0
0.0360297
0.0350715
0
0
0
0
0.0350715
0
0
0
0
0
0
0
0
0.0354663
0.0393648
0.0356462
0.0376444
0.0480754
0.0830455
0
0
0
0.0990148
0.255377
0
0
0
0
0
0
0
0
0
0
0
0
0
0
0
0.0572911
0.0572911
0.0572911
0.0572911
0
0
0
0
0
0
0
0
0
0
0
0.0572911
0.0572911
0
0
0
0
0
0
0.0572911
0.0572911
0
0.0572911
0.0572911
0
0
0
0
0.0572911
0
0
0
0
0
0
0
0
0
0
0
0
0
0
0
0
0.0367607
0.0367607
0.0367607
0.0367607
0.0367607
0.0367607
0.0367607
0
0.0367607
0
0
0
0
0
0
0
0
0
0.0367607
0
0
0
0.0369863
0.0369863
0.0374941
0.0374941
0.0383577
0.0383577
0.0384048
0.0374941
0.0374941
0
0
0
0
0
0
0
0.0369863
0.0369863
0
0.0369863
0.0369863
0.0382453
0.0369863
0
0
0
0
0.0369863
0.0372419
0.0372419
0.0373631
0.0373631
0
0.0347035
0
0
0
0
0
0
0
0
0
0
0
0
0
0
0
0.0347035
0.0347035
0.0347035
0.0347035
0.0347035
0.0347035
0.0347035
0.0455961
0.045723
0.0347035
0.0369779
0.0369779
0.0369779
0.0360609
0.0360687
0
0
0
0
0
0
0
0
0
0
0
0.0352162
0.0352162
0.0352162
0.0352162
0.0352162
0.0352162
0.0352162
0.0352162
0
0
0
0
0.0352162
0.0352162
0.0352162
0.0352162
0.0352162
0.0352162
0.0352162
0.0352162
0.0352162
0.0352162
0.0370286
0.0370286
0
0.0352162
0.0352162
0.0352162
0.0352162
0.0352162
0.0352162
0.0352162
0.0352162
0.0352162
0.0352162
0.0381154
0.0381154
0.0381154
0
0.0381154
0.0352162
0.0352162
0.0352162
0.0352162
0.0352162
0.0352308
0.0354366
0.035348
0.0650027
0.0650027
0.0352162
0
0
0
0
0.0346896
0.0346896
0.0346896
0.0346896
0.0346896
0.0346896
0.0346896
0.0346896
0.0220702
0.0220702
0.0220702
0.0220702
0.0220702
0.0220702
0.0220702
0.0220702
0
0.036242
0.036242
0
0
0
0
0
0
0
0
0
0
0
0
0
0
0
0
0
0
0
0
0
0
0
0.0374766
0
0
0
0
0.0374766
0
0
0
0
0
0
0
0
0
0
0
0
0
0
0
0
0
0
0
0
0
0
0.06415
0
0
0
0
0.0651866
0.0468979
0.0448411
0
0.0448411
0.0448411
0.0507673
0.0421575
0.078811
0
0.078811
0
0
0
0
0
0
0
0
0
0
0
0
0.0401826
0.0401826
0.0401826
0
0.0401826
0.0398621
0.0398621
0.0398621
0
0
0
0
0.0398621
0.0398621
0.0401394
0.0401934
0.0401934
0.0401934
0.0401934
0.0401934
0
0
0.0401934
0.0401934
0.0401934
0
0
0.0398621
0.0377068
0.0377068
0
0
0
0
0
0.0377068
0
0
0
0
0
0
0
0
0
0
0
0
0
0.0349215
0.0349215
0
0
0.0349215
0.0349215
0.0341262
0.0341262
0.0341262
0.0731925
0
0
0
0
0
0
0
0
0
0
0
0
0
0.0349215
0.0492665
0
0
0
0
0
0
0
0
0
0.0514799
0.0514799
0.0787296
0.0787296
0.0797241
0.0514799
0.0514799
0.100673
0
0
0
0
0
0.0492665
0.0492665
0
0.0492665
0
0.0332841
0.0333828
0.0332841
0
0
0.0221422
0
0
0.0221422
0.0221422
0.0221422
0.0221422
0.0221422
0.0221422
0.0221422
0.0221422
0.0221422
0.0221422
0
0
0
0
0
0
0
0
0
0
0
0
0
0
0
0
0
0
0
0
0
0
0
0
0
0
0
0
0
0
0
0
0
0
0.0378686
0.0379231
0
0
0
0
0
0
0
0
0
0
0
0
0
0
0
0
0
0
0
0
0
0
0
0
0
0
0
0
0
0
0
0
0
0
0
0
0
0
0
0
0
0
0
0
0
0
0
0
0
0
0
0
0
0
0
0
0
0
0
0
0
0
0
0
0
0
0
0
0
0
0
0
0
0
0
0
0
0
0
0
0
0
0
0
0
0
0
0
0
0
0
0
0
0
0
0
0
0
0
0
0
0
0
0
0
0
0
0
0
0
0
0
0
0
0
0
0
0
0
0
0
0
0
0
0
0
0
0
0
0
0
0
0
0
0
0
0
0
0
0
0
0
0
0
0
0
0
0
0
0
0
0
0
0
0
0
0
0
0
0
0
0
0
0
0
0
0
0
0
0
0
0
0
0
0
0
0
0
0
0
0
0
0
0
0
0
0
0
0
0
0
0
0
0
0
0
0
0
0
0
0
0
0
0
0
0
0
0
0
0
0
0
0
0
0
0
0
0
0
0
0
0
0
0
0
0
0
0
0
0
0
0
0
0
0
0
0
0
0
0
0
0
0
0
0
0
0
0
0
0
0
0
0
0
0
0
0
0
0
0
0
0
0
0
0
0
0
0
0
0
0
0
0
0
0
0
0
0
0
0
0
0
0
0
0
0
0
0
0
0
0
0
0
0
0
0
0
0
0
0
0
0
0
0
0
0
0
0
0
0
0
0
0
0.0252592
0
0.0253293
0
0
0
0
0
0
0
0
0
0
0
0
0
0
0
0
0.0249197
0
0
0
0
0
0
0
0
0
0
0.0330049
0
0
0
0
0
0
0
0
0
0
0
0
0
0
0.0246782
0
0.0246782
0
0
0
0
0
0
0
0
0
0
0
0
0
0
0
0
0
0
0
0.024412
0.0243757
0.0242038
0.0242038
0.0256664
0.0275589
0
0
0
0
0
0
0
0
0
0
0
0
0
0
0
0
0
0
0
0
0
0
0
0
0
0
0
0
0
0
0
0
0
0
0
0
0
0
0
0
0
0
0
0
0
0
0
0
0
0
0
0
0
0.0265124
0.0292186
0.0244485
0
0
0
0
0
0
0
0
0
0
0
0
0
0
0
0
0
0
0
0.0355634
0.0355634
0.0355634
0.0246832
0.0293695
0
0.0247613
0.102598
0.102598
0
0.105802
0.106
0
0
0
0
0
0
0
0
0
0
0
0.105802
0
0
0
0
0
0
0
0
0
0
0
0
0
0
0
0
0
0
0
0
0
0
0
0
0
0
0
0
0
0
0
0
0
0
0
0
0
0
0
0
0
0
0
0
0
0
0
0
0
0
0
0
0
0
0
0
0
0
0
0
0
0
0
0
0
0
0
0
0
0
0
0
0
0
0
0
0
0
0
0
0
0
0
0
0
0
0
0
0
0
0
0
0
0
0
0
0
0
0
0
0
0
0
0
0
0
0
0
0
0
0
0
0
0
0
0
0
0
0
0
0
0
0
0
0
0
0
0
0
0
0
0
0
0
0
0
0
0
0
0
0
0
0
0
0
0
0
0
0
0
0
0
0
0
0
0
0
0
0
0
0
0
0
0
0
0
0
0
0
0
0
0
0
0
0
0
0
0
0
0
0
0
0
0
0
0
0
0
0
0
0
0
0
0
0
0
0
0
0
0
0
0
0
0.0244876
0.0244876
0.0244876
0.0293021
0.0293021
0.0328325
0.0457549
0.0288996
0.0244876
0.0346064
0.0346064
0.0346064
0.0346064
0.0346064
0
0
0
0
0
0.0222076
0.0231703
0.0222076
0
0
0
0
0
0
0
0
0
0
0
0
0
0
0
0
0
0
0
0
0
0
0
0
0
0
0
0
0
0
0
0
0
0
0
0
0
0
0
0.0250418
0.0250418
0.025047
0.025047
0
0.0251233
0.0282017
0.0251233
0.0373631
0.0251259
0
0.0251259
0.0287757
0.0257827
0.0292311
0.0304572
0
0.0298187
0.0344555
0.0344555
0.0344555
0.0365311
0.0358057
0.0277921
0.0363376
0.0372419
0.0909091
0.0883883
0.104257
0
0.120096
0.0351509
0.149071
0.0357295
0.129099
0.0357981
0.0378868
0.0364501
0.0345033
0.0357752
0.0350428
0.102598
0.102598
0
0
0
0.339683
0.0350428
0
0
0
0
0
0
0
0
0
0
0
0
0
0
0
0
0
0
0
0
0
0
0
0
0
0
0
0
0
0
0
0
0
0
0
0
0
0
0.0351509
0.0351509
0.0351509
0.204124
0
0.252646
0
0
0
0
0
0
0
0
0
0
0
0
0
0
0
0
0
0
0
0
0
0
0
0
0
0
0
0
0
0
0
0
0
0
0
0
0
0
0
0
0
0
0
0
0
0
0
0
0
0
0
0
0
0
0
0
0
0
0
0
0
0
0
0
0
0
0
0
0
0
0
0
0
0
0
0
0
0
0
0
0
0
0
0
0
0
0
0
0
0
0
0
0
0
0
0
0
0
0
0
0
0
0
0
0
0
0
0
0
0
0
0
0
0
0
0
0
0
0
0
0
0
0
0
0
0
0
0
0
0
0
0
0
0
0
0
0
0
0
0
0
0
0
0
0
0
0
0
0
0
0
0
0
0
0
0
0
0
0
0
0
0
0
0
0
0
0
0
0
0
0
0
0
0.0220184
0
0
0
0
0
0
0
0
0
0
0
0
0
0
0
0
0
0
0
0
0
0.0572911
0
0
0.0572911
0.0347035
0
0
0
0
0
0
0
0
0
0
0
0
0
0
0
0
0
0
0
0
0
0
0
0
0
0
0
0
0
0
0
0
0
0
0
0
0
0
0
0
0
0
0
0
0
0
0
0
0
0
0
0
0
0
0
0
0
0
0
0
0
0
0
0
0
0
0
0
0
0
0
0
0
0
0
0
0
0
0
0
0
0
0
0
0
0
0
0
0
0
0
0
0
0
0
0
0
0
0
0
0
0
0
0
0
0
0
0
0
0
0
0
0
0
0
0
0
0
0
0
0
0
0
0
0
0
0
0
0
0
0
0
0
0
0
0
0
0
0.0345719
0.0345719
0.0345719
0.0345719
0.0345719
0.0345719
0.0345719
0
0
0
0
0
0
0
0
0
0.0220702
0.0220702
0.0220702
0.0220702
0.0220702
0.0220702
0.0220702
0.0220702
0.0220702
0
0
0
0
0
0
0
0
0
0
0
0
0
0
0
0
0
0
0
0
0
0
0
0
0
0
0
0
0
0
0
0
0
0
0
0
0
0
0
0
0
0
0
0
0
0
0
0
0
0
0
0
0
0
0
0
0
0
0
0
0
0
0
0
0.0222021
0
0
0
0
0
0
0
0
0
0
0
0
0
0
0
0
0
0.0220773
0.0220773
0.0220773
0
0
0.0352819
0.0352819
0.0352819
0.0352819
0.0352819
0.0352819
0.0352819
0.0352819
0.0352819
0.0358211
0.0352819
0.0352819
0.0352819
0
0
0
0
0
0
0
0
0
0
0
0
0
0
0.035684
0.035684
0.035684
0.035684
0
0
0
0.0381154
0.038097
0.0367773
0.0367773
0.0367773
0
0
0
0
0
0
0
0
0
0
0
0
0
0
0
0
0
0
0
0
0
0
0
0
0
0
0
0
0
0
0
0
0
0
0
0
0
0
0
0
0
0
0
0
0
0
0
0
0
0
0
0
0
0
0
0
0
0
0
0
0
0
0
0
0
0
0
0
0
0
0
0
0
0
0
0
0
0
0
0
0
0
0
0
0
0
0
0
0
0
0
0
0
0
0
0
0
0
0
0
0
0
0
0
0
0
0
0
0
0
0
0
0
0
0
0
0
0
0
0
0
0
0
0
0
0
0
0
0
0
0
0
0
0
0
0
0
0
0
0
0
0
0
0
0
0
0
0
0
0
0
0
0
0
0
0
0
0
0
0
0
0
0
0
0
0
0
0
0
0
0
0
0
0
0
0
0
0
0
0
0
0
0
0
0
0
0
0
0
0
0
0
0
0
0
0
0
0
0.0220291
0.0220291
0.0220291
0
0
0
0
0
0
0
0
0.0523903
0
0
0
0
0
0
0
0
0
0.0559308
0
0
0.0573225
0
0
0
0.0573225
0.0573225
0.0347105
0.0347105
0
0.0367112
0
0
0
0.0607083
0
0.0220184
0.0220487
0.0220487
0.0220487
0.0220487
0
0
0
0
0
0
0
0
0.0220702
0
0
0
0
0
0
0
0
0
0
0
0
0
0
0
0
0
0
0
0
0
0
0
0
0
0
0
0
0
0
0
0
0
0
0
0
0
0
0
0
0
0
0
0
0
0
0
0
0
0
0
0
0
0
0
0
0
0
0
0
0
0
0
0
0
0
0
0
0
0
0
0
0
0
0.0221422
0
0
0
0
0
0.0220702
0
0
0
0
0
0
0
0
0
0
0
0
0
0.0220737
0.0457709
0
0
0
0.0457709
0
0.0457709
0.0457709
0.0457709
0.0459639
0.0459639
0
0.0459639
0
0
0
0.0457709
0.0457709
0.0457709
0.261116
0.0457709
0
0.0457709
0
0.0457709
0.0457709
0.0457709
0.148522
0.0457709
0
0.0457709
0
0.0457709
0
0
0.0347035
0.0347035
0.0347035
0.0347035
0.0347035
0.0347035
0.0347035
0
0.0347035
0.0347035
0.0347035
0
0
0
0
0
0
0
0
0
0
0
0
0
0.0343875
0
0
0
0
0
0
0
0
0
0
0
0
0
0
0
0
0
0
0
0
0
0
0
0
0
0
0
0
0
0
0
0
0
0
0
0
0
0
0
0
0
0
0
0
0
0
0
0
0
0
0
0
0
0
0
0
0
0
0
0
0
0
0
0
0
0
0
0
0
0
0
0
0.0230981
0.0230981
0.0230981
0.0230981
0.0377964
0
0
0
0
0
0
0
0
0
0
0
0
0
0
0
0
0
0
0
0
0
0
0
0
0
0
0
0
0
0
0
0
0
0
0
0
0
0
0
0
0
0
0
0
0.0382266
0.0382266
0.0382266
0.0382266
0.0382266
0
0
0
0
0
0
0
0
0
0
0
0
0
0
0.0365311
0.0365311
0
0.0365473
0.0365473
0
0
0
0
0
0
0
0
0
0
0
0
0
0
0
0
0
0
0
0
0
0
0
0
0
0
0
0
0
0
0
0
0
0
0
0
0
0
0
0
0
0
0.0356386
0
0
0
0
0
0
0
0
0
0
0
0
0
0
0
0
0
0
0
0
0
0
0
0
0
0
0
0
0
0
0
0
0
0
0
0
0
0
0
0
0
0
0
0
0
0
0
0
0
0
0
0
0
0
0
0
0
0
0
0
0
0
0
0
0
0
0
0
0
0
0
0
0
0
0
0
0
0
0
0
0
0.0357676
0.0357676
0.0357676
0.0357676
0.0357676
0.0357676
0.0357676
0.0357676
0.0357676
0
0
0
0.0357676
0
0
0
0
0
0
0
0
0
0
0
0
0
0
0
0
0
0
0
0
0
0
0
0
0
0
0
0
0
0
0
0
0
0.0220702
0.0220702
0.0220702
0
0
0
0
0
0
0
0.0222186
0.0222186
0.0222186
0.0222186
0.0222186
0.0222186
0.0222424
0.0222424
0.0222424
0.0222424
0
0
0
0.0222939
0.0222939
0
0
0
0.0222424
0.0222424
0.0222424
0
0
0.0222424
0
0.0222644
0.0222424
0.0222424
0
0
0
0
0
0
0
0
0
0
0
0
0
0
0
0
0
0
0
0
0
0
0
0
0
0
0
0
0
0
0
0
0
0
0
0
0
0
0
0
0
0
0
0
0
0
0
0
0
0
0
0
0
0
0
0
0
0
0
0
0
0
0
0
0
0
0
0
0
0
0
0
0
0
0
0
0
0
0
0
0
0
0
0
0
0
0
0
0
0
0
0
0
0
0
0
0
0
0
0
0
0
0
0
0
0
0
0
0
0
0
0
0
0
0
0
0
0
0
0
0
0
0
0
0
0
0
0
0
0
0
0
0
0
0
0
0
0
0
0
0.0222387
0.0222387
0.0222387
0.0222387
0
0
0
0
0
0
0
0
0
0
0
0
0
0
0
0
0
0.0537086
0.0547723
0.0547723
0
0
0.0547723
0
0
0.0548821
0
0
0
0
0.0554416
0
0
0
0
0
0
0
0
0
0.0220612
0.0220612
0.0220612
0.0220612
0.0220612
0.0220612
0.0220612
0.0220612
0.0220612
0
0
0
0
0
0
0
0
0
0
0
0
0
0
0
0
0
0
0
0
0
0
0
0
0
0
0
0
0
0
0
0
0
0
0
0
0
0
0
0
0
0
0
0
0
0
0
0
0
0
0
0
0
0
0
0
0
0
0
0
0
0
0
0
0
0
0
0
0
0
0
0
0
0
0
0
0
0
0
0
0
0
0
0
0
0
0
0
0
0
0
0
0
0
0
0
0
0
0
0
0
0
0
0
0
0
0
0
0
0
0
0
0
0
0
0
0
0
0
0
0
0
0
0
0
0
0
0
0
0
0
0
0
0
0
0
0
0
0
0
0
0
0
0
0
0
0
0
0
0
0
0
0
0
0
0
0
0
0
0
0
0
0
0
0
0
0
0
0
0
0
0
0
0
0
0
0
0
0
0
0
0
0
0
0
0
0
0
0
0
0
0
0
0
0
0
0
0
0
0
0
0
0
0
0
0
0
0
0
0
0
0
0
0
0
0
0
0
0
0
0
0
0
0
0
0
0
0
0
0
0
0
0
0
0
0
0
0
0
0
0
0
0
0
0
0
0
0
0
0
0
0
0
0
0
0
0
0
0
0
0
0
0
0
0
0
0
0
0
0
0
0
0.0347035
0.0347035
0.0347035
0.0347035
0.0347035
0
0.0347035
0.0347035
0.0347035
0.0352162
0.0352162
0.0347035
0.0347035
0.0347035
0.0352162
0.0650027
0.0352162
0.0360453
0.0360453
0.0360453
0.0360453
0.0374941
0.0374941
0
0.0352162
0
0
0
0
0
0
0
0
0
0
0
0
0
0
0
0
0
0
0
0
0
0
0
0
0
0
0
0
0
0
0
0
0
0
0
0
0
0
0
0
0
0
0
0
0
0.0220702
0
0
0
0
0
0
0
0
0
0
0
0
0
0
0
0
0
0
0
0
0
0
0
0
0
0
0
0
0
0
0
0
0
0
0
0
0
0
0
0
0
0
0
0
0
0
0
0
0
0
0
0
0
0
0
0
0
0
0
0
0
0
0
0
0
0
0
0
0
0
0
0
0.032553
0
0.032553
0.032553
0.032553
0.032553
0.032553
0.032553
0.032553
0.032553
0.032553
0.032553
0.032553
0.032553
0.032553
0.032553
0.032553
0.032553
0.032553
0.032553
0.032553
0.032553
0
0
0
0
0
0
0.032553
0.032553
0
0.032553
0.032553
0.032553
0.032553
0.032553
0.032553
0.032553
0.032553
0
0.032553
0.032553
0.032553
0.032553
0.032553
0.032553
0.032553
0.032553
0.032553
0.0349642
0
0
0.0366536
0
0
0.032553
0.032553
0
0
0
0
0
0.0328502
0
0
0
0.0325587
0.032553
0
0
0
0
0
0
0
0
0
0
0
0
0
0
0.032553
0.032553
0
0
0.0338902
0.0338902
0
0
0
0
0
0
0
0
0
0
0.0614295
0.0614295
0
0
0
0.0383482
0.0383482
0
0
0
0
0
0
0
0
0
0
0
0
0
0
0
0
0
0
0
0
0
0
0
0
0
0
0
0
0
0
0
0
0
0
0
0
0
0
0
0
0
0
0
0
0
0
0
0
0
0
0
0
0
0
0
0
0
0
0
0
0
0.032553
0.032553
0
0.032553
0.032553
0.0373283
0.032553
0.0325587
0.0344964
0.032553
0.0325702
0
0.0325991
0
0.032553
0
0
0
0
0
0.0338902
0.0338902
0.0338902
0
0
0
0
0
0
0
0
0
0
0
0
0
0
0
0
0
0
0
0
0
0
0
0
0
0
0
0
0
0
0
0
0
0
0
0
0
0
0
0
0
0
0
0
0
0
0
0.0614295
0.0614295
0
0
0
0
0
0
0
0
0
0.0614295
0.0630358
0.0614295
0.0615069
0
0.0614295
0.0383482
0.0383482
0.0383482
0.0325875
0
0.0324557
0.0324557
0.032576
0.0324842
0
0
0
0
0
0
0
0
0
0
0
0
0
0
0
0
0
0
0
0
0
0
0
0
0
0
0.0324899
0.0324899
0.0387881
0.0324899
0.033053
0.0325645
0.0324671
0
0
0
0
0
0.0324671
0.032553
0.032553
0.032553
0.032553
0.0326802
0
0
0
0
0
0
0
0
0
0
0
0
0
0
0
0
0.032868
0
0
0
0
0
0
0
0
0
0
0
0
0
0
0.0326802
0.0336527
0.0782461
0.0327035
0.032975
0.0338255
0.0185312
0
0
0
0
0
0
0
0
0
0
0
0
0
0
0
0
0
0
0
0
0
0
0
0
0
0
0
0
0
0
0.0220702
0.0220702
0.0220702
0.0220702
0.0220702
0.0220702
0.0220702
0.0220702
0.0220702
0.0220702
0.0220702
0.0220702
0.0220702
0
0
0
0
0
0
0
0
0
0
0
0
0
0
0
0
0
0
0
0
0
0
0
0
0
0
0
0
0
0
0
0
0
0
0
0
0
0
0
0
0
0
0
0
0
0
0
0
0
0
0
0
0
0
0
0
0
0
0
0
0
0
0
0
0
0
0
0
0
0
0
0
0
0
0
0
0
0
0
0
0
0
0
0
0
0
0
0
0
0
0
0
0
0
0
0
0
0
0
0
0
0
0
0
0
0
0
0
0
0
0
0
0
0
0
0
0
0
0
0
0
0
0
0
0
0
0
0
0
0
0
0
0
0
0
0
0
0
0
0
0
0
0
0
0
0
0
0
0
0
0
0
0
0
0
0
0
0
0
0
0
0
0
0
0
0
0
0
0
0
0
0
0
0
0
0
0
0
0
0
0
0
0
0
0
0
0
0
0
0
0
0
0
0
0
0
0
0
0
0
0
0
0
0
0
0
0
0
0
0
0
0
0
0
0
0
0
0
0.0345033
0
0
0
0.022072
0.022072
0.022072
0.022072
0.022072
0.022072
0.0221079
0.022072
0
0
0
0
0
0
0
0
0
0
0
0
0
0
0
0
0
0
0
0
0
0
0
0
0
0
0
0
0
0
0
0
0
0
0
0
0
0
0
0
0
0
0
0
0
0.0221839
0.0221839
0.0221839
0
0
0
0
0
0
0.0221839
0
0
0
0
0
0
0
0
0.0345033
0
0
0
0
0
0
0
0
0
0
0.0220702
0
0
0
0
0
0
0
0
0
0
0
0
0
0
0
0
0
0
0
0
0
0
0
0
0
0
0
0
0
0
0
0
0
0
0
0
0
0
0
0
0
0
0
0
0
0
0
0
0
0
0
0
0
0
0
0
0
0
0
0
0
0
0
0
0
0
0
0
0
0
0
0
0
0
0
0
0
0
0
0
0
0
0
0
0
0
0
0
0
0
0
0
0
0
0
0
0
0
0
0
0
0
0
0
0
0
0
0
0
0
0
0.0220737
0.0220737
0.0220737
0.0220737
0.0220737
0.0220737
0.0426531
0.0426531
0.04598
0.04598
0.04598
0.04598
0.04598
0.0697863
0.04598
0.0460939
0.04598
0
0
0
0.04598
0.0819232
0
0
0
0
0
0
0.04598
0.0427179
0.0220737
0
0
0
0
0
0
0
0
0
0
0
0
0
0
0
0
0
0
0
0
0
0
0
0
0
0
0
0
0
0
0
0
0
0
0
0
0
0
0
0
0
0
0
0
0
0
0
0
0
0
0
0
0
0
0
0
0
0
0
0
0
0
0
0
0
0
0
0
0
0
0
0
0
0
0
0
0
0
0
0
0
0
0
0
0
0
0
0
0
0
0
0
0
0
0
0
0
0
0
0
0
0
0
0
0
0
0
0
0
0
0
0
0
0
0
0
0
0
0
0
0
0
0
0
0
0
0
0
0
0
0
0
0
0
0
0
0
0
0
0
0
0
0
0
0
0
0
0
0
0
0
0
0
0
0
0
0
0
0
0
0
0
0
0
0
0
0
0
0
0
0
0
0
0
0
0
0
0
0
0
0
0
0.0220773
0
0.0220773
0
0
0
0
0
0
0
0
0
0
0
0
0
0
0
0
0
0
0
0
0
0.0220702
0.0220702
0.0220702
0.0220702
0.0220702
0.0220702
0
0
0
0
0
0
0
0
0
0
0
0
0
0
0
0
0
0
0
0
0
0
0
0
0
0
0
0
0
0
0
0
0
0
0
0
0
0
0
0
0
0
0
0
0
0
0
0
0
0
0
0
0
0
0
0
0
0
0
0
0
0
0
0
0
0
0
0
0
0
0
0
0
0
0
0
0
0
0.0220702
0.0220702
0.0220702
0.0220702
0.0220702
0.0220702
0.0220702
0.0220702
0.0220702
0.0220702
0.0220702
0.0220702
0.0220702
0
0
0
0
0
0
0
0
0
0
0
0
0
0
0
0
0
0
0
0
0
0
0
0
0
0
0
0
0
0
0
0
0
0
0
0
0
0
0
0
0
0
0
0
0
0
0
0
0
0
0
0
0
0
0
0
0
0
0
0
0
0
0
0
0
0.0303915
0.0303915
0.0303915
0.0303915
0.0303915
0.0303915
0
0
0
0
0
0
0.0307777
0.0303915
0
0
0
0
0
0
0
0.0307777
0.0307777
0.0307777
0.0307777
0.0307777
0.0332106
0.0307777
0
0
0
0
0.0313163
0
0
0
0
0
0
0
0
0
0.032553
0.032553
0.0328561
0.0328561
0.0328561
0
0
0
0
0
0
0
0
0
0
0
0
0
0
0
0
0
0
0
0
0
0
0
0
0
0
0
0
0.0222424
0.0222424
0.0222424
0.0222424
0.0222424
0.0222424
0.0222424
0.0222424
0.0222424
0.0222424
0.0222424
0.0222424
0.0222424
0.0222424
0.0222424
0.0222424
0.0222424
0.0222424
0.0222424
0.0222626
0.0222626
0
0
0.0269517
0
0.0241543
0.0244072
0
0
0
0
0.0307438
0
0
0
0
0
0
0.0234061
0.0234404
0
0
0
0
0
0
0
0
0
0.0244876
0
0.026968
0
0
0
0.0608581
0.0223663
0.0599042
0.0332595
0.0427049
0
0.0448561
0.0222626
0
0
0
0
0.0264166
0.0264166
0.0264166
0.0264166
0
0
0
0
0.0315388
0
0
0
0
0
0
0
0
0.0222626
0.0241543
0.0241543
0.0311891
0.0311891
0.0241543
0.0266912
0.0267484
0
0
0
0
0
0.0266912
0.0266912
0
0
0
0
0
0
0
0
0.0269517
0.0269517
0.0269517
0
0.0269517
0.0222626
0.0222626
0.022281
0.022281
0.0222626
0.0222626
0.0222626
0.0222626
0
0
0
0
0
0.0222626
0
0.0222626
0.0222626
0.022281
0.022281
0.0244072
0
0
0
0
0
0
0
0
0
0
0
0
0
0
0
0
0
0
0
0
0
0
0
0.0234404
0.0234404
0.0234404
0
0
0
0
0.0290007
0.0290007
0.0388465
0.0388465
0.0290007
0.0290007
0.0290007
0.0290007
0.0244876
0.0244876
0.0244876
0.0296391
0.0296391
0
0
0.0296391
0.0296391
0.0296391
0.0244876
0.0244876
0.0244876
0.0296391
0.0296391
0.0296391
0.0296391
0.0244876
0.0244876
0.0244876
0.0244876
0.0265935
0.0296391
0.0244876
0.0244876
0.0244876
0.030101
0.030101
0.0244876
0.0244876
0.0244876
0.0244876
0.0244876
0
0
0
0
0
0
0.0260055
0.0260055
0.0260055
0.0260055
0.0260055
0
0
0
0
0
0
0
0
0
0
0
0
0
0
0
0
0
0
0.0223663
0.022357
0.0267484
0.0223663
0
0.0223663
0.0223663
0.0599042
0.0332595
0.0427049
0
0.0427049
0.0427049
0.0652328
0
0
0
0
0
0
0.0652328
0.0652328
0.0652328
0
0
0
0
0.0662266
0
0
0
0
0.0652328
0.0652328
0.0652328
0.0427049
0
0
0
0.0608581
0.0608581
0.0608581
0.026968
0.026968
0.026968
0.026968
0.026968
0.026968
0
0
0
0
0
0
0
0
0
0
0
0.0448561
0.0448561
0.0459315
0.0448561
0
0
0
0
0
0
0
0
0
0
0
0
0
0
0
0
0
0
0
0
0
0
0
0
0
0
0
0
0
0
0
0
0
0
0
0
0
0
0
0
0
0
0
0
0
0
0
0
0
0
0
0
0
0
0
0
0
0
0
0
0
0
0
0
0.0267039
0.0267039
0
0.0264166
0
0.0264166
0.0264166
0.0264166
0.0264166
0.0264166
0.0264166
0.0264166
0.0288355
0.0288355
0.0264166
0
0
0
0
0
0
0
0
0
0
0
0
0
0
0.0533002
0.0533002
0.0533002
0.0533002
0.0533002
0.0222626
0.0222626
0.0222626
0.0222626
0.0222626
0.0222626
0.0222626
0.0222626
0.0222626
0.0222626
0.0222626
0.0222626
0.0222626
0.0222626
0
0
0.0234726
0.0234726
0
0
0
0.0222626
0.0222626
0.0222626
0.0222626
0.0222626
0.0222626
0.0222626
0.0222626
0.0222626
0.0315179
0.0315179
0
0.0315179
0
0.0315179
0.0222626
0.0222626
0.0222626
0.0222626
0
0
0.0222626
0
0
0
0
0.0222626
0
0
0
0
0
0
0
0
0
0
0
0
0
0
0
0.0315388
0
0
0.0315388
0
0
0
0
0.0222626
0.0222626
0.0315388
0.0315388
0.0315388
0.0315388
0.0222626
0.0222626
0.0222626
0.0222626
0.031628
0.0222626
0.0222626
0.0267484
0.0267484
0.0267484
0.255377
0.0267484
0.0267484
0
0
0
0
0
0
0
0
0
0
0.0222626
0.0222626
0.0222626
0.0222626
0.0222626
0.0222626
0.0222626
0.0315388
0.0315388
0.0315388
0.0315388
0.0315388
0.0315388
0.0315388
0.0315388
0.0315388
0.0222626
0
0.0222626
0.0222626
0.0222626
0.0222626
0.0342594
0.0222626
0.0224658
0
0
0
0
0
0
0
0
0
0
0
0
0
0
0
0
0
0
0
0
0
0
0.0599042
0
0
0
0
0.0307438
0
0
0
0
0
0
0
0
0
0
0
0
0
0
0
0
0
0
0.0270369
0
0
0
0
0
0
0
0
0
0
0
0
0
0
0
0
0
0
0
0
0
0
0
0
0
0
0
0
0
0
0
0.0241543
0
0.0234404
0
0
0
0
0
0
0.0222626
0.0276079
0.0243854
0
0
0.0223551
0.0332595
0.0222626
0.0315388
0.0315388
0.0315388
0.0315388
0.0315388
0.0315388
0.0315388
0.0315388
0.0315388
0.0315388
0.0315388
0.0315388
0.0315388
0.0315388
0.0315388
0.0315388
0.0315388
0.0315388
0.0315388
0.0315388
0.0315388
0.0356764
0
0
0
0.0315388
0.0315388
0.0315388
0.0315388
0.0315388
0
0
0
0
0
0.0319005
0
0.0315388
0.0315492
0.0315492
0.0315492
0.0315492
0.0315492
0.0315492
0.0315492
0
0.0315492
0.0315492
0
0
0
0
0
0
0
0
0
0
0
0
0
0
0
0
0
0
0.0343739
0
0
0
0.0343739
0.0343739
0
0
0
0
0
0
0
0
0
0
0
0
0
0
0
0
0
0
0
0
0
0
0
0
0
0
0
0
0
0
0
0
0
0
0
0
0
0
0
0
0
0
0
0
0
0
0
0
0
0
0
0
0
0
0
0
0
0
0
0
0
0
0
0.0465578
0.0465578
0.0465578
0.0465578
0.0465578
0.0465578
0.0494267
0.0494267
0.0465578
0.0465578
0.0465578
0.0465578
0.0465578
0.0465578
0
0.0465578
0.0465578
0.0533002
0
0
0
0.0465578
0.0465578
0.0494267
0
0
0
0.0465578
0
0.0465578
0.0465578
0
0
0
0
0.5
0.5
0.5
0.522233
0.522233
0.5
0.547723
0.547723
0
0
0.5
0
0.5
0.5
0
0
0
0
0
0
0
0
0
0
0
0
0
0
0
0
0
0
0
0
0
0
0
0
0
0
0
0
0
0
0
0
0
0
0
0
0
0
0
0
0
0
0
0
0.0380602
0.0380602
0.0380602
0.0380602
0.0380602
0.0380602
0.0380693
0.0380693
0
0
0.0380693
0.0380693
0.0380693
0.0380693
0.0380602
0.0380602
0.0380602
0
0.0380602
0
0.0380602
0.0380602
0
0
0
0
0
0
0
0
0
0.0380602
0
0.0380602
0
0
0
0.0380602
0
0
0.0380602
0.0380602
0
0
0
0
0
0
0.0386046
0.0386046
0
0
0
0
0
0
0
0
0
0
0
0
0
0
0
0
0
0
0
0
0
0
0
0
0
0
0
0
0
0
0.0406222
0
0
0
0
0
0
0
0.0411693
0.0411693
0
0
0
0
0
0
0
0
0
0
0
0
0
0
0
0
0
0
0
0
0
0
0.0368605
0.0368605
0.0368605
0.0368605
0
0.0368605
0.0368605
0.0368605
0.0368605
0
0
0
0.0368605
0.0368605
0.0368605
0
0
0.0382826
0
0
0.0382826
0
0
0
0
0
0
0.0387978
0.0387978
0
0
0.0381709
0
0
0
0.0376711
0.0376711
0
0.0315388
0
0.0315388
0.0315388
0
0
0
0
0.0376177
0
0.0376177
0.0376177
0.0380785
0.0382453
0.0382453
0
0
0
0
0.0315388
0.0533002
0
0
0.057735
0
0.0533002
0.0315388
0
0
0
0
0
0
0
0
0
0
0
0
0
0
0
0
0
0
0
0
0
0
0
0
0
0
0
0
0
0
0
0
0
0
0
0
0
0
0.0366947
0.0366947
0.0465578
0.0380693
0.0380693
0.0380693
0.0380693
0.0380693
0.0380693
0.0380693
0.0380693
0.0380693
0.0362183
0.0362183
0.0465578
0.0366947
0.0362183
0
0.0362183
0.0362183
0.0362183
0.0362183
0.0362183
0
0
0
0
0
0
0
0
0
0
0
0
0
0
0
0
0
0
0
0
0.035684
0
0
0
0
0
0
0
0
0
0
0
0
0
0
0
0
0
0
0
0
0
0
0
0
0
0
0
0
0
0
0
0
0
0
0
0
0
0
0
0
0
0
0
0
0
0
0
0
0
0
0
0
0
0
0
0
0
0
0
0
0
0
0
0
0
0
0
0
0
0
0
0
0
0
0
0
0
0
0
0
0
0
0
0
0
0.0366947
0.0369274
0.0369274
0.0369274
0.0369274
0.0369274
0
0.0369274
0.0369274
0
0.0380693
0.0380693
0.0380693
0.0380693
0.0380693
0
0
0
0
0.0380693
0.0380693
0.0380693
0.0380693
0
0.0381154
0.0396007
0.0396007
0.0396007
0.0380693
0
0.0380693
0.0380693
0.0465578
0
0
0
0
0
0
0
0
0.0465578
0.0364501
0.0364501
0.0364501
0
0
0
0
0
0
0.036523
0
0
0
0
0
0
0
0
0
0
0
0
0
0.0362262
0
0
0
0
0
0.0362818
0.0388563
0.0363456
0.0363456
0.0363456
0
0
0.0363456
0
0
0.0363456
0.0362341
0.038827
0.0363857
0
0
0.0363857
0
0
0.0363857
0
0
0.0363857
0.0363857
0.0363857
0
0
0.0363857
0
0.0363857
0
0
0.0359597
0
0.0359597
0.0359597
0.0359597
0.0359597
0
0
0
0
0.0359597
0.0359597
0
0
0
0
0
0
0
0
0
0.0359597
0
0
0
0
0
0
0
0
0
0
0
0
0
0
0
0
0
0
0
0
0
0
0
0
0
0
0
0
0
0
0
0
0
0
0
0
0
0
0
0
0
0
0
0
0
0
0
0
0
0
0
0
0
0
0
0
0
0
0
0
0
0
0
0
0
0
0
0
0
0
0
0
0
0
0
0
0
0
0
0
0
0
0
0
0
0
0
0
0
0
0
0
0
0
0
0
0
0
0
0
0
0
0
0
0
0
0
0
0
0
0
0
0
0
0
0
0
0
0
0
0
0
0
0
0
0
0
0
0
0
0
0
0
0
0
0
0
0
0
0
0
0
0
0
0
0
0
0
0
0
0
0
0
0
0
0
0
0
0
0
0
0
0
0
0
0
0
0
0
0
0
0
0
0
0
0
0
0
0
0.0377605
0.0384805
0
0.0358287
0.0358287
0.0358287
0.0315388
0.0315388
0.0315388
0
0
0
0.0321523
0.0317021
0.0317021
0.0317021
0.0373457
0.0373457
0
0
0.0315388
0.0315388
0
0
0.0315388
0.0315388
0.0315388
0.0315388
0.0315388
0.0315388
0.0315388
0.0386334
0.0386334
0.0386334
0.0315388
0.0315388
0
0.0315388
0.0315388
0.0368605
0.0368605
0.0368605
0.0368605
0.0368605
0.0370965
0.0370965
0.0368605
0.0368605
0
0.0222626
0
0
0
0
0
0
0
0
0
0.0315388
0.0315388
0.0315388
0.0315388
0.0315388
0.0315388
0.0315388
0.0315388
0.0315388
0.0315388
0.0315388
0.0315388
0.0315388
0.0315388
0.0315388
0.0315388
0.0315388
0.0315388
0.0315388
0.0315388
0.0315388
0.0315388
0
0.0222424
0.0222424
0
0
0.0222424
0.0222424
0.0222424
0
0
0.0222424
0.0222424
0
0.0222424
0.0222424
0.0222424
0.0222424
0.0222424
0.0222424
0.0222424
0.0222424
0.0222424
0.0222424
0.0222424
0.0222424
0.0222424
0.0222424
0.0222424
0.0222424
0.0222424
0.0222424
0.0222424
0.0222424
0.0222424
0.0222424
0.0222424
0.0222424
0.0222424
0.0222424
0.0222626
0.0222626
0
0
0.0222424
0.0222424
0.0222626
0.0222626
0.0222424
0
0
0
0
0.0315388
0.0315388
0.0315388
0.0315388
0.0315388
0.0315388
0.0315388
0.0315388
0.0315388
0.0315388
0.0315388
0.0315388
0.0315388
0.0315388
0.0315388
0.0315388
0.0315388
0.0315388
0.0315388
0.0315388
0.0315388
0
0.0315388
0.0375029
0.0315388
0.0315388
0.0315388
0.0315492
0.0315492
0.0315492
0.0315492
0.0315492
0.0315492
0.0315492
0.0315388
0.0315388
0.0375735
0
0
0
0
0.0359211
0.0359211
0
0
0
0.0388465
0.0409845
0.0396007
0
0
0
0
0
0
0
0
0
0
0
0
0.0356613
0.0356613
0.0356613
0.0356613
0
0
0
0
0.0357676
0.0357676
0.0357676
0
0
0
0
0
0.0357676
0.0357981
0.0357676
0.0357676
0.0357676
0.0357676
0.0357676
0
0
0
0
0
0
0
0
0
0
0
0.0315492
0.0315492
0.0315492
0
0.0315388
0.0315388
0.0315388
0.0315388
0
0
0
0.0315388
0.0315388
0.0315388
0.0315388
0.0315388
0.0315388
0.0315388
0.0315388
0.0315388
0.0315388
0.0315388
0.0374415
0.0374415
0.0315492
0.0315545
0.0315492
0.0356613
0.0360375
0.0356915
0.0315388
0.0315388
0
0
0
0
0
0
0
0.0315388
0.0315388
0.0315388
0.0315388
0.0315388
0.0315388
0.0315388
0
0
0
0
0.0315388
0.0315388
0.0315388
0.0375029
0
0
0.0375029
0.0375029
0.0375029
0.0315388
0.0315388
0.0375029
0.0375029
0
0
0
0
0
0.0315388
0.0315388
0.0315388
0.0315388
0
0
0
0
0
0.0316597
0
0
0
0
0.0316597
0.0316597
0.0316597
0.0316597
0
0
0
0
0
0
0
0.0316597
0
0.0316597
0.0374415
0.0374415
0.0374415
0.0315388
0.0222424
0.0222424
0.0222424
0.0222424
0.0222424
0.0222424
0.0222424
0.0222424
0.0222424
0.0222424
0.0222424
0.0222424
0.0222424
0.0222424
0.0222424
0.0222424
0.0222424
0.0222424
0.0222424
0.0222424
0.0222424
0.0222424
0.0222424
0.0222424
0.0222424
0.0222424
0.0222424
0.0222424
0.0222424
0.0222424
0.0222424
0.0222424
0.0222424
0.0222424
0.0222424
0.0222424
0.0222424
0.0222424
0.0222424
0.0222424
0.0222424
0.0222424
0.0222424
0.0222424
0.0222424
0.0222424
0.0222424
0
0
0
0
0
0
0
0
0
0.0312908
0.0312908
0.0312908
0.0312908
0.0312908
0.0312908
0.0312908
0.0315388
0
0.0315388
0.0315388
0.0315388
0.0315388
0
0.0312908
0.0312908
0.0312908
0.0312908
0.0312908
0.0312908
0.0312908
0
0.0312908
0.0313163
0.0312908
0.0315492
0.0315492
0
0
0
0
0
0.0315492
0.0315492
0
0
0
0
0
0
0.0358134
0
0
0
0
0
0.0358134
0
0
0.0380602
0
0
0
0
0
0
0
0
0
0
0
0.0380602
0
0
0
0
0
0
0
0.0380602
0.0380602
0.0380602
0
0
0
0
0
0
0
0
0
0
0
0
0
0
0
0
0
0
0
0
0
0
0
0
0
0
0
0
0
0
0
0
0
0
0
0
0
0
0
0
0
0
0
0
0
0
0
0.0378235
0.0378235
0.0378235
0.0378235
0
0
0
0
0
0
0
0
0
0
0
0.0382826
0.0382826
0.0382826
0.0382826
0
0
0
0
0
0
0
0
0
0
0
0
0
0
0
0
0
0
0
0
0.057735
0.057735
0.057735
0.057735
0
0
0
0
0
0
0
0
0
0
0
0
0
0
0
0
0
0
0
0
0
0
0
0
0
0
0
0
0
0
0
0
0
0
0
0.0343739
0.0343739
0.0343739
0.0343739
0
0
0
0
0
0
0
0
0
0
0
0
0
0
0
0
0
0
0
0
0
0
0
0
0
0
0
0
0
0
0
0
0
0
0
0
0
0
0
0
0
0
0
0
0
0
0
0
0
0
0
0
0
0
0
0
0
0
0.0533002
0
0
0
0
0
0
0
0
0
0.547723
0.547723
0.547723
0.547723
0
0.0373892
0.033071
0
0.0315388
0.0315388
0.0315388
0.0315388
0.0315388
0.0315388
0.0222626
0
0
0
0
0.0346896
0.0346896
0.0346896
0.0346896
0.0346896
0.0455961
0.0455961
0.0455961
0.0455961
0.0357295
0.0357295
0.0372678
0.0371562
0.0346896
0.0351364
0.0360297
0.0370879
0
0.0372161
0
0.0351364
0.032553
0.032553
0.032553
0.032553
0.032553
0.032553
0
0
0
0
0
0
0
0
0.0339748
0.0339748
0.032553
0.032553
0.032553
0.032553
0.0333457
0.0339748
0
0.0333457
0.0333457
0.0333457
0
0
0
0
0
0
0
0
0
0
0
0
0
0
0
0
0
0
0.0220576
0
0.0220576
0
0
0
0
0
0
0
0
0
0
0
0
0.0220487
0.0220487
0.0220487
0
0
0
0
0
0
0
0
0
0
0
0
0
0
0
0.0222021
0.0222021
0.0222021
0.0222021
0
0
0
0
0.022063
0.022063
0.025195
0.025195
0.0252484
0.0272637
0.025195
0.025195
0.025195
0.025195
0.025195
0.025195
0.0271596
0.0271596
0.0271596
0.0271596
0.0271596
0.0271596
0.0271596
0
0.0271596
0.0271596
0.031971
0.031971
0.031971
0.0271596
0.0271596
0.0253293
0.0253293
0.025195
0.025195
0.0294457
0.0294457
0.0294457
0.0294457
0.0294457
0.0294457
0.0294457
0.029202
0
0.029202
0.029202
0
0.029202
0.029202
0
0
0
0
0
0
0
0.0253347
0.0253347
0.025195
0.0252003
0.0252003
0.0252003
0.0252003
0.0252003
0.0252003
0.025195
0.0255906
0.0255906
0.0255906
0.0255906
0
0.0255906
0.0255906
0
0
0
0
0
0
0
0
0
0
0
0
0
0
0
0
0
0
0
0
0
0
0
0
0
0
0
0
0
0
0
0
0
0
0
0
0
0
0
0
0
0
0
0
0
0
0
0
0
0
0
0
0
0
0
0
0
0
0
0
0
0
0
0
0
0
0
0
0.0352819
0.0352819
0.0352819
0.0352819
0.0352819
0.0352819
0.0352819
0.0352892
0.0352892
0.0352819
0.0352819
0.0352819
0.0352819
0.0352819
0.0352819
0.0352819
0.0352819
0.0352819
0.0352819
0.0352819
0.0352819
0.0352819
0.0352819
0
0
0.0352819
0.0352819
0.0352819
0.0352819
0
0.022072
0
0.0222424
0
0
0
0
0
0
0
0
0
0
0
0
0
0
0
0
0
0
0
0
0
0
0
0
0
0
0
0
0
0
0
0
0
0
0
0
0
0.0352673
0.0352673
0.0352673
0.0352673
0
0
0
0
0
0
0
0.0352673
0.0352673
0.0352673
0.0352673
0.0697297
0.0352673
0
0
0
0
0
0
0
0
0.0361158
0.0361158
0.0361158
0.0361158
0.0370794
0.0370794
0.0361158
0.0361158
0.0361158
0.0361158
0
0
0
0
0
0.0361158
0.0361787
0
0.0361787
0.0363376
0.0362818
0.0362818
0.0362977
0.0362818
0.0362818
0
0.0362818
0.0542326
0.037054
0.037054
0.0436297
0.037105
0.037105
0.037199
0.0372764
0.0372764
0.0373805
0.0372764
0.0385472
0.0385472
0.0385472
0.0385472
0.0385663
0.0385472
0.0385472
0.0385472
0.0361158
0.0366864
0.0366947
0.0376355
0.0377964
0.0377964
0.0377964
0
0
0.0378506
0.0382826
0.0366947
0.036163
0.036163
0.036163
0.036163
0.036163
0.036163
0.036163
0.036163
0.036163
0.036163
0.036163
0.036163
0.036163
0.036163
0.036163
0.036163
0.036163
0.0475831
0.0475831
0
0
0.0220702
0.0220702
0.0220702
0.0220702
0.0220702
0.0220702
0.0220702
0.0220702
0.0220702
0.0220702
0.0220702
0.0220702
0.0220702
0.0220702
0.0220702
0.0220702
0.0220702
0.0220702
0.0220702
0.0220702
0.0220702
0.0220702
0.0220702
0.0220702
0.0220702
0.0220702
0.0220702
0.0220702
0.0220702
0.0220702
0.0220702
0
0
0.036163
0.036163
0.036163
0.036163
0.036163
0.036163
0.0371305
0.036163
0.036163
0.0368188
0.0368188
0.0368188
0.0368188
0.0368188
0.0368188
0.0368188
0.0368188
0.0368188
0.0368188
0.036163
0.036163
0.036163
0.036163
0.036163
0.0371305
0.036163
0.036163
0.036163
0.036242
0.036242
0
0
0
0.036242
0.036163
0.0654654
0.0686803
0.0654654
0.036163
0.036163
0.0365067
0.0365067
0.0365067
0
0.036163
0.036163
0.036163
0.0362262
0.0362262
0.0365067
0
0.0365067
0.0365067
0
0
0
0
0
0
0
0
0.0598327
0.0598327
0.037105
0.0371391
0.114208
0.114208
0
0
0
0
0
0.0372419
0.0372419
0.0372419
0
0
0
0.0453765
0.0453765
0.0453765
0.0784867
0.0784867
0.0784867
0.0584206
0.0584206
0.0584206
0.0641941
0.0641941
0.0641941
0
0
0
0
0
0
0
0
0
0
0
0
0
0
0
0
0
0
0
0
0
0
0
0
0
0
0
0
0
0
0
0
0
0
0
0
0
0
0
0
0
0
0
0
0
0
0
0
0
0
0
0
0
0
0
0
0
0
0
0
0
0
0
0
0
0
0
0
0
0.0374241
0.0374241
0.0374241
0
0
0
0
0
0
0
0
0
0
0
0
0
0
0.0365067
0.0365067
0.036242
0.036242
0
0
0.0631194
0.0632878
0
0
0
0.0631194
0.0707107
0.11134
0.11134
0
0
0.036163
0.036163
0.0363937
0.036163
0.036163
0.0363937
0.0363937
0
0.0363937
0.0800641
0
0.0800641
0.0363937
0.0363937
0.0374241
0.0374241
0.0374241
0.0374241
0.0375029
0.0375029
0.0375029
0.0375029
0.0381616
0.0381616
0
0.0375029
0
0
0.0375205
0.0375205
0
0
0
0
0
0
0.0375205
0.0381802
0.0381802
0.0381802
0.0385854
0.0385854
0.0385854
0.0385854
0.0386142
0.0385854
0
0
0
0
0
0
0
0
0
0
0
0
0
0
0
0
0
0
0.11134
0.11134
0.11134
0
0.11134
0.11134
0.11134
0.11134
0
0.11134
0.11134
0.11347
0
0.11134
0.11134
0.11134
0.112037
0.112037
0.146385
0.112037
0
0.0722315
0.0722315
0.0722315
0
0.0724841
0.0386142
0
0.0386334
0.0386334
0.0386334
0.0386334
0
0
0
0.0386334
0.0386334
0.0386334
0.0386526
0
0
0
0
0
0
0
0
0
0.0386334
0.0386719
0
0
0
0
0
0
0
0
0
0
0
0
0
0
0
0
0
0
0
0
0.0386142
0.0386142
0.0386142
0.0386142
0.0386334
0.0386142
0
0.0386334
0.0386334
0
0.0386334
0.0386334
0
0
0
0
0
0
0
0
0
0
0.0362262
0.0362262
0.0363376
0.0365636
0.0365636
0
0
0
0
0
0
0.0365636
0.0365636
0.0372419
0.0375029
0.0374766
0.0374766
0.0374766
0.0374766
0
0
0.0374766
0.0374766
0.0374766
0.0374766
0.0374766
0.0450835
0.0450835
0.0450835
0.0453298
0.048795
0
0.0492665
0
0.0374766
0.0489506
0.0518476
0.120096
0.0489506
0.0491078
0.0491078
0
0
0
0
0
0.0559017
0
0
0
0
0
0.0453765
0.0453765
0.0453765
0.0453765
0.0453765
0.04802
0.04802
0.04802
0.04802
0.04802
0.0481125
0.04802
0.04802
0
0.0588575
0.0453765
0.0453765
0.0784867
0.0784867
0.0784867
0.0811998
0.0811998
0.082015
0.082015
0
0.0811998
0
0
0.0784867
0
0
0
0
0
0
0
0
0
0
0
0
0.0365067
0.0365067
0.0365067
0.0377068
0.0377068
0
0.0377068
0
0
0
0
0
0
0
0
0
0
0
0.0377068
0.0377068
0
0
0
0
0
0
0
0
0
0
0
0
0
0
0.0365067
0.0584206
0.0584206
0.0584206
0
0
0
0.058554
0.0610847
0.0610847
0.0610847
0.0610847
0.0698999
0.0610847
0
0.0610847
0
0.0610847
0.0610847
0.0610847
0
0.058554
0.0529751
0.0529751
0.0529751
0.0529751
0.0529751
0.0529751
0.0529751
0.078811
0.078811
0.078811
0.078811
0.078811
0.0529751
0.0529751
0.0529751
0.0529751
0
0.0529751
0.0641941
0.0641941
0
0.0641941
0.0641941
0.0641941
0.0641941
0.0641941
0
0.0641941
0.0641941
0
0
0.0654187
0.0641941
0.0641941
0
0
0
0
0
0
0
0
0
0
0
0
0
0
0
0
0
0
0
0.0370201
0.037037
0
0
0
0
0
0
0
0.0364824
0.0364824
0.0556702
0.0364824
0.0371647
0.0371647
0.0367029
0.0367029
0.0363456
0.0363456
0.0363456
0.039968
0.0401826
0.0401826
0.0401826
0.039968
0
0
0.0363456
0.0360219
0.0363456
0
0
0
0
0.0364179
0
0
0
0
0
0
0
0
0
0
0
0
0
0
0
0
0
0
0
0
0
0
0
0
0
0
0
0
0
0
0
0
0
0
0
0
0
0
0
0
0
0
0
0
0
0
0
0
0
0
0
0
0
0
0.0220773
0
0
0
0
0
0
0
0
0
0
0
0
0
0
0
0
0
0
0
0
0
0
0
0
0
0
0
0
0
0
0
0
0
0
0
0.0220773
0.0220773
0.0220773
0.0220773
0.0220773
0.0220773
0.0220773
0
0
0
0
0
0
0
0
0
0
0
0
0
0
0
0
0
0
0
0
0
0
0
0
0
0
0
0
0
0
0
0
0
0
0
0
0
0
0.0343875
0
0
0
0
0
0
0
0
0
0
0
0
0
0
0
0
0
0
0
0
0
0
0
0
0
0
0
0
0
0
0
0
0
0
0
0
0
0
0
0
0
0
0
0
0
0
0
0
0
0
0
0
0
0
0
0
0
0
0
0
0
0
0
0
0
0
0
0
0
0
0
0
0
0
0
0
0
0
0
0
0
0
0
0
0
0
0
0
0
0
0
0
0
0
0
0
0
0
0
0
0
0
0
0
0
0
0
0
0
0
0
0
0
0
0
0
0
0
0
0
0
0
0
0
0
0
0
0
0
0
0
0.0220702
0.0220702
0.0220702
0.0220702
0.0220702
0.0220702
0.0220702
0.0220702
0.0220702
0.0220702
0.0220702
0.0220702
0.0220702
0.0220702
0.0220702
0.0220702
0.0220702
0.0220702
0.0220702
0.0220702
0.0220702
0.0220702
0.0220702
0.0220702
0
0
0
0
0.0220702
0
0
0
0
0
0
0
0
0
0
0
0
0
0
0
0
0
0
0
0
0
0
0
0
0
0
0
0
0
0.0222644
0.0222644
0.0222644
0.0222644
0.0427309
0.0222644
0.0222644
0.0307438
0.0307438
0.0244876
0.0244876
0.0222644
0.0427309
0.0427309
0.0427309
0.0652791
0.0652791
0.0427309
0.0307438
0.0307438
0.0307438
0.0369442
0.0307438
0
0.0307438
0.0244876
0.0244876
0
0
0
0.0244876
0.0652791
0.0652791
0.173205
0.0652791
0.0244876
0.0244876
0.0244876
0.0244876
0.030101
0.030101
0.030101
0.0390137
0.030101
0.0396111
0.030101
0.0244876
0.0222644
0.0222644
0.0222644
0.0222644
0.0222644
0.0222644
0
0
0
0.0222644
0
0.0222644
0
0.0222644
0.0222644
0.0222644
0
0
0
0
0
0
0
0
0
0
0
0
0
0
0
0
0
0.0221422
0
0
0
0
0
0
0
0
0
0
0
0
0
0
0
0.0220702
0
0
0
0
0
0
0
0
0
0
0
0
0
0
0
0
0
0
0
0
0
0
0.0220487
0.0220487
0
0
0
0
0
0.0238773
0.0238773
0.0238773
0.0238773
0.0238773
0
0
0
0
0
0
0
0
0
0
0
0
0.0318465
0.0318465
0
0
0
0
0
0
0
0.0220702
0
0
0
0
0
0
0.022072
0.022072
0.022072
0.022072
0.022072
0.022072
0.022072
0.022072
0.022072
0.022072
0.022072
0
0.0247008
0.0347035
0.0345033
0
0.0349002
0.0349002
0.0349002
0.0349002
0.0349002
0.0349002
0.0349002
0.0349002
0.0349002
0
0
0
0
0
0
0
0
0
0
0
0
0
0
0
0
0
0
0
0
0
0.0220702
0.0220702
0.0220702
0
0
0
0
0
0
0
0
0
0
0
0
0
0
0
0
0
0
0
0
0
0
0
0
0
0
0
0
0
0
0
0
0
0
0
0
0
0
0
0
0
0
0
0
0
0
0
0
0
0
0
0
0
0
0
0
0
0
0.0221839
0.0221839
0.0221839
0.0221839
0
0
0
0
0
0
0
0
0
0
0
0
0
0
0
0
0
0
0
0
0
0
0
0
0
0
0
0
0
0
0
0
0
0
0
0
0
0
0
0
0
0
0
0
0
0
0
0
0
0
0
0
0
0
0
0
0
0
0
0
0
0
0
0
0
0
0
0
0
0
0
0
0
0
0
0
0
0
0
0
0
0
0
0
0
0
0
0
0
0
0
0
0
0
0
0
0
0
0
0.0220291
0.0220291
0.0220291
0.0220291
0.0220291
0.0220291
0
0
0
0
0.049467
0.049467
0.049467
0
0
0
0
0
0
0
0
0
0
0
0
0
0
0
0
0
0
0.0511421
0.049467
0.049467
0.0381987
0.0618195
0.0629109
0.0629109
0.0629109
0
0.049467
0.037547
0
0.0399043
0
0.0512316
0
0
0
0
0
0
0
0
0
0
0
0
0
0
0
0
0
0
0
0
0
0
0
0
0
0
0
0
0.0530745
0.0530745
0.0530745
0.0531744
0
0
0
0
0
0
0
0.0572911
0.0572911
0.0572911
0.0574485
0
0
0
0
0
0
0
0
0
0
0
0.0345719
0
0
0
0
0
0
0
0
0
0
0
0
0
0
0
0
0
0
0
0
0
0
0
0
0
0
0
0
0
0
0
0
0
0
0
0.0345033
0
0
0
0
0
0
0
0
0
0
0
0
0
0
0
0
0
0
0
0
0.0367939
0.0367939
0.0367939
0.0367939
0.0367939
0.0367939
0.0367939
0.0367939
0.0367939
0.0367939
0.0367939
0.0367939
0.0367939
0.0367939
0.0221169
0.0221169
0.0221169
0.0221169
0.0222003
0.0222021
0
0
0
0
0
0
0
0
0
0
0
0
0
0
0
0
0
0
0
0
0
0
0
0
0
0
0
0
0
0
0
0
0
0
0
0
0
0.0361787
0.0361787
0.0361787
0
0
0
0
0.0361472
0.0361472
0.0361472
0
0
0
0
0
0.0361472
0.0361472
0.0361472
0
0.0361472
0
0
0
0
0
0
0
0
0
0
0
0
0
0
0
0
0
0
0
0
0
0
0
0
0
0
0
0
0
0
0
0
0
0
0
0
0
0
0
0
0
0
0
0
0
0
0
0
0
0
0
0
0
0
0
0
0
0
0
0
0
0
0
0
0
0
0
0
0
0
0
0
0.0230981
0.0230981
0.0230981
0.0230981
0.0230981
0.0230981
0.0230981
0.0401826
0.0402042
0
0
0
0.0230981
0.0368022
0
0.0347035
0.0347035
0.0732579
0.0384521
0.0384521
0.037122
0.037122
0.0371733
0
0
0
0
0
0
0
0
0
0
0
0
0
0
0
0
0
0
0
0
0
0
0
0
0
0
0
0
0
0
0
0
0
0
0
0
0
0
0
0
0
0
0
0
0
0
0
0
0
0
0
0
0
0
0
0
0
0
0
0
0
0
0
0
0
0
0
0
0
0
0
0
0
0
0
0
0
0
0
0
0
0
0
0
0
0
0
0
0
0
0
0
0
0
0
0
0
0
0
0
0
0
0
0
0
0
0
0
0
0
0
0
0
0
0
0
0
0
0
0
0
0
0
0
0
0
0
0.0220684
0
0.0230981
0.0230981
0.0347035
0
0
0
0
0
0.0230981
0.0230981
0.0230981
0.0230981
0.0230981
0.0230981
0.0230981
0.0230981
0.0230981
0.0230981
0.0230981
0.0230981
0.0360766
0.0360766
0.0360766
0.0360766
0
0
0.0230981
0.0230981
0.0230981
0.0230981
0.0360766
0.0360766
0.0360766
0
0
0
0.0360766
0.0360766
0.0360766
0.0360766
0
0
0
0
0
0
0
0
0
0
0
0
0
0
0
0.0230981
0.0230981
0.0230981
0.0230981
0.0230981
0.0230981
0.0230981
0.0230981
0
0
0
0
0
0
0
0
0
0
0
0
0
0
0
0
0
0
0
0
0
0
0
0
0.0385854
0.0385854
0.0385854
0.0389249
0.0389249
0.0389249
0.0389249
0
0
0
0.0389545
0.0389545
0.0389545
0.0386142
0.0385567
0
0.0385567
0.0385567
0
0.0385854
0.0388661
0.0388661
0.0388661
0.0388661
0
0.0388661
0.0388661
0.0388661
0.0392938
0.0392938
0.0392938
0.0392938
0.0392938
0.0388661
0
0
0
0
0
0.0347035
0.0347035
0.0347035
0.0347035
0.0347035
0.0347035
0
0
0
0
0
0
0
0.0230981
0.0230981
0.0230981
0.0230981
0.0230981
0.0230981
0.0230981
0.0230981
0.0230981
0.0230981
0.0230981
0.0230981
0.0552158
0.0552158
0.057104
0
0.0230981
0.0378415
0.0230981
0.0230981
0.0230981
0.0230981
0
0.0230981
0.0230981
0.0399255
0.0399255
0.0399255
0.0399255
0.0399255
0.0230981
0
0.0230981
0
0
0
0
0
0.0230981
0.0230981
0.0230981
0.0230981
0.0230981
0
0
0.0230981
0.0242869
0.0230981
0.0411345
0.0411345
0
0.0411461
0
0
0.0230981
0.0230981
0.0230981
0.0230981
0.0230981
0.0230981
0.0230981
0.0230981
0
0.0230981
0.0230981
0
0.0230981
0
0
0
0.0230981
0.0230981
0
0.0230981
0.0230981
0.0376
0.0376
0
0.0230981
0.0230981
0.0230981
0.0230981
0.0230981
0.0230981
0
0
0
0
0
0
0.0230981
0.0230981
0.0230981
0
0.0360844
0
0.117309
0
0
0
0
0
0
0
0
0
0
0.106199
0
0
0
0
0
0
0
0
0
0
0
0.0347035
0
0
0
0
0
0.0230981
0.0230981
0
0
0
0
0
0
0
0
0
0
0
0
0.0230981
0.0230981
0
0
0
0.0230981
0.0230981
0
0
0
0
0
0.0381987
0
0
0
0
0
0
0
0
0.0230981
0.0230981
0
0
0
0.0230981
0.0230981
0
0
0
0
0
0
0
0
0
0
0
0.0230981
0.0230981
0
0
0.0403458
0
0.0230981
0.0230981
0
0
0
0
0
0
0
0
0
0
0.0230981
0.0230981
0
0
0
0
0.0230981
0.0230981
0
0
0
0
0
0
0
0
0
0
0.0230981
0.0230981
0
0
0
0.0230981
0.0230981
0.0230981
0
0
0
0
0.184637
0
0
0
0
0.0347035
0.0230981
0.0230981
0
0.0230981
0
0
0
0
0
0
0
0
0.0230981
0.0230981
0.0230981
0.0230981
0
0
0
0
0.117851
0.0400963
0
0
0
0
0
0
0
0
0
0
0
0
0
0
0
0
0
0.0347035
0.0230981
0.0230981
0
0
0
0
0
0
0
0.0230981
0.0230981
0.0230981
0.0230981
0.0403458
0.0230981
0.0230981
0.0230981
0.0230981
0
0
0
0
0
0
0
0
0
0
0
0
0
0
0
0
0
0
0
0
0
0.0230981
0.0230981
0.0230981
0.0230981
0.0230981
0.0230981
0.0230981
0.0230981
0.0241309
0.0241309
0
0.0241309
0.0230981
0.0230981
0
0
0.039123
0
0
0
0
0
0
0.0230981
0.0230981
0.0367359
0.0230981
0.0230981
0.0230981
0.0243541
0.0230981
0.0230981
0.0230981
0
0
0.0230981
0.0230981
0.0230981
0.0230981
0.0230981
0
0
0
0.0220487
0.0220487
0
0
0
0
0
0
0
0
0
0
0
0
0
0
0
0
0
0
0
0
0
0
0
0
0
0
0
0
0
0
0
0
0
0
0
0
0
0
0
0
0
0
0
0
0
0
0
0
0
0
0
0
0
0
0
0
0
0
0
0
0
0
0
0
0
0
0
0
0
0
0
0
0
0
0
0
0
0
0
0
0
0
0
0
0
0
0
0
0
0
0
0
0
0
0
0
0
0
0
0
0
0
0
0
0
0
0
0
0
0
0
0
0
0
0
0
0
0
0
0
0
0
0
0
0
0
0
0
0
0
0
0
0
0
0
0
0
0
0
0
0
0
0
0
0
0
0
0
0
0
0
0
0.0220487
0
0
0.0220487
0.0220487
0.0220487
0.0220487
0.0220487
0
0
0.0220487
0.0220487
0
0
0
0
0
0
0
0
0
0
0
0
0
0
0
0
0
0
0
0
0
0
0
0
0
0
0
0
0
0
0
0.0312857
0.0312857
0.0312857
0.0312857
0.0312857
0
0.0311841
0.0311841
0.0311841
0.0311841
0.0311841
0.0311841
0.0311841
0.0311841
0
0.0311841
0.0311841
0
0.0311841
0.0311841
0
0.0311841
0.0324842
0.0324842
0.0324842
0
0
0
0
0
0
0
0.0221386
0.0221386
0
0.0221386
0.0221386
0.0358211
0.0358211
0
0.0358211
0.0358211
0.0222921
0
0
0
0
0
0
0
0
0
0
0
0
0
0
0
0
0
0
0
0
0.0221386
0.0221386
0.0221386
0.0237759
0
0
0.0222644
0
0
0
0
0
0
0.190117
0
0
0
0
0
0
0
0
0
0
0
0
0
0
0
0
0
0
0
0
0
0
0
0.0311286
0.0311286
0
0
0.0311286
0
0
0
0
0
0
0
0
0
0
0
0
0
0
0
0
0
0
0
0
0
0
0
0
0
0
0
0
0
0
0
0
0
0
0
0
0
0
0
0
0
0
0
0
0
0
0
0
0
0
0
0
0
0
0
0
0
0
0
0
0
0
0
0
0
0
0
0
0
0
0
0
0
0
0
0
0
0
0
0
0
0
0
0
0
0
0
0
0
0
0
0
0
0
0
0
0
0
0
0
0
0
0
0
0
0
0
0
0
0
0
0
0
0
0
0
0
0
0
0
0
0
0
0
0
0
0
0
0
0.0325587
0
0
0
0
0
0
0
0
0
0
0
0
0
0
0
0
0
0
0
0.0222186
0.0222186
0.0222186
0
0.0222186
0
0
