0
0
0
0
0
0.0745909
0.0745909
0.0745909
0.0745909
0.0745909
0
0
0
0
0
0
0
0
0
0
0.0698872
0.0698872
0.0698872
0.0698872
0.0698872
0.0801326
0.0801326
0.0801326
0.0801326
0.0801326
0.0801326
0.0801326
0.0801326
0.0801326
0.0801326
0.0759425
0.0759425
0.0759425
0.0759425
0.0759425
0.0759425
0.0759425
0.0759425
0.0759425
0.0759425
0.0759425
0.0759425
0.0759425
0.0759425
0.0759425
0
0
0
0
0
0
0
0
0
0
0
0
0
0
0
0
0
0
0
0
0
0
0
0
0
0
0
0
0
0
0
0
0
0
0
0
0
0
0
0
0
0
0.109966
0.109966
0.109966
0.109966
0.109966
0.115022
0.115022
0.115022
0
0
0
0
0
0
0
0
0
0
0
0
0
0
0
0
0
0
0
0
0
0
0
0
0
0
0
0
0
0
0
0
0
0
0
0
0
0
0
0
0
0
0
0
0
0
0
0
0
0
0
0
0
0
0
0
0
0
0
0
0
0
0
0
0
0
0
0
0
0
0
0
0
0
0
0
0
0
0
0
0
0
0
0
0
0
0
0
0
0.108574
0
0
0.0702491
0.115158
0
0.0723476
0
0
0.0819375
0.0720078
0.070695
0.0729958
0.0334575
0
0.0339735
0.0339735
0
0
0
0.0339735
0.104006
0.104006
0.104023
0.104023
0.104006
0
0
0
0
0
0
0
0
0
0
0
0
0.163211
0.163211
0.163211
0.163211
0.163211
0.163211
0.176369
0.163211
0.0701619
0.0701619
0.0701619
0.0701619
0.0701619
0.0701619
0.0701619
0.0704502
0.0704502
0.0704502
0
0
0
0
0
0
0
0
0
0
0
0
0
0
0
0
0
0
0
0
0
0
0
0
0
0
0
0
0
0
0
0
0
0
0
0
0
0.0337663
0.0337663
0
0.0341953
0.0337663
0.0337663
0.0337663
0.0337663
0
0
0
0
0
0
0
0
0
0
0
0
0
0
0
0
0
0
0
0
0
0
0
0
0
0
0
0.0712832
0.0712832
0.0747018
0.0712832
0.0725901
0.0725901
0.0725901
0.0700955
0.0700955
0.0749064
0.0700955
0.0700955
0.0700955
0.0720355
0.0749064
0.072041
0.072041
0.0752828
0.072041
0.0715368
0
0.0715368
0.0715368
0.07352
0.0728751
0.0773497
0.0769957
0.0769957
0.0814048
0.0800033
0
0
0
0
0.0715694
0
0
0.0715694
0.0715694
0.0724488
0.0715694
0.070167
0.070167
0.0701619
0.0701619
0.070167
0.0701619
0.0724488
0.070167
0
0
0
0
0
0
0
0
0
0
0
0
0
0
0
0
0
0
0
0
0
0
0
0
0
0
0
0
0
0
0
0
0
0
0
0
0
0
0
0
0
0
0
0
0
0
0
0
0
0
0
0
0
0
0
0
0
0
0
0
0
0
0
0
0
0
0
0
0
0
0
0
0
0
0
0
0
0
0
0
0
0
0
0
0
0
0
0
0
0
0
0
0
0
0
0
0
0
0
0
0
0
0
0
0
0
0
0
0
0
0
0
0
0
0.071892
0.071892
0
0
0.0729267
0.0729267
0.0729267
0.0730997
0.0730997
0.0751505
0.11773
0.11773
0
0
0
0.0730535
0.0730535
0
0
0
0
0.07414
0.07414
0.07414
0.07414
0.07414
0.0741461
0.0741461
0
0
0
0
0
0
0
0.0723252
0.0775839
0.0723308
0
0.0723364
0.0730362
0.0740677
0.0731113
0.0730362
0.0740677
0.0756778
0.102141
0.124141
0.105435
0
0
0.0754859
0
0
0
0
0
0
0.0283554
0.0301402
0.0751065
0.0751065
0.0752765
0.0751065
0.0983668
0.0983668
0.0983668
0
0.0333037
0.0333037
0
0.0333087
0.0331036
0.0331036
0
0.0331036
0.0332791
0
0.0332988
0.0332988
0.0332988
0.0333284
0
0.0333284
0.0333284
0
0.0333333
0.0333037
0
0
0
0
0
0
0
0
0
0
0.0765466
0
0
0
0
0
0
0
0
0
0
0
0
0
0
0
0
0
0
0
0
0
0
0
0
0
0
0
0
0
0
0
0
0
0
0
0
0
0
0
0
0
0.1015
0
0
0
0
0
0
0
0
0
0
0
0
0
0
0
0
0
0
0
0
0
0
0
0
0
0
0
0
0
0
0
0
0
0
0
0
0
0
0
0
0
0
0
0
0
0
0
0
0
0
0
0
0
0
0
0
0
0
0
0
0
0
0
0
0
0
0
0
0
0
0
0
0
0
0
0
0.034416
0
0.0330843
0
0.0331036
0
0.0331133
0
0
0
0
0
0
0
0
0
0
0
0
0
0
0
0.0331133
0
0
0
0
0
0.0439998
0.0439998
0.0439998
0
0.0439998
0.0463175
0
0.0331182
0.0344214
0.0344214
0.034465
0
0.034641
0.0331182
0
0
0
0
0
0
0
0
0
0.0958054
0.0959883
0.100268
0.100764
0.100764
0
0.100779
0.245058
0.368161
0.101921
0.114021
0.117658
0.121639
0.11661
0
0
0
0
0.034222
0.034222
0.034222
0
0
0
0
0
0
0
0
0
0
0
0
0
0
0
0
0
0
0
0
0
0
0
0
0
0
0
0.0988355
0.0988355
0.0988355
0.0988355
0.0988355
0.0988355
0
0
0.0988355
0.0991084
0.0991084
0.0331085
0.0331085
0.0331085
0.0332301
0.0331085
0.0331085
0.0331085
0.0991084
0
0
0
0
0
0
0
0
0
0
0
0
0
0
0
0
0
0
0
0
0
0
0
0
0
0
0
0
0
0
0
0
0
0
0.0876409
0.0729095
0.0729095
0.0738459
0.0735494
0.0738459
0.0738459
0.072898
0.072898
0.0849412
0.0729095
0.0729095
0.150301
0.0740316
0.0740316
0.108197
0
0
0
0
0
0
0
0
0
0
0
0
0
0
0
0
0
0
0
0
0
0
0
0
0
0
0
0.116988
0.116988
0.116988
0.116988
0.116988
0.116988
0.116988
0
0
0
0
0
0
0
0
0
0
0
0
0
0
0.0752197
0.0752197
0.0752197
0.0752197
0.0752197
0.0752197
0
0
0
0
0
0
0
0.0752197
0.0752197
0.0752197
0
0
0
0
0
0
0
0
0
0
0.0752197
0.0752197
0.0752197
0.0752197
0.0752197
0
0
0
0
0
0
0
0
0
0
0
0
0
0
0
0
0
0
0
0
0
0
0
0
0
0
0
0
0
0
0
0
0
0
0.0752197
0.0752197
0.0752197
0.0752197
0
0
0
0
0
0
0
0
0
0.0752197
0
0
0
0
0
0
0
0
0
0
0
0
0
0
0
0
0
0
0
0
0
0
0
0
0
0
0
0
0
0
0
0
0
0
0
0
0
0
0
0
0
0
0
0.0752197
0.0752197
0.0752197
0.0752197
0.0752197
0.0752197
0
0
0
0
0
0
0
0
0
0
0
0
0
0
0
0
0
0
0
0
0
0
0
0
0
0
0
0
0
0
0
0
0
0
0
0
0
0
0
0
0
0
0
0
0
0
0
0
0
0
0
0
0
0
0
0
0
0
0
0
0
0
0
0
0
0
0
0
0
0
0
0
0
0
0
0
0
0
0
0
0
0
0
0
0
0
0
0
0
0
0
0
0
0
0
0
0
0
0
0
0
0
0
0
0
0
0
0
0
0
0
0
0
0
0
0
0.0905853
0.0833419
0.0905853
0.0905853
0.0905853
0.0905853
0.0905853
0.0905853
0.118958
0
0.0905853
0.0905853
0.0905853
0.0833419
0.0833419
0.0833419
0.0833419
0.0833419
0.0833419
0.0833419
0.117345
0.117345
0.117345
0.117345
0.117345
0.117345
0.117345
0.0833419
0
0.0739356
0.10384
0.0844172
0
0
0
0
0.117345
0.117345
0
0.0842839
0.0842839
0.0842839
0.0842839
0.0842839
0.0842839
0.866025
0.866025
0.866025
0.866025
0.118487
0
0.0867182
0.0867182
0.0874124
0.095949
0.106798
0.12242
0
0
0
0.0851485
0.0851485
0.0807748
0.0851577
0
0.0851577
0.103857
0
0
0
0
0.0848212
0.0848302
0.117345
0
0.0730304
0.0730304
0.0730304
0.0798671
0.0754477
0.0913633
0.0913633
0.0913633
0.0913633
0
0.075119
0.075119
0.075119
0.075119
0.075119
0.075119
0.075119
0.075119
0.0876708
0.075119
0.075119
0.075119
0.075119
0.075119
0.075119
0
0
0
0
0
0
0
0
0.0751253
0.0751253
0.0751253
0.0751253
0.0751253
0.0751253
0.0751253
0
0
0.0751253
0
0
0.0452432
0
0.0452432
0.0452432
0.0452432
0.0452432
0.0452432
0.0452432
0.0452432
0.0452432
0.0452432
0.0452432
0.0452679
0.0452679
0
0
0.0452679
0
0
0
0
0
0
0
0
0.119308
0.119308
0.119308
0.119308
0.119308
0.119308
0.119308
0.119308
0
0
0
0
0
0
0
0
0
0
0
0
0
0
0
0
0
0
0
0
0
0
0
0
0
0
0
0
0
0
0
0
0.113368
0.0897705
0
0
0.116775
0.0751253
0.0751253
0.0751253
0
0
0
0.0751253
0.0751253
0.0752386
0.0752386
0.0751253
0.0751253
0.0751379
0.0829079
0.0829079
0.0751379
0.0751819
0.0751819
0.0751819
0.0751819
0.0751379
0.0751379
0.0751379
0.0829079
0.0829079
0.0829079
0.0829079
0.0829079
0.0881134
0.0829079
0.0829079
0.0829079
0.0795222
0.0829079
0.0829079
0.0829079
0.0829079
0.0829079
0.0829079
0.0829079
0.118015
0
0.135582
0
0.15891
0.0751253
0.0751253
0.0751253
0.0751253
0.0882964
0.0751253
0.114285
0.114285
0.114285
0.114285
0.118983
0.114285
0.0751253
0.0876708
0.0751253
0.0846319
0.0751253
0.0751253
0.0751253
0.0846319
0.0846319
0.0874223
0.0853965
0.0853965
0.0853965
0.0853965
0.0853965
0.0853965
0
0
0
0
0
0
0
0
0
0
0
0
0.242061
0.242061
0.242061
0.0752386
0.0752386
0.117345
0
0
0
0
0.0754286
0.0754286
0
0
0.0754223
0.0754223
0.0754223
0.0754223
0.0754223
0.0754223
0.0754223
0.0754286
0.0754223
0.0754286
0.0754286
0.0754286
0.0754286
0.0754477
0.0799957
0
0
0.0755625
0.0755625
0.0755625
0.0755625
0.0755625
0
0
0
0
0
0
0
0
0
0
0
0
0
0
0
0
0
0
0
0
0
0
0
0
0
0
0
0
0
0
0
0
0
0
0
0
0
0
0
0
0
0
0
0.0800261
0.0800261
0.0800261
0.112346
0
0.112346
0
0
0
0
0
0
0
0.0842839
0.0842839
0.0842839
0.0842839
0.0842839
0.0842839
0.0842839
0.0842839
0.0842839
0.0842839
0.0842839
0.0842839
0.0522994
0
0
0
0
0
0.106314
0
0.26883
0
0.0432042
0.0594789
0
0
0.130591
0.130591
0.130591
0.146153
0
0
0
0
0
0.117489
0.125145
0
0.0695608
0.0695608
0.0695608
0.117345
0.117345
0.117345
0.118266
0
0
0
0
0
0
0
0
0
0
0
0
0
0
0
0
0.0746586
0.0746586
0
0
0
0
0
0
0
0
0
0
0
0
0
0
0
0
0
0
0
0.0810554
0.0810791
0.0745909
0.0745909
0.0745909
0.0745909
0
0
0
0.0744743
0.0744743
0.0744743
0.0744743
0.0744743
0.0744743
0.0745356
0.0744927
0.0746586
0.0744743
0
0.0746586
0.0746586
0
0
0
0
0
0
0
0
0
0
0
0
0
0
0
0
0
0
0
0
0
0
0
0
0
0
0
0
0
0
0
0
0
0
0
0
0
0
0
0
0
0
0
0
0
0
0
0
0
0
0
0.0752197
0.0752197
0.118734
0.118734
0.118734
0.118734
0.118734
0.118734
0.118734
0.118734
0.118734
0.118734
0.118734
0.118734
0.118734
0.118734
0.118734
0.118734
0.118734
0.118734
0.118734
0.118734
0.118734
0.0746586
0.0746586
0.0746586
0.0746586
0.0746586
0.0746586
0.0746586
0.0746586
0.0746586
0.0746586
0.0746586
0.118734
0.118734
0.118734
0.118734
0
0
0
0
0
0
0
0
0
0
0
0
0
0
0
0
0
0
0
0
0
0
0
0.118734
0.0888991
0.0888991
0.118734
0
0.118734
0.118734
0.0882964
0.130823
0.130823
0.142331
0.142331
0.142331
0.142331
0.142331
0.142331
0.264135
0.264135
0.142331
0.142331
0.142331
0.1418
0.142331
0.142331
0.14704
0.14704
0.130823
0.118734
0.122176
0.122176
0.122176
0.398059
0.399941
0.399941
0.399941
0.399941
0
0.122176
0.125203
0.125203
0
0
0
0
0
0
0.122176
0
0
0
0
0
0
0.118734
0.16887
0.16887
0.169031
0.169031
0.169354
0.16887
0.118734
0.118734
0
0.118734
0
0
0.118734
0
0
0
0
0
0.118734
0
0
0
0.118734
0.118734
0
0.118734
0.118734
0.118734
0.118734
0.118734
0.0859391
0.0859391
0.0859391
0.0859391
0.0859391
0.0859391
0.0881819
0
0
0
0
0
0.0859391
0
0
0
0.0859391
0.0859391
0
0.0859391
0.118734
0
0.118734
0
0
0.118734
0.118734
0.0859391
0.0913887
0.0861088
0.0861088
0.0859391
0.0915417
0.0860026
0.0860026
0.118734
0.122176
0.122176
0.118734
0.0859391
0.0859391
0.0904616
0
0
0.0861727
0.0910849
0
0
0.0865161
0
0
0
0
0.0859391
0.118734
0.0874372
0.118734
0
0.118734
0.125583
0.0909592
0
0
0
0
0.0930082
0.0930082
0.118734
0.125203
0.118734
0
0.118734
0.118734
0.118933
0.406745
0.118933
0.125583
0.125583
0.125583
0.0911101
0.0911101
0.0911101
0.0911101
0.0911101
0.0911101
0
0.0911101
0.125936
0.125936
0.126085
0.125936
0
0
0
0
0
0.125553
0.125553
0
0
0
0
0.127812
0
0
0
0
0
0
0
0
0
0
0
0
0
0
0
0
0
0
0
0
0
0
0
0
0
0
0
0
0
0
0
0
0
0
0
0
0
0
0
0
0
0
0
0
0
0
0
0
0
0
0
0
0
0
0.117202
0.188089
0.188089
0.188089
0.188089
0.188089
0.228748
0.0804778
0.114865
0.116704
0.116704
0.116704
0.117297
0.186052
0.186052
0
0
0
0
0
0
0.116027
0.116027
0.116027
0.116027
0.116027
0.116027
0.116027
0.116027
0.116027
0.116027
0.116027
0.116027
0.116027
0.116027
0.116027
0.117154
0.0804778
0.116027
0.0535646
0.0535646
0.0535646
0.0535646
0.0535646
0.124827
0.124827
0
0
0
0.124827
0.363803
0
0
0.117178
0
0
0
0
0.118536
0
0.116027
0.116027
0
0
0
0.116027
0
0
0
0
0
0
0
0
0
0
0
0
0
0
0
0
0
0
0
0
0
0.11713
0.11713
0.11725
0.11713
0.11713
0.11713
0.11713
0
0.117154
0.117345
0
0
0
0
0
0
0
0
0
0
0
0
0
0
0
0
0
0
0
0
0
0
0
0
0
0
0.0804778
0.0804778
0.0804778
0.081325
0.081325
0.0804778
0
0
0
0.0804778
0.117178
0.116027
0.116027
0.116027
0.116027
0.116027
0.116027
0.116027
0
0
0
0
0
0
0.0804778
0.0804778
0.0804778
0.0804778
0.0804778
0.0804778
0.0804778
0.0804778
0.0804778
0.081325
0.081325
0.081325
0.081325
0
0
0
0
0
0
0
0
0
0
0
0.0891343
0.081325
0.0817587
0.081325
0.0804778
0.118536
0
0.11866
0.116027
0.0535646
0.0535646
0.0535646
0.0729095
0.0729095
0.0729095
0.0729095
0.0729095
0.0591726
0.165312
0.197986
0
0.166053
0
0
0.110124
0.110124
0.110124
0.110124
0.112747
0.11491
0
0.112747
0.112747
0.112747
0.110124
0.110124
0.110124
0.110124
0.110124
0.110124
0
0
0
0
0.111556
0.111556
0
0
0
0
0
0
0
0.111556
0.102474
0.102474
0.102474
0.102474
0.102474
0
0
0
0
0
0.104173
0.104173
0.104173
0.104173
0.104173
0.104173
0
0
0
0
0
0
0
0
0
0
0.103411
0.102843
0.104173
0
0
0.114021
0.114021
0.102843
0.102843
0.102843
0.102843
0.102843
0
0
0
0
0
0
0
0
0
0
0
0
0
0
0
0
0
0
0.102843
0
0
0
0
0
0
0
0
0
0.105228
0.105228
0.105228
0.105228
0.106708
0
0.107106
0.105228
0
0
0.112896
0
0.112896
0.112896
0.112896
0.112896
0.112896
0.110124
0
0.110124
0.110124
0.110124
0.110124
0.110124
0
0
0
0
0
0
0
0
0
0
0
0
0
0
0
0
0
0
0
0
0
0
0
0
0
0
0
0
0
0
0
0
0
0
0.102474
0.102474
0
0.110124
0.102458
0.102458
0.110124
0.110124
0.110124
0
0
0.104157
0.104157
0
0.104157
0
0
0
0
0
0
0
0
0
0
0
0
0
0
0
0
0
0
0
0
0
0
0
0
0
0
0
0
0
0
0
0
0.0745909
0.0745909
0.0745909
0.0745909
0
0
0
0
0
0
0
0
0
0
0
0
0
0
0
0
0
0.116657
0
0
0
0.116657
0.116657
0.116657
0.116657
0.116657
0.116657
0.116657
0.171163
0.171163
0
0
0
0
0
0
0
0
0
0
0
0
0
0
0
0
0
0
0
0
0
0.176961
0
0
0
0
0
0
0
0
0
0
0
0
0
0
0
0
0
0
0
0
0
0
0
0
0
0
0
0
0
0
0
0.32969
0
0
0
0
0
0
0
0
0
0
0
0
0
0
0
0
0
0
0
0
0
0
0
0
0
0
0
0
0
0
0
0
0
0
0
0
0
0
0
0
0
0
0
0
0
0
0
0
0
0
0
0
0
0
0
0
0
0
0
0
0
0
0
0
0
0
0
0
0
0
0
0
0
0
0
0
0
0
0
0
0
0
0
0
0
0
0
0
0
0
0
0
0
0
0
0
0
0
0
0
0
0
0
0
0.116259
0.116259
0.116259
0.116259
0.116259
0.116259
0.116259
0.116259
0.116259
0
0
0
0
0
0
0.315179
0
0
0
0
0
0
0
0
0
0
0
0
0
0
0
0
0
0
0
0
0
0
0
0
0
0
0
0
0
0
0
0
0
0
0
0
0
0
0
0
0
0
0
0
0
0
0
0
0
0
0
0
0
0
0
0
0
0
0
0
0
0
0
0
0
0
0
0
0
0
0
0
0
0
0
0
0
0
0.0750939
0.0750939
0.0745909
0.0745909
0.0745909
0.0745909
0.0745909
0.0745909
0.0745909
0.0745909
0.0745909
0.0745909
0.0745909
0.0745909
0.0745909
0.0745909
0.0745909
0.0745909
0.0745909
0.0745909
0.0745909
0.0745909
0.0745909
0.0745909
0
0
0
0.0745909
0.0745909
0.0745909
0.0745909
0.0745909
0.0745909
0.0745909
0.0745909
0.0745909
0.0746709
0.0746709
0.0746709
0.0746833
0.0746833
0.0746709
0.0746709
0.0746833
0.0751819
0
0
0
0.0746709
0.0811582
0
0
0
0
0.0746709
0
0.0746709
0
0.0746709
0.0746709
0.0746709
0.0746709
0.0746709
0.0738146
0.0746709
0.0746709
0.0330361
0.0330361
0.080125
0.080125
0.0801402
0.0801402
0.080125
0.080125
0
0
0.0800565
0.0800565
0.0800565
0.0800565
0.0800565
0.0800565
0
0
0
0
0
0.0801174
0.0800565
0.0800565
0.0800565
0.0800565
0.0800565
0
0
0.0800565
0.0800565
0.0800565
0.0802319
0.0802319
0.0800565
0.0800565
0
0.0800565
0
0.0800565
0.0800565
0.0800565
0
0.0800565
0.0800565
0
0
0
0.0800565
0.0800565
0.0800565
0.0800565
0.0800565
0.0800565
0.0800565
0.0800565
0.0800565
0.0800565
0.0800565
0.0800565
0.0802319
0.0802319
0.0802319
0
0.0802319
0.0800565
0.0800565
0.0800565
0.0800565
0
0.0800565
0.0800565
0
0
0
0
0
0
0
0
0
0
0
0
0
0
0
0
0
0
0
0
0
0
0
0
0
0
0
0
0
0
0
0
0
0
0
0
0
0
0
0
0
0
0
0
0
0
0
0
0
0
0
0
0
0
0
0
0
0
0
0
0
0
0
0
0
0
0
0
0
0
0
0
0
0
0
0
0
0
0
0
0
0
0
0
0
0
0
0
0
0
0
0
0
0
0
0
0
0
0
0
0
0
0
0
0
0
0
0
0
0
0
0
0
0
0
0
0
0
0
0
0
0
0
0
0
0
0
0
0
0
0
0
0
0
0
0
0
0
0
0
0.0753018
0.0753018
0
0.0753018
0.0753018
0.0753018
0
0.0753018
0
0
0
0.078278
0.0807417
0
0
0
0
0
0
0
0
0
0.0836177
0
0
0
0
0
0
0
0
0
0
0
0
0
0
0
0
0
0
0
0
0
0
0
0
0
0
0
0
0
0
0
0
0
0
0
0
0
0
0
0
0
0
0.0781575
0.0781575
0.0781575
0
0
0
0
0
0
0
0
0
0
0
0
0
0
0
0
0
0
0
0
0
0.155043
0.155043
0.155043
0
0.155043
0.155043
0.117297
0.117297
0.117297
0.0322928
0.0322928
0
0.0322928
0
0.0322928
0.0322928
0.0322928
0.0322928
0.0322928
0.0322928
0.0322928
0
0
0.0322928
0.0322928
0.0323153
0.0323153
0
0
0.0323153
0.0323153
0.0322928
0
0
0
0
0
0
0
0
0
0
0
0
0
0
0.0323108
0.0323108
0.0323108
0.0323108
0
0.0323108
0
0
0
0
0
0
0
0
0
0
0.0323108
0.0323108
0
0
0.0323108
0.0323108
0.0323108
0
0.0323108
0
0
0
0.0323108
0
0
0.0323108
0.0323108
0.0323108
0
0.0323333
0
0
0
0
0
0
0.030769
0
0.030769
0
0
0
0
0
0
0
0
0.0752449
0
0
0
0
0
0
0.0338591
0.0338591
0.0335427
0.0335427
0.0335427
0.0335427
0.0335427
0.0335427
0.0335427
0.0335427
0.0335427
0.0335427
0
0
0
0
0
0
0
0
0
0
0
0
0
0
0
0
0
0
0
0
0
0
0
0
0
0
0.0753208
0.0753208
0.0753208
0.0753208
0.0753208
0
0
0
0
0
0
0
0.0745909
0.0745909
0
0
0
0
0
0
0.0751882
0.0751882
0.0751882
0.0751567
0
0
0
0
0.0752449
0.0752449
0.0752449
0
0
0.0792185
0.0792185
0
0
0
0.0752449
0.0752449
0
0.0746648
0.149157
0.149157
0.149157
0.149157
0.313112
0.149157
0.154276
0.149157
0.113433
0.113433
0
0
0
0
0
0.0757228
0
0.075226
0.0322973
0
0
0
0
0
0
0
0
0
0
0
0
0
0
0
0
0
0
0
0
0
0
0
0
0
0
0
0
0
0
0
0
0.0938784
0
0
0
0
0
0
0
0
0
0
0
0
0
0
0
0
0
0
0
0
0
0
0
0
0
0
0
0
0
0
0
0
0
0
0
0
0
0
0
0
0
0
0
0
0
0.0752449
0
0
0.0999852
0.0999852
0.0998965
0.0998965
0.0998965
0.0998965
0.0998965
0.0998965
0.0998965
0.0998965
0.0998965
0.0999852
0.0998965
0.0998965
0.0998965
0.0998965
0.0998965
0.0998965
0.0998965
0.10596
0.10596
0.106013
0.106013
0
0
0
0.0999852
0.0999852
0.0999852
0.0999852
0.0999852
0
0
0
0
0
0.102078
0
0.0999852
0.100134
0.100134
0.100134
0.100134
0.100134
0.100134
0.100134
0
0.100163
0.100163
0
0
0
0
0
0
0
0
0
0
0
0
0
0
0
0
0
0
0.115912
0
0
0
0.115912
0.115912
0
0
0
0
0
0
0
0
0
0
0
0
0
0
0
0
0
0
0
0
0
0
0
0
0
0
0
0
0
0
0
0
0
0
0
0
0
0
0
0
0
0
0
0
0
0
0
0
0
0
0
0
0
0
0
0
0
0
0
0
0
0
0
0.304499
0.304499
0.304499
0.304499
0.304499
0.304499
0.325779
0.325779
0.304499
0.305339
0.305339
0.305339
0.305339
0.305339
0
0.305339
0.305339
0.352251
0
0
0
0.305339
0.305339
0.326809
0
0
0
0.305339
0
0.304499
0.304499
0
0
0
0
0
0
0
0
0
0
0
0
0
0
0
0
0
0
0
0
0
0
0
0
0
0
0
0
0
0
0
0
0
0
0
0
0
0
0
0
0
0
0
0
0
0
0
0
0
0
0
0
0
0
0
0
0
0
0
0
0
0
0.0847986
0.0847986
0.0847986
0.0847986
0.0847986
0.0847986
0.0849821
0.0849821
0
0
0.085023
0.085023
0.085023
0.085023
0.0848392
0.0848392
0.0848392
0
0.0848392
0
0.0850026
0.0850026
0
0
0
0
0
0
0
0
0
0.0850026
0
0.0850026
0
0
0
0.0848392
0
0
0.0850026
0.0850026
0
0
0
0
0
0
0.0863654
0.0863654
0
0
0
0
0
0
0
0
0
0
0
0
0
0
0
0
0
0
0
0
0
0
0
0
0
0
0
0
0
0
0.0920315
0
0
0
0
0
0
0
0.0925556
0.0925556
0
0
0
0
0
0
0
0
0
0
0
0
0
0
0
0
0
0
0
0
0
0
0.0803392
0.0803392
0.0803392
0.0803392
0
0.0804084
0.0804084
0.0804084
0.0803392
0
0
0
0.0803392
0.0803392
0.0807047
0
0
0.0865377
0
0
0.0865809
0
0
0
0
0
0
0.0872152
0.0872152
0
0
0.0842152
0
0
0
0.0822551
0.0822551
0
0.1
0
0.1
0.1
0
0
0
0
0.125671
0
0.125671
0.125671
0.127259
0.128435
0.128435
0
0
0
0
0.0999852
0.352251
0
0
0.383065
0
0.352251
0.0999852
0
0
0
0
0
0
0
0
0
0
0
0
0
0
0
0
0
0
0
0
0
0
0
0
0
0
0
0
0
0
0
0
0
0
0
0
0
0
0.0799787
0.0799787
0.305339
0.0849821
0.0849821
0.0849821
0.0849821
0.0849821
0.0849821
0.0849821
0.117875
0.117875
0.305339
0.0799787
0.117875
0
0.117875
0.117875
0.117875
0
0
0
0
0
0
0
0
0
0
0
0
0
0
0
0
0
0
0
0
0.114797
0
0
0
0
0
0
0
0
0
0
0
0
0
0
0
0
0
0
0
0
0
0
0
0
0
0
0
0
0
0
0
0
0
0
0
0
0
0
0
0
0
0
0
0
0
0
0
0
0
0
0
0
0
0
0
0
0
0
0
0
0
0
0
0
0
0
0
0
0
0
0
0
0
0
0
0
0
0
0
0
0
0
0
0
0
0.0799787
0.0807748
0.0807748
0.0807748
0.0810929
0.0810929
0
0.0811998
0.0807748
0
0.0849821
0.0849821
0.0849821
0.0849821
0.0849821
0
0
0
0
0.0850026
0.0850026
0.0850435
0.0850435
0
0.0852906
0.089851
0.089851
0.089851
0.0850435
0
0.0851668
0.0850026
0.305339
0
0
0
0
0
0
0
0
0.305339
0.0785028
0.0785028
0.0787947
0
0
0
0
0
0
0.079024
0
0
0
0
0
0
0
0
0
0
0
0
0
0.0778814
0
0
0
0
0
0.0780393
0.0874372
0.0783741
0.0783741
0.0784867
0
0
0.0785513
0
0
0.0784545
0.0779444
0.0879089
0.0783421
0
0
0.0783421
0
0
0.0784223
0
0
0.0784223
0.0784706
0.0784706
0
0
0.0786484
0
0.0787296
0
0
0.116143
0
0.116143
0.116143
0
0
0
0
0.116143
0.116143
0
0
0
0
0
0
0
0
0
0.116143
0
0
0
0
0
0
0
0
0
0
0
0
0
0
0
0
0
0
0
0
0
0
0
0
0
0
0
0
0
0
0
0
0
0
0
0
0
0
0
0
0
0
0
0
0
0
0
0
0
0
0
0
0
0
0
0
0
0
0
0
0
0
0
0
0
0
0
0
0
0
0
0
0
0
0
0
0
0
0
0
0
0
0
0
0
0
0
0
0
0
0
0
0
0
0
0
0
0
0
0
0
0
0
0
0
0
0
0
0
0
0
0
0
0
0
0
0
0
0
0
0
0
0
0
0
0
0
0
0
0
0
0
0
0
0
0
0
0
0
0
0
0
0
0
0
0
0
0
0
0
0
0
0
0
0
0
0
0
0
0
0
0
0
0
0
0
0
0
0
0
0
0
0
0
0
0
0
0
0
0.125029
0.0848189
0.11559
0.0998965
0.0998965
0.0998965
0
0
0
0.104106
0.101905
0.101905
0.101905
0.123271
0.123271
0
0
0.0999112
0.0999112
0
0
0.0998965
0.0998965
0.0999112
0.0999112
0.0999112
0.0999112
0.0999556
0.0872816
0.0872816
0.0874595
0.0999556
0.1
0
0.1
0.105872
0.0803392
0.0803392
0.0803392
0.0803392
0.0803392
0.0812534
0.0812534
0.0803392
0.0803392
0
0.352251
0.352251
0.352251
0.352251
0.352251
0
0.071837
0.071837
0
0
0.071837
0.071837
0.071837
0
0
0.071837
0.071837
0.0311286
0.071837
0.071837
0.071837
0.071837
0.071837
0.071837
0.071837
0.071837
0.071837
0.0746709
0.0746709
0.0746709
0.0746709
0.0746709
0.0746709
0.0746709
0.0746709
0.0746709
0.0780516
0.0780516
0.0746709
0
0.0746709
0.0746709
0.0746709
0.074807
0.074807
0
0
0.0746709
0.0746709
0.074807
0.074807
0.0746709
0.071837
0.071837
0.071837
0.071837
0.071837
0.071837
0.071837
0.071837
0.071837
0.071837
0.071837
0.071837
0.071837
0.071837
0.071837
0.071837
0.071837
0.071837
0.071837
0.0741461
0.0741461
0.0741461
0.0741461
0.0741461
0.0741461
0.0741461
0.0741461
0.0741461
0.0741461
0.0741461
0.0741461
0.0741461
0
0
0.0791376
0.0791376
0
0
0
0.0741461
0.0741461
0.0741461
0.0741461
0.0741461
0.0741461
0.0741461
0.0741461
0.0741461
0.105872
0.105872
0
0.105872
0
0.105872
0.0741461
0.0741461
0.0741461
0.0741461
0
0
0
0.0741461
0.131991
0.131991
0.214505
0
0
0.235267
0.235267
0.235267
0.235267
0.235267
0.131991
0
0
0
0
0.106013
0
0
0.106048
0
0
0
0
0.0741461
0.0741461
0.106013
0.106013
0.106013
0.106048
0.0741461
0.0741461
0.0741461
0.0741461
0.1066
0.0741461
0.0741461
0.0904863
0.0904863
0.0904863
0
0.0904863
0.0904863
0
0
0
0
0
0
0
0
0
0
0.0741461
0.0825973
0.0825973
0.0825973
0.0741461
0.0741461
0.0741461
0.0741461
0.0741461
0.0741461
0.0741461
0.106013
0.106013
0.106013
0.106013
0.106013
0.106013
0.106013
0.106013
0.106013
0.0741461
0
0.0741461
0.0741461
0.0741461
0.0743583
0.116097
0.0741461
0.0750501
0
0
0
0
0
0
0
0
0
0
0
0
0
0
0
0
0
0
0
0
0
0
0.0674609
0
0
0
0
0
0
0.10419
0
0
0
0
0.23897
0
0.186555
0
0
0
0
0
0
0
0
0
0
0
0.105055
0
0
0
0
0
0
0
0
0
0
0
0
0
0
0
0
0
0
0
0
0
0
0
0
0
0
0
0
0
0
0
0
0
0
0.0812216
0
0.0786502
0
0
0
0
0
0
0.0741461
0.0929784
0.0819701
0
0
0.074554
0.111208
0.0741461
0.0990507
0.0986785
0.0986785
0.0986785
0.0986785
0.0986785
0.0986785
0.0986785
0.0986785
0.0990507
0.0990507
0
0
0
0
0
0.115935
0.115935
0
0
0
0
0
0
0
0
0
0
0
0
0
0
0
0
0
0
0
0
0
0
0
0
0
0
0
0
0
0
0
0
0.107472
0.107472
0
0.107472
0
0
0.108253
0.109186
0
0.0826851
0
0
0
0
0.108234
0
0
0
0.0904616
0
0.101176
0
0.101222
0
0.0999556
0.100268
0.100268
0.1214
0.1214
0.1214
0.0999704
0.102078
0
0
0
0.100163
0.102109
0
0
0
0
0
0
0
0
0
0
0
0
0
0
0
0
0
0
0
0
0
0
0
0
0
0
0
0
0
0
0
0
0
0
0
0
0
0
0
0
0
0
0
0
0
0
0
0
0
0
0
0
0
0
0
0
0
0
0
0
0
0
0
0
0
0
0
0
0
0
0
0
0
0
0
0
0
0
0
0
0
0
0
0.085023
0.085023
0.085023
0.085023
0.085023
0.085023
0
0
0
0
0
0
0
0
0
0
0
0.100193
0.0849208
0
0.0859814
0
0
0
0.0870828
0.122176
0.156956
0.0881819
0.078071
0.0785513
0
0.0832755
0.083314
0.0864729
0.0865161
0
0
0
0
0.0802185
0
0.0802185
0.0802185
0.0802185
0
0
0
0.106031
0.106297
0.106225
0.113955
0.105925
0.0854774
0.0862154
0
0
0.081325
0.0831411
0.0862154
0
0
0
0.113693
0.383065
0.383065
0.383065
0.113933
0
0
0
0
0
0
0
0
0.082144
0
0
0
0
0
0
0
0
0.114197
0
0
0
0
0
0
0
0.125087
0.12529
0
0
0
0
0
0
0
0
0
0
0
0
0
0
0.0820886
0.082144
0
0
0.171836
0.171836
0
0
0
0
0
0
0
0
0
0
0
0
0
0.101145
0
0.159448
0.100298
0.100298
0
0
0.122176
0.10537
0.12958
0
0
0
0
0
0
0
0
0
0
0
0
0
0
0
0
0
0
0
0
0
0
0
0
0
0
0
0
0
0
0
0
0
0.0741461
0.0812216
0.0812216
0.0698885
0.0698885
0.0812216
0.090224
0.0904863
0
0
0
0
0
0.090224
0.090224
0
0
0
0
0
0
0
0
0.104459
0.104459
0.104459
0
0.104459
0.0741461
0.0741461
0.0742065
0.0742065
0.0741461
0.0741461
0.0741461
0.0741461
0
0
0
0
0
0.0741461
0
0.0741461
0.0741461
0.0742065
0.0742065
0.0823067
0
0
0
0
0
0
0
0
0
0
0
0
0
0
0
0
0
0
0
0
0
0
0
0.0786502
0.0786502
0.0786502
0
0
0
0
0.098156
0.098156
0.0879316
0.0879316
0.098156
0.098156
0.098156
0.098156
0.098156
0.0825973
0.0825973
0.0825973
0.0808981
0.0808981
0
0.0808981
0.0808981
0.0808981
0.0825973
0.0825973
0.0825973
0.0808981
0.0808981
0.0808981
0.0808981
0.0825973
0.0825973
0.0825973
0.0825973
0.0900396
0.0808981
0.0825973
0.0825973
0.0825973
0.0679575
0.0679575
0.0825973
0.0825973
0.0825973
0.0825973
0.0825973
0.164399
0.164399
0.164399
0.164399
0
0.164399
0.0957273
0.0957273
0.0957273
0.0957273
0.0957273
0.163728
0
0
0
0
0
0
0
0
0
0
0
0
0
0
0
0
0
0.0745909
0.0745601
0.0904863
0.0745909
0
0.0745909
0.0745909
0.0674609
0.111208
0.144695
0
0.144695
0.144695
0.220843
0
0
0
0
0
0
0.221163
0.221163
0.221163
0
0
0
0
0.225113
0
0
0
0
0.221163
0.221163
0.221163
0.144695
0
0
0
0
0
0
0.0912984
0
0
0
0
0
0
0
0
0
0
0
0.101361
0.101361
0.103994
0.101361
0
0
0
0
0
0
0
0
0
0
0
0
0
0
0
0
0
0
0
0
0
0
0
0
0
0
0
0
0
0
0
0
0
0
0
0
0
0
0
0
0
0
0
0
0
0
0
0
0
0
0
0
0
0
0
0
0
0
0.102891
0.102907
0
0.0295175
0
0.0295175
0.0295175
0.0295175
0.0295175
0.0295175
0.0295175
0.0295175
0.0323018
0.0323018
0.0323018
0.0295175
0
0
0
0
0
0
0
0
0
0
0
0
0
0
0.0741461
0.0741461
0
0
0.104459
0
0.0812216
0.0823067
0
0
0
0
0.10419
0
0
0
0
0
0
0.0785208
0.0786502
0
0
0
0.163728
0
0
0
0
0
0.0825973
0
0.0912984
0
0.164399
0
0
0.0745909
0.0674609
0.111208
0.144695
0
0.101361
0.0741461
0
0
0
0
0.0295175
0.0295175
0.0295175
0.0295175
0
0
0
0
0.0738459
0
0
0
0
0
0
0
0
0
0
0
0
0
0.0998965
0.0998965
0.0998965
0.0998965
0.0998965
0.0998965
0.0998965
0.0998965
0.0998965
0.0998965
0.0998965
0.0998965
0.0998965
0.0998965
0.0998965
0.0998965
0.0998965
0.0998965
0.0998965
0.0998965
0.0998965
0.0998965
0.0999852
0.0999852
0.0999852
0.0999852
0.0998965
0
0
0
0
0
0
0
0
0
0
0
0
0
0
0
0
0
0.0998965
0.0998965
0.0998965
0.0998965
0.0998965
0.0998965
0.0998965
0.0998965
0.0998965
0.0998965
0.0998965
0.0998965
0.0998965
0.0998965
0.0998965
0.0998965
0.0998965
0.0998965
0.0998965
0.0998965
0.0998965
0
0.0999112
0.123161
0.0999112
0.0999112
0.0999112
0.100134
0.100134
0.100148
0.100134
0.100134
0.100134
0.100134
0.1
0.1
0.124884
0
0
0
0
0.115407
0.11559
0
0
0
0.0873482
0.0909091
0.0897785
0
0
0
0
0
0
0
0
0
0
0
0
0.113519
0.113519
0.113519
0.113519
0
0
0
0
0.11433
0.11433
0.11433
0
0
0
0
0
0.11433
0.114418
0.114352
0.114352
0.114352
0.114352
0.114352
0
0
0
0
0
0
0
0
0
0
0
0.100044
0.100044
0.0999704
0
0.0999556
0.0999556
0.0999556
0.0999556
0
0
0
0.0999556
0.0999556
0.0999556
0.0999556
0.0999556
0.0999556
0.0999556
0.0999852
0.0999852
0.1
0.1
0.123216
0.123216
0.100134
0.100148
0.100148
0.113519
0.115203
0.113977
0.0999112
0.0999112
0
0
0
0
0
0
0
0.0998965
0.0999408
0.0999408
0.0999408
0.0999408
0.0999408
0.0998965
0
0
0
0
0.0999112
0.0999112
0.0999112
0.123161
0
0
0.123161
0.123161
0.123161
0.0999112
0.0999112
0.123188
0.123188
0
0
0
0
0
0.0999112
0.0999112
0.0999112
0.0999852
0
0
0
0
0
0.10084
0
0
0
0
0.10084
0.10084
0.10084
0.10084
0
0
0
0
0
0
0
0.10084
0
0.10084
0.123216
0.123216
0.123216
0.0998965
0.0741461
0.115022
0.115022
0.115022
0.115022
0
0
0
0.0865377
0.0864945
0.120302
0
0
0
0.0992529
0.0992529
0.0992529
0.0992529
0.0992529
0.0992529
0.0992529
0.0999852
0
0.0999852
0.0999852
0.1
0.1
0
0.0993545
0.100298
0.100298
0.100298
0.100298
0.100298
0.100298
0
0.100298
0.100508
0.100298
0.100163
0.100163
0
0
0
0.100163
0.100163
0
0
0
0
0
0.11518
0
0
0
0
0.11518
0.0850026
0
0
0
0.0850026
0
0
0
0
0
0
0
0.0850026
0.085023
0.085023
0
0
0
0
0
0
0
0
0
0
0
0
0
0
0
0
0
0
0
0
0
0
0
0
0
0
0
0
0
0
0
0
0
0
0
0
0
0
0
0
0
0
0
0
0
0
0
0.0832755
0.0833719
0.0833719
0.0833719
0
0
0
0
0
0
0
0
0
0
0
0.0865377
0.0865809
0.0865809
0.0865809
0
0
0
0
0
0
0
0
0
0
0
0
0
0
0
0
0
0
0
0
0.383065
0.383901
0.383901
0.383901
0
0
0
0
0
0
0
0
0
0
0
0
0
0
0
0
0
0
0
0
0
0
0
0
0
0
0
0
0
0
0
0
0
0
0
0.115912
0.115981
0.115981
0.115981
0
0
0
0
0
0
0
0
0
0
0
0
0
0
0
0
0
0
0
0
0
0
0
0
0
0
0
0
0
0
0
0
0
0
0
0
0
0
0
0
0
0
0
0
0
0
0
0
0
0
0
0
0
0
0
0
0
0
0.349689
0
0
0
0
0
0
0
0
0
0
0
0
0
0
0.0820886
0.106852
0
0.071837
0.071837
0.071837
0.071837
0.071837
0.071837
0.071837
0.071837
0.071837
0.071837
0.071837
0.071837
0.071837
0.071837
0.071837
0.071837
0.071837
0.071837
0.071837
0.071837
0.071837
0.071837
0.071837
0.071837
0.071837
0.071837
0.071837
0.071837
0.071837
0.071837
0.071837
0.071837
0.071837
0.071837
0.071837
0.071837
0.071837
0.071837
0.071837
0.071837
0.071837
0.071837
0.071837
0.071837
0.071837
0.071837
0.071837
0.116657
0
0
0
0
0
0
0
0
0
0
0
0
0
0
0
0
0
0
0
0
0
0
0
0
0
0
0
0
0
0
0
0
0
0
0
0
0
0
0
0
0
0
0
0
0
0
0
0
0
0
0
0
0
0
0
0
0
0
0
0
0
0
0
0
0
0
0
0
0
0
0
0
0
0
0
0
0
0
0
0
0
0
0
0
0
0
0
0
0
0
0
0
0
0
0
0
0
0
0
0
0
0
0
0
0
0
0
0
0
0
0
0
0
0
0
0
0
0
0
0
0
0
0
0
0
0
0
0
0
0
0
0
0
0
0
0
0
0
0
0
0
0
0
0
0
0
0
0
0
0
0
0
0
0
0
0
0
0
0
0
0
0
0
0
0
0
0
0
0
0
0
0
0
0
0
0
0
0
0
0
0
0
0
0
0
0
0
0
0
0
0
0
0
0
0
0
0
0
0
0
0
0
0
0
0
0
0
0
0
0
0
0
0
0
0
0
0
0
0
0
0
0
0
0
0
0
0
0
0
0
0
0
0
0
0
0
0
0
0
0
0
0
0
0
0
0
0
0
0
0
0
0
0
0
0
0
0
0
0
0
0
0
0
0
0
0
0
0
0
0
0
0
0
0
0
0
0
0
0
0
0
0
0
0
0
0
0
0
0
0
0
0
0
0
0
0
0
0
0
0
0
0
0
0
0
0
0
0
0
0
0
0
0
0
0
0
0
0
0
0
0
0
0
0
0
0
0
0
0
0
0
0
0
0
0
0
0
0
0
0
0
0
0
0
0
0
0
0
0
0
0
0
0
0
0
0
0
0
0
0
0
0
0
0
0
0
0
0
0
0
0
0
0
0
0
0
0
0
0
0
0
0
0
0
0
0
0
0
0
0
0
0
0
0
0
0
0
0
0
0
0
0
0
0
0
0
0
0
0
0
0
0
0
0
0
0
0
0
0.0329595
0.0329595
0.0329595
0.0329595
0
0
0.0329642
0.0339631
0.0339631
0.0428536
0.0428536
0.0428536
0.0428536
0
0
0
0
0.0371579
0
0.0424706
0
0
0.0424706
0.0424706
0.0424706
0.0424706
0
0
0.0424706
0.0424706
0
0.0424706
0.0424706
0
0
0
0.0339788
0.0339788
0.0337612
0
0
0
0.0339788
0.0339788
0.0337612
0.0335679
0.041174
0.041174
0.041174
0.041174
0.0335679
0.0335679
0
0
0.0435855
0.0435855
0.0519969
0.0435855
0
0
0
0.0335679
0.0335679
0
0.0335679
0.0335679
0.0470222
0.0335679
0.0335679
0.0383332
0.0383332
0.0380583
0.0380583
0.0380583
0.0380583
0
0.0380583
0
0.0380657
0
0.0380583
0.0380583
0.0383859
0.0380583
0.0486408
0.0486408
0
0.0486408
0.0486562
0.0486562
0.0486562
0.0486562
0
0
0
0.0486562
0
0.0486562
0.0486562
0
0.0486408
0.0335679
0
0.0429801
0.0331667
0
0
0
0
0
0
0
0
0
0
0
0
0
0
0
0
0
0
0
0
0
0
0
0
0
0
0
0
0
0.117297
0.117297
0.117297
0.117297
0.117297
0.117297
0.117297
0.117297
0.117297
0.0746586
0.0746586
0.0746586
0.0746586
0.0746586
0.0746586
0.0746586
0.0746586
0
0.0815772
0.0815772
0.512989
0
0
0.522233
0
0
0
0
0
0
0
0
0
0
0
0
0
0
0
0
0
0
0
0.0847579
0
0
0
0
0.0847579
0
0
0
0
0
0
0
0
0
0
0
0
0
0
0
0
0
0
0
0
0
0
0.143839
0
0
0
0
0.145865
0.106199
0
0
0
0
0.115573
0
0.17922
0
0.17922
0
0
0
0
0
0
0
0
0
0
0
0
0.0910346
0.0910346
0.0910346
0
0.0910346
0.090437
0.090437
0
0
0
0
0.090437
0.090437
0.0910094
0.0911353
0.0911353
0
0
0.0911353
0.0911353
0
0
0.090437
0.0847782
0.0847782
0
0
0
0
0
0.0847782
0
0
0
0
0
0
0
0
0
0
0
0
0
0
0
0
0
0
0
0
0
0
0
0
0
0
0
0
0
0
0
0
0
0
0
0
0
0.230633
0.263523
0.263523
0.263523
0.263523
0
0.263523
0.422577
0.263523
0.395285
0.240192
0.240192
0.372678
0.372678
0.377964
0.240192
0.240192
0.453298
0
0
0
0
0
0.230633
0.230633
0
0.230633
0
0
0
0
0.0729095
0.0729095
0.0729095
0.0729095
0.0729095
0.0700445
0.0729095
0.0828932
0
0
0
0.0729095
0.0729095
0.0729095
0.0729095
0
0
0
0
0
0
0
0
0
0
0
0
0
0
0
0.0729095
0.0729095
0
0.0729095
0.0729095
0.116353
0.119058
0.113045
0.21385
0.214176
0.0841158
0
0.159044
0
0
0.0877959
0.0762099
0
0.0848189
0.0876833
0
0.0729095
0.12223
0.0729095
0
0.115499
0.0729095
0
0
0
0
0
0
0
0
0
0
0.0835075
0.0837218
0
0.0819782
0
0.0729095
0.082144
0.082144
0.082144
0
0
0
0
0
0
0
0
0
0
0
0
0
0
0
0
0
0
0
0
0
0.0641236
0
0.0659189
0.0643002
0.0643002
0.204124
0
0.204124
0.204124
0
0.233975
0
0.244949
0
0.256495
0
0.290292
0
0.305234
0
0.306186
0
0
0
0
0
0
0
0.308118
0.745356
0
0.0695608
0
0.0695608
0.0914906
0.0914906
0.0914906
0.0914906
0
0
0.0914906
0.0914906
0
0
0
0
0
0
0.0695608
0
0
0
0
0
0
0
0
0
0
0
0
0
0
0
0
0
0
0
0
0
0
0
0
0
0
0
0.113045
0
0
0
0.0729095
0.128782
0.0729095
0.0808805
0.0729095
0
0.0729095
0.0820518
0.0820518
0.0820518
0.157329
0.0823666
0.0729095
0
0.0729095
0
0
0
0
0
0.114263
0.11433
0
0.11433
0.114263
0.114263
0.114263
0.114263
0.114263
0.114263
0.114263
0.133314
0
0
0
0.11433
0.218218
0
0.106672
0.106672
0.106672
0.106672
0.106672
0.106672
0.106672
0.106672
0.106672
0.106319
0.106319
0
0.113389
0
0.106319
0
0.107052
0
0
0
0
0
0.154331
0
0
0
0
0
0
0
0
0
0
0
0
0
0
0
0
0
0
0
0
0
0
0
0
0
0
0
0
0
0
0
0
0
0
0
0
0
0
0
0
0
0
0
0
0
0
0
0
0
0
0
0
0
0
0
0
0
0
0
0
0
0
0
0
0
0
0
0
0
0
0
0
0
0
0
0
0
0
0
0
0
0
0
0
0
0
0
0
0
0
0
0
0
0
0
0
0
0
0
0
0
0
0
0
0
0
0
0.0729095
0.0729095
0.0729095
0.0729095
0
0
0
0
0
0
0
0
0.0828363
0.0946603
0.0828932
0.0903877
0.0828932
0.082704
0.082704
0.111065
0.111065
0.111065
0
0
0
0
0.111433
0.111433
0.111433
0.111433
0.111433
0
0
0
0
0
0
0
0.0746586
0
0
0
0
0
0
0
0.075949
0.075949
0.075949
0.188187
0
0
0.188187
0.188187
0.188187
0
0
0
0
0.209359
0
0
0.075936
0
0
0
0
0
0.0729095
0.0729095
0.0729095
0.0764471
0.0729095
0.0729095
0
0.0729095
0.0729095
0.0729095
0.0729095
0.0729095
0
0
0
0
0.12111
0.0729095
0.280239
0.0729095
0.0729095
0.0729095
0.127967
0.0729095
0.0729095
0
0
0
0
0.0729095
0.0729095
0.0729095
0.0729095
0.0729095
0.0729095
0.0729095
0.0729095
0.0729095
0.0729095
0.0729095
0.0729095
0.0729095
0
0
0
0
0
0
0
0
0
0
0.0729095
0.0729095
0.133077
0.113758
0.137969
0
0
0
0
0
0
0.113813
0.113813
0.113813
0
0.118833
0.119808
0.119808
0.119808
0.163082
0.163082
0
0.163082
0.119808
0.119808
0.119808
0.119808
0.119808
0.122659
0
0.105644
0
0.0729095
0.12831
0.129227
0.129227
0.302429
0
0
0
0
0
0.0729095
0.0729095
0.0729095
0.0729095
0.0729095
0.0729095
0.0729095
0.0729095
0
0.0729095
0
0.0729095
0.0729095
0.0729095
0.0729095
0.0729095
0.0729095
0.0729095
0.0729095
0.0729095
0
0
0
0
0.0729095
0.0729095
0.0729095
0.084596
0.084596
0
0
0.084596
0
0
0
0
0
0
0
0
0
0.0840762
0.0840762
0.0840762
0.084255
0.121639
0
0
0.121639
0.121639
0
0
0
0
0
0
0
0
0
0
0
0
0.0729095
0
0
0
0
0
0.429449
0.449551
0.790569
0.790569
0
0.790569
0.790569
0.790569
0.790569
0.790569
0.790569
0.790569
0
0
0
0.429449
0.414963
0.726184
0.726184
0.726184
0.968246
0.821584
0.821584
0
0.326164
0
0
0
0
0
0
0
0
0
0
0
0
0
0
0
0
0
0
0
0
0
0
0
0
0
0
0
0
0
0
0
0
0
0
0
0
0
0
0
0.0729095
0.0729095
0.0729095
0.0729095
0.0729095
0
0
0
0
0
0
0
0
0
0
0
0
0
0
0
0
0
0
0
0.120561
0.120561
0.0827228
0.121189
0.123971
0.124254
0
0
0
0
0
0
0
0
0.085208
0.0911101
0.0832178
0.0901425
0.0833333
0.0833333
0.0833333
0.0833333
0.0833333
0.0853113
0.0858124
0
0.0853113
0.0833333
0.0874818
0.0897062
0.0874818
0.0874818
0.089851
0.0893713
0.0874818
0.0874818
0
0
0
0
0
0.0833333
0.0833333
0.0833333
0.0898027
0
0.0898027
0.0898027
0.123606
0.0866676
0.126502
0.407745
0.407745
0
0.408753
0
0.412861
0.412861
0.0850435
0
0.0729095
0.0729095
0.0729095
0.0729095
0.0729095
0.118883
0.0907592
0.0911101
0.0911101
0.0729095
0.0729095
0.0729095
0.0729095
0.0729095
0.0729095
0.116353
0.116353
0.116353
0.0729095
0.121586
0.121666
0.121586
0.121586
0.0729095
0
0.0729095
0.137969
0.11433
0.11433
0.11433
0.11433
0.11433
0.11433
0.11433
0.11433
0.11433
0.11433
0.11433
0
0
0
0
0.11433
0
0.11433
0.117321
0.117321
0.11433
0
0
0
0
0
0
0
0
0
0
0
0
0
0
0
0
0
0
0
0
0
0
0
0
0
0
0.0729095
0.0729095
0.0729095
0.0729095
0.0729095
0.0729095
0.0729095
0.0729095
0.0729095
0.0729095
0.0729095
0.0729095
0.0729095
0.119133
0.120509
0.155822
0.155822
0.156273
0.156273
0.277587
0.161312
0
0
0
0
0.161312
0.0759263
0.0759263
0.0759263
0.0759263
0.0759263
0
0
0
0.0759263
0.121639
0.075936
0
0.124568
0.124568
0.217528
0.126985
0
0
0
0
0
0
0
0.151099
0.151099
0
0.151099
0.120795
0.120795
0.161374
0.121773
0
0
0
0
0
0
0
0.075936
0
0.075936
0.075936
0.075936
0
0.075936
0.075936
0
0
0
0
0
0
0
0
0
0
0
0
0.086711
0.086711
0
0.086711
0.086711
0.0867327
0.086711
0
0
0
0
0
0
0
0
0
0
0
0
0
0
0
0.399468
0
0.129871
0.133349
0
0
0
0
0
0
0
0
0
0
0
0
0
0
0
0
0
0
0
0
0
0
0
0
0
0.211709
0.211709
0.0759684
0.0729095
0.0729095
0.0729095
0.0729095
0.0729095
0.0729095
0.0754286
0.0754286
0
0.0729095
0.0729095
0.150985
0.0729095
0.0845759
0.0729095
0
0.0729095
0.0729095
0.0729095
0
0
0
0
0
0.0729095
0
0
0
0
0.0729095
0
0.0729095
0.0729095
0.0729095
0.0729095
0
0.0729095
0.0729095
0.0729095
0.0729095
0.0729095
0.0729095
0.0729095
0.0729095
0.163227
0.0729095
0.114307
0.114307
0.114307
0.114307
0.114307
0.116166
0.116166
0.114307
0.0729095
0.0729095
0.0729095
0.0729095
0.126144
0
0
0
0
0
0
0
0
0
0
0
0
0
0
0
0
0
0
0
0
0
0
0
0
0
0
0
0
0
0
0
0
0
0
0
0
0
0
0
0.127874
0.127874
0.127874
0.127874
0.127874
0
0
0
0
0
0
0
0
0
0
0
0
0
0
0.0814328
0.0814328
0
0.0814868
0.0814868
0
0
0
0
0
0
0
0
0
0
0
0
0
0
0
0
0
0
0
0
0
0
0
0
0
0
0
0
0
0
0
0
0
0
0
0
0
0
0
0
0
0
0.117489
0
0
0
0
0
0
0
0
0
0
0
0
0
0
0
0
0
0
0
0
0
0
0
0
0
0
0
0
0
0
0
0
0
0
0
0
0
0
0
0
0
0
0
0
0
0
0
0
0
0
0
0
0
0
0
0
0
0
0
0
0
0
0
0
0
0
0
0
0
0
0
0
0
0
0
0
0
0
0
0
0
0.1209
0.1209
0.1209
0.1209
0.1209
0.1209
0.1209
0.1209
0.1209
0
0
0
0.1209
0
0
0
0
0
0
0
0
0
0
0.0751819
0.0751819
0.0751819
0.0751819
0
0
0
0
0
0
0
0
0
0
0
0
0
0.0746709
0.0746709
0.0746709
0.0746709
0.0746709
0.0746709
0.154331
0.154331
0
0.169987
0.169987
0.154331
0
0
0
0
0
0.0751693
0.032392
0.078278
0.0807417
0
0
0
0.0781858
0.0781858
0.155431
0.157647
0.155431
0.0781858
0
0
0
0
0
0
0
0
0
0
0
0
0
0
0
0
0.0746586
0.0746586
0.0746586
0
0
0
0
0
0
0
0.0744682
0.0744682
0.0744682
0.0744682
0.0746709
0.0746648
0.0746833
0.0746833
0.0746833
0.0746648
0.0746648
0.0746648
0.0746648
0.0746648
0.0746648
0
0
0
0.0746648
0
0
0
0.0746648
0
0
0
0.0329642
0.0329642
0.0329642
0.0329642
0.0329642
0.0329642
0.0329642
0.0329642
0.0329642
0.0329642
0.0329642
0.0329642
0.0329642
0.0329642
0
0
0
0
0
0
0
0
0.0329642
0.0329642
0
0
0
0
0
0.0329642
0
0
0
0
0
0
0
0
0
0
0
0
0
0
0
0
0
0.0329642
0.0336743
0
0
0.0813968
0.0813968
0.0813968
0.0813968
0.0813968
0.0813968
0.0813968
0.0813968
0.0813968
0.0813968
0.0813968
0.0813968
0.0813968
0.0813968
0.0813968
0.0813968
0.0813968
0.106079
0.106079
0
0
0.0746586
0.0746586
0.0746586
0.0746586
0.0746586
0.0746586
0.0746586
0.0746586
0.0746586
0.0746586
0.0746586
0.0746586
0.0746586
0.0746586
0.0746586
0.0746586
0.0746586
0.0746586
0.0746586
0.0746586
0.0746586
0.0746586
0.0746586
0.0746586
0.0746586
0.0746586
0.0746586
0.0746586
0.0746586
0.0746586
0.0746586
0
0
0.0813968
0.0813968
0.0813968
0.0813968
0.0813968
0.0813968
0.0834881
0.0813968
0.0813968
0.0823108
0.0823108
0.0823108
0.0823108
0.0823108
0.0823108
0.0823108
0.0823108
0.0823108
0.0823108
0.0813968
0.0813968
0.0813968
0.0813968
0.0813968
0.0834881
0.0813968
0.0813968
0.0813968
0.0815772
0.0815772
0
0
0
0.0815772
0.0813968
0.300602
0.316228
0.300602
0.0813968
0.0813968
0.0821071
0.0821071
0.0821071
0
0.0813968
0.0813968
0.0813968
0.081541
0.081541
0.0821071
0
0.0821071
0.0821071
0
0
0.345033
0.345033
0.246432
0.246432
0
0
0
0
0
0
0.133472
0.133472
0.0835075
0.0835852
0.260525
0.260525
0
0
0
0
0
0.0838198
0.0838198
0.0838198
0
0
0
0
0
0
0
0
0
0.132608
0.132608
0.132608
0.14535
0.14535
0.14535
0
0
0
0
0
0
0
0
0
0
0
0
0
0
0
0
0
0
0
0
0
0
0
0
0
0
0
0
0
0
0
0
0
0
0
0
0
0
0
0
0
0
0
0
0
0
0
0
0
0
0
0
0
0
0
0
0
0
0
0
0
0
0
0
0
0
0
0
0
0.115521
0.115521
0.115521
0
0
0
0
0
0
0
0
0
0
0
0
0
0
0.0821071
0.0821071
0.0815772
0.0815772
0.262312
0.262312
0.141139
0.141516
0
0
0
0.141139
0.157982
0.253728
0.253728
0
0
0.0813968
0.0813968
0.0818683
0.0813968
0.0813968
0.0818683
0.0818683
0
0.0818683
0.180187
0
0.180187
0.0818683
0.0818683
0.115521
0.115521
0.115521
0.115521
0.122597
0.122597
0.122597
0.122597
0.150075
0.150075
0
0.122597
0
0
0.127
0
0
0.128388
0.542326
0.559017
0.559017
0.590624
0.590624
0.542326
0.12975
0.156047
0.156047
0.156047
0.163372
0.163372
0.163517
0.163517
0.164104
0.163372
0
0
0
0
0
0
0
0
0
0
0
0
0
0
0
0
0
0
0.253728
0.253728
0.253728
0
0.253728
0.253728
0.253728
0.253728
0.254824
0
0.253728
0.253728
0.253728
0.255377
0.255377
0
0.255377
0
0
0
0
0
0
0.164104
0
0.164845
0.164845
0.164845
0.164845
0
0
0
0.164845
0.164845
0.164845
0.169354
0
0
0
0
0
0
0
0
0
0.164845
0.167132
0
0
0
0
0
0
0
0
0
0
0
0
0
0
0
0
0
0
0
0
0.164104
0.164104
0.164104
0.164104
0.165145
0.164104
0
0.164845
0.164845
0
0.164845
0.164845
0
0
0
0
0
0
0
0
0
0
0.081541
0.081541
0.0817952
0.0822736
0.0822736
0
0
0
0
0
0
0.0822736
0.0822736
0.0838198
0.12223
0.0847579
0.0847579
0.0847579
0.0847579
0
0
0.0847579
0.0847579
0.0847579
0.0847579
0.0847579
0.0847782
0.0847782
0.220684
0
0.222865
0.23614
0.559017
0.0847579
0.223607
0.223607
0.495885
0
0
0
0
0
0
0
0
0
0
0
0
0
0
0
0
0
0
0
0
0
0
0
0
0
0
0
0
0
0
0
0
0
0
0
0
0
0
0
0
0
0
0
0
0
0
0
0
0
0
0
0
0.0821071
0.0821071
0.0821071
0.0847782
0.0847782
0
0.0847782
0
0
0
0
0
0
0
0
0
0
0
0.0847782
0.0847782
0
0
0
0
0
0
0
0
0
0
0
0
0
0
0.0821071
0.132608
0.132608
0.132608
0
0
0
0.13292
0.138498
0.138498
0.138498
0.138498
0.159583
0.138498
0
0.138498
0
0.138498
0.138498
0.138498
0.395285
0.13292
0.119808
0.119808
0.119808
0.119808
0.119808
0.119808
0.119808
0.17922
0.17922
0.17922
0.17922
0.17922
0.119808
0.119808
0.119808
0.119808
0.332106
0.119808
0.14535
0.14535
0
0.14535
0.14535
0.14535
0.14535
0.14535
0
0.14535
0.14535
0
0
0.148413
0.14535
0.14535
0
0
0
0
0
0
0
0
0
0
0
0
0
0
0
0
0
0
0
0
0
0
0
0
0
0
0
0
0
0.0821255
0.0821255
0.214176
0.0821255
0.0836437
0.0836437
0.0826286
0.0826286
0.0818134
0.0818134
0.0818134
0.0905357
0.0910346
0.0910346
0.0910346
0.0905357
0
0
0.0818134
0.15238
0.0818134
0
0
0
0
0.0819782
0
0
0.0729095
0.0729095
0.0729095
0.0729095
0.0729095
0.0729095
0.0729095
0.0729095
0.0729095
0.0729095
0.0729095
0.0729095
0.0729095
0.0729095
0.0729095
0.0729095
0.0729095
0.0729095
0
0
0
0.117297
0.127259
0.0729095
0.0729095
0.0729095
0.0729095
0.0729095
0.0729095
0.0729095
0.0729095
0.0729095
0.0729095
0.0729095
0.0729095
0.0729095
0.0729095
0.0729095
0.0729095
0.0729095
0.0729095
0.0729095
0.0729095
0.0729095
0.0729095
0.0729095
0.0729095
0.0729095
0.0729095
0.0729095
0.0729095
0.0729095
0.0729095
0.0729095
0.0729095
0.0729095
0.0729095
0.0729095
0.0729095
0.0729095
0.0729095
0.0729095
0.0729095
0.0729095
0.0729095
0.0729095
0.0729095
0.0729095
0.0729095
0.0729095
0.0729095
0.0729095
0.0729095
0.0729095
0.0729095
0.0729095
0.0729095
0.0729095
0.0729095
0.0729095
0.0729095
0.0729095
0.0729095
0.0729095
0.0729095
0.0729095
0.0729095
0.0729095
0.0729095
0.0729095
0.0729095
0.0729095
0.0729095
0.0729095
0.0729095
0.0729095
0.0729095
0.0729095
0.0729095
0.0729095
0.0729095
0.0729095
0.0729095
0.0729095
0.0729095
0.0729095
0.0729095
0.0729095
0.0729095
0.0729095
0.0729095
0.0729095
0.0729095
0.0729095
0.0729095
0.0729095
0.0729095
0.0729095
0.0729095
0.0729095
0.0729095
0.0729095
0.0729095
0.0729095
0.0729095
0.0729095
0.0729095
0.0729095
0.0729095
0.0729095
0.0729095
0.0729095
0.0729095
0.0729095
0.0729095
0.0729095
0.0729095
0.0729095
0.0729095
0.0729095
0.0729095
0.0729095
0.0729095
0.0729095
0.0729095
0.0729095
0.0729095
0.0729095
0.0729095
0.0729095
0.0729095
0.0729095
0.0729095
0.0729095
0.0729095
0.0729095
0.0729095
0.0729095
0.0729095
0.0729095
0.0729095
0.0729095
0.0729095
0.0729095
0.0729095
0.0729095
0.0729095
0.0729095
0.0729095
0.0729095
0.0729095
0.0729095
0.0729095
0.0729095
0.0729095
0.0729095
0.0729095
0.0729095
0.0729095
0.0729095
0.0729095
0.0729095
0.0729095
0.0729095
0.0729095
0.0729095
0.0729095
0
0
0.0729095
0.0729095
0.0729095
0.0729095
0.0729095
0.0729095
0.0729095
0.0729095
0.0729095
0.0729095
0.0729095
0.0729095
0.0729095
0.0729095
0.0729095
0.0729095
0.0729095
0.0729095
0.0729095
0
0.207085
0
0
0
0.0729095
0
0
0
0
0
0
0
0
0
0
0
0.23614
0.251048
0.251048
0
0.939336
0.559017
0
0
0
0
0
0
0
0
0
0
0
0
0.111065
0
0
0
0
0
0.125261
0
0.125261
0.125261
0
0
0
0
0
0.146805
0
0.110084
0
0.110084
0.0729095
0.0729095
0.0729095
0.121083
0.121083
0.14012
0.14012
0.14012
0.121083
0
0
0
0.117297
0.147229
0.147229
0.117297
0.117297
0.117297
0.117297
0.117297
0
0
0
0
0.117297
0.0729095
0.0729095
0.0911101
0.127259
0.0758906
0.139212
0.0729095
0.0729095
0.0729095
0.0729095
0.117297
0.117297
0.117297
0.117297
0
0.0729095
0.0729095
0
0
0
0.0729095
0
0
0
0
0
0
0
0.0729095
0.0729095
0.0729095
0.0729095
0.0729095
0.0729095
0.0729095
0.0729095
0.0729095
0.0729095
0.0729095
0.0729095
0.0729095
0
0
0
0.0729095
0
0
0
0
0
0
0.211709
0.211709
0.211709
0
0
0
0
0
0
0
0
0
0.1218
0
0
0
0
0
0
0.120225
0
0
0
0.120225
0
0
0
0
0
0
0
0.120225
0
0.130657
0
0
0
0
0.0914396
0
0.0900207
0
0
0
0
0
0
0
0
0.121136
0.121136
0
0.121136
0.127596
0.127596
0
0
0
0
0
0.127596
0.0841158
0
0
0
0
0
0
0
0
0
0
0
0
0
0
0
0
0
0
0
0
0
0
0
0
0
0
0
0
0
0
0
0
0
0
0
0
0
0
0
0
0
0
0
0
0
0
0
0
0
0.122176
0.122176
0.122176
0.118734
0.118734
0.118734
0.0746833
0
0.0746833
0.0746833
0.0746833
0.0746833
0
0
0
0
0
0
0
0
0
0
0
0
0
0
0
0
0
0
0.117345
0.117345
0.117345
0.117345
0.117345
0.117345
0.0511913
0.051335
0.117345
0.124856
0.124856
0.124856
0.121988
0.122014
0
0
0
0
0
0
0
0
0
0
0
0.117345
0.117345
0.117345
0.117345
0.117345
0.117345
0.117345
0.117345
0.118021
0.118021
0.117345
0.118021
0.118021
0.117345
0.117345
0.117345
0.117345
0.117345
0.117345
0.117345
0.117585
0.117585
0.117345
0.117345
0.117345
0.117345
0.117345
0.117345
0.1257
0.117345
0.117345
0.117345
0.117345
0.117345
0.195394
0.195394
0.195394
0.118958
0.130263
0.118958
0.115062
0.165178
0.165178
0.181546
0
0
0.0485185
0.0485185
0.123327
0.0890635
0.117345
0.117345
0
0
0
0
0.122203
0.122556
0.192371
0.192371
0.3371
0.3371
0
0
0
0
0.225451
0.117345
0.225451
0.225451
0.225451
0
0
0
0
0
0
0
0
0
0
0
0.225451
0.225451
0.225451
0.225451
0.225451
0
0
0.225451
0.245058
0.225451
0.225451
0.24419
0.225451
0.24419
0.482451
0.482451
0.482451
0.482451
0.482451
0.482451
0
0
0
0
0
0
0
0.482451
0.24419
0.121907
0.121907
0.121907
0.087841
0.0892052
0
0
0
0.121907
0.117924
0.117924
0.117924
0
0
0
0
0.0485185
0.0485185
0.0485185
0
0
0
0
0
0.0486408
0.0486408
0.0485185
0.118958
0.118958
0.118958
0.118958
0.118958
0.118958
0.118958
0.1257
0.118958
0.0485185
0.0485185
0.0485185
0.0636715
0.0485185
0.0485185
0.123592
0
0.179799
0.888523
0
0.118684
0.118684
0
0
0
0
0
0
0
0.118684
0.118684
0.118684
0.118684
0.118684
0.118684
0.118684
0
0
0
0
0
0.118684
0.118734
0.118734
0.118734
0.118734
0.118734
0.118734
0.135999
0.135999
0.140303
0.135999
0.136335
0.118734
0.118734
0.16265
0.118734
0.118734
0.118734
0.169842
0.169842
0.118858
0
0
0.118734
0.118858
0.118734
0.118684
0.16265
0.16265
0
0.16381
0
0
0
0
0.16381
0
0
0
0
0
0
0
0
0
0
0
0
0
0
0
0
0
0
0
0
0
0
0
0
0
0
0.118709
0.118709
0.11866
0.11866
0.118709
0.0837806
0.11866
0.11866
0.11866
0.11866
0.11866
0.11866
0.11866
0
0
0
0.11866
0.090437
0.090437
0.090437
0.118684
0.120354
0.118684
0.118684
0.118684
0.118684
0
0
0
0
0.118684
0.118684
0.121083
0.177105
0.177105
0.177105
0
0.11866
0.120045
0.120045
0.0771517
0.122474
0.11866
0
0
0
0
0.11866
0
0
0
0
0
0
0.119968
0.0892052
0.14385
0
0.162698
0
0
0
0
0
0
0
0
0
0
0
0
0
0
0
0
0
0.170941
0
0
0
0.195394
0.195394
0.195394
0.195394
0
0
0
0
0
0
0
0
0
0
0
0.195394
0.195394
0
0
0
0
0
0
0.195394
0.195394
0
0.195394
0.195394
0
0
0
0
0.195394
0
0
0
0
0
0
0
0
0
0
0
0
0
0
0
0
0.124141
0.124141
0.124141
0.124141
0.124141
0.124141
0.124141
0.286212
0.124141
0.743827
0.743827
0.769484
1
0.875811
0.875811
0.124141
0.233126
0
0.233126
0.124913
0.124913
0.0860663
0.124913
0.22005
0.124913
0.0843749
0.0843749
0.0868417
0.0868417
0.086951
0.0843749
0.0843749
0
0
0
0
0
0
0
0.124913
0.0838002
0.0838002
0.0840762
0.0840762
0
0.117345
0
0
0
0
0
0
0
0
0
0
0
0
0
0
0
0.117345
0
0
0
0
0
0
0
0
0
0
0
0
0
0
0
0
0
0
0
0
0
0
0
0
0
0.0745909
0
0
0
0
0
0
0
0
0
0
0
0
0
0
0
0
0
0
0
0
0
0
0
0.102843
0.102843
0.102843
0.102843
0.102843
0.102843
0
0
0
0
0
0
0.104173
0.102843
0
0
0.110124
0.110124
0.111167
0.111167
0.111167
0.104173
0.104173
0.104173
0.104173
0.104173
0.112283
0.104173
0
0
0
0
0.106031
0
0
0
0
0
0
0
0
0
0
0
0
0
0
0
0
0
0
0
0
0
0
0
0
0
0
0
0
0
0
0
0
0
0
0
0
0
0
0
0
0
0
0
0
0
0
0
0
0
0
0
0
0
0
0
0
0
0
0
0
0
0
0
0
0
0
0
0
0
0
0
0
0
0
0.0746155
0
0.0746155
0.0746155
0.0746155
0.0746155
0
0.119334
0.119334
0.119334
0.119334
0.119334
0.119334
0.119334
0.119334
0.119334
0.121031
0.119334
0.119334
0.119334
0.0746648
0.0746648
0.0746648
0.0746648
0.0746648
0.0746648
0.0746648
0
0
0
0
0
0
0
0
0
0
0
0
0
0
0
0
0
0
0
0
0
0
0
0
0
0
0
0
0
0
0
0
0
0
0
0
0
0
0
0
0
0
0
0
0
0
0
0
0
0
0
0.0746586
0.0746586
0.0746586
0.0746586
0.0746586
0.0746586
0.0746586
0.0746586
0.0746586
0.0746586
0.0746586
0.0746586
0.0746586
0
0
0
0
0
0
0
0
0
0
0
0
0
0
0
0
0
0
0
0
0
0
0
0
0
0
0
0
0
0
0
0
0
0
0
0
0
0
0
0
0
0
0
0
0
0
0
0
0
0
0
0
0
0
0
0
0
0
0
0
0
0
0
0
0
0
0
0
0
0
0
0
0
0
0
0
0
0
0
0.0746648
0.0746648
0.0746648
0.0746648
0.0746648
0.0746648
0.0746648
0.0746648
0.0746648
0.0746648
0.0746648
0.0746648
0.0746648
0.0746648
0.0746648
0.0746648
0.0746648
0.0746648
0.0746648
0.0746648
0.0746648
0.0746648
0.0746648
0.0746648
0.0746648
0.0746648
0.0746648
0.0746648
0.0746648
0.0746648
0.0746648
0.0746648
0.0746648
0.0746648
0.0746648
0.0746648
0.0746648
0.0746648
0.0746648
0.0746648
0.0746648
0.0746648
0.0746648
0.0746648
0.0746648
0.0746648
0.0746648
0.0746648
0.0746648
0.0746648
0.0746648
0.0746648
0.0746648
0.0746648
0.0746648
0.0746648
0.0746648
0.0746648
0.0746648
0.0746648
0.0746648
0.0746648
0.0746648
0.0746648
0.0746648
0.0746648
0.0746648
0.0746648
0.0746648
0.0746648
0.0746648
0.0746648
0.0746648
0.0746648
0.0746648
0.0746648
0.0746648
0.0746648
0.0746648
0.0746648
0.0746648
0.0746648
0.0746648
0.0746648
0.0746648
0.0746648
0.0746648
0.0746648
0.0746648
0.0746648
0.0746648
0.0746648
0.0746648
0.0746648
0.0746648
0.0746648
0.0746648
0.0746648
0.0746648
0.0746648
0.0746648
0.0746648
0.0746648
0.0746648
0.0746648
0.0746648
0.0746648
0.0746648
0.0746648
0.0746648
0.0746648
0.0746648
0.0746648
0.0746648
0.0746648
0.0746648
0.0746648
0.0746648
0.0746648
0.0746648
0.0746648
0.0746648
0.0746648
0.0746648
0.0746648
0.0746648
0.0746648
0.0746648
0.0746648
0.0746648
0.0746648
0.0746648
0.0746648
0.0746648
0.0746648
0.0746648
0.0746648
0.0746648
0.0746648
0.0746648
0.0746648
0.0746648
0.0746648
0
0
0
0
0
0
0
0
0
0
0
0
0
0
0
0
0
0
0
0
0
0
0
0
0
0
0
0
0
0
0
0
0
0
0
0
0
0
0
0
0
0
0
0
0
0
0
0
0
0
0
0
0
0
0
0
0
0
0
0
0
0
0.0746709
0
0.0747822
0.0747822
0.0746709
0
0
0
0
0.0747822
0.0747822
0
0
0
0
0
0
0
0
0
0
0
0
0
0
0
0
0
0
0
0
0
0
0
0
0
0
0
0
0
0
0
0
0
0
0
0
0
0
0
0
0
0
0
0
0
0
0
0
0
0
0
0
0
0
0
0
0
0
0
0
0
0
0
0
0.0746833
0
0
0
0
0
0
0
0
0
0
0
0.0800109
0.0800109
0.0751882
0
0
0
0
0
0
0
0
0
0
0
0
0
0
0
0
0
0
0.0785854
0.0785854
0.0785854
0.0746709
0.0335427
0
0
0
0
0
0
0
0
0
0
0
0
0
0
0
0
0.0729095
0.0729095
0.0729095
0.0729095
0.0729095
0.0729095
0.0729095
0.0729095
0.0729095
0.0729095
0.0729095
0.0729095
0.0729095
0.0729095
0.0729095
0.0729095
0.0729095
0.0729095
0.0729095
0.0729095
0.0729095
0.0729095
0.0729095
0.0729095
0.0729095
0.0729095
0.0729095
0.0729095
0.0729095
0.0729095
0.0729095
0.0729095
0.0729095
0.0729095
0.0729095
0.0729095
0.0729095
0.0729095
0.0729095
0.0729095
0.0729095
0.0729095
0.0729095
0.0729095
0.0729095
0.0729095
0.0729095
0.0729095
0.0729095
0.0729095
0.0729095
0.0729095
0.0729095
0.0729095
0.0729095
0.0729095
0.0746586
0.0746586
0.0746586
0.0746586
0.0746586
0.0746586
0
0
0
0
0
0
0.0746586
0.0746586
0.0746586
0.0746586
0.0746586
0.0746586
0.0746586
0.0746586
0
0
0
0.107052
0.0748008
0
0
0
0
0
0.0746709
0
0
0
0
0
0.0745909
0.0745909
0.0745909
0
0.0745909
0.0745909
0.0745909
0.0745909
0.0745909
0.0745847
0.0745847
0.0745847
0.0745847
0.0745847
0.0745847
0.0745909
0.0745909
0.0745909
0.0745909
0.261116
0.261116
0
0
0.229819
0.229819
0.279508
0.229819
0
0
0
0
0
0
0
0
0
0
0
0
0
0
0
0
0
0
0
0
0
0
0
0
0
0
0
0
0
0
0
0
0
0
0
0
0
0
0
0
0
0
0
0
0
0
0
0
0
0
0
0
0
0
0
0
0
0
0
0
0
0
0
0
0
0
0
0
0
0
0
0
0
0
0
0
0
0
0
0
0
0
0
0
0
0
0
0
0
0
0
0
0
0
0
0
0
0
0
0
0
0
0
0
0
0
0
0
0
0
0
0
0
0
0
0
0
0
0
0
0
0
0
0
0
0
0
0
0
0
0
0
0
0
0
0
0
0
0
0
0
0
0
0
0
0
0
0
0
0
0
0
0
0
0
0
0
0
0
0
0
0
0
0
0
0
0
0
0
0
0
0
0
0
0
0
0
0
0
0
0
0
0
0
0
0
0
0
0
0
0
0
0
0
0
0
0
0.117345
0
0
0.117345
0.117345
0.117345
0.117345
0.117345
0.117345
0.117345
0.117345
0.117345
0.117345
0
0
0
0
0.117345
0.117345
0.0690724
0.0690724
0
0.0690724
0.0690724
0.117345
0.117345
0.117345
0.117345
0.117345
0.117345
0.117345
0.117345
0.119334
0.117345
0
0.117345
0.117345
0.117345
0.117345
0.117345
0.117345
0.117345
0.117345
0.117345
0.117345
0.117345
0.117345
0.117345
0.232705
0
0
0
0
0
0
0
0
0
0
0
0
0
0
0
0
0.232705
0.232705
0.232705
0
0
0
0.232705
0.235702
0
0
0
0.24544
0.257627
0.24544
0.117345
0.117345
0.117345
0.117345
0.165178
0.165178
0.118217
0.118217
0.123327
0.123327
0
0
0
0
0
0
0.225451
0.225451
0.195394
0.195394
0.0864299
0.0864299
0
0
0
0
0
0
0
0.363803
0.363803
0
0
0
0
0
0
0
0
0
0
0
0
0
0
0
0
0
0.120379
0.120379
0.08904
0
0
0.133384
0.133384
0
0.117345
0.117345
0.117345
0.0890635
0.0890635
0.0911606
0.0890635
0.117345
0
0
0
0
0
0.165178
0.165178
0.165178
0.165178
0.165178
0.165178
0.165178
0.165178
0.120173
0.120173
0.0499335
0.0499335
0.0499335
0
0.0499335
0.0499335
0.0659955
0.0499335
0.0499335
0.0695608
0.0695608
0.0695608
0.124913
0.124913
0.124913
0.124913
0.124913
0.120173
0.124913
0.124913
0.124913
0.124913
0
0.124913
0.226649
0.125818
0.253065
0.275396
0.838525
0.191741
0
0
0
0.125818
0.08904
0.08904
0.08904
0.08904
0.124141
0.124141
0.124141
0.124141
0.124141
0.0843349
0.217528
0.125145
0.118217
0.118217
0.118217
0.118217
0.0512809
0.0512809
0.0512809
0.118784
0.118784
0.119058
0.119058
0.119058
0.119058
0.119158
0.119158
0
0.118784
0.118784
0
0
0
0.225451
0.225451
0.225451
0.359597
0.225451
0.225451
0
0.225451
0.225451
0
0.244406
0.489246
0.489246
0.489246
0.489246
0.489246
0.489246
0
0.489246
0.489246
0
0.489246
0.244406
0
0
0
0
0
0
0
0
0
0
0
0
0
0
0
0
0
0
0
0
0
0
0
0
0
0
0
0
0
0
0
0
0
0
0
0
0
0.195394
0.195394
0.195394
0.195394
0.195394
0.137969
0.137969
0.137969
0.137969
0.137969
0
0.195394
0.195394
0.195394
0.195394
0.195394
0.195394
0.1973
0
0
0
0
0
0
0
0
0
0
0
0
0
0
0
0
0
0
0
0
0
0
0
0
0
0
0
0
0.137969
0.137969
0.137969
0.178269
0
0.188089
0.188089
0.188089
0.188089
0.188089
0
0
0
0.188089
0.188089
0.143346
0.137969
0.139212
0
0
0
0
0
0
0
0
0
0
0
0
0
0
0
0
0
0
0
0
0
0
0
0
0
0
0
0
0
0
0
0
0
0
0
0
0
0
0
0
0
0
0.0864299
0.0864299
0.0864299
0.0864299
0.0864299
0.0866025
0.0866025
0
0.0871269
0.0871269
0
0.0871269
0.0898994
0.0864299
0.0864299
0
0.0864299
0
0.118119
0.118119
0.118119
0
0
0
0
0
0
0
0.123327
0.123327
0.123327
0.123327
0.123327
0.188089
0.188089
0
0
0
0
0
0
0
0
0
0
0.188089
0.123188
0.123188
0.123188
0.123188
0
0.123188
0.123327
0.123327
0.123327
0.0832178
0.0832178
0.0832178
0
0.0832178
0.20463
0.20463
0.208683
0.20463
0.26712
0.26712
0
0.20463
0
0
0
0
0
0
0
0
0
0
0
0
0
0
0
0
0
0
0
0
0
0
0
0
0
0
0
0
0
0
0
0
0.0613601
0.0613601
0.0613601
0
0.0613601
0
0.0613601
0.0613601
0.119058
0.119058
0.339974
0.119133
0.120457
0.117345
0.117345
0.117345
0.117345
0.117345
0.117345
0.117345
0.117345
0.117345
0.117345
0.117345
0.117345
0.117345
0.117345
0
0
0
0.117345
0.117345
0.117345
0.117345
0.117345
0.117345
0.117345
0.117345
0
0.117345
0.117345
0.117345
0.117345
0.117345
0.117345
0.117345
0.117345
0.117345
0.117345
0.117345
0.117345
0.117345
0.112832
0.112832
0.112832
0.112832
0.112832
0.112832
0
0.112832
0.112832
0
0
0
0
0.112832
0.112832
0.112832
0.112832
0.112832
0.112832
0
0.112832
0.112832
0.112832
0.112832
0.113238
0.113238
0.113238
0.11326
0.113238
0.112832
0.112832
0.112832
0.115
0.112832
0
0
0
0
0
0
0
0
0
0
0
0
0
0
0
0
0
0
0
0
0
0
0
0
0
0
0
0
0
0
0
0
0
0
0
0
0
0
0
0
0
0
0
0
0
0
0
0
0
0
0
0
0
0
0
0
0
0
0
0
0
0
0
0
0
0
0
0
0
0
0
0
0
0
0
0
0
0
0
0
0
0
0
0
0
0
0
0
0
0
0
0
0
0
0
0
0
0
0
0.0746833
0.0746833
0.0746833
0.0746833
0.0746833
0.0746833
0
0
0
0
0
0
0
0
0
0
0
0
0
0
0
0
0
0
0
0
0
0
0
0
0
0
0
0
0
0
0
0.0750438
0.0750438
0.0750438
0.0750438
0.0750438
0.0750438
0
0.0750438
0.0750438
0.0750438
0.0750438
0
0
0
0
0
0
0
0
0
0
0
0
0
0
0
0
0
0.0751882
0
0
0.0750501
0.0750501
0
0.0750501
0.0750501
0
0
0.0750438
0.112074
0.0754286
0.0754286
0
0
0
0
0
0
0
0
0
0
0
0
0
0
0
0
0
0
0
0
0
0
0
0
0
0
0
0
0
0
0
0
0
0
0
0
0
0
0
0
0
0
0
0
0
0
0
0
0
0
0
0
0
0
0.0750501
0
0
0
0
0
0.0750501
0.0750501
0.0750501
0.0750501
0.0750501
0.0750501
0.0750501
0
0
0
0
0
0
0
0
0
0
0
0
0.0746709
0.0746709
0.0746709
0.0746709
0.0746709
0.0746709
0.106708
0.106708
0.102098
0.102098
0.102098
0.102098
0.102098
0.155168
0.102098
0.102347
0.102098
0.189889
0
0
0
0
0
0
0.102098
0.106726
0.0746709
0.0746648
0.0746648
0.0747822
0.0738012
0.0738012
0.0748442
0
0
0.0748442
0.0748442
0.0748442
0.0748442
0.0748442
0.0748442
0.0748442
0.0748442
0.0748442
0.0748442
0
0
0
0
0
0
0
0
0
0
0
0
0
0
0
0
0
0
0
0
0
0
0
0
0
0
0
0
0
0
0
0
0
0
0.141139
0.141705
0
0
0
0
0
0
0
0
0
0
0
0
0
0
0
0
0
0
0
0
0
0
0
0
0
0
0
0
0
0
0
0
0
0
0
0
0
0
0
0
0
0
0
0
0
0
0
0
0
0
0
0
0
0
0
0
0
0
0
0
0
0
0
0
0
0
0
0
0
0
0
0
0
0
0
0
0
0
0
0
0
0
0
0
0
0
0
0
0
0
0
0
0
0
0
0
0
0
0
0
0
0
0
0
0
0
0
0
0
0
0
0
0
0
0
0
0
0
0
0
0
0
0
0
0
0
0
0
0
0
0
0
0
0
0
0
0
0
0
0
0
0
0
0
0
0
0
0
0
0
0
0
0
0
0
0
0
0
0
0
0
0
0
0
0
0
0
0
0
0
0
0
0
0
0
0
0
0
0
0
0
0
0
0
0
0
0
0
0
0
0
0
0
0
0
0
0
0
0
0
0
0
0
0
0
0
0
0
0
0
0
0
0
0
0
0
0
0
0
0
0
0
0
0
0
0
0
0
0
0
0
0
0
0
0
0
0
0
0
0
0
0
0
0
0
0
0
0
0
0
0
0
0
0
0
0
0
0
0
0.034174
0
0.0493624
0
0
0
0
0
0
0
0
0
0
0
0.069382
0.0342541
0
0
0
0
0
0
0
0
0
0
0
0
0
0
0
0
0
0
0
0
0
0
0
0
0
0
0
0
0
0
0
0
0
0
0
0
0
0
0.0372058
0.0462778
0.0373927
0
0
0
0
0
0
0
0
0
0
0
0
0
0.0646576
0
0
0
0.0843727
0
0
0
0
0
0
0
0
0
0
0
0
0
0
0
0
0.148631
0
0
0
0
0
0
0
0
0
0
0
0
0
0
0.0832648
0.156047
0.0832648
0
0
0
0
0
0
0
0
0
0
0.195865
0.221043
0
0
0
0
0
0
0
0.0824309
0.0826307
0.0820845
0.0820845
0.0868635
0.093689
0
0
0
0
0
0
0
0
0
0
0
0
0
0
0
0
0
0
0
0
0
0
0
0
0
0
0
0
0
0
0
0
0
0
0
0
0
0
0
0
0
0
0
0
0
0
0
0
0
0
0
0
0.0426971
0
0
0
0
0
0.0895888
0.098764
0.0827816
0
0
0
0
0
0
0
0
0
0
0
0
0
0
0
0
0
0
0
0
0
0
0
0.0895888
0.0993545
0
0.0899101
0.363092
0.363092
0
0.363092
0.363803
0
0
0
0
0
0
0
0
0
0
0
0.363092
0
0
0
0.0329118
0
0
0
0
0
0
0
0
0
0
0
0
0
0
0
0
0
0
0
0
0
0
0
0
0
0
0.0496536
0
0
0
0
0
0
0
0
0
0
0
0
0
0
0.0329595
0
0
0
0
0.0665386
0
0
0
0
0
0
0
0
0
0
0
0
0
0
0
0
0
0
0
0
0
0
0
0
0
0
0
0
0
0
0
0
0
0
0
0
0
0
0
0
0
0
0
0
0
0
0
0
0
0
0
0
0
0
0
0
0
0
0
0
0
0
0
0
0
0
0
0
0
0
0
0
0
0
0.033885
0.033885
0.033885
0.0339058
0.0339058
0
0.0338902
0
0
0
0
0
0
0
0
0
0
0
0
0
0
0
0
0
0
0
0
0
0
0
0
0
0
0
0
0
0
0
0
0
0
0
0
0
0.0618905
0
0.0620492
0
0.062113
0
0
0.0623379
0
0
0
0
0
0
0
0
0
0
0
0
0
0
0
0
0
0
0
0
0
0
0
0
0
0
0
0
0
0
0
0
0.0842839
0.0842839
0.0842839
0.0848845
0.0848845
0.0842839
0.0861538
0.0842839
0.0829079
0.0829079
0.0829079
0.0800641
0.0800641
0
0.104257
0
0.0829079
0.117226
0.117226
0.117226
0.117226
0.117226
0
0
0
0
0
0.0751253
0.078392
0.0751253
0
0
0
0
0
0
0
0
0
0
0
0
0
0
0
0
0
0
0
0
0
0
0
0
0
0
0
0
0
0
0
0
0
0
0
0
0
0
0
0.118266
0.118266
0.149502
0.149502
0
0.149502
0.149502
0
0
0
0.170941
0.202506
0.158246
0.495885
0.118266
0.118266
0.118266
0.118266
0.118266
0.1257
0.15532
0
0.181991
0.201407
0.218565
0.435745
0
0.118734
0
0.120717
0.612372
0.1209
0
0.123802
0.118094
0.121427
0.12007
0.393242
0.393242
0.395285
0.395285
0.395285
0
0.12007
0
0
0
0.0748442
0.0643712
0
0
0.0658047
0.0658047
0.0658047
0.0658047
0.0658047
0
0
0
0
0
0
0
0
0
0
0
0
0
0
0.0748442
0
0.0748442
0
0
0
0
0
0
0
0
0
0
0
0
0
0
0
0
0
0
0
0
0
0
0
0
0
0
0
0
0
0
0
0
0
0
0
0
0
0
0
0
0
0
0
0
0
0
0
0
0.0746586
0.0746586
0.0746586
0.0746586
0.0746586
0
0
0
0
0
0
0
0
0
0
0
0
0
0
0
0
0
0.0746586
0.0746586
0.0746586
0.0746586
0.0746586
0.0746586
0.0746586
0.0746586
0.0746586
0.0746586
0.0746586
0.0746586
0.0746586
0
0
0
0
0
0
0
0
0
0
0
0
0
0
0
0
0
0
0
0
0
0
0
0
0
0
0
0
0
0
0
0
0
0
0
0
0
0
0
0
0
0
0
0
0
0
0
0
0
0
0
0
0
0
0
0
0
0
0
0
0
0
0
0
0
0
0
0
0
0
0
0
0
0
0
0
0
0
0
0
0
0
0
0
0
0
0
0
0
0
0
0
0
0
0
0
0
0
0
0
0
0
0
0
0
0
0
0
0
0
0
0
0
0
0
0
0
0
0
0
0
0
0
0
0
0
0
0
0
0
0
0
0
0
0
0
0
0
0
0
0
0
0
0
0
0
0
0
0
0
0
0
0
0
0
0
0
0
0
0
0
0
0
0
0
0
0
0
0
0
0
0
0
0
0
0
0
0
0
0
0
0
0
0
0
0
0
0
0
0
0
0
0
0
0
0
0
0
0
0
0
0
0
0.0746586
0.0746586
0.0746586
0.0746586
0.0746586
0.0746586
0.0746586
0.0746586
0.0746586
0.0746586
0.0746586
0.0746586
0.0746586
0.0746586
0.0746586
0.0746586
0.0746586
0.0746586
0.0746586
0.0746586
0.0746586
0.0746586
0.0746586
0.0746586
0.0746586
0.0746586
0
0
0.0746586
0.0746586
0.0746586
0.0746586
0.0746586
0.0746586
0.0746709
0
0
0
0
0
0
0
0
0
0
0
0
0
0
0
0
0
0
0
0
0
0
0
0
0
0
0
0
0
0
0
0
0
0
0
0
0
0
0
0
0
0
0
0
0
0
0
0
0
0
0
0
0
0
0
0
0
0
0
0
0
0
0
0
0
0
0
0.0746586
0.0746586
0.0746586
0.0746586
0.0746586
0.0746586
0.0746586
0.0746586
0.0746586
0.0746586
0.0746586
0.0746586
0.0746586
0.0746586
0.0746586
0.0746586
0.0746586
0.0746586
0.0746586
0.0746586
0.0746586
0.0746586
0.0746586
0.0746586
0
0
0
0
0.0746586
0
0
0
0
0
0
0
0
0
0
0.0799806
0.0799806
0.0799806
0.0799806
0.0799806
0.0799806
0.0799806
0
0
0
0
0
0
0
0
0.0800413
0.0800413
0
0
0.0800261
0.0800261
0.0800261
0
0
0
0
0
0
0
0
0
0
0
0
0
0
0
0
0
0
0
0
0
0
0
0
0
0
0
0
0
0
0
0
0
0
0
0
0
0
0.0800261
0
0
0
0
0
0
0
0
0
0
0
0
0
0
0
0
0
0
0
0
0
0
0
0
0
0
0
0
0
0
0
0
0
0
0
0
0
0
0
0
0
0
0.0329642
0.0329642
0.0329642
0.0329642
0.0329642
0.0329642
0.0329642
0.0329642
0.0329642
0.0329642
0.0329929
0.0329929
0.0332057
0.0332057
0
0
0.033289
0.033289
0.0333185
0.0333185
0.0335427
0.0335427
0.0335427
0.0335427
0.0335427
0.0335377
0.0335377
0.0329642
0
0.0329642
0.0329642
0.0329642
0
0.0329642
0.0329642
0.0329642
0.0329642
0.0329642
0
0.0329642
0.0329642
0.0329642
0.0329642
0
0.0329642
0.0329642
0.0329642
0.0329642
0.0329642
0.0344269
0.0344269
0.0344269
0.0344269
0.0344269
0
0
0
0.0349158
0.0349158
0.0349158
0.0344269
0.034758
0.0344269
0.0344269
0.034758
0.0344269
0.0350127
0
0.0344269
0
0
0.0745909
0.0745909
0
0
0.0752197
0.0332203
0.0332203
0
0
0.116657
0
0
0
0.116657
0
0
0
0
0
0
0
0
0
0.0746586
0.0746586
0.0746586
0.0746586
0.0746586
0.0746586
0.0746586
0
0
0
0
0
0
0
0
0
0
0
0
0
0
0
0
0
0
0
0
0
0
0
0
0
0
0
0
0
0
0
0
0
0
0
0
0
0
0
0
0
0
0
0
0
0
0
0
0
0
0
0
0
0
0
0
0
0
0.0331278
0.0331278
0.0331278
0
0
0
0
0
0.0336387
0.0336387
0.0336387
0.0336387
0.0336387
0.0336387
0.0332791
0.0332791
0.0332791
0.0332791
0.0332791
0.0330988
0.0330988
0.0330988
0.0330988
0.0330988
0.0331182
0.0330988
0.0331036
0
0
0
0
0.0434099
0.0434099
0
0
0
0
0
0
0
0
0
0
0
0
0.0373231
0.0373231
0.0352089
0.0352089
0
0
0
0
0
0
0
0
0
0
0
0
0
0
0
0
0.0333383
0.0722692
0.0722692
0
0
0
0
0.042604
0.042604
0
0
0
0
0.0463175
0.0463175
0.0344269
0.0344269
0
0
0.0428536
0.0428536
0
0
0.0603975
0.0603975
0
0
0.0428852
0.0428852
0.0894189
0.0894189
0
0
0
0
0.0366486
0.0366486
0
0.0366486
0
0
0
0
0
0.0330988
0
0.0330988
0.0330988
0.0330988
0
0.0330988
0.0330988
0.0330988
0
0.0330988
0
0
0
0
0
0
0
0
0
0.0333136
0.0333136
0
0.0333136
0.0333037
0
0.0333037
0.0337202
0.0337202
0.0337202
0.0337202
0
0
0
0
0.0434099
0.0434099
0.0434099
0.0434099
0.0434099
0.0434099
0
0
0
0
0
0
0.0376462
0.0376462
0
0.0376462
0.0428852
0.0428852
0.0428852
0.0428852
0.0428852
0.0894189
0.0894189
0.0894189
0.0894189
0.0894189
0.0372885
0.0372885
0.0372885
0.0372885
0.0372885
0.0372885
0.0372885
0.0409524
0.0372885
0
0
0
0
0
0
0
0
0
0
0
0
0
0
0
0
0
0
0
0
0
0
0
0
0
0
0
0
0
0
0
0
0
0
0
0
0
0
0
0
0
0
0
0
0
0.0352089
0.0352089
0.0352089
0.0352089
0
0
0
0
0
0
0
0
0
0
0
0
0
0
0
0
0
0
0
0
0
0
0
0
0
0
0
0
0
0
0
0
0
0
0
0
0
0
0
0
0
0
0
0
0
0
0
0
0
0
0
0
0
0
0
0
0
0
0
0
0
0
0
0
0
0
0
0
0
0
0
0
0.0611456
0.0611456
0.042604
0.042604
0.042604
0.042604
0.0424298
0.0424298
0.0424298
0
0
0.0428536
0.0428536
0.0428536
0.0428536
0.0428536
0.0428536
0.0428536
0
0
0
0
0
0
0
0
0
0
0
0
0
0.0463175
0.0463175
0.0463175
0.0463175
0
0
0.0463175
0
0
0
0
0.0603975
0.0603975
0.0911858
0.0603975
0.0911858
0
0
0
0
0.0942669
0.0942669
0
0
0
0
0
0
0
0
0
0
0
0
0
0
0
0
0
0
0
0
0
0
0
0
0.0942669
0.0942669
0.0942669
0.0942669
0.0942669
0.0911858
0
0
0
0
0.0940443
0.0911858
0
0
0
0
0
0
0
0
0
0
0
0
0
0
0
0.0330988
0
0.0330988
0.0331036
0.0331036
0.033191
0.033123
0.0346688
0.0331424
0.0331036
0
0.0331036
0.0340944
0.0340944
0.0342648
0
0
0
0.0340944
0
0.0340944
0.0356718
0.0356718
0.0360781
0
0.0356718
0
0.0356718
0.0746648
0.0746648
0.0746648
0.0746648
0.0746648
0.0746648
0.0746648
0
0
0.0746586
0.0746586
0.0746586
0.0746586
0
0
0.0746648
0.0746648
0.0746648
0.0746648
0.0753018
0.0746586
0.0746586
0.0746586
0.0746586
0.0746586
0
0
0
0.0746833
0.0746833
0.0746833
0.0746833
0.0746833
0.0746833
0.0746833
0
0
0
0
0
0
0
0
0
0
0
0
0
0
0
0
0
0
0
0
0
0
0
0
0
0
0
0
0
0
0.0745295
0.0745295
0.0745295
0
0
0
0
0.168408
0.168408
0.168408
0
0
0
0
0
0
0
0
0
0
0
0
0
0
0
0
0
0
0.174215
0.168408
0.168408
0.262714
0
0
0
0
0
0.168408
0.258008
0
0.274779
0
0.174529
0
0
0
0
0
0
0
0
0
0
0
0
0
0
0
0
0
0
0
0
0
0
0
0
0
0
0
0
0.180666
0.180666
0.180666
0.181017
0
0
0
0
0
0
0
0.195394
0.195394
0.195394
0.195949
0
0
0
0
0
0
0
0
0
0
0
0.116988
0
0
0
0
0
0
0
0
0
0
0
0
0
0
0
0
0
0
0
0
0
0
0
0
0
0
0.0744927
0
0
0
0
0
0
0
0
0
0
0
0
0
0
0
0
0
0
0
0
0
0.195394
0
0
0.195394
0.117345
0
0
0
0
0
0
0
0
0
0
0
0
0
0
0
0
0
0
0
0
0
0
0
0
0
0
0
0
0
0
0
0
0
0
0
0
0.119283
0.119283
0.119283
0.119283
0
0
0
0
0
0
0
0.119283
0.119283
0.119283
0.119283
0.234642
0.119283
0
0
0
0
0.110124
0.181724
0.110124
0.110124
0.110124
0.110124
0.110124
0.110124
0.110124
0.110124
0.110124
0.110124
0.110124
0.110124
0.110124
0.110124
0.110124
0.110124
0.110124
0.110124
0.110124
0.110124
0
0
0
0
0
0
0.110124
0.110124
0
0.110124
0.110124
0.110124
0.110124
0.110124
0.110124
0.110124
0.110124
0.181724
0.110124
0.110124
0.110124
0.110124
0.110124
0.110124
0.110124
0.110124
0.110124
0.118635
0
0
0.124482
0
0
0.110124
0.110124
0
0.226262
0
0
0
0.111147
0
0
0
0.110143
0.110124
0.240655
0.240655
0
0
0
0
0
0
0
0
0
0
0
0
0.110124
0.110124
0
0
0.114507
0.114507
0
0
0
0
0
0
0
0
0
0
0.139212
0.139212
0
0
0
0.043097
0.043097
0.240655
0.240655
0.240655
0.240655
0.275939
0
0.240655
0.240655
0
0
0
0
0
0
0
0
0
0
0
0
0
0
0
0
0
0
0
0
0
0
0
0
0
0
0
0
0
0
0
0
0
0
0
0
0
0
0
0
0
0
0
0
0
0
0
0
0
0
0
0
0
0.110124
0.110124
0
0.110124
0.110124
0.0845154
0.110124
0.110143
0.116634
0.110124
0.110183
0
0.110282
0.0737745
0.110124
0
0
0
0
0
0.114507
0.114507
0.114507
0
0
0
0
0
0
0
0
0
0
0
0
0
0
0
0
0
0
0
0
0
0
0
0
0
0
0
0
0
0
0
0
0
0
0
0
0
0
0
0
0
0
0
0
0
0
0
0.139212
0.139212
0
0
0
0
0
0
0
0
0
0.139212
0.14315
0.139212
0.139392
0
0.139212
0.043097
0.043097
0.043097
0.110242
0
0.109946
0.109946
0.110342
0.110045
0.280239
0
0
0
0
0
0
0
0
0
0
0
0
0
0
0
0
0
0
0
0
0
0
0
0
0
0.110064
0.110064
0.131829
0.110064
0.111928
0.110322
0.109966
0
0
0
0
0
0.109966
0.110124
0.110124
0.110124
0.110124
0.110561
0
0
0
0
0
0
0
0
0
0
0
0
0
0
0
0
0.111228
0
0
0
0
0
0
0
0
0
0
0
0
0
0
0.110561
0.113802
0
0.110642
0.111576
0.114396
0.0833333
0
0
0
0
0
0
0
0
0
0
0
0
0
0
0
0
0
0
0
0.181724
0.0746648
0.0746648
0.0746648
0.0746648
0.0746648
0.0746648
0.0746648
0.0746648
0.0746648
0.0746648
0.0746648
0.0746648
0.0746648
0.0746648
0.0746648
0.0746648
0.0746709
0.0746648
0.0746648
0.0746648
0.0746648
0.0746648
0.0746648
0.0746709
0.0746709
0.0746648
0.106672
0.106672
0.106672
0.311086
0.106726
0.106816
0
0
0
0
0
0
0
0
0
0
0.0746709
0.074807
0.0810633
0.0714529
0
0.0714529
0.0734818
0
0
0
0
0
0
0
0
0
0
0
0
0
0
0
0.0746648
0.0746648
0.0746648
0.0746648
0.107052
0.0714529
0.074807
0.0810239
0.0810239
0.0810633
0.0810239
0.0714529
0
0
0
0.110124
0.110124
0.110124
0.110124
0.110124
0.110124
0
0
0
0
0
0.0746586
0
0
0
0
0
0
0
0
0
0
0
0
0
0.117297
0.117297
0.117297
0.117297
0.117297
0.0511913
0.0511913
0.0511913
0.0511913
0.120613
0.120613
0.181813
0.0841158
0.117297
0.118833
0.12188
0.0836047
0
0.0838002
0
0.118833
0.117297
0.117297
0
0
0
0
0
0
0
0
0
0
0
0
0
0
0
0
0
0
0
0
0
0
0
0
0
0
0
0
0
0
0
0
0
0
0
0
0
0
0
0
0
0
0
0
0
0
0
0
0
0
0
0
0
0
0
0
0
0
0
0
0
0
0
0
0
0
0
0
0
0
0
0
0
0.117345
0.117345
0.117297
0.117297
0.117297
0.117297
0.117297
0.117297
0.117297
0.117297
0.117297
0.0746586
0.0746586
0.0746586
0.0746586
0.0746586
0.0746586
0.0746586
0.0746586
0.117345
0.117345
0.117345
0.117345
0.117345
0.117345
0.117345
0.117345
0.118958
0.118958
0.118958
0.118958
0.117345
0.117345
0.117345
0.130263
0.130263
0.130263
0.130263
0.130263
0.124805
0.130263
0.117345
0.117345
0.117345
0
0
0
0
0
0
0
0
0
0
0
0
0
0
0
0
0
0
0.117297
0.117297
0.117297
0.117297
0.117297
0.117297
0.117297
0.117297
0.117297
0.117297
0.117297
0.117297
0.117297
0.117297
0.117297
0.117297
0.117297
0.117297
0.117297
0.117297
0.117297
0.117297
0.117297
0.117297
0.117297
0.117297
0.117297
0.117297
0.11861
0.117345
0
0
0
0
0
0
0
0
0
0
0
0
0.0331667
0.0331667
0.0331667
0.0331667
0.0331667
0.0331667
0.0337972
0.0337972
0.0337972
0
0
0
0
0
0
0.0372265
0
0
0
0.0372265
0.0372265
0.0461987
0.0461987
0.0461987
0.0372265
0.0372265
0.0350586
0
0
0
0
0
0
0
0
0
0.0350586
0.0338075
0.0338075
0
0
0
0
0
0
0
0
0
0
0
0
0
0
0
0
0
0
0
0
0
0
0
0
0
0
0
0
0
0
0
0
0
0
0
0
0
0
0
0
0
0
0
0
0
0
0
0
0
0
0
0
0
0
0
0
0
0
0
0
0
0
0
0
0
0
0
0.0329595
0.0329595
0.0329595
0.0329595
0.0329595
0
0.0329595
0
0
0.0329547
0
0
0.0338798
0.0338798
0.0339318
0.0339318
0.0329595
0.0329595
0.0329595
0
0.0329595
0.0329595
0.0329595
0.0329595
0.0329595
0.0329595
0.0456816
0.0456816
0.0456816
0.0456816
0.0456816
0.0456816
0
0.0456816
0
0.0456816
0.0456816
0.0329595
0.0329595
0
0
0
0
0
0
0
0
0
0
0
0
0
0
0
0
0
0
0
0
0
0
0
0
0
0
0
0.0421875
0.0421875
0.0421875
0
0
0
0.0340628
0.0346577
0.0456435
0.0456435
0.0456435
0.0456435
0
0.0456689
0.0456689
0
0
0
0
0.0432472
0.0432472
0.0432472
0.0432472
0
0
0
0.0487023
0.0487023
0.0487023
0
0
0
0
0
0
0
0
0
0
0
0
0
0
0
0
0
0
0
0
0
0
0
0
0
0
0
0
0
0
0
0
0
0.0435855
0
0.0435855
0.0435855
0.0435855
0
0.0435855
0.0435855
0.0435855
0.0435855
0.0435855
0.0435855
0
0
0
0
0
0
0
0
0
0
0
0
0
0
0
0
0
0
0
0
0
0
0
0.0329738
0
0.0329738
0.0329738
0.042604
0.0329738
0.0329738
0.0330169
0.0330169
0.0424706
0.0330169
0.0520532
0.0330169
0.0336998
0.0329738
0.042604
0
0
0
0
0
0
0
0
0
0
0
0
0
0
0
0
0
0
0
0
0
0
0
0
0
0
0
0
0
0
0
0
0
0
0
0.0531194
0.0531194
0.0531194
0.0531194
0
0.0531194
0.0531194
0
0.0531194
0.0531194
0.0531194
0
0
0
0
0
0
0
0
0
0
0
0
0
0
0
0
0
0
0
0
0
0.0464639
0
0
0
0.0464773
0.0464639
0.0464639
0.0464639
0.0464639
0
0
0
0
0
0
0
0
0
0
0
0
0
0
0
0.077336
0.077336
0.077336
0
0
0
0
0
0
0
0
0
0
0
0
0
0
0
0
0
0
0
0
0
0
0
0.0372885
0.0372885
0.0372885
0.0372885
0.0936039
0.0936039
0.0936039
0
0.0936039
0.0936039
0.0936039
0
0
0
0
0
0
0
0
0
0
0
0.0721688
0.0721688
0
0.0721688
0.0721688
0.108764
0
0.108764
0
0.115935
0.115935
0.115935
0.123466
0
0
0
0
0.115935
0.115935
0.0721688
0.0721688
0
0
0
0
0
0
0
0
0
0
0
0
0
0
0
0
0
0
0
0
0
0
0
0
0
0
0.0329595
0.0329595
0
0
0
0
0
0
0
0
0
0
0
0
0
0.0464639
0
0
0
0
0
0
0
0
0
0
0
0
0
0
0
0
0
0
0
0
0
0
0
0
0
0
0
0
0
0
0
0
0
0
0
0
0
0.0344978
0.0344978
0.0541901
0.0541901
0.0342541
0
0
0
0.0342541
0.0342541
0.0382733
0.0382733
0
0
0.0348141
0.0382733
0.0382733
0.0382733
0
0
0.0348141
0
0
0
0
0
0
0
0
0
0
0
0
0
0
0
0
0
0
0
0
0
0
0
0
0
0
0
0
0
0
0
0
0
0
0
0
0
0
0
0
0
0
0
0
0
0
0
0
0
0
0
0
0
0
0
0
0
0
0
0
0
0
0
0
0
0
0
0
0
0
0
0.0339318
0.0339318
0
0
0
0
0
0
0
0
0
0
0
0
0
0
0
0
0
0
0
0
0
0
0
0
0.0376747
0
0
0
0
0
0
0
0
0
0
0
0
0
0
0
0
0
0
0
0
0
0
0
0
0
0
0
0
0
0
0
0
0
0
0
0
0
0
0
0
0
0
0
0
0
0
0
0
0
0
0
0
0
0
0
0
0
0
0
0
0
0
0
0
0
0
0
0
0
0
0
0
0
0
0
0
0
0
0
0
0
0
0
0
0
0
0
0
0
0
0
0
0
0
0
0
0
0
0
0
0
0
0
0
0
0
0
0
0
0
0
0
0
0
0
0
0
0
0
0
0
0
0
0
0
0
0
0
0
0
0
0
0
0
0
0
0
0
0
0
0
0
0
0
0
0
0
0
0
0
0
0
0
0
0
0
0
0
0.0746648
0.0746648
0.0746648
0.0746648
0.0746648
0
0
0
0
0
0
0
0
0
0
0
0
0
0
0
0
0
0
0
0
0
0
0
0
0
0
0
0
0
0
0
0
0
0
0
0
0
0
0
0
0
0
0
0
0
0
0
0
0
0
0
0
0
0
0
0
0
0
0
0
0
0
0
0
0
0
0
0
0
0
0
0
0
0
0
0
0
0
0
0
0
0
0
0
0
0
0
0
0
0
0
0
0
0
0
0
0
0
0
0
0
0
0
0
0
0
0
0
0
0
0
0
0
0
0
0
0
0
0
0
0
0
0
0
0
0
0
0
0
0
0
0
0
0
0
0
0
0
0
0
0
0
0
0
0
0
0
0
0
0
0
0
0
0
0
0
0
0
0
0
0
0
0
0
0
0
0
0
0
0
0
0
0
0
0
0
0
0
0
0
0
0
0
0
0
0
0
0
0
0
0
0
0
0
0
0
0
0
0
0
0
0
0
0
0
0
0
0
0
0
0
0
0
0
0
0
0
0
0
0
0
0
0
0
0
0
0
0
0
0
0
0
0
0
0
0
0
0
0
0
0
0
0
0
0
0
0
0
0
0.119334
0.119334
0.119334
0.119334
0.119334
0.119334
0.119334
0.119334
0.119359
0.119359
0.119334
0.119334
0.119334
0.119334
0.119334
0.119334
0.119334
0.119334
0.119334
0.119334
0.119334
0.119334
0.119334
0.121031
0.119334
0.119334
0.119334
0.119334
0.119334
0.119334
0
0
0.119334
0.119334
0.119334
0.119334
0.0812892
0.0812892
0.0812892
0.0812892
0.0833719
0.0833719
0.0812892
0.0812892
0.0812892
0.0812892
0
0
0
0
0
0.0812892
0.0814328
0
0.0814328
0.0817587
0.0816678
0.0816678
0.0817041
0.0816678
0.0816678
0
0.0816678
0
0.0838788
0.0838788
0.098789
0.0839773
0.0839773
0.0837218
0.0838788
0.0838788
0.121149
0.0838788
0.086711
0.086711
0.086711
0.086711
0.0867545
0.086711
0.086711
0.086711
0.0812892
0.0825723
0.0825723
0.0846566
0.0849821
0.0849821
0.0849821
0
0
0.0857283
0
0.0825723
0
0
0
0
0
0
0
0
0
0
0
0
0
0
0
0
0
0
0
0
0
0
0
0
0
0
0
0
0
0
0
0
0
0
0
0
0
0
0
0
0
0
0
0
0
0
0
0
0
0
0
0
0
0
0
0
0
0
0
0
0
0
0
0
0
0
0
0
0
0
0
0
0
0
0
0
0
0
0
0
0
0
0
0
0
0
0
0
0
0
0
0
0
0
0
0
0
0
0
0
0
0
0
0
0
0
0
0
0
0
0
0
0
0
0
0
0
0
0
0
0
0
0
0
0
0
0
0
0
0
0
0
0.116259
0
0
0
0
0
0
0
0
0
0
0
0
0
0
0
0
0
0
0
0
0
0.0752197
0
0
0
0
0.0752197
0.0752197
0.0752197
0.0752197
0.0752197
0.0752197
0.0752197
0.0752197
0
0
0.0752197
0
0
0
0
0
0
0
0
0
0
0
0
0
0
0
0
0
0
0
0
0
0
0
0
0
0
0
0
0
0
0
0
0
0
0
0
0
0
0
0
0
0
0
0
0
0
0
0
0
0
0
0
0
0
0
0
0
0
0
0
0
0
0
0
0
0
0
0
0
0
0
0
0
0
0
0
0
0
0
0
0
0
0
0
0
0
0
0
0
0
0
0
0
0
0
0
0
0
0
0
0
0
0
0
0
0
0
0
0
0
0.0329595
0.0329595
0.0329595
0.0329595
0.0329595
0.0329595
0.0329595
0
0
0
0
0
0
0
0.117345
0.117345
0.117345
0.117345
0.117345
0.117345
0.117345
0
0.117345
0.117345
0.117345
0
0
0
0
0
0
0
0
0
0
0
0
0
0
0
0
0
0
0.0751065
0.0751065
0.0751065
0.0751065
0
0
0
0
0.0746339
0.0746339
0
0
0
0
0
0
0
0
0
0
0
0
0
0
0
0
0
0
0
0
0
0
0
0
0
0
0
0
0
0
0
0
0
0
0
0
0
0
0
0
0
0
0
0
0
0
0
0
0
0
0
0
0
0
0
0
0
0
0
0
0
0
0
0
0
0
0
0
0
0
0
0
0
0
0
0
0
0
0
0
0
0.11491
0.11491
0.0750501
0.0750501
0.0750501
0
0
0
0
0.0750501
0
0
0.0751882
0
0
0
0
0
0
0
0
0
0
0
0
0
0
0
0
0
0
0.0746586
0
0
0
0
0
0
0
0
0
0
0
0
0
0
0
0
0
0.0745909
0.0745909
0.0745909
0
0
0
0
0.080501
0.080501
0
0
0
0
0
0
0
0
0
0
0
0
0.0717465
0.0717465
0
0
0
0
0
0
0
0
0
0
0
0
0
0
0
0
0
0
0
0
0
0
0
0
0
0
0
0
0
0
0
0
0
0
0
0
0
0
0
0
0
0
0
0
0
0
0
0
0
0
0
0
0
0
0
0
0
0
0
0
0.0746709
0.154331
0
0
0
0.154331
0
0.154331
0.154331
0.154331
0.154988
0.154988
0
0.154988
0
0
0
0.154331
0.154331
0.154331
0
0.154331
0
0.154331
0
0.154331
0.154331
0.154331
0.403786
0.154331
0
0.154331
0
0.154331
0.154331
0.154331
0.154331
0.154331
0.0753208
0.0753208
0.0753208
0.0753208
0.145831
0.0753208
0.0753208
0.104646
0.104646
0.0829079
0.0829079
0.0753208
0.145831
0.145831
0.145831
0.224607
0.224607
0.145831
0.104646
0.104646
0.104646
0
0.104646
0
0.104646
0.0829079
0.0829079
0
0
0
0.0829079
0.224607
0.224607
0
0.224607
0.0829079
0.0829079
0.0829079
0.0829079
0.0681889
0.0681889
0.0681889
0.0886194
0.0681889
0.0892762
0.0681889
0.0829079
0.0753208
0.0753208
0.0753208
0.0753208
0.0753208
0.0753208
0
0
0
0.0753208
0
0.0753208
0.0346521
0.0753208
0.0753208
0.0753208
0
0
0
0
0
0
0
0
0
0
0
0
0
0
0
0
0
0
0
0
0
0
0
0
0
0
0
0
0
0
0.0746586
0.0746586
0.0746586
0.0746586
0.0746586
0.0746586
0.0746586
0.0746586
0.0746586
0
0
0
0
0
0
0
0
0
0
0
0
0
0
0
0
0
0
0
0
0
0
0
0
0
0
0
0
0
0
0
0
0
0
0
0
0
0
0
0
0
0
0
0
0
0
0
0
0
0
0
0
0
0
0
0
0
0
0
0
0
0
0
0
0
0
0
0
0
0
0
0
0
0
0
0
0
0
0
0
0
0
0
0
0
0
0
0
0
0
0
0
0
0
0
0
0
0
0
0
0
0
0
0
0
0.116657
0
0
0
0
0
0
0
0
0
0
0
0
0
0
0
0
0.116259
0
0
0
0
0
0
0
0
0
0
0
0
0
0
0
0
0
0
0
0
0
0
0
0
0
0
0
0
0
0
0
0
0
0
0
0
0
0
0
0
0
0
0
0
0
0
0
0
0
0
0
0
0
0
0
0
0
0
0
0
0
0
0
0
0
0
0
0
0
0
0
0
0
0
0
0
0
0
0
0
0
0
0
0
0
0
0
0
0
0
0
0
0
0
0
0
0
0
0
0
0
0
0
0
0
0
0
0
0
0
0
0
0
0
0
0
0
0
0.0746648
0
0
0
0
0
0
0
0
0
0
0
0
0
0
0
0
0.0746648
0.0746648
0.0746648
0.0746648
0.0746648
0.0746648
0.0747884
0.0746648
0
0
0
0
0
0.0833419
0.117345
0
0
0
0
0
0
0
0
0
0
0
0
0.0746586
0
0.0746586
0
0.0746586
0
0.0746586
0
0
0
0
0
0
0
0
0
0
0
0
0
0
0
0
0
0.0746586
0
0
0
0
0
0
0
0
0
0
0
0
0
0
0
0
0
0
0
0
0
0
0
0
0
0
0
0
0
0
0
0
0
0
0
0
0
0
0
0
0
0
0
0
0
0
0
0
0
0
0
0
0
0
0
0
0
0
0
0
0
0
0
0
0
0
0
0
0
0
0
0
0
0
0
0
0
0
0
0
0
0
0
0
0
0
0
0
0
0
0
0
0
0
0
0
0
0
0
0
0
0
0
0
0
0
0
0
0
0
0
0
0
0
0
0.124805
0.124805
0.124805
0.124805
0.264752
0.264752
0
0
0
0.124805
0
0
0
0
0
0
0
0
0
0
0
0
0
0
0
0
0
0
0
0
0
0
0
0
0
0
0
0
0
0
0
0
0
0
0
0
0
0
0
0
0
0
0
0
0
0
0
0
0
0
0
0
0
0
0
0
0
0
0
0
0
0
0
0
0
0
0
0
0
0
0
0
0
0
0
0
0
0
0
0
0
0
0
0
0
0
0
0
0
0
0
0
0
0
0
0
0
0
0
0
0
0
0
0
0
0
0
0
0
0
0
0
0
0
0
0
0
0
0
0
0
0
0
0.0746586
0.0746586
0.0746586
0.0746586
0.0746586
0.0746586
0.0746586
0
0
0
0
0
0
0
0
0
0
0
0
0
0
0
0
0
0
0
0
0
0
0
0
0
0
0
0
0
0
0
0
0
0
0
0
0
0
0
0
0
0
0
0
0
0
0
0
0
0
0
0
0
0
0
0
0
0
0
0
0
0
0
0
0.0746586
0
0
0
0
0
0
0
0
0
0
0
0
0
0
0
0
0
0
0
0
0
0
0
0
0
0
0
0
0
0
0
0
0
0
0
0
0
0
0
0
0
0
0
0
0
0
0
0
0
0
0
0
0
0
0
0
0
0
0
0
0
0
0
0
0
0
0
0
0
0.0729095
0.0729095
0.0729095
0.0729095
0.0729095
0
0.0729095
0.0729095
0.0729095
0.0729095
0
0.0729095
0.0729095
0.0729095
0.0729095
0
0.0729095
0.0729095
0.0729095
0.0729095
0
0
0
0
0.0729095
0.0729095
0.0729095
0.0729095
0.0729095
0.0729095
0.0729095
0.0729095
0.0729095
0
0
0
0
0
0
0
0.0331278
0
0
0
0
0
0
0
0
0
0
0
0
0
0
0
0
0
0
0
0
0
0
0
0
0
0
0
0
0
0
0
0
0
0
0
0
0
0
0
0
0
0
0
0
0
0
0
0
0
0
0
0
0
0
0
0
0
0.118021
0.118021
0.118021
0.118021
0.118021
0.118021
0.118021
0.118021
0.118021
0.0746648
0.0746648
0.0746648
0.0746648
0.0746648
0.0746648
0.0746648
0.0746648
0.0746648
0.0746648
0.0746648
0
0
0
0
0
0
0
0
0
0
0
0
0
0
0
0
0
0
0
0
0
0
0
0
0
0
0
0
0
0
0
0
0
0
0
0
0
0
0
0
0
0
0
0
0
0
0
0
0
0.0746586
0
0
0
0
0
0
0
0
0
0
0
0
0
0
0
0
0
0
0
0
0
0
0
0
0
0
0
0
0
0
0
0
0
0
0
0
0
0
0
0
0
0
0
0
0.0751065
0
0
0
0
0
0
0
0
0
0
0
0
0.0751693
0.0751693
0.0751693
0.0751693
0.0751693
0.0751693
0.0752449
0.0752449
0.0752449
0.0752449
0
0
0
0.0754286
0.0754286
0
0
0
0.0752449
0.0752449
0.0752449
0
0
0.0752449
0
0.0753208
0.0752449
0.0752449
0
0
0
0.0746586
0
0
0
0
0
0
0
0
0
0
0
0
0
0
0
0
0
0
0
0
0
0
0
0
0
0
0
0
0
0
0
0
0
0
0
0
0
0
0.367423
0.248965
0.248965
0
0
0.248965
0
0
0.249481
0
0
0
0
0.25211
0
0
0
0
0
0.0746586
0.0746586
0.0746586
0
0
0
0
0
0
0
0
0
0
0
0
0
0
0
0
0
0
0
0
0
0
0
0
0
0
0
0
0
0
0
0
0
0
0
0
0
0
0
0
0
0
0
0
0
0
0
0
0
0
0
0
0
0
0
0
0
0
0
0
0
0
0
0
0
0
0
0
0
0.0746833
0
0
0
0
0
0
0
0
0
0
0
0
0
0
0
0
0
0
0
0
0
0
0
0
0
0
0
0
0
0
0
0
0.118958
0.118958
0.118958
0.118958
0.118958
0.118958
0.118958
0.118958
0.118958
0.118958
0.118958
0.118958
0.118958
0.118958
0.118958
0.12573
0.12573
0
0.118958
0.118958
0.118958
0.118958
0.118958
0.118958
0.118958
0.118958
0.118958
0.118958
0.0861301
0.0861301
0.0861301
0
0.0861301
0.118958
0
0
0
0
0
0
0
0
0
0
0
0.100238
0.100238
0.100238
0.100238
0.100238
0
0
0
0
0
0
0
0
0
0
0
0
0
0
0
0
0
0
0
0
0
0
0
0
0
0
0
0
0
0
0
0
0
0
0
0
0
0
0
0
0
0
0
0
0
0
0
0
0
0
0
0
0
0
0
0
0
0
0
0
0
0
0
0
0
0
0
0
0
0
0
0
0
0
0
0
0
0
0
0
0
0
0
0
0
0
0
0
0
0
0
0
0
0
0
0
0
0
0
0
0
0
0
0
0
0
0
0
0
0
0
0
0.0729095
0.0729095
0
0
0
0
0
0
0
0
0
0
0
0
0.0729095
0.0729095
0
0
0.0729095
0.0729095
0.0729095
0.0729095
0.114352
0
0.0729095
0.0729095
0
0
0
0
0
0.128154
0
0
0
0
0
0
0
0
0.0729095
0.0729095
0
0
0.0754159
0.0729095
0.0729095
0
0
0
0
0
0
0
0
0
0
0
0.0729095
0.0729095
0
0
0.0914906
0.0729095
0.0729095
0.0729095
0
0
0
0
0
0
0
0
0
0
0.0729095
0.0729095
0
0
0
0.0729095
0.0729095
0.0729095
0.0729095
0
0.119586
0.105331
0
0.395285
0
0
0
0
0
0
0
0.085519
0
0.0989501
0
0
0
0
0.133314
0.085519
0
0
0
0
0
0.114263
0.0729095
0.0729095
0.130042
0
0
0
0
0
0
0
0
0
0.0729095
0.0729095
0
0
0.115499
0.0729095
0.0729095
0
0.0729095
0
0
0
0
0.0886426
0
0
0
0
0.117321
0.0729095
0.0729095
0
0.0729095
0
0
0
0
0
0
0
0
0.0729095
0.0729095
0.0729095
0.0729095
0
0
0
0
0.453298
0.0878185
0
0
0
0
0
0
0
0
0
0
0
0
0
0
0
0
0
0.11433
0.0729095
0.0729095
0
0
0
0
0
0
0
0.0729095
0.0729095
0.0729095
0.0729095
0
0.10596
0.10596
0.10596
0.10596
0.10596
0.10596
0.10596
0.10596
0
0
0
0
0
0
0.111065
0.111065
0
0
0
0
0.111065
0.111065
0.111065
0
0
0.155543
0
0
0.14276
0
0.14315
0.14315
0
0.154059
0.158114
0.111065
0.111065
0
0.111065
0
0
0
0.141233
0.141233
0
0.141233
0.141233
0.141233
0.141233
0.111065
0.111065
0
0
0.141233
0.141233
0.141233
0
0
0
0
0.142374
0.141233
0.141233
0.141233
0
0.141233
0.141233
0
0.15707
0.15707
0.731925
0
0
0
0
0
0
0
0
0
0
0
0
0
0
0
0
0
0
0
0
0
0
0
0
0
0.142374
0.14315
0.14315
0.310087
0
0
0
0.14315
0.14315
0
0.142374
0
0
0
0
0
0.306186
0
0.306186
0.306186
0.11725
0.11725
0.11725
0
0
0
0.111065
0.111065
0.11725
0.11725
0.11725
0
0.11725
0
0
0
0
0
0
0.126055
0
0
0.119183
0
0
0
0
0
0
0
0
0
0.120795
0
0
0
0
0
0
0
0
0
0
0
0
0.111065
0
0
0
0
0
0
0
0
0
0
0
0
0
0
0
0
0
0
0
0
0
0
0
0.147229
0
0
0
0.103215
0.103215
0
0
0
0
0
0
0
0
0
0
0
0
0
0
0
0.122176
0.122176
0.122176
0
0
0
0
0.0729095
0.0729095
0.0729095
0.0729095
0
0
0
0
0
0
0
0
0
0
0
0
0
0
0
0
0
0
0
0.0729095
0.0729095
0.0729095
0.0729095
0.0729095
0.0729095
0.0729095
0.416025
0
0.416025
0.416025
0
0.436667
0.436667
0.436667
0
0
0
0
0
0
0
0
0
0
0
0
0
0
0
0.446883
0.0867763
0.0867763
0.0867763
0.087616
0.087616
0.087616
0.087616
0
0
0
0.0877283
0.0877283
0.0877283
0.0868854
0.0867545
0
0.0867545
0.0867545
0
0.0868635
0.085208
0.085208
0.085208
0.085208
0
0.085208
0.085208
0.085208
0.0861301
0.0861301
0.0861301
0.0861301
0.0861301
0.085208
0
0
0
0
0
0.11433
0.11433
0.11433
0.11433
0.11433
0.11433
0
0
0
0
0
0
0
0
0
0.0729095
0.0729095
0.0729095
0.0729095
0.0729095
0.0729095
0.0729095
0.0729095
0.075949
0.075949
0
0.075949
0.0729095
0.0729095
0
0
0
0
0
0
0
0
0
0.0729095
0.0729095
0.0811641
0.0729095
0.0729095
0.0729095
0.076381
0.0729095
0.0729095
0.0729095
0
0
0.0729095
0.0729095
0.0729095
0.0729095
0.0729095
0.0729095
0
0.0700445
0
0.0729095
0.0729095
0.0729095
0.0729095
0.0729095
0.0729095
0.0729095
0.0729095
0.0729095
0.0729095
0.0729095
0.0729095
0.0929814
0.0929814
0.0930082
0.0930082
0
0
0.0729095
0.0729095
0.0729095
0.0729095
0.0930082
0.0930082
0.0930082
0
0
0
0.0885499
0.0885499
0.0930082
0.0930082
0
0
0
0
0
0
0
0
0
0
0
0
0
0
0
0.0729095
0
0
0
0
0
0
0
0
0
0.075936
0.075936
0.075936
0.075936
0.075936
0.075936
0.075936
0.075936
0
0
0
0
0
0.122014
0.0828173
0
0.0729095
0.0729095
0.0729095
0.0729095
0.0729095
0.0729095
0.0729095
0.0729095
0.0729095
0.0729095
0.0729095
0.248965
0.248965
0.255377
0
0.0729095
0.126204
0.0729095
0.0729095
0.0729095
0.0729095
0.105331
0.0729095
0.0729095
0.0896582
0.0896582
0.0896582
0.0896582
0.0896582
0.0729095
0
0.0729095
0.0729095
0.0729095
0.0729095
0.151678
0
0.0729095
0.0763612
0.0729095
0.0915162
0.0729095
0.0729095
0.0729095
0.0729095
0.1
0.0729095
0.0729095
0
0.0729095
0.107088
0
0.109109
0.0729095
0.0729095
0
0.0729095
0.0729095
0.124683
0.124769
0
0.0729095
0.0729095
0.0729095
0.0729095
0.0729095
0.0729095
0.0724488
0.0724488
0.0724488
0
0.0728751
0
0
0.0701006
0.0701006
0.0701006
0.0701006
0.0716782
0.0718975
0.1214
0.1214
0.1214
0.1214
0.1214
0.1214
0.1214
0.1214
0.1214
0.1214
0.1214
0.1214
0.1214
0.1214
0
0
0
0
0
0
0
0
0
0
0
0
0
0
0
0
0
0
0
0
0
0
0
0
0
0
0
0
0.0856653
0.07886
0.07886
0.07886
0.07886
0.07886
0.07886
0.07886
0.07886
0.07886
0.07886
0.07886
0.07886
0.07886
0.07886
0.07886
0.07886
0.07886
0.07886
0.07886
0.07886
0.07886
0.07886
0.07886
0.07886
0.07886
0.07886
0.07886
0.07886
0.07886
0.07886
0.07886
0.07886
0.07886
0.07886
0.07886
0.07886
0.07886
0.07886
0.07886
0.07886
0.07886
0.07886
0.07886
0.07886
0.07886
0.07886
0.07886
0.07886
0.07886
0.07886
0.07886
0.07886
0.07886
0.07886
0.07886
0.07886
0.07886
0.07886
0.07886
0.07886
0.07886
0.07886
0
0
0
0
0.173205
0
0
0
0
0
0
0
0
0
0
0.288675
0
0
0
0
0
0
0
0
0
0
0
0
0
0
0
0
0
0
0
0
0
0
0
0
0
0
0
0
0
0
0
0
0
0
0
0
0
0
0
0
0
0
0
0
0
0
0
0
0
0
0
0
0
0
0
0
0
0
0
0
0
0
0
0
0
0
0
0
0
0
0
0
0
0
0
0
0
0
0.0789255
0.07886
0
0.0838002
0.0838002
0
0.0839576
0.116143
0.116143
0
0
0
0
0.0839576
0
0
0
0
0
0
0
0
0
0
0
0
0
0
0
0
0
0
0
0
0
0
0
0
0
0
0
0
0
0
0
0
0
0
0
0
0
0
0
0
0
0
0
0
0
0
0
0
0
0
0
0
0
0
0
0
0
0
0
0
0
0
0
0
0
0
0
0
0
0
0
0
0
0
0
0
0
0
0
0
0
0
0
0
0
0
0
0
0
0
0
0
0
0
0
0
0
0
0
0
0
0
0
0
0
0
0
0
0
0
0
0
0
0
0
0
0
0
0
0
0
0
0
0
0
0
0
0
0
0
0
0
0
0
0
0
0
0
0
0
0
0
0
0
0
0
0
0
0
0
0
0
0
0
0
0
0
0
0
0
0
0
0
0
0
0
0
0
0
0
0
0
0
0
0
0
0
0
0
0
0
0
0
0
0
0
0
0
0
0
0
0
0
0
0
0
0
0
0
0
0
0
0
0
0
0
0
0
0
0
0
0
0
0
0
0
0
0
0
0
0
0
0
0
0
0
0
0
0
0
0
0
0
0
0
0
0
0
0
0
0
0
0
0
0
0
0
0
0
0
0
0
0
0
0
0
0
0
0
0
0
0
0
0
0
0
0
0
0
0
0
0
0
0
0
0
0
0
0
0
0
0
0
0
0
0
0
0
0
0
0
0
0
0
0
0
0
0
0
0
0
0
0
0
0
0
0
0
0
0
0
0
0
0
0
0
0
0
0
0
0
0
0
0
0
0
0
0
0
0
0
0
0
0
0
0
0
0
0
0
0
0
0
0
0
0
0
0
0
0
0
0
0
0
0
0
0
0
0
0
0
0
0
0
0
0
0
0
0
0
0
0
0
0
0
0
0
0
0
0
0
0
0
0
0
0
0
0
0
0
0
0
0
0
0
0
0
0
0
0
0
0
0
0
0
0
0
0
0
0
0
0
0
0
0
0
0
0
0
0
0
0
0
0
0
0
0
0
0
0
0
0
0
0
0
0
0
0
0
0
0
0
0
0
0
0
0
0
0
0
0
0
0
0
0
0
0
0
0
0
0
0
0
0
0
0
0
0
0
0
0
0
0
0
0
0
0
0
0
0
0
0
0
0
0
0
0
0
0
0
0
0
0
0
0
0
0
0
0
0
0
0
0
0
0
0
0
0
0
0
0
0
0
0
0
0
0
0
0
0
0
0
0
0
0
0
0
0
0
0
0
0
0
0
0
0
0
0
0
0
0
0
0
0
0
0
0
0
0
0
0
0
0
0
0
0
0
0
0
0
0
0
0
0
0
0
0
0
0
0
0
0
0
0
0
0
0
0
0
0
0
0
0
0
0
0
0
0
0
0
0
0
0
0
0
0
0
0
0
0
0
0
0
0
0
0
0
0
0
0
0
0
0
0
0
0
0
0
0
0
0
0
0
0
0
0
0
0
0
0
0
0
0
0
0
0
0
0
0
0
0
0
0
0
0
0
0
0
0
0
0
0
0
0
0
0
0
0
0
0
0
0
0
0
0
0
0
0
0
0
0
0
0
0
0
0
0
0
0
0
0
0
0
0
0
0
0
0
0
0
0
0
0
0
0
0
0
0
0
0
0
0
0
0
0
0
0
0
0
0
0
0
0
0
0
0
0
0
0
0.0730419
0.0730419
0.0730419
0.0730419
0.0730419
0
0
0
0
0
0
0
0
0
0
0
0
0
0
0
0
0
0
0
0
0
0
0
0
0
0
0
0
0
0
0
0
0
0
0
0
0
0
0
0
0
0
0
0
0
0
0
0
0
0
0
0
0
0
0
0
0
0
0
0
0
0
0
0
0
0
0
0
0
0
0
0
0
0
0
0
0
0
0
0
0
0
0
0
0
0
0
0
0
0
0
0
0
0
0
0
0
0
0
0
0
0
0
0
0
0
0
0
0
0
0
0
0
0
0
0
0
0
0
0
0
0
0
0
0
0
0
0
0
0
0
0
0
0
0
0
0
0
0
0
0
0
0
0
0
0
0
0
0
0
0
0
0
0
0
0
0
0
0
0
0
0
0
0
0
0
0
0
0
0
0
0
0
0.0731403
0
0
0
0
0
0
0
0
0.0731055
0.0731055
0.0731055
0.0731055
0.0731055
0.0731055
0
0
0.0731055
0.0731055
0
0
0
0
0
0
0
0
0
0
0
0
0
0
0
0
0
0
0
0
0
0
0
0
0
0
0
0
0
0
0
0
0
0
0
0
0
0
0
0
0
0
0
0
0
0
0
0
0
0
0
0
0.0731055
0.0731055
0
0
0
0
0
0
0
0
0
0
0
0
0
0
0
0
0
0
0
0
0
0
0
0
0
0.0731055
0
0
0
0
0
0
0
0
0
0
0
0
0
0
0
0
0
0
0
0
0
0
0
0
0
0
0
0
0
0
0
0
0
0
0
0
0
0
0
0
0
0
0
0
0
0
0
0
0
0
0
0
0
0
0
0
0
0
0
0
0
0
0
0
0
0
0
0
0
0
0
0
0
0
0
0
0
0
0
0
0
0
0
0
0
0
0
0
0
0
0
0
0
0
0
0
0
0
0
0
0
0
0
0
0
0
0
0
0
0
0
0
0
0
0
0
0
0
0
0
0
0
0
0
0
0
0
0
0
0
0
0
0
0
0
0
0
0
0
0
0
0
0
0
0
0
0
0
0
0
0
0
0
0
0
0
0
0
0
0
0
0
0
0
0
0
0
0
0
0
0
0
0
0
0
0
0
0
0
0
0
0
0
0
0
0
0
0
0
0
0
0
0
0
0
0
0
0
0
0
0
0
0
0
0
0
0
0
0
0
0
0
0
0
0
0
0
0
0
0
0
0
0
0
0
0
0
0
0
0
0
0
0
0
0
0
0
0
0
0
0
0
0
0
0
0
0
0
0
0
0
0
0
0
0
0
0
0
0
0
0
0
0
0
0
0
0
0
0
0
0
0
0
0
0
0
0
0
0
0
0
0
0
0
0
0
0
0
0
0
0
0
0
0
0
0
0
0
0
0
0
0
0
0
0.0702337
0.0702337
0
0.0702337
0.0702337
0.111762
0.111762
0
0.111762
0.111762
0.0742065
0
0
0
0
0.0335125
0.0898994
0
0
0.108574
0.108574
0.108574
0
0
0
0.0448291
0
0
0.0483067
0
0
0.070167
0.070167
0.070167
0.0800033
0
0
0.0753145
0.105435
0.105435
0.105435
0.105435
0.105435
0.105435
0.105435
0.105435
0
0.105435
0.105435
0
0.105435
0.105435
0
0.105435
0
0
0
0
0
0
0
