0.0565912
0.0565912
0.0565912
0.0565912
0.0565912
0.0565912
0.0565912
0.0565912
0
0.0565912
0.0565912
0.0565912
0.0565912
0.0565912
0.0565912
0.0565912
0.0565912
0.0565912
0.0457389
0.0457389
0.0457389
0
0.0480569
0.0481125
0
0
0
0
0
0
0
0
0
0
0
0
0
0
0
0
0.0565912
0
0
0
0.0449921
0.0449921
0.0449921
0.0449921
0.0449921
0.0449921
0.0449921
0.0449921
0
0
0
0
0
0
0
0.179605
0
0.0456912
0
0
0
0
0.333333
0.0455016
0
0
0
0
0
0
0
0
0
0
0
0
0
0
0
0
0
0
0
0
0
0
0
0
0
0.0779813
0.0779813
0.0779813
0.0779813
0.0777322
0.0779813
0.0779813
0.0779813
0
0
0
0.0565912
0.0565912
0.0565912
0.0565912
0.0565912
0.0565912
0.0779813
0
0
0
0.0457389
0.0454545
0
0
0
0
0
0
0.0779813
0.0779813
0.0779813
0.0779813
0.0779813
0.0779813
0.0779813
0
0
0
0
0
0
0
0.0779813
0
0
0
0
0
0
0
0
0
0
0
0
0
0
0
0
0
0
0
0
0
0
0
0
0
0
0
0
0
0
0
0
0
0
0
0
0
0
0
0
0
0
0
0
0
0
0
0
0
0
0
0
0
0
0
0
0
0
0
0
0
0
0
0
0
0
0
0
0
0
0
0
0
0
0
0
0
0
0
0
0
0
0
0
0
0
0
0
0
0
0
0
0
0
0
0
0
0
0
0
0
0
0
0
0
0
0
0
0
0
0
0
0
0
0
0
0
0
0
0
0
0
0
0
0
0
0
0
0.0466252
0
0
0
0
0
0
0
0
0
0
0
0
0
0
0.046778
0
0
0
0
0
0
0
0
0
0
0
0
0
0
0
0
0
0
0
0
0.0301101
0
0
0
0
0
0
0
0
0
0
0
0
0
0
0
0
0
0
0
0
0
0
0
0
0
0
0
0.0782727
0.116248
0.0782727
0.122169
0
0
0.0769231
0.320256
0.371391
0
0
0
0
0.0696733
0.0762493
0
0
0
0
0
0
0
0
0.0533761
0.0533761
0.0533761
0.0548821
0
0
0
0
0
0
0
0
0
0
0
0
0
0
0
0
0
0
0
0
0
0
0
0
0
0
0
0
0
0
0
0
0
0
0
0
0
0
0
0
0
0.050702
0
0
0
0
0.0299074
0
0
0.0533761
0
0
0
0
0
0
0
0
0
0
0
0
0
0
0
0
0
0
0
0
0
0
0
0
0
0
0.0454077
0
0
0
0
0
0
0
0
0
0
0
0
0
0
0
0
0
0
0
0
0
0
0
0
0
0
0
0
0
0
0
0
0
0
0
0
0
0
0
0
0
0.0456435
0
0
0
0
0
0
0
0
0
0
0
0
0
0
0
0
0
0
0
0
0
0
0
0
0
0
0
0
0
0
0
0
0
0
0
0
0
0
0
0
0
0
0
0
0
0
0
0
0
0
0
0
0
0
0
0
0
0
0
0
0
0
0
0
0
0.0463739
0.0463739
0.0463739
0.0463739
0.0463739
0
0.0463739
0
0
0
0
0
0
0
0
0
0
0
0
0
0
0
0
0
0
0
0
0
0
0
0
0
0
0
0
0
0
0
0
0
0
0
0
0
0
0
0
0
0
0
0
0
0
0
0
0
0
0
0
0
0
0
0
0
0
0.320256
0.320256
0.320256
0.320256
0.320256
0.320256
0
0
0
0.0270864
0.0270864
0.0270864
0.0273485
0.0273485
0.0270864
0.0279399
0.0270864
0
0
0
0
0
0.0779813
0.0779813
0.0779813
0.0779813
0.0779813
0.083237
0.083237
0.083237
0.083237
0.083237
0.083237
0.083237
0.083237
0.083237
0.083237
0.0789474
0.0789474
0.0789474
0.0789474
0.0789474
0.0789474
0.0789474
0.0789474
0.0789474
0.0789474
0.0789474
0.0789474
0.0789474
0.0789474
0.0789474
0
0
0
0
0
0
0
0
0
0
0
0
0
0
0
0
0
0
0
0
0
0
0
0
0
0
0
0
0
0
0
0
0
0
0
0
0
0
0
0
0
0
0.0314347
0.0314347
0.0314347
0.0314347
0.0314347
0.0331133
0.0331133
0.0331133
0
0
0
0
0
0
0
0
0
0
0
0
0
0
0
0
0
0
0
0
0
0
0
0
0
0
0
0
0
0.5
0
0
0
0
0
0
0
0
0
0
0
0
0
0
0
0
0
0
0
0.5
0
0
0
0
0
0
0
0
0
0
0
0
0.5
0
0
0
0
0
0
0.5
0
0
0
0
0
0
0
0
0
0
0
0
0
0
0
0.0660819
0.0779813
0.0315912
0
0.0780076
0.0273896
0.0273896
0.0878938
0.0779813
0.0779813
0.0779813
0.0858282
0
0.0881305
0.0881305
0
0
0
0.0881305
0
0
0
0
0
0.120386
0.120386
0
0.120386
0
0
0
0
0
0
0
0
0.0779813
0.0779813
0.0779813
0.0779813
0.0779813
0.0779813
0.0779813
0.0779813
0.0779813
0.0779813
0.121268
0.121268
0.121268
0.121268
0.121268
0.121268
0.121268
0.144338
0.121268
0
0
0
0
0
0
0
0
0
0
0
0
0
0
0
0
0
0
0
0
0
0
0
0
0
0
0
0
0.0450377
0.0450377
0
0.0460287
0.0450377
0.0450377
0.0450377
0.0450377
0.0880451
0.0880451
0.0880451
0.0880451
0.0880451
0.0880451
0
0.104257
0.104257
0.0880451
0.0920575
0.0880451
0.0880451
0.0880451
0
0
0
0
0
0
0
0
0
0
0
0
0
0.0779813
0.0779813
0.0780076
0.0779813
0.0779813
0.0779813
0.0779813
0.0779813
0.0779813
0.0779813
0.0779813
0.0880451
0.0880451
0
0
0
0
0
0
0
0
0.0894427
0.0780076
0.0780076
0.0782727
0.0783528
0.0783528
0.0783528
0.0732252
0
0
0
0.0782727
0.0880451
0.0782727
0.0782727
0.0782727
0.0779813
0.0779813
0.0779813
0.0779813
0.0779813
0.5
0.5
0.5
0.5
0.5
0.5
0.5
0.5
0.5
0.0782727
0.0782727
0
0
0
0
0
0
0
0
0
0
0
0
0.5
0.5
0.5
0.5
0.5
0.5
0.5
0.5
0.5
0.5
0.5
0.5
0.5
0.5
0
0
0
0.5
0.5
0.5
0.5
0.5
0.5
0.5
0.5
0.5
0.5
0.5
0
0
0.5
0.5
0.5
0.5
0.5
0.5
0.5
0.5
0.5
0.5
0.5
0.5
0.5
0.5
0
0
0
0
0
0
0
0
0
0
0
0
0
0
0
0
0
0
0.5
0.5
0.5
0.5
0.5
0.5
0.5
0.5
0.5
0.5
0.5
0.5
0.5
0.5
0.5
0.5
0.5
0
0
0.5
0.5
0.5
0.5
0.5
0.5
0.5
0.5
0.5
0.5
0.0782727
0.0782727
0.0782727
0.0782727
0.0782727
0.0782727
0.0782727
0.0782727
0
0.0782727
0
0.0782727
0.0782727
0.0782727
0.0782727
0.0782727
0.0782727
0.0528148
0.0296565
0.0369358
0.0302891
0
0.0780076
0
0
0
0
0
0
0.0328798
0
0.0786754
0.0786754
0.0786754
0.0786754
0.0302061
0.0302061
0.0302061
0
0.0456435
0.0456435
1
0
0.0459315
0.0454077
0.0454077
0.0454077
0.0454077
0.0793052
0.0454077
0.0454077
0.0454077
0.0454077
0.0454077
0.0793052
0.0456435
0.0456435
0
0
0
0
0
0
0
0
0
0
0
0
0
0
0
0
0
0
0
0
0
0
0
0
0
0
0
0
0
0
0
0
0
0
0
0
0
0
0
0
0
0
0
0
0
0
0
0
0
0
0
0
0
0
0
0
0
0
0
0
0
0
0
0
0
0
0
0
0
0
0
0
0
0
0
0
0
0
0
0
0
0
0
0
0
0
0
0
0
0
0
0
0
0
0
0
0
0
0
0
0
0
0
0
0
0
0
0
0
0
0
0
0
0
0
0
0
0
0
0
0
0
0
0
0
0
0
0
0
0
0
0
0
0.0454077
0
0
0
0
0
0
0
0
0
0
0
0
0
0
0
0.0454077
0
0
0
0
0
0
0
0
0
0.0454077
0
0
0
0
0
0
0
0
0
0.0292979
0.0292979
0.0302337
0.0307293
0.0307293
0
0.0307293
0
0
0
0.0297746
0.0312195
0.0312806
0.0299074
0
0
0
0
0.0460776
0.0460776
0.0460776
0
0
0
0
0
0
0
0
0
0
0
0
0
0
0
0
0
0
0
0
0
0
0
0
0
0
0
0.0863868
0.0863868
0.0863868
0.0863868
0.0863868
0.0863868
0
0
0.0863868
0.0863868
0.0863868
0.0865485
0.0865485
0.0865485
0.0871214
0.0865485
0.0865485
0.0865485
0.0863868
0.0880451
0.0880451
0.0880451
0.0880451
0.0880451
0.0880451
0
0
0
0
0
0.0779813
0.0779813
0.0779813
0.0782727
0.0780076
0.0299342
0.0299342
0.0779813
0.0779813
0.0565233
0.0779813
0.0779813
0
0.0780076
0.0780076
0.0783795
0
0
0
0
0
0
0
0
0
0
0
0
0
0.0779813
0.0779813
0.0779813
0.0779813
0.0779813
0.0779813
0.0779813
0.0779813
0.0779813
0.0779813
0.0779813
0.0779813
0.0779813
0.0779813
0
0
0
0
0
0
0
0
0
0.0779813
0.0779813
0.0779813
0.0779813
0.0779813
0.0779813
0.0779813
0.0779813
0.0779813
0.0779813
0.0547997
0.0779813
0
0
0
0
0
0
0
0
0
0.0528886
0.0528886
0
0
0
0
0
0
0.0528886
0.0528886
0.0528886
0.0528886
0.0528886
0.0528886
0.0528886
0
0
0
0
0
0
0
0
0
0
0
0
0
0
0
0
0
0
0
0
0
0
0
0
0
0.0291854
0.0780604
0.0780604
0.0780604
0.0780604
0.0780604
0.0780604
0.0782727
0
0.0780604
0.0780604
0
0.0780604
0
0
0
0
0
0
0
0
0
0
0
0
0
0
0
0
0
0
0
0
0
0
0
0
0
0
0
0
0
0
0
0
0
0
0
0
0
0
0
0
0
0
0
0
0
0
0
0
0
0.0780604
0
0
0
0.0780604
0.0780604
0.0780604
0.0780604
0
0
0
0
0.0780604
0
0
0.0782727
0
0
0
0
0
0
0
0
0
0
0
0
0
0
0
0
0
0
0
0
0
0
0
0
0
0
0
0
0
0
0
0
0
0
0
0
0
0
0
0
0
0
0
0
0
0
0
0
0
0
0
0
0
0
0
0
0
0
0
0
0
0
0
0
0
0
0
0
0
0
0
0
0
0
0
0
0
0
0
0
0
0
0
0
0
0
0
0
0
0
0
0
0
0
0
0
0
0
0
0
0
0
0
0
0
0
0
0
0
0
0
0
0
0
0
0
0
0
0
0
0
0
0
0
0
0
0
0
0
0
0
0
0
0
0
0.166667
0.166667
0.166667
0.166667
0.166667
0.166667
0.171499
0.171499
0.166667
0.166667
0.166667
0.166667
0.166667
0.166667
0.166667
0.166667
0.166667
0.166667
0.166667
0.166667
0.0780076
0.0780076
0.0780076
0.0780076
0.0780076
0.0780076
0.0780076
0.0780076
0.0558581
0.0780076
0.0780076
0.0780076
0.0780076
0.0780076
0
0
0
0
0
0
0
0
0.0780076
0.0780076
0.0780076
0.0780076
0.0780076
0.0780076
0
0
0.0780076
0
0
0
0
0
0
0
0
0
0
0
0
0
0
0
0
0
0
0
0
0
0
0
0
0
0
0.0296826
0.0296826
0.0296826
0.0296826
0.0296826
0.0296826
0.0296826
0
0
0
0
0
0
0
0
0
0
0
0
0
0
0
0
0
0
0
0
0
0
0
0
0
0
0
0
0
0
0.0629005
0.0293231
0
0
0.0296826
0.0780076
0.0780076
0.0780076
0
0
0
0.0780076
0.0780076
0.0781398
0.0780076
0.0780076
0.0780076
0.371391
0.371391
0.371391
0.371391
0.371391
0.0533761
0.0533761
0.0780076
0.0780076
0.0780076
0.0780076
0.0780076
0.0780076
0.0780076
0.0780076
0.0533761
0.0533761
0.0533761
0.0533761
0.0533761
0.0537798
0.0533761
0.0533761
0.0533761
0
0.0533761
0.0533761
0.0533761
0.0533761
0.0533761
0.0533761
0.0533761
0
0
0
0
0
0.0780076
0.0780076
0.0780076
0.0780076
0.0564782
0.0780076
0.0278531
0.0278531
0.0278531
0.0278531
0.0296826
0.0278531
0.0780076
0.0558581
0.0780076
0.0276712
0.0780076
0.0780076
0.0780076
0.0276712
0.0276712
0.02781
0.0282956
0.0282956
0.0282956
0.0282956
0.0282956
0.0282956
0.104257
0.104257
0.104257
0.104257
0.104257
0.104257
0.125739
0
0.141069
0.0552158
0.0552158
0
0
0
0
0.0781398
0.0781398
0.166667
0.166667
0.166667
0.166667
0.176777
0
0.166667
0.166667
0.166667
0.166667
0.333333
0.333333
0.166667
0.166667
0.333333
0.166667
0.166667
0.176777
0.166667
0.166667
0.176777
0.166667
0.166667
0.0296826
0.0296826
0.0296826
0.0296826
0.0296826
0.0296826
0.0296826
0
0
0
0
0
0
0
0
0
0
0
0
0
0
0
0
0
0
0
0
0
0
0
0
0
0
0
0
0
0
0
0
0
0
0
0
0
0
0
0
0
0
0
0.0300692
0.0306858
0.0300692
0
0.0308167
0.0308167
0
0
0
0
0
0
0
0
0
0
0
0.0312806
0.0336527
0.0336527
0.0296826
0.0313728
0.0313728
0
0
0
0
0
0
0
0
0
0
0
0
0
0
0
0
0
0
0
0
0
0
0.031342
0.031342
0.031342
0.031342
0.031342
0.031342
0
0
0
0
0
0.031342
0.031342
0
0.031342
0.0688428
0.086711
0
0
0
0
0
0
0
0
0.0688428
0
0
0
0
0
0
0
0
0
0
0
0
0
0.03175
0.03175
0.0318304
0.0318304
0
0.031342
0
0.0465746
0
0.0471405
0
0.0663723
0.0296826
0.086711
0.086711
0.086711
0.086711
0.086711
0.086711
0.086711
0
0.0890871
0.0890871
0.0890871
0.0890871
0.102598
0
0.0890871
0.0296826
0.0296826
0.0296826
0.0296826
0.0296826
0.0296826
0.0296826
0.0297482
0.0296826
0.0327385
0.0323932
0.0323932
0.0323932
0
0
0
0
0
0
0
0
0
0
0
0
0
0
0
0
0
0
0.0324102
0.0298275
0.0298275
0.0298275
0
0
0
0.0372161
0
0
0
0
0
0.0373197
0.0373197
0.0373197
0.0308167
0.0308167
0.0308167
0.0308167
0.0308167
0.0308313
0
0
0
0
0
0
0
0
0.0298275
0.0372161
0.0372161
0
0
0
0
0.0399043
0.0399043
0.0509647
0.0509647
0.0509647
0.0509647
0
0
0
0
0.0399043
0.0372161
0.0300557
0.0300557
0
0
0
0
0
0
0.0300557
0.0300557
0
0.0300557
0.0300557
0.0300557
0.0300557
0.0300557
0
0
0
0
0
0.0300557
0.0300692
0
0
0
0
0
0
0
0
0
0.0300557
0.0300692
0.0300557
0.0300692
0.0300557
0
0
0
0
0
0
0
0
0
0
0
0
0
0
0
0
0
0
0
0
0
0
0
0
0
0
0
0
0
0
0
0
0
0
0.0298674
0.0298674
0.0298275
0.0298275
0.0298275
0.0298674
0.0298674
0.03175
0.0298275
0.0298275
0.0298275
0
0
0
0.0298408
0.0300015
0.0298408
0.0298408
0.0298408
0.030415
0.030415
0.030415
0
0.031766
0.0298408
0.0301374
0.0301374
0.0313266
0.0313266
0.0298275
0.0779813
0.0779813
0.0779813
0.0779813
0.0779813
0.0779813
0
0.0308167
0.0798087
0.0779813
0.0779813
0.0779813
0
0
0.0675737
0
0
0
0
0
0
0
0
0
0
0.0980581
0.031734
0.0779813
0.0779813
0
0.0553001
0
0
0.0316386
0.128037
0
0
0
0
0.0766965
0
0
0
0.0779813
0
0.0779813
0.0779813
0
0
0
0
0
0
0
0
0
0
0
0
0
0.0306282
0
0.0779813
0.0306138
0.0306138
0.0306138
0
0
0
0
0
0
0
0
0
0
0
0
0
0
0
0
0
0
0
0
0
0
0
0
0
0
0
0
0
0
0
0
0
0
0
0
0
0
0
0
0
0
0
0
0
0
0
0
0
0
0
0
0
0
0
0
0
0
0
0
0
0
0
0
0
0
0
0
0.029801
0
0
0
0.0779813
0
0.0779813
0
0.0779813
0
0.0779813
0
0
0
0
0
0.0779813
0
0.0779813
0
0
0
0
0
0
0
0
0
0
0
0
0
0
0
0.0779813
0.0779813
0
0
0.0354441
0.0354441
0.0779813
0.0779813
0.0779813
0.0779813
0.0779813
0.0779813
0.0779813
0.0779813
0.0779813
0.0779813
0.0779813
0
0
0
0
0
0
0
0
0
0.0779813
0.0779813
0
0.0425243
0
0
0
0
0
0.0300557
0
0
0
0
0
0
0
0
0
0
0
0
0
0
0
0.0779813
0.0779813
0.0779813
0.0779813
0.0779813
0
0.0779813
0.0779813
0
0.0779813
0
0.0779813
0.0779813
0.0779813
0.0779813
0.0779813
0.0779813
0.0316544
0.0316544
0
0
0.0316544
0
0
0
0
0
0
0
0
0.0315127
0.0315127
0.0315127
0.0315597
0.0311588
0
0
0.0311588
0.0311588
0.0321412
0
0
0
0
0
0
0
0
0
0
0
0
0
0
0
0
0
0
0
0.0779813
0.0779813
0.0779813
0.0779813
0
0.0779813
0
0
0
0
0
0
0
0
0
0
0
0
0
0
0
0
0
0
0
0
0
0
0
0.0779813
0.0779813
0.0779813
0
0.0779813
0
0
0
0
0
0
0
0
0
0
0
0
0
0
0
0
0
0
0
0
0.0309492
0.0315912
0
0
0
0
0
0
0
0
0
0
0
0
0
0
0.0779813
0
0.104257
0
0.107833
0.107833
0.107833
0.107833
0.107833
0.137361
0.137361
0.107833
0.150756
0
0.150756
0.150756
0
0.152499
0.150756
0.150756
0
0
0
0
0
0.107833
0.107833
0.107833
0.107833
0.107833
0
0
0
0
0
0
0
0
0
0
0
0
0
0
0
0
0
0
0
0
0
0.0779813
0.0779813
0.0779813
0.0779813
0.0779813
0.0300692
0
0
0
0.0779813
0.0779813
0.0779813
0.0779813
0
0.0779813
0
0
0
0
0
0
0
0
0
0
0
0
0
0
0
0
0
0.0779813
0.0779813
0.0779813
0.0779813
0.0779813
0.0779813
0.0779813
0.0779813
0.0779813
0.0779813
0.0779813
0.0779813
0.0779813
0
0
0
0
0
0
0
0
0
0.0306714
0.031895
0.0307438
0.0307438
0.0390434
0.0313266
0.0551527
0
0
0
0
0
0
0
0
0
0
0
0
0
0
0
0
0
0
0
0
0
0
0
0
0
0
0
0
0
0
0
0
0
0
0
0
0.0551527
0
0.0551527
0.0551527
0
0
0
0
0
0
0
0
0
0
0
0
0
0
0
0
0
0
0
0
0
0
0
0
0
0
0
0
0
0.132453
0.0779813
0.0779813
0.0779813
0.0779813
0.0779813
0.0779813
0.0779813
0
0.0779813
0.0779813
0
0.0779813
0
0.0779813
0
0.0779813
0.0779813
0.0779813
0
0
0
0
0
0.0779813
0.0779813
0
0.0779813
0
0.0779813
0.0779813
0.0779813
0
0.0779813
0.0779813
0.0779813
0.0779813
0
0
0
0
0
0
0.0779813
0.0779813
0.0779813
0.0779813
0
0
0.0307583
0
0.0308167
0.0337869
0.0308167
0.0309049
0.0309049
0
0
0
0
0
0
0
0
0
0
0
0
0
0
0
0
0
0
0
0.0779813
0.0779813
0.0455961
0.0455961
0
0
0.0455961
0
0
0.0522708
0
0
0.0551527
0
0
0
0
0
0.0779813
0.0779813
0.0779813
0.106
0.0779813
0.0779813
0
0.0779813
0.0779813
0.0779813
0.0779813
0.0779813
0.0779813
0
0.0779813
0.0296826
0.0779813
0
0
0
0
0
0
0
0
0
0
0
0
0
0
0
0
0
0
0
0
0
0
0
0
0
0
0
0
0
0
0
0
0
0
0
0
0
0
0
0
0
0
0
0
0
0
0
0
0
0
0
0
0
0
0
0
0
0
0
0
0
0
0
0
0
0
0
0
0
0
0
0
0
0.0779813
0.0779813
0.0779813
0.0779813
0.0779813
0.0296695
0
0.0296695
0.138675
0.0940721
0.0633724
0
0.0779813
0.0456435
0.0456435
0.0456435
0.0456435
0
0
0
0.0456435
0.0463739
0.0463739
0.0494468
0.0494468
0.0494468
0.0494468
0
0
0
0
0.0475114
0
0.0494468
0
0
0.0494468
0.0494468
0.0494468
0.0494468
0
0
0.0494468
0.0494468
0
0.0494468
0.0494468
0
0
0
0.0465746
0.0465746
0.0464739
0
0
0
0.0465746
0.0465746
0.0464739
0.0463241
0.0512989
0.0512989
0.0512989
0.0512989
0.0463241
0.0463241
0
0
0.0497519
0.0497519
0.054965
0.0497519
0
0
0
0.0463241
0.0463241
0
0.0463241
0.0463241
0.0542326
0.0463241
0.0463241
0.0512989
0.0512989
0.0512989
0.0512989
0.0512989
0.0512989
0
0.0512989
0
0.0512989
0
0.0512989
0.0512989
0.0515026
0.0512989
0
0
0
0
0
0
0
0
0
0
0
0
0
0
0
0
0
0.0463241
0.0565912
0
0
0
0
0
0
0
0
0
0
0
0
0
0
0
0
0
0
0
0
0
0
0
0
0
0
0
0
0
0
0
0
0
0
0
0
0.0779813
0.0779813
0.0779813
0.0685189
0
0
0
0
0
0
0
0
0
0
0
0
0
0
0
0
0
0
0
0.113961
0.113961
0.113961
0
0.113961
0.113961
0.174078
0
0
0
0
0.113961
0
0
0
0
0
0
0
0
0
0
0
0
0.0326338
0.0326338
0.0326338
0.0326338
0.0326338
0
0
0
0
0
0
0
0
0
0
0
0
0
0
0.0517088
0.0517088
0
0.0519875
0.0523424
0
0
0
0
0
0
0
0
0
0
0
0
0
0
0
0
0
0
0
0
0
0
0
0
0
0
0
0
0
0
0
0
0
0
0
0
0
0
0
0
0
0
0.122169
0.122169
0.122169
0.122169
0.122169
0.122169
0.122169
0.122169
0.122169
0.122169
0.122169
0.122169
0.122169
0
0
0
0
0
0
0
0
0
0
0
0
0
0
0
0
0
0
0
0
0
0
0
0
0
0
0
0
0
0
0
0
0
0
0
0
0
0
0
0
0
0
0
0
0
0
0
0
0
0
0
0
0
0
0
0
0
0
0
0.0288916
0.0288916
0.0288916
0.0288916
0.0288916
0.0288916
0.0288916
0.0288916
0.0288916
0
0
0
0
0
0
0
0
0
0
0
0
0
0
0
0
0
0
0
0
0
0
0
0
0
0
0
0
0
0
0
0
0
0
0
0
0
0
0
0
0
0
0
0.0288916
0.0288916
0.0288916
0.0288916
0.0288916
0.0288916
0.0288916
0
0
0
0
0
0
0
0
0
0
0
0
0
0
0
0
0
0
0
0
0
0
0
0
0
0
0
0
0
0
0
0
0
0
0
0
0
0
0
0
0
0
0
0
0
0
0
0
0
0
0
0
0
0
0
0
0
0
0
0
0
0
0
0
0
0
0
0
0
0
0
0
0
0
0
0
0
0
0
0
0
0
0
0
0
0
0
0
0
0
0
0
0
0
0
0
0
0
0
0
0
0
0
0
0
0
0
0
0
0
0
0
0
0
0
0
0
0
0
0
0
0
0
0
0
0
0
0
0
0
0
0
0
0
0
0
0
0
0
0
0
0
0
0
0
0
0
0
0
0
0
0
0
0
0
0
0
0
0
0
0.154303
0.154303
0.154303
0.154303
0.154303
0.154303
0.154303
0.154303
0.154303
0
0.154303
0
0
0
0.154303
0.154303
0.154303
0.154303
0.154303
0
0
0
0
0
0
0
0
0
0
0
0.154303
0.154303
0.154303
0
0.154303
0.154303
0.154303
0.154303
0
0
0
0
0
0
0
0
0
0
0
0
0
0
0
0.156174
0.158114
0
0.154303
0.154303
0.154303
0.154303
0
0
0
0
0
0
0
0
0
0
0
0
0
0
0
0
0
0
0
0
0
0
0
0
0
0
0.154303
0
0
0
0
0
0
0
0
0
0
0
0
0
0
0
0
0
0
0
0
0
0
0
0
0
0
0
0
0
0
0
0
0
0
0
0
0
0
0
0
0
0
0
0
0
0
0
0
0
0
0
0
0
0
0
0
0
0
0
0
0
0
0
0
0
0
0
0
0
0
0
0
0
0
0
0
0
0
0
0
0
0
0
0
0
0
0
0
0
0
0
0
0
0
0
0
0
0
0
0
0
0
0
0
0
0
0
0
0
0
0
0
0
0
0
0
0
0
0
0
0
0
0
0
0
0
0
0
0
0
0
0
0
0
0
0
0
0
0
0
0
0
0
0
0
0
0
0
0
0
0
0
0
0
0
0
0
0
0
0
0
0
0
0
0
0
0
0
0
0
0
0
0
0
0
0
0
0
0
0
0
0
0
0
0
0
0
0
0
0
0
0
0
0
0
0
0
0
0
0
0
0
0
0
0
0
0
0
0
0
0
0
0
0
0
0
0
0
0
0
0
0
0
0
0
0
0
0
0
0
0
0
0
0
0
0.154303
0.154303
0.154303
0.154303
0.154303
0.154303
0.158114
0.158114
0.158114
0.162221
0.162221
0
0
0.162221
0
0.162221
0.162221
0
0.162221
0.162221
0.25
0.25
0.25
0.25
0.25
0
0
0
0
0
0
0
0
0
0
0
0
0
0
0
0
0
0
0
0
0
0
0.154303
0
0.158114
0.158114
0.158114
0.158114
0.154303
0.156174
0.162221
0.162221
0.162221
0.162221
0.154303
0
0
0.0779813
0.0779813
0.0779813
0.0779813
0.0779813
0
0
0
0
0
0
0
0
0
0
0
0
0
0
0
0
0
0
0
0
0
0
0
0
0
0
0
0
0
0
0
0
0
0
0
0
0
0
0
0
0
0
0
0
0
0
0
0
0
0
0
0
0
0
0
0
0
0
0
0
0
0
0
0
0
0
0
0
0
0
0
0
0
0
0
0
0
0
0
0
0
0
0
0
0
0
0
0
0
0
0
0
0
0
0
0
0
0
0
0
0
0
0
0
0
0
0
0
0
0
0
0
0
0
0
0
0
0
0
0
0
0
0
0
0
0
0
0
0
0
0
0
0
0
0
0
0
0
0
0
0
0
0
0
0
0
0
0
0
0
0
0
0
0
0
0
0
0
0
0
0
0
0
0
0
0
0
0
0
0
0
0
0
0
0
0
0
0
0
0
0
0
0
0
0
0
0
0
0
0
0
0
0
0
0
0
0
0
0
0
0
0
0
0
0
0
0
0
0
0
0
0
0
0
0
0
0
0
0
0
0
0
0
0
0
0
0
0
0
0
0
0
0
0
0
0
0
0
0
0
0
0
0
0
0
0
0
0
0
0
0
0
0
0
0
0
0
0
0
0
0
0
0
0
0
0
0
0
0
0
0
0
0
0
0
0
0
0
0
0
0
0
0
0
0
0
0
0
0
0
0
0
0
0
0
0
0
0
0
0
0
0
0
0
0
0
0
0
0
0
0
0
0
0
0
0
0
0
0
0
0
0
0
0
0
0
0
0
0
0
0
0
0
0
0
0
0
0
0
0
0
0
0
0
0
0
0
0
0
0
0
0
0
0
0
0
0
0
0
0
0
0
0
0
0
0
0
0
0
0
0
0
0
0
0
0.0456435
0.0456435
0.0456435
0.0456435
0.0456435
0.0456435
0.0456435
0.0456435
0.0456435
0.0456435
0.0456435
0.0463241
0
0
0
0.0463241
0.0463241
0.0463241
0
0
0
0
0
0
0.0475114
0
0
0
0.0475114
0.0475114
0.0625
0.0625
0.0625
0.0475114
0.0475114
0.0471405
0
0
0
0
0
0
0
0
0
0.0471405
0.0463241
0.0463241
0.0456435
0.0456435
0.0456435
0.0456435
0.0456435
0.0456435
0
0
0
0
0
0
0
0
0.0456435
0.0456435
0
0
0
0
0
0
0.0456435
0
0
0
0
0
0
0
0
0
0
0
0
0
0
0
0
0
0
0
0
0
0.0456435
0
0.0456435
0.0456435
0.0456435
0.0456435
0.0456435
0.0456435
0
0.0456435
0.0456435
0.0456435
0.0456435
0.0456435
0.0456435
0.0456435
0.0456435
0.0456435
0.0456435
0.0456435
0.0456435
0.0456435
0.0456435
0.0456435
0.0456435
0.0456435
0.0456435
0.0456435
0
0
0
0
0.0456435
0.0456435
0.0456435
0.0456435
0
0
0.0456435
0
0.0456435
0.0456435
0
0
0
0.0779813
0.0779813
0.0779813
0.0779813
0.0779813
0.0779813
0.0779813
0.0779813
0.0779813
0.0779813
0.0779813
0.0779813
0.0779813
0.0779813
0.0779813
0.0779813
0.0779813
0.0779813
0.0779813
0.0779813
0.0779813
0.0779813
0
0
0
0
0
0
0.0779813
0.0779813
0.0779813
0.0779813
0.0779813
0.0779813
0.0779813
0.0779813
0.0779813
0.0779813
0.0461757
0.0461757
0.0461757
0.0461757
0.0779813
0.0779813
0.0779813
0.0779813
0.0779813
0.0855138
0.0855138
0.0855138
0.0855138
0.0855138
0.0855138
0.0855138
0.0855138
0
0
0
0
0
0
0
0
0
0
0
0
0
0.0851257
0
0.0851257
0.0851257
0.0851257
0.0851257
0.0851257
0
0
0
0
0
0
0
0
0
0
0
0
0
0
0
0
0
0
0
0
0
0
0.0851257
0.0851257
0.0851257
0.0851257
0.0851257
0
0.0851257
0.0851257
0.0851257
0.0851257
0
0.0851257
0
0
0
0
0
0
0
0
0
0
0
0
0
0
0
0
0
0
0
0
0
0
0
0
0
0
0
0
0
0
0
0
0
0
0
0
0
0
0
0
0
0
0
0
0
0
0
0
0
0
0
0
0
0
0
0
0
0
0
0
0
0
0
0
0
0
0
0
0
0
0
0
0
0
0
0
0
0
0
0
0
0
0
0
0
0
0
0
0
0
0
0
0
0
0
0
0
0
0
0
0
0
0
0
0
0
0
0
0
0
0
0
0
0
0
0
0
0
0
0
0
0
0
0
0
0
0
0
0
0
0
0
0
0
0
0.0782727
0.0782727
0
0.0782727
0.0782727
0.0782727
0
0.0782727
0
0
0
0.053936
0.056299
0
0
0
0
0
0
0
0
0
0
0
0
0
0
0.0269093
0
0
0
0
0
0
0
0
0
0
0
0
0.0779813
0.0779813
0.0779813
0
0
0
0
0
0
0
0
0.0296695
0.0851257
0.0851257
0
0.0851257
0
0.0851257
0.0851257
0.0851257
0
0
0.0851257
0.0851257
0.0851257
0.0851257
0.0851257
0.0851257
0
0
0.0851257
0.0851257
0.0851257
0.0851257
0
0.0852803
0
0.0852803
0
0
0
0.0852803
0
0
0.0852803
0.0852803
0.0852803
0.0852803
0.154303
0.154303
0
0
0
0.154303
0
0
0
0
0
0.0782727
0
0
0
0
0
0
0.0456435
0.0456435
0.0456435
0.0456435
0.0456435
0.0456435
0
0
0
0
0
0
0
0
0
0
0
0
0
0
0
0
0
0
0
0
0
0
0
0
0
0
0.0782727
0.0782727
0.0782727
0.0782727
0.0782727
0.0782727
0.0782727
0.0782727
0.0782727
0.0782727
0
0
0
0
0
0
0
0.0779813
0.0779813
0
0
0
0
0
0
0.0780076
0.0780076
0.0780076
0.0782727
0.0782727
0.0782727
0.0782727
0
0.0449921
0.0449921
0.0449921
0.0457389
0.0457389
0
0.0449921
0.0455016
0.0449921
0
0
0
0
0
0.0782727
0
0.0782727
0.0851257
0.136083
0.136083
0.136083
0.136083
0
0
0
0
0
0
0
0
0
0
0
0
0
0
0
0
0
0
0
0
0
0
0
0
0
0
0
0
0
0
0
0
0
0
0
0
0
0
0
0
0
0
0
0
0
0
0
0
0
0
0
0
0
0
0
0
0
0
0
0
0
0
0.0288916
0
0
0
0
0
0
0
0
0
0
0
0
0
0
0
0
0
0
0
0
0
0
0
0
0
0
0
0
0
0
0
0
0
0
0
0
0
0
0
0
0
0
0
0
0
0
0
0
0
0
0
0
0
0
0
0
0
0
0
0
0
0
0
0
0
0
0
0
0
0
0
0
0
0
0
0
0
0
0
0
0
0
0
0
0
0
0
0
0
0
0
0
0
0
0
0
0
0
0
0
0
0
0
0
0
0
0
0
0
0
0
0
0
0
0
0
0
0
0
0
0
0
0
0
0
0
0
0
0
0
0
0
0
0
0
0
0
0
0
0
0
0
0
0
0
0
0
0
0
0
0
0
0
0
0
0
0
0
0
0
0
0
0
0
0
0
0
0
0
0
0
0
0
0
0
0
0
0
0
0
0
0
0
0.0312653
0.0312653
0
0
0
0
0
0
0
0
0
0
0
0
0
0
0
0
0
0
0
0
0
0
0
0
0
0
0
0
0
0
0
0
0
0
0
0
0
0
0
0
0
0
0
0
0
0
0
0
0
0
0
0
0
0
0
0
0
0
0
0
0
0
0
0
0
0
0
0
0
0
0
0
0
0
0
0
0
0
0
0
0
0
0
0
0
0
0
0
0
0
0
0
0
0
0
0
0
0
0
0
0
0
0
0
0
0
0
0
0
0
0
0
0
0
0
0
0
0
0
0
0
0
0
0
0
0
0
0
0
0
0
0
0
0
0
0
0
0
0
0
0
0
0
0
0
0
0
0
0
0
0
0
0
0
0
0
0
0
0
0
0
0
0
0
0
0
0
0
0.0456435
0.0456435
0.0456435
0.0456435
0.0456435
0
0.0456435
0
0
0
0
0.0456435
0.0463739
0.0463739
0.0463739
0.0463739
0.0456435
0.0456435
0.0456435
0
0.0456435
0.0456435
0.0456435
0.0456435
0.0456435
0.0456435
0
0
0
0
0
0
0
0
0
0
0
0.0456435
0.0456435
0
0
0
0
0
0
0
0
0
0
0
0
0
0
0
0
0
0
0
0
0
0
0
0
0
0
0
0
0
0.0552158
0.0552158
0.0552158
0.0464238
0.0464739
0.0610847
0.0610847
0.0610847
0.0610847
0
0.061199
0.061199
0
0
0
0
0.0497519
0.0497519
0.0497519
0.0497519
0
0
0
0
0
0
0
0
0
0
0
0
0
0
0
0
0
0
0
0
0
0
0
0
0
0
0
0
0
0
0
0
0.0497519
0.0497519
0.0497519
0
0.0497519
0.0497519
0.0497519
0.0497519
0.0497519
0.0497519
0
0.0456435
0.0456435
0.0495682
0.0456435
0.0456435
0.0456435
0.0553001
0.0456435
0.054965
0.0456435
0.0463241
0.0456435
0.0495682
0
0
0
0
0
0
0
0
0
0
0
0
0
0
0
0
0
0
0
0
0
0
0
0
0
0
0
0
0
0
0
0
0
0
0
0.0646846
0.0646846
0.0646846
0.0646846
0
0.0646846
0.0646846
0
0.0646846
0.0646846
0.0646846
0
0
0
0
0
0
0
0
0
0
0
0
0
0
0
0
0
0
0
0
0
0
0
0
0
0
0
0
0
0
0
0
0
0
0
0
0
0
0
0
0
0
0
0
0
0
0
0
0
0
0
0
0
0
0
0
0
0
0
0
0
0
0
0
0.0486792
0
0.0486792
0.0486792
0.0486792
0.0486792
0
0
0
0
0
0
0
0
0
0
0
0
0
0
0
0
0
0
0
0
0
0
0
0
0
0
0
0
0
0
0
0
0
0
0
0
0
0
0
0
0
0
0
0
0
0
0
0
0
0
0
0
0
0
0
0
0.0456435
0.0456435
0
0
0
0
0
0
0
0
0
0
0
0
0
0
0
0
0
0
0
0
0
0
0
0
0.0469323
0.0469323
0
0
0.046778
0
0
0
0.046778
0.046778
0.0478913
0.0478913
0
0
0.0467269
0.0509647
0.0509647
0.0509647
0
0
0.0467269
0
0
0
0
0
0
0
0
0
0
0
0
0
0
0
0
0
0
0
0
0
0
0
0
0
0
0
0
0
0
0
0
0
0
0
0
0
0
0
0
0
0
0
0
0
0
0
0
0
0
0
0
0
0
0
0
0
0
0
0
0
0
0
0
0
0.0463739
0.0463739
0
0
0
0
0
0
0
0
0
0
0
0
0
0
0
0
0
0.0507673
0
0
0
0
0
0
0
0
0
0
0
0
0
0.0456435
0.0456435
0.0456435
0.0456435
0.0456435
0.0456435
0.0456435
0
0
0.0780076
0.0780076
0.0780076
0.0780076
0
0
0
0
0.0779813
0
0
0
0
0
0
0
0
0
0
0
0
0
0
0
0
0
0
0
0
0
0
0
0
0
0
0
0
0
0
0
0
0
0
0
0
0
0
0
0
0
0
0
0
0
0
0
0
0
0
0
0
0
0
0
0
0
0
0
0
0
0
0
0
0
0
0
0
0.0565912
0.0565912
0.0565912
0.0565912
0.0565912
0.0565912
0.0565912
0.0565912
0.0565912
0.0565912
0.0565912
0.0565912
0.0565912
0.0565912
0.0565912
0
0
0
0
0
0
0
0.0779813
0.0779813
0.0779813
0.0779813
0.0779813
0.0779813
0.0779813
0.0779813
0.0779813
0.0779813
0.0779813
0.0779813
0.0779813
0.0779813
0.0779813
0.0779813
0.0779813
0.0779813
0.0779813
0.0779813
0.0779813
0.0779813
0.0779813
0.0779813
0.0779813
0.0779813
0.0779813
0.0779813
0.0779813
0.0779813
0.0779813
0.0779813
0.0779813
0.0779813
0.0779813
0.0779813
0.0779813
0.0779813
0.0779813
0.0779813
0.0779813
0.0779813
0.0779813
0.0779813
0.0779813
0.0779813
0.0779813
0.0779813
0.0779813
0.0779813
0.0779813
0.0779813
0.0779813
0.0779813
0.0779813
0.0779813
0.0779813
0.0779813
0.0779813
0.0779813
0.0779813
0.0779813
0.0779813
0.0779813
0.0779813
0.0779813
0.0779813
0.0779813
0.0779813
0.0779813
0.0779813
0.0779813
0.0779813
0.0779813
0.0779813
0.0779813
0.0779813
0.0779813
0.0779813
0.0779813
0.0779813
0.0779813
0.0779813
0.0779813
0.0779813
0.0779813
0.0779813
0.0779813
0.0779813
0.0779813
0.0779813
0.0779813
0.0779813
0.0779813
0.0779813
0.0779813
0.0779813
0.0779813
0.0779813
0.0779813
0.0779813
0.0779813
0.0779813
0.0779813
0.0779813
0.0779813
0.0779813
0.0779813
0.0779813
0.0779813
0.0779813
0.0779813
0.0779813
0.0779813
0.0779813
0.0779813
0.0779813
0.0779813
0.0779813
0
0
0
0
0
0
0
0
0
0
0
0
0
0
0
0
0
0
0
0
0
0
0
0
0
0
0.0565912
0.0565912
0.0447214
0.0565912
0.0565912
0
0.0565912
0
0
0
0
0
0
0
0
0
0
0
0
0
0
0
0
0
0.0779813
0
0
0
0
0
0
0
0.0919601
0.0919601
0.0780076
0
0
0.0288916
0.0288916
0.0288916
0.0288916
0.0288916
0.0288916
0.0288916
0
0
0
0
0
0
0
0
0
0
0
0
0
0
0
0
0
0
0
0
0
0
0
0
0
0
0
0
0
0
0
0
0
0
0
0.0293105
0
0.0293484
0.0288916
0.0779813
0
0.0779813
0.0779813
0.0779813
0.0779813
0
0
0
0
0
0.0792775
0.0815139
0.0792775
0.0792775
0.0792775
0.0792775
0.0792775
0.0792775
0.0792775
0.0792775
0.0792775
0.0792775
0.0792775
0.0792775
0.0792775
0.0792775
0.0792775
0.0792775
0.0792775
0.0792775
0.0792775
0.160128
0.160128
0.160128
0
0
0.160128
0.0792775
0.0792775
0.312348
0.0792775
0.0792775
0.0792775
0.0792775
0.0792775
0.0792775
0.0792775
0.0792775
0.0813116
0.0792775
0.0792775
0.0792775
0.0792775
0.0792775
0.0792775
0.0792775
0.0792775
0.0792775
0.0565912
0.0695048
0.0695048
0.0609428
0.320256
0.320256
0.0792775
0.0792775
0
0.0760286
0
0.19803
0.0695048
0.0805242
0.320256
0.320256
0.320256
0.0793884
0.0792775
0.0813788
0.0813788
0
0
0
0
0
0
0
0
0
0
0
0
0.0792775
0.0792775
0.0695048
0.0695048
0.0550691
0.0550691
0
0
0.320256
0.320256
0.371391
0.371391
0
0
0
0
0.0530745
0.0530745
0
0
0
0.0310087
0.0310087
0.0813788
0.0813788
0.0813788
0.0813788
0.0949158
0
0.0813788
0.0813788
0
0
0
0
0
0
0
0
0
0
0
0
0
0
0
0
0
0
0
0
0
0
0
0
0
0
0
0
0
0
0
0
0
0
0
0
0
0
0
0
0
0
0
0
0
0
0
0
0
0
0
0
0
0.0792775
0.0792775
0
0.0792775
0.0792775
0.0617213
0.0792775
0.0793884
0.0862439
0.0792775
0.0793329
0.25
0.0794719
0.100759
0.100759
0.100759
0.0792775
0.0695048
0.0695048
0.0695048
0.0695048
0.0695048
0.0550691
0.0550691
0.0550691
0
0
0.320256
0.320256
0.371391
0.371391
0
0
0
0
0
0
0
0
0
0
0
0
0
0
0
0
0
0
0
0
0
0
0
0
0
0
0
0
0
0
0
0
0
0
0
0
0
0.0530745
0.0530745
0.162221
0.162221
0.164399
0.353553
0
0
0
0
0.353553
0.0530745
0.0553001
0.0530745
0.0532246
0
0.0530745
0.0310087
0.0310087
0.0310087
0.0793884
0.0793884
0.0793884
0.0794998
0.0795557
0
0
0
0
0
0
0
0
0
0
0
0
0.320256
0.338062
0
0.458831
0.328798
0.392232
0
0.447214
0
0
0
0
0
0.0795837
0.0795837
0.0331679
0.0795837
0.027027
0.0796398
0.0792775
0
0
0
0
0
0.0792775
0.0792775
0.0792775
0.0792775
0.0792775
0.0800926
0
0
0
0
0
0
0
0
0
0
0
0
0
0
0
0
0.0803796
0
0
0
0
0
0
0
0
0
0
0
0
0
0
0.0800926
0.0273998
0
0.0801784
0.0809629
0.0275869
0.060003
0
0
0
0
0
0
0
0.0815139
0
0
0
0
0
0
0
0
0
0
0
0
0
0
0
0
0
0
0
0
0
0
0
0
0
0
0
0
0
0
0
0
0
0
0
0
0
0
0
0
0
0
0
0
0
0
0
0
0
0
0
0
0
0
0
0
0
0
0
0
0
0
0
0
0
0
0
0
0
0
0
0
0
0
0
0
0
0
0
0
0
0
0
0
0.0565912
0.0565912
0.0565912
0.0565912
0.0565912
0.0565912
0
0
0
0
0
0
0
0
0
0
0
0
0
0
0
0
0
0
0
0
0
0
0
0
0
0
0
0
0
0
0
0
0
0
0
0
0
0
0
0
0
0
0
0
0
0
0
0
0
0
0
0
0
0
0
0
0
0
0
0
0
0.0792775
0.0792775
0.0792775
0.0792775
0.0792775
0
0.0792775
0
0.0792775
0.0792775
0.0969003
0
0.0988936
0.0792775
0.0792775
0
0
0.123091
0.123091
0.123091
0.123091
0
0
0
0
0
0
0
0
0
0
0
0
0
0
0
0
0
0
0
0
0
0
0
0
0
0
0
0
0.0792775
0.0792775
0.0792775
0.0792775
0.0792775
0.0792775
0.0792775
0.0792775
0.0792775
0.0792775
0.0537798
0.0537798
0.0537798
0
0
0
0
0.0792775
0.0792775
0
0
0.0792775
0.0792775
0.0792775
0
0
0.0792775
0.0792775
0
0.0792775
0.0792775
0.0792775
0
0.0792775
0.0792775
0.0792775
0.0792775
0.0792775
0
0
0
0
0
0
0
0
0
0
0
0
0
0
0
0
0.0792775
0.0792775
0.0792775
0.0792775
0.0792775
0
0
0
0
0
0
0
0
0.055279
0.055279
0
0.055279
0.055279
0.055279
0.055279
0.055279
0.0792775
0.0792775
0.0792775
0.0792775
0.0792775
0.0792775
0.0792775
0.0792775
0.0792775
0.0792775
0.0792775
0.0792775
0.0792775
0.0792775
0.0792775
0
0.0792775
0.0792775
0
0.0792775
0.0792775
0.0792775
0.098773
0.0792775
0.0792775
0
0
0
0
0
0
0
0
0
0
0
0
0
0.0273077
0
0.0273077
0.0273077
0.0273077
0.0273077
0.0273077
0.0792775
0
0.0792775
0.0792775
0.0792775
0.0792775
0.0792775
0
0
0
0
0
0
0
0
0
0
0
0
0
0
0
0.09245
0.09245
0.09245
0
0
0
0
0
0
0
0
0
0
0
0
0
0
0
0
0
0
0
0
0
0.0792775
0.0792775
0.0792775
0.0792775
0.0792775
0.0540541
0.0792775
0
0
0
0
0.0819538
0
0
0
0
0
0
0
0
0
0
0.0949158
0.0949158
0.0949158
0.0949158
0
0
0
0
0
0
0.152499
0.152499
0.152499
0.152499
0.0949158
0.0949158
0.0949158
0.0949158
0.0949158
0.0949158
0.0949158
0.0949158
0.0949158
0.0949158
0.0949158
0.0949158
0.0949158
0.128037
0.128037
0.13484
0.128037
0.0949158
0.0949158
0.152499
0.152499
0.152499
0.152499
0.152499
0.152499
0.152499
0.152499
0.152499
0.333333
0.333333
0.333333
0.333333
0.333333
0.152499
0.152499
0.152499
0.152499
0.152499
0.152499
0
0
0
0
0
0
0
0
0
0.158114
0.158114
0.158114
0
0
0
0
0
0.162221
0.162221
0.158114
0.158114
0.158114
0.158114
0.235702
0
0
0
0.235702
0.235702
0.235702
0.235702
0.235702
0
0
0
0
0
0
0
0
0
0
0
0
0
0
0
0
0
0
0
0
0.158114
0.158114
0.158114
0.158114
0.158114
0.158114
0.158114
0
0.158114
0
0
0
0
0
0
0
0
0
0.158114
0.158114
0.158114
0.158114
0.158114
0.158114
0
0
0
0
0
0
0
0
0
0
0
0
0
0
0
0
0
0
0
0
0
0
0
0
0
0
0
0
0
0
0
0
0
0
0
0
0
0
0
0
0
0
0
0
0
0
0
0
0
0
0
0
0
0
0
0
0
0
0
0
0
0
0
0
0
0
0
0
0
0
0
0
0
0.0565912
0.0565912
0.0565912
0.0565912
0.0565912
0.0565912
0
0
0
0
0
0
0
0
0
0
0
0
0
0
0
0
0
0
0
0
0
0
0
0
0
0
0
0
0
0
0
0
0
0
0
0
0
0
0
0
0
0
0
0
0
0
0.0780076
0.0780076
0.0296826
0.0296826
0.0296826
0.0296826
0.0296826
0.0296826
0.0296826
0.0296826
0.0296826
0.0296826
0.0296826
0.0296826
0.0296826
0.0296826
0.0296826
0.0296826
0.0296826
0.0296826
0.0296826
0.0300692
0.0296826
0.0296826
0.0296826
0.0296826
0.0296826
0.0296826
0
0
0.0296826
0.0296826
0.0296826
0.0296826
0
0
0.028421
0.0270172
0.028421
0.028421
0.028421
0.028421
0.028421
0.028421
0.0300692
0
0.028421
0.028421
0.0270172
0.0270172
0.0270172
0.0270172
0.0270172
0.0270172
0.0288916
0.0288916
0.0288916
0.0288916
0.0288916
0.0288916
0
0.0270468
0.0283296
0
0
0
0
0.0296826
0.0288916
0
0.0270864
0.0270864
0.0270864
0.0270864
0.0270864
0.0270864
0.0270864
0.0270864
0.0270864
0.0270864
0.0270864
0.0270864
0.0270864
0.0270864
0
0
0
0
0.0293105
0
0.0272266
0.0272266
0.0272468
0.0292353
0.0298941
0.0444554
0.0273383
0.0273383
0.0298142
0.0273485
0
0.0273485
0.0271663
0
0.028183
0.0288315
0
0.0792775
0.0792775
0.0792775
0.0792775
0.0792775
0.0792775
0
0
0
0
0.0808746
0.0808746
0
0
0
0
0
0
0
0.080904
0
0
0.0280717
0.0280717
0.0792775
0.0792775
0.0792775
0.0792775
0.0271563
0.0280717
0
0.0271563
0.0271563
0.0271563
0.0288916
0
0
0
0.707107
0.707107
0.707107
0.707107
0.707107
0.707107
0.707107
0.707107
0.707107
0.707107
0
0
0.707107
0
0.0779813
0.0779813
0.0779813
0.0779813
0.0779813
0.0779813
0.0779813
0.0779813
0.0779813
0.0779813
0.0779813
0.0779813
0.0779813
0.0779813
0.0779813
0.0779813
0.0779813
0.0779813
0.0779813
0.0779813
0.0779813
0.0779813
0.0779813
0.0779813
0.0779813
0.0779813
0.0779813
0.0779813
0.0779813
0.0779813
0.0779813
0.0779813
0.0779813
0.0779813
0.0779813
0.0779813
0.0779813
0.0779813
0.0779813
0.0779813
0.0779813
0.0779813
0.0779813
0.0779813
0.0779813
0.0779813
0.0779813
0.0779813
0.0779813
0.0779813
0.0779813
0.0779813
0.0779813
0.0779813
0.0779813
0.0779813
0.0779813
0.0779813
0.0779813
0.0779813
0.0779813
0.0779813
0.0779813
0.0779813
0.0779813
0.0779813
0.0779813
0.0779813
0.0779813
0.0779813
0.0779813
0.0779813
0.0779813
0.0779813
0.0779813
0.0779813
0.0779813
0.0779813
0.0779813
0.0779813
0.0779813
0.0779813
0.0779813
0.0779813
0.0779813
0.0779813
0.0779813
0.0779813
0.0779813
0.0779813
0.0779813
0.0779813
0.0779813
0.0779813
0.0779813
0.0779813
0.0779813
0.0779813
0.0779813
0.0779813
0.0779813
0.0779813
0.0779813
0.0779813
0.0779813
0.0779813
0.0779813
0.0779813
0.0779813
0.0779813
0.0779813
0.0779813
0.0779813
0.0779813
0.0779813
0.0779813
0.0779813
0.0779813
0.0779813
0.0779813
0.0779813
0.0779813
0.0779813
0.0779813
0.0779813
0.0779813
0.0779813
0.0779813
0.0779813
0.0779813
0.0779813
0.0779813
0.0779813
0.0779813
0.0779813
0.0779813
0.0779813
0.0779813
0.0779813
0.0779813
0.0779813
0.0779813
0.0779813
0.0779813
0.0779813
0.0779813
0.0779813
0.0779813
0.0779813
0.0779813
0.0779813
0.0779813
0.0779813
0.0779813
0.0779813
0.0779813
0.0779813
0.0779813
0.0779813
0.0779813
0.0779813
0.0779813
0.0779813
0.0779813
0.0779813
0.0779813
0.0779813
0.0779813
0.0779813
0.0779813
0.0779813
0.0779813
0
0
0.0779813
0.0779813
0.0779813
0.0779813
0.0779813
0.0779813
0.0779813
0.0779813
0.0779813
0
0
0
0
0
0
0
0
0
0
0
0.0851257
0.0912871
0.0912871
0.0916698
0.57735
0
0
0
0
0
0
0
0
0
0
0
0
0
0
0
0
0
0.0409273
0
0.0409273
0.0409273
0
0
0
0
0.0296565
0
0.0296565
0.0779813
0.0779813
0.0551527
0.0309938
0.0309938
0
0
0
0.0309938
0.0296826
0
0
0.0296826
0.0296826
0.0296826
0.0296826
0.0296826
0.0296826
0.0296826
0
0.0298275
0.0296826
0.0779813
0.0779813
0
0.0547381
0
0.0779813
0.0779813
0.0779813
0.0779813
0.0779813
0.0779813
0.0779813
0.0779813
0
0
0
0
0.0779813
0
0
0
0
0
0
0
0.0779813
0.0779813
0.0779813
0.0779813
0.0779813
0.0779813
0.0779813
0.0779813
0.0779813
0.0779813
0.0779813
0.0779813
0.0779813
0
0
0
0
0
0
0
0.0779813
0
0.0312043
0
0
0
0
0
0
0
0
0
0
0
0
0
0
0
0
0
0
0
0
0
0
0.0316862
0
0.0336336
0
0
0
0
0
0
0
0
0
0
0
0
0.0318626
0.0318626
0.0327035
0.0327035
0
0
0
0
0
0.0327035
0
0
0
0
0
0
0
0
0
0
0
0
0
0
0
0
0
0
0
0
0
0
0
0
0
0
0
0
0
0.0304714
0.0304714
0.0304714
0.030015
0.030015
0.030015
0
0
0
0
0
0
0
0
0
0
0
0
0
0
0
0
0
0
0
0
0
0
0
0
0
0
0
0
0
0
0
0
0
0
0
0
0
0
0
0
0
0
0
0
0
0
0
0
0
0
0
0
0
0
0
0
0
0
0
0
0
0
0
0
0
0
0
0
0
0
0
0
0
0
0
0
0
0
0
0
0
0
0
0
0
0
0
0
0
0
0
0
0
0
0
0
0
0
0
0
0
0
0
0
0
0
0
0
0
0
0
0
0
0
0
0
0
0
0
0
0
0
0
0
0
0
0
0
0
0
0
0
0
0
0
0
0
0
0
0
0
0
0
0
0
0
0
0
0
0
0
0
0
0
0
0
0
0
0
0
0
0
0
0
0
0
0
0
0
0
0
0
0
0
0
0
0
0
0
0
0
0
0
0
0
0
0
0
0
0
0
0
0
0
0
0
0
0
0
0
0
0
0
0
0
0
0
0
0
0
0
0
0
0
0
0
0
0
0
0
0
0
0
0
0
0
0
0
0
0
0
0
0
0
0
0.0779813
0.0779813
0.0784599
0.0826349
0.0543326
0.0543326
0.144338
0.144338
0
0.0543326
0.0552368
0.0295786
0
0.0312195
0.0312195
0
0
0.0779813
0.0779813
0.0779813
0
0
0
0
0
0
0
0
0
0
0
0
0
0
0
0
0
0
0
0
0
0
0
0
0
0
0
0
0
0
0
0
0
0
0
0
0
0
0
0
0
0
0
0
0
0
0
0
0
0
0
0
0
0
0
0
0
0
0
0
0
0
0
0
0
0
0
0
0
0
0
0
0
0
0
0
0
0
0
0
0
0
0
0
0
0
0
0
0
0
0
0
0
0
0
0.0779813
0
0
0
0
0
0
0
0
0
0
0
0
0
0
0
0
0
0
0
0
0
0
0
0
0.0296826
0
0
0
0
0
0
0
0
0
0
0
0
0
0
0
0
0
0
0
0
0
0.0296826
0.0296826
0.0296826
0.0296826
0.0296826
0.0296826
0.0296826
0.0296826
0.0633724
0.0296826
0.707107
0.707107
0.707107
0
0
0
0
0
0
0
0
0
0
0
0
0
0
0
0
0
0
0
0
0
0
0
0
0
0
0
0
0
0
0
0
0
0
0
0
0
0
0
0
0
0
0
0
0
0.0271964
0.0271964
0.0271964
0.0271964
0.0271964
0.0271964
0
0.0271964
0.0271964
0
0
0
0
0.0271964
0.0271964
0.0271964
0.0271964
0.0271964
0.0271964
0
0.0271964
0.0271964
0.0271964
0.0271964
0.0273485
0.0273485
0.0273485
0.0273485
0.0273485
0.0271964
0.0271964
0.0271964
0.0281161
0.0271964
0
0
0
0
0
0
0
0
0
0
0
0
0
0
0
0
0
0
0
0
0
0
0
0
0
0
0
0
0
0
0
0
0
0
0
0
0
0
0
0
0
0
0
0
0
0
0
0
0
0
0
0
0
0
0
0
0
0
0
0
0
0
0
0
0
0
0
0
0.0779813
0
0
0
0
0
0
0
0
0
0
0
0
0
0
0
0
0
0
0
0
0
0
0
0
0
0
0
0
0
0
0
0
0.0779813
0.0779813
0.0779813
0.0779813
0.0779813
0.0779813
0
0
0
0
0
0
0
0
0
0
0
0
0
0
0
0
0
0
0
0
0
0
0
0
0
0
0
0.0779813
0.0779813
0.0779813
0.0779813
0.0779813
0.0779813
0
0
0
0
0
0
0
0
0
0
0.0779813
0.0779813
0
0
0.0782727
0.0863064
0.0863064
0
0
0
0
0
0
0
0
0
0
0
0
0
0
0
0
0
0
0
0
0
0
0
0
0
0
0
0
0
0
0
0
0
0
0
0
0
0
0
0
0
0
0
0
0
0
0
0
0
0
0
0
0
0
0
0
0
0
0
0
0
0
0
0
0
0.0780604
0.0780604
0.0780604
0
0
0
0
0
0
0
0
0
0
0
0
0
0
0
0
0
0
0
0
0
0
0
0
0
0
0
0.0779813
0.0779813
0.0779813
0.0779813
0.0779813
0.0779813
0.0779813
0.0779813
0.0779813
0.0779813
0.0779813
0.0779813
0.0779813
0.11547
0
0
0
0
0
0
0
0
0
0
0
0
0
0
0
0
0
0
0
0
0
0
0
0.031895
0
0
0.031895
0
0
0
0
0
0
0
0
0
0
0
0
0
0
0
0
0
0
0
0
0
0
0
0
0
0
0
0
0
0
0
0
0
0
0
0
0
0
0
0
0
0
0
0
0
0
0
0
0
0
0
0
0
0
0
0
0
0
0
0
0
0
0
0
0
0
0
0.0316703
0.0316703
0
0
0
0
0
0
0
0
0
0
0
0.0316703
0
0
0
0
0
0
0
0
0
0
0
0
0
0
0
0
0
0
0
0
0
0
0
0
0
0
0
0
0
0
0
0
0
0
0
0
0
0
0
0
0
0
0
0
0
0
0
0
0
0
0
0
0
0.0296826
0.0296826
0.0296695
0.0296695
0.0296695
0.0296695
0.0296695
0.0296695
0.0296695
0.0296695
0.0296695
0.0296695
0.0296826
0.0296826
0.0296826
0.0296826
0.0296826
0.0296826
0.0296826
0.0306858
0.0306858
0.0306858
0.0306858
0.0306858
0.0324785
0.0306858
0.0296826
0.0296826
0.0300692
0.0300692
0.0296826
0.0296826
0.0296695
0.0296695
0.0296695
0.0296695
0.0296695
0.0296695
0.0296695
0.0296695
0.0296695
0.0296695
0.0296695
0.0296695
0.0296695
0.0296695
0.0296695
0.0296695
0.0296695
0.0296695
0.0296695
0.0296695
0.0296695
0.0296695
0.0296695
0.0296695
0.0296695
0.0296695
0.0296695
0.0296695
0
0
0
0
0
0
0
0.0298142
0.0779813
0.0779813
0.0779813
0.0779813
0.0779813
0.0779813
0.0779813
0.0779813
0.0779813
0.0779813
0.0779813
0.0779813
0.0779813
0.0779813
0.0779813
0.0779813
0.0779813
0.0779813
0.0779813
0.0779813
0.0779813
0.0779813
0.0779813
0.0779813
0.0779813
0.0779813
0.0779813
0.0779813
0.0779813
0.0779813
0.0779813
0.0779813
0.0779813
0.0779813
0.0779813
0.0779813
0.0779813
0.0779813
0.0779813
0.0779813
0.0779813
0.0779813
0.0779813
0.0779813
0.0779813
0.0779813
0.0779813
0.0779813
0.0779813
0.0779813
0.0779813
0.0779813
0.0779813
0.0779813
0.0779813
0
0
0.0782727
0
0
0
0
0.0782727
0.0782727
0.0782727
0.0782727
0.0782727
0.0782727
0
0
0
0
0
0
0
0.0782727
0.0782727
0.0782727
0
0
0
0
0
0
0
0
0
0
0.0782727
0.0782727
0.0782727
0.0782727
0.0782727
0
0
0
0
0
0
0
0
0
0
0
0
0
0
0
0
0
0
0
0
0
0
0
0
0
0
0
0
0
0
0
0
0
0
0.0782727
0.0782727
0.0782727
0.0782727
0
0
0
0
0
0
0
0
0
0.0782727
0
0
0
0
0
0
0
0
0
0
0
0
0
0
0
0
0
0
0
0
0
0
0
0
0
0
0
0
0
0
0
0
0
0
0
0
0
0
0
0
0
0
0
0.0782727
0.0782727
0.0782727
0.0782727
0.0782727
0.0782727
0
0
0
0
0
0
0
0
0
0
0
0
0
0
0
0.0782727
0.0782727
0.0782727
0.0782727
0.0782727
0.0782727
0.0782727
0.0782727
0
0
0.0782727
0
0
0
0
0
0
0
0
0
0
0
0
0
0
0
0
0
0
0
0
0
0
0
0
0
0
0
0
0
0
0
0
0
0
0
0
0
0
0
0
0
0
0
0
0
0
0
0
0
0
0
0
0
0
0
0
0
0
0
0
0
0
0
0
0
0
0
0
0
0
0
0
0
0
0
0
0
0
0
0
0
0
0
0
0
0
0
0
0
0
0
0
0
0
0
0
0
0
0
0
0
0
0
0
0
0
0
0
0
0
0
0
0
0
0
0
0
0
0
0
0
0
0
0
0
0
0
0
0
0
0
0
0
0
0
0.0780076
0
0
0
0
0
0
0
0
0
0
0
0
0
0
0
0
0
0
0
0
0
0
0
0
0
0
0
0
0
0
0
0
0
0
0
0
0
0
0.0288916
0
0
0
0
0
0
0
0
0
0
0
0
0
0
0
0
0
0
0.0792775
0.0792775
0.0792775
0.0792775
0.0792775
0.0792775
0
0.0299342
0.0299342
0.0299342
0.0299342
0.0299342
0.0299342
0.0299342
0.0299342
0.0299342
0.0299342
0.0299342
0.0299342
0.0299342
0.0299342
0.0299342
0.0299342
0.0299342
0.0299342
0
0
0
0.0299342
0.0299342
0.0299342
0.0299342
0.0299342
0
0.0299342
0.0299342
0.0299342
0.0299342
0.0299342
0.0299342
0.0299342
0.0299342
0
0.0299342
0.0299342
0
0
0
0
0
0
0
0
0
0
0
0.0307583
0
0
0
0.0307583
0.0307583
0
0
0
0
0
0
0
0
0
0
0
0
0
0
0
0
0
0
0
0
0
0
0
0
0
0
0
0
0
0
0
0
0
0
0
0
0
0
0
0
0
0
0
0
0
0
0
0
0
0
0
0
0
0
0
0
0
0
0
0
0.0766965
0.0766965
0.0766965
0.0766965
0.0766965
0.0766965
0
0
0.0766965
0.0766965
0.0766965
0.0766965
0.0766965
0.0766965
0.179605
0.0766965
0.0766965
0.0890871
0
0
0
0
0.0766965
0.0766965
0
0
0.179605
0
0.0766965
0
0.0766965
0.0766965
0
0
0
0
0
0
0
0
0
0
0
0
0
0
0
0
0
0
0
0
0
0
0
0
0
0
0
0
0
0
0
0
0
0
0
0
0.0336527
0.0336527
0.0336527
0.0336527
0.0336527
0.0336527
0.0336527
0.0336527
0
0
0.0336527
0.0336527
0.0336527
0.0336527
0.0336527
0.0336527
0.0336527
0
0.0336527
0
0.0336527
0.0336527
0
0
0
0
0
0
0
0
0
0.0336527
0
0.0336527
0
0
0
0.0336527
0
0
0.0336527
0.0336527
0.0336527
0.0336527
0
0.0336527
0.0336527
0
0
0
0
0
0
0
0
0
0
0
0
0
0
0
0
0
0
0
0
0
0
0
0
0
0
0
0
0
0
0
0
0
0
0
0
0
0
0
0
0
0
0
0
0
0
0
0
0
0
0
0
0
0
0
0
0
0
0
0
0
0
0
0
0
0
0
0
0
0
0
0
0
0
0
0
0
0
0
0
0
0
0
0
0
0
0
0
0.0299342
0
0.0299342
0
0
0
0.0332964
0
0.0332964
0.0332964
0
0
0
0
0
0
0
0
0
0
0
0
0
0
0
0
0
0
0
0
0
0
0
0
0
0.0766965
0.0336527
0.0336527
0.0336527
0.0336527
0.0336527
0.0336527
0.0336527
0.0318465
0.0318465
0.0766965
0
0.0318465
0.0745356
0.0318465
0.0318465
0.0318465
0
0
0
0
0
0
0
0
0
0
0
0
0
0
0
0
0
0
0
0
0
0
0.0314347
0
0
0
0
0
0
0
0.0327035
0.0327035
0
0.0327737
0.0327737
0.0327737
0.0327737
0.0327737
0.0327737
0.0327737
0.0327737
0.0327737
0.0327737
0.0327737
0.0327737
0.0327737
0.0327737
0.0327737
0.0327737
0.0327737
0.0327737
0
0.0327737
0
0
0
0
0
0
0
0
0
0
0
0
0
0
0
0
0
0
0
0
0
0
0.0299342
0.0299342
0.0299342
0.0299342
0
0
0
0
0
0
0
0
0
0
0
0
0
0
0
0
0
0
0
0
0
0
0
0
0
0
0
0
0
0
0
0
0
0
0
0
0
0
0.0336527
0.0336527
0.0336527
0.0336527
0.0336527
0
0
0
0
0.0336527
0.0336527
0.0336527
0.0336527
0
0.03371
0
0
0
0.0336527
0
0.0336527
0.0336527
0.0766965
0
0
0
0
0
0
0
0
0.0766965
0.0322917
0.0322917
0.0322917
0
0
0
0
0
0
0.0324614
0
0
0
0
0
0
0
0
0
0
0
0
0
0.0320092
0
0.032075
0
0.0321081
0.0321081
0.0321081
0
0
0.0321081
0
0
0.0321081
0.0320092
0
0.0321911
0
0
0.0321911
0
0
0.0321911
0
0
0.0321911
0.0321911
0.0321911
0
0
0.0321911
0
0.0321911
0
0.0316544
0
0.0316544
0.0316544
0
0
0
0
0
0
0
0
0
0.0316544
0
0
0
0
0
0
0
0
0
0
0
0
0
0
0
0
0
0
0
0
0
0
0
0
0
0
0
0
0
0
0
0
0
0
0
0
0
0
0
0
0
0
0
0
0
0
0
0
0
0
0
0
0
0
0
0
0
0
0
0
0
0
0
0
0
0
0
0
0
0
0
0
0
0
0
0
0
0
0
0
0
0
0
0
0
0
0
0
0
0
0
0
0
0
0
0
0
0
0
0
0
0
0
0
0
0
0
0
0
0
0
0
0
0
0
0
0
0
0
0
0
0
0
0
0
0
0
0
0
0
0
0
0
0
0
0
0
0
0
0
0
0
0
0
0
0
0
0
0
0
0
0
0
0
0
0
0
0
0
0
0
0
0
0
0
0
0
0
0
0
0
0
0
0
0.0331133
0
0.0315912
0
0
0
0.0304855
0.030415
0.030415
0.030415
0
0
0.031497
0.031497
0
0
0.0299342
0.0299342
0.031497
0.031497
0.031497
0.031497
0.031497
0
0
0
0.031497
0.0299342
0
0.0299342
0.0299342
0
0.0299342
0.0299342
0.0299342
0.0299342
0.0299342
0.0299342
0
0
0.0299342
0.0299342
0.0299342
0.0299342
0.0299342
0.0299342
0.0299342
0.0299342
0.0299342
0.0299342
0.0299342
0.0299342
0.0299342
0.0299342
0.0299342
0.0299342
0.0299342
0.0299342
0.0299342
0.0299342
0.0299342
0.0299342
0.0299342
0.0782727
0.0782727
0.0782727
0.0782727
0.0782727
0.0782727
0.0782727
0.0782727
0.0782727
0.0782727
0.0782727
0.0782727
0.0782727
0.0782727
0.0782727
0.0299342
0.0299342
0.0299342
0.0299342
0
0.0299342
0.0299342
0.0299342
0.0299342
0.0299342
0
0
0
0.0782727
0.0782727
0.0782727
0.0782727
0.0299342
0.0299342
0.0782727
0.0782727
0.0299342
0.0782727
0.0533761
0.0533761
0.0782727
0.0782727
0.0782727
0.0782727
0.0782727
0.0782727
0.0299342
0.0299342
0.0299342
0.0299342
0.0299342
0.0299342
0.0299342
0.0299342
0
0.0299342
0.0299342
0.0299342
0.0299342
0.0299342
0
0
0
0
0
0
0.0299342
0.0782727
0.0782727
0.0782727
0.0309789
0.0782727
0.0785136
0
0
0
0
0
0
0
0
0
0
0
0
0
0
0
0
0
0
0
0
0
0
0
0
0
0
0
0
0
0
0
0
0
0
0
0
0
0
0
0
0
0
0
0
0
0.109109
0
0
0
0
0
0
0
0.328798
0
0
0
0
0
0
0
0
0
0
0
0
0
0
0
0
0
0
0
0
0
0
0
0
0
0
0
0
0
0
0
0
0
0
0
0
0
0
0
0
0
0
0
0
0
0
0
0
0
0
0
0
0
0
0
0
0
0
0
0
0
0
0
0
0
0
0
0
0
0
0
0
0.0791946
0
0
0
0
0.0584705
0
0
0
0
0
0
0
0
0
0
0
0
0
0
0
0
0
0
0
0
0
0
0.0782727
0.0782727
0
0
0
0
0
0
0
0
0
0.0299342
0.0299342
0.0299342
0.0299342
0.0299342
0.0299342
0.0299342
0.0299342
0.0299342
0.0299342
0.0299342
0
0
0
0.0307583
0.0307583
0
0
0
0
0
0
0
0
0
0
0
0
0
0
0
0
0
0
0
0
0
0
0
0
0
0
0
0
0.0305995
0.0305995
0
0.0305995
0
0.0299342
0.0303728
0
0.0308754
0
0
0
0
0.0299342
0
0
0
0
0.0299342
0.0299342
0.0299342
0.0299342
0.0299342
0.03253
0.03253
0.03253
0.0299342
0.030015
0
0
0
0.0299342
0.030015
0
0
0
0
0
0
0
0
0
0
0
0
0
0
0
0
0
0
0
0
0
0
0
0
0
0
0
0
0
0
0
0
0
0
0
0
0
0
0
0
0
0
0
0
0
0
0
0
0
0
0
0
0
0
0
0
0
0
0
0
0
0
0
0
0
0
0
0
0.0336527
0.0336527
0.0336527
0.0336527
0.0336527
0.0336527
0
0
0
0
0
0
0
0
0
0
0
0.0299342
0.0335201
0
0.0336527
0
0
0
0.0336146
0.0304714
0.0391031
0.0337676
0.030015
0.030303
0.0337676
0
0
0
0
0
0
0
0
0
0
0
0
0
0
0
0
0.0299342
0.0299342
0.0300285
0.030015
0.0299342
0
0
0
0
0
0
0
0
0
0
0.030015
0.0890871
0.0890871
0.0890871
0.0300557
0
0
0
0
0
0
0
0
0.5
0.0300557
0
0
0
0
0
0
0
0.0311588
0.031174
0
0.0408248
0.0408589
0
0
0
0
0
0
0
0
0
0
0
0
0
0
0
0
0
0
0
0
0
0
0.0299342
0
0
0
0.0299342
0.0299342
0.0304714
0.039375
0.0327913
0.0314347
0.0314347
0.0314347
0.0314347
0.0314347
0
0
0
0.0337292
0.03371
0.0317021
0.0317021
0.078811
0.0317021
0
0
0.0327035
0.0327035
0.0327035
0.0327035
0
0
0
0
0.0299342
0.0299342
0.0299342
0.0299342
0.0299342
0.0299342
0.0299342
0.0299342
0.0299342
0.0299342
0.0299342
0.0299342
0.0299342
0.0299342
0.0299342
0.0299342
0.0299342
0.0299342
0.0299342
0.0299342
0.0299342
0
0.0299342
0.0329154
0.0299342
0.0299342
0.0299342
0.0299342
0.0299342
0.0299342
0.0299342
0.0299342
0.0299342
0.0299342
0.0299342
0.0299342
0
0
0
0
0
0.0319275
0.0319275
0
0
0
0
0
0
0
0
0
0
0
0
0
0
0
0
0
0
0.0315127
0.0315127
0.0315127
0.0315127
0
0
0
0
0.0316703
0.0316703
0.0316703
0
0
0
0
0
0.0316703
0.0317181
0.0316703
0.0316703
0.0316703
0.0316703
0.0316703
0.0327561
0.0327561
0.0331497
0
0
0.0327561
0.0327561
0.0327561
0.0327561
0.0330409
0.0330409
0.0299342
0.0299342
0.0299342
0
0.0299342
0.0299342
0.0299342
0.0299342
0
0
0
0.0299342
0.0299342
0.0299342
0.0299342
0.0299342
0.0299342
0.0299342
0.0299342
0.0299342
0.0299342
0.0299342
0
0
0.0299342
0.0299342
0.0299342
0.0315127
0.0320421
0.031544
0.0299342
0.0299342
0
0
0.0327737
0.0327737
0.0331497
0.0331497
0.0331497
0.0299342
0.0299342
0.0299342
0.0299342
0.0299342
0.0299342
0.0299342
0
0
0
0
0.0299342
0.0299342
0.0299342
0.0329154
0
0
0.0329154
0.0329154
0.0329154
0.0299342
0.0299342
0.0329154
0.0329154
0
0
0
0
0
0.0299342
0.0299342
0.0299342
0.0299342
0.0332045
0.0332045
0.0332045
0
0.0332045
0.0301923
0
0
0
0
0.0301923
0.0301923
0.0301923
0.0301923
0
0
0
0
0
0
0
0.0301923
0
0.0301923
0
0
0
0.0299342
0.0299342
0.0299342
0.0299342
0.0299342
0.0299342
0.0299342
0.0299342
0.0299342
0.0299342
0
0.0299342
0.0299342
0.0299342
0.0299342
0.0299342
0.0299342
0.0299342
0
0.0299342
0.029988
0.0299342
0.0299342
0.0299342
0
0
0
0.0299342
0.0299342
0
0
0
0
0
0.031497
0
0
0
0
0.031497
0.0336527
0
0
0
0.0336527
0
0
0
0
0
0
0
0.0336527
0.0336527
0.0336527
0
0
0
0
0
0
0
0
0
0
0
0
0
0
0
0
0
0
0
0
0
0
0
0
0
0
0
0
0
0
0
0
0
0
0
0
0
0
0
0
0
0
0
0
0
0
0
0
0
0
0
0
0
0
0
0
0
0
0
0
0
0
0
0
0
0
0
0
0
0
0
0
0.0890871
0.0890871
0.0890871
0.0890871
0
0
0
0
0
0
0
0
0
0
0
0
0
0
0
0
0
0
0
0
0
0
0
0
0
0.0307583
0.0307583
0.0307583
0.0307583
0
0
0
0
0
0
0
0
0
0
0
0
0
0
0
0
0
0
0
0
0
0
0
0
0
0
0
0
0
0
0
0
0
0
0
0
0
0
0
0
0
0
0
0
0
0
0
0
0
0
0
0
0
0
0
0
0
0
0
0
0
0
0
0
0
0.0300692
0.0299342
0
0
0
0
0.0299342
0.0299342
0.0299342
0.0299342
0.0782727
0.0791946
0.0791946
0.103944
0.103944
0.0791946
0.0298674
0.0298674
0
0.0298807
0.0298807
0.0298674
0
0
0
0
0
0
0
0
0
0
0
0
0
0
0
0
0
0
0
0
0
0
0
0
0.0782727
0.0782727
0.0782727
0.0782727
0.0782727
0.0782727
0.0782727
0.0782727
0
0
0
0
0
0.0782727
0
0.0782727
0.0782727
0.0782727
0.0782727
0.0798369
0
0
0
0
0.371391
0.371391
0.371391
0
0.371391
0.371391
0.371391
0.371391
0.371391
0.371391
0.371391
0
0
0
0
0
0
0
0
0
0.0535288
0.0535288
0.0535288
0
0
0
0
0
0
0
0
0
0
0
0
0.0533761
0.0533761
0.0533761
0
0
0
0.0533761
0.0533761
0.0533761
0.0533761
0
0
0
0.0533761
0.0533761
0.0533761
0.0533761
0.0562099
0
0.0533761
0.0533761
0.0533761
0.03125
0.03125
0.0533761
0.0533761
0.0533761
0.0533761
0.0533761
0.0769231
0.0769231
0.0769231
0.0769231
0
0.0769231
0.0648204
0.0648204
0.0648204
0.0648204
0.057639
0
0
0
0
0
0
0
0
0
0
0
0
0
0.0783528
0
0
0
0
0
0
0
0
0
0
0
0
0
0
0
0.0299208
0
0
0
0
0
0
0
0
0
0.051031
0.051031
0.0529256
0.051031
0.13901
0.066519
0.066519
0
0
0
0
0
0
0
0
0
0
0
0
0
0
0
0
0
0
0
0
0.320256
0.320256
0.320256
0.320256
0.371391
0.371391
0.371391
0.371391
0.371391
0.320256
0.320256
0.320256
0
0.320256
0
0.320256
0
0
0
0
0.0313266
0.0313266
0.0313266
0.0313266
0.0313266
0.0313266
0.0313266
0.034401
0.034401
0.0313266
0
0
0
0
0
0
0.0782727
0.0782727
0.115663
0
0
0
0.0791946
0.0798369
0.13901
0.13901
0
0
0
0
0.371391
0
0
0
0
0.0534713
0.0535288
0
0
0
0.057639
0
0
0
0
0
0.0533761
0
0.0299208
0
0.0769231
0
0
0.0783528
0
0
0
0
0.051031
0.0782727
0.066519
0
0
0.320256
0.0313266
0.0313266
0.0313266
0.0313266
0
0
0
0
0.0782727
0.0782727
0.0782727
0.0782727
0.0782727
0.0782727
0.0782727
0
0
0.5
0
0
0.5
0.5
0
0
0
0.5
0
0
0
0.5
0
0
0
0
0
0
0
0
0
0
0
0
0
0
0
0
0
0
0
0
0
0
0
0
0
0
0
0
0
0
0
0
0
0
0
0
0
0
0
0
0
0
0
0
0
0
0
0
0
0
0
0
0
0
0
0
0
0
0
0
0
0
0
0
0
0
0
0
0
0
0
0
0
0
0
0
0
0
0.0533761
0.0533761
0.0533761
0
0
0
0
0
0
0
0.0782727
0.0782727
0.0782727
0.0782727
0.0782727
0.0782727
0.0782727
0.0782727
0.0782727
0.0782727
0.0782727
0.0782727
0.0782727
0.0782727
0.0782727
0.0782727
0.0782727
0.0782727
0.0782727
0.0782727
0.0782727
0.0782727
0.0782727
0.0782727
0.0782727
0.0782727
0.0782727
0.0782727
0.0782727
0.0782727
0.0782727
0.0782727
0.0782727
0.0782727
0.0782727
0.0782727
0.0782727
0.0782727
0.0782727
0.0782727
0.0782727
0.0782727
0.0782727
0.0782727
0.0782727
0.0782727
0.0782727
0.0782727
0.0782727
0.0782727
0.0782727
0.0782727
0.0782727
0.0782727
0
0.0782727
0.0782727
0.0782727
0.0782727
0.0782727
0.04222
0.0782727
0.0782727
0.0782727
0.0782727
0.0782727
0.0782727
0.0782727
0.0782727
0.0782727
0.0782727
0.0782727
0.0782727
0.0782727
0.0782727
0.0782727
0.0782727
0
0
0.0782727
0.0782727
0.0782727
0.0782727
0.0782727
0
0
0.0782727
0.0782727
0.0782727
0.0782727
0.0782727
0.0302752
0.0302752
0.0302752
0.0302752
0.0308313
0.0308313
0.0302752
0.0302752
0.0302752
0.0302752
0.0302752
0.0303309
0
0.0303309
0.0304431
0.030429
0.030429
0.0304431
0.030429
0.030429
0
0.030429
0.0459315
0.0308754
0.0308754
0
0.0309344
0.0309344
0.0316386
0.0317021
0.0317021
0.0450377
0.0317021
0
0
0
0
0
0
0
0
0.0302752
0.0307583
0.0307875
0.0315597
0.0315597
0.0315597
0.0315597
0
0
0.0323932
0.0671156
0.0307875
0.0565912
0.0565912
0.0565912
0.0565912
0.0457389
0
0
0
0
0
0
0
0
0
0
0
0
0
0
0
0
0
0
0
0
0
0
0
0
0
0
0
0
0
0
0
0
0
0
0
0
0
0
0
0
0
0
0
0
0
0.0779813
0.0779813
0.0779813
0.0779813
0.0779813
0.0779813
0
0
0
0
0.0779813
0
0
0
0
0
0
0
0
0
0
0
0
0
0
0.0288916
0
0
0
0
0
0
0
0
0
0
0
0
0
0
0
0
0
0
0
0
0
0
0
0
0
0
0
0
0
0
0
0
0
0
0
0
0
0
0
0
0
0.086711
0.086711
0.086711
0.086711
0.086711
0.086711
0
0
0.0281161
0.0286652
0.0286652
0.0286652
0.0288675
0.04222
0.04222
0
0
0
0
0
0
0.0303588
0.0303588
0.0303588
0.0303588
0.0303588
0.0303588
0.0303588
0.0303588
0.0303588
0.0303588
0.0303588
0.0303588
0.0303588
0.0303588
0.0303588
0.0303588
0.0303588
0
0
0.0343199
0.0343199
0.0547997
0.0547997
0.0547997
0.0547997
0.0547997
0.0547997
0.0547997
0.0547997
0.0547997
0.0547997
0.0547997
0.0547997
0.0547997
0.0547997
0.0547997
0.0547997
0.0547997
0.0547997
0.0547997
0.0547997
0.0547997
0.0547997
0.0547997
0.0547997
0.0547997
0.0547997
0.0547997
0.0547997
0.0547997
0
0
0.0303588
0.0303588
0.0303588
0.0303588
0.0303588
0.0303588
0.0309196
0.0303588
0.0303588
0.0303588
0.030415
0.030415
0.030415
0.030415
0.030415
0.030415
0.030415
0.030415
0.030415
0.030415
0.0303588
0.0303588
0.0303588
0.0303588
0.0303588
0.0309196
0.0303588
0.0303588
0.0303588
0.030429
0.030429
0
0.0305566
0.0305566
0.0305566
0
0.0305566
0.0305566
0.0305566
0.0305566
0.0305566
0
0.0303588
0.0303588
0.0303588
0.030415
0.030415
0.0305566
0
0.0305566
0.0305566
0
0
0
0
0
0
0
0
0
0
0
0
0
0
0
0
0
0
0.031607
0.0316228
0
0
0
0
0.0317181
0.0317181
0.0317181
0
0
0
0.03849
0.03849
0.03849
0
0
0
0
0
0
0
0
0
0
0
0
0
0
0
0
0
0
0
0
0
0
0
0
0
0
0
0
0
0
0
0
0
0
0
0
0
0
0
0
0
0
0
0
0
0
0
0
0
0
0
0
0
0
0
0
0
0
0
0
0
0
0
0
0
0
0
0
0
0
0
0
0
0
0
0
0
0
0
0
0
0
0
0
0
0
0
0
0
0
0
0
0
0
0
0
0
0.0305566
0.0305566
0.030429
0.030429
0
0
0
0
0
0
0
0
0
0
0.0303588
0.0303588
0.0306282
0.0303588
0.0306282
0.0306282
0
0.0306282
0.0681994
0
0
0
0
0.0681994
0.0306282
0.0306282
0
0
0
0
0
0
0
0
0
0
0
0
0
0
0
0
0
0
0
0
0
0
0
0
0
0
0
0
0
0
0
0
0
0
0
0
0
0
0
0
0
0
0
0
0
0
0
0
0
0
0
0
0
0
0
0
0
0
0
0
0
0
0
0
0
0
0
0
0
0
0
0
0
0
0
0
0
0
0
0
0
0
0
0
0
0
0
0
0
0
0
0
0
0
0
0
0
0
0
0
0
0
0
0
0
0
0
0
0
0
0
0
0
0
0.030415
0.030415
0.0304997
0.0307729
0.0307729
0
0
0
0
0
0
0.0307729
0.0307729
0.0317181
0
0.031895
0.031895
0.031895
0.031895
0
0
0.031895
0.031895
0.031895
0.031895
0.031895
0.0319113
0.0319113
0.0800641
0
0.0808452
0.0851257
0
0.031895
0.0808452
0.0808452
0
0
0
0
0.0909091
0
0
0
0
0
0.03849
0.03849
0.03849
0.03849
0.03849
0.0404888
0.0404888
0.0404888
0.0404888
0.0404888
0.0405554
0.0404888
0
0.0418121
0.0595491
0
0.03849
0.03849
0
0
0
0
0
0
0
0
0
0
0
0
0.0305566
0.0305566
0.0305566
0.0305566
0.0316544
0.0316544
0
0.0316544
0
0
0
0
0
0
0
0
0
0
0
0.0316544
0.0316703
0.0305566
0
0
0
0
0
0
0
0
0
0
0
0
0
0
0
0
0
0
0
0
0
0
0
0
0
0
0
0
0
0
0
0
0
0
0
0
0
0
0
0
0
0
0
0
0
0
0
0
0
0
0
0
0
0
0
0
0
0
0
0
0
0
0
0
0
0
0
0
0
0
0
0
0
0
0
0
0
0
0
0
0
0.0307438
0.0307438
0.140028
0.0307438
0
0
0
0
0
0
0.0316544
0.0316544
0.0311588
0.0311588
0.0306282
0.0306282
0.0306282
0
0
0
0
0
0
0
0.0306282
0.066519
0.0306282
0
0
0
0
0.0306714
0
0
0
0
0
0
0
0
0
0
0
0
0
0
0
0
0
0
0
0
0
0
0
0
0
0
0
0
0
0
0
0
0
0
0
0
0
0
0
0
0
0
0
0
0
0
0
0
0
0
0
0
0
0
0
0
0
0
0
0
0
0
0
0
0
0
0
0
0
0
0
0
0
0
0
0
0
0
0
0
0
0
0
0
0
0
0
0
0
0
0
0
0
0
0
0
0
0
0
0
0
0
0
0
0
0
0
0
0
0
0
0
0
0
0
0
0
0
0
0
0
0
0
0
0
0
0
0
0
0
0
0
0
0
0
0
0
0
0
0
0
0
0
0
0
0
0
0
0
0
0
0
0
0
0
0
0
0
0
0
0
0
0
0
0
0
0
0
0
0
0
0
0
0
0
0
0
0
0
0
0
0
0
0
0
0
0
0
0
0
0
0
0
0
0
0
0
0
0
0
0
0
0
0
0
0
0
0.0779813
0.0779813
0.0779813
0.0779813
0.0779813
0.0779813
0.0779813
0.0779813
0.0779813
0
0
0
0.0779813
0
0
0
0.0288916
0.0288916
0.0288916
0.0288916
0.0288916
0.0288916
0.0288916
0
0.0288916
0.0288916
0.0288916
0
0
0
0
0
0
0
0.0779813
0.0779813
0.0779813
0.0779813
0
0
0
0
0
0
0
0
0
0
0.0779813
0.0779813
0.0779813
0.0779813
0.0779813
0.0779813
0.0455016
0.0455016
0.116248
0
0
0.0455016
0
0
0
0
0
0.0782727
0.0840663
0.053936
0.056299
0
0
0
0.0538577
0.0538577
0.04598
0.0460287
0.04598
0.0538577
0.0288916
0.0288916
0.0288916
0.0288916
0.0288916
0.0288916
0.0288916
0.0288916
0.0288916
0.0288916
0.0288916
0.0288916
0.0288916
0.0288916
0
0
0
0.0288916
0.0288916
0.0288916
0.0288916
0.0288916
0.0288916
0.0288916
0.0288916
0
0.0288916
0.0288916
0.0288916
0.0288916
0.0288916
0.0288916
0.0288916
0.0288916
0.0288916
0.0288916
0.0288916
0.0288916
0.0288916
0
0
0
0
0
0
0
0
0
0
0
0
0
0
0
0
0
0
0
0
0
0
0
0
0
0
0
0
0
0
0
0
0
0
0
0
0
0
0
0
0
0
0
0
0
0
0
0
0
0
0
0
0
0
0
0
0
0
0
0
0
0
0
0
0
0
0
0
0
0
0
0
0
0
0
0
0
0.0303588
0.0303588
0
0
0.0303588
0
0
0.0303588
0.0303588
0.154303
0.154303
0.154303
0.154303
0
0.154303
0.154303
0.154303
0.154303
0.154303
0.154303
0
0
0
0
0
0
0
0
0
0.154303
0.154303
0
0.156174
0.156174
0
0
0
0
0
0
0
0.156174
0.156174
0.164399
0.162221
0.162221
0.154303
0.154303
0.154303
0.154303
0.154303
0.156174
0.154303
0.154303
0.154303
0.154303
0
0
0
0
0
0
0
0
0
0
0
0
0
0
0
0
0
0
0
0
0
0
0
0
0
0
0
0
0
0
0
0
0
0
0
0
0
0
0
0
0
0
0
0
0
0
0
0
0
0
0
0
0
0
0
0
0
0
0
0
0
0
0
0
0
0
0
0
0
0
0
0
0
0
0
0
0
0
0
0
0
0
0
0
0
0
0
0
0
0
0
0
0
0
0
0
0
0
0
0
0
0
0
0
0
0
0
0
0
0
0
0
0
0
0.0779813
0.0455016
0
0
0
0.0455016
0
0.0455016
0.0455016
0.0455016
0.0455488
0.0455488
0
0.0455488
0
0
0
0.0455016
0.0455016
0.0455016
0
0.0455016
0
0.0455016
0
0.0455016
0.0455016
0.0455016
0
0.0455016
0
0.0455016
0
0.0455016
0.0455016
0.0455016
0.0455016
0.0455016
0.0288916
0.0288916
0.0288916
0.0288916
0.0288916
0.0288916
0.0288916
0.0288916
0.0288916
0.0288916
0.0288916
0.0288916
0.0288916
0.0288916
0.0288916
0.0288916
0
0.0288916
0.0406894
0.0406894
0.0406894
0.0406894
0.0406894
0
0
0
0
0
0
0
0
0.0292353
0
0
0
0
0.0293105
0
0.0288916
0.0288916
0
0
0
0.0288916
0
0
0
0
0
0
0
0
0
0
0
0
0
0
0
0
0
0
0
0
0
0.0288916
0.0288916
0.0288916
0.0288916
0.0288916
0.0288916
0.0288916
0
0.0288916
0.0288916
0
0
0
0
0
0
0
0
0
0
0
0
0
0
0
0
0
0
0
0
0
0
0
0
0
0
0
0
0
0
0
0
0
0
0
0
0
0
0
0
0.0288916
0.0406894
0.0406894
0.0406894
0.0406894
0.0406894
0.0406894
0.0406894
0.0406894
0
0
0
0
0.0782727
0.0782727
0
0
0
0
0
0
0
0
0
0.0461757
0.0461757
0.0461757
0.0461757
0.0461757
0.0461757
0.0461757
0.0461757
0.0461757
0.0461757
0.0461757
0.0461757
0.0461757
0.0461757
0.0461757
0.0461757
0.0461757
0
0
0
0
0
0
0
0
0
0
0
0
0.0461757
0.0461757
0.0461757
0.0461757
0.196116
0.196116
0.196116
0.196116
0.196116
0.196116
0.196116
0.196116
0.196116
0.301511
0.333333
0.333333
0.333333
0.196116
0.196116
0.196116
0
0
0
0
0
0
0
0
0
0
0
0
0
0
0.0565912
0.0565912
0
0
0
0
0
0
0
0
0
0
0
0
0
0
0
0
0
0
0
0
0
0
0
0
0
0
0
0
0
0
0
0
0
0
0
0
0
0
0
0
0
0
0.0288916
0
0
0
0.154303
0.154303
0.154303
0.154303
0
0
0
0.154303
0.156174
0.154303
0
0.154303
0.154303
0.158114
0.154303
0.154303
0.316228
0.316228
0
0
0
0
0
0.316228
0.316228
0.316228
0.316228
0.316228
0.316228
0.316228
0.316228
0.316228
0.316228
0.174078
0.154303
0.160128
0
0.160128
0.160128
0
0
0
0
0
0.160128
0.160128
0
0
0
0.160128
0.166667
0.166667
0.166667
0.166667
0.166667
0.169031
0.166667
0.166667
0.316228
0.377964
0.377964
0.377964
0.377964
0.316228
0.174078
0.174078
0.174078
0
0.176777
0.179605
0
0.174078
0.174078
0
0
0
0
0
0
0.174078
0.174078
0
0.174078
0.154303
0.0288916
0
0
0.0288916
0.0288916
0.0288916
0.0288916
0.0288916
0.0288916
0.0288916
0.0288916
0.0288916
0
0
0
0
0.0288916
0.0288916
0.0288916
0.0288916
0
0.0288916
0.0512316
0.0288916
0.0288916
0.0288916
0.0288916
0.0288916
0.0288916
0.0288916
0.0296826
0.0288916
0
0.0288916
0.0288916
0.0288916
0.0288916
0.0288916
0.0288916
0.0288916
0.0288916
0.0288916
0.0288916
0.0288916
0.0288916
0.0288916
0
0
0
0
0
0
0
0
0
0
0
0
0
0
0
0
0
0
0
0
0
0
0
0.0288916
0.0288916
0.0288916
0.0288916
0
0
0.0292603
0.0292603
0.0310985
0.0310985
0
0
0
0
0
0
0
0
0
0
0
0
0
0
0
0
0
0
0
0
0
0
0
0
0
0
0
0
0
0
0
0
0
0
0
0
0
0
0.0307438
0.0307438
0.0307438
0
0
0
0
0
0.0297878
0.0297878
0.0336146
0
0
0.0329511
0.0329511
0
0.0288916
0.0288916
0.0288916
0
0
0
0
0.0288916
0
0
0
0
0
0
0
0
0
0
0
0
0
0.0299074
0.0299074
0.0369358
0.0369358
0.0369358
0
0.0369358
0.0369358
0.0489702
0.0369358
0.0369358
0.050637
0.050637
0.050637
0
0
0
0
0
0.0299074
0
0
0
0
0
0
0
0
0
0
0
0
0
0
0.0336146
0.0336146
0.0336146
0.0336146
0.0311891
0.0311891
0.0311891
0.0311891
0.0311891
0
0
0.0315912
0.0292603
0.0292603
0.0292603
0.0292603
0.0379049
0.0379049
0.0379049
0.0293105
0.0293105
0.0293864
0.0293864
0
0.0293105
0.0293105
0
0
0
0
0
0
0
0
0
0
0
0
0
0
0
0
0
0
0
0
0
0
0
0
0
0
0
0
0
0
0
0
0
0
0
0
0
0
0
0
0
0
0
0
0
0
0
0
0
0
0
0
0
0
0
0
0
0
0
0
0
0
0
0
0
0
0
0
0
0
0
0
0
0
0
0
0
0
0
0
0
0
0
0
0
0
0
0
0
0
0
0
0
0
0
0
0
0
0
0
0
0
0
0
0
0
0
0
0
0
0
0
0
0
0
0
0
0
0
0
0
0
0
0
0
0
0
0
0
0
0
0
0
0
0
0
0
0
0
0.0291979
0.0292603
0.0291979
0
0
0
0
0
0
0
0.0310985
0.0310985
0.0310985
0.0310985
0.0310985
0.0310236
0.0310985
0.0310985
0.0310985
0.102062
0.102062
0.0310236
0.0310985
0.0310985
0.0310985
0.0314347
0.0314347
0.0314347
0
0.0314347
0.0519174
0.0519174
0.0521996
0.0519174
0.0725476
0.0725476
0
0.0519174
0
0
0
0
0
0
0
0
0
0
0
0
0
0
0
0
0
0
0
0
0
0
0
0
0
0
0
0
0
0
0
0
0.0452679
0
0.0452679
0
0.0452679
0.0452679
0.0294372
0.0294372
0.1
0.0294628
0.0294756
0.0288916
0
0
0
0
0
0
0
0.0565912
0.0565912
0.0565912
0.0565912
0.0565912
0.0565912
0.0565912
0.0565912
0.0565912
0.0565912
0.0565912
0
0
0
0
0
0
0
0
0
0
0
0
0
0
0
0
0
0
0
0
0
0
0
0
0
0
0
0
0
0
0
0
0
0
0
0
0
0
0
0
0
0
0
0
0
0
0
0
0
0
0
0
0
0
0
0
0
0
0
0
0
0
0
0
0
0
0
0
0
0
0
0
0
0
0
0
0
0
0
0
0
0
0
0
0
0
0
0
0
0
0
0
0
0
0
0
0
0
0
0
0
0
0
0
0
0
0
0
0
0
0
0
0
0
0
0
0
0
0
0
0
0
0
0
0
0
0
0
0
0
0
0
0
0
0
0
0
0
0
0
0
0
0
0
0
0
0
0
0
0
0
0
0
0
0
0
0
0
0
0
0
0
0
0
0
0
0
0
0
0
0
0
0
0.0782727
0.0782727
0.0782727
0.0782727
0.0782727
0.0782727
0.0782727
0.0782727
0
0
0
0
0
0
0
0.0782727
0.0782727
0
0
0.0782727
0.0782727
0.0782727
0.0782727
0
0
0.0782727
0
0.0782727
0.0782727
0.0782727
0.0782727
0.0782727
0.0782727
0.0782727
0.0782727
0.0782727
0
0.0782727
0.0782727
0.0782727
0.0782727
0.0782727
0.0782994
0.0782994
0
0.0782994
0
0.0533761
0.0533761
0.0678454
0
0.0782062
0
0.0533761
0.0533761
0.0533761
0.0312806
0.0312806
0.0312806
0
0.0312806
0
0.0312806
0.0782727
0
0
0
0.0288916
0.0429537
0.0429537
0.0429537
0.0429537
0.0429537
0.051031
0
0
0
0
0
0
0
0
0
0
0
0
0.0300692
0.0300692
0.0300692
0.0300692
0.0300692
0.0300692
0.0300692
0.0300692
0.0300692
0.0300692
0.0300692
0
0
0
0
0.125
0.0300692
0.0300692
0.0300692
0.0300692
0.0308313
0.0308313
0
0.0300692
0.0300692
0.0300692
0.0300692
0.0300692
0.0300692
0.0300692
0.0300692
0.0300828
0.0300828
0.0330771
0.0330771
0.0330771
0
0.0330771
0.0300692
0.0779813
0.0779813
0.0779813
0
0.0779024
0.0779024
0.0779024
0.0779024
0.0779024
0.0779813
0.0779813
0.0779813
0.0779813
0.0782727
0
0
0
0
0
0
0
0
0
0
0
0
0
0
0
0
0
0
0
0
0
0
0
0
0
0
0
0
0
0
0
0
0
0
0
0
0
0
0
0
0
0
0
0
0
0
0
0
0
0
0
0
0
0
0
0
0
0
0
0
0
0
0
0
0
0
0
0
0
0
0
0
0
0
0
0
0
0
0
0
0
0
0
0
0
0
0
0
0
0
0
0
0
0
0
0
0
0
0
0
0
0
0
0
0
0
0
0
0
0
0
0
0
0
0
0
0
0
0
0
0
0
0
0
0
0
0
0
0
0
0
0
0
0
0
0
0
0
0
0
0
0
0
0
0
0
0
0
0
0
0
0
0
0
0
0.0779813
0.0779813
0.0779813
0.0779813
0.0779813
0.0324785
0.0324785
0.0324785
0.0324785
0
0
0
0
0.0324785
0
0
0
0
0
0
0
0
0
0
0
0
0
0
0
0
0
0.0461757
0.0461757
0.0461757
0.0461757
0.0461757
0.0461757
0.0461757
0.0461757
0
0
0
0
0
0
0
0.0461757
0.0461757
0
0
0
0
0
0
0
0
0
0
0
0
0
0
0
0
0
0
0
0
0
0
0
0
0
0
0
0
0
0
0
0
0
0
0
0
0
0
0
0.0270864
0.0270864
0.0270864
0.0270864
0.0270864
0.0271864
0.0271964
0.125988
0
0
0
0
0
0
0
0
0
0.0367112
0.0501255
0
0
0.0362262
0.0362262
0.02894
0.0308313
0
0.050637
0.050637
0.050637
0.0292979
0
0
0
0
0
0
0
0
0
0
0
0
0.154303
0.154303
0.301511
0.301511
0.301511
0.301511
0
0.301511
0.301511
0.353553
0.353553
0.154303
0.0288916
0
0
0
0
0
0
0
0
0
0
0
0
0
0
0
0
0
0
0
0
0
0
0
0
0
0
0
0
0
0
0
0
0
0
0
0
0
0
0
0
0
0
0
0
0
0
0
0
0
0
0
0
0
0
0
0
0
0
0
0
0
0
0
0
0
0
0
0
0
0
0
0
0
0
0
0
0.0782727
0.0782727
0.0782727
0.0782727
0.0782727
0.0448111
0
0.0448111
0.0782727
0.0782727
0.0782727
0.0782727
0
0
0
0
0
0.0782727
0
0
0
0
0.0782727
0.0782727
0.0782727
0.0782727
0.0782727
0
0
0.0782727
0.0533761
0.0782727
0.0782727
0.0782727
0.0782727
0.0782727
0.0782727
0.0782727
0.122169
0.122169
0.140028
0.140028
0.140028
0.144338
0
0.140028
0.140028
0.0782727
0.0296826
0.0296826
0.0296826
0.0296826
0.0296826
0.0296826
0.0296826
0.0296826
0.0296826
0.0300692
0.0296826
0.0296826
0.0296826
0.0288916
0
0
0
0
0
0
0
0
0
0
0
0
0
0
0
0
0.030015
0.030015
0.030015
0.030015
0.030015
0.030015
0.030015
0.030015
0.030015
0.030015
0.030015
0.030015
0.030015
0.030015
0.030015
0.030015
0.030015
0.030015
0.030015
0.030015
0.030015
0.030015
0.030015
0.030015
0.030015
0.030015
0.030015
0.030015
0.0300692
0.0300692
0
0
0
0
0
0
0
0
0
0
0
0
0
0
0
0.030015
0.030015
0
0.030015
0.030015
0.0304714
0.0304714
0.0304714
0.0894427
0.0898027
0.0898027
0
0
0.0304714
0.0311588
0.0311588
0
0
0
0
0
0.0311588
0.0898027
0.0898027
0.0936586
0.0936586
0.0898027
0.0408248
0
0.030015
0
0
0
0
0.030015
0.030015
0
0.030015
0
0.030015
0
0
0
0
0.030015
0
0
0
0
0
0.030015
0
0
0
0.030015
0.030015
0.030015
0.030015
0.030015
0.032969
0.032969
0.032969
0.032969
0
0
0
0.032969
0.032969
0.030015
0
0.030015
0
0
0.030015
0.030015
0.032969
0
0.0331133
0.0331133
0.032969
0
0.0330409
0.0330409
0.030015
0.0304714
0.0304714
0.030015
0.032969
0.032969
0
0
0
0.0331315
0
0
0
0.0332411
0
0
0
0
0.032969
0.030015
0
0.030015
0.0312043
0.0349642
0
0
0
0
0.0356462
0.0356462
0.030015
0.0311588
0.030015
0.030015
0.0324102
0.0920575
0.0324102
0.0312043
0.0312043
0.0312043
0
0
0
0
0
0
0
0
0.0441511
0.0441511
0.0444116
0.0441511
0
0
0
0
0.030429
0.0779813
0.0779813
0.0779813
0.0779813
0.0779813
0
0.0779813
0.0779813
0.0779813
0.0779813
0
0.0779813
0.0779813
0.0779813
0.0779813
0
0.0779813
0.0779813
0.0779813
0.0779813
0
0
0
0
0.0779813
0.0779813
0.0779813
0.0779813
0.0779813
0.0779813
0.0779813
0.0779813
0.0779813
0
0
0
0
0
0
0
0
0
0
0
0
0
0
0
0
0
0
0
0
0
0
0
0
0
0
0
0.0779813
0.0779813
0.0779813
0
0
0
0
0
0
0
0
0
0
0
0
0
0
0
0
0
0
0
0
0
0
0
0
0
0
0
0
0
0
0
0
0
0
0
0
0
0
0
0
0
0
0
0
0
0
0
0
0
0
0
0
0
0
0
0
0
0
0
0
0
0
0
0
0
0
0
0
0
0.0779813
0.0779813
0.0779813
0.0779813
0.0779813
0
0
0
0
0
0
0
0
0
0
0
0
0
0
0
0
0
0
0
0
0
0
0
0
0
0
0
0
0
0
0
0
0
0
0
0
0
0
0
0
0
0
0
0
0
0
0
0
0
0
0
0
0
0
0
0
0
0
0
0
0
0
0
0
0
0
0
0
0
0
0
0
0
0
0
0
0
0
0
0
0
0
0
0
0
0
0
0
0
0
0
0
0
0
0
0
0
0
0
0
0
0
0
0
0
0
0
0
0
0
0
0
0
0
0
0
0
0
0
0
0
0
0
0
0
0
0
0
0
0
0
0
0
0
0
0
0
0
0
0
0
0
0
0
0
0
0
0
0
0
0
0
0
0
0
0
0
0
0
0
0
0
0
0
0
0
0
0
0
0
0
0
0
0.0779813
0
0
0
0
0
0
0
0
0.0779813
0.0779813
0.0779813
0.0779813
0.0779813
0.0779813
0
0
0.0779813
0.0779813
0
0
0
0
0
0
0
0
0
0
0
0
0
0
0
0
0
0
0
0
0
0
0
0
0
0
0
0
0
0
0
0
0
0
0
0
0
0
0
0
0
0
0
0
0
0
0
0
0
0
0
0
0.0779813
0.0779813
0
0
0
0
0
0
0
0
0
0
0
0
0
0
0
0
0
0
0
0
0
0
0
0
0
0.0779813
0
0
0
0
0
0
0
0
0
0
0
0
0
0
0
0
0
0
0
0
0
0
0
0
0
0
0
0
0
0
0
0
0
0
0
0
0
0
0
0
0
0
0
0
0
0
0
0
0
0
0
0
0
0
0
0
0
0
0
0
0
0
0
0
0
0
0
0
0
0
0
0
0
0
0
0
0
0
0
0
0
0
0
0
0
0
0
0
0
0
0
0
0
0
0
0
0
0
0
0
0
0
0
0
0
0
0
0
0
0
0
0
0
0
0
0
0
0
0
0
0
0
0
0
0
0
0
0
0
0
0
0
0
0
0
0
0
0
0
0
0
0
0
0
0
0
0
0
0
0
0
0
0
0
0
0
0
0
0
0
0
0
0
0
0
0
0
0
0
0
0
0
0
0
0
0
0
0
0
0
0
0
0
0
0
0
0
0
0
0
0
0
0
0
0.0779813
0.0779813
0
0.0779813
0.0779813
0.0315912
0.0315912
0
0.0315912
0.0315912
0.0781133
0
0
0
0
0.0460776
0
0
0
0
0
0
0
0
0
0
0
0
0
0
0
0
0
0
0
0
0
0
0
0
0
0
0
0
0
0
0
0
0
0
0
0
0
0
0
0
0
0
0
0
0
0
0
0
0
0
0
0
0
0
0
0
0
0
0
0
0
0
0
0
0
0
0
0
0
0
0
0
0
0
0
0
0
0
0
0
0
0
0
0
0
0
0
0
0
0
0
0
0
0
0
0
0
0
0
0
0
0
0
0
0
0
0
0
0
0
0
0
0
0
0
0
0
0
0
0
0
0
0
0
0
0
0
0
0
0
0
0
0
0
0
0
0
0
0
0
0
0
0
0
0
0
0
0
0
0
0
0
0
0
0
0
0
0
0
0
0
0
0
0
0
0
0
0
0
0
0
0
0
0
0
0
0
0
0
0
0
0
0
0
0
0
0
0
0
0
0
0
0
0
0
0
0
0
0
0
0
0
0
0
0
0
0
0
0
0
0
0
0
0
0
0
0
0
0
0
0
0
0
0
0
0
0
0
0
0
0
0
0
0
0
0
0
0
0
0
0
0
0
0
0
0
0
0
0
0
0
0
0
0
0
0
0
0
0
0
0
0
0
0
0
0
0
0
0
0
0
0
0
0
0
0
0
0
0
0
0
0
0
0
0
0
0
0
0
0
0
0
0
0
0
0
0
0
0
0
0
0
0
0
0
0
0
0
0
0
0
0
0
0
0
0
0
0
0
0
0
0
0
0
0
0
0
0
0
0
0
0
0
0
0
0
0
0
0
0
0
0
0
0
0
0
0
0
0
0
0
0
0
0
0
0
0
0
0
0
0
0
0
0
0
0
0
0
0
0
0
0
0
0
0
0
0
0
0
0
0
0
0
0
0
0
0
0
0
0
0
0
0
0
0
0
0
0
0
0
0
0
0
0
0
0
0
0
0
0
0
0
0
0
0
0
0
0
0
0
0
0
0
0
0
0
0
0
0
0
0
0
0
0
0
0
0
0
0
0
0
0
0
0
0
0
0
0
0
0
0
0
0
0
0
0
0
0
0
0
0
0
0
0
0
0
0
0
0
0
0
0
0
0
0
0
0
0
0
0
0
0
0
0
0
0
0
0
0
0
0
0
0
0
0
0
0
0
0
0
0
0
0
0
0
0
0
0
0
0
0
0
0
0
0
0
0
0
0
0
0
0
0
0
0
0
0
0
0
0
0
0
0
0
0
0
0
0
0
0
0
0
0
0
0
0
0
0
0
0
0
0
0
0
0
0
0
0
0
0
0
0
0
0
0
0
0
0
0
0
0
0
0
0
0
0
0
0
0
0
0
0
0
0
0
0
0
0
0
0
0
0
0
0
0
0
0
0
0
0
0
0
0
0
0
0
0
0
0
0
0
0
0
0
0
0
0
0
0
0
0
0
0
0
0
0
0
0
0
0
0
0
0
0
0
0
0
0
0
0
0
0
0
0
0
0
0
0
0
0
0
0
0
0
0
0
0
0
0
0
0
0
0
0
0
0
0
0
0
0
0
0
0
0
0
0
0
0
0
0
0
0
0
0
0
0
0
0
0
0
0
0
0
0
0
0
0
0
0
0
0
0
0
0
0
0
0
0
0
0
0
0
0
0
0
0
0
0
0
0
0
0
0
0
0
0
0
0
0
0
0
0
0
0
0
0
0
0
0
0
0
0
0
0
0
0
0
0
0
0
0
0
0
0
0
0
0
0
0
0
0
0
0
0
0
0
0
0
0
0
0
0
0
0
0
0
0
0
0
0
0
0
0
0
0
0
0
0
0
0
0
0
0
0
0
0
0
0
0
0
0
0
0
0
0
0
0
0
0
0
0
0
0
0
0
0
0
0
0
0
0
0
0
0
0
0
0
0
0
0
0
0
0
0
0
0
0
0
0
0
0
0
0
0
0
0
0
0
0
0
0
0
0
0
0
0
0
0
0
0
0
0
0
0
0
0
0
0
0
0
0
0
0
0
0
0
0
0.0782727
0.0782727
0.0782727
0.0782727
0.0782727
0.0782727
0.0782727
0
0
0
0
0
0
0
0
0
0
0
0
0
0
0
0
0
0
0
0
0
0
0
0
0
0
0
0
0
0
0
0
0
0
0
0
0
0
0
0
0
0
0
0
0
0
0
0
0
0
0
0
0
0
0
0
0
0
0
0
0
0
0
0
0
0
0
0
0
0
0
0
0
0
0
0
0
0
0
0
0
0
0
0
0
0
0
0
0
0
0
0
0
0
0
0
0
0
0
0
0
0
0
0
0
0
0
0
0
0
0
0
0
0
0
0
0
0
0
0
0
0
0
0
0
0
0
0
0
0
0
0
0
0
0
0
0
0
0
0
0
0
0
0
0
0
0
0
0
0
0
0
0
0
0
0
0
0
0
0
0
0
0
0
0
0
0
0
0
0
0.0779813
0.0299342
0.0299342
0.0299342
0.0299342
0.0299342
0
0.0302891
0.0302891
0.0302891
0.0302891
0.0302891
0.0302891
0.0302891
0.0302891
0
0.0302891
0.0302891
0
0.0302891
0.0302891
0
0.0302891
0
0
0
0
0
0
0
0.0793052
0.0793052
0.0793052
0.0793052
0
0
0
0
0
0
0
0
0
0
0
0
0
0
0
0
0
0
0
0
0
0
0
0
0
0
0
0
0
0
0
0
0
0.0782727
0
0
0
0
0
0
0
0
0
0
0
0
0
0
0
0
0
0
0
0
0
0
0
0
0
0
0
0
0
0
0
0
0
0
0
0
0
0
0
0
0
0
0
0
0
0
0
0
0
0
0
0
0
0
0
0
0
0
0
0
0
0
0
0
0
0
0
0
0
0
0
0
0
0
0
0
0
0
0
0
0
0
0
0
0
0
0
0
0
0
0
0
0
0
0
0
0
0
0
0
0
0
0
0
0
0
0
0
0
0
0
0
0
0
0
0
0
0
0
0
0
0
0
0
0
0
0
0
0
0
0
0
0
0
0
0
0
0
0
0
0
0
0
0
0
0
0
0
0
0
0
0
0
0
0
0
0
0
0
0
0
0
0
0
0
0
0
0
0
0
0
0
0
0
0
0
0
0.0880451
0
0
0
0
0
0
0
0
0
0
0
0
0
0
0
0
0
0
0
0
0
0
0
0
0
0
0
0
0
0
0
0
0
0
0.0953463
0
0
0
0
0.121268
0
0.447214
0
0
0
0
0
0
0
0
0
0
0
0
0
0
0
0
0
0
0
0
0
0
0
0
0
0
0
0
0
0
0
0
0
0
0
0
0
0
0
0
0
0
0.353553
0
0
0
0
0
0
0
0
0
0
0
0
0
0
0
0
0
0
0
0
0
0.152499
0
0
0
0
0
0
0
0
0
0
0
0
0.27735
0
0
0
0
0
0.223607
0
0
0
0
0.242536
0
0.223607
0
0
0
0
0
0
0
0
0
0
0
0
0
0
0
0
0
0
0
0
0
0
0
0
0
0
0
0
0
0
0
0
0
0
0
0
0
0
0
0.03253
0.03253
0.03253
0.03253
0.03253
0.03253
0.03253
0.03253
0.03253
0.03253
0.0779813
0.0779813
0.0779813
0.0779813
0
0
0
0
0
0
0
0
0
0
0
0
0
0
0
0
0
0
0
0
0
0
0
0
0
0
0
0
0
0
0
0
0
0
0
0
0
0
0
0
0
0
0
0
0
0
0
0
0
0
0
0
0
0.0779813
0.0779813
0.0779813
0.0779813
0.0779813
0.0779813
0.0779813
0.0779813
0.0779813
0.0779813
0.0779813
0.0779813
0
0
0
0
0
0
0
0
0
0
0
0.0779813
0.0779813
0.0779813
0.0779813
0.0779813
0
0
0
0
0
0
0.0779813
0
0
0
0
0
0
0
0
0.119523
0
0
0
0
0
0
0
0
0
0
0
0
0
0.0779813
0.0779813
0.0779813
0.0779813
0.0779813
0.0779813
0.0779813
0.0779813
0.0559673
0.0559673
0
0.0559673
0.0779813
0
0
0
0
0
0
0
0
0.0779813
0.0779813
0.0309938
0.0779813
0.0779813
0.0779813
0.0685189
0.0779813
0.0779813
0.0779813
0
0
0.0779813
0.0779813
0.0779813
0.0779813
0.0779813
0.0779813
0.0779813
0.108465
0
0
0
0
0.0327385
0
0
0
0
0
0
0
0.0779813
0
0
0.0779813
0.0779813
0.0779813
0.0779813
0
0.0779813
0.0779813
0
0
0
0
0
0
0
0
0
0
0
0.0779813
0
0
0.0779813
0.0779813
0
0
0
0
0
0
0
0
0
0
0
0
0
0
0.0779813
0.0779813
0.0779813
0.0779813
0.0779813
0.0779813
0.0779813
0.0779813
0.0779813
0.0323762
0.0779813
0.0779813
0.0779813
0.0779813
0
0.0779813
0.0779813
0
0
0
0
0
0.0779813
0.0779813
0.0779813
0.0779813
0.0779813
0.0779813
0
0.0779813
0
0.0779813
0.0779813
0.0779813
0
0.0779813
0.0779813
0.0779813
0
0.0779813
0
0
0
0.0779813
0.0779813
0.0779813
0
0.0779813
0.0779813
0.0319113
0.0319113
0
0.0779813
0
0
0
0
0.0304714
0.0304714
0.0304714
0
0
0
0
0
0
0
0
0
0
0
0
0
0
0
0
0
0
0
0
0
0
0
0
0
0
0
0
0
0
0
0
0
0
0
0
0
0
0
0
0
0
0
0
0
0
0
0
0
0
0
0
0.0779813
0
0
0
0
0
0
0
0
0
0
0
0
0
0
0
0
0
0
0.0779813
0.0779813
0
0.0779813
0
0
0
0
0
0
0
0
0
0
0
0
0.0779813
0.0779813
0
0
0
0
0
0
0
0
0
0
0.0779813
0
0
0
0.0779813
0.0779813
0.0779813
0
0
0
0
0
0
0
0
0
0.0779813
0
0
0
0.0779813
0.0779813
0.0779813
0.0779813
0.0296695
0
0
0
0
0
0
0
0
0
0
0
0
0.123091
0
0
0
0
0
0
0
0.123091
0
0
0
0
0.0779813
0.0779813
0
0
0
0
0
0
0
0
0
0
0.0779813
0
0
0.0779813
0.0779813
0.0779813
0
0.0779813
0
0
0
0
0
0
0
0
0
0
0
0
0.0779813
0.0779813
0.0779813
0.0779813
0.0779813
0.0779813
0.0779813
0.0779813
0
0
0
0
0
0
0
0
0
0
0
0
0
0
0
0
0
0
0
0
0
0
0
0
0
0
0
0
0
0
0
0
0
0
0
0
0
0
0
0
0
0
0
0
0
0
0
0
0
0
0
0
0
0
0
0
0
0
0
0
0
0
0
0
0
0
0
0
0
0
0
0
0
0
0
0
0
0
0
0
0
0
0
0
0
0
0
0
0
0
0
0
0
0
0
0
0
0
0
0
0
0.0304714
0.0304714
0.0304714
0
0
0
0
0
0
0
0
0
0
0
0
0
0
0
0
0
0
0
0
0
0
0
0
0
0
0
0
0
0
0
0
0
0
0
0
0
0
0
0
0
0
0
0
0
0
0
0
0
0
0
0
0
0
0
0
0
0
0
0
0
0
0
0
0
0
0
0
0
0
0
0
0
0
0
0
0
0
0
0
0
0
0
0
0
0
0
0
0
0
0
0
0
0
0
0
0
0
0
0
0.0779813
0.122169
0.0551527
0.0551527
0.0551527
0.0551527
0.0551527
0.0551527
0.0551527
0
0
