0.0359288
0.0359185
0.0359185
0.0359185
0.0359185
0.0359185
0.0359185
0.0359185
0.0359185
0.0359288
0.0359288
0
0
0
0
0
0.0395285
0.0395285
0
0
0
0
0
0
0
0
0
0
0
0
0
0
0
0
0
0
0
0
0
0
0
0
0
0
0
0
0
0
0
0
0
0
0
0
0
0
0.0372851
0.0372851
0
0.0372851
0
0.0387945
0.037911
0.0427526
0.0427613
0.0387492
0
0.0437223
0
0.0157135
0
0
0.0379049
0
0
0
0
0.0155643
0
0.0362473
0.0422997
0.0362473
0
0.0359753
0.0359856
0.0359856
0.0139836
0.0139836
0.0139836
0.036242
0.0366454
0
0
0
0.0362526
0.0366563
0
0
0
0
0
0
0
0
0
0
0
0
0
0
0
0
0
0
0
0
0
0
0
0
0
0
0
0
0
0
0
0
0
0
0
0
0
0
0
0
0
0
0
0
0
0
0
0
0
0
0
0
0
0
0
0
0
0
0
0
0
0
0
0
0
0
0
0
0
0
0
0
0
0
0
0
0
0
0
0
0
0
0
0.0150143
0.0150143
0.0150143
0.0150143
0.0150143
0.0150143
0
0
0
0
0
0
0
0
0
0
0
0.0359804
0.0153285
0
0.0153683
0
0
0
0.0153285
0.0428135
0.0435561
0.0153683
0.0413882
0.0414751
0.0157917
0.0144368
0.0144368
0.0146458
0.0146458
0.111803
0.111803
0
0
0.0421242
0
0.0421242
0.0421242
0.0421242
0
0
0
0.0377845
0.0378024
0.0377964
0.0399255
0.0377306
0.036242
0.0146458
0.119952
0
0.036242
0.042384
0.0366071
0
0
0
0.039855
0
0
0
0.040082
0
0
0
0
0
0
0
0
0.0428484
0
0
0
0
0
0
0
0
0.040082
0
0
0
0
0
0
0
0
0
0
0.0428135
0.0428135
0
0
0
0
0
0
0
0
0
0
0
0.0428484
0.0428484
0
0
0.0575912
0.0575912
0
0
0
0
0
0
0
0
0
0
0
0
0
0.0362473
0
0
0.0359856
0.0359856
0
0
0.0428135
0.0428746
0
0
0
0
0
0
0
0
0
0
0
0
0
0
0
0
0
0
0
0
0
0
0
0
0
0
0
0
0
0
0
0
0
0
0.0410766
0.0410766
0.0410766
0.0410766
0
0
0
0.0153828
0.0153755
0.0434646
0.0434646
0.0434646
0
0
0
0.026086
0.026086
0.026086
0.026086
0.026086
0.00951734
0.00951734
0.00951734
0.00951734
0.00951734
0.00951734
0.00951734
0.00951734
0.00951734
0.00951734
0.0285494
0.0285494
0.0285494
0.0285494
0.0285494
0.0285494
0.0285494
0.0285494
0.0285494
0.0285494
0.0285494
0.0285494
0.0285494
0.0285494
0.0285494
0
0
0
0
0
0
0
0
0
0
0
0
0
0
0
0
0
0
0
0
0
0
0
0
0
0
0
0
0
0
0
0
0
0
0
0
0
0
0
0
0
0
0.0408173
0.0408173
0.0408173
0.0408173
0.0408173
0.0148774
0.0148774
0.0148774
0
0
0
0
0
0
0
0
0
0
0
0
0
0
0
0
0
0
0
0
0
0
0
0
0
0
0
0
0
0
0
0
0
0
0
0
0
0
0
0
0
0
0
0
0
0
0
0
0
0
0
0
0
0.0366741
0.0261911
0.0411693
0
0.0261434
0.0461511
0.0461511
0.0285339
0.0261772
0.0263869
0.0262372
0
0
0
0
0
0
0
0
0
0
0
0
0
0
0
0
0
0
0
0
0
0
0
0
0
0.0558823
0.0558823
0.0558823
0.0558823
0.0558823
0.0558823
0.0609082
0.0558823
0.0261692
0.0261692
0.0261692
0.0261692
0.0261692
0.0261732
0.0261732
0.0262472
0.0262472
0.0262472
0
0
0
0
0
0
0
0
0
0
0
0
0
0
0
0
0
0
0
0
0
0
0
0
0
0
0
0
0
0
0
0
0
0
0
0
0
0
0
0
0
0
0
0
0
0
0
0
0
0
0
0
0
0
0
0
0
0
0
0
0
0
0
0
0
0
0
0
0
0
0
0
0
0
0
0
0
0.0262312
0.0262312
0.0262593
0.0262312
0.0263198
0.0263198
0.0263198
0.0261632
0.0261632
0.0263219
0.0261632
0.0261632
0.0261632
0.0262935
0.0263219
0.0262935
0.0262935
0.0263219
0.0262935
0.0262452
0.0262452
0.0262633
0.0262714
0.0270942
0.0270062
0.0270062
0.0283044
0.00936175
0
0
0
0
0.0262714
0.0262714
0.0262714
0.0262714
0.0261851
0.0261851
0.0261851
0.0261851
0.0261851
0.0261851
0.0262714
0.0261851
0
0
0
0
0
0
0
0
0
0
0
0
0
0
0
0
0
0
0
0
0
0
0
0
0
0
0
0
0
0
0
0
0
0
0
0
0
0
0
0
0
0
0
0
0
0
0
0
0
0
0
0
0
0
0
0
0
0
0
0
0
0
0
0
0
0
0
0
0
0
0
0
0
0
0
0
0
0
0.0262935
0.0262935
0
0
0.0262895
0.0262895
0.0262895
0.0262734
0.0262734
0.0262673
0.0411152
0.0411152
0
0.0406595
0.0406595
0.0263198
0.0263178
0
0
0
0
0
0
0
0
0.0263178
0.0263178
0.0263178
0.0263178
0.0263178
0.0263198
0.0263198
0
0
0
0
0
0
0
0.0263178
0.0343222
0.0263178
0
0.0263178
0.0263198
0.0263198
0.0263198
0.0263178
0.0263178
0.0277184
0.0357498
0.038317
0.0369723
0
0
0.0264917
0
0
0
0
0
0
0.0280288
0.00976365
0.0265124
0.0265124
0.026531
0.0265124
0.0115563
0.0115563
0.0115563
0
0
0
0
0
0
0
0
0
0
0
0
0
0
0
0
0
0
0
0
0
0
0
0
0
0
0
0
0
0
0
0
0
0
0
0
0
0
0
0
0
0
0
0
0
0
0
0
0
0
0
0
0
0
0
0
0
0
0.0326899
0.0327639
0.0327639
0.034549
0.0347757
0.0347757
0
0.0347945
0
0
0
0.0376237
0.0388465
0
0.0412627
0.0387363
0
0
0
0
0
0
0
0
0
0
0
0
0
0
0
0
0
0
0
0
0
0
0
0
0
0
0
0
0
0
0
0
0
0
0
0
0
0
0
0
0
0
0
0
0
0
0
0
0
0
0
0
0
0
0
0
0
0
0
0
0
0
0
0
0
0
0
0
0
0
0
0
0
0
0
0
0
0
0
0
0
0
0
0
0
0
0.0386014
0.0281718
0.0281718
0.0263198
0.0262734
0.0358876
0.0358876
0.0281793
0.0281793
0.0152322
0.0281793
0.0281793
0.0152676
0.0262734
0.0262734
0.0376118
0
0
0
0
0
0
0
0
0
0
0
0
0
0
0
0
0
0
0
0
0
0
0
0
0
0.0292325
0
0.0271207
0
0.0285598
0
0
0
0
0
0.013749
0
0
0
0
0.0300391
0
0.0367112
0.0265851
0
0.0105292
0.0277303
0
0
0
0.013749
0
0
0
0.0268586
0
0.0358517
0
0
0
0.0263219
0
0.0304384
0
0.0364232
0.0262352
0
0.0289184
0
0
0.0352563
0
0
0.036163
0
0.0271052
0
0
0
0.0359804
0.0359804
0.0359804
0.0359804
0.0359804
0
0
0
0
0
0
0
0
0
0
0
0
0
0
0
0
0
0
0
0
0
0.0139836
0.0139836
0.0139836
0.0139836
0.0139836
0.0139836
0.0139836
0.0139836
0.0139836
0.0139836
0.0139836
0.0139836
0.0139836
0.0139836
0
0
0
0
0
0
0
0
0
0
0
0
0
0
0
0
0
0
0
0
0
0
0
0
0
0
0
0
0
0
0
0
0
0
0
0
0
0
0
0
0
0
0
0
0
0.0262714
0.0262714
0.0262714
0
0.0262714
0
0
0.0261632
0.0261632
0.0261632
0.0261632
0.0262392
0.0262412
0
0
0
0
0
0
0
0
0
0
0
0
0
0
0
0
0
0
0
0
0
0
0
0
0
0
0
0
0
0
0
0
0
0
0
0
0
0.0358159
0.0358159
0
0
0
0
0
0
0
0
0
0
0
0
0
0
0
0
0
0
0
0
0
0
0
0
0
0
0
0
0
0
0
0
0
0
0
0
0
0
0
0
0
0
0
0
0
0
0
0
0
0
0
0
0
0
0
0
0
0
0
0
0
0
0
0
0
0
0
0
0
0
0
0
0
0
0
0
0
0
0
0
0
0
0
0
0
0
0
0
0
0
0
0
0
0
0
0
0
0
0
0
0
0
0
0
0
0
0
0
0
0
0
0
0
0
0
0
0
0
0
0
0
0
0
0
0
0
0
0
0
0
0
0
0
0
0
0
0
0
0
0.036798
0
0
0
0
0
0
0
0
0
0
0
0
0
0
0
0
0
0
0
0
0
0
0
0
0
0
0
0
0
0
0
0
0
0
0
0
0
0
0
0
0
0
0
0
0
0
0
0
0
0
0
0
0
0
0
0
0
0
0
0
0
0
0
0
0
0
0.0263198
0
0
0
0
0
0
0
0
0
0
0
0
0
0
0
0
0.0261851
0.0261851
0.0261851
0.00936175
0
0
0.0263219
0.0261832
0.0261832
0
0.0261832
0.0261832
0.0411616
0.0411616
0
0.0411616
0.0411616
0.0263706
0
0
0
0
0
0
0
0
0
0
0
0
0
0
0
0
0
0
0
0
0
0
0
0
0.0281793
0.0281793
0.0281793
0.0281793
0.0281793
0.0281793
0.0281793
0.0281793
0.0281793
0.0281793
0
0.0281793
0
0
0
0
0
0
0
0.0281793
0.0281793
0.0281793
0.0281793
0.0281793
0.0260958
0.0281793
0.0427006
0
0
0
0
0.0281793
0.0281793
0.0281793
0.0281793
0
0
0
0
0
0
0
0
0
0
0
0
0
0
0
0.0281793
0.0281793
0
0.0281793
0.0438155
0.0438155
0.0438155
0.0438155
0
0.0438155
0.0438155
0.0438155
0.0438155
0.0439469
0
0.0442711
0.0442711
0.0442711
0.0442711
0
0.0442711
0.0442711
0.0442711
0.0442711
0.0443872
0
0.0281793
0
0.0281793
0.0281793
0.0400249
0.064957
0
0.0437595
0.0146176
0
0.0281793
0.0281793
0
0.0281793
0
0.015021
0.0150414
0
0.0281793
0.0281793
0.0281793
0.0281793
0.0281793
0
0.0281793
0
0
0
0
0.0281793
0.0281793
0.0281793
0.0281793
0
0
0
0
0
0
0
0
0
0
0
0
0
0
0
0
0
0
0.0463462
0.0281793
0
0
0
0
0
0
0
0
0.0449921
0.0153828
0
0.0281793
0
0
0.0281793
0.0284953
0.0281793
0.0281793
0.0281793
0.0428571
0
0.0428571
0
0.0428571
0
0.0281793
0
0.0281793
0.0159556
0.0281793
0
0.0281793
0.0281793
0.0281793
0
0
0
0
0
0
0
0
0
0.0281793
0.0291194
0.0281793
0
0.0281793
0
0.0281793
0
0
0.0281793
0
0
0
0
0
0
0
0
0
0
0.0438904
0.0434646
0
0.0281793
0.0434372
0.0434372
0.0434372
0.0435011
0
0
0
0
0
0
0
0
0
0
0
0
0
0
0
0
0
0
0
0
0
0
0
0
0
0
0
0
0
0
0
0
0
0
0
0
0
0
0
0
0
0
0
0
0
0
0
0
0
0
0
0
0
0
0
0
0
0
0
0
0
0
0
0
0
0
0
0
0
0
0
0
0
0
0
0
0
0
0
0
0
0
0
0
0
0
0
0
0
0
0
0
0
0
0
0
0
0
0
0
0
0
0
0
0
0
0
0.0409998
0.0281793
0.0281793
0.0152286
0.0281793
0
0.0281793
0.0429625
0.0281793
0.0433918
0.0433918
0.0433918
0
0.043492
0.0281793
0
0.0281793
0
0
0
0
0
0.0409998
0.0409998
0
0.0409998
0.0409998
0.0409998
0.0409998
0.0409998
0.0409998
0.0409998
0.0409998
0
0
0
0
0.0409998
0
0.0281793
0
0
0
0.0262472
0.0262472
0.0262472
0.0278543
0.0263645
0.015891
0.015891
0.015891
0.015891
0
0.0359856
0.0359856
0.0359856
0.0359856
0.0359856
0.0359856
0.0359856
0.036242
0
0.036242
0.036242
0.036242
0.036242
0
0.0359856
0.0359856
0.0359856
0.0359856
0.0359856
0.0359856
0.0359856
0
0.0359856
0.0360115
0.0359856
0.0362526
0.0362526
0
0
0
0
0
0.0362526
0.0362526
0
0
0
0
0
0
0.0412082
0
0
0
0
0
0.0412082
0
0
0.0150143
0
0
0
0
0
0
0
0
0
0
0
0.0150143
0
0
0
0
0
0
0
0.0150143
0.0150143
0.0150143
0
0
0
0
0
0
0
0
0
0
0
0
0
0
0
0
0
0
0
0
0
0
0
0
0
0
0
0
0
0
0
0
0
0
0
0
0
0
0
0
0
0
0
0
0
0
0
0.0144368
0.0144368
0.0144368
0.0144368
0
0
0
0
0
0
0
0
0
0
0
0.0146458
0.0146458
0.0146458
0.0146458
0
0
0
0
0
0
0
0
0
0
0.111803
0.111803
0.111803
0.111803
0
0
0
0
0
0
0
0
0
0
0
0
0
0
0
0
0
0
0
0
0
0
0
0
0
0
0
0
0
0
0
0
0
0
0
0
0
0
0
0
0
0
0
0
0
0.0395285
0.0395285
0.0395285
0.0395285
0
0
0
0
0
0
0
0
0
0
0
0
0
0
0
0
0
0
0
0
0
0
0
0
0
0
0
0
0
0
0
0
0
0
0
0
0
0
0
0
0
0
0
0
0
0
0
0
0
0
0
0
0
0
0
0
0
0
0
0
0
0
0
0
0
0
0
0
0
0
0
0
0
0
0
0
0
0
0
0
0
0
0
0
0
0
0
0
0.0428484
0.0380021
0
0
0
0.0260722
0.0260722
0
0
0
0
0
0
0
0
0
0
0
0
0
0
0
0
0
0
0
0
0
0
0
0
0
0
0
0
0
0
0
0
0
0
0
0
0
0
0
0
0
0
0
0
0
0
0
0
0
0
0
0
0
0
0
0
0
0
0
0
0
0
0
0
0
0
0
0
0
0
0
0
0
0
0
0
0
0
0
0
0
0
0
0
0
0
0
0
0
0
0
0
0
0
0
0
0
0
0
0
0
0
0
0
0
0
0
0
0
0
0
0
0
0
0
0
0
0
0
0
0
0
0
0
0
0
0
0
0
0
0
0
0
0
0
0
0
0
0
0
0
0
0
0
0
0
0
0
0
0
0
0
0.0260722
0
0
0.0260722
0.0260722
0.0260722
0.0260722
0.0260722
0
0
0.0260722
0.0260722
0.0369723
0.0369723
0.0369723
0.0369723
0.0369723
0.0369723
0.0369723
0.0369723
0
0.0369723
0.0369723
0
0.0369723
0.0369723
0
0.0369723
0
0
0.0281793
0.0281793
0.0281793
0.0281793
0.0281793
0.0281793
0.0281793
0.0281793
0.0281793
0.0281793
0.0281793
0.0281793
0.0281793
0.0281793
0.0281793
0.0281793
0.0281793
0.0281793
0.0281793
0
0
0
0.0409845
0.0150516
0.0281793
0.0281793
0.0281793
0.0281793
0.0281793
0.0281793
0.0281793
0.0281793
0.0281793
0.0281793
0.0281793
0.0281793
0.0281793
0.0281793
0.0281793
0.0281793
0.0281793
0.0281793
0.0281793
0.0281793
0.0281793
0.0281793
0.0281793
0.0281793
0.0281793
0.0281793
0.0281793
0.0281793
0.0281793
0.0281793
0.0281793
0.0281793
0.0281793
0.0281793
0.0281793
0.0281793
0.0281793
0.0281793
0.0281793
0.0281793
0.0281793
0.0281793
0.0281793
0.0281793
0.0281793
0.0281793
0.0281793
0.0281793
0.0281793
0.0281793
0.0281793
0.0281793
0.0281793
0.0281793
0.0281793
0.0281793
0.0281793
0.0281793
0.0281793
0.0281793
0.0281793
0.0281793
0.0281793
0.0281793
0.0281793
0.0281793
0.0281793
0.0281793
0.0281793
0.0281793
0.0281793
0.0281793
0.0281793
0.0281793
0.0281793
0.0281793
0.0281793
0.0281793
0.0281793
0.0281793
0.0281793
0.0281793
0.0281793
0.0281793
0.0281793
0.0281793
0.0281793
0.0281793
0.0281793
0.0281793
0.0281793
0.0281793
0.0281793
0.0281793
0.0281793
0.0281793
0.0281793
0.0281793
0.0281793
0.0281793
0.0281793
0.0281793
0.0281793
0.0281793
0.0281793
0.0281793
0.0281793
0.0281793
0.0281793
0.0281793
0.0281793
0.0281793
0.0281793
0.0281793
0.0281793
0.0281793
0.0281793
0.0281793
0.0281793
0.0281793
0.0281793
0.0281793
0.0281793
0.0281793
0.0281793
0.0281793
0.0281793
0.0281793
0.0281793
0.0281793
0.0281793
0.0281793
0.0281793
0.0281793
0.0281793
0.0281793
0.0281793
0.0281793
0.0281793
0.0281793
0.0281793
0.0281793
0.0281793
0.0281793
0.0281793
0.0281793
0.0281793
0.0281793
0.0281793
0.0281793
0.0281793
0.0281793
0.0281793
0.0281793
0.0281793
0.0281793
0.0281793
0.0281793
0.0281793
0.0281793
0.0281793
0.0281793
0.0281793
0.0281793
0.0281793
0.0281793
0.0281793
0.0281793
0.0899843
0.0899843
0.0281793
0.0281793
0.0281793
0.0281793
0.0281793
0.0281793
0.0281793
0.0281793
0.0281793
0.0281793
0.0281793
0.0281793
0.0281793
0.0281793
0.0281793
0.0281793
0.0281793
0.0281793
0.0281793
0
0.0522352
0
0
0
0.0281793
0
0
0
0
0
0
0
0
0
0
0
0
0
0
0
0
0
0
0
0
0
0
0
0
0
0
0
0
0
0
0
0
0
0
0
0
0
0
0
0
0
0
0
0
0
0
0
0
0
0
0
0
0
0
0
0
0.0437595
0.707107
0.0437595
0.0437595
0
0
0
0
0
0
0
0.040652
0.040652
0
0.040652
0.0281793
0.0281793
0.0281793
0.0435837
0.0435837
0
0
0
0.0435837
0
0
0
0.0409998
0
0
0.0409998
0.0409998
0.0409998
0.0409998
0.0409998
0
0
0
0
0.0409998
0.0281793
0.0281793
0.0159923
0.015021
0
0.0150516
0.028748
0
0.0281793
0.0281793
0.0281793
0.0281793
0.0409845
0.0409845
0.0409845
0.0409845
0.118262
0.0281793
0.0281793
0
0
0
0.0281793
0.0281793
0
0
0
0
0
0
0
0.0281793
0.0281793
0.0281793
0.0281793
0.0281793
0.0281793
0.0281793
0.0281793
0.0281793
0.0281793
0.0281793
0.0281793
0.0281793
0
0
0
0.0281793
0.0281793
0
0
0
0
0
0
0.0533761
0.0533761
0.0533761
0.0533761
0
0
0
0
0
0
0
0
0
0.0442134
0
0
0
0
0
0
0
0.0980581
0.0980581
0.0980581
0.0434646
0
0
0
0.0434646
0
0
0
0
0
0
0
0.0434646
0
0.0153719
0
0
0
0
0.0159192
0
0.0159071
0
0
0
0
0
0
0.0953463
0
0.0435837
0.0435837
0
0.0435837
0.0150244
0.0150244
0
0
0
0
0
0.0150244
0.045053
0.059976
0.059976
0.059976
0.059976
0.0827606
0.0827606
0.0827606
0
0.0827606
0.0827606
0.059976
0.059976
0
0
0
0
0
0
0
0
0
0
0
0
0
0
0
0.059976
0.059976
0
0
0
0
0
0
0
0
0
0
0
0
0
0
0
0
0
0
0
0
0.0428135
0.0428135
0
0
0.0428135
0.0415068
0.0415068
0
0
0
0
0
0
0
0
0
0
0
0
0
0
0
0
0
0
0
0
0
0
0
0
0
0
0
0
0
0
0
0
0
0
0
0
0
0
0
0
0
0
0
0
0
0
0
0
0
0
0
0
0
0
0
0
0
0
0
0
0
0
0
0
0
0
0
0
0
0
0
0
0
0
0
0
0
0
0
0
0
0
0
0
0
0
0
0
0
0
0
0
0
0
0
0
0
0
0.0281793
0.0281793
0.0281793
0.0281793
0.0281793
0.0281793
0
0
0
0
0
0
0
0
0.0427006
0.0153574
0.0427006
0.0428746
0.0427006
0.042091
0.042091
0
0
0
0
0
0
0
0
0
0
0
0
0
0
0
0
0
0
0
0.0260978
0
0
0
0
0
0
0
0.0287744
0.0287744
0.0287744
0
0
0
0
0
0
0
0
0
0
0
0
0
0
0.0146364
0
0
0.0287691
0
0
0
0
0
0.0289696
0.0289696
0.0289696
0.0291551
0.0289696
0.0289994
0
0.0281793
0.0281793
0.0281793
0.0281793
0.0281793
0
0
0
0
0.0437781
0.0281793
0.043419
0.0281793
0
0
0
0.0419509
0.0281793
0
0
0
0.129099
0
0.0281793
0.0281793
0.0281793
0.0281793
0.0281793
0.0281793
0.0281793
0.0281793
0.0281793
0.0281793
0.0281793
0.0281793
0.0281793
0.0281793
0.0281793
0
0
0
0
0
0
0
0
0
0
0.0160169
0.0281793
0.0281793
0
0.0438248
0
0.0438248
0
0.0438248
0.0438248
0
0
0.0438248
0.0443291
0
0.0443291
0
0.0443291
0.0443291
0
0
0.0443291
0
0
0
0
0.0281793
0
0
0
0
0
0
0
0.0148511
0.0148511
0.0148511
0
0.0415546
0
0
0
0
0
0
0
0
0
0
0
0
0
0
0.0150962
0.0163693
0.0281793
0.0439941
0.0440415
0.0440415
0
0
0
0
0
0
0.0281793
0.0281793
0.0281793
0
0.0281793
0.0281793
0.0281793
0.0281793
0.0281793
0.0281793
0.0281793
0.0281793
0.0281793
0
0.0281793
0
0.0281793
0.0281793
0.0281793
0.0281793
0.0281793
0.0281793
0
0.0281793
0.0281793
0.0281793
0.0281793
0.0281793
0
0
0
0
0.0281793
0
0.0281793
0.0444359
0.0444359
0
0
0.0444359
0
0
0
0
0
0
0
0
0
0.0440986
0.0440986
0.0440986
0.0442134
0
0
0
0
0
0
0
0
0
0
0
0
0
0
0
0
0
0
0
0
0.0281793
0
0
0
0
0
0.0150893
0.0150996
0.0150996
0.0150996
0
0.0151031
0
0
0
0.0150893
0
0
0
0
0
0
0
0
0
0
0
0
0
0
0
0
0
0
0
0
0
0
0
0
0
0
0
0
0
0
0
0
0
0
0
0
0
0
0
0
0
0
0
0
0
0
0
0
0
0
0
0
0
0
0
0
0
0
0
0
0
0
0
0
0
0
0
0
0.0281793
0.0281793
0.0281793
0.0281793
0.0281793
0
0
0
0
0
0
0
0
0
0
0
0
0
0
0
0
0
0
0.0159556
0.0583212
0.0608581
0
0.0162866
0
0
0
0.0162909
0
0.0162909
0.0153501
0.0160706
0.0849719
0
0.0883883
0.0883883
0.0883883
0.0883883
0.0883883
0.0883883
0.108148
0.14072
0
0.108148
0.0883883
0
0
0
0
0
0
0
0
0
0.0883883
0.0883883
0.0883883
0.0883883
0
0
0
0
0
0
0
0
0
0
0
0
0
0
0.0441846
0.0150448
0.0446124
0.0163125
0.0163125
0
0.0163125
0
0.0163125
0.0163125
0.0447015
0
0.0281793
0.0281793
0.0281793
0.0281793
0.0281793
0.0447811
0.0157135
0.0160706
0.0160706
0.0160706
0.0160706
0.0160706
0.0281793
0.0281793
0.0281793
0.0281793
0
0
0
0
0
0
0
0
0
0
0
0
0.0281793
0.0409998
0.0409998
0.0409998
0.0409998
0.0409998
0.0409998
0.0409998
0.0409998
0.0409998
0.0409998
0.0409998
0.0409998
0
0
0
0
0.0409998
0
0.0409998
0.0409998
0.0409998
0.0409998
0
0
0
0
0
0
0
0
0
0
0
0
0
0
0
0
0
0
0
0
0
0
0
0
0
0
0
0
0
0.0159273
0.0281793
0.0281793
0.0281793
0.0281793
0.0281793
0.0281793
0.0281793
0.0281793
0.0281793
0.0281793
0.0281793
0.0281793
0.0281793
0.0429361
0.0435561
0.0143799
0.0143799
0.0143829
0.0143829
0
0.0144308
0
0
0
0
0.0144308
0.0481373
0.0481373
0.0481373
0.0481373
0.0481373
0
0
0
0.0481373
0.043042
0.0287691
0
0.0440131
0.0440131
0.0150244
0.0444359
0
0
0
0
0
0
0
0.0443872
0.0443872
0
0.0443872
0.0436482
0.0436482
0
0.043713
0
0
0
0
0
0
0
0.0287691
0
0.0287691
0.0287691
0.0287691
0
0.0287691
0.0287691
0
0
0
0
0
0
0
0
0.0450225
0.0450225
0.0450327
0.045053
0.0458885
0.0458885
0
0.0458885
0.0458885
0.0458885
0.0458885
0
0
0
0
0
0
0
0
0
0
0
0
0
0
0
0
0
0
0
0
0
0
0
0
0
0
0
0
0
0
0
0
0
0
0
0
0
0
0
0
0
0
0
0
0.0281793
0.0281793
0.0849719
0.0287718
0.0281793
0.0281793
0.0281793
0.0281793
0.0281793
0.0281793
0.0285133
0.0285133
0.166667
0.0281793
0.0281793
0.0541134
0.0281793
0.0443581
0.0281793
0
0.0281793
0.0281793
0.0281793
0
0
0
0
0.0281793
0
0
0
0
0
0.0281793
0
0.0281793
0.0281793
0.0281793
0.0281793
0
0.0281793
0.0281793
0.0281793
0.0281793
0.0281793
0.0281793
0.0281793
0.0281793
0
0.0281793
0.0409998
0.0409998
0.0409998
0.0409998
0.0409998
0.0417878
0.0417878
0.0409998
0
0
0
0
0
0
0
0
0
0
0
0
0
0
0
0
0
0
0
0
0.0281793
0.0281793
0.0281793
0.0281793
0.0149204
0
0
0
0
0
0
0
0
0
0
0
0
0
0
0
0
0
0
0
0
0
0
0
0
0
0
0
0
0
0
0
0
0
0
0
0
0
0
0
0
0
0
0
0
0.0150962
0.0150962
0.0150962
0.0150962
0.0150962
0
0
0
0
0
0
0
0
0
0
0
0
0
0
0.0427179
0.0427179
0
0.0427179
0.0427179
0
0
0
0
0
0
0
0
0
0
0
0
0
0
0
0
0
0
0
0
0
0
0
0
0
0
0
0
0
0
0
0
0
0
0
0
0
0
0
0
0
0
0
0
0
0
0
0
0
0
0
0
0.0419837
0
0
0
0
0
0
0
0
0
0
0
0
0
0
0
0
0
0
0
0
0
0
0
0
0
0
0
0
0
0
0
0
0
0
0
0
0
0
0
0
0
0
0
0
0
0
0
0
0
0
0
0
0
0
0
0
0
0
0
0
0
0
0
0
0
0
0
0
0
0
0
0
0
0
0
0
0
0
0
0
0
0.0423249
0.0423249
0.0423249
0.0423249
0.0423249
0.0423249
0.0423249
0.0423249
0.0423249
0
0
0
0.0423249
0
0
0
0
0
0
0
0
0
0
0
0
0
0
0
0
0
0
0
0
0
0
0
0
0
0
0
0
0
0
0
0
0
0
0
0.118262
0.118262
0.118262
0.118262
0.118262
0
0
0
0.131306
0
0
0
0
0
0
0
0
0
0
0
0
0
0
0.130744
0.133038
0
0
0
0
0
0.129641
0
0
0
0
0
0
0
0
0
0.125491
0
0
0
0
0.119952
0.119952
0.119952
0
0.118262
0.118262
0.118262
0.118262
0.118262
0
0.120824
0.119952
0
0.128565
0.128565
0.118262
0
0
0
0
0.122628
0.316228
0
0
0.170251
0
0
0
0.119952
0.119952
0.118262
0
0
0
0
0
0
0
0
0
0
0.0281793
0.0281793
0.0281793
0.0281793
0.0281793
0.0281793
0.0281793
0.0160706
0.0160375
0
0
0
0.0281793
0.0436297
0
0.0409998
0.0409998
0.0449719
0.0457496
0.0457496
0.0440795
0.0440795
0.043713
0.0281793
0.0281793
0.0281793
0.0281793
0.0281793
0.0281793
0.0281793
0.0281793
0.0281793
0.0281793
0.0281793
0.0281793
0.0281793
0.0281793
0.0281793
0.0281793
0.0281793
0.0281793
0.0281793
0.0281793
0.0281793
0.0281793
0.0281793
0.0281793
0.0281793
0.0281793
0.0281793
0.0281793
0.0281793
0.0281793
0.0281793
0.0281793
0.0281793
0.0281793
0.0281793
0.0281793
0.0281793
0.0281793
0.0281793
0.0281793
0.0281793
0.0281793
0.0281793
0.0281793
0.0281793
0.0281793
0.0281793
0.0281793
0.0281793
0.0281793
0.0281793
0.0281793
0.0281793
0.0281793
0.0281793
0.0281793
0.0281793
0.0281793
0.0281793
0.0281793
0.0281793
0
0
0
0
0.0281793
0.0281793
0.0281793
0.0281793
0.0281793
0.0281793
0.0281793
0.0281793
0.0281793
0.0281793
0.0163169
0
0.0163169
0.0163169
0
0.0163474
0.0163474
0.0163474
0.0164488
0.0164488
0.0164488
0.0164488
0
0.0164577
0.0164577
0.0164577
0.0164577
0.0164577
0.0164935
0.0164935
0
0.0164577
0.0164756
0.0164577
0
0.0164577
0
0
0.0164577
0.0163561
0
0.0163561
0.0160458
0.0160458
0.0160458
0.0160789
0.0160789
0.0160789
0.0160789
0
0
0
0.0160997
0
0.0160997
0
0.0160997
0.0160997
0.0160997
0.0160665
0.0159882
0
0.0160499
0.0153501
0.0153501
0.0153501
0.0153501
0
0.0153501
0.0153501
0.0153501
0.0154895
0.0154895
0.0154895
0.0154895
0.0154895
0.0153501
0
0
0
0
0
0.0409998
0.0409998
0.0409998
0.0409998
0.0409998
0.0409998
0
0
0
0
0
0
0
0
0.0159273
0.0159273
0.0159273
0.0159273
0.0159638
0.0159638
0
0.0159273
0
0
0.0281793
0.0281793
0.0281793
0.0281793
0.0281793
0.0281793
0.0281793
0.0281793
0.0287956
0.0287956
0
0.0287956
0.0281793
0.0281793
0.0281793
0.0281793
0
0.0281793
0
0
0.0156098
0
0
0
0
0
0
0.0281793
0.0281793
0.0281793
0
0
0.0281793
0.0281793
0.0281793
0.0281793
0.0281793
0.0281793
0
0
0
0
0
0
0
0
0
0
0
0
0
0
0
0
0
0
0
0
0
0
0
0
0
0
0
0
0
0
0
0
0
0
0
0
0
0
0
0
0
0
0
0
0
0
0
0
0
0
0
0
0
0
0
0
0
0
0
0
0
0
0
0
0
0
0
0
0
0
0
0
0
0
0
0
0
0
0
0
0
0
0
0
0
0
0
0
0
0
0
0
0
0
0
0
0
0
0
0
0
0
0
0
0
0
0
0
0
0
0
0
0
0
0
0
0
0
0
0
0
0
0
0
0
0
0
0
0
0
0
0
0
0
0
0
0
0
0
0
0
0
0
0
0.0281793
0.0281793
0.0281793
0
0.0415227
0
0
0
0
0
0
0
0
0.0163868
0
0
0
0
0
0
0
0
0.0158272
0
0
0
0
0
0
0.0409998
0
0.0281793
0.0281793
0
0
0
0
0
0
0
0
0
0
0
0
0.0281793
0.0281793
0
0
0
0.0281793
0.0281793
0.0409998
0
0.0281793
0.0281793
0
0
0
0
0
0.0150551
0
0
0
0
0
0
0
0
0.0281793
0.0281793
0
0
0
0.0281793
0.0281793
0
0
0
0
0
0
0
0
0
0
0
0.0281793
0.0281793
0
0
0.0161206
0
0.0281793
0.0281793
0
0
0
0
0
0
0
0
0
0
0.0281793
0.0281793
0
0
0
0
0.0281793
0.0281793
0
0
0
0
0
0
0
0
0
0
0.0281793
0.0281793
0
0
0
0.0281793
0.0281793
0.0281793
0
0
0
0
0
0
0
0
0
0.0409998
0.0281793
0.0281793
0
0.0281793
0
0
0
0
0
0
0
0
0.0281793
0.0281793
0.0281793
0.0281793
0
0
0
0
0
0.0158114
0
0
0
0
0
0
0
0
0
0
0
0
0
0
0
0
0.0409998
0.0281793
0.0281793
0
0
0
0
0
0
0
0.0281793
0.0151031
0.0281793
0.0281793
0.0281793
0.0281793
0.0371263
0.0371263
0.0371263
0.0371263
0.0371263
0.0416486
0.0416486
0.0474312
0
0
0.0422766
0.0281793
0.0281793
0.0281793
0.0281793
0.0281793
0.0281793
0.0281793
0.0281793
0.0281793
0.0281793
0.0281793
0.0281793
0.0142019
0.0142019
0.0142019
0.0142019
0.0566139
0.0566139
0.0281793
0.0281793
0.0281793
0.0281793
0.0142019
0.0142019
0.0142019
0
0
0
0.014199
0.014199
0.0142019
0.0142019
0
0
0.059976
0.059976
0.0281793
0.0281793
0
0
0
0
0
0
0
0
0
0.0281793
0.0281793
0.0281793
0.0281793
0.0281793
0.0281793
0
0.0281793
0.0281793
0.0281793
0.0281793
0
0.0281793
0.0281793
0.0281793
0.0281793
0
0.0281793
0.0281793
0.0281793
0.0281793
0.0164756
0.0164756
0.0164756
0.0164756
0
0
0
0
0.0281793
0.0281793
0.0281793
0.0281793
0.0281793
0.0281793
0.0281793
0.0281793
0.0281793
0
0
0
0
0
0
0
0
0
0.0260958
0
0
0.0281793
0.0281793
0.0281793
0.0281793
0.0281793
0.0281793
0.0281793
0.0281793
0.0281793
0.0281793
0.0281793
0.0281793
0
0
0
0
0.0281793
0.014937
0.0281793
0.0281793
0.0281793
0.0281793
0
0.0281793
0.0281793
0.0157759
0.0157759
0.0157759
0.0157759
0.0157759
0.0281793
0
0.0281793
0
0
0
0
0
0.0281793
0.0281793
0.0281793
0.0281793
0.0281793
0
0
0.0281793
0.0290211
0.0281793
0.0162607
0.0162607
0
0.016265
0
0
0.0281793
0.0281793
0.0281793
0.0281793
0.0281793
0.0281793
0.0281793
0.0281793
0
0.0281793
0.0281793
0
0.0281793
0
0
0
0.0281793
0.0281793
0
0.0281793
0.0281793
0.0148413
0.0148413
0
0.0281793
0.0281793
0.0281793
0.0281793
0.0281793
0.0281793
0
0
0
0
0
0
0
0
0
0
0
0
0
0
0
0
0
0
0
0
0
0
0
0
0
0
0
0
0
0
0
0
0
0
0
0
0
0
0
0
0
0
0
0
0
0
0
0
0
0
0
0
0
0
0
0
0
0
0
0
0
0
0
0
0
0
0
0
0
0
0
0
0
0
0
0
0
0
0
0
0
0
0
0
0
0
0
0
0
0
0
0
0
0
0
0
0
0
0.0409998
0.0409998
0.0409998
0.0409998
0.0409998
0.0409998
0.0409998
0.0409998
0.0409998
0.0409998
0.0409998
0.0409998
0.0409998
0
0
0
0.0409998
0.0409998
0.0409998
0.0409998
0.0409998
0.0409998
0.0409998
0.0409998
0
0.0409998
0.0409998
0.0409998
0.0409998
0.0409998
0.0409998
0.0409998
0.0409998
0.0409998
0.0409998
0.0409998
0.0409998
0.0409998
0.0389906
0.0389906
0.0389906
0.0389906
0.0389906
0.0389906
0
0.0389906
0.0389906
0
0
0
0
0.0389906
0.0389906
0.0389906
0.0389906
0.0389906
0.0389906
0
0.0389906
0.0389906
0.0389906
0.0389906
0.0390501
0.0390501
0.0390501
0.0395148
0.0390501
0.0389906
0.0389906
0.0389906
0.0397081
0.0389906
0
0
0
0
0
0
0
0
0
0
0
0
0
0
0
0
0
0
0
0
0
0
0
0
0
0
0
0
0
0
0
0
0
0
0
0
0
0
0
0
0
0
0
0
0
0
0
0
0
0
0
0
0
0
0
0.0418528
0.0418528
0.0418528
0.0418528
0.0409922
0.0409922
0
0.0409922
0.0262613
0.0262613
0.0262613
0.0262613
0.0262613
0.0262613
0.0262613
0.0262613
0.0304353
0.0262613
0.0262613
0.0262613
0.0262613
0.0262613
0.0262613
0
0
0
0
0
0
0
0
0.0262633
0.0262633
0.0262633
0.0262633
0.0262633
0.0262633
0.0262633
0
0
0.0262633
0
0
0.0315492
0
0.0315492
0.0315492
0.0315492
0.0315492
0.0315492
0.0315492
0.0315492
0.0315492
0.0315492
0.0315492
0.0315562
0.0315562
0
0
0.0315562
0
0
0
0
0
0
0
0
0
0.0418446
0.0418446
0.0418446
0.0418446
0.0418446
0.0418446
0.0418446
0.0418446
0
0
0
0
0
0
0
0
0
0
0
0
0
0
0
0
0
0
0
0
0
0
0
0
0
0
0
0
0
0
0
0
0.0418936
0.0312942
0
0
0.0400963
0.0262633
0.0262633
0.0262633
0.0319583
0.0319583
0.0319656
0
0
0
0.0262633
0.0262633
0.0262996
0.0262996
0.0262633
0.0262633
0.0262673
0.0288595
0.0288595
0.0262673
0.0262774
0.0262774
0.0262774
0.0262774
0.0262673
0.0262673
0.0262673
0.0288595
0.0288595
0.0288595
0.0288595
0.0288595
0.0306186
0.0288595
0.0288595
0.0288595
0.033977
0.0288595
0.0288595
0.0288595
0.0288595
0.0288595
0.0288595
0.0288595
0
0
0
0
0
0.0262633
0.0262633
0.0262633
0.0262633
0.0304353
0.0262633
0.0396249
0.0396249
0.0396249
0.0396249
0.0417392
0.0396249
0.0262633
0.0304353
0.0262633
0.0293301
0.0262633
0.0262633
0.0262633
0.0293301
0.0293301
0.0300965
0.0295886
0.0295886
0.0295886
0.0295886
0.0295886
0.0295886
0
0
0
0
0
0
0.031318
0
0.0317643
0.0299671
0.0299641
0
0
0
0
0.0262996
0.0262996
0.0409998
0
0
0
0.0409998
0.0409998
0.0409998
0.0409998
0.0409998
0.0409998
0.0409998
0.0409998
0.0409998
0.0409998
0.0409998
0.0409998
0
0
0
0
0
0.0409998
0.0409998
0.0409998
0.0409998
0.0409998
0.0409998
0.0409998
0
0.0409998
0.0409998
0.0415785
0.0415785
0.0415785
0.0415785
0.0151065
0.0151065
0.0151065
0
0
0
0
0
0
0
0
0.0151065
0.0151065
0.0151065
0
0.0151065
0.0409998
0.0409998
0.0409998
0.0409998
0
0.0409998
0.0409998
0.0409998
0.0409998
0.0409998
0.0409998
0.0409998
0.0409998
0.0409998
0.0409998
0.0409998
0.0409998
0.0409998
0
0
0
0
0
0
0
0
0
0
0
0
0
0
0
0
0
0
0
0
0
0
0
0
0
0
0
0
0
0
0
0.0409998
0.0409998
0.0409998
0.0409998
0.0430864
0.0430864
0.0412783
0.0412783
0.043122
0.043122
0
0
0
0
0
0
0.0522352
0.0522352
0
0
0
0
0
0
0
0
0
0
0
0
0
0
0
0
0
0
0
0
0
0
0
0
0
0
0
0
0
0
0.0421159
0.0421159
0.0154303
0
0
0
0
0.0142857
0.0142857
0
0.0409998
0.0409998
0.0409998
0.0154783
0.0154783
0.015976
0.0154783
0.0409998
0
0
0
0
0
0
0
0
0
0
0
0
0
0
0.0430864
0.0430864
0.0430864
0.0430864
0.0430864
0.0430864
0.0430864
0.0430864
0.0419345
0.0419345
0.0522708
0.0522708
0.0522708
0.0522708
0.046102
0.0522708
0.0522708
0
0
0
0.0438529
0.0438529
0.0438623
0.0438529
0.0438529
0.0419345
0.0438529
0.0438529
0.0438529
0.0438529
0.0438529
0
0.0438529
0
0
0.0438623
0.082061
0.0442038
0
0
0
0
0
0
0
0.0442038
0.0154303
0.0154303
0.0154303
0.0154303
0.0436113
0.0436113
0.0436113
0.0436113
0.0436113
0.0444359
0.0786889
0.0439847
0.0412783
0.0412783
0.0412783
0.0412783
0.0179374
0.0179374
0.0179374
0.0415148
0.0415148
0.0416346
0.0416346
0.0416346
0.0416346
0
0
0
0.0416346
0.0416667
0.0416667
0
0.0415148
0.0415148
0
0
0
0.0522352
0.0522352
0.0522352
0.0816497
0.0522352
0.0522352
0
0.0522352
0.0522352
0.120824
0.0562099
0.0562099
0
0
0
0
0
0
0
0
0
0
0
0
0
0
0
0
0
0
0.0562099
0
0
0
0
0
0
0
0
0
0
0
0
0
0
0
0
0
0
0
0
0
0
0
0
0
0
0
0
0
0
0
0
0
0
0
0
0
0
0
0
0
0
0
0
0
0
0
0
0
0
0
0
0
0
0
0
0
0
0
0
0
0
0
0
0
0
0
0
0
0
0
0
0
0
0
0
0
0
0
0
0
0
0
0
0
0
0
0
0
0
0
0
0
0
0
0
0
0
0
0
0
0
0
0
0
0
0
0
0
0
0
0
0
0
0
0
0
0
0
0
0
0
0
0
0
0
0
0
0
0
0
0
0
0
0
0
0
0
0
0
0
0
0
0
0
0
0
0
0
0
0
0
0
0
0
0
0
0
0
0
0
0
0
0
0
0
0
0
0
0
0
0
0
0
0
0
0
0
0
0
0.0412471
0.0412471
0.0412471
0
0
0
0
0
0
0
0.043122
0.043122
0.043122
0.043122
0.043122
0
0
0
0
0.0430775
0.0431131
0.0431131
0.0431131
0
0.0430775
0.043122
0.043122
0.043122
0.043122
0.043122
0.0438248
0.0438248
0.0438248
0.0438248
0.0438248
0.0442807
0.043122
0.0146364
0.0146364
0.0147667
0.043122
0
0
0
0.043122
0
0.0433374
0
0.0433374
0
0
0
0
0
0
0
0
0
0
0
0
0
0
0
0
0
0
0
0
0
0
0
0
0
0
0
0
0
0
0
0
0.0427179
0.0427179
0.0427179
0
0.0427179
0
0.0427374
0.0427374
0.039968
0.0415626
0.0415626
0
0.0415705
0
0.0409998
0
0
0
0
0
0.0260978
0.0260978
0.0260978
0
0
0
0
0
0
0
0.0260722
0.0260722
0.0260722
0.0260722
0
0
0
0.0260231
0.0260231
0.0260231
0.0260231
0.0261037
0.0260329
0.0260329
0.0260329
0.0260329
0.0260329
0.0260329
0.0260545
0.0260388
0.0260702
0.0260329
0
0.0260978
0.0260978
0
0
0
0
0
0
0
0.0260919
0.0260919
0.0260919
0.0260919
0.0260919
0.0260919
0.0260919
0.0260919
0.0260919
0.0260919
0.0260919
0.0260919
0.0260919
0.0260919
0.0260919
0.0260919
0.0260919
0.0260919
0.0260919
0.0260919
0.0260919
0.0260919
0.0260919
0.0260919
0.0260919
0.0260919
0.0260919
0.0260919
0.0260919
0.0260919
0.0260919
0.0260919
0.0260919
0.0260919
0.0260919
0.0260919
0.0260919
0.0260919
0.0260919
0.0260919
0.0260919
0.0260919
0.0260919
0.0260919
0.0260919
0.0260919
0.0260919
0.0260919
0.0260919
0.0260919
0.0260919
0.0260919
0.0260919
0.0260919
0.0260919
0.0260919
0.0260919
0.0260919
0.0260919
0.0260919
0.0260919
0.0260919
0.0260919
0.0260919
0.0260919
0.0260919
0.0260919
0.0260919
0.0260919
0.0260919
0.0260919
0.0260919
0.0260919
0.0260919
0.0260919
0.0260919
0.0260919
0.0260919
0.0260919
0.0260919
0.0260919
0.0260919
0.0260919
0.0260919
0.0260919
0.0260919
0.0260919
0.0260919
0.0260919
0.0260919
0.0260919
0.0260919
0.0260919
0.0260919
0.0260919
0.0260919
0.0260919
0.0260919
0.0260919
0.0260919
0.0260919
0.0260919
0.0260919
0.0260919
0.0260919
0.0260919
0.0260919
0.0260919
0.0260919
0.0260919
0.0260919
0.0260919
0.0260919
0.0260919
0.0260919
0.0260919
0.0260919
0.0260919
0.0260919
0.0260919
0.0260919
0.0260919
0.0260919
0.0260919
0.0260919
0.0260919
0.0260919
0.0260919
0.0260919
0.0260919
0.0260919
0.0260919
0.0260919
0.0260919
0.0260919
0.0260919
0.0260919
0.0260919
0.0260919
0.0260919
0
0
0
0
0
0
0
0
0
0
0
0
0
0
0
0
0
0
0
0
0
0
0
0
0
0
0
0
0
0
0
0
0
0
0
0
0
0
0
0
0
0
0
0
0
0
0
0
0
0
0
0
0
0
0
0
0
0
0
0
0
0
0
0
0
0
0
0
0
0
0
0
0
0
0
0
0
0
0
0
0
0
0
0
0
0
0
0
0
0
0
0
0
0.0261037
0
0.0261632
0.0261632
0.0261037
0
0
0
0
0.0261593
0.0261593
0
0
0
0
0
0
0
0
0
0
0
0
0
0
0
0
0
0
0
0
0
0
0
0
0
0
0
0
0
0
0
0
0
0
0
0
0
0
0
0
0
0
0
0
0
0
0
0
0
0
0
0
0
0
0
0
0
0
0
0
0
0
0
0
0
0
0
0
0
0.0261077
0
0
0
0
0
0
0
0
0
0
0
0.0277945
0.0277945
0.0301177
0
0
0
0
0
0
0
0
0
0
0
0
0
0
0
0
0
0
0
0
0
0
0
0
0.0277802
0.0277802
0.0277802
0.0261037
0
0
0
0
0
0
0
0
0
0
0
0
0
0
0
0
0
0
0
0
0
0
0
0
0
0
0
0
0
0
0
0
0
0
0
0
0
0
0
0
0
0
0
0
0
0
0
0
0
0
0
0
0
0
0
0
0
0
0
0
0
0
0
0
0
0
0
0
0
0
0
0
0
0
0
0
0
0
0
0
0
0
0
0
0
0
0
0
0
0
0
0
0
0
0
0
0
0
0
0
0
0
0
0
0
0
0
0
0
0
0
0
0
0
0
0
0
0
0
0
0
0
0
0
0
0
0
0
0
0
0
0
0
0
0
0
0
0
0
0
0
0
0
0
0
0
0
0
0
0
0
0
0
0
0
0
0
0
0
0
0
0
0
0
0
0
0
0
0
0
0
0
0
0
0
0
0
0
0
0
0
0
0
0
0
0
0
0
0
0
0
0
0
0
0
0
0
0
0
0
0
0
0
0
0
0
0
0
0
0
0
0
0
0
0
0
0
0
0
0
0
0
0
0
0
0
0
0
0
0
0
0
0
0
0
0.0260919
0.0260919
0.0260919
0
0
0.0260899
0.0260899
0.0260899
0.0260899
0
0
0.0260919
0.0260919
0.0260919
0.0260919
0.0260919
0
0.0260899
0.0260899
0.0260899
0.0260899
0.0260899
0.0260919
0.0260919
0.0260919
0.0260919
0
0
0
0
0
0
0
0
0
0
0
0
0.0260722
0.0260722
0.0260722
0.0260722
0.0260722
0
0
0
0
0
0
0
0
0
0
0
0
0
0
0
0
0
0
0
0
0
0
0
0
0
0
0
0
0
0
0
0
0
0
0
0
0
0
0
0
0
0
0
0
0
0
0
0
0
0
0
0
0
0
0
0
0
0
0
0
0
0
0
0
0
0
0
0
0
0
0
0
0
0
0
0
0
0
0
0
0
0
0
0
0
0
0
0
0
0
0
0
0
0
0
0
0
0
0
0
0
0
0
0
0
0
0
0
0
0
0
0
0
0
0
0
0
0
0
0
0
0
0
0
0
0
0
0
0
0
0
0
0
0
0
0
0
0
0
0
0
0
0
0
0
0
0
0
0
0
0
0
0
0
0
0
0
0
0
0
0
0
0
0
0
0
0
0
0
0
0
0
0
0
0
0
0
0
0
0
0
0
0
0
0
0
0
0
0
0
0
0
0
0
0
0
0
0
0
0
0
0
0
0
0
0
0
0
0
0
0
0
0
0
0
0
0
0
0
0
0
0
0
0
0
0
0
0
0
0
0
0
0
0
0
0
0
0
0
0
0
0
0
0
0
0
0
0
0
0
0
0
0
0
0
0
0
0
0
0
0
0
0
0
0
0
0
0
0
0
0
0
0
0
0
0
0
0
0
0
0
0
0
0
0
0
0
0
0
0
0
0
0
0
0
0
0
0
0
0
0
0
0
0
0
0
0
0
0
0
0
0
0
0
0
0
0
0
0
0
0
0
0
0
0
0
0
0
0
0
0
0
0
0
0
0
0
0
0
0
0
0
0
0
0
0
0
0
0
0
0
0
0
0
0
0
0
0
0
0
0
0
0
0
0
0
0
0
0
0
0
0
0
0
0
0
0
0
0
0
0
0
0
0
0
0
0
0
0
0
0
0
0
0
0
0
0
0
0
0
0
0
0
0
0
0
0
0
0
0
0
0
0
0
0
0
0
0
0
0
0
0
0
0
0
0
0
0
0
0
0
0
0
0
0
0
0
0
0
0
0
0
0
0
0
0
0
0
0
0
0
0
0
0
0
0
0
0
0
0
0
0
0
0
0
0
0
0
0
0
0
0
0.0409845
0.0409845
0.0409845
0.0409845
0.0409845
0.0145371
0.0145371
0.0145371
0.0145371
0.0421991
0.0421991
0.0442134
0.0145187
0.0409845
0.041483
0.0427265
0.044032
0.120824
0.0441846
0
0.041483
0.0408779
0.0408779
0
0
0
0
0
0
0
0
0
0
0
0
0
0.0260978
0.0260978
0.0260978
0.0260978
0.0260978
0.0260978
0
0
0
0
0
0
0
0
0
0
0
0
0
0
0
0
0
0
0
0
0
0
0
0
0
0
0
0
0
0
0
0
0
0
0
0
0
0
0
0
0
0
0
0
0
0
0
0
0
0
0
0
0
0
0
0
0
0
0
0
0.0288782
0.0288916
0
0
0.0263543
0.0263543
0
0
0.0263523
0.0263523
0.0263523
0.0263523
0.0263523
0.0263523
0.0263523
0.0263543
0.0263523
0.0263543
0.0263543
0.0263543
0.0263543
0.0263645
0.0278952
0
0
0.0263788
0.0263788
0.0263788
0.0263788
0.0263788
0
0
0
0
0
0
0.0263543
0.0263543
0
0
0
0
0
0
0
0
0
0
0
0
0
0
0
0
0
0
0
0
0
0
0
0
0
0
0
0
0
0
0
0
0
0
0
0
0
0
0
0
0
0
0
0
0.00930645
0.00930645
0.00930645
0
0
0.0390104
0
0.0390104
0
0
0
0
0
0
0
0
0
0
0
0
0
0.0260978
0.0260978
0.0260978
0.0260978
0.0260978
0.0260978
0.0260978
0.0260978
0.0260978
0.0260978
0.0260978
0.0260978
0.0260978
0
0
0
0
0
0
0
0
0
0
0
0
0
0
0
0
0
0
0
0
0
0
0
0
0
0
0
0
0
0
0
0
0
0
0
0
0
0
0
0
0
0
0
0
0
0
0
0
0
0
0
0
0
0
0
0
0
0
0
0
0
0
0
0
0
0
0
0
0
0
0
0
0
0
0
0
0.0261037
0.0357943
0
0
0
0.0357943
0
0.0357943
0.0357943
0.0357943
0.0359675
0.0359675
0
0.0359675
0
0
0
0.0357943
0.0357943
0.0357943
0
0.0357943
0
0.0357943
0
0.0357943
0.0357943
0.0357943
0
0.0357943
0
0.0357943
0
0.0357943
0.0261037
0.0261037
0.0261037
0.0261037
0.0261037
0.0261037
0.0357943
0.0357943
0
0.0393293
0.0393293
0.0357943
0
0
0
0
0
0.0262714
0.0222939
0.0272863
0.0186891
0
0
0
0.0272502
0.0272502
0.0180129
0.0181309
0.0180129
0.0272502
0.0357943
0.0357943
0.0357943
0.0357943
0
0
0.069843
0.069843
0.069843
0.069843
0.069843
0.069843
0.069843
0.069843
0.069843
0.069843
0.069843
0.069843
0.069843
0.069843
0.069843
0.069843
0.069843
0.069843
0.069843
0.069843
0.069843
0.069843
0.069843
0.069843
0.069843
0
0.069843
0.069843
0.069843
0.069843
0.069843
0.0699284
0
0
0
0
0
0
0.069843
0
0
0.069843
0
0
0
0
0
0
0
0
0
0
0
0
0
0
0
0
0
0
0
0
0
0
0
0
0
0
0
0
0
0
0
0
0
0.0705346
0.0705346
0.0750587
0.0750587
0.086711
0
0
0
0
0
0.0779681
0
0.069843
0
0
0
0
0
0
0
0
0
0
0
0
0
0
0
0
0
0
0
0
0
0
0
0
0
0
0
0
0
0
0
0
0
0.0750587
0.0750587
0
0
0
0
0
0.0750587
0.0705346
0.0706225
0.0706225
0
0.0728357
0.0960031
0.0706225
0.0824786
0
0.0824786
0.0824786
0
0.0705346
0
0
0
0
0
0
0
0
0
0
0
0
0
0
0
0
0
0
0
0
0
0
0
0
0
0
0
0
0
0
0
0
0
0
0
0
0
0
0
0
0
0
0
0
0
0
0
0
0
0
0
0
0
0
0
0
0
0
0
0
0
0
0
0
0
0
0
0
0
0
0
0
0
0
0
0
0
0
0
0
0
0
0
0
0
0
0
0
0
0
0
0
0
0
0
0
0
0
0
0
0
0
0
0
0
0
0
0
0
0
0
0
0
0
0
0
0
0
0
0
0
0
0
0
0
0
0
0
0
0
0
0
0
0
0
0
0
0
0
0
0
0
0
0
0
0
0
0
0
0
0
0
0
0
0
0
0
0
0
0
0
0
0
0
0
0
0
0
0
0
0
0
0
0
0
0
0
0
0
0
0
0
0
0
0
0
0.00930001
0.00930001
0.00930001
0.00930001
0.00930001
0.00930001
0.00930001
0
0
0
0
0
0
0
0
0.00930807
0.00930807
0
0
0.00930645
0.00930645
0.00930645
0
0
0
0
0
0
0
0
0
0
0
0
0
0
0
0
0
0
0
0
0
0
0
0
0
0
0
0
0
0
0
0
0
0
0
0
0
0
0
0
0
0
0.00930484
0
0
0
0
0
0
0
0
0
0
0
0
0
0
0
0
0
0
0
0
0
0
0
0
0
0
0
0
0
0
0
0
0
0
0
0
0
0
0
0
0
0
0
0
0
0
0
0
0
0
0
0
0
0
0
0
0
0
0
0
0
0
0
0
0
0
0
0
0
0
0
0
0
0
0
0
0
0
0
0
0
0
0
0
0
0
0
0
0
0
0
0
0
0
0
0
0
0
0
0
0
0
0
0
0
0
0
0
0
0
0
0
0
0
0
0
0
0
0
0
0
0
0
0
0
0
0
0
0
0
0
0
0
0
0
0
0
0
0
0
0
0
0
0
0
0
0
0
0
0
0
0
0
0
0
0
0
0
0
0
0
0
0
0
0
0
0
0
0
0
0
0
0
0
0
0
0
0
0
0
0
0
0
0
0
0
0
0
0
0
0
0
0
0
0
0
0
0
0
0
0
0
0
0
0
0
0
0
0
0
0
0
0
0
0
0
0
0
0
0
0
0
0
0
0
0
0
0
0
0
0
0
0
0
0
0
0
0
0
0
0
0
0
0
0
0
0
0
0
0
0
0
0
0
0
0
0
0
0
0
0
0
0
0
0
0
0
0
0
0
0
0
0
0
0
0
0
0
0
0
0
0
0
0
0
0
0
0
0
0
0
0
0
0
0
0.069843
0.069843
0.069843
0.069843
0.069843
0.069843
0.069843
0.069843
0.069843
0.069843
0.069843
0.069843
0.069843
0
0
0
0
0.069843
0.069843
0
0
0
0
0
0
0
0.069843
0.069843
0
0
0
0.069843
0.069843
0.069843
0.069843
0
0
0
0
0
0
0
0
0
0
0
0
0
0
0
0
0
0
0
0
0
0
0
0
0
0
0
0
0
0
0
0
0
0
0
0
0
0
0
0
0
0
0
0
0
0
0
0
0
0
0
0
0
0
0
0
0
0
0
0
0
0
0
0
0
0
0
0
0
0
0
0
0
0
0
0
0
0
0
0
0
0
0
0.0294146
0.0294146
0.0294146
0.0294146
0.0294146
0.0294146
0.0294146
0.0294146
0.0294146
0.0294146
0.0294146
0.0294146
0
0
0
0
0
0
0.0375646
0
0.0144247
0
0
0
0
0
0
0.0414355
0.0410228
0.0145279
0
0
0
0
0.0409998
0.0409998
0.0409998
0.0411926
0.226455
0
0.226455
0
0
0
0
0
0
0
0
0
0
0
0.0149671
0.0149671
0
0
0
0
0
0
0
0
0
0
0
0
0
0
0
0
0
0
0
0
0
0
0
0
0
0
0
0
0
0
0
0
0
0
0
0
0
0
0
0
0
0
0
0
0
0
0
0
0
0
0
0
0
0
0
0
0
0
0
0
0
0
0
0
0
0
0
0
0
0
0
0
0
0
0
0
0
0
0
0
0
0
0
0.0409998
0.0409998
0.0409998
0.0409998
0.0409998
0.0409998
0.0409998
0
0.0409998
0.0409998
0.0409998
0
0
0
0
0
0
0
0
0
0.038317
0.038317
0.038317
0.038317
0.038317
0.038317
0
0.038317
0.038317
0.038317
0.038317
0.038317
0.038317
0
0
0
0
0.0387816
0.0387816
0
0
0
0
0
0
0
0.0387816
0.0357447
0.0357447
0.0357447
0.0357447
0.0357447
0
0
0
0
0
0.0363216
0.0363216
0.0363216
0.0363216
0.0363216
0.0363216
0
0
0
0
0
0
0
0
0
0
0.0361001
0.035862
0.0363216
0
0
0.0388857
0.0388857
0.035862
0.035862
0.035862
0.035862
0.035862
0
0
0
0
0
0
0
0
0
0
0
0
0
0
0
0
0
0
0.035862
0
0
0
0
0
0
0
0
0
0.0367222
0.0367222
0.0367222
0.0367222
0.0371933
0
0.0373254
0.0367222
0
0
0.0390104
0
0.0390104
0.0390104
0.0390104
0.0390104
0.0390104
0.038317
0
0.038317
0.038317
0.038317
0.038317
0.038317
0
0
0
0
0
0
0
0
0
0
0
0
0
0
0
0
0
0
0
0
0
0
0
0
0
0
0
0
0
0
0
0
0
0
0.0357447
0.0357447
0
0.038317
0.0357345
0.0357345
0.038317
0.038317
0.038317
0
0
0.036311
0.036311
0
0.036311
0
0
0
0
0
0
0
0
0
0
0
0
0
0
0
0
0
0
0
0
0
0
0
0
0
0
0
0
0
0
0
0
0
0
0
0
0
0
0
0
0
0
0
0
0
0
0
0
0
0
0
0
0
0
0
0
0
0
0
0
0
0
0
0
0
0
0
0.0263219
0.0263219
0.0263219
0.0263219
0.0263219
0.0263219
0
0
0
0.0263219
0
0.0263219
0
0.0263219
0.0263219
0.0263219
0
0
0
0
0
0
0
0
0
0
0
0
0
0
0
0
0
0
0
0
0
0
0
0
0
0
0
0
0
0
0
0
0
0.0260978
0
0
0
0
0
0
0
0
0
0
0
0
0
0
0
0
0.0262452
0.0262452
0.0262452
0.0262452
0.0262452
0.0262452
0.0262452
0.0262452
0.0262452
0.0262452
0
0
0
0
0
0
0
0
0
0
0
0
0
0
0
0
0
0
0
0
0
0
0
0
0
0
0
0
0
0
0
0
0
0
0.0450023
0.0450631
0
0
0
0
0
0
0
0
0
0
0
0
0
0
0
0
0
0
0
0
0
0
0
0
0
0
0
0
0
0
0
0
0
0
0
0
0
0
0
0
0
0
0
0
0
0
0
0
0
0
0
0
0
0
0
0
0
0
0
0
0
0
0
0
0
0
0
0
0
0
0
0
0
0
0
0
0
0
0
0
0
0
0
0
0
0
0
0
0
0
0
0
0
0
0
0
0
0
0
0
0
0
0
0
0
0
0
0
0
0
0
0
0
0
0
0
0
0
0
0
0
0
0
0
0
0
0
0
0
0
0
0
0
0
0
0
0
0
0
0
0
0
0
0
0
0
0
0
0
0
0
0
0
0
0
0
0
0
0
0
0
0
0
0
0
0
0
0
0
0
0
0
0
0
0
0
0
0
0
0
0
0
0
0
0
0
0
0
0
0
0
0
0
0
0
0
0
0
0
0
0
0
0
0
0
0
0
0
0
0
0
0
0
0
0
0
0
0
0
0
0
0
0
0
0
0
0
0
0
0
0
0
0
0
0
0
0
0
0
0
0
0
0
0
0
0
0
0
0
0
0
0
0
0
0
0
0
0
0
0
0
0
0
0
0
0
0
0
0
0
0
0
0
0
0
0
0
0
0
0
0
0
0
0
0
0
0
0
0
0
0
0
0
0
0
0
0
0
0
0
0
0
0
0
0
0
0
0
0
0
0
0
0
0
0
0
0
0
0
0
0
0.0297219
0
0.0297981
0
0
0
0
0
0
0
0
0
0
0
0
0
0
0
0
0.0294372
0
0
0
0
0
0
0
0
0
0
0.0384426
0
0
0
0
0
0
0
0
0
0
0
0
0
0
0.0291084
0
0.0291084
0
0
0
0
0
0
0
0
0
0
0
0
0
0
0
0
0
0
0
0.0288222
0.0285391
0.0285391
0.0285391
0.0301969
0.0321117
0
0
0
0
0
0
0
0
0
0
0
0
0
0
0
0
0
0
0
0
0
0
0
0
0
0
0
0
0
0
0
0
0
0
0
0
0
0
0
0
0
0
0
0
0
0
0
0
0
0.0409922
0
0
0.0310752
0.0338945
0.0288142
0.04258
0
0
0
0
0
0
0
0
0
0
0
0
0
0
0.0420084
0.0420084
0.0420084
0
0.0420084
0.0307664
0.0583212
0.0307956
0.0801927
0.0801927
0
0.0830455
0.083189
0
0
0
0
0
0
0
0
0
0
0
0.0830455
0
0
0
0
0
0
0
0
0
0
0
0
0
0
0
0
0
0
0
0
0
0
0
0
0
0
0
0
0
0
0
0
0
0
0
0
0
0
0
0
0
0
0
0
0
0
0
0
0
0
0
0
0
0
0
0
0
0
0
0
0
0
0
0
0
0
0
0
0
0
0
0
0
0
0
0
0
0
0
0
0
0
0
0
0
0
0
0
0
0
0
0
0
0
0
0
0
0
0
0
0
0
0
0
0
0
0
0
0
0
0
0
0
0
0
0
0
0
0
0
0
0
0
0
0
0
0
0
0
0
0
0
0
0
0
0
0
0
0
0
0
0
0
0
0
0
0
0
0
0
0
0
0
0
0
0
0
0
0
0
0
0
0
0
0
0
0
0
0
0
0
0
0
0
0
0
0
0
0
0
0
0
0
0
0
0
0
0
0
0
0
0
0
0
0
0
0
0
0
0
0
0
0.0510976
0.0510976
0.0510976
0.0826192
0.0826192
0.103695
0
0
0.0510976
0.04084
0.04084
0.04084
0.04084
0.04084
0
0
0
0
0
0.0262633
0.027275
0.0262633
0
0
0
0
0
0
0
0
0
0
0
0
0
0
0
0
0
0
0
0
0
0
0
0
0
0
0
0
0
0
0
0
0
0
0.0409998
0.0409998
0
0
0
0
0
0.0321117
0.0321117
0.0323649
0.0323649
0
0.0323649
0
0.0323649
0.042666
0.0108021
0
0.0108072
0
0.0110123
0.01133
0
0
0.0123353
0.040652
0.040652
0.040652
0.0144008
0.0422493
0
0.0428484
0.0441463
0
0
0
0
0
0.0378385
0.0378385
0.0660819
0
0.0138595
0
0.0415068
0
0.0423249
0
0.042401
0.0449618
0.0144008
0.0406969
0.0140775
0.0414513
0.0801927
0.0801927
0.0836242
0.0836242
0.0839181
0
0.0414513
0
0
0
0
0
0
0
0
0
0
0
0
0
0
0
0
0
0
0
0
0
0
0
0
0
0
0
0
0
0
0
0
0
0
0
0
0
0
0
0
0
0
0
0
0
0
0
0
0
0
0
0
0
0
0
0
0
0
0
0
0
0
0
0
0
0
0
0
0
0
0
0
0
0
0
0
0
0
0
0
0
0
0
0
0
0
0
0
0
0
0
0
0
0
0
0
0
0
0
0
0
0
0
0
0
0.0262573
0.0262573
0.0262573
0.0262573
0
0
0
0
0.0260899
0.0260899
0.0296377
0.0296377
0.0296986
0.0319294
0.0296377
0.0296377
0.0296377
0.0296377
0.0296377
0.0296377
0.0318142
0.0318142
0.0318142
0.0318142
0.0318142
0.0318142
0.0318142
0
0.0318142
0.0318142
0.0124437
0.0124437
0.0124437
0.0318142
0.0318142
0.0297892
0.0297892
0.0296377
0.0296377
0.0105327
0.0105327
0.0105327
0.0105327
0.0105327
0.0105327
0.0105327
0.0113359
0
0.0113359
0.0113359
0
0.0113359
0.0113359
0
0
0
0
0
0
0
0.0297981
0.0297981
0.0296377
0.0296435
0.0296435
0.0296435
0.0296435
0.0296435
0.0296435
0.0296377
0.0100362
0.0100362
0.0100362
0.0100362
0
0.0100362
0.0100362
0
0
0
0
0
0
0
0
0
0
0
0
0
0
0.0314936
0.0291358
0.0314936
0.0314936
0.0314936
0.0314936
0.0314936
0.0314936
0.0314936
0.0291358
0.0291358
0.0291358
0.0291358
0.0291358
0.0291358
0.0291358
0.0291358
0.0409998
0
0
0.0358876
0.0295198
0
0
0
0
0.0409922
0
0
0
0
0
0
0
0.00998006
0.0294146
0.0294146
0.0294146
0.0294146
0.0294146
0.015887
0.015887
0.015887
0.015887
0.0414197
0
0.0301786
0.0301786
0.0304103
0.0330891
0.0358057
0.0341793
0
0
0
0.0297511
0.0297511
0.042503
0.0297541
0
0.0297541
0.0359339
0
0
0
0
0
0.0295973
0.0297482
0.0409998
0
0
0
0.0261077
0
0.0261077
0.0261077
0.0261077
0.0261077
0
0.0409998
0.0409998
0.0409998
0.0409998
0.0409998
0
0.0409998
0.0409998
0.0409998
0.0415785
0.0415785
0.0409998
0.0409998
0.0409998
0.0415785
0
0.0415785
0
0.0415785
0.04258
0.04258
0.04258
0.04258
0.0148185
0.0148185
0.0148217
0.0148185
0
0.04258
0
0
0
0
0
0
0
0.0415785
0
0
0
0
0
0
0
0
0
0
0.0260899
0.0260899
0.0260899
0.0260899
0.0260899
0
0
0
0
0
0
0
0
0
0
0
0
0
0
0
0
0
0
0
0
0
0
0
0
0
0
0
0
0
0.0260919
0.0260919
0.0260919
0.0260919
0.0260919
0.0260919
0.0260919
0
0.0396664
0.040757
0.040757
0.040757
0.0409922
0
0
0
0
0
0
0
0
0
0
0
0
0
0
0
0
0.038317
0.038317
0.038317
0.038317
0.0389643
0.0396803
0
0.0389643
0.0389643
0.0389643
0.035862
0.035862
0.035862
0.035862
0.035862
0.035862
0
0
0
0
0
0
0.0363216
0.035862
0
0
0.038317
0.038317
0.0386526
0.0386526
0.0386526
0.0363216
0.0363216
0.0363216
0.0363216
0.0363216
0.038814
0.0363216
0
0
0
0
0.0365257
0
0
0
0
0
0
0
0
0
0
0
0
0
0
0.0291358
0.0409998
0
0
0
0
0
0
0
0
0
0
0
0
0
0
0
0
0
0
0
0
0
0
0
0
0
0
0
0
0
0
0
0
0
0
0
0
0
0
0
0
0
0
0
0
0
0
0
0
0
0
0
0
0
0
0
0
0
0
0
0
0
0
0
0
0.0811107
0
0
0
0
0
0
0
0
0.0764719
0
0
0
0
0
0
0
0
0
0
0
0
0
0
0
0
0
0
0.0827606
0
0
0
0.0827606
0.0827606
0.0827606
0.0827606
0.0827606
0.0827606
0.0827606
0
0
0
0
0
0
0
0
0
0
0
0
0
0
0
0
0
0
0
0.0406222
0.0406222
0.0406222
0.0406222
0.0406222
0.0406222
0.0406222
0.0406222
0.0406222
0.0855921
0.0855921
0.0855921
0.0855921
0.0855921
0
0
0
0
0
0
0
0
0
0
0
0
0
0
0
0
0
0
0
0
0
0
0
0
0
0
0
0
0
0
0
0
0
0
0
0
0
0
0
0
0
0
0
0
0
0
0
0
0
0
0
0
0
0
0
0
0
0
0
0
0
0.0827606
0
0
0
0
0.0827606
0
0.0407645
0.0407645
0.0407645
0.0407645
0.0407645
0.0407645
0.0407645
0
0
0
0
0
0
0
0
0
0
0
0
0
0
0
0
0
0
0
0
0
0
0
0
0
0
0
0
0
0
0
0
0
0
0
0
0
0
0
0
0
0
0
0
0
0
0
0
0
0
0
0
0
0
0
0
0
0
0
0
0
0
0
0
0
0
0
0
0
0
0
0
0
0
0
0
0
0
0
0
0
0
0
0
0
0
0
0
0
0
0
0
0
0
0
0
0
0
0
0
0
0
0
0
0
0
0
0
0
0
0
0
0
0
0
0
0
0
0
0
0
0
0
0
0
0
0
0
0
0
0
0
0
0
0
0
0
0
0
0
0
0
0
0
0
0
0
0
0
0
0
0
0
0
0
0
0
0
0
0
0
0
0
0
0
0
0
0
0
0
0
0
0
0
0
0
0
0
0
0
0
0
0
0
0
0
0
0
0.0809776
0
0
0
0
0
0
0
0
0
0.0827606
0
0.0827606
0
0.0827606
0
0
0
0.0407645
0
0
0
0.0406222
0
0
0
0
0
0
0
0
0
0
0
0
0
0
0
0
0
0
0.0827606
0
0
0
0.0827606
0
0
0
0
0
0
0
0
0
0
0
0
0
0
0
0
0
0
0
0
0
0
0
0
0
0
0
0
0.0827606
0
0.0407645
0
0
0
0.0407645
0
0
0
0.0406222
0
0
0
0
0
0
0
0
0
0
0
0
0
0
0
0
0
0
0.0827606
0
0.0407645
0
0.0827606
0
0
0.0827606
0
0
0
0
0.0827606
0
0
0
0.0407645
0
0
0
0
0
0
0
0
0
0
0
0
0
0
0
0
0
0
0
0
0
0
0
0
0
0
0
0
0
0
0
0
0
0
0
0
0
0
0
0
0
0
0
0
0
0
0
0
0
0
0
0
0
0
0
0
0
0
0
0
0
0
0
0
0
0
0
0
0
0
0
0
0
0
0
0.0262231
0.0262231
0.0262231
0.0262231
0.0262231
0.0262231
0
0.0262231
0.0262231
0
0
0
0
0
0
0
0
0
0
0
0
0
0
0
0
0
0.0262774
0
0
0.0262251
0.0262251
0
0.0262251
0.0262251
0
0
0.0262693
0.0387945
0.0263543
0.0263543
0
0
0
0
0
0
0
0
0
0
0
0
0
0
0
0
0
0
0
0
0
0
0
0
0
0
0
0
0
0
0
0
0
0
0
0
0
0
0
0
0
0
0
0
0
0
0
0
0
0
0
0
0
0
0
0
0.0262251
0
0
0
0
0
0.0262251
0.0262251
0.0262251
0.0262251
0.0262251
0
0
0
0
0
0
0.0262251
0
0
0
0
0.0263219
0.0263219
0.0263219
0.0263219
0
0
0
0
0
0
0
0
0
0
0
0
0
0.065372
0.065372
0.065372
0.065372
0
0
0
0
0
0.065372
0
0
0
0
0
0
0
0
0
0
0
0
0
0
0
0
0
0
0
0
0
0.0262452
0
0.0262452
0
0
0
0
0
0
0
0
0
0
0
0
0
0
0
0
0
0.0262452
0
0.0260801
0
0.0260801
0.0260801
0.0260801
0.0260801
0
0
0
0
0
0
0
0
0
0
0
0
0
0
0
0
0
0.0324871
0.0324871
0.0324871
0.0324871
0.0324871
0.0324871
0.0324871
0.0324871
0.0324871
0.0324871
0.0370752
0.0370752
0
0
0
0.0371647
0
0
0.032721
0
0
0
0
0.0821995
0.0357943
0
0
0
0.034721
0
0
0
0
0
0
0
0
0
0
0
0
0
0
0
0
0
0
0
0
0
0
0
0
0
0.0262452
0
0
0
0
0.0260978
0
0
0
0
0
0
0
0
0.0262895
0.0262895
0.0260722
0.0260722
0.0260722
0.0260722
0.0260722
0.0260722
0.0260722
0.0260722
0.0260722
0.0260722
0.0260722
0.0260722
0.0260722
0.0260722
0.0260722
0.0260722
0.0260722
0.0260722
0.0260722
0.0260722
0.0260722
0.0260722
0.0260722
0.0260722
0.0260722
0.0260722
0
0
0
0.0260722
0.0260722
0.0260722
0.0260722
0.0260722
0.0260722
0.0260722
0.0260722
0.0260722
0.0260722
0.0261037
0.0261037
0.0261037
0.0261077
0.0261077
0.0261037
0.0261037
0.0261077
0.0263219
0
0
0
0.0261037
0.0286796
0
0
0
0
0.0261037
0
0.0261037
0
0.0261037
0.0261037
0.0261037
0.0261037
0.0261037
0.038267
0.0261037
0.0261037
0
0
0.00933642
0.00933642
0.00933805
0.00933805
0.00933642
0.00933642
0
0
0.00931129
0.00931129
0.00931129
0.00931129
0.00931129
0.00931129
0
0
0
0
0
0.00931857
0.00931129
0.00931129
0.00931129
0.00931129
0.00931129
0
0
0.00931129
0.00931129
0.00931129
0.00933235
0.00933235
0.00931129
0.00931129
0
0.00931129
0
0.00931129
0
0.00931129
0.00931129
0
0.00931129
0.00931129
0
0
0
0.00931129
0.00931129
0.00931129
0.00931129
0.00931129
0.00931129
0.00931129
0.00931129
0.00931129
0.00931129
0.00931129
0.00931129
0.00933235
0.00933235
0.00933235
0
0.00933235
0.00931129
0.00931129
0.00931129
0.00931129
0
0.00931129
0.00931129
0
0
0
0
0
0
0
0
0
0
0
0
0
0
0
0
0
0
0
0
0
0
0
0
0
0
0
0
0
0
0
0
0
0
0
0
0
0
0
0
0
0
0
0
0
0
0
0
0
0
0
0
0
0
0
0
0
0
0
0
0
0
0
0
0
0
0
0
0
0
0
0
0
0
0
0
0
0
0
0
0
0
0
0
0
0
0
0
0
0
0
0
0
0
0
0
0
0
0
0
0
0
0
0
0
0
0
0
0
0
0
0
0
0
0
0
0
0
0
0
0
0
0
0
0
0
0
0
0
0
0
0
0
0
0
0
0
0
0
0
0
0
0
0
0
0
0
0
0
0
0
0
0
0
0
0.0272885
0.0186891
0
0
0
0
0
0
0
0
0
0.0292269
0
0
0
0
0
0
0
0
0
0
0
0
0
0
0
0
0
0
0.0263645
0.0263645
0
0
0
0
0
0
0
0
0
0
0
0
0
0
0
0
0
0
0
0
0
0
0
0
0
0
0
0
0
0
0
0
0
0
0
0
0.0482243
0
0.0281818
0.0281818
0.0281818
0
0
0
0
0
0
0
0
0
0
0
0
0
0
0
0
0
0
0
0
0
0
0
0
0
0
0
0
0
0
0
0
0.0409845
0.0409845
0.0409845
0
0
0
0
0
0
0
0
0
0
0
0
0
0
0
0
0
0
0
0
0
0
0
0
0
0
0
0
0
0
0
0
0
0
0
0
0
0
0
0
0
0
0
0
0
0
0
0
0
0
0
0
0
0
0
0
0
0
0
0
0
0
0
0
0
0
0
0
0
0
0
0
0
0
0
0
0
0
0
0
0
0
0
0
0
0
0
0
0
0
0
0
0
0
0
0
0
0
0
0
0
0
0
0
0
0
0
0
0
0
0
0
0
0
0
0
0
0
0
0
0
0
0
0
0
0
0
0
0
0
0
0
0
0
0
0
0
0
0
0
0
0
0
0
0
0
0
0
0
0
0
0
0
0.0214398
0
0.0214398
0
0
0.0511645
0.0511645
0.0511645
0.0515711
0.0511645
0.0511645
0.0262976
0
0
0
0
0
0
0
0
0
0
0
0
0
0
0
0
0
0
0
0
0
0
0
0
0
0
0
0
0
0
0
0
0
0
0
0
0
0
0
0.0263219
0.0263219
0.0263219
0
0
0
0
0
0
0
0.0260722
0.0260722
0
0
0
0
0
0
0.0301177
0.0301177
0.0301177
0.0262673
0
0
0
0
0.0262976
0.0262976
0.0262976
0
0
0.0280068
0.0280068
0
0
0
0.0262976
0.0262976
0
0.0260998
0.0347419
0.0347419
0.0347419
0.0347419
0
0.0347419
0.0357828
0
0.0357828
0.0347419
0
0
0
0
0
0
0
0.026531
0.128565
0.0262855
0
0
0
0
0
0
0
0
0
0
0
0
0
0
0
0
0
0
0
0
0
0
0
0
0
0
0
0
0
0
0
0
0
0.0430155
0
0
0
0
0
0
0
0
0
0
0
0
0
0
0
0
0
0
0
0
0
0
0
0
0
0
0
0
0
0
0
0
0
0
0
0
0
0
0
0
0
0
0
0
0
0
0
0
0
0
0
0
0
0
0
0
0
0
0
0
0
0
0
0
0
0
0
0
0
0
0
0
0
0
0
0
0
0
0
0
0
0
0
0
0
0
0
0
0
0
0
0
0
0
0
0
0
0
0
0
0
0
0
0
0
0
0
0
0
0
0
0
0
0
0
0
0
0
0
0.0262714
0.0262714
0.0262714
0.0262714
0.0262714
0.0262714
0.0262976
0.0262976
0.0262976
0.0262976
0
0
0
0.0263543
0.0263543
0
0
0
0.0262976
0.0262976
0.0262976
0
0
0.0262976
0
0.0263219
0.0262976
0.0262976
0
0
0
0
0
0
0
0
0
0
0
0
0
0
0
0
0.0260388
0
0
0
0
0
0
0
0
0
0
0.0260879
0.0260879
0.0260879
0.0260879
0.0260879
0.0260879
0.0260879
0.0260879
0.0260879
0.0260879
0.0260879
0
0
0
0
0
0
0
0
0
0
0
0
0
0
0
0
0
0
0
0
0
0
0
0
0
0
0
0
0
0
0
0
0
0
0
0
0
0
0
0
0
0
0
0
0
0
0
0
0
0
0
0
0
0
0
0
0
0
0
0
0
0
0
0
0
0
0
0
0
0
0
0
0
0
0
0
0
0
0
0
0
0
0
0
0
0
0
0
0
0
0
0
0
0
0
0
0
0
0
0
0
0
0
0
0
0
0
0
0
0
0
0
0
0
0
0
0
0
0
0
0
0
0
0
0
0
0
0
0
0
0
0
0
0
0
0
0
0
0
0
0
0
0
0
0
0
0
0
0
0
0
0
0
0
0
0
0
0
0
0
0
0
0
0
0
0
0
0
0
0
0
0
0
0
0
0
0
0
0
0
0
0
0
0
0
0
0
0
0
0
0
0
0
0
0
0
0
0
0
0
0
0
0
0
0
0
0
0
0
0
0
0
0
0
0
0
0
0
0
0
0
0
0
0
0
0
0
0
0
0
0
0
0
0
0
0
0
0
0
0
0
0
0
0
0
0
0
0
0
0
0
0
0
0
0
0
0
0
0
0
0
0
0
0
0
0.0405479
0.0405479
0.0405479
0.0405479
0.0405479
0.0405479
0.0405479
0.0405479
0.0405479
0.0405479
0.0405479
0.0405479
0.0405479
0.0405479
0.0405479
0.0409387
0
0.0405479
0.0374634
0.0374634
0.0374634
0.0374634
0.0374634
0.0436945
0.0436945
0
0
0
0.0436945
0
0
0
0.0409616
0.0449921
0.0449921
0.0455016
0.0457629
0.0414197
0
0.0405479
0.0405479
0
0
0
0.0405479
0
0
0
0
0
0
0
0
0
0
0
0
0
0
0
0
0
0
0
0
0
0
0.0409311
0.0409311
0.0409692
0.0409311
0.0409311
0.0409311
0.0409311
0
0.0409387
0.0409998
0
0
0
0
0
0
0
0
0
0
0
0
0
0
0
0
0
0
0
0
0
0
0
0
0
0
0
0
0
0
0
0
0
0
0
0
0.0409463
0.0405479
0.0405479
0.0405479
0.0405479
0.0405479
0.0405479
0.0405479
0
0
0
0
0
0
0
0
0
0
0
0
0
0
0
0
0
0
0
0
0
0
0
0
0
0
0
0
0
0
0
0
0
0
0
0.0414197
0
0.0414592
0.0405479
0.0374634
0.0374634
0.0374634
0
0
0
0
0
0
0
0
0
0
0
0
0
0
0
0
0
0
0
0
0
0
0
0
0
0
0
0
0
0
0
0
0
0
0
0
0
0
0
0
0
0
0
0
0
0
0
0
0
0
0
0
0
0
0
0
0
0
0
0
0
0
0
0
0
0
0
0
0
0
0
0
0
0
0
0
0
0
0
0
0
0
0
0
0
0
0
0
0
0
0
0
0
0
0
0
0
0
0
0
0
0
0
0
0
0
0
0
0
0
0
0
0
0
0
0
0
0
0
0
0
0
0
0
0
0
0
0
0
0
0
0
0
0
0
0
0
0
0
0
0
0
0
0
0
0
0
0
0
0
0
0
0
0
0
0
0
0
0
0
0
0
0
0
0
0
0
0
0
0
0
0
0
0
0
0
0
0
0
0
0
0
0.0418365
0.0418365
0.0418365
0.0418365
0
0
0
0
0
0
0
0.0418365
0.0418365
0.0418365
0.0418365
0.0422159
0.0418365
0
0
0
0
0
0
0
0
0.0418528
0.0418528
0.0418528
0.0418528
0.0418528
0.0418528
0.0418528
0.0418609
0.0418609
0.0418528
0.0418528
0.0418528
0.0418528
0.0418528
0.0418528
0.0418528
0.0418528
0.0418528
0.0418528
0.0418528
0.0418528
0.0418528
0.0418528
0
0
0.0418528
0.0418528
0.0418528
0.0418528
0.0429449
0.0429449
0.0429449
0.0429449
0.0147346
0.0147346
0.0429449
0.0429449
0.0429449
0.0429449
0
0
0
0
0
0.0429449
0.0430155
0
0.0430155
0.0431934
0.0431309
0.0431309
0.0431487
0.0431309
0.0431309
0
0.0431309
0.0426014
0.0146805
0.0146805
0.0158193
0.0147442
0.0147442
0.044175
0.0442904
0.0442904
0.0444067
0.0442904
0.0458456
0.0458456
0.0458456
0.0458456
0.0458778
0.0458456
0.0458456
0.0458456
0.0429449
0.0435929
0.0436205
0.0444164
0.0150008
0.0150008
0.0150008
0
0
0.0150143
0.0151969
0.0436205
0.043042
0.043042
0.043042
0.043042
0.043042
0.043042
0.043042
0.043042
0.043042
0.043042
0.043042
0.043042
0.043042
0.043042
0.043042
0.043042
0.043042
0.0183432
0.0183432
0.0488532
0.0488532
0.0260978
0.0260978
0.0260978
0.0260978
0.0260978
0.0260978
0.0260978
0.0260978
0.0260978
0.0260978
0.0260978
0.0260978
0.0260978
0.0260978
0.0260978
0.0260978
0.0260978
0.0260978
0.0260978
0.0260978
0.0260978
0.0260978
0.0260978
0.0260978
0.0260978
0.0260978
0.0260978
0.0260978
0.0260978
0.0260978
0.0260978
0.0260978
0.0260978
0
0
0.043042
0.043042
0.043042
0.043042
0.043042
0.043042
0.0147699
0.043042
0.043042
0.0440036
0.0440036
0.0440036
0.0440036
0.0440036
0.0440036
0.0440036
0.0440036
0.0440036
0.0440036
0.043042
0.043042
0.043042
0.043042
0.043042
0.0147699
0.043042
0.043042
0.043042
0.0431309
0.0431309
0
0
0
0.0431309
0.043042
0
0
0
0.043042
0.043042
0.0434281
0.0434281
0.0434281
0
0.043042
0.043042
0.043042
0.0431131
0.0431131
0.0434281
0.0434281
0
0
0
0
0
0
0
0
0
0
0.0441559
0.0441559
0.0892644
0.0892644
0
0
0
0
0
0.0442711
0.0442711
0.0442711
0
0
0
0.014884
0.014884
0.014884
0
0
0
0
0
0
0
0
0
0
0
0
0
0
0
0
0
0
0
0
0
0
0
0
0
0
0
0
0
0
0
0
0
0
0
0
0
0
0
0
0
0
0
0
0
0
0
0
0
0
0
0
0
0
0
0
0
0
0
0
0
0
0
0
0
0
0
0
0
0
0
0
0
0
0
0
0
0
0
0
0
0.0444945
0.0444945
0.0444945
0
0
0
0
0
0
0
0
0
0
0
0
0
0
0
0.0434281
0.0434281
0.0431309
0.0431309
0
0
0
0
0
0
0
0
0.0498445
0.0499065
0
0
0
0.0498445
0.0554274
0.0870388
0.0870388
0
0
0.043042
0.043042
0.0433103
0.043042
0.043042
0
0
0
0.0433103
0.0433103
0
0.0433103
0
0
0
0.0433103
0.0433103
0.0444945
0.0444945
0.0444945
0.0444945
0.0445927
0.0445927
0.0445927
0.0445927
0.0445927
0.0151411
0.0151411
0
0.0445927
0.0445927
0.0445927
0
0
0
0
0
0
0
0
0
0.0445927
0.0445927
0.0445927
0.0452164
0.0452164
0.0452988
0.0452988
0.0452988
0
0.0536828
0.0536828
0.0553001
0.0553001
0.0553001
0
0
0
0
0
0
0.0624391
0.0624391
0.0624391
0.06415
0
0.0624391
0.0445632
0.044573
0.044573
0.044573
0.044573
0.044573
0
0
0.0445632
0.0445927
0.0151411
0.0151411
0.0151411
0.0153033
0.0153033
0.0153033
0.0153033
0.0153141
0.0445927
0.0870388
0
0
0.096225
0.096225
0.096225
0
0.096225
0.096225
0.096225
0.096225
0.131876
0.096225
0.096225
0.0982946
0
0.096225
0.096225
0.096225
0.0969003
0.0969003
0.119098
0.0969003
0
0.0451447
0.0451447
0.0451447
0
0.0451856
0.0153141
0
0.0153213
0.0153213
0.0153213
0.0153213
0.0153213
0.0153213
0
0
0
0
0.0153213
0.0153213
0.0153213
0.0153393
0
0
0
0
0
0
0
0
0
0.0153213
0.0153465
0
0
0
0
0
0
0
0
0
0
0
0
0
0
0
0
0
0
0
0.0153141
0.0153141
0.0153141
0.0153141
0.0153213
0.0153177
0
0.0153249
0.0153249
0
0.0153249
0.0153249
0
0
0
0
0
0
0
0
0.0431131
0.0431131
0.0432383
0.043492
0.043492
0
0
0
0
0
0
0.043492
0.043492
0.0442711
0.0442711
0.0442711
0.0442711
0
0.0442711
0.0442711
0.0442711
0.0442711
0.0442711
0.0442711
0
0
0
0
0
0
0
0
0.0442711
0
0
0
0
0
0
0
0
0
0
0
0
0
0
0
0.014884
0.014884
0.014884
0.014884
0.014884
0.0190416
0.0190416
0.0190416
0.0190416
0.0190416
0.0190762
0.0190416
0.0190416
0
0.0233
0.014884
0.014884
0
0
0
0
0
0
0
0
0
0
0
0
0
0
0
0
0
0
0
0
0
0
0
0
0.0434281
0.0434281
0.0434281
0.0445337
0.0445337
0
0.0445337
0.0159719
0.0159719
0
0.0159719
0
0.0445337
0
0
0
0
0
0
0
0
0
0
0
0.0445337
0.0445337
0
0
0
0
0
0
0
0
0
0
0
0
0.0434281
0
0
0
0
0
0
0
0
0
0
0
0
0
0
0
0
0
0
0
0
0
0
0
0
0
0
0
0
0
0
0
0
0
0
0
0
0
0
0
0
0
0
0
0
0
0
0
0
0
0
0
0
0
0
0
0
0
0
0
0
0
0
0
0
0
0
0
0
0
0
0
0.044032
0.044051
0.125491
0.125491
0
0.127515
0.127515
0.127515
0.127515
0.0434008
0.0434008
0
0.0434008
0.044051
0.044051
0.0436482
0.0436482
0.0432472
0.0432472
0.0432472
0.0155643
0.0159801
0.0159801
0.0159801
0.0155643
0
0
0.0432472
0
0.0432472
0
0
0.0433284
0.0409998
0.0409998
0.0409845
0.0409845
0.0409845
0.0409845
0.0409845
0.0409845
0.0409845
0.0409845
0.0409845
0.0409845
0.0409845
0.0260978
0.0260978
0.0260978
0.0260978
0.0260978
0.0260978
0.0260978
0.0260978
0.0409998
0.0409998
0.0409998
0.0409998
0.0409998
0.0409998
0.0409998
0.0409998
0.0409998
0.0409998
0.0409998
0.0409998
0.0409998
0.0415785
0.0415785
0.0415785
0.0415785
0.0409998
0.0409998
0.0409998
0.0452576
0.0452576
0.0452576
0.0452576
0.0452576
0.065372
0.0452576
0.0409998
0.0409998
0.0409998
0
0
0
0
0
0
0
0
0
0
0
0
0
0
0
0
0
0
0
0
0
0
0
0
0.0409845
0.0409845
0.0409845
0.0409845
0.0409845
0.0409845
0.0409845
0.0409845
0.0409845
0.0409845
0.0409845
0.0409845
0.0409845
0.0409845
0.0409845
0.0409845
0.0409845
0.0409845
0.0409845
0.0409845
0.0409845
0.0409845
0.0409845
0.0409845
0.0409845
0.0409845
0.0409845
0.0409845
0.0415148
0.041491
0
0.0415785
0.0409998
0
0
0
0
0
0
0
0
0
0
0
0
0
0
0
0
0
0
0
0
0
0
0
0
0
0
0
0
0
0
0
0
0
0
0
0
0
0
0
0
0
0
0
0
0
0
0
0
0
0
0
0
0
0
0
0
0
0
0
0
0
0
0
0
0
0
0
0
0
0
0
0
0
0
0
0
0
0
0
0
0.0263219
0.0263219
0.0263219
0.033389
0.0263219
0.0263219
0
0
0.0288595
0.0263219
0.033389
0.033389
0.033389
0.051198
0.051198
0.033389
0
0
0
0
0
0
0
0.0288595
0.0288595
0
0
0
0.0288595
0.051198
0.051198
0
0.051198
0
0
0
0
0
0
0
0
0
0
0
0
0
0
0
0
0
0
0
0
0
0
0
0
0
0
0
0
0
0
0
0
0
0
0
0
0
0
0
0
0
0
0
0
0
0
0
0
0
0
0
0
0
0
0
0
0
0
0
0
0.0409998
0.0409998
0.0409998
0.0409998
0.0409998
0.0409998
0.0409998
0.0409998
0.0409998
0.0412159
0.0412159
0.0409998
0.0412159
0.0412159
0.0409998
0.0409998
0.0409998
0.0409998
0.0409998
0.0409998
0.0409998
0.0410766
0.0410766
0.0409998
0.0409998
0.0409998
0.0409998
0.0409998
0.0409998
0.0146145
0.0409998
0.0409998
0.0409998
0.0409998
0.0409998
0
0
0
0.0415785
0.0452576
0.0415785
0.0434554
0.0430864
0.0430864
0.044051
0
0
0.0142886
0.0142886
0.043122
0.015434
0.0409998
0
0
0
0
0.0409998
0.0409998
0
0
0
0
0.0428222
0.0428222
0
0
0
0
0
0
0.0522352
0.0522352
0
0
0
0.0525226
0.0409998
0.0522352
0.0522352
0.0522352
0
0
0
0
0
0
0
0
0
0
0
0.0522352
0.0522352
0.0522352
0.0522352
0.0522352
0.122628
0.122628
0.0522352
0.0564333
0.0522352
0.0522352
0.0522352
0.0522352
0.0816497
0.0816497
0.0816497
0.0816497
0.0816497
0.0816497
0.0816497
0.0855921
0.0855921
0.0855921
0
0.0816497
0
0
0.0816497
0.0522352
0.0426057
0.0426057
0.0426057
0.0152605
0.0155118
0
0
0
0.0426057
0.0411849
0.0411849
0.0411849
0
0
0
0
0.0142886
0.0142886
0.0142886
0
0
0
0
0
0.0142945
0.0142945
0.0142886
0.0415785
0.0415785
0.0415785
0.0415785
0.0415785
0.0415785
0.0415785
0.0146145
0.0415785
0.0142886
0.0142886
0.0142886
0
0.0142886
0.0142886
0.0446223
0.0456541
0
0
0
0.041491
0.041491
0
0
0
0
0
0
0
0.041491
0.041491
0.041491
0.041491
0.041491
0.041491
0.041491
0
0
0
0
0
0.041491
0.0415068
0.0415068
0.0415068
0.0415068
0.0415068
0.0415068
0.0448011
0.0448011
0.0150143
0.0448011
0.0448211
0.0415068
0.0415068
0.0153105
0.0415068
0.0415068
0.0415068
0.0153574
0.0153574
0.0415466
0
0
0
0.0415068
0.0415466
0.0415068
0.041491
0.0153105
0.0153105
0.0163868
0
0
0
0
0
0
0.119952
0.119952
0.119952
0.119952
0
0
0
0.119952
0.119952
0.119952
0.119952
0.122628
0.122628
0.126491
0.126491
0
0.126491
0
0.128565
0.126491
0.126491
0.119952
0.120824
0.119952
0.0138515
0.0138515
0.0415227
0.0415227
0.0138515
0.0441654
0.0415227
0.0415227
0.0415068
0.0415068
0.0415068
0.0415068
0.0415068
0
0
0
0.0415068
0.0415068
0.0415068
0.0415068
0.0474936
0.0474936
0.0474936
0.0415148
0.0421408
0.0415148
0.0415148
0.121268
0.121268
0.121268
0
0.0415068
0.0415068
0.0423671
0.0440795
0.0415068
0.0140331
0.0140331
0
0.0142364
0.0415068
0
0
0
0
0.0415068
0.0440795
0.0440795
0.0440795
0.0440795
0.0440795
0.0440795
0.0160789
0.0440795
0.0440795
0
0.0440795
0
0
0
0
0
0
0
0
0.0419755
0.0155118
0.0421908
0.0446817
0.0373587
0.0633089
0.121268
0.124035
0
0
0
0
0
0
0
0
0
0
0
0
0
0
0
0
0
0.0379458
0
0
0
0
0
0
0
0
0
0
0
0
0
0
0
0
0
0
0
0
0
0
0
0
0
0
0
0
0
0
0
0
0
0
0
0
0
0
0
0
0
0
0
0
0
0
0
0
0
0
0
0
0
0
0
0.0436113
0.0436113
0.0436113
0.0436113
0.0436113
0.0436113
0.0436113
0
0.0436113
0
0
0
0
0
0
0
0
0
0.0436113
0
0
0
0.0438717
0.0438717
0.0444554
0.0444554
0.015204
0.015204
0.0152216
0.0444554
0.0444554
0
0
0
0
0
0
0
0.0438717
0.0438717
0
0.0438717
0.0438717
0.0454233
0.0438717
0
0
0
0
0
0
0
0
0
0
0
0.0447811
0.044175
0.044175
0.014786
0.014786
0.0862261
0.0409998
0
0
0
0
0
0
0
0
0
0
0
0
0
0
0.0409998
0.0409998
0.0409998
0.0409998
0.0409998
0.0409998
0.0409998
0.0145371
0.0145432
0.0409998
0.0438904
0.0438904
0.0438904
0.0427613
0.0427699
0
0
0
0
0
0
0
0
0
0
0
0.0415785
0.0415785
0.0415785
0.0415785
0.0415785
0.0415785
0.0415785
0.0415785
0
0
0
0
0.0415785
0.0148217
0.0148217
0.0148217
0.0149671
0.0148217
0.0415785
0.0415785
0.0415785
0.0415785
0.0415785
0.0415785
0.0415785
0.0415785
0.0415785
0.0415785
0.014627
0.014627
0
0.0415785
0.0415785
0.0415785
0.0415785
0.0415785
0
0.0415785
0.0415785
0.0415785
0.0415785
0.0415785
0.0415785
0.0415785
0.0151065
0.0151065
0.0151065
0
0
0
0
0.0151065
0
0.0151065
0.0151065
0.0151065
0.0151065
0
0.0151065
0.0415785
0.0415785
0.0415785
0.0415785
0.0415785
0.0415785
0.0415945
0.0419017
0.0417959
0
0
0.0418936
0.0418936
0.0415785
0
0
0
0
0
0
0
0
0
0.0415785
0.0148217
0.0148217
0.0409845
0.0409845
0.0409845
0.0409845
0.0409845
0.0409845
0.0409845
0.0409845
0.0260978
0.0260978
0.0260978
0.0260978
0.0260978
0.0260978
0.0260978
0.0260978
0.0260978
0.0260978
0
0.0431309
0.0431309
0
0
0
0
0
0
0
0
0
0
0
0
0
0
0
0
0
0
0
0
0
0
0
0
0
0.0442711
0
0
0
0
0.0442711
0
0
0
0
0
0
0
0
0
0
0
0
0
0
0
0
0
0
0
0
0
0
0
0
0.0451754
0.188982
1
0
0
0
0
0
0
0.190693
0.0452885
0.0538122
0.0356235
0.707107
0
0.0356235
0.0383482
0
0
0
0
0
0
0
0
0
0
0
0
0
0
0
0
0.0159801
0.0159801
0.0159801
0
0.0159801
0.0474936
0.0474936
0.0474936
0.202031
0.202031
0.254
0.202031
0.0474936
0.0474936
0.0478061
0.0159801
0.0159801
0.0159801
0.0159801
0.0159801
0
0
0.0159801
0.0159801
0.0159801
0.187317
0.226455
0.0474936
0.0445337
0.0445337
0
0
0
0
0
0.0445337
0
0
0
0
0
0
0
0
0
0
0
0
0
0
0
0
0
0
0
0
0
0
0.0808746
0.0808746
0.0808746
0
0.0907841
0.0907841
0.204124
0.204124
0.204124
0.204124
0.204124
0
0.204124
0.0907841
0.204124
0
0.204124
0
0
0
0
0
0
0
0
0
0
0
0
0
0
0
0
0
0
0
0
0
0
0
0
0
0
0
0
0
0.0525952
0.052778
0.0525952
0.0415068
0.0415068
0.0415068
0.0415068
0.0415068
0.0415068
0.0415068
0.0415068
0.0415068
0.0415068
0.0415068
0.0415068
0.0415068
0.0415068
0.0415068
0.0415068
0.0415068
0.0415068
0.0415068
0.0415068
0.0415068
0.0415068
0.0415068
0.0260978
0.0260978
0.0260978
0.0260978
0.0260978
0.0260978
0.0260978
0.0260978
0.0260978
0.0260978
0.0260978
0.0260978
0.0415068
0.0415945
0.0415068
0.0415068
0.0415068
0.0163824
0.0163824
0.0163824
0
0
0
0.0163912
0.0163912
0.0163912
0.0163912
0.0163912
0.0163912
0.016489
0.016489
0.016489
0.016489
0.016489
0
0
0.016489
0
0.0163912
0
0.0163912
0.0163824
0.0415068
0.0155081
0.0155081
0.0415068
0.0415068
0.0428135
0.0428135
0.0428135
0.0428135
0.0428135
0
0.0428135
0
0.0428135
0
0
0
0
0
0
0.0428135
0
0
0
0
0
0
0
0
0
0
0.0428135
0
0
0
0
0
0
0.0415068
0.0153501
0.0153501
0.015361
0.015361
0.015361
0.0153501
0.0415068
0.0415068
0
0.0415068
0
0.0415068
0
0
0
0
0
0.0415068
0
0
0
0.0415068
0.0415068
0.0163824
0.0415068
0.0415068
0.0415068
0.0415068
0.0415068
0.0415068
0.0150619
0.0150619
0.0150619
0.0150619
0.0150619
0.0150619
0.0153683
0
0
0
0
0
0.0150619
0.0150619
0.01648
0.0150619
0.0415068
0.0415785
0
0
0.0415068
0
0
0.0415068
0.0415068
0.0150619
0.0160748
0.0150893
0.0150893
0.0150619
0.0162779
0.015079
0.015079
0.0415068
0.0428135
0.0428135
0.0415068
0.0150619
0.0150619
0.0157563
0
0
0.0151065
0.0161669
0
0
0.0151794
0
0
0
0
0.0150619
0.0415068
0.041723
0.050884
0.050884
0.0415068
0.0152998
0.0415068
0
0.0415068
0.044223
0.0141506
0
0
0
0
0.0142019
0.0142019
0.0415068
0
0.0415068
0
0.0415068
0.0415068
0.0415705
0
0.0415705
0.044223
0.044223
0.044223
0
0.0442422
0
0.044223
0.0481869
0.0481869
0.0160706
0.0160706
0.0160706
0.0160706
0
0.0160706
0.0443387
0.0443387
0.044397
0.0443387
0
0
0
0
0.0454441
0.0441846
0.0441846
0.110096
0.110096
0.110096
0
0.0447015
0
0
0
0
0
0
0
0
0
0
0
0
0
0
0
0.0260722
0.0260722
0.0260722
0.0260722
0
0
0
0.0260978
0.0260978
0.0260978
0.0260978
0.0260978
0.0260978
0
0
0
0
0
0
0.0260978
0.0260978
0.0260978
0.0260978
0.0260978
0.0260978
0.0260978
0.0260978
0
0
0
0.032721
0.0261473
0
0
0
0
0
0.0261037
0
0
0
0
0.0261077
0.0261077
0.0261077
0.0261077
0.0261077
0.0261077
0.0261077
0
0
0
0
0
0
0
0
0
0
0
0
0
0
0
0
0
0
0
0
0
0
0
0
0
0
0
0
0.0261077
0.0261077
0.0261077
0.0261077
0.0261077
0.0261077
0
0
0
0
0
0
0
0
0
0
0
0
0
0
0
0
0
0
0
0
0
0
0.0260978
0
0
0
0
0
0
0
0
0
0
0
0
0
0
0
0
0
0
0
0
0
0
0
0
0
0
0
0
0
0
0
0
0
0
0
0
0
0
0
0
0
0
0
0
0
0
0
0
0.0260919
0.0260919
0.0260919
0.0260919
0.0260919
0.0260899
0
0.0260899
0.0260899
0.0260899
0.0260899
0.0260899
0.0260899
0
0.0260899
0
0.0260899
0
0
0
0
0.0260978
0
0
0
0
0
0
0
0
0
0
0
0
0
0
0
0
0
0
0
0
0
0
0
0
0
0
0
0
0
0
0
0
0
0
0
0
0
0
0
0
0
0
0
0
0
0
0
0
0
0
0
0
0
0
0
0
0
0
0
0
0
0
0
0
0
0
0
0
0
0
0
0
0
0
0
0
0
0
0
0
0
0
0
0
0
0
0
0
0
0
0
0
0
0
0
0
0
0
0
0
0
0
0
0
0
0
0
0
0
0
0
0
0
0
0
0
0
0
0
0
0
0
0
0
0
0
0
0
0
0
0
0
0
0
0
0
0
0
0
0
0
0
0
0
0
0
0
0
0
0
0
0
0
0
0
0
0
0
0
0
0
0
0
0
0
0
0
0
0
0
0
0
0
0
0
0
0
0
0
0
0
0
0
0
0
0.0260919
0
0
0
0.0260919
0.0260919
0.0260919
0.0260919
0.0260919
0.0260919
0
0
0
0.0260919
0.0261077
0.0261077
0.0261077
0.0260919
0
0
0
0.0418528
0.0418528
0.0418528
0.0418528
0
0
0
0
0
0
0
0
0
0
0
0
0
0
0
0
0
0
0
0
0
0
0
0
0
0
0
0
0
0
0.0260978
0.0260978
0.0260978
0.0260978
0.0260978
0.0260978
0.0260978
0.0260978
0.0260978
0.0260978
0.0260978
0.0260978
0.0260978
0
0
0
0
0
0
0
0
0
0
0
0
0
0
0
0
0
0
0
0
0
0
0
0
0
0
0
0
0
0
0
0
0
0
0
0
0
0
0
0
0
0
0
0
0
0
0
0
0
0
0
0
0
0
0
0
0
0
0
0
0
0
0
0
0
0
0
0
0
0
0
0
0
0
0
0
0
0
0
0
0
0
0
0
0
0
0
0
0
0
0
0
0
0
0
0
0
0
0
0
0
0
0
0
0
0
0
0
0
0
0
0
0
0
0
0
0
0
0
0
0
0
0
0
0
0
0
0
0
0
0
0
0
0
0
0
0
0
0
0
0
0
0
0
0
0
0
0
0
0
0
0
0
0
0
0
0
0
0
0
0
0
0
0
0
0
0
0
0
0
0
0
0
0
0
0
0
0
0
0
0
0
0
0
0
0
0
0
0
0
0
0
0
0
0
0
0
0
0
0
0
0
0
0.0415068
0.0415068
0.0415068
0
0
0
0
0
0
0
0
0
0
0
0
0
0
0
0
0
0
0
0
0
0
0
0
0
0
0.0260505
0.0260505
0.0260505
0
0
0
0
0
0
0
0
0
0
0
0
0
0
0
0
0
0
0
0
0
0
0
0
0
0
0
0
0.0410075
0.0410075
0
0.0433464
0
0
0
0
0
0
0.0260388
0
0
0
0
0
0
0
0
0
0
0
0
0
0
0
0
0
0
0
0
0
0
0
0
0
0
0
0.0409998
0
0
0
0
0
0
0
0
0
0
0
0
0
0
0
0
0
0
0
0
0
0
0
0
0
0
0
0
0
0.0260505
0
0
0
0
0
0
0
0
0
0
0
0
0
0
0
0
0
0
0
0
0
0
0
0
0
0
0
0
0
0.0407795
0.0407795
0
0
0
0
0
0
0
0
0.0407795
0.0407795
0.0407795
0.0407795
0.0407795
0.0407795
0.0407795
0
0
0.0260505
0.0260505
0.0260505
0.0260505
0.0260505
0.0260505
0.0260505
0.0260505
0.0260505
0
0
0
0
0
0
0
0
0
0
0
0
0
0
0
0
0
0
0
0
0
0
0
0
0
0
0
0
0
0
0
0
0
0
0
0
0
0
0
0
0
0
0
0
0
0
0
0
0
0
0
0
0
0
0
0
0
0
0
0
0
0
0
0
0
0
0
0
0
0
0
0
0
0
0
0
0
0
0
0
0
0
0
0
0
0
0
0
0
0
0
0
0
0
0
0
0
0
0
0
0.0407795
0
0
0
0
0
0
0
0
0
0
0
0
0
0
0
0
0
0
0
0
0
0
0
0
0
0
0
0.0412159
0.0412159
0.0412159
0.0412159
0.0412159
0.0412159
0.0412159
0.0412159
0.0412159
0.0260919
0.0260919
0.0260919
0.0260919
0.0260919
0.0260919
0.0260919
0.0260919
0.0260919
0.0260919
0.0260998
0.0261037
0.0261037
0
0.0261037
0.0261037
0.0260998
0.0260998
0.0260998
0.0260998
0.0260998
0.0260919
0.0261037
0.0261037
0.0260919
0.03253
0.03253
0.03253
0
0
0
0.0325991
0.0335484
0
0
0
0
0
0
0
0
0
0
0.0261037
0.0261493
0.0285831
0.0369163
0
0.0369163
0.0377187
0
0
0
0
0
0
0
0
0.0260919
0.0260919
0.0261394
0.0382608
0.0382608
0.0262976
0.0262976
0.0262976
0.0262976
0.0262976
0.0262976
0.0262976
0.0262976
0.0262976
0.0262976
0.0262976
0.0262976
0.0262976
0.0262976
0.0262976
0.0262976
0.0262976
0.0262976
0.0262976
0
0
0
0
0.0263198
0.0263198
0
0
0.0316052
0
0.0284901
0.0287691
0
0
0
0
0
0
0
0
0
0
0
0.0276712
0.0277113
0
0
0
0
0
0
0
0
0
0.0288595
0
0.0315492
0
0
0
0
0.026434
0
0
0.0333704
0
0
0.0263198
0.0385186
0
0
0
0.00963858
0.00963858
0.00963858
0.00963858
0
0
0
0
0.0263198
0.0263198
0.0263198
0.0263198
0.0263198
0.0263198
0.0263198
0.0263198
0.0263198
0.0263198
0.0263198
0.0263198
0.0263198
0.0263198
0
0
0.0280068
0.0280068
0
0
0
0.0263198
0.0263198
0.0263198
0.0263198
0.0263198
0.0263198
0.0263198
0.0263198
0.0263198
0.0263198
0.0362209
0.0362209
0
0.0362209
0
0.0362209
0.0263198
0.0263198
0.0263198
0.0263198
0
0
0.0263198
0
0
0
0
0.0263198
0
0
0
0
0
0
0
0
0
0
0
0
0
0
0
0.036242
0
0
0.036242
0
0
0
0
0.0263198
0.0263198
0.036242
0.036242
0.036242
0.036242
0.036242
0.036242
0.036242
0.0263198
0.036242
0.0144368
0.0144368
0
0
0.014825
0.014825
0
0
0
0
0
0
0
0
0
0.0150756
0.0144368
0
0.036242
0
0.0148152
0.0263198
0.0263198
0.0263198
0.0363376
0.0263198
0.0263198
0.0313078
0.0313078
0.0313078
0
0.0313078
0.0313078
0
0
0
0
0
0
0
0
0
0
0.0263198
0.0263198
0.0263198
0.0263198
0.0263198
0.0263198
0.0263198
0.036242
0.036242
0.036242
0.036242
0.036242
0.036242
0.036242
0.036242
0.036242
0.0263198
0
0.0263198
0.0263198
0.0263198
0.0263198
0.0130811
0.0263198
0.0265518
0
0
0
0
0
0
0
0
0
0
0
0
0
0
0
0
0
0
0
0
0
0
0
0
0
0
0
0
0
0
0
0
0
0
0
0
0
0
0
0
0
0
0
0
0
0
0.0317039
0
0
0
0
0
0
0
0
0
0
0
0
0
0
0
0
0
0
0
0
0
0
0
0
0
0
0
0
0
0
0
0.0284901
0
0.0277113
0
0
0
0
0
0
0.0263198
0
0.028698
0
0.0379458
0.0264217
0
0.0263198
0.036242
0.036242
0.036242
0.036242
0.036242
0.036242
0.036242
0.036242
0.036242
0.036242
0.036242
0.036242
0.036242
0.036242
0.036242
0.036242
0.036242
0.036242
0.036242
0.036242
0.036242
0.036242
0.036242
0.0410689
0
0
0
0.036242
0.036242
0.036242
0.036242
0.036242
0
0
0
0
0
0.0366454
0
0.036242
0.0362526
0.0362526
0.0362526
0.0362526
0.0362526
0.0362526
0.0362526
0
0.0362526
0.0362526
0
0
0
0
0
0
0
0
0
0
0
0
0
0
0
0
0
0
0
0
0
0
0
0
0
0
0.0395285
0
0
0
0.0395285
0.0395285
0
0
0
0
0
0
0
0
0
0
0
0
0
0
0
0
0
0
0
0
0
0
0
0
0
0
0
0
0
0
0
0
0
0
0
0
0
0
0
0.111803
0.111803
0.111803
0.111803
0.111803
0.162221
0.111803
0
0.111803
0
0.111803
0.111803
0
0
0
0
0
0
0
0
0
0
0
0
0
0
0
0
0
0
0
0
0
0
0
0
0
0
0
0
0
0
0
0
0
0
0
0
0
0
0
0
0
0
0
0
0
0
0
0
0
0
0
0
0
0
0
0
0
0
0
0
0
0
0
0
0
0
0
0
0
0
0
0
0
0
0
0
0
0
0
0
0
0
0
0
0
0
0
0
0
0
0
0
0
0
0
0
0
0
0
0
0
0
0
0
0
0
0
0.0150143
0.0150143
0.0150143
0.0150143
0.0150143
0.0150143
0.0150177
0.0150177
0
0
0.0150177
0.0150177
0.0150177
0.0150177
0.0150143
0.0150143
0.0150143
0
0.0150143
0
0.0150143
0.0150143
0
0
0
0
0
0
0
0
0
0.0150143
0
0.0150143
0
0
0
0.0150143
0
0
0.0150143
0.0150143
0
0
0
0
0
0
0.0152216
0.0152216
0
0
0
0
0
0
0
0
0
0
0
0
0
0
0
0
0
0
0
0
0
0
0
0
0
0
0
0
0
0
0.0162564
0
0
0
0
0
0
0
0.0164711
0.0164711
0
0
0
0
0
0
0
0
0
0
0
0
0
0
0
0
0
0
0
0
0
0
0.0141196
0.0141196
0.0141196
0.0141196
0
0.0141196
0.0141196
0.0141196
0.0141196
0
0.0141196
0.0141196
0.0141196
0
0
0.0146458
0
0
0.0146458
0
0
0
0
0
0
0.014838
0.014838
0
0
0.0145525
0
0
0
0.0143592
0.0143592
0
0.036242
0
0.036242
0.036242
0
0
0
0
0.0143473
0
0.0143473
0.0143473
0.0144579
0.0145187
0.0145187
0
0
0
0
0.036242
0
0
0
0
0
0
0.036242
0
0
0
0
0
0
0
0
0
0
0
0
0
0
0
0
0
0
0
0
0
0
0
0
0
0
0
0
0
0
0
0
0
0
0
0
0
0
0.0421575
0.0421575
0
0.0150177
0.0150177
0.0150177
0.0150177
0.0150177
0.0150177
0.0150177
0.0150177
0.0150177
0.0416747
0.0416747
0
0.0421575
0.0416747
0.0416747
0.0416747
0.0416747
0.0416747
0
0
0
0
0
0
0
0
0
0
0
0
0
0
0
0
0
0
0
0
0.0410766
0
0
0
0
0
0
0
0
0
0
0
0
0
0
0
0
0
0
0
0
0
0
0
0
0
0
0
0
0
0
0
0
0
0
0
0
0
0
0
0
0
0
0
0
0
0
0
0
0
0
0
0
0
0
0
0
0
0
0
0
0
0
0
0
0
0
0
0
0
0
0
0
0
0
0
0
0
0
0
0
0
0
0
0
0
0
0
0
0
0
0
0
0
0
0
0.0421575
0.0423925
0.0423925
0.0423925
0.0423925
0.0423925
0
0.0423925
0.0423925
0
0.0150177
0.0150177
0.0150177
0.0150177
0.0150177
0
0
0
0
0.0150177
0.0150177
0.0150177
0.0150177
0
0.015038
0.0155681
0.0155681
0.0155681
0.0150177
0
0.0150177
0.0150177
0
0
0
0
0
0
0
0
0
0
0.0418528
0.0418528
0.0418528
0
0
0
0
0
0
0.0419427
0
0
0
0
0
0
0
0
0
0
0
0
0
0.0416265
0
0
0
0
0
0.0416828
0.0153177
0.0417554
0.0417554
0.0417554
0
0
0.0417554
0
0
0.0417554
0.0416346
0.015482
0.041723
0
0
0.041723
0
0
0.041723
0
0
0.041723
0.041723
0.041723
0.0589256
0.0589256
0.0417311
0
0.0417311
0
0
0.0413018
0
0.0413018
0.0413018
0.0413018
0.0413018
0
0
0
0
0.0413018
0.0413018
0
0
0
0
0
0
0
0
0
0.0413018
0.0589256
0
0
0.0589256
0.0589256
0.0589256
0.0589256
0.0625
0.0625
0.0625
0.0656532
0.0656532
0.0656532
0.0656532
0.0821995
0.0821995
0.0821995
0.0821995
0.0821995
0
0.0821995
0.0821995
0
0.0821995
0
0
0
0.267261
0.0625
0
0
0
0.0593391
0
0.0593391
0.0593391
0
0.0593391
0.0593391
0.0593391
0
0.0593391
0.0593391
0
0
0
0
0
0
0
0
0
0
0
0
0
0
0
0
0
0
0
0
0
0
0
0
0
0
0
0
0
0
0
0
0
0
0
0
0
0
0.0593391
0.0593391
0.0953463
0
0
0
0
0
0
0
0
0
0
0
0
0
0
0
0
0
0
0
0
0
0
0
0
0
0
0
0
0
0
0
0
0
0
0
0
0
0
0
0
0
0
0
0
0
0
0
0
0
0
0
0
0
0
0
0
0
0
0
0
0
0
0
0
0
0
0
0
0
0
0
0
0
0
0
0
0
0
0
0
0
0
0
0
0
0
0
0
0
0
0
0
0
0
0
0.0148774
0.0152783
0
0.0411693
0.0411693
0.0411693
0.036242
0.036242
0.036242
0
0
0
0.0369611
0.0365473
0.0365473
0.0365473
0.0429449
0.0429449
0
0
0.036242
0.036242
0
0
0.036242
0.036242
0.036242
0.036242
0.036242
0.036242
0.036242
0.0151864
0.0151864
0.0151864
0.036242
0.036242
0
0.036242
0.036242
0.0141196
0.0141196
0.0141196
0.0141196
0.0141196
0.014199
0.014199
0.0141196
0.0141196
0
0.0263198
0.0284901
0.0284901
0
0
0.0284901
0.0312466
0.0313078
0
0
0
0
0
0.0312466
0.0312466
0
0
0
0
0
0
0
0
0.0316052
0.0316052
0.0316052
0
0.0316052
0.0263198
0.0263198
0.0263401
0.0263401
0.0263198
0.0263198
0.0263198
0.0263198
0
0
0
0
0
0.0263198
0
0.0263198
0.0263198
0.0263401
0.0263401
0.0287691
0
0
0
0
0
0
0
0
0
0
0
0
0
0
0
0
0
0
0
0
0
0
0
0
0
0.0277113
0.0277113
0.0277113
0
0
0
0
0
0
0
0
0
0
0
0
0
0
0
0.0288595
0.0288595
0.0288595
0.0343897
0.0343897
0
0
0.0343897
0.0343897
0.0343897
0.0288595
0.0288595
0.0288595
0.0343897
0.0343897
0.0343897
0.0343897
0.0288595
0.0288595
0.0288595
0.0288595
0.0104382
0.0343897
0.0288595
0.0288595
0.0288595
0.0117541
0.0117541
0.0117541
0
0.0117541
0.0288595
0.0288595
0.0288595
0
0
0.0288595
0.0288595
0.0288595
0
0
0
0
0
0
0.0305392
0.0305392
0.0305392
0.0305392
0.0305392
0
0
0
0
0
0
0
0
0
0
0
0
0
0
0
0
0
0
0.026434
0.0264238
0.0313078
0.026434
0
0.026434
0.026434
0
0
0
0
0
0
0
0
0
0.0333704
0
0.0333704
0.0333704
0.0511645
0
0
0
0
0
0
0.0511645
0.0511645
0.0511645
0.0511645
0
0
0
0
0.0519174
0
0
0
0
0.0511645
0.0511645
0.0511645
0.0333704
0
0
0
0
0
0.0315492
0.0315492
0.0315492
0.0315492
0.0315492
0.0315492
0
0
0
0
0
0
0
0
0
0
0
0
0
0
0
0
0.0385186
0.0385186
0.0385186
0
0
0
0
0.0385186
0
0
0
0
0
0
0
0
0
0
0
0
0
0
0
0
0
0
0
0
0
0
0
0
0
0
0
0
0
0
0
0
0
0
0
0
0
0
0
0
0
0
0
0
0
0
0
0
0
0
0
0
0
0
0
0.0313351
0.0313351
0
0.00963858
0
0.00963858
0.00963858
0.00963858
0.00963858
0.00963858
0.00963858
0.00963858
0.0112594
0.0112594
0.00963858
0
0
0
0
0
0
0
0
0
0
0
0
0
0
0
0
0
0
0.036242
0.036242
0.036242
0.036242
0.036242
0.036242
0.036242
0.036242
0.036242
0.036242
0.036242
0.036242
0.036242
0.036242
0.036242
0.036242
0.036242
0.036242
0.036242
0.036242
0.036242
0
0.036242
0.0143062
0.036242
0.036242
0.036242
0.0362526
0.0362526
0.0362526
0.0362526
0.0362526
0.0362526
0.0362526
0.036242
0.036242
0.0143978
0
0
0.0425628
0.0425628
0.0413018
0.0413018
0
0
0
0.0153141
0.0161627
0.0155681
0
0
0
0
0
0
0
0
0
0
0
0
0.0409692
0.0409692
0.0409692
0.0409692
0.022462
0.022462
0.022462
0.022462
0.0410843
0.0410843
0.0410843
0
0
0
0
0
0.0410843
0.0411306
0.0410843
0.0410843
0.0410843
0.0410843
0.0410843
0
0
0
0
0
0
0
0
0
0
0
0.0362526
0.0362526
0.0362526
0
0.036242
0.036242
0.036242
0.036242
0
0
0
0.036242
0.036242
0.036242
0.036242
0.036242
0.036242
0.036242
0.036242
0.036242
0.036242
0.036242
0.0143326
0.0143326
0.0362526
0.0362579
0.0362526
0.0409692
0.0413567
0.0410075
0.036242
0.036242
0
0
0
0
0
0
0
0.036242
0.036242
0.036242
0.036242
0.036242
0.036242
0.036242
0
0
0
0
0.036242
0.036242
0.036242
0.0143062
0
0
0.0143062
0.0143062
0.0143062
0.036242
0.036242
0.0143062
0.0143062
0
0
0
0
0
0.036242
0.036242
0.036242
0.036242
0
0
0
0
0
0.0364986
0
0
0
0
0.0364986
0.0364986
0.0364986
0.0364986
0
0
0
0
0
0
0
0.0364986
0
0.0364986
0.0143326
0.0143326
0.0143326
0.036242
0.036242
0.036242
0.036242
0.036242
0.036242
0.036242
0.036242
0.036242
0.036242
0.036242
0.036242
0.036242
0.036242
0.036242
0.036242
0.036242
0.036242
0.036242
0.036242
0.036242
0.036242
0.036242
0
0
0
0
0
0
0
0
0
0
0.036242
0
0
0
0
0
0
0
0
0.036242
0.036242
0.036242
0.036242
0
0.0262976
0.0262976
0
0
0.0262976
0.0262976
0.0262996
0
0
0.0262976
0.0262976
0
0.0262976
0.0262976
0.0262976
0.0262976
0.0262976
0.0262976
0.0262976
0.0262976
0.0262976
0.0262976
0.0262976
0.0262976
0.0262976
0.0262976
0.0262976
0.0262976
0.0262976
0.0262976
0.0262976
0.0262976
0.0262976
0.0262976
0.0262976
0.0262976
0.0262976
0.0263198
0.0263198
0
0
0.0262976
0.0262976
0.0263198
0.0263198
0.0262976
0.0262976
0.0262976
0.0262976
0.0262976
0.0262976
0.0262976
0.0262976
0.0262976
0.0262976
0.0262976
0.0262976
0.0262976
0.0262976
0.0262976
0.0262976
0.0262976
0.0262976
0.0262976
0.0262976
0.0262976
0.0262976
0.0262976
0.0262976
0.0262976
0.0262976
0.0262976
0.0262976
0.0262976
0.0262976
0.0262976
0.0262976
0.0262976
0.0262976
0.0262976
0.0262976
0.0262976
0.0262976
0.0262976
0.0262976
0.0262976
0.0262976
0.0262976
0.0262976
0.0262976
0.0262976
0.0262976
0.0262976
0.0262976
0.0262976
0.0262976
0.0260998
0.0260998
0.0260998
0.0260998
0.032721
0.0369835
0.0261732
0.028565
0.028565
0.0285831
0.028565
0.0369835
0
0
0
0
0
0
0
0
0
0
0
0
0
0.0260978
0.0260978
0.0260978
0.0260978
0.0260978
0.0260978
0.0260978
0.0260978
0.0260978
0.0260978
0.0260978
0.0260978
0.0260978
0.0260978
0.0260978
0.0260978
0.0260978
0.0260978
0.0260978
0.0260978
0.0260978
0.0260978
0.0260978
0.0260978
0
0
0
0
0.0260978
0
0
0
0
0
0
0
0
0
0
0
0
0
0
0
0
0
0
0
0
0
0
0
0
0
0
0
0.0262976
0
0
0
0
0
0
0
0
0
0
0
0
0
0
0
0
0
0
0
0
0
0
0
0
0
0
0
0
0
0
0
0
0
0
0
0
0
0
0
0
0
0
0.0260978
0.0260978
0.0260978
0.0260978
0.0260978
0.0260978
0.0260978
0.0260978
0.0260978
0
0
0
0
0
0
0
0
0
0
0
0
0
0
0
0
0
0
0
0
0
0
0
0
0
0
0
0
0
0
0
0
0
0
0
0
0
0
0
0
0
0
0
0
0
0
0
0
0
0
0
0
0
0
0
0
0
0
0
0
0
0
0.0281396
0.0281396
0.0281396
0.0281396
0.0281396
0
0
0
0
0
0
0
0
0
0
0
0.128037
0.0155006
0.0155006
0
0
0
0
0
0
0
0
0
0
0
0
0
0
0
0
0
0
0
0
0
0
0
0
0
0
0
0
0
0
0
0
0
0
0
0
0
0
0
0
0
0
0
0
0
0
0
0
0
0
0
0
0
0
0
0
0
0
0
0
0
0
0
0
0
0
0
0
0
0
0
0
0
0
0
0
0
0
0
0
0
0
0
0
0
0
0
0
0
0
0
0
0
0
0
0
0
0
0
0
0
0
0
0
0
0
0
0
0
0
0
0
0
0
0
0
0
0
0
0
0
0
0
0
0
0
0
0
0
0
0
0
0
0
0
0
0
0
0
0
0
0
0
0
0
0
0
0
0
0
0
0
0
0
0
0
0
0
0
0
0
0
0
0
0
0
0
0
0
0
0
0
0
0
0
0
0
0
0
0
0
0
0
0
0
0
0
0
0
0
0
0
0
0
0
0
0
0
0
0
0
0
0
0
0
0
0
0
0
0
0
0.0260722
0
0
0
0
0
0
0
0
0
0
0
0
0
0
0.0260978
0
0
0
0
0
0
0
0
0
0
0
0
0
0
0
0
0
0
0
0
0
0
0
0
0
0
0
0
0
0
0
0
0
0
0
0
0
0
0
0
0
0
0
0
0
0
0
0
0
0
0
0
0
0
0
0
0
0
0
0
0
0
0
0
0
0
0
0
0
0
0
0
0
0
0
0
0
0
0
0
0
0
0
0
0
0
0
0
0
0
0
0
0
0
0
0
0
0
0
0
0
0
0
0
0
0
0
0
0
0
0
0
0
0
0
0
0
0
0
0
0
0
0
0
0
0.0260919
0.0260919
0.0260919
0.0260919
0.0260919
0.0260919
0
0
0
0
0.0396803
0.0396803
0
0
0
0
0
0
0
0
0
0
0
0
0
0
0
0
0.0261077
0
0
0
0
0
0
0
0
0
0
0
0
0
0
0
0
0
0
0
0
0
0
0
0
0
0
0
0
0
0
0
0
0.0260722
0
0
0
0
0
0
0
0
0
0
0
0
0
0
0
0.0262251
0.0262251
0.0262251
0.0262251
0
0
0
0
0
0
0
0
0
0
0
0
0
0
0
0
0
0
0
0
0
0
0
0
0
0
0
0
0
0
0
0
0
0
0
0
0
0
0
0
0
0
0
0
0
0
0
0
0
0
0
0
0
0
0
0
0
0
0
0
0
0
0
0
0
0
0
0
0
0
0
0
0
0
0
0
0
0
0
0
0
0
0
0
0
0
0
0
0
0
0
0
0
0
0
0
0
0
0
0
0
0
0
0
0
0
0
0
0
0
0
0.0260978
0.0260978
0.0260978
0
0
0
0
0
0
0
0
0
0
0
0
0
0
0
0
0
0
0
0
0
0
0
0
0
0
0
0
0
0
0
0
0
0
0
0
0
0
0
0
0
0
0
0
0
0
0
0
0
0
0
0
0
0
0
0
0
0
0
0
0
0
0
0
0
0
0
0
0
0
0
0
0
0
0
0
0
0
0
0
0
0
0
0
0
0
0
0
0.0260722
0.0260722
0
0
0
0
0
0
0
0.0907841
0.0907841
0.0907841
0.0907841
0.0907841
0
0
0
0
0
0
0.038317
0
0.038317
0.038317
0.038317
0.038317
0.038317
0.038317
0.038317
0.038317
0.038317
0.038317
0.038317
0.038317
0.038317
0.038317
0.038317
0.038317
0.038317
0.038317
0.038317
0.038317
0
0
0
0
0
0
0.038317
0.038317
0
0.038317
0.038317
0.038317
0.038317
0.038317
0.038317
0.038317
0.038317
0
0.038317
0.038317
0.038317
0.038317
0.038317
0.038317
0.038317
0.038317
0.038317
0.0400249
0.0400392
0.0400392
0.0144398
0
0
0.038317
0.038317
0
0
0
0
0.0400392
0.0386462
0
0
0
0.0383232
0.038317
0
0
0
0
0
0
0
0
0
0
0
0
0
0
0.038317
0.038317
0.0400392
0.0400392
0.0398832
0.0398832
0
0
0
0
0
0
0
0
0
0
0
0
0
0
0
0.0133678
0.0133678
0
0
0
0
0
0
0
0
0
0
0
0
0
0
0
0
0
0
0
0
0
0
0
0
0
0
0
0
0
0
0
0
0
0
0
0
0
0
0
0
0
0
0
0
0
0
0
0
0
0
0
0
0
0
0
0
0
0
0
0
0
0
0.038317
0.038317
0
0.038317
0.038317
0.0147796
0.038317
0.0383232
0.0400606
0.038317
0.0383357
0
0.0383671
0
0.038317
0.0400392
0.0400392
0.0400392
0.0400392
0.0400392
0.0398832
0.0398832
0.0398832
0
0
0
0
0
0
0
0
0
0
0
0
0
0
0
0
0
0
0
0
0
0
0
0
0
0
0
0
0
0
0
0
0
0
0
0
0
0
0
0
0
0
0
0
0
0
0
0
0
0
0
0
0
0
0
0
0
0
0
0
0
0
0
0
0
0
0
0.0133678
0.0133678
0.0133678
0.0383608
0
0.0381802
0.0381802
0.0383357
0.0382111
0
0
0
0
0
0
0
0
0
0
0
0
0
0
0
0
0
0
0
0
0
0
0
0
0
0
0.0382173
0.0382173
0.0153864
0.0382173
0.0389315
0.038342
0.0382235
0
0
0
0
0
0.0382235
0.038317
0.038317
0.038317
0.038317
0.0384552
0
0
0
0
0
0
0
0
0
0
0
0
0
0
0
0
0.03884
0
0
0
0
0
0
0
0
0
0
0
0
0
0
0.0384552
0.0396042
0
0.0384805
0.0387881
0.0397989
0.0132874
0
0
0
0
0
0
0
0
0
0
0
0
0
0
0
0
0
0
0
0
0
0
0
0.0260978
0
0
0
0
0
0
0
0
0
0
0
0
0
0
0
0
0
0
0
0
0
0
0
0
0
0
0
0
0
0
0
0
0
0
0
0
0
0
0
0
0
0
0
0
0
0
0
0
0
0
0
0
0
0
0
0
0
0
0
0
0
0.0260722
0.0260722
0.0260722
0.0260722
0.0260722
0.0260702
0.0260702
0.0260702
0.0260702
0.0260702
0.0260702
0.0260722
0.0260722
0.0260722
0.0260722
0
0
0
0
0
0
0
0
0
0.0260722
0.0260722
0.0260722
0
0
0
0
0
0
0
0
0
0
0
0
0
0
0
0
0
0
0
0
0
0
0.040954
0
0
0
0
0
0
0
0
0
0
0
0
0
0.0260978
0.0260978
0.0260978
0.0260978
0.0260978
0.0260978
0.0260978
0
0
0
0
0
0
0
0
0
0
0
0
0
0
0
0
0
0
0
0
0
0
0
0
0
0
0
0
0
0
0
0
0
0
0
0
0
0
0
0
0
0
0
0
0
0
0
0
0
0
0
0
0
0
0
0
0
0
0
0
0
0
0
0
0
0
0
0
0
0
0
0
0
0
0
0
0
0
0
0
0
0
0
0
0
0
0
0
0
0.0260978
0
0
0
0
0
0
0
0
0
0
0
0
0
0
0
0
0
0
0
0
0
0
0
0
0
0
0
0
0
0
0
0
0
0.0260919
0.0260919
0.0260919
0.0260919
0.0260998
0.0260998
0.0261434
0.0260998
0
0
0
0
0
0
0
0
0
0
0
0
0
0
0
0
0
0
0
0
0
0
0
0
0
0
0
0
0
0
0
0
0
0.0260978
0
0
0
0
0
0
0
0
0
0
0
0
0
0
0
0
0
0
0
0
0
0
0
0
0
0
0
0
0
0
0
0
0
0
0
0
0
0
0
0
0
0
0
0
0
0
0
0.0260998
0.0260998
0.0260998
0.0260998
0.0260998
0.0260998
0.0260998
0.0260998
0.0260998
0.0260998
0.0260998
0
0.0260919
0
0.0260978
0.0260978
0.0260978
0.0260978
0.0260978
0.0260978
0.0260978
0.0260978
0.0260978
0.0260978
0.0260978
0.0260978
0.0260978
0.0260978
0.0260978
0.0260978
0.0260978
0.0260978
0.0260978
0.0260978
0.0260978
0.0260978
0.0260978
0.0260978
0.0260978
0.0260978
0.0260978
0.0260978
0.0260978
0.0260978
0.0260978
0.0260978
0.0260978
0.0260978
0.0260978
0.0260978
0.0260978
0.0260978
0.0260978
0.0260978
0.0260978
0.0260978
0.0261037
0
0
0
0
0
0
0
0
0
0
0
0
0
0
0
0
0
0
0
0
0
0
0
0
0
0
0
0
0.0261037
0.0261037
0.0261037
0.0261037
0.0261037
0.0261037
0.0325472
0.0325472
0.0358057
0.0358057
0.0358057
0.0358057
0.0358057
0
0.0358057
0.0359327
0.0358057
0.072075
0.072075
0.103142
0.0358057
0.0618392
0
0
0
0
0
0
0.0358057
0.0325991
0.0261037
0
0
0
0
0
0
0
0
0
0
0
0
0
0
0
0
0
0
0
0
0
0
0
0
0
0
0
0
0
0
0
0.0262573
0
0
0
0
0
0
0
0
0
0
0
0
0.0260722
0.0260722
0.0260722
0
0
0
0
0
0
0
0
0
0
0
0
0
0
0
0
0
0
0
0
0
0
0
0
0
0.0260978
0.0260978
0
0
0
0
0
0
0
0
0
0
0
0
0
0
0
0
0
0
0
