0
0
0
0
0
0
0
0
0
0
0.0261109
0.0261109
0.0261109
0.0261109
0.0261109
0.0261109
0.0261109
0
0
0
0
0
0
0
0
0
0
0
0
0
0
0
0
0
0
0
0
0
0
0
0
0
0
0
0
0
0
0
0
0
0
0
0
0
0
0
0
0
0
0
0
0
0
0
0
0
0
0
0
0
0
0
0
0
0
0
0
0
0
0
0
0.0283667
0.0283752
0
0
0
0
0
0
0
0
0
0
0
0
0
0
0
0
0
0
0
0
0
0
0
0
0
0
0
0
0
0
0
0
0
0
0
0
0
0
0
0
0
0
0
0
0
0
0
0
0
0
0
0
0
0
0
0
0
0
0
0
0
0
0
0
0
0
0
0
0
0
0
0
0
0
0
0
0
0
0
0
0
0
0
0
0
0
0
0
0
0
0
0
0
0
0
0
0
0
0
0
0
0
0
0
0
0
0
0
0
0
0
0
0
0
0
0
0
0
0
0
0
0
0
0
0
0
0
0
0
0
0
0
0
0
0
0
0
0
0
0
0
0
0
0
0
0
0
0
0
0
0
0
0
0
0
0
0
0
0
0
0
0
0
0
0
0
0
0
0
0
0
0
0
0
0
0
0
0
0
0
0
0
0
0
0
0
0
0
0
0
0
0
0
0
0
0
0
0
0
0
0
0
0
0
0
0
0
0
0
0
0
0
0
0
0
0
0
0
0
0
0
0
0
0
0
0
0
0
0
0
0
0
0
0
0
0
0
0
0
0
0
0
0
0
0
0
0
0
0
0
0
0.0260909
0.0260909
0.0260909
0.0260909
0.0260909
0.0286299
0.0286299
0.0286299
0.0286299
0.0286299
0.0286299
0.0286299
0.0286299
0.0286299
0.0286299
0.0267716
0.0267716
0.0267716
0.0267716
0.0267716
0.0267716
0.0267716
0.0267716
0.0267716
0.0267716
0.0267716
0.0267716
0.0267716
0.0267716
0.0267716
0
0
0
0
0
0
0
0
0
0
0
0
0
0
0
0
0
0
0
0
0
0
0
0
0
0
0
0
0
0
0
0
0
0
0
0
0
0
0
0
0
0
0.0414781
0.0414781
0.0414781
0.0414781
0.0414781
0.0416667
0.0416667
0.0416667
0
0
0
0
0
0
0
0
0
0
0
0
0
0
0
0
0
0
0
0
0
0
0
0
0
0
0
0
0
0
0
0
0
0
0
0
0
0
0
0
0
0
0
0
0
0
0
0
0
0
0
0
0
0
0
0
0
0
0
0
0
0
0
0
0
0
0
0
0
0
0
0
0
0
0
0
0
0
0
0
0
0
0
0.0194698
0
0
0.0261869
0.0427374
0
0.0261757
0
0
0.0283724
0.0261869
0.0264028
0.0262703
0
0
0
0
0
0
0
0
0.0389693
0.0389693
0.0389767
0.0389767
0.0389693
0
0
0
0
0
0
0
0
0
0
0
0
0.0261824
0.0261824
0.0261824
0.0261824
0.0261824
0.0261824
0.0261824
0.026284
0.026284
0.026284
0
0
0
0
0
0
0
0
0
0
0
0
0
0
0
0
0
0
0
0
0
0
0
0
0
0
0
0
0
0
0
0
0
0
0
0
0
0
0
0
0
0
0
0
0
0
0
0
0
0
0
0
0
0
0
0
0
0
0
0
0
0
0
0
0
0
0
0
0
0
0
0
0.0262184
0.0262184
0.026293
0.0262184
0.0263432
0.0263432
0.0263432
0.0261622
0.0261622
0.0263455
0.0261622
0.0261622
0.0261622
0.0263386
0.0263455
0.0263386
0.0263386
0.0263455
0.0263386
0.0262184
0.0262184
0.0262184
0.0263386
0.0272166
0.0271288
0.0271288
0.0286475
0.0281328
0
0
0
0
0.0263112
0.0263112
0.0263112
0.0263112
0.0261891
0.0261891
0.0261891
0.0261891
0.0261891
0.0261891
0
0
0
0
0
0
0
0
0
0.0263432
0.0263409
0
0
0
0
0
0
0
0
0
0
0
0
0
0
0
0
0
0
0
0
0
0
0
0
0
0
0
0
0
0
0
0
0
0
0
0
0
0
0
0
0
0
0
0
0
0
0
0
0
0
0
0
0
0
0
0
0
0
0
0
0
0
0
0
0
0
0
0
0
0
0
0
0
0
0
0
0
0
0
0
0
0
0
0
0
0
0
0
0
0
0
0
0
0
0
0
0
0
0
0
0
0
0
0
0
0
0
0.0263409
0.0263409
0.0263409
0.0263409
0.0263409
0.0263432
0.0263432
0
0
0
0
0
0.0263409
0.0214669
0.0263409
0
0.0263409
0.0263432
0.0263432
0.0263432
0.0263409
0.0263409
0.0272595
0.0357314
0.043654
0
0
0.0264166
0
0
0
0
0
0
0.0297219
0
0.026577
0.026577
0.0265935
0.026577
0.0344112
0.0344112
0.0344112
0
0
0
0
0
0
0
0
0
0
0
0
0
0
0
0
0
0
0
0
0
0
0
0
0
0
0
0
0
0
0
0
0
0
0
0
0
0
0
0
0
0
0
0
0
0
0
0
0
0
0
0
0
0
0
0
0
0
0
0
0
0
0
0
0
0
0
0
0
0
0
0
0
0
0
0
0
0
0
0
0
0
0
0
0
0
0
0
0
0
0
0
0
0
0
0
0
0
0
0
0
0
0
0
0
0
0
0
0
0
0
0
0
0
0
0
0
0
0
0
0
0
0
0
0
0
0
0
0
0
0
0
0
0
0
0
0
0
0
0
0
0
0
0
0
0
0
0
0
0
0
0
0
0
0
0
0
0
0
0
0
0
0
0
0
0
0
0
0
0
0
0
0
0
0
0
0
0
0
0
0
0
0
0
0
0
0
0
0
0
0
0
0
0
0
0
0
0
0.0338643
0.0339324
0.0352071
0.0356292
0.0356292
0
0.0356348
0.0481963
0.0655122
0.024412
0.0398094
0.0413184
0.0426401
0.0407316
0
0
0
0
0
0
0
0
0
0
0
0
0
0
0
0
0
0
0
0
0
0
0
0
0
0
0
0
0
0
0
0
0
0
0.0345341
0.0345341
0.0345341
0.0345341
0.0345341
0.0345341
0
0
0.0345341
0.034622
0.034622
0.0346792
0.0346792
0.0346792
0.0348103
0.0346792
0.0346792
0.0346792
0.034622
0
0
0
0
0
0
0
0
0
0
0
0.0316267
0.027323
0.027323
0.0263432
0.0262296
0.0263432
0.0263432
0.027323
0.027323
0
0.027323
0.027323
0
0.0262862
0.0262862
0.0377157
0
0
0
0
0
0
0
0
0
0
0
0
0
0
0
0
0
0
0
0
0
0
0
0.0260865
0.0260865
0.0260865
0.0260865
0
0
0
0.0260865
0.0260865
0.0260865
0.0260865
0
0
0
0.0260422
0.0260422
0.0260422
0.0260422
0.0261131
0.0401125
0.0401125
0.0384758
0.0384758
0.0384758
0.0384758
0.0393521
0.0401125
0
0.0393521
0.0393521
0.0393521
0.0384758
0.0384758
0.0384758
0.0384758
0.0384758
0.0384758
0
0
0
0
0.0389915
0.0389915
0
0
0
0
0
0
0
0.0389915
0.0362381
0.0362381
0.0362381
0.0362381
0.0362381
0
0
0
0
0
0.0363757
0.0363757
0.0363757
0.0363757
0.0363757
0.0363757
0
0
0
0
0
0
0
0
0
0
0.0365514
0.0363757
0.0363757
0
0
0.0398015
0.0398015
0.0363757
0.0363757
0.0363757
0.0363757
0.0363757
0
0
0
0
0
0
0
0
0
0
0
0
0
0
0
0
0
0
0.0363757
0
0
0
0
0
0
0
0
0
0.0367173
0.0367173
0.0367173
0.0367173
0.0372484
0
0.0373913
0.0367173
0
0
0.0394055
0
0.0394055
0.0394055
0.0394055
0.0394055
0.0394055
0.0384758
0
0.0384758
0.0384758
0.0384758
0.0384758
0.0384758
0
0
0
0
0
0
0
0
0
0
0
0
0
0
0
0
0
0
0
0
0
0
0
0
0
0
0
0
0
0
0
0
0
0
0.0362381
0.0362381
0
0.0384758
0.0362321
0.0362321
0.0384758
0.0384758
0.0384758
0
0
0.0363696
0.0363696
0
0.0363696
0
0
0
0
0
0
0
0
0
0
0
0
0
0
0
0
0
0
0
0
0
0
0
0
0
0
0
0
0
0
0
0
0.0415317
0.0415317
0.0415317
0.0415317
0.0415317
0.0415317
0.0415317
0.0415317
0.0415317
0.0415317
0.0415317
0.0415317
0.0415317
0.0415317
0.0415317
0.0439587
0.0439587
0
0.0415317
0.0415317
0.0415317
0.0415317
0.0415317
0.0415317
0.0415317
0.0415317
0.0415317
0.0415317
0
0
0
0
0
0.0415317
0.0409702
0.0409702
0.0409702
0.0409702
0.0409702
0.0409702
0.0409702
0.0409702
0.041213
0.041213
0.0409702
0.041213
0.041213
0.0409702
0.0409702
0.0409702
0.0409702
0.0409702
0.0409702
0.0410564
0.0409702
0.0409702
0.0409702
0.0409702
0.0409702
0.0409702
0.0439481
0.0409702
0.0409702
0.0409702
0.0409702
0
0
0.0415317
0.0455842
0.0415317
0.0302475
0.0578557
0.0578557
0.0636285
0
0
0
0
0.043073
0
0.0409702
0.0409702
0
0
0
0
0.0427081
0.0428157
0.0335201
0.0335201
0
0
0
0
0
0
0
0.0409702
0
0
0
0
0
0
0
0
0
0
0
0
0
0
0
0
0
0
0
0
0
0
0
0
0
0
0
0
0
0
0
0
0
0
0
0
0
0
0
0
0
0
0
0.0212911
0.0212911
0.0212911
0.0230388
0
0.0657952
0
0
0.0212911
0.0411606
0.0411606
0.0411606
0
0
0
0
0
0
0
0
0
0
0
0
0
0
0
0.0415317
0.0415317
0.0415317
0.0415317
0.0415317
0.0415317
0.0415317
0.0439481
0.0415317
0
0
0
0
0
0
0
0
0.0325645
0.0364905
0.0477818
0
0.0482805
0.0414335
0.0414335
0
0
0
0
0
0
0
0.0414335
0.0414335
0.0414335
0.0414335
0.0414335
0.0414335
0.0414335
0
0
0
0
0
0.0414335
0.0414513
0.0414513
0.0365392
0.0365392
0.0372678
0.0372678
0.0433555
0.0433555
0.0414513
0.0414513
0.0414513
0.036442
0.036442
0.0451294
0.0451294
0
0
0
0.0414513
0.0414959
0.0414513
0.0414335
0.0433555
0.0433555
0.108465
0.0436852
0
0
0
0
0.0436852
0
0
0
0
0
0
0
0
0
0
0
0
0
0
0
0
0
0
0
0
0
0
0
0
0
0
0.0414424
0.0414424
0.0414247
0.0414247
0.0414424
0.0219581
0.0414247
0.0414247
0.0414247
0.0414247
0.0414247
0.0414247
0.0414247
0
0
0
0.0414247
0
0
0
0.0414335
0.0421076
0.0414335
0.0414335
0.0414335
0.0414335
0.0426208
0.0426208
0
0.0452563
0.0414335
0
0
0
0
0.0414335
0.0422955
0.0422955
0.0628074
0.0628074
0.0628074
0
0.0414247
0
0
0
0
0.0414247
0
0
0
0
0
0
0.0419038
0
0.0502202
0.0327385
0.0283866
0.0495074
0
0
0
0.0593391
0
0.0644157
0
0
0
0
0
0
0
0
0
0
0.0298541
0
0
0
0
0
0
0
0
0
0
0
0
0
0
0
0
0
0
0
0
0
0
0
0
0
0
0
0
0
0
0
0
0
0
0
0
0
0
0
0
0
0
0
0
0
0.0433657
0.0433657
0.0433657
0.0433657
0.0433657
0.0433657
0
0
0
0
0
0
0.0433657
0.0433657
0.0526316
0.0433657
0
0
0
0.0436436
0.0436436
0.0454545
0.0436436
0.0770943
0.0436436
0.0221025
0.0221025
0.0227508
0.0227508
0.0227803
0.0221025
0.0221025
0
0
0
0
0
0
0
0.0436436
0.0219634
0.0219634
0.0220273
0.0220273
0
0.0409702
0
0
0
0
0
0
0
0
0
0
0
0
0
0
0
0.0409702
0.027323
0.027323
0.027323
0.027323
0.027323
0.0261109
0.027323
0.043468
0
0
0
0.027323
0.027323
0.027323
0.027323
0
0
0.0524142
0
0
0
0
0
0
0
0
0
0
0
0
0.027323
0.027323
0
0.0215816
0.0222884
0
0.0444664
0
0
0
0
0.046349
0.014315
0.022173
0.023389
0
0.027323
0
0.027323
0
0.0414513
0.027323
0
0
0
0
0
0
0
0
0
0
0
0
0
0.043093
0
0.027323
0.043083
0.043083
0.043083
0
0
0
0
0
0
0
0
0
0
0
0
0
0
0
0
0
0
0
0
0
0.0342997
0
0.0352454
0.0343401
0.0343401
0
0
0
0
0
0
0
0
0
0
0
0
0
0
0
0
0
0
0
0
0
0
0
0
0
0
0
0
0
0
0
0
0
0
0
0
0
0
0
0
0
0
0
0
0
0
0
0
0
0
0
0
0
0
0
0
0
0
0
0
0
0
0
0.0409702
0
0
0
0.027323
0
0.027323
0.027323
0.027323
0
0.027323
0.021734
0.021734
0.021734
0
0.0218582
0.027323
0
0.027323
0
0
0
0
0
0.0409702
0.0409702
0
0.0409702
0.0409702
0.0409702
0.0409702
0.0409702
0.0409702
0.0409702
0.0409702
0
0
0
0
0.0409702
0.118888
0
0.027323
0.027323
0.027323
0.027323
0.027323
0.0282843
0
0.0282843
0.0286036
0.0877058
0.0437269
0.0455961
0.027323
0
0
0.027323
0.027323
0.027323
0.027323
0.027323
0.027323
0.027323
0.027323
0.027323
0
0
0
0
0
0
0
0
0
0.0419961
0.0437688
0.0420796
0.0420796
0.056299
0.0420983
0.0285133
0
0.0441403
0.0441403
0.0555556
0.0555556
0.0561656
0.0581238
0.0447774
0
0
0
0
0
0
0
0.0397151
0.0397151
0
0
0
0
0.0397151
0.0435297
0.0435297
0.0439693
0.0765279
0.0765279
0.0765279
0.0434372
0
0
0
0
0
0
0
0.0285133
0
0.0285133
0.0285133
0.0285133
0
0.0285133
0.0285133
0
0
0
0
0
0
0
0.0903508
0.0903508
0.0906287
0.0905357
0.045859
0.045859
0
0.045859
0.045859
0.0458711
0.045859
0
0
0
0
0
0
0
0
0
0
0
0
0
0
0
0
0
0
0.0229054
0.0234468
0
0
0
0
0
0
0
0
0
0
0
0
0
0
0
0
0
0
0
0
0
0
0
0
0
0.027323
0.027323
0.027323
0.027323
0.027323
0.027323
0.027323
0
0.027323
0.027323
0
0.027323
0.0222497
0.027323
0
0.027323
0.027323
0.027323
0
0
0
0
0
0.027323
0.027323
0
0.027323
0
0.027323
0.027323
0.027323
0
0.027323
0.027323
0.027323
0.027323
0.0409702
0.0409702
0.0409702
0.0409702
0.0409702
0.0416757
0.0416757
0.0409702
0.027323
0.027323
0.027323
0.027323
0
0
0.0434372
0.0515711
0.043468
0.0474713
0.043468
0.0435814
0.0435814
0
0
0
0
0
0
0
0
0
0
0
0
0
0
0
0
0
0
0
0.0261109
0
0
0
0
0
0
0
0.027323
0.027323
0.027323
0.0329154
0.0564333
0.0564333
0.0329154
0.0329154
0.0329154
0
0
0
0.0378506
0
0
0.0285133
0
0
0
0
0
0.027323
0.027323
0.027323
0.0286799
0.027323
0.027323
0
0.027323
0.027323
0.027323
0.027323
0.027323
0.027323
0
0.027323
0.027323
0.027323
0
0.027323
0
0
0
0
0
0
0
0
0
0
0
0
0
0
0
0
0
0
0
0
0
0
0
0
0
0
0.027323
0.027323
0.027323
0.027323
0.027323
0.027323
0.027323
0.027323
0.027323
0.027323
0.027323
0.027323
0
0
0
0
0
0
0
0
0
0
0.027323
0.0284757
0.0447214
0.027323
0
0
0
0
0
0
0
0.0297482
0.0297482
0.0297482
0
0.0415049
0
0
0
0
0
0
0
0
0
0
0
0
0
0
0.0277671
0.096225
0.027323
0.027323
0.027323
0.027323
0.027323
0.027323
0
0.027323
0.027323
0
0.027323
0
0.027323
0.027323
0.027323
0.027323
0.027323
0.027323
0.027323
0.027323
0.027323
0.0444006
0.0444006
0
0
0.0444006
0
0
0
0
0
0
0
0
0.0440867
0.0440867
0.0440867
0.0442158
0.0437479
0
0
0.0437479
0.0437479
0.0225189
0
0
0
0
0
0
0
0
0
0
0
0
0
0
0
0
0
0
0
0.027323
0.027323
0.027323
0.027323
0
0.027323
0
0
0
0
0
0
0
0
0
0
0
0
0
0
0
0
0
0
0
0
0
0
0
0
0
0
0
0
0
0
0
0
0
0
0
0
0
0
0
0
0
0
0
0
0.027323
0.027323
0.027323
0
0.027323
0.0990148
0.0990148
0.0990148
0.0990148
0.0990148
0.0990148
0.0990148
0.027323
0.0219054
0.027323
0.027323
0
0.027323
0.027323
0.027323
0
0
0
0
0
0
0
0
0
0
0.0221079
0
0.0221187
0.0221187
0.0221187
0.0221187
0.0221187
0.0225189
0.0225647
0
0.0225189
0.0221187
0
0
0
0
0
0
0
0
0
0
0
0
0
0.0221187
0.0221187
0.0221187
0
0
0
0
0.027323
0.027323
0.0224112
0
0
0
0
0
0
0
0.0225018
0
0.027323
0.027323
0.027323
0.027323
0.027323
0.0415317
0
0
0
0.027323
0.027323
0.027323
0.027323
0.027323
0.027323
0.040953
0.040953
0.040953
0.027323
0.0437688
0.0438003
0.0437688
0.0437688
0.027323
0
0.027323
0
0.0409702
0.0409702
0.0409702
0.0409702
0.0409702
0.0409702
0.0409702
0.0409702
0.0409702
0.0409702
0.0409702
0
0
0
0
0.0409702
0
0.0409702
0.0409702
0.0409702
0.0409702
0
0
0
0
0
0
0
0
0
0
0
0
0
0
0
0
0
0
0
0
0
0
0
0
0
0
0.027323
0
0
0
0
0
0
0
0
0
0
0
0
0
0
0
0
0
0
0
0
0
0
0
0
0
0
0
0
0
0
0
0
0
0
0
0
0
0
0
0
0
0
0
0
0
0
0
0
0.0262726
0.0262726
0.0262726
0.0262726
0.0262726
0.0262726
0.0262726
0.0262726
0.0309901
0.0262726
0.0262726
0.0262726
0.0262726
0.0262726
0
0
0
0
0
0
0
0
0.0262749
0.0262749
0.0262749
0.0262749
0.0262749
0.0262749
0
0
0.0262749
0
0
0
0
0
0
0
0
0
0
0
0
0
0
0
0
0
0
0
0
0
0
0
0
0
0
0.0416757
0.0416757
0.0416757
0.0416757
0.0416757
0.0416757
0.0416757
0
0
0
0
0
0
0
0
0
0
0
0
0
0
0
0
0
0
0
0
0
0
0
0
0
0
0
0
0
0
0.038097
0.0325042
0
0
0.0408504
0.0262749
0.0262749
0.0262749
0
0
0
0.0262749
0.0262749
0.0263203
0.0262749
0.0262749
0.0262794
0.029254
0.029254
0.0262794
0.0262953
0.0262953
0.0262953
0.0262953
0.0262794
0.0262794
0.0262794
0.029254
0.029254
0.029254
0.029254
0.029254
0.0308901
0.029254
0.029254
0.029254
0.0213152
0.029254
0.029254
0.029254
0.029254
0.029254
0.029254
0.029254
0
0
0
0
0
0.0262749
0.0262749
0.0262749
0.0262749
0.0312157
0.0262749
0.0399043
0.0399043
0.0399043
0.0399043
0.0415586
0.0399043
0.0262749
0.0309901
0.0262749
0.0298209
0.0262749
0.0262749
0.0262749
0.0298209
0.0298209
0.0305995
0.0300931
0.0300931
0.0300931
0.0300931
0.0300931
0.0300931
0
0
0
0
0
0
0.0449126
0.0582223
0.0461143
0.0405137
0.0405054
0
0
0
0
0.0263203
0.0263203
0.104828
0.0646846
0
0
0.0260865
0.0260865
0.0260865
0.0260865
0.0260865
0
0
0
0
0
0
0
0
0
0
0
0
0
0
0
0
0
0
0
0
0
0
0
0
0
0
0
0
0
0
0
0
0
0
0
0
0
0
0
0
0
0
0
0
0
0
0
0
0
0
0
0
0
0
0
0
0
0
0
0
0
0
0
0
0
0
0
0
0
0
0
0
0
0
0
0
0
0
0
0
0
0
0
0
0
0
0
0
0
0
0
0
0
0
0
0
0
0
0
0
0
0
0
0
0
0
0
0
0
0
0
0
0
0
0
0
0
0
0
0
0
0
0
0
0
0
0
0
0
0
0
0
0
0
0
0
0
0
0
0
0
0
0
0
0
0
0
0
0
0
0
0
0
0
0
0
0
0
0
0
0
0
0
0
0
0
0
0
0
0
0
0
0
0
0
0
0
0
0
0
0
0
0
0
0
0
0
0
0
0
0
0
0
0
0
0
0
0
0
0
0
0
0
0
0
0
0
0
0
0
0
0
0
0
0
0
0
0
0
0
0
0
0
0
0
0
0
0
0
0
0
0
0
0
0
0
0
0
0
0
0
0
0
0
0
0
0
0
0
0
0
0
0
0
0
0
0
0
0
0
0
0
0
0
0
0
0
0
0
0
0
0
0
0
0
0
0
0
0
0
0
0
0
0
0
0
0
0
0
0
0
0
0
0
0
0
0
0
0
0
0
0
0
0
0
0
0
0
0
0
0
0
0
0
0
0
0
0
0
0
0
0
0
0
0
0
0
0
0
0
0
0
0
0
0
0
0
0
0
0
0
0
0
0
0
0
0
0
0
0
0
0
0
0
0
0
0
0
0
0
0
0
0
0
0
0
0
0
0
0
0
0
0
0
0
0
0
0
0
0
0
0
0
0
0
0
0
0
0
0
0
0
0
0
0
0
0
0
0
0
0
0
0
0
0.0320915
0.0293452
0.0320915
0.0320915
0.0320915
0.0320915
0.0320915
0.0320915
0.0415317
0
0.0320915
0.0320915
0.0320915
0.0293452
0.0293452
0.0293452
0.0293452
0.0293452
0.0293452
0.0293452
0.0409702
0.0409702
0.0409702
0.0409702
0.0409702
0.0409702
0.0409702
0.0293452
0
0.0386046
0.0363276
0.0297318
0
0
0
0
0.0409702
0.0409702
0.0384473
0.0296891
0.0296891
0.0296891
0.0296891
0.0296891
0.0296891
0
0
0
0
0.0413626
0
0.03031
0.03031
0.0305816
0.0338158
0.0377627
0.0421169
0
0
0
0.0300353
0.0300353
0.0423524
0.0300387
0
0.0300387
0.036798
0
0.0299275
0.0299309
0.0409702
0
0.0260444
0.0260444
0.0260444
0.0260444
0.0260444
0.0260444
0.0260665
0.026051
0.0261109
0.0260444
0
0.0261109
0.0261109
0
1
0
0
0
0
0
0
0.0263844
0.0263844
0.0263844
0.0263844
0
0
0
0
0.0263867
0.0263867
0.0263867
0.0263867
0.0263867
0.0263867
0.0263867
0.0263844
0
0.0264327
0
0
0
0
0
0
0
0
0
0
0
0
0
0
0
0
0
0
0
0
0
0
0
0
0
0
0
0
0
0
0
0
0
0
0
0
0
0
0
0
0
0
0
0
0.0279754
0.0279754
0.0279754
0.0408674
0
0
0
0
0
0
0
0
0
0
0
0
0
0.027959
0.027959
0.027959
0.027959
0.027959
0.027959
0.027959
0
0
0
0
0
0
0
0
0.0279809
0.0279809
0
0
0.0279754
0.0279754
0.0279754
0
0
0
0
0
0
0
0
0
0
0
0
0
0
0
0
0
0
0
0
0
0
0
0
0
0
0
0
0
0
0
0
0
0
0
0
0
0
0.0279754
0
0
0
0
0
0
0
0
0
0
0
0
0
0
0
0
0
0
0
0
0
0
0
0
0
0
0
0
0
0
0
0
0
0
0
0
0.0262409
0.0262409
0.0260865
0.0260865
0.0260865
0.0260865
0.0260865
0.0260865
0.0260865
0.0260865
0.0260865
0.0260865
0.0260865
0.0260865
0.0260865
0.0260865
0.0260865
0.0260865
0.0260865
0.0260865
0.0260865
0.0260865
0
0
0
0.0260865
0.0260865
0.0260865
0.0260865
0.0260865
0.0260865
0.0260865
0.0260865
0.0260865
0.0261131
0.0261131
0.0261131
0.0261176
0.0261176
0.0261131
0.0261131
0.0261176
0.0262726
0
0
0
0.0261131
0.0283609
0
0
0
0
0.0261131
0
0.0261131
0.0261131
0.0261131
0.0261131
0
0.0261131
0.0261131
0.0345961
0.0345961
0.0280111
0.0280111
0.0280166
0.0280166
0.0280111
0.0280111
0
0
0.0279864
0.0279864
0.0279864
0.0279864
0.0279864
0.0279864
0
0
0
0
0
0.0280083
0.0279864
0.0279864
0.0279864
0.0279864
0.0279864
0
0.0279864
0.0279864
0.0279864
0.0280469
0.0280469
0.0279864
0.0279864
0
0.0279864
0
0.0279864
0.0279864
0.0279864
0
0.0279864
0.0279864
0
0
0
0.0279864
0.0279864
0.0279864
0.0279864
0.0279864
0.0279864
0.0279864
0.0279864
0.0279864
0.0279864
0.0279864
0.0279864
0.0280469
0.0280469
0.0280469
0
0.0280469
0.0279864
0.0279864
0.0279864
0.0279864
0
0.0279864
0.0279864
0
0
0
0
0
0
0
0
0
0
0
0
0
0
0
0
0
0
0
0
0
0
0
0
0
0
0
0
0
0
0
0
0
0
0
0
0
0
0
0
0
0
0
0
0
0
0
0
0
0
0
0
0
0
0
0
0
0
0
0
0
0
0
0
0
0
0
0
0
0
0
0
0
0
0
0
0
0
0
0
0
0
0
0
0
0
0
0
0
0
0
0
0
0
0
0
0
0
0
0
0
0
0
0
0
0
0
0
0
0
0
0
0
0
0
0
0
0
0
0
0
0
0
0
0
0
0
0
0
0
0
0
0
0
0
0
0
0
0
0
0.0263386
0.0263386
0
0.0263386
0.0263386
0.0263386
0
0.0263386
0
0
0
0.0274747
0.0282588
0
0
0
0
0
0
0
0
0
0.0294724
0
0
0
0
0
0
0
0
0
0
0
0
0
0
0
0
0
0
0
0
0
0
0
0
0
0
0
0
0
0
0
0
0
0
0
0
0.027323
0.027323
0.027323
0
0
0
0
0
0
0
0
0.040953
0.040953
0.040953
0.0339618
0.0339618
0
0.0339618
0
0.0339618
0.0339618
0.0339618
0.0339618
0.0339618
0.0339618
0.0339618
0
0
0.0339618
0.0339618
0.0339863
0.0339863
0
0
0.0339863
0.0339863
0.0339618
0
0
0
0
0
0
0
0
0
0
0
0
0
0
0.0339814
0.0339814
0.0339814
0.0339814
0
0.0339814
0
0
0
0
0
0
0
0
0
0
0.0339814
0.0339814
0
0
0.0339814
0.0339814
0.0339814
0
0.0339814
0
0
0
0.0339814
0
0
0.0339814
0.0339814
0.0339814
0
0.034001
0
0
0
0
0
0
0
0
0
0
0
0
0
0
0
0
0
0.0263181
0
0
0
0
0
0
0
0
0
0
0
0
0
0
0
0
0
0
0
0
0
0
0
0
0
0
0
0
0
0
0
0
0
0
0
0
0
0
0
0
0
0
0
0
0.0263455
0.0263455
0.0263455
0.0263455
0.0263455
0
0
0
0
0
0
0
0.0260865
0.0260865
0
0
0
0
0
0
0.0262976
0.0262976
0.0262976
0.0262862
0
0
0
0
0.0263181
0.0263181
0.0263181
0
0
0.0277671
0.0277671
0
0
0
0.0263181
0.0263181
0
0.0261131
0.0260998
0.0260998
0.0260998
0.0260998
0.086711
0.0260998
0.0269093
0.0260998
0
0
0
0
0
0
0
0.0264374
0
0.0263112
0.0339667
0
0
0
0
0
0
0
0
0
0
0
0
0
0
0
0
0
0
0
0
0
0
0
0
0
0
0
0
0
0
0
0
0
0
0
0
0
0
0
0
0
0
0
0
0
0
0
0
0
0
0
0
0
0
0
0
0
0
0
0
0
0
0
0
0
0
0
0
0
0.0252056
0.0252056
0.0252056
0.0252056
0.0252056
0.0252056
0.0252056
0.0252056
0.0252056
0.0280166
0.0280166
0
0
0
0.0280166
0.0851257
0.0253755
0
0
0
0
0
0.0269191
0
0
0
0
0
0
0
0
0
0
0
0
0
0
0
0
0
0
0
0
0
0
0
0
0
0
0
0
0
0.0261109
0
0
0
0
0
0
0
0
0
0
0
0
0
0
0
0
0
0
0.0261109
0.0261109
0.0261109
0.0261109
0.0261109
0.0261109
0.0261109
0
0
0
0
0
0
0
0
0
0
0
0
0
0
0
0
0
0
0
0
0
0
0
0
0
0
0
0
0
0
0
0
0
0
0
0
0
0
0
0
0
0
0
0
0
0
0
0
0
0
0
0
0
0
0.0426305
0.0426305
0.0426305
0.0426305
0
0
0
0
0
0.0438108
0
0
0
0
0
0
0
0
0
0
0
0
0
0
0
0
0
0
0
0
0
0
0
0
0
0
0
0
0
0
0
0
0
0
0
0
0
0
0
0
0
0
0
0
0
0
0
0
0
0
0
0
0
0
0
0
0
0
0
0
0
0
0
0
0
0
0
0
0
0
0
0
0
0
0
0
0
0
0
0
0
0
0
0
0
0
0
0
0
0
0
0
0
0
0
0
0
0
0
0
0
0
0
0
0
0
0
0
0
0
0
0
0
0
0
0
0
0
0
0
0
0
0
0
0
0
0
0
0
0
0
0
0
0
0
0
0
0
0
0
0
0
0
0
0
0
0
0
0
0
0
0
0
0
0
0
0
0
0
0
0
0
0
0
0
0
0
0
0
0
0
0
0
0
0
0
0
0
0
0
0
0
0
0
0
0
0
0
0
0
0
0
0
0
0
0
0
0
0
0
0
0
0
0
0
0
0
0
0
0
0
0
0
0
0
0
0
0
0
0
0
0
0
0
0
0
0
0
0
0
0
0
0
0
0
0
0
0
0
0
0
0
0
0
0
0
0
0
0
0
0
0
0
0
0
0
0
0
0
0
0
0
0
0
0
0
0
0
0
0
0
0
0
0
0
0
0
0.0261131
0.0261131
0.0261131
0.0261131
0.0261131
0.0261131
0.0261131
0.0261131
0.0261131
0.0261131
0.0261131
0.0261131
0.0261131
0.0261131
0.0261131
0.0261131
0.0261131
0.0261131
0.0261131
0.0261131
0.0261131
0.0261131
0.0261131
0.0261131
0.0261131
0.0261131
0.0261131
0.0261131
0.0261131
0.0261131
0.0261131
0.0261131
0.0261131
0.0261131
0.0261131
0.0261131
0.0261131
0.0261131
0.0261131
0.0261131
0.0261131
0.0261131
0.0261131
0.0261131
0.0261131
0.0261131
0.0261131
0.0261131
0.0261131
0.0261131
0.0261131
0.0261131
0.0261131
0.0261131
0.0261131
0.0261131
0.0261131
0.0261131
0.0261131
0.0261131
0.0261131
0.0261131
0.0261131
0.0261131
0.0261131
0.0261131
0.0261131
0.0261131
0.0261131
0.0261131
0.0261131
0.0261131
0.0261131
0.0261131
0.0261131
0.0261131
0.0261131
0.0261131
0.0261131
0.0261131
0.0261131
0.0261131
0.0261131
0.0261131
0.0261131
0.0261131
0.0261131
0.0261131
0.0261131
0.0261131
0.0261131
0.0261131
0.0261131
0.0261131
0.0261131
0.0261131
0.0261131
0.0261131
0.0261131
0.0261131
0.0261131
0.0261131
0.0261131
0.0261131
0.0261131
0.0261131
0.0261131
0.0261131
0.0261131
0.0261131
0.0261131
0.0261131
0.0261131
0.0261131
0.0261131
0.0261131
0.0261131
0.0261131
0.0261131
0.0261131
0.0261131
0.0261131
0.0261131
0.0261131
0.0261131
0.0261131
0.0261131
0.0261131
0.0261131
0.0261131
0.0261131
0.0261131
0.0261131
0.0261131
0.0261131
0.0261131
0.0261131
0.0261131
0.0261131
0.0261131
0.0261131
0
0
0
0
0
0
0
0
0
0
0
0
0
0
0
0
0
0
0
0
0
0
0
0
0
0
0
0
0
0
0
0
0
0
0.0261131
0
0.0261555
0.0261555
0.0261131
0
0
0
0
0.0261555
0.0261555
0
0
0
0
0
0
0
0
0
0
0
0
0
0
0
0
0
0
0
0
0
0
0
0
0
0
0
0
0.0261176
0
0
0
0
0
0
0
0
0
0
0
0.0279372
0.0279372
0.0262976
0
0
0
0
0
0
0
0
0
0
0
0
0
0
0
0
0.0274282
0.0274282
0.0274282
0.0263158
0
0
0
0
0
0
0
0
0
0
0
0
0
0
0
0
0
0
0
0
0
0
0.0416848
0.0416848
0.0416848
0.0416848
0.0416848
0.0416848
0.0416848
0.0416848
0.0416938
0.0416938
0.0416848
0.0416848
0.0416848
0.0416848
0.0416848
0.0416848
0.0416848
0.0416848
0.0416848
0.0416848
0.0416848
0.0416848
0.0416848
0.0422766
0.0416848
0.0416848
0.0416848
0.0416848
0.0416848
0.0416848
0
0
0.0416848
0.0416848
0.0416848
0.0416848
0.0426111
0.0426111
0.0426111
0.0426111
0.0436332
0.0436332
0.0426111
0.0426111
0.0426111
0.0426111
0.0426111
0.0426887
0
0.0426887
0.0214127
0.0428157
0.0428157
0.0428353
0.0428157
0.0428157
0
0.0428157
0
0.0440012
0.0440012
0
0.0440546
0.0440546
0.043874
0.0439587
0.0439587
0.063693
0.0439587
0.0458349
0.0458349
0.0458349
0.0458349
0.045847
0.0458349
0.0458349
0.0458349
0.0426111
0.0433759
0.0433963
0.0443897
0.0445546
0.0445546
0.0445546
0
0
0.045072
0.0436021
0.0433963
0.0426692
0.0426692
0.0426692
0.0426692
0.0426692
0.0426692
0.0426692
0.0426692
0.0426692
0.0426692
0.0426692
0.0426692
0.0426692
0.0426692
0.0426692
0.0426692
0.0426692
0.0558581
0.0558581
0
0
0.0261109
0.0261109
0.0261109
0.0261109
0.0261109
0.0261109
0.0261109
0.0261109
0.0261109
0.0261109
0.0261109
0.0261109
0.0261109
0.0261109
0.0261109
0.0261109
0.0261109
0.0261109
0.0261109
0.0261109
0.0261109
0.0261109
0.0261109
0.0261109
0.0261109
0.0261109
0.0261109
0.0261109
0.0261109
0
0
0.0426692
0.0426692
0.0426692
0.0426692
0.0426692
0.0426692
0.0436956
0.0426692
0.0426692
0.0429834
0.0429834
0.0429834
0.0429834
0.0429834
0.0429834
0.0429834
0.0429834
0.0429834
0.0429834
0.0426692
0.0426692
0.0426692
0.0426692
0.0426692
0.0436956
0.0426692
0.0426692
0.0426692
0.0427667
0.0427667
0
0
0
0.0427667
0.0426692
0
0
0
0.0426692
0.0426692
0.0430331
0.0430331
0.0430331
0.0430331
0.0430331
0
0.0426692
0.0426692
0.0426692
0.0427471
0.0427471
0.0430331
0
0.0430331
0.0430331
0
0
0
0
0.066519
0.066519
0
0
0
0
0
0
0.0349215
0.0349215
0.0438003
0.0438213
0
0
0
0
0
0.0439269
0.0439269
0.0439269
0
0
0
0
0
0
0
0
0
0
0
0
0
0
0
0
0
0
0
0
0
0
0
0
0
0
0
0
0
0
0
0
0
0
0
0
0
0
0
0
0
0
0
0
0
0
0
0
0
0
0
0
0
0
0
0
0
0
0
0
0
0
0
0
0
0
0
0
0
0
0
0
0
0
0
0
0
0
0
0
0
0
0
0
0.0607737
0.0607737
0.0607737
0
0
0
0
0
0
0
0
0
0
0
0
0
0
0
0
0.0430331
0.0430331
0.0427667
0.0427667
0
0
0
0
0
0
0
0
0
0
0
0
0
0.0426692
0.0426692
0.0429141
0.0426692
0.0426692
0.0429141
0.0429141
0
0.0429141
0
0
0
0.0429141
0.0429141
0.0607737
0.0607737
0.0607737
0.0607737
0.0644826
0.0644826
0.0644826
0.0644826
0.040757
0.040757
0
0.0644826
0
0
0.0666667
0
0
0.06742
0
0
0
0
0
0
0.0680414
0.0424476
0.0424476
0.0424476
0.0431934
0.0431934
0.0432338
0.0432338
0.0433963
0.0431934
0.0409616
0.0409616
0.0411345
0
0.0411345
0
0
0
0
0
0
0
0
0
0
0
0
0
0
0
0
0
0
0
0
0
0
0
0
0
0
0
0
0
0
0
0
0
0
0
0
0.0433963
0
0.0436021
0.0436021
0.0436021
0.0436021
0.0436021
0.0446767
0
0
0
0
0
0
0
0
0
0.0436021
0.0442374
0.0966736
0.0966736
0.267261
0.0966736
0.223607
0
0
0
0
0
0
0
0.0433963
0.0433963
0.0433963
0.0433963
0
0.0433963
0
0.0436021
0.0436021
0.0436021
0.0437269
0.0437269
0
0
0
0
0
0
0
0
0
0
0.0427471
0.0427471
0.0428648
0.0215515
0.0215515
0
0
0
0
0
0
0.0215515
0.0215515
0.0439269
0.0642824
0.0222277
0.0222277
0.0222277
0.0222277
0
0
0.0222277
0.0222277
0.0222277
0.0222277
0.0222277
0.0222332
0.0222332
0
0
0
0
0
0.0222277
0
0
0
0
0
0
0
0
0
0
0
0
0
0
0
0
0
0
0
0
0
0
0
0
0
0
0
0
0
0
0
0
0
0
0
0
0
0
0
0
0
0
0
0.0430331
0.0430331
0.0430331
0.0430331
0.0443569
0.0443569
0
0.0443569
0
0
0.0444006
0
0
0
0
0
0
0
0
0
0
0
0.0443569
0.0444006
0.0430331
0
0
0
0
0
0
0
0
0
0
0
0
0
0
0
0
0
0
0
0
0
0
0
0
0
0
0
0
0
0
0
0
0
0
0
0
0
0
0
0
0
0
0
0
0
0
0
0
0
0
0
0
0
0
0
0
0
0
0
0
0
0
0
0
0
0
0
0
0
0
0
0
0
0
0
0
0
0
0
0
0
0
0
0
0
0
0
0.0430631
0.0430631
0
0.0430631
0
0
0
0
0
0
0.0219317
0.0219317
0.043325
0.043325
0.0428944
0.0428944
0.0428944
0
0
0
0
0
0
0
0.0428944
0
0.0428944
0
0
0
0
0.0429735
0.0416667
0.0416667
0.0416667
0.0416667
0.0416667
0.0416667
0.0416667
0.0416667
0.0413096
0.0416667
0
0
0
0
0.0262477
0.0262477
0.0262477
0.0262477
0.0262477
0.0262477
0.0262477
0.0262477
0.0262477
0
0
0
0
0
0
0
0
0
0
0
0
0
0
0
0
0
0
0
0
0
0
0
0
0
0
0
0
0
0
0
0.0380418
0.038208
0
0
0
0
0
0
0
0
0
0
0
0
0
0
0
0
0
0
0
0
0
0
0
0
0
0
0
0
0
0
0
0
0
0
0
0
0
0
0
0
0
0
0
0
0
0
0
0
0
0
0
0
0
0
0
0
0
0
0
0
0
0
0
0
0
0
0
0
0
0
0
0
0
0
0
0
0
0
0
0
0
0
0
0
0
0
0
0
0
0
0
0
0
0
0
0
0
0
0
0
0
0
0
0
0
0
0
0
0
0
0
0
0
0
0
0
0
0
0
0
0
0
0
0
0
0
0
0
0
0
0
0
0
0
0
0
0
0
0
0
0
0
0
0
0
0
0
0
0
0
0
0
0
0
0
0
0
0
0
0
0
0
0
0
0
0
0
0
0
0
0
0
0
0
0
0
0
0
0
0
0
0
0
0
0
0
0
0
0
0
0
0
0
0
0
0
0
0
0
0
0
0
0
0
0
0
0
0
0
0
0
0
0
0
0
0
0
0
0
0
0
0
0
0
0
0
0
0
0
0
0
0
0
0
0
0
0
0
0
0
0
0
0
0
0
0
0
0
0
0
0
0
0
0
0
0
0
0
0
0
0
0
0
0
0
0
0
0
0
0
0
0
0
0
0
0
0
0
0
0
0
0
0
0
0
0
0
0
0
0
0
0
0
0
0
0
0
0
0
0
0
0
0.0403075
0.049029
0.0202527
0
0
0
0
0
0
0
0
0
0
0
0
0
0.0342494
0
0
0
0
0
0
0
0
0
0
0
0
0
0
0
0
0
0
0
0
0
0
0
0
0
0
0
0
0
0
0
0
0
0
0
0.0293357
0
0.0293357
0
0
0
0
0
0
0
0
0
0
0
0
0
0
0
0
0
0
0
0.0289551
0.0291513
0.0289551
0.0289551
0.0304431
0.0331679
0
0
0
0
0
0
0
0
0
0
0
0
0
0
0
0
0
0
0
0
0
0
0
0
0
0
0
0
0
0
0
0
0
0
0
0
0
0
0
0
0
0
0
0
0
0
0
0
0
0
0
0
0
0
0
0
0
0
0.0313998
0.034622
0.0292072
0
0
0
0
0
0
0
0
0
0
0
0
0
0
0
0
0
0
0
0.0316624
0.0352071
0
0.0317901
0
0
0
0
0
0
0
0
0
0
0
0
0
0
0
0
0
0
0
0
0
0
0
0
0
0
0
0
0
0
0
0
0
0
0
0
0
0
0
0
0
0
0
0
0
0
0
0
0
0
0
0
0
0
0
0
0
0
0
0
0
0
0
0
0
0
0
0
0
0
0
0
0
0
0
0
0
0
0
0
0
0
0
0
0
0
0
0
0
0
0
0
0
0
0
0
0
0
0
0
0
0
0
0
0
0
0
0
0
0
0
0
0
0
0
0
0
0
0
0
0
0
0
0
0
0
0
0
0
0
0
0
0
0
0
0
0
0
0
0
0
0
0
0
0
0
0
0
0
0
0
0
0
0
0
0
0
0
0
0
0
0
0
0
0
0
0
0
0
0
0
0
0
0
0
0
0
0
0
0
0
0
0
0
0
0
0
0
0
0
0
0
0
0
0
0
0
0
0
0
0
0
0
0
0
0
0
0
0
0
0
0
0
0
0
0
0
0
0
0
0
0
0
0
0
0
0.0296891
0.0296891
0.0296891
0.0299041
0.0299041
0.0296891
0.0304044
0.0296891
0.029254
0.029254
0.029254
0.0214719
0.0214719
0.0275974
0
0
0.029254
0.0410132
0.0410132
0.0410132
0.0410132
0.0410132
0
0
0
0
0
0
0
0
0
0
0
0
0
0
0
0
0
0
0
0
0
0
0
0
0
0
0
0
0
0
0
0
0
0
0
0
0
0
0
0
0
0
0
0
0
0
0
0
0
0
0
0
0
0
0
0
0
0
0
0
0
0
0
0
0
0
0
0
0
0
0
0
0
0
0
0
0
0
0
0
0
0
0
0
0
0
0
0
0
0
0
0
0
0
0
0
0
0
0
0
0
0
0
0.0261109
0.0261109
0.0261109
0
0
0
0
0
0
0
0
0
0
0
0
0
0
0
0
0
0
0
0
0
0
0
0
0
0
0
0
0
0
0
0
0
0
0
0
0
0
0
0
0
0
0
0
0
0
0
0
0
0
0
0
0
0
0
0
0
0
0
0
0
0
0
0
0
0
0
0
0
0
0
0.0262681
0.0262681
0.0262681
0.0262681
0
0
0
0
0.026102
0.026102
0.0397464
0.0397464
0.0398964
0.0234339
0.0397464
0.0397464
0.0397464
0.0397464
0.0397464
0.0397464
0.023237
0.023237
0.023237
0.023237
0.023237
0.023237
0
0.023237
0.023237
0
0
0
0.023237
0.023237
0.0401367
0.0401367
0.0397464
0.0397464
0
0
0
0
0
0
0
0.050751
0
0.050751
0.050751
0
0.050751
0.050751
0
0
0
0
0
0
0
0.0401529
0.0397464
0.0397621
0.0397621
0.0397621
0.0397621
0.0397621
0.0397621
0.0397464
0.0407231
0.0407231
0.0407231
0.0407231
0
0.0407231
0.0407231
0
0.0409702
0.0409702
0.0409702
0.0409702
0.0409702
0.0409702
0.031766
0.031766
0
0
0
0.0409702
0.021801
0.021801
0.021801
0.0212911
0.0212959
0
0
0
0
0
0
0
0
0
0
0
0.0243324
0.0243324
0
0
0
0
0
0
0
0
0.0243324
0.0384758
0.0640513
0.0384758
0.0384758
0.0384758
0.0384758
0.0384758
0.0384758
0.0384758
0.0384758
0.0384758
0.0384758
0.0384758
0.0384758
0.0384758
0.0384758
0.0384758
0.0384758
0.0384758
0.0384758
0.0384758
0.0384758
0
0
0
0
0
0
0.0384758
0.0384758
0
0.0384758
0.0384758
0.0384758
0.0384758
0.0384758
0.0384758
0.0384758
0.0384758
0.0640184
0.0384758
0.0384758
0.0384758
0.0384758
0.0384758
0.0384758
0.0384758
0.0384758
0.0384758
0.0414513
0
0
0.0435194
0
0
0.0384758
0.0384758
0
0
0
0
0
0.0388514
0
0
0
0.03849
0.0384758
0
0
0
0
0
0
0
0
0
0
0
0
0
0
0.0384758
0.0384758
0
0
0.0399601
0.0399601
0
0
0
0
0
0
0
0
0
0
0
0
0
0
0
0.0450149
0.0450149
0
0
0
0
0
0
0
0
0
0
0
0
0
0
0
0
0
0
0
0
0
0
0
0
0
0
0
0
0
0
0
0
0
0
0
0
0
0
0
0
0
0
0
0
0
0
0
0
0
0
0
0
0
0
0
0
0
0
0
0
0
0.0384758
0.0384758
0
0.0384758
0.0384758
0.0443242
0.0384758
0.03849
0.040757
0.0384758
0.0384971
0
0.0385329
0.078326
0.0384758
0
0
0
0
0
0.0399601
0.0399601
0.0399601
0
0
0
0
0
0
0
0
0
0
0
0
0
0
0
0
0
0
0
0
0
0
0
0
0
0
0
0
0
0
0
0
0
0
0
0
0
0
0
0
0
0
0
0
0
0
0
0
0
0
0
0
0
0
0
0
0
0
0
0
0
0
0
0
0.0450149
0.0450149
0.0450149
0.0385186
0
0.0384119
0.0384119
0.0385472
0.0384473
0
0
0
0
0
0
0
0
0
0
0
0
0
0
0
0
0
0
0
0
0
0
0
0
0
0
0.0384544
0.0384544
0
0.0384544
0.0390807
0.0385472
0.0384189
0
0
0
0
0
0.0384189
0.0384758
0.0384758
0.0384758
0.0384758
0.0386406
0
0
0
0
0
0
0
0
0
0
0
0
0
0
0
0
0.0388808
0
0
0
0
0
0
0
0
0
0
0
0
0
0
0.0386406
0.0397543
0
0.0386695
0.0389989
0.0399521
0.043468
0
0
0
0
0
0
0
0
0
0
0
0
0
0
0
0
0
0
0
0.0640513
0
0
0
0
0
0
0
0
0
0.0384758
0.0384758
0.0384758
0.0384758
0.0384758
0.0384758
0
0
0
0
0
0
0
0
0.0293452
0.0409702
0.0296891
0.0296891
0.0296891
0.0296891
0.0296891
0.0296891
0.0296891
0.0296891
0.0296891
0.0296891
0.0296891
0.0296891
0
0.0373522
0
0
0
0
0
0
0
0.045859
0.045859
0.045859
0.0514856
0
0
0
0
0
0.0410046
0.0437479
0.0524142
0
0
0
0.0409702
0.0409702
0.0409702
0.0412832
0
0
0
0
0
0
0
0
0
0
0
0
0.0407231
0.0407231
0.0407231
0.0407231
0.0407231
0.0407231
0.0407231
0
0
0
0
0
0
0
0
0
0
0
0
0
0
0
0
0
0
0
0
0
0
0
0
0
0
0
0
0
0
0
0
0
0
0
0
0
0
0
0
0
0
0
0
0
0
0
0
0
0
0
0
0
0
0
0
0
0
0
0
0
0
0
0
0
0
0
0
0
0
0
0
0
0
0
0
0
0
0
0
0
0
0
0
0
0
0
0
0
0
0
0
0
0
0
0
0
0
0
0
0
0
0
0
0
0
0
0
0
0
0
0
0
0
0
0
0
0
0
0
0
0
0
0
0
0
0
0
0
0
0
0
0
0
0
0
0
0
0
0
0
0
0
0
0
0
0
0
0
0
0
0
0
0
0
0
0
0
0
0
0.0405804
0.0405804
0.0405804
0.0405804
0.0405804
0.0405804
0.0405804
0.0405804
0.0405804
0
0
0
0
0
0
0
0
0
0
0
0
0
0
0
0
0
0
0
0
0
0
0
0
0
0
0
0
0
0
0
0
0
0
0
0
0
0
0
0
0
0
0
0
0
0
0
0
0
0
0
0
0
0
0
0
0
0
0
0
0
0
0
0
0
0
0
0
0
0
0
0
0
0
0
0
0
0
0
0
0
0
0
0
0
0
0
0
0
0
0
0
0
0
0
0
0
0
0
0
0
0
0
0
0
0
0
0.027323
0.027323
0.027323
0.027323
0.027323
0.027323
0.027323
0.027323
0.027323
0.027323
0.027323
0.027323
0.027323
0.027323
0.027323
0.027323
0.027323
0.027323
0.027323
0.027323
0.027323
0.027323
0.027323
0.027323
0.027323
0.027323
0.027323
0.027323
0.027323
0.027323
0.027323
0.027323
0.027323
0.027323
0.027323
0.027323
0.027323
0.027323
0.027323
0.027323
0.027323
0.027323
0.027323
0.027323
0.027323
0.027323
0.027323
0.027323
0.027323
0.027323
0.027323
0.027323
0.027323
0.027323
0.027323
0.027323
0
0
0.027323
0.027323
0.027323
0.027323
0.027323
0.027323
0.027323
0.027323
0.027323
0.027323
0.027323
0.027323
0.027323
0.027323
0.027323
0.027323
0.027323
0.027323
0
0
0
0.040953
0.0453493
0.027323
0.027323
0.027323
0.027323
0.027323
0.027323
0.027323
0.027323
0.027323
0.027323
0.027323
0.027323
0.027323
0.027323
0.027323
0.027323
0.027323
0.027323
0.027323
0.027323
0.027323
0.027323
0.027323
0.027323
0.027323
0.027323
0.027323
0.027323
0.027323
0.027323
0.027323
0.027323
0.027323
0.027323
0.027323
0.027323
0.027323
0.027323
0.027323
0.027323
0.027323
0.027323
0.027323
0.027323
0.027323
0.027323
0.027323
0.027323
0.027323
0.027323
0.027323
0.027323
0.027323
0.027323
0.027323
0.027323
0.027323
0.027323
0.027323
0.027323
0.027323
0.027323
0.027323
0.027323
0.027323
0.027323
0.027323
0.027323
0.027323
0.027323
0.027323
0.027323
0.027323
0.027323
0.027323
0.027323
0.027323
0.027323
0.027323
0.027323
0.027323
0.027323
0.027323
0.027323
0.027323
0.027323
0.027323
0.027323
0.027323
0.027323
0.027323
0.027323
0.027323
0.027323
0.027323
0.027323
0.027323
0.027323
0.027323
0.027323
0.027323
0.027323
0.027323
0.027323
0.027323
0.027323
0.027323
0.027323
0.027323
0.027323
0.027323
0.027323
0.027323
0.027323
0.027323
0.027323
0.027323
0.027323
0.027323
0.027323
0.027323
0.027323
0.027323
0.027323
0.027323
0.027323
0.027323
0.027323
0.027323
0.027323
0.027323
0.027323
0.027323
0.027323
0.027323
0.027323
0.027323
0.027323
0.027323
0.027323
0.027323
0.027323
0.027323
0.027323
0.027323
0.027323
0.027323
0.027323
0.027323
0.027323
0.027323
0.027323
0.027323
0.027323
0.027323
0.027323
0.027323
0.027323
0.027323
0.027323
0.027323
0.027323
0.027323
0.027323
0
0
0.027323
0.027323
0.027323
0.027323
0.027323
0.027323
0.027323
0.027323
0.027323
0.027323
0.027323
0.027323
0.027323
0.027323
0.027323
0.027323
0.027323
0.027323
0.027323
0
0
0
0
0
0.027323
0
0
0
0
0
0
0
0
0
0
0
0
0
0
0
0
0
0
0
0
0
0
0
0
0
0
0
0
0
0
0
0.0438424
0
0.0438424
0.0438424
0
0
0
0
0
0
0
0.0406726
0
0.0406726
0.027323
0.027323
0.027323
0.0439375
0.0439375
0
0
0
0.0439375
0
0
0
0.0409702
0
0
0.0409702
0.0409702
0.0409702
0.0409702
0.0409702
0
0
0
0
0.0409702
0.027323
0.027323
0
0.0453493
0.0284959
0
0.027323
0.027323
0.027323
0.027323
0.040953
0.040953
0.040953
0.040953
0
0.027323
0.027323
0
0
0
0.027323
0
0
0
0
0
0
0
0.027323
0.027323
0.027323
0.027323
0.027323
0.027323
0.027323
0.027323
0.027323
0.027323
0.027323
0.027323
0.027323
0
0
0
0.027323
0
0
0
0
0
0
0
0
0
0.0438318
0
0
0
0
0
0
0.0438108
0
0
0
0.0438108
0
0
0
0
0
0
0
0.0438108
0
0.0462869
0
0
0
0
0
0
0
0
0
0
0
0
0
0
0
0.0439375
0.0439375
0
0.0439375
0.0453843
0.0453843
0
0
0
0
0
0.0453843
0
0
0
0
0
0
0
0
0
0
0
0
0
0
0
0
0
0
0
0
0
0
0
0
0
0
0
0
0
0
0
0
0
0
0
0
0
0
0
0
0
0
0
0
0
0
0
0
0
0
0.0429042
0.0429042
0.0429042
0.0414513
0.0414513
0.0414513
0.0404971
0.0404971
0.0404971
0.0404971
0.0404971
0.0404971
0.0404971
0
0
0
0
0
0
0
0
0
0
0
0
0
0
0
0
0
0
0
0
0
0
0
0
0
0
0
0
0
0
0
0
0
0
0
0.0413803
0
0.0414247
0.0404971
0
0
0
0
0
0
0
0
0
0
0
0
0
0
0
0
0
0
0
0
0
0
0
0
0
0
0
0
0
0
0
0
0
0
0
0
0
0
0
0
0
0
0
0
0
0
0
0
0
0
0
0.0400963
0.0407485
0.0407485
0.0407485
0.040953
0.0652675
0.0652675
0
0
0
0
0
0
0
0
0
0
0
0.0260865
0
0.0262726
0.0262726
0.0262726
0.0262726
0
0
0
0
0
0
0
0
0
0
0
0
0
0.0261131
0.0261131
0.0261131
0.0261131
0.0261131
0.0261131
0.0269191
0.0269191
0.059976
0.0298541
0.0298541
0.0269191
0
0
0
0
0
0.0262908
0.0341096
0.0274747
0.0282588
0
0
0
0.0274514
0.0274514
0.0271163
0.0275137
0.0271163
0.0274514
0
0
0
0
0
0
0
0
0
0
0
0
0
0
0
0
0
0
0
0
0
0
0
0
0
0
0
0
0
0
0
0
0
0
0
0
0
0
0
0.0260865
0.0260865
0.0260865
0.0260865
0.0260865
0.0260842
0.0260842
0.0260842
0.0260842
0.0260842
0.0260842
0.0260865
0.0260865
0.0260865
0.0260865
0
0
0
0
0
0
0
0
0
0.0261109
0
0.0261109
0.0261109
0.0261109
0.0261109
0.0261109
0.0261109
0
0.0261109
0
0.0261109
0
0
0
0
0
0
0.040953
0.040953
0.040953
0.040953
0.040953
0
0
0
0
0.0210538
0.0210538
0.0318465
0
0.040953
0.0207346
0.0212814
0.0220006
0
0.0220433
0
0.0212814
0
0.0207346
0.040953
0.040953
0.0261131
0.0261131
0.0261131
0.0261131
0.0263386
0.0261131
0.0261131
0.0261131
0
0
0.0261109
0.0261109
0.0261109
0.0261109
0
0
0.0261131
0.0261131
0.0261555
0
0
0.0261131
0.0261131
0.0261131
0.0261131
0.0253755
0.0458831
0.0280441
0.0283268
0.0283268
0.0283325
0.0283296
0.118262
0
0.0261131
0.0261131
0.0261131
0.0261131
0.0261131
0.0261131
0.0261131
0.0261131
0.0261131
0.0261131
0.0261131
0.0261131
0.0261131
0.0261131
0.0261131
0.0261131
0.0261131
0.0261131
0.0261131
0.0261131
0.0252056
0.0252056
0.0252056
0.0860663
0.0252377
0.0258371
0
0
0
0
0
0
0
0
0
0
0.0261131
0.0280441
0.0283325
0.119952
0
0.120168
0
0
0
0
0
0
0
0
0
0
0
0
0
0
0
0
0.0261109
0.0261109
0.0261109
0.0261109
0.0261109
0.0261109
0
0
0
0
0
0
0.0261109
0.0261109
0.0261109
0.0261109
0.0261109
0.0261109
0.0261109
0.0261109
0
0
0
0.0253755
0.0277885
0
0
0
0
0
0.0261131
0
0.0261131
0.0261131
0.0261131
0.0261131
0.0261131
0.0261131
0.0261131
0.0261131
0.0261131
0.0261131
0.0261131
0.0261131
0.0261131
0.0261131
0.0261131
0.0261109
0.0261109
0.0261109
0.0261109
0.0261109
0.0261131
0.0261131
0.0261131
0.0261131
0.0261131
0.0261131
0.0261131
0
0.0261131
0.0261131
0.0261131
0.0261131
0.0261131
0.0260998
0.0260998
0.0260998
0
0
0
0
0
0
0
0
0
0
0
0
0
0
0
0
0
0
0
0
0
0.0393826
0.0393826
0.0393826
0.0393826
0.0393826
0.0393826
0
0.0393826
0.0393826
0
0
0
0
0.0393826
0.0393826
0.0393826
0.0393826
0.0393826
0.0393826
0
0.0393826
0.0393826
0.0393826
0.0393826
0.0395208
0.0395208
0.0395208
0.0395285
0.0395208
0.0393826
0.0393826
0.0393826
0.0401448
0.0393826
0
0
0
0
0
0
0
0
0
0
0
0
0
0
0
0
0
0
0
0
0
0
0
0
0
0
0
0
0
0
0
0
0
0
0
0
0
0
0
0
0
0
0
0
0
0
0
0
0
0
0
0
0
0
0
0.0409702
0.0409702
0.0409702
0.0409702
0.0409702
0.0409702
0.0409702
0
0.0409702
0.0409702
0.0409702
0
0
0
0
0
0
0
0
0
0.0409702
0.0409702
0.0409702
0.0409702
0.0409702
0.0409702
0.0409702
0.0409702
0.0409702
0.0409702
0.0409702
0.0409702
0.0409702
0
0
0
0.0409702
0.0409702
0.0409702
0.0409702
0.0409702
0.0409702
0.0409702
0.0409702
0
0.0409702
0.0409702
0.0409702
0.0409702
0.0409702
0.0409702
0.0409702
0.0409702
0.0409702
0.0409702
0.0409702
0.0409702
0.0409702
0
0
0
0.0261109
0
0
0
0
0
0
0
0
0
0
0
0
0
0
0
0
0
0
0
0
0
0
0
0
0
0
0
0
0
0
0
0
0
0
0
0
0
0
0
0
0
0
0
0
0
0
0
0
0
0
0
0
0
0
0
0
0
0
0
0
0
0
0
0
0
0
0
0
0
0
0
0
0
0
0
0
0
0
0
0
0
0
0
0
0
0
0
0
0
0
0
0
0
0
0
0
0
0
0
0
0
0
0
0
0
0
0
0
0
0
0
0
0
0
0
0
0
0
0
0
0
0
0
0
0
0
0
0
0
0
0
0
0
0
0
0
0
0
0
0
0
0
0
0
0
0
0
0
0
0
0
0
0
0
0
0
0
0
0
0
0
0
0
0
0
0
0
0
0
0
0
0
0
0
0
0
0
0
0
0
0
0
0
0
0
0
0
0
0
0
0
0
0
0
0
0
0
0
0
0
0
0
0
0
0
0
0
0
0
0
0
0
0
0
0
0
0
0
0
0
0
0
0
0
0
0
0
0
0
0
0
0
0
0
0
0
0
0
0
0
0
0
0
0
0
0
0
0
0
0
0
0.0262477
0
0
0
0
0
0
0
0
0
0
0
0
0
0
0
0
0
0.0262477
0
0.0262477
0
0.0375426
0.0375359
0.0375359
0.0375359
0.0375359
0.0375359
0.0375359
0.0375359
0.0375359
0.0375426
0.0375426
0
0
0
0.0406642
0.0406642
0
0
0
0
0
0
0
0
0
0
0
0
0
0
0
0
0
0
0
0
0
0
0
0
0
0
0
0
0
0
0.0387202
0.0387202
0
0.0387202
0.0610847
0.0391705
0.0390509
0
0.043468
0
0.0514344
0
0.218218
0.0391705
0
0
0
0
0.0379322
0.0379869
0.0379322
0
0.0376022
0.0376288
0.0376288
0.0439057
0.0439057
0.0439057
0.0379253
0.0380625
0
0
0
0.0379322
0.0380693
0
0
0
0
0
0
0
0
0
0
0
0
0
0
0
0
0
0
0
0
0
0
0
0
0
0
0
0
0
0
0
0
0
0
0
0
0
0
0
0
0
0
0
0
0
0
0
0
0
0
0
0
0
0
0
0
0
0
0
0
0
0
0
0
0
0
0
0
0
0
0
0
0
0
0
0
0
0
0
0
0
0
0
0
0
0
0
0
0
0
0
0
0
0
0
0
0
0
0
0
0.0376222
0
0
0
0
0
0
0
0.0429042
0.0559893
0
0.0427276
0.0427863
0
0
0
0
0
0
0
0
0
0
0
0
0
0
0
0
0
0.0389989
0.039036
0.0390063
0.0411084
0.0389545
0
0
0
0
0
0
0
0
0
0
0.0410219
0.133333
0.133333
0.133333
0.0413008
0
0
0
0
0
0
0
0
0
0
0
0
0
0
0
0
0
0.0413008
0
0
0
0
0
0
0
0.0437479
0.0437793
0
0.0280939
0.0281161
0
0
0
0
0
0
0
0
0
0
0
0
0
0
0
0
0
0
0
0
0
0
0
0
0
0
0
0
0
0
0.0379526
0
0.0815139
0
0.0376288
0.0376288
0.0429042
0.0564108
0.0453027
0
0
0
0
0
0
0
0
0
0
0
0
0
0
0
0
0
0
0
0
0
0
0
0
0
0
0
0
0
0
0
0
0
0
0
0.0260865
0.0260865
0.0260865
0
0.0347419
0
0
0
0
0.0347419
0.0347419
0.0347419
0
0
0
0
0
0.0352399
0.0352399
0.0352399
0.0352399
0.0352399
0.0352399
0.0349056
0.0349056
0.0349056
0.0349056
0.0349056
0.0347105
0.0347105
0.0347105
0.0347105
0.0347314
0.0347105
0.0347157
0
0
0
0
0.0457389
0.0457389
0
0
0
0
0
0
0
0
0
0
0
0
0
0
0.037018
0.037018
0
0
0
0
0
0
0
0
0
0
0.119737
0.119737
0
0
0
0
0.0349695
0.0377964
0.0377964
0
0
0
0
0.0454077
0.0454077
0
0
0
0
0.0241896
0.0241896
0.018051
0.018051
0
0
0.0455961
0.0455961
0
0
0
0
0
0
0
0
0
0
0.0273588
0.0273588
0
0
0.0388734
0.0388734
0.024318
0.0388734
0
0
0
0
0
0.0347105
0
0.0347105
0.0347105
0.0347105
0
0.0347105
0
0
0
0
0
0
0
0
0
0.0348896
0.0348896
0
0.0348896
0.034879
0
0.034879
0.0353443
0.0353443
0.0353443
0.0353443
0.0269289
0.0269289
0.0269289
0.0269289
0.0457389
0.0457389
0.0457389
0.0457389
0.0457389
0.0457389
0.0269289
0.0269289
0.0269289
0.0269289
0.0269289
0.0269289
0.0401448
0.0401448
0
0.0401448
0
0
0
0
0
0
0
0
0
0
0
0
0
0
0
0
0
0
0
0
0
0
0
0
0
0
0
0
0
0
0
0
0
0
0
0
0
0
0
0
0
0
0
0
0
0
0
0
0
0
0
0
0
0
0
0
0
0
0
0
0
0
0
0
0.037018
0.037018
0.037018
0.037018
0
0
0
0
0
0
0
0
0
0
0
0
0
0
0
0
0
0
0
0
0
0
0
0
0
0
0
0
0
0
0
0
0
0
0
0
0
0
0
0
0
0
0
0
0
0
0
0
0
0
0
0
0
0
0
0
0
0
0
0
0
0
0
0
0
0
0
0
0
0
0
0
0.0636285
0.0636285
0.0454077
0.0454077
0.0454077
0.0454077
0.04521
0.04521
0.04521
0
0
0.0455961
0.0455961
0.0455961
0.0455961
0.0455961
0.0455961
0.0455961
0
0
0
0
0
0
0
0
0
0
0
0
0
0.0241896
0.0241896
0.0241896
0.0241896
0
0
0.0241896
0
0
0
0
0
0
0
0
0
0
0
0
0
0
0
0
0
0
0
0
0
0
0
0
0
0
0
0
0
0
0
0
0
0
0
0
0
0
0
0
0
0
0
0
0
0
0
0
0
0
0
0
0
0
0
0
0
0
0
0
0
0
0
0
0
0
0.0347105
0
0.0347105
0.0347157
0.0347157
0.034805
0.0347367
0.0364299
0.0347576
0.0347157
0
0.0347157
0
0
0
0
0
0
0
0
0
0
0
0
0
0
0
0
0.0261176
0
0.0261176
0.0261176
0.0261176
0.0261176
0
0
0
0
0
0
0
0
0
0
0
0
0
0
0
0
0
0
0
0
0
0
0
0
0
0
0.026293
0.026293
0.026293
0.026293
0.026293
0.0263181
0.0263181
0.0263181
0
0
0
0
0
0
0
0.0263181
0.0263181
0
0
0.0263181
0.0263181
0.0263181
0.0263181
0
0
0.0263181
0
0.0263455
0.0263181
0.0263181
0.0262568
0.0262568
0.0262568
0.0262568
0
0.0262568
0.0262568
0.0262568
0.0262568
0.0262999
0
0
0.0262568
0.0262568
0
0.0262568
0.0262568
0
0
0.0262568
0
0
0
0
0
0
0
0
0
0
0
0
0
0
0
0
0
0
0
0
0
0
0
0
0
0
0
0
0
0
0
0
0
0
0
0
0
0
0
0
0
0
0
0
0
0
0
0
0
0
0.0262568
0
0
0
0
0
0.0262568
0
0
0
0
0
0
0
0
0
0
0
0
0
0
0
0
0
0
0
0
0
0
0
0
0
0
0
0
0
0
0
0
0
0
0
0
0
0
0
0
0
0
0
0
0
0
0
0
0
0
0
0
0
0
0
0
0
0.0409187
0.0659739
0.0659739
0.0659739
0.0659739
0.0659739
0.0806478
0
0.0404971
0.0404971
0.0404971
0.0404971
0.0404971
0.0404971
0.0404971
0.0404971
0.0404971
0.0404971
0.0404971
0.0404971
0.0404971
0.0404971
0.0404971
0.0409016
0
0.0404971
0.0279182
0.0279182
0.0279182
0.0279182
0.0279182
0.0436332
0.0436332
0.0623783
0.0701862
0.0623783
0.0436332
0.065372
0
0.040893
0
0
0
0
0.0413803
0
0.0404971
0.0404971
0
0
0
0.0404971
0
0
0
0
0
0
0
0
0
0
0
0
0
0
0
0
0
0
0
0
0
0.040893
0.040893
0.0409273
0.040893
0.040893
0.040893
0.040893
0
0.0409016
0.0409702
0
0
0
0
0
0
0
0
0
0
0
0
0
0
0
0
0
0
0
0
0
0
0
0
0
0
0
0
0
0
0
0
0
0
0
0
0.0409101
0.0279182
0.0279182
0.0279182
0.0279182
0.0279182
0.0279182
0.0279182
0.0279182
0
0
0
0
0
0
0
0
0
0
0
0
0
0
0.040953
0.040953
0.040953
0.040953
0.040953
0.040953
0.040953
0.040953
0.0261109
0.0261109
0.0261109
0.0261109
0.0261109
0.0261109
0.0261109
0.0261109
0
0.0427667
0.0427667
0
0
0
0
0
0
0
0
0
0
0
0
0
0
0
0
0
0
0
0
0
0
0
0.0222277
0
0
0
0
0.0222277
0
0
0
0
0
0
0
0
0
0
0
0
0
0
0
0
0
0
0
0
0
0
0
0
0
0
0
0
0
0
0
0
0
0
0
0
0
0
0
0
0
0
0
0
0
0
0
0
0
0
0
0
0
0
0
0
0
0
0
0
0
0
0
0
0
0
0
0
0
0
0
0
0
0
0
0
0
0.0444006
0.0444006
0
0
0
0
0
0.0444006
0
0
0
0
0
0
0
0
0
0
0
0
0
0
0
0
0
0
0
0
0
0
0
0
0
0
0
0
0
0
0
0
0
0
0
0
0
0
0
0
0
0
0
0
0
0
0
0
0
0
0
0
0
0
0
0
0
0
0
0
0
0
0
0
0
0
0
0
0
0.0407231
0
0
0
0
0
0
0
0
0
0
0
0
0
0
0.0261109
0.0261109
0.0261109
0.0261109
0.0261109
0.0261109
0.0261109
0.0261109
0.0261109
0.0261109
0.0261109
0.0261109
0.0261109
0
0
0
0
0
0
0
0
0
0
0
0
0
0
0
0
0
0
0
0
0
0
0
0
0
0
0
0
0
0
0
0
0
0
0
0
0
0
0
0
0
0
0
0
0
0
0
0
0
0
0
0
0
0
0
0
0
0
0
0
0
0
0
0
0.0262568
0.0262568
0.0262568
0
0
0
0
0.0262568
0
0
0.0262999
0
0
0
0.0407231
0
0
0
0
0
0
0
0
0
0
0
0
0
0
0
0
0
0
0
0
0
0
0
0
0
0
0
0
0
0
0
0
0
0
0
0
0
0
0.0261176
0.0261176
0.0261176
0.0261176
0.0261176
0.0261176
0.0261176
0
0
0
0
0
0
0
0
0
0
0
0
0
0
0
0
0
0
0
0
0
0
0
0
0
0
0
0
0.0261176
0.0261176
0.0261176
0.0261176
0.0261176
0.0261176
0
0
0
0
0
0
0
0
0
0
0
0
0
0
0
0
0
0
0
0
0
0
0
0
0
0
0
0
0
0
0
0.027323
0.027323
0.027323
0.027323
0
0
0
0
0
0
0
0
0
0
0
0
0
0
0
0
0
0
0
0
0
0
0
0
0
0
0
0
0
0
0
0
0
0
0
0
0
0
0
0
0.0453376
0.0453376
0.0453376
0.0453376
0.0453376
0
0
0
0
0
0
0
0
0
0
0
0
0
0
0.0215816
0.0215816
0
0.0215917
0.0215917
0
0
0
0
0
0
0
0
0
0
0
0
0
0
0
0
0
0
0
0
0
0
0
0
0
0
0
0
0
0
0
0
0
0
0
0
0
0
0
0
0
0
0
0
0
0
0
0
0
0
0
0
0
0
0
0
0
0
0
0
0
0
0
0
0
0
0
0
0
0
0
0
0
0
0
0
0
0
0
0
0
0
0
0
0
0
0
0
0
0
0
0
0
0
0
0
0
0
0
0
0
0
0
0
0
0
0
0
0
0
0
0
0
0
0
0
0
0
0
0
0
0
0
0
0
0
0
0
0
0
0
0
0
0
0
0
0
0
0
0
0
0
0
0
0
0
0.0263181
0.0263455
0.0263455
0.0263455
0.0263455
0.0263455
0.0263455
0
0
0
0.0263455
0
0.0263455
0
0.0263455
0.0263455
0.0263455
0
0
0
0
0
0
0
0
0
0
0
0
0
0
0
0
0
0
0
0
0
0
0
0.026051
0
0
0
0
0
0
0
0
0
0
0
0
0
0
0
0
0
0
0
0
0
0
0
0
0
0.0409702
0
0
0
0
0
0
0
0
0
0
0
0
0
0
0
0
0
0
0
0
0.0261131
0
0
0
0.0261131
0.0261176
0.0261176
0.0261176
0.0261131
0
0
0
0.0261131
0
0
0
0
0
0
0
0
0
0
0
0
0
0
0
0
0
0
0
0
0
0
0
0
0
0
0
0
0
0
0
0
0
0
0.0262568
0.0262568
0.0262568
0.0262568
0.0262568
0.0262568
0.0261131
0.0261131
0.0261131
0.0261131
0.0261131
0.0261131
0.0252217
0.0252217
0.0268028
0.0268028
0.0268028
0.0268028
0.0268028
0
0.0268028
0.0268608
0.0268028
0
0
0
0
0
0
0
0.0268028
0.0252377
0.0261131
0.0261176
0
0
0
0
0
0
0
0
0
0
0
0
0
0
0
0
0
0
0
0
0
0
0
0
0
0
0
0
0
0
0
0
0
0
0
0
0
0
0
0
0
0
0.0416848
0.0416848
0.0416848
0.0416848
0.0416848
0.0416848
0.0416848
0.0416848
0.0416848
0.0422766
0.0416848
0.0416848
0.0416848
0
0
0
0
0
0
0
0
0
0.0261109
0.0261109
0.0261109
0.0261109
0.0261109
0.0261109
0.0261109
0.0261109
0.0261109
0.0261109
0.0261109
0.0261109
0.0261109
0.0261109
0.0261109
0.0261109
0.0261109
0.0261109
0.0261109
0.0261109
0.0261109
0.0261109
0.0261109
0
0
0.0261109
0.0261109
0.0261109
0.0261109
0.0261109
0.0261109
0.0261131
0
0
0
0
0
0.0260643
0.0260643
0.0260643
0
0
0
0
0
0
0
0
0
0
0
0
0
0
0
0
0
0
0
0
0
0
0
0
0
0
0
0
0
0
0
0
0
0
0
0
0
0
0
0
0
0
0
0
0
0
0
0
0
0
0
0
0
0
0
0
0
0
0
0
0
0
0
0
0.0243396
0.0243396
0.0243396
0.031766
0
0
0
0
0.0243468
0
0
0
0
0
0
0
0
0
0
0
0
0
0
0
0
0
0
0
0
0
0
0
0
0
0
0
0.0408504
0.0261131
0.0269191
0
0
0
0.0269191
0.242536
0.0269191
0.0269191
0.0269191
0.0270369
0.0270369
0
0.0270369
0
0
0
0.0269191
0.0269191
0.0269191
0
0.0269191
0
0.0269191
0
0.0269191
0.0269191
0.0269191
0
0.0269191
0
0.0269191
0
0.0269191
0.0269191
0.0269191
0.0269191
0.0269191
0
0
0
0
0
0
0.0263455
0.0263455
0.0263455
0.0263455
0
0.0263455
0.0263455
0
0
0.029254
0.029254
0.0263455
0
0
0
0
0
0
0
0
0
0
0
0
0
0.029254
0.029254
0
0
0
0.029254
0
0
0
0
0.029254
0.029254
0.029254
0.029254
0
0
0
0
0
0
0
0.029254
0
0
0
0
0
0
0
0
0.0408504
0.0408504
0.0408504
0.0408504
0.0408504
0.0408504
0.0408504
0
0
0
0
0
0
0
0
0
0
0
0
0
0
0
0
0
0
0
0
0
0
0
0
0
0
0
0
0
0
0
0
0
0
0
0
0
0
0
0
0
0
0
0
0
0
0
0
0
0
0
0
0
0
0
0
0
0
0
0
0
0
0
0
0
0
0
0
0
0
0
0
0
0
0
0
0
0
0
0
0
0
0
0
0
0
0
0
0
0
0.0261109
0
0
0
0
0
0
0
0
0
0
0
0
0
0
0
0
0
0
0
0
0
0
0
0
0
0
0
0
0
0
0
0
0
0
0
0
0
0
0
0
0
0
0
0
0
0
0
0
0
0
0
0
0
0
0
0
0
0
0
0
0
0
0
0
0
0
0
0
0
0
0
0
0
0
0
0
0
0
0
0
0
0
0
0
0
0
0
0.0261109
0.0261109
0.0261109
0.0261109
0.0261109
0.0261109
0.0261109
0.0261109
0.0261109
0.0261109
0.0261109
0.0261109
0.0261109
0.0261109
0.0261109
0.0261109
0.0261109
0.0261109
0.0261109
0.0261109
0.0261109
0.0261109
0.0261109
0.0261109
0
0
0
0
0.0261109
0
0
0
0
0
0
0.02808
0.02808
0
0
0
0
0
0
0
0
0
0
0
0
0
0
0
0
0.0409702
0
0
0.0409702
0.0409702
0.0409702
0.0409702
0.0409702
0.0409702
0.0409702
0.0409702
0.0409702
0.0409702
0
0
0
0
0.0409702
0.0409702
0
0
0
0
0
0.0409702
0.0409702
0.0409702
0.0409702
0.0409702
0.0409702
0.0409702
0.0409702
0.0416848
0.0409702
0
0.0409702
0.0409702
0.0409702
0.0409702
0.0409702
0.0409702
0.0409702
0.0409702
0.0409702
0.0409702
0.0409702
0.0409702
0.0409702
0
0
0
0
0
0
0
0
0
0
0
0
0
0
0
0
0
0
0
0
0
0
0
0
0
0
0
0
0
0
0
0.0409702
0.0409702
0.0409702
0.0409702
0.0578557
0.0578557
0.0206328
0.0206328
0.043073
0.043073
0
0
0
0
0
0
0
0
0
0
0
0
0
0
0
0
0
0
0
0.065372
0.065372
0
0
0
0
0
0
0
0
0
0
0
0
0
0
0
0
0
0.0420424
0.0420424
0
0
0
0
0
0
0.0409702
0.0409702
0.0409702
0
0
0
0
0.0409702
0
0
0
0
0
0.0578557
0.0578557
0.0578557
0.0578557
0.0578557
0.0578557
0.0578557
0.0578557
0.0419868
0.0419868
0
0
0
0
0
0
0
0
0
0
0
0
0.0436436
0.0436436
0.0436436
0.0436436
0.0436436
0.0419868
0.0436436
0.0436436
0.0436436
0.0436436
0
0.0436436
0
0.0443025
0.0461266
0.050702
0
0.0530745
0.0880451
0.116248
0
0.0443025
0
0
0
0
0.0433657
0.0433657
0.0433657
0.0433657
0.0433657
0.0220917
0
0.0440546
0.0206328
0.0206328
0.0206328
0.0206328
0
0
0
0.0207257
0.0207257
0.0207658
0.0207658
0.0207658
0.0207658
0.0207838
0.0207838
0
0.0207257
0.0207257
0
0
0
0
0
0
0
0
0
0
0
0
0
0
0
0
0
0
0
0
0
0
0
0
0
0
0
0
0
0
0
0
0
0
0
0
0
0
0
0
0
0
0
0
0
0
0
0
0
0
0
0
0
0
0
0
0
0
0
0
0
0
0
0
0
0
0
0
0
0
0
0
0
0
0
0
0
0
0
0
0
0
0
0
0
0
0
0
0
0
0
0
0
0
0
0
0
0
0
0
0
0
0
0
0
0
0
0
0
0
0
0
0
0
0
0
0
0
0
0
0
0
0
0
0
0
0
0
0
0
0
0
0
0
0
0
0
0
0
0
0
0
0
0
0
0
0
0
0
0
0
0
0
0
0
0
0
0
0
0
0
0
0
0
0
0
0
0
0
0
0
0
0
0
0
0
0
0
0
0
0
0
0.0412481
0.0412481
0.0412481
0
0
0
0
0
0
0
0.043073
0.043073
0.043073
0.043073
0.043073
0.0430232
0.0215666
0.0215666
0.0215666
0
0
0.0430232
0.043073
0.043073
0.043073
0.0218062
0.0218062
0.0218062
0
0.0218062
0.0368105
0.0368105
0.0376089
0.0368105
0.0489702
0.0489702
0
0.0368105
0
0
0
0
0
0
0
0
0
0
0
0
0
0
0
0
0
0
0
0
0
0
0
0
0
0
0
0
0
0
0
0
0
0
0
0
0
0
0.0415855
0.0415855
0
0.0416125
0.0420517
0.0409702
0.210819
0.210819
0.210819
0.210819
0.210819
0.210819
0.210819
0.210819
0.0261109
0.0261109
0.0261109
0.0261109
0.0261109
0.0261109
0.0261109
0.0261109
0.0261109
0.0261109
0.0261109
0.0261109
0.210819
0.210819
0
0
0.210819
0.218218
0.218218
0.218218
0
0.218218
0.218218
0.218218
0.210819
0.210819
0.218218
0.218218
0.218218
0
0.218218
0.218218
0.218218
0.210819
0.218218
0.141421
0.141421
0.141421
0.141421
0.141421
0
0.142857
0
0
0.225018
0
0.218218
0
0.218218
0.248069
0.237356
0.152499
0.152499
0.152499
0.164399
0.210819
0.210819
0.210819
0.210819
0.210819
0.237356
0.237356
0.237356
0.237356
0
0.210819
0
0
0
0
0
0
0
0
0.210819
0.213201
0.111803
0.111803
0.111803
0
0
0
0.111803
0.237356
0
0.237356
0.237356
0.237356
0.237356
0.237356
0
0
0
0.237356
0.210819
0.210819
0.214423
0.214423
0.229416
0.229416
0
0
0
0.210819
0.237356
0.237356
0.128037
0.251976
0.251976
0.251976
0.251976
0.251976
0.251976
0.251976
0
0
0.251976
0.251976
0.251976
0
0.251976
0.316228
0.316228
0.316228
0.316228
0
0.251976
0.237356
0.237356
0.237356
0.237356
0.237356
0.133631
0.237356
0.237356
0.237356
0.237356
0.359211
0.119523
0.237356
0.119523
0.359211
0.359211
0.359211
0.359211
0.408248
0.408248
0.408248
0.707107
0
0
0.408248
0.19245
0.25
0
0
0
0
0
0
0
0.2
0
0
0
0
0
0
0
0
0
0
0.218218
0.218218
0.218218
0.218218
0
0.218218
0
0.218218
0.218218
0
0
0
0.219529
0.219529
0.219529
0.219529
0.219529
0.219529
0.237356
0.237356
0
0
0
0.242536
0.242536
0.242536
0.242536
0.237356
0
0
0
0
0.0260998
0
0.0260998
0
0
0
0
0.0261131
0.0261131
0.0261131
0.0261131
0.0261131
0.0261131
0.0261555
0.0261131
0
0.0363757
0.0363757
0.0363757
0.0363757
0.0363757
0.0363757
0
0
0
0
0
0
0.0363757
0.0363757
0
0
0
0
0
0
0
0.0363757
0.0363757
0.0363757
0.0363757
0.0363757
0.0391856
0.0363757
0
0
0
0
0.037037
0
0
0
0
0
0
0
0
0
0.0384758
0.0384758
0.0388514
0.0388514
0.0388514
0
0
0
0
0
0
0
0
0
0
0
0
0
0
0
0
0
0
0
0
0
0
0
0
0
0
0
0
0
0
0
0
0
0
0
0
0
0
0
0
0
0
0
0
0
0
0
0
0
0
0
0
0
0
0
0
0
0
0
0
0
0
0
0
0
0
0
0
0
0
0
0
0
0
0
0
0
0
0
0
0
0
0
0
0
0
0
0
0
0
0
0
0
0
0
0
0
0
0
0
0
0
0
0
0
0
0
0
0
0
0
0
0
0
0
0
0
0
0
0
0
0
0
0
0
0
0
0
0
0
0
0
0
0
0
0
0
0
0
0
0
0
0
0
0
0
0
0
0
0
0
0
0
0.0261131
0.0261131
0.0261131
0.0261131
0.0261131
0.0261131
0.0261131
0.0261131
0.0261131
0.0261131
0.0261131
0
0.026309
0.026309
0.026309
0.026309
0.026309
0.026309
0.026309
0.026309
0
0
0
0
0
0
0
0.026309
0.026309
0.026309
0
0
0
0
0
0
0
0
0
0
0.026309
0.026309
0.026309
0.026309
0.026309
0
0
0
0
0
0
0
0
0
0
0
0
0
0
0
0
0
0
0
0
0
0
0
0
0
0
0
0
0
0
0
0
0
0
0.026309
0.026309
0.026309
0.026309
0
0
0
0
0
0
0
0
0
0.026309
0
0
0
0
0
0
0
0
0
0
0
0
0
0
0
0
0
0
0
0
0
0
0
0
0
0
0
0
0
0
0
0
0
0
0
0
0
0
0
0
0
0
0
0.026309
0.026309
0.026309
0.026309
0.026309
0.026309
0
0
0
0
0
0
0
0
0
0
0
0
0
0
0
0
0
0
0
0
0
0
0
0
0
0
0
0
0
0
0
0
0.0409702
0.0409702
0.040953
0.040953
0.040953
0.040953
0.040953
0.040953
0.040953
0.040953
0.0261109
0.0261109
0.0261109
0.0261109
0.0261109
0.0261109
0.0261109
0.0261109
0.0409702
0.0409702
0.0409702
0.0409702
0.0409702
0.0409702
0.0409702
0.0409702
0.0415317
0.0415317
0.0415317
0.0415317
0.0409702
0.0409702
0.0409702
0.0455842
0.0455842
0.0455842
0.0455842
0.0455842
0.0666297
0.0455842
0.0409702
0.0409702
0.0409702
0.040953
0.040953
0.040953
0.040953
0.040953
0.040953
0.040953
0.040953
0.040953
0.040953
0.040953
0.040953
0.040953
0.040953
0.040953
0.040953
0.040953
0.040953
0.040953
0.040953
0.040953
0.040953
0.040953
0.040953
0.040953
0.040953
0.040953
0.040953
0.040953
0
0
0
0
0
0
0
0.0414247
0.0413008
0.0413008
0.0261354
0.0261354
0.0261354
0
0
0
0.0301238
0.0357143
0
0
0.0413008
0.0413008
0.0413008
0.0413008
0.0413008
0.0439481
0.0271263
0
0.0320421
0.035511
0
0
0
0.0413008
0
0.0419591
0
0
0
0
0
0
0.0419591
0.0409702
0.133333
0.133333
0.133333
0.133333
0.133333
0.0263432
0.0263432
0.0263432
0.0263432
0.0263432
0.0263432
0.0263432
0.0263432
0.0263432
0.0263432
0.0263432
0.0263432
0
0
0.0277671
0.0277671
0
0
0
0.0263432
0.0263432
0.0263432
0.0263432
0.0263432
0.0263432
0.0263432
0.0263432
0.0263432
0.0379117
0.0379117
0
0.0379117
0
0.0379117
0.0263432
0.0263432
0.0263432
0.0263432
0
0
0
0.0263432
0
0
0
0
0
0
0
0
0
0
0
0
0
0
0.0379253
0
0
0.0379253
0
0
0
0
0.0263432
0.0263432
0.0379253
0.0379253
0.0379253
0.0379253
0.0263432
0.0263432
0.0263432
0.0263432
0.0380556
0.0263432
0.0263432
0.0319683
0.0319683
0.0319683
0
0.0319683
0.0319683
0
0
0
0
0
0
0
0
0
0
0.0263432
0.029254
0.029254
0.0263432
0.0263432
0.0263432
0.0263432
0.0263432
0.0263432
0.0379253
0.0379253
0.0379253
0.0379253
0.0379253
0.0379253
0.0379253
0.0379253
0.0379253
0.0263432
0.0263432
0.0263432
0.0410651
0.0263432
0.026563
0
0
0
0
0
0
0
0
0
0
0
0
0
0
0
0
0
0
0
0
0
0
0
0
0
0
0
0
0
0
0
0
0
0
0.0421825
0
0
0
0
0
0
0
0
0
0
0
0
0
0.0372678
0
0
0
0
0
0
0
0
0
0
0
0
0
0
0
0
0
0
0
0
0
0
0
0
0
0
0
0
0
0
0
0
0
0
0.0287747
0
0.0277831
0
0
0
0
0
0
0.0263432
0
0.0288795
0
0
0.0264189
0.0196078
0.0263432
0.0263181
0.0263181
0.0263181
0.0263181
0.0263181
0.0263181
0.0263181
0.0263181
0.0263181
0.0263181
0.0263181
0.0263181
0.0263181
0.0263181
0.0263181
0.0379253
0.0379253
0.0379253
0.0379253
0.0379253
0.0379253
0.0379253
0.0379253
0.0379253
0.0379253
0.0379253
0.0379253
0.0379253
0.0379253
0.0379253
0.0379253
0.0379253
0.0379253
0.0379253
0.0379253
0
0
0
0.0379253
0.0379253
0.0379253
0.0379253
0.0379253
0
0
0
0
0
0.0380625
0
0.0379253
0.0379322
0.0379322
0.0379322
0.0379322
0.0379322
0.0379322
0.0379322
0
0.0379322
0.0379322
0
0
0
0
0
0
0
0
0
0
0
0
0
0
0.0406642
0
0
0
0.0406642
0.0406642
0
0
0
0
0
0
0
0
0
0
0
0
0
0
0
0
0
0
0
0
0
0
0
0
0
0
0
0
0
0
0
0
0
0
0
0
0
0
0
0
0
0
0
0
0
0
0
0
0
0
0
0
0
0
0
0
0
0
0
0
0
0
0
0.11452
0.11452
0.11452
0.11452
0.11452
0.11452
0.122628
0.122628
0.11452
0.11452
0.11452
0.11452
0.11452
0.11452
0
0.11452
0.11452
0.133333
0
0
0
0.11452
0.11452
0.122628
0
0
0
0.11452
0
0.11452
0.11452
0
0
0
0
0
0
0
0
0
0
0
0
0
0
0
0
0
0
0
0
0
0
0
0
0
0
0
0
0
0
0
0
0
0
0
0
0
0
0
0
0
0
0
0
0
0
0
0
0
0
0
0
0
0
0
0
0
0
0
0
0
0
0
0
0
0
0
0
0
0
0
0
0
0
0
0
0
0
0
0
0
0
0
0
0
0
0
0
0
0
0
0
0
0
0
0
0
0
0
0
0
0
0
0
0
0
0
0
0
0
0
0
0
0
0
0
0.316228
0
0.316228
0.316228
0
0
0
0
0
0
0
0
0
0
0
0
0
0
0
0
0
0
0
0
0
0
0
0
0
0
0
0
0
0
0
0
0
0
0
0
0
0
0
0
0
0
0
0
0
0
0
0
0
0
0
0
0
0
0
0
0
0
0
0
0
0
0
0
0
0
0
0
0
0
0
0
0
0
0
0
0
0
0
0
0
0
0
0
0
0
0
0
0.0379253
0
0.0379253
0.0379253
0
0
0
0
0.0448674
0
0.0448674
0.0448674
0.0454077
0.0455842
0.0455842
0
0
0
0
0.0379253
0.133333
0
0
0.133333
0
0.133333
0.0379253
0
0
0
0
0
0
0
0
0
0
0
0
0
0
0
0
0
0
0
0
0
0
0
0
0
0
0
0
0
0
0
0
0
0
0
0
0
0
0
0
0
0.11452
0
0
0
0
0
0
0
0.0431934
0.0431934
0.11452
0
0.0431934
0
0.0431934
0.0431934
0.0431934
0
0
0
0
0
0
0
0
0
0
0
0
0
0
0
0
0
0
0
0
0.0426305
0
0
0
0
0
0
0
0
0
0
0
0
0
0
0
0
0
0
0
0
0
0
0
0
0
0
0
0
0
0
0
0
0
0
0
0
0
0
0
0
0
0
0
0
0
0
0
0
0
0
0
0
0
0
0
0
0
0
0
0
0
0
0
0
0
0
0
0
0
0
0
0
0
0
0
0
0
0
0
0
0
0
0
0
0
0
0
0
0
0
0
0
0
0
0
0
0
0
0
0
0
0
0
0
0
0
0
0
0
0
0
0
0
0
0
0
0
0.11452
0
0
0
0
0
0
0
0
0.11452
0
0
0
0
0
0
0
0
0
0
0
0
0
0
0
0
0
0
0
0
0
0
0
0
0
0
0
0
0
0
0
0
0
0
0
0
0
0
0
0
0
0
0
0
0
0
0
0
0
0
0
0
0
0
0
0
0
0
0
0
0.042855
0
0.042855
0.042855
0
0
0
0
0.042855
0.042855
0
0
0
0
0
0
0
0
0
0.042855
0
0
0
0
0
0
0
0
0
0
0
0
0
0
0
0
0
0
0
0
0
0
0
0
0
0
0
0
0
0
0
0
0
0
0
0
0
0
0
0
0
0
0
0
0
0
0
0
0
0
0
0
0
0
0
0
0
0
0
0
0
0
0
0
0
0
0
0
0
0
0
0
0
0
0
0
0
0
0
0
0
0
0
0
0
0
0
0
0
0
0
0
0
0
0
0
0
0
0
0
0
0
0
0
0
0
0
0
0
0
0
0
0
0
0
0
0
0
0
0
0
0
0
0
0
0
0
0
0
0
0
0
0
0
0
0
0
0
0
0
0
0
0
0
0
0
0
0
0
0
0
0
0
0
0
0
0
0
0
0
0
0
0
0
0
0
0
0
0
0
0
0
0
0
0
0
0
0
0.0450263
0
0.0427374
0.0379253
0.0379253
0.0379253
0
0
0
0.038583
0.0381385
0.0381385
0.0381385
0.0444335
0.0444335
0
0
0.0379253
0.0379253
0
0
0.0379253
0.0379253
0.0379253
0.0379253
0.0379253
0.0379253
0.0379253
0
0
0
0.0379253
0.0379253
0
0.0379253
0.0379253
0
0
0
0
0
0
0
0
0
0
0.0263432
0.0287747
0.0287747
0.0184805
0.0184805
0.0287747
0.0319072
0.0319683
0
0
0
0
0
0.0319072
0.0319072
0
0
0
0
0
0
0
0
0.0370688
0.0370688
0.0370688
0
0.0370688
0.0263432
0.0263432
0.0263546
0.0263546
0.0263432
0.0263432
0.0263432
0.0263432
0
0
0
0
0
0.0263432
0
0.0263432
0.0263432
0.0263546
0.0263546
0.0291544
0
0
0
0
0
0
0
0
0
0
0
0
0
0
0
0
0
0
0
0
0
0.0699711
0.0699711
0.0277831
0.0277831
0.0277831
0
0
0
0
0
0
0
0
0
0
0
0
0.029254
0.029254
0.029254
0.0218062
0.0218062
0
0.0218062
0.0218062
0.0218062
0.029254
0.029254
0.029254
0.0218062
0.0218062
0.0218062
0.029254
0.029254
0.029254
0.029254
0.0316426
0.0218062
0.029254
0.029254
0.029254
0
0
0.029254
0.029254
0.029254
0.029254
0.029254
0
0
0
0
0
0
0.0338158
0.0338158
0.0338158
0.0338158
0.0284555
0
0
0
0
0
0
0
0
0
0
0
0
0
0
0
0
0.0264351
0.0264235
0.0319683
0.0264351
0
0.0264351
0.0264351
0
0.0196078
0
0
0
0
0
0
0
0
0
0
0
0
0
0
0
0
0
0
0
0
0
0
0
0
0
0
0
0
0
0
0
0
0
0.0322204
0
0
0
0
0
0
0
0
0
0
0
0
0
0
0
0
0
0
0
0
0
0
0
0
0
0
0
0
0
0
0
0
0
0
0
0
0
0
0
0
0
0
0
0
0
0
0
0
0
0
0
0
0
0
0
0
0
0
0
0
0
0
0
0
0
0.036527
0.036527
0
0
0
0
0
0
0
0
0
0
0
0
0
0
0
0
0
0
0
0
0
0
0
0
0
0
0
0.0263432
0.0263432
0
0
0.0370688
0
0.0287747
0.0291544
0
0
0
0
0
0
0
0
0
0
0.0699711
0.027743
0.0277831
0
0
0
0.0284555
0
0
0
0
0
0.029254
0
0.0322204
0
0
0
0
0.0264351
0
0.0196078
0
0
0
0.0263432
0
0
0
0
0
0
0
0
0
0
0
0
0.0263432
0
0
0
0
0
0
0
0
0
0.0263181
0.0263181
0.0263181
0.0263181
0
0
0
0
0
0
0
0
0
0.0379253
0
0
0
0
0
0
0
0
0.0379253
0.0379253
0.0379253
0.0379253
0.0263181
0.0263181
0.0263181
0.0263181
0.0263181
0.0263181
0.0263181
0.0263181
0.0263181
0.0263181
0.0263181
0.0263181
0.0263181
0.0263181
0.0263181
0.0263181
0.0263181
0.0263181
0.0263181
0.0263181
0.0263181
0.0263181
0.0263181
0.0263181
0.0263181
0.0263181
0.0263181
0.0263181
0.0263181
0.0263181
0.0263181
0.0263181
0.0263181
0.0263181
0.0263181
0.0263181
0.0263181
0.0263181
0.0263181
0.0263181
0.0263181
0.0263181
0.0263181
0.0263181
0.0263181
0
0.0263181
0.0263181
0
0.0263181
0.0263181
0.0263181
0
0.0263181
0.0263181
0.0263181
0.0263181
0.0263181
0.0263181
0.0263181
0.0263181
0.0263181
0.0263181
0.0263181
0.0263181
0.0263181
0.0263181
0.0263181
0.0263181
0.0263181
0.0263181
0.0275974
0.0275974
0.0263181
0
0.0263181
0.0263181
0.0263181
0.0263432
0.0263432
0
0
0.0263181
0.0263181
0.0263432
0.0263432
0.0263181
0.0379253
0.0379253
0.0379253
0.0379253
0.0379253
0.0379253
0.0379253
0.0379253
0.0379253
0.0379253
0.0379253
0.0379253
0.0379253
0.0379253
0.0379253
0.0379253
0.0379253
0.0379253
0.0379253
0.0379253
0.0379253
0.0379253
0
0
0
0
0.0379253
0.0379253
0.0379253
0.0379253
0.0379253
0.0379253
0.0379253
0.0379253
0.0379253
0.0379253
0.0379253
0.0379253
0.0379253
0.0379253
0.0379253
0.0379253
0.0379253
0.0379253
0.0379253
0.0379253
0.0379253
0
0.0379253
0.0447214
0.0379253
0.0379253
0.0379253
0.0379322
0.0379322
0.0379322
0.0379322
0.0379322
0.0379322
0.0379322
0.0379253
0.0379253
0.0451294
0
0
0
0
0.042924
0.042924
0
0
0
0
0
0
0
0
0
0
0
0
0
0
0
0
0
0
0.0425243
0.0425243
0.0425243
0.0425243
0
0
0
0
0.0426595
0.0426595
0.0426595
0
0
0
0
0
0.0426595
0.0426984
0.0426595
0.0426595
0.0426595
0.0426595
0.0426595
0
0
0
0
0
0
0
0
0
0
0
0.0379322
0.0379322
0.0379322
0
0.0379253
0.0379253
0.0379253
0.0379253
0
0
0
0.0379253
0.0379253
0.0379253
0.0379253
0.0379253
0.0379253
0.0379253
0.0379253
0.0379253
0.0379253
0.0379253
0.0447102
0.0447102
0.0379322
0.037939
0.0379322
0.0425243
0.0429934
0.0425628
0.0379253
0.0379253
0
0
0
0
0
0
0
0.0379253
0.0379253
0.0379253
0.0379253
0.0379253
0.0379253
0.0379253
0
0
0
0
0.0379253
0.0379253
0.0379253
0.0447214
0
0
0.0447214
0.0447214
0.0447214
0.0379253
0.0379253
0.0447214
0.0447214
0
0
0
0
0
0.0379253
0.0379253
0.0379253
0.0379253
0
0
0
0
0
0.0380832
0
0
0
0
0.0380832
0.0380832
0.0380832
0.0380832
0
0
0
0
0
0
0
0.0380832
0
0.0380832
0.0447102
0.0447102
0.0447102
0.0379253
0.0376089
0.0376089
0.0376089
0.0376089
0.0376089
0.0376089
0.0376089
0.0379253
0
0.0379253
0.0379253
0.0379253
0.0379253
0
0.0376089
0.0376288
0.0376288
0.0376288
0.0376288
0.0376288
0.0376288
0
0.0376288
0.0376622
0.0376288
0.0379322
0.0379322
0
0
0
0.0379322
0.0379322
0
0
0
0
0
0.0427471
0
0
0
0
0.0427471
0
0
0
0
0
0
0
0.26968
0.26968
0.26968
0.26968
0
0
0
0
0
0
0
0
0
0
0
0
0
0
0
0
0
0
0
0
0
0
0
0
0
0
0
0
0
0
0
0
0
0
0
0
0
0
0
0
0
0
0
0
0
0
0
0
0
0
0
0
0
0
0
0
0
0
0
0
0
0
0
0
0
0
0
0
0
0
0
0
0
0
0
0
0
0
0
0
0.133333
0.133333
0.133333
0.133333
0
0
0
0
0
0
0
0
0
0
0
0
0
0
0
0
0
0
0
0
0
0
0
0
0
0
0
0
0
0
0
0
0
0
0
0.0406642
0.0406642
0.0406642
0.0406642
0
0
0
0
0
0
0
0
0
0
0
0
0
0
0
0
0
0
0
0
0
0
0
0
0
0
0
0
0
0
0
0
0
0
0
0
0
0
0
0
0
0
0
0
0
0
0
0
0
0
0
0
0
0
0
0
0
0
0.133333
0
0
0
0
0
0
0
0
0
0
0
0
0
0
0
0.039261
0
0.0263432
0.0379253
0.0379253
0
0
0
0
0
0
0
0
0
0
0
0
0
0
0
0.0407231
0
0
0
0
0
0
0
0
0
0
0
0
0
0
0
0
0
0
0
0
0
0
0
0
0
0
0
0
0
0
0
0
0
0
0
0
0
0
0
0
0
0
0
0
0
0
0
0
0
0
0
0
0
0
0
0
0
0
0
0
0
0
0
0
0
0
0
0
0
0
0
0
0
0
0.026309
0
0
0
0
0.026309
0.026309
0.026309
0.026309
0.026309
0.026309
0.026309
0.026309
0
0
0.026309
0
0
0
0
0
0
0
0
0
0
0
0
0
0
0
0
0
0
0
0
0
0
0
0
0
0
0
0
0
0
0
0
0
0
0
0
0
0
0
0
0
0
0
0
0
0
0
0
0
0
0
0
0
0
0
0
0
0
0
0
0
0
0
0
0
0
0
0
0
0
0
0
0
0
0
0
0
0
0
0
0
0
0
0
0
0
0
0
0
0
0
0
0
0
0
0
0
0
0
0
0
0
0
0
0
0
0
0
0
0
0
0
0
0
0
0
0
0
0
0
0
0
0
0
0
0
0
0
0
0
0
0
0
0
0
0
0
0
0
0
0
0
0
0
0
0
0
0
0
0
0
0
0
0
0
0
0
0
0
0
0
0
0
0
0
0
0
0
0
0
0
0
0
0
0
0
0
0
0
0
0
0
0
0
0
0
0
0
0
0
0
0
0
0
0
0
0
0
0
0
0
0
0
0
0
0
0
0
0
0
0
0
0
0
0
0
0
0
0
0
0
0
0
0
0
0
0
0
0
0
0
0
0
0
0
0
0
0
0
0
0
0
0
0
0
0
0
0
0
0
0
0
0
0
0
0
0
0
0.0261109
0
0
0
0
0
0
0
0
0
0
0
0
0
0.0407231
0
0
0
0
0.0260865
0.0260865
0
0
0.026309
0.0348419
0.0348419
0.0407231
0
0
0
0
0
0
0
0
0
0
0
0
0
0
0
0
0
0
0
0
0
0
0.134535
0.137038
0.137038
0
0.137038
0
0.138013
0
0.0405804
0
0
0
0
0
0
0
0
0
0
0
0
0
0
0
0
0.0414513
0.0414513
0.0414513
0.0414513
0.0414513
0.0414513
0.0414513
0.0414513
0.0414513
0.0414513
0.0414513
0.0414513
0.0414513
0.0414513
0.0414513
0.0414513
0.0414513
0.0414513
0.0414513
0.0414513
0.0261109
0.0261109
0.0261109
0.0261109
0.0261109
0.0261109
0.0261109
0.0261109
0.0261109
0.0261109
0.0261109
0.0414513
0.0414513
0.0414513
0.0414513
0.0985329
0.0985329
0.0985329
0
0
0
0.1
0.1
0.1
0.1
0.1
0.1
0
0
0
0
0
0
0
0
0
0.1
0.0985329
0.0414513
0
0
0.0414513
0
0.0414513
0.0414513
0
0.0457749
0.0457749
0.0499532
0.0499532
0.0499532
0.0499532
0.0499532
0.0499532
0
0
0.0499532
0.0499532
0.0499532
0.0373457
0.0499532
0.0499532
0.051657
0.051657
0.0457749
0.0414513
0.0429042
0.0429042
0.0429042
0.13393
0.134535
0.134535
0.134535
0.134535
0
0.0429042
0.0437479
0.0437479
0
0
0
0
0.0437479
0.134535
0.134535
0.141776
0.141776
0.134535
0.0280939
0
0.0414513
0
0
0
0
0
0
0.0414513
0.0414513
0
0.0414513
0
0
0.0414513
0.0452216
0.0452216
0.0452216
0.0452216
0.0452216
0.0452216
0.0454545
0.0414513
0
0
0
0
0
0.0414513
0
0
0
0.0414513
0.0414513
0.0985329
0.0414513
0.0414513
0.0414513
0.0414513
0.0414513
0
0
0
0
0
0
0
0
0
0
0
0
0
0
0
0
0
0
0
0
0.0414513
0
0.0414513
0
0
0.0414513
0.0414513
0
0
0
0
0
0
0
0
0.0414513
0.0429042
0.0429042
0.0414513
0
0
0
0
0
0
0
0
0
0
0
0
0
0
0
0.0414513
0
0.0414513
0
0.0414513
0.0438318
0.0238841
0
0
0
0
0.0243324
0.0243324
0.0414513
0.0437479
0.0414513
0.0414513
0.0415227
0.136717
0.0415227
0.0438318
0.0438318
0.0438318
0
0
0
0
0
0
0
0
0.0439587
0.0439587
0.0440119
0.0439587
0
0
0
0
0.0794929
0.043874
0.043874
0
0
0
0
0.0446767
0
0
0
0
0
0
0
0
0
0
0
0
0
0.0261109
0
0
0
0
0
0
0
0
0
0
0
0
0
0
0
0
0
0
0
0
0
0
0
0
0
0
0
0
0
0
0.0666297
0.0666297
0.0666297
0.0666297
0.0717958
0.0717958
0.0880451
0.0880451
0
0.0666297
0.0860663
0.0860663
0
0.152499
0.152499
0.152499
0.152499
0
0.152499
0.0262681
0
0
0
0
0
0
0
0
0
0
0
0
0
0
0
0
0
0
0
0
0.027323
0.027323
0.027323
0.027323
0.027323
0
0.027323
0.027323
0.027323
0.027323
0
0.027323
0.027323
0.027323
0.027323
0
0.027323
0.027323
0.027323
0.027323
0
0
0
0
0.027323
0.027323
0.027323
0.027323
0.027323
0.027323
0.027323
0.027323
0.027323
0
0
0
0
0
0.041213
0.041213
0.041213
0.041213
0.041213
0.041213
0.041213
0.041213
0.041213
0
0
0
0
0
0
0
0
0
0
0
0
0
0
0
0
0
0
0
0
0
0
0
0
0
0
0.0360903
0.0360903
0.0360903
0.0360903
0.0360903
0
0
0
0.0366065
0.0366065
0.0366065
0.0360903
0.036442
0.0360903
0.0360903
0.036442
0.0360903
0.0367112
0
0.0360903
0.0260865
0.0260865
0.0260865
0
0
0
0
0
0
0
0
0
0
0
0
0
0
0
0
0
0
0
0
0
0
0
0
0
0
0
0
0
0
0
0
0
0
0
0
0
0
0
0
0
0
0
0
0
0
0
0
0
0
0
0
0
0
0
0
0
0
0
0
0
0
0
0
0
0
0
0
0
0
0
0
0
0.0405804
0
0
0
0
0
0
0
0
0
0
0
0
0
0
0
0
0.0261131
0
0
0
0
0
0
0
0
0
0
0.0261109
0.0261109
0.0261109
0
0
0
0
0
0
0
0
0
0
0
0
0
0
0
0
0
0
0
0
0
0
0
0
0
0
0
0
0
0
0
0
0
0
0
0
0
0
0
0
0
0
0
0
0
0
0
0
0
0
0
0.0261802
0.0261802
0
0.0261802
0.0261802
0.0419591
0.0419591
0
0.0419591
0.0419591
0.0263775
0
0
0
0
0
0
0
0
0.0194698
0.0194698
0.0194698
0
0
0
0.023518
0
0
0
0
0
0
0
0
0
0
0
0
0
0
0
0
0
0
0
0
0
0
0
0
0
0
0
0
0
0
0
0
0
0
0
0
0
0
0
0
0
0
0
0
0
0
0
0
0
0
0
0
0
0
0
0
0
0
0
0
0
0
0
0
0
0
0
0
0
0
0
0
0.0260865
0.0260865
0
0
0
0
0
0
0
0
0
0
0
0
0
0
0
0
0
0
0
0
0
0
0
0
0
0.0260865
0
0
0
0
0
0
0
0
0
0
0
0
0
0
0
0
0
0
0
0
0
0
0
0
0
0
0
0
0
0
0
0
0
0
0
0
0
0
0
0
0
0
0
0
0
0
0
0
0
0
0
0
0
0
0
0
0
0
0
0
0
0
0
0
0
0
0
0
0
0
0
0
0
0
0
0
0
0
0
0
0
0
0
0
0
0
0
0
0
0
0
0
0
0
0
0
0
0
0
0
0
0
0
0
0
0
0
0
0
0
0
0
0
0
0
0
0
0
0
0
0
0
0
0
0
0
0
0
0
0
0
0
0
0
0
0
0
0
0
0
0
0
0
0
0
0
0
0
0
0
0
0
0
0
0
0
0
0
0
0
0
0
0
0
0
0
0
0
0
0
0
0
0
0
0
0
0
0
0
0
0
0
0
0
0
0
0
0
0
0
0
0
0
0
0
0
0
0
0
0
0
0
0
0
0
0
0.0376222
0.0376222
0.0376222
0.0376222
0.0376222
0.0439057
0.0439057
0.0439057
0.0439057
0.0439057
0.0439057
0.0439057
0.0439057
0.0439057
0.0439057
0.0439057
0.0439057
0.0439057
0.0439057
0.0261891
0.0261891
0.0263112
0.0263112
0.0261622
0.0261622
0.0261622
0.0261622
0.0261622
0.0261622
0
0
0
0
0
0
0
0
0
0
0
0
0
0.0260865
0.0260865
0.0260865
0.0260865
0.0260865
0
0
0
0
0
0
0
0
0
0
0
0
0
0
0
0
0
0
0
0
0
0
0
0
0
0
0
0
0
0
0
0
0
0
0
0
0
0
0
0
0
0
0
0
0
0
0
0
0
0
0
0
0
0
0
0
0
0
0
0
0
0
0
0
0
0
0
0
0
0
0
0
0
0
0
0
0
0
0
0
0
0
0
0
0
0
0
0
0
0
0
0
0
0
0
0
0
0
0
0
0
0
0
0
0
0
0
0
0
0
0
0
0
0
0
0
0
0
0
0
0
0
0
0
0
0
0
0
0
0
0
0
0
0
0
0
0
0
0
0
0
0
0
0
0
0
0
0
0
0
0
0
0
0
0
0
0
0
0
0
0
0
0
0
0
0
0
0
0
0
0
0
0
0.0260865
0
0
0
0
0
0
0
0
0.0260865
0.0260865
0.0260865
0.0260865
0.0260865
0.0260865
0
0
0.0260865
0.0260865
0
0
0
0
0
0
0
0
0
0
0
0
0
0
0
0
0
0
0
0
0
0
0
0
0
0
0
0
0
0
0
0
0
0
0
0
0.027323
0.027323
0.027323
0.027323
0.027323
0.027323
0.027323
0.027323
0.027323
0
0
0
0
0.027323
0.0449921
0.027323
0.027323
0.027323
0.027323
0
0.027323
0.027323
0
0
0
0
0
0.027323
0
0.027323
0.027323
0.027323
0.027323
0
0
0.027323
0.027323
0.027323
0
0.027323
0.027323
0.027323
0.027323
0
0.027323
0.027323
0
0.027323
0
0
0
0.027323
0.027323
0
0.027323
0.027323
0.0446879
0.0446879
0
0.027323
0.027323
0.027323
0.027323
0.027323
0.027323
0.027323
0.027323
0.027323
0
0
0
0
0
0
0
0
0
0
0
0.027323
0.027323
0
0
0.0239939
0.027323
0.027323
0.027323
0.027323
0.0409702
0
0.027323
0.027323
0.027323
0
0
0
0
0
0
0
0
0
0
0
0
0
0
0
0
0
0
0
0
0
0
0
0
0
0.0409702
0.027323
0.027323
0
0
0
0
0
0
0
0.027323
0.027323
0
0.027323
0
0
0
0
0
0
0
0
0.027323
0.027323
0.027323
0.027323
0
0
0
0
0
0
0
0
0
0
0
0
0
0
0
0
0
0
0
0
0
0
0.0409702
0.027323
0.027323
0.027323
0.027323
0.027323
0.027323
0.027323
0
0
0
0
0
0
0
0
0
0
0
0
0
0
0
0
0
0
0
0
0
0
0
0
0
0
0
0
0
0
0
0
0
0
0
0
0
0
0
0
0
0
0
0
0
0
0
0
0
0
0
0
0
0
0
0
0
0
0
0
0
0
0
0.0409702
0.0409702
0.0409702
0.0409702
0.0409702
0.0409702
0
0
0
0
0
0
0
0
0
0.027323
0.027323
0.027323
0.027323
0.027323
0.027323
0.027323
0.027323
0.0285162
0.0285162
0
0.0285162
0.027323
0.027323
0
0
0.0708881
0
0
0
0
0
0
0.027323
0.027323
0.0433963
0.027323
0.027323
0.027323
0.0286564
0.027323
0.027323
0.027323
0
0
0.027323
0.027323
0.027323
0.027323
0.027323
0.027323
0.027323
0
0
0
0
0
0.0454428
0
0
0
0
0
0
0
0
0.027323
0.027323
0
0
0.0282843
0.027323
0.027323
0.027323
0.027323
0.027323
0
0
0
0
0
0
0
0
0
0
0.027323
0.027323
0
0
0
0.027323
0.027323
0.027323
0
0.027323
0
0
0
0
0
0
0
0
0
0.0409702
0
0
0
0
0
0
0
0
0
0
0
0
0
0
0
0
0
0
0
0
0.0428648
0.0428648
0.0428648
0
0
0.0428648
0.0428648
0.0428648
0
0.0428648
0
0
0
0
0
0
0
0
0
0
0
0
0
0
0
0
0
0
0
0
0
0
0
0
0
0
0
0
0
0
0
0
0
0
0
0
0
0
0
0
0
0
0
0
0
0
0
0
0
0
0
0
0
0
0
0
0
0
0
0.027323
0.027323
0
0
0
0
0
0
0
0
0
0
0.027323
0.027323
0
0
0.0407993
0.0429042
0.0429042
0.0429042
0
0
0
0
0.027323
0.027323
0
0
0
0
0
0
0
0
0
0
0
0
0
0
0
0
0
0
0
0
0
0
0
0
0
0
0
0
0
0
0
0
0
0
0
0
0
0
0
0
0
0
0
0
0
0
0
0
0
0
0
0
0
0
0
0
0
0
0
0
0
0
0
0
0
0
0
0
0
0
0
0
0
0
0
0
0
0
0
0
0
0
0
0
0
0
0
0
0
0
0
0
0
0
0
0
0
0
0
0
0
0
0
0
0
0
0
0
0
0
0
0
0
0
0
0
0
0
0
0
0.027323
0.027323
0
0
0
0
0
0
0
0
0
0
0
0
0.027323
0.027323
0
0
0.027323
0.027323
0
0.027323
0.027323
0.027323
0.027323
0
0
0
0
0
0
0
0
0
0
0
0
0
0
0
0
0
0
0
0
0
0
0
0
0
0
0
0
0
0
0
0
0
0
0
0
0
0
0
0
0
0
0
0
0
0
0
0
0
0
0
0
0
0
0
0
0
0
0
0
0
0
0
0
0
0
0
0
0
0
0
0
0
0
0
0
0
0
0
0
0
0
0
0
0
0
0
0
0
0
0
0
0
0
0
0
0
0
0
0
0
0
0
0
0
0
0
0.0261109
0
0
0.0285133
0.0285133
0.0285133
0.0285133
0.0285133
0.0285133
0.0285133
0.0285133
0.027323
0.027323
0.027323
0.027323
0.027323
0.027323
0.027323
0.027323
0.027323
0.027323
0.027323
0.027323
0.0243324
0.0243324
0.0243324
0.0243324
0
0
0.027323
0.027323
0.027323
0.027323
0.0243324
0.0243324
0.0243324
0
0
0
0.0241967
0.0241967
0.0243324
0.0243324
0
0
0
0
0
0
0
0
0
0
0
0
0
0
0
0.027323
0
0
