0
0
0
0
0
0
0
0
0
0
0
0
0
0
0
0
0
0
0
0
0
0
0
0
0
0
0
0
0
0
0
0
0
0
0
0
0
0
0
0
0
0
0
0
0
0
0
0
0
0
0
0
0
0
0
0
0
0
0
0
0
0
0
0
0
0
0
0
0
0
0
0
0
0
0
0
0
0
0.0547449
0.0547449
0
0.0547449
0.0547449
0.0856235
0.0856235
0
0.0856235
0.0856235
0.0549982
0
0
0
0
0
0
0
0
0.0545707
0.0545707
0.0545707
0.0545707
0.0545707
0.0596975
0.0596975
0.0596975
0.0596975
0.0596975
0.0596975
0.0596975
0.0596975
0.0596975
0.0596975
0.0560831
0.0560831
0.0560831
0.0560831
0.0560831
0.0560831
0.0560831
0.0560831
0.0560831
0.0560831
0.0560831
0.0560831
0.0560831
0.0560831
0.0560831
0
0
0
0
0
0
0
0
0
0
0
0
0
0
0
0
0
0
0
0
0
0
0
0
0
0
0
0
0
0
0
0
0
0
0
0
0
0
0
0
0
0
0.0852286
0.0852286
0.0852286
0.0852286
0.0852286
0.0900694
0.0900694
0.0900694
0
0
0
0
0
0
0
0
0
0
0
0
0
0
0
0
0
0
0
0
0
0
0
0
0
0
0
0
0
0
0
0
0
0
0
0
0
0
0
0
0
0
0
0
0
0
0
0
0
0
0
0
0
0
0
0
0
0
0
0
0
0
0
0
0
0
0
0
0
0
0
0
0
0
0
0
0
0
0
0
0
0
0
0.0823853
0
0
0.0547613
0.0873482
0
0.0547668
0.0659189
0.0659189
0
0.054723
0.0551989
0.0547613
0
0
0
0
0
0
0
0
0
0
0
0
0
0
0
0
0
0
0
0
0
0
0
0
0
0.0547668
0.0547668
0.0547668
0.0547668
0.0547668
0.0547668
0.0547668
0.0549152
0.0549152
0.0549152
0
0
0
0
0
0
0
0
0
0
0
0
0
0
0
0
0
0
0
0
0
0
0
0
0
0
0
0
0
0
0
0
0
0
0
0
0
0
0
0
0
0
0
0
0
0
0
0
0
0
0
0
0
0
0
0
0
0
0
0
0
0
0
0
0
0
0
0
0
0
0
0
0.0548656
0.0548656
0.0550371
0.0548656
0.055143
0.055143
0.055143
0.054734
0.054734
0.0551485
0.054734
0.054734
0.054734
0.055143
0.0551485
0.055143
0.055143
0.0551485
0.055143
0.0548711
0.0548711
0.0554359
0.055143
0.0569803
0.0569556
0.0569556
0.0592003
0.0687343
0
0
0
0
0.055076
0.055076
0.055076
0.055076
0.0547997
0.0547997
0.0547997
0.0547997
0.0547997
0.0547997
0
0
0
0
0
0
0
0
0
0.055143
0.055143
0
0
0
0
0
0
0
0
0
0
0
0
0
0
0
0
0
0
0
0
0
0
0
0
0
0
0
0
0
0
0
0
0
0
0
0
0
0
0
0
0
0
0
0
0
0
0
0
0
0
0
0
0
0
0
0
0
0
0
0
0
0
0
0
0
0
0
0
0
0
0
0
0
0
0
0
0
0
0
0
0
0
0
0
0
0
0
0
0
0
0
0
0
0
0
0
0
0
0
0
0
0
0
0
0
0.055143
0.055143
0.055143
0.055143
0.055143
0.055143
0.055143
0.055143
0
0.055143
0
0.055143
0.055143
0.055143
0.055143
0.055143
0.055143
0.0568267
0.0739087
0
0.0747018
0
0.0557972
0
0
0
0
0
0
0
0
0.0560185
0.0560185
0.056042
0.0560185
0.0715626
0.0715626
0.0715626
0
0
0
0
0
0
0
0
0
0
0
0
0
0
0
0
0
0
0
0
0
0
0
0
0
0
0
0
0
0
0
0
0
0
0
0
0
0
0
0
0
0
0
0
0
0
0
0
0
0
0
0
0
0
0
0
0
0
0
0
0
0
0
0
0
0
0
0
0
0
0
0
0
0
0
0
0
0
0
0
0
0
0
0
0
0
0
0
0
0
0
0
0
0
0
0
0
0
0
0
0
0
0
0
0
0
0
0
0
0
0
0
0
0
0
0
0
0
0
0
0
0
0
0
0
0
0
0
0
0
0
0
0
0
0
0
0
0
0
0
0
0
0
0
0
0
0
0
0
0
0
0
0
0
0
0
0
0
0
0
0
0
0
0
0
0
0
0
0
0
0
0
0
0
0
0
0
0
0
0
0
0
0
0
0
0
0
0
0
0
0
0
0.0704528
0.0705463
0.0727907
0.0736943
0.0736943
0
0.0737076
0
0
0
0.0830455
0.0861514
0.087171
0.0848189
0
0
0
0
0
0
0
0
0
0
0
0
0
0
0
0
0
0
0
0
0
0
0
0
0
0
0
0
0
0
0
0
0
0
0
0
0
0
0
0
0
0
0
0
0
0
0
0
0
0
0
0
0
0
0
0
0
0
0
0
0
0
0
0
0.0572286
0.0573351
0.0573351
0.055143
0.0555556
0.0780076
0.0780076
0.0573351
0.0573351
0.0915417
0.0573351
0.0573351
0.160265
0.0550315
0.0550315
0.0576966
0
0
0
0
0
0
0
0
0
0
0
0
0
0
0
0
0
0.0823853
0.0823853
0.0823853
0
0
0
0
0
0
0
0.0573351
0.0573351
0.0573351
0.0573351
0.0573351
0.0573351
0.0573351
0.088759
0
0.0573351
0.0573351
0.0573351
0
0
0
0
0
0
0
0
0
0
0
0
0
0
0.0892288
0.0573351
0.0573351
0
0
0.0919018
0
0.0897785
0
0
0
0
0.0934947
0
0.090045
0.0942669
0
0.0573351
0
0.0573351
0
0.0842949
0.0573351
0
0
0
0
0
0
0
0
0
0
0.0897303
0.0898994
0
0.0877058
0
0.0573351
0.0876833
0.0876833
0.0876833
0
0
0
0
0
0
0
0
0
0
0
0
0
0
0
0
0
0
0
0
0
0
0
0
0
0
0
0
0
0
0
0
0
0
0
0
0
0
0
0
0
0
0
0
0
0
0
0
0
0
0
0
0
0
0
0
0
0
0
0
0
0
0
0
0
0
0
0
0
0.0849208
0
0
0
0.0573351
0.0916955
0.0573351
0.0906845
0.0573351
0
0.0573351
0.165446
0.165446
0.165446
0.181969
0
0.0573351
0
0.0573351
0
0
0
0
0
0.0846162
0.0846162
0
0.0846162
0.0846162
0.0846162
0.0846162
0.0846162
0.0846162
0.0846162
0.0846162
0
0
0
0
0.0846162
0
0.055143
0
0
0
0
0
0
0
0
0
0.0780552
0.0780552
0.0780552
0.0780552
0.0780552
0.0780552
0.0780552
0.0780552
0.0780552
0.0780552
0.0780552
0
0
0
0.0835852
0.0835852
0
0
0
0
0
0
0
0
0
0
0
0
0
0
0
0
0
0
0
0
0
0
0
0
0
0
0
0
0
0
0.0803565
0.0803565
0
0.0803565
0
0.0809865
0.0823294
0
0.0884344
0
0
0
0
0.0810042
0
0
0.0957534
0
0.0781982
0
0.0781982
0.0781982
0.0782301
0.0782301
0.0892762
0.0892762
0.0892762
0.0781982
0.0784867
0
0
0
0.0782142
0.0785028
0
0
0
0
0
0
0
0
0
0
0
0
0
0
0
0
0
0
0
0
0
0
0
0
0
0
0.0968549
0.0968549
0
0
0
0
0
0
0
0
0
0
0
0
0
0
0
0
0
0
0
0
0
0
0
0
0
0
0
0
0
0
0
0
0
0
0
0
0
0
0
0
0
0
0
0
0
0.0920055
0.0920055
0.0920055
0.0920055
0.0920055
0.0920055
0
0
0
0
0
0
0
0
0
0
0
0.0782301
0.0917727
0
0.0920575
0
0
0
0.092821
0.0875712
0
0.0930619
0.0881819
0.0882506
0
0.0915417
0.0915417
0.0927411
0.0927411
0
0
0
0
0.0890635
0
0.0890635
0.0890635
0.0890635
0
0
0
0.0808805
0.0809688
0.0810042
0.085023
0.0808805
0.0932235
0.0927411
0
0
0.0898027
0.0910094
0.0927411
0
0
0
0.0848392
0
0
0
0.085064
0
0
0
0
0
0
0
0
0
0.085064
0
0
0
0
0
0
0
0.0891107
0.0891579
0
0.114809
0.11491
0
0
0
0
0
0
0
0
0
0
0
0
0
0
0
0.0782301
0
0
0
0.0782301
0.0782301
0.0875712
0
0.0915162
0
0
0
0
0
0
0
0
0
0
0
0
0
0
0
0
0
0
0
0
0
0
0
0
0
0
0
0
0
0
0
0
0
0
0
0
0
0
0
0
0
0
0
0.0871048
0.0871048
0.0871048
0.0871048
0
0
0
0.0921617
0.0921356
0.0888757
0
0
0
0
0
0.0573351
0.0573351
0.0573351
0.0573351
0.0573351
0.0573351
0.0573351
0.0573351
0.0573351
0.0573351
0.0573351
0.0573351
0.0573351
0.0573351
0.0573351
0.0573351
0.0573351
0
0
0
0.0845759
0.0915929
0.0573351
0.0573351
0.0573351
0.0573351
0.0573351
0.0573351
0.0573351
0.0573351
0.0573351
0.0573351
0.0573351
0.0573351
0.0573351
0.0573351
0.0573351
0.0573351
0.0573351
0.0573351
0.0573351
0.0573351
0.0573351
0.0573351
0.0573351
0.0573351
0.0573351
0.0573351
0.0573351
0.0573351
0.0573351
0.0573351
0.0573351
0.0573351
0.0573351
0.0573351
0.0573351
0.0573351
0.0573351
0.0573351
0.0573351
0.0573351
0.0573351
0.0573351
0.0573351
0.0573351
0.0573351
0.0573351
0.0573351
0.0573351
0.0573351
0.0573351
0.0573351
0.0573351
0.0573351
0.0573351
0.0573351
0.0573351
0.0573351
0.0573351
0.0573351
0.0573351
0.0573351
0.0573351
0.0573351
0.0573351
0.0573351
0.0573351
0.0573351
0.0573351
0.0573351
0.0573351
0.0573351
0.0573351
0.0573351
0.0573351
0.0573351
0.0573351
0.0573351
0.0573351
0.0573351
0.0573351
0.0573351
0.0573351
0.0573351
0.0573351
0.0573351
0.0573351
0.0573351
0.0573351
0.0573351
0.0573351
0.0573351
0.0573351
0.0573351
0.0573351
0.0573351
0.0573351
0.0573351
0.0573351
0.0573351
0.0573351
0.0573351
0.0573351
0.0573351
0.0573351
0.0573351
0.0573351
0.0573351
0.0573351
0.0573351
0.0573351
0.0573351
0.0573351
0.0573351
0.0573351
0.0573351
0.0573351
0.0573351
0.0573351
0.0573351
0.0573351
0.0573351
0.0573351
0.0573351
0.0573351
0.0573351
0.0573351
0.0573351
0.0573351
0.0573351
0.0573351
0.0573351
0.0573351
0.0573351
0.0573351
0.0573351
0.0573351
0.0573351
0.0573351
0.0573351
0.0573351
0.0573351
0.0573351
0.0573351
0.0573351
0.0573351
0.0573351
0.0573351
0.0573351
0.0573351
0.0573351
0.0573351
0.0573351
0.0573351
0.0573351
0.0573351
0.0573351
0.0573351
0.0573351
0.0573351
0
0
0.0573351
0.0573351
0.0573351
0.0573351
0.0573351
0.0573351
0
0
0
0
0
0
0.0573351
0
0.0573351
0.0573351
0.0573351
0.0573351
0.0573351
0.0573351
0
0
0
0
0
0
0
0
0
0
0
0
0
0
0
0
0
0
0
0
0
0
0
0
0
0
0
0
0
0
0
0
0
0
0
0.0893
0
0.0893
0.0893
0
0
0
0
0.0836827
0
0.0836827
0.0573351
0.0573351
0.0597117
0.0876609
0.0876609
0
0
0
0.0876609
0.0846162
0
0
0.0846162
0.0846162
0.0846162
0.0846162
0.0846162
0.0846162
0.0846162
0
0.0849208
0.0846162
0.0573351
0.0573351
0.0963441
0.0915929
0.0596409
0
0.0573351
0.0573351
0.0573351
0.0573351
0.0845154
0.0845154
0.0845154
0.0845154
0
0.0573351
0.0573351
0
0
0
0.0573351
0
0
0
0
0
0
0
0.0573351
0.0573351
0.0573351
0.0573351
0.0573351
0.0573351
0.0573351
0.0573351
0.0573351
0.0573351
0.0573351
0.0573351
0.0573351
0
0
0
0.0573351
0
0
0
0
0
0.0573351
0
0
0
0.0892288
0
0
0
0
0
0
0.0888757
0
0
0
0.0888757
0
0
0
0
0
0
0
0.0888757
0
0.0932775
0
0
0
0
0.0967038
1
0.0958706
0
0
0
0
0
0
0
0
0.0891579
0.0891579
0
0.0891579
0
0.0891579
0.0916698
0.0916698
0
0
0
0
0
0.0916698
0.0919795
0
0
0
0
0
0
0
0
0
0
0
0
0
0
0
0
0
0
0
0
0
0
0
0
0
0
0
0
0
0
0
0
0
0
0
0
0
0
0
0
0
0
0
0
0
0
0.0875712
0.0875712
0.0875712
0.0855608
0.0855608
0.0855608
0
0
0
0
0
0
0
0
0
0
0
0
0
0
0
0
0
0
0
0
0
0
0
0
0
0
0
0
0
0
0
0
0
0
0
0
0
0
0
0
0
0
0
0
0
0
0
0
0
0
0
0
0
0
0
0
0
0
0
0
0
0
0
0
0
0
0
0
0
0
0
0
0
0
0
0
0
0
0
0
0
0
0
0
0
0
0
0
0
0
0
0
0
0
0
0
0
0
0
0
0
0
0
0
0
0
0
0
0
0
0.0747018
0.0747018
0.0747018
0.0747018
0.0747018
0.0747018
0.0747018
0.0747018
0
0.0747018
0.0747018
0
0.0747018
0.0747018
0
0.0747018
0
0
0
0
0
0
0
0
0
0.0782301
0.0782301
0.0782301
0.0782301
0.0782301
0
0
0
0
0
0
0
0
0
0
0.0892762
0.0892762
0.0892762
0.0892762
0.0892762
0.0892762
0.0892762
0.0892762
0.0892762
0.0892762
0.0573351
0.0573351
0.0573351
0.0573351
0.0573351
0
0.0573351
0.0573351
0.0573351
0.0573351
0
0.0573351
0.0573351
0.0573351
0.0573351
0
0.0573351
0.0573351
0.0573351
0.0573351
0
0
0
0
0.0573351
0.0573351
0.0573351
0.0573351
0.0573351
0.0573351
0.0573351
0.0573351
0.0573351
0.0573351
0.0573351
0
0
0
0
0
0.091747
0
0
0
0
0
0
0
0.0573351
0
0
0.0593321
0.0573351
0.0573351
0.0573351
0.0846162
0.0573351
0.0573351
0.0573351
0.0573351
0
0
0.0886659
0.106159
0.088759
0.0985011
0.088759
0.0886659
0.0886659
0
0
0
0
0
0
0
0
0
0
0
0
0
0
0
0
0
0
0
0.0573351
0.0573351
0
0
0
0
0
0
0
0
0
0
0.0597117
0
0
0
0
0
0.0573351
0.0573351
0.0573351
0
0.0573351
0.0573351
0
0.0573351
0.0573351
0.0573351
0.0573351
0.0573351
0.0573351
0
0.0573351
0.0846162
0.0573351
0
0
0
0
0
0
0
0
0
0
0
0
0
0
0
0
0
0
0
0
0
0
0
0
0
0
0.0573351
0.0573351
0.0573351
0.0573351
0.0573351
0.0573351
0.0573351
0.0573351
0.0573351
0.0573351
0.0573351
0.0573351
0.0573351
0.0573351
0.0573351
0.0573351
0.0573351
0.0573351
0.0573351
0.0573351
0.0573351
0.0573351
0.0573351
0.0573351
0.0573351
0.0573351
0.0573351
0.0573351
0.0573351
0.0573351
0.0573351
0.0573351
0.0573351
0.0573351
0.0573351
0.0573351
0.0573351
0.0573351
0.0573351
0.0573351
0.0573351
0.0573351
0.0573351
0.0573351
0.0573351
0.0573351
0.0573351
0.0573351
0.0573351
0.0573351
0.0573351
0.0573351
0.0573351
0.0573351
0.0573351
0
0
0
0
0
0
0
0
0
0
0
0
0.0573351
0.0573351
0.0573351
0.084596
0
0
0
0
0
0
0
0
0
0
0
0
0
0
0
0
0
0
0
0
0
0
0
0
0.0846162
0.0573351
0.0573351
0.0573351
0.0573351
0.0573351
0.0573351
0.0573351
0.0573351
0.0573351
0.0573351
0.0573351
0.0573351
0
0
0
0
0
0
0
0
0
0
0.0573351
0.0573351
0
0
0.149182
0.120972
0.120972
0.120972
0
0.0855608
0.127897
0.127897
0.127897
0.175863
0.175863
0
0.175863
0.127897
0.127897
0.127897
0.127897
0.127897
0
0.422577
0.11401
0
0.0573351
0.0573351
0.0573351
0.0573351
0.0573351
0.0573351
0
0.0573351
0.0573351
0
0.0573351
0
0.0573351
0.0573351
0.0573351
0.0573351
0.0573351
0.0573351
0.0903139
0.0903139
0
0
0.0903139
0
0
0
0
0
0
0
0
0.0896582
0.0896582
0.0896582
0.0897544
0.0891107
0
0
0.0891107
0.0891107
0.0910094
0
0
0
0
0
0
0
0
0
0
0
0
0
0
0
0
0
0
0
0.0573351
0.0573351
0.0573351
0.0573351
0
0.0573351
0
0
0
0
0
0
0
0
0
0
0
0
0
0
0
0
0
0
0
0
0
0.0573351
0.0573351
0.0573351
0
0.0573351
0
0
0
0
0
0
0
0
0
0
0
0
0
0
0
0
0
0
0
0
0.0877733
0.0890635
0
0
0
0
0
0
0
0
0
0
0
0
0
0
0.0573351
0.0958119
0
0
0
0
0
0
0
0
0
0
0
0
0
0
0
0
0
0
0
0
0
0
0
0
0
0
0
0
0
0
0.0918243
0
0.0942949
0
0
0
0
0
0
0.0945756
0
0
0
0
0
0.0945756
0
0.0573351
0.0573351
0.0573351
0.0573351
0.0573351
0.0856444
0.0954911
0.0959
0.0959
0.0573351
0.0573351
0.0573351
0.0573351
0
0.0573351
0.149626
0.0846162
0.0846162
0.0846162
0.0846162
0.0846162
0.0846162
0.0846162
0
0
0
0
0.0846162
0
0.0846162
0.0846162
0.0846162
0.0846162
0
0
0
0
0
0
0
0
0
0
0
0
0
0
0
0
0
0
0
0
0
0
0
0
0
0
0.0573351
0.0573351
0.0573351
0.0573351
0.0573351
0.0573351
0.0573351
0.0573351
0.0573351
0.0573351
0.0573351
0.0573351
0.0573351
0.0573351
0.0949443
0.0949443
0.0949443
0.0949443
0.0949443
0.0949443
0.0949443
0.0949443
0.0949443
0.0855608
0.0894666
0.0856653
0.0856653
0
0.0873482
0.0597117
0
0.0895383
0.0895383
0
0
0
0
0.090511
0
0
0
0
0
0
0
0
0
0
0
0
0
0
0.0876833
0.0876833
0.0894189
0
0
0
0
0
0
0
0
0
0
0
0.0597117
0
0.0597117
0.0597117
0
0
0
0
0.0932235
0.0932235
0
0.0932235
0.0932235
0.0932505
0.0932235
0
0
0
0
0
0
0
0
0
0
0
0
0
0
0
0
0
0
0
0
0
0
0
0
0
0
0
0
0
0
0
0
0
0
0
0
0
0
0
0
0
0
0
0
0
0.0573351
0.0573351
0.0573351
0.0573351
0.0573351
0.0573351
0.0573351
0
0.0573351
0.0573351
0.0916442
0.0573351
0
0.0573351
0
0.0573351
0.0573351
0.0573351
0
0
0
0
0
0.0573351
0.0573351
0
0.0573351
0
0.0573351
0.0573351
0.0573351
0
0.0573351
0.0573351
0.0573351
0.0573351
0.0846162
0.0846162
0
0.0846162
0.085208
0.085208
0.0846162
0
0
0
0
0
0
0
0
0
0
0
0
0
0
0
0
0
0
0
0
0
0
0
0
0
0
0
0
0
0
0
0
0
0
0
0
0
0
0
0
0
0
0
0
0
0
0
0
0
0
0
0
0
0
0
0
0
0
0
0
0
0
0
0
0
0
0
0
0
0
0
0
0
0
0
0
0
0
0
0
0
0
0
0
0
0
0
0
0
0
0
0
0
0
0
0
0
0
0
0
0
0
0
0
0
0
0
0
0
0
0
0
0
0
0
0.0573351
0.0573351
0
0
0
0
0
0
0
0
0
0
0.0573351
0
0
0.0966435
0.0573351
0.0573351
0
0
0
0
0
0
0
0
0
0
0
0
0
0
0
0
0
0
0
0
0
0
0
0
0
0
0
0
0
0
0
0
0
0
0
0
0
0
0
0
0
0
0
0
0
0
0
0
0
0
0
0
0
0
0
0
0
0
0
0
0
0
0.0573351
0.0573351
0.0573351
0.0573351
0.0938509
0
0
0
0
0
0
0
0
0
0
0
0
0
0
0
0
0
0
0
0
0
0
0
0
0
0
0
0
0
0
0
0
0
0
0
0
0
0
0
0
0
0
0
0.0915162
0.0915162
0.0915162
0.0915162
0.0915162
0
0
0
0
0
0
0
0
0
0
0
0
0
0
0.140028
0.140028
0
0.141046
0.142182
0
0
0
0
0
0
0
0
0
0
0
0
0
0
0
0
0
0
0
0
0
0
0
0
0
0
0
0
0
0
0
0
0
0
0
0
0
0
0
0
0
0
0
0
0
0
0
0
0
0
0
0
0
0
0
0
0
0
0
0
0
0
0
0
0
0
0
0
0
0
0
0
0
0
0
0
0
0
0
0
0
0
0
0
0
0
0
0
0
0
0
0
0
0
0
0
0
0
0
0
0
0
0
0
0
0
0
0
0
0
0
0
0
0
0.0858335
0.0858335
0.0858335
0.0858335
0.0858335
0.0858335
0.0858335
0.0858335
0.0858335
0
0
0
0.0858335
0
0
0
0
0
0.0875712
0.0875712
0.0875712
0
0
0
0
0.0874595
0.0874595
0.0874595
0
0
0
0
0
0
0
0
0
0
0
0
0
0
0
0
0
0
0
0
0
0
0
0
0
0
0
0
0
0
0
0
0
0
0
0
0
0
0
0
0
0
0
0
0
0
0
0
0
0
0
0
0.0573351
0.0573351
0.0573351
0.0573351
0.0573351
0.0573351
0.0573351
0
0
0
0
0
0
0
0
0
0
0
0
0
0
0
0
0
0
0
0
0
0
0
0
0.0920575
0.0920575
0.0920575
0.0929814
0.0929814
0.0929814
0.0929814
0
0
0
0.0930619
0.0930619
0.0930619
0.0921356
0.0920055
0
0.0920055
0.0920055
0
0.0920835
0.0573351
0.0573351
0.0573351
0.0573351
0
0.0573351
0.0573351
0.0573351
0.0573351
0.0573351
0.0573351
0.0573351
0.0573351
0.0573351
0
0
0
0
0
0.0846162
0.0846162
0.0846162
0.0846162
0.0846162
0.0846162
0.0573351
0.0573351
0.0573351
0.0573351
0.0573351
0.0845759
0
0.0845759
0
0
0
0
0.0573351
0
0
0.0573351
0.0573351
0.0573351
0.0573351
0.0573351
0.0573351
0.0573351
0.0573351
0.0602439
0.0602439
0
0.0602439
0.0573351
0.0573351
0
0
0
0
0
0
0
0
0
0.0573351
0.0573351
0.0882277
0.0573351
0.0573351
0.0573351
0
0.0573351
0.0573351
0.0573351
0
0
0.0573351
0.0573351
0.0573351
0.0573351
0.0573351
0
0
0
0
0
0
0
0
0
0
0
0
0
0
0
0
0
0
0
0
0
0
0
0
0
0
0
0
0
0
0
0
0
0
0
0
0
0
0
0
0
0
0
0
0
0
0
0
0
0
0
0
0
0
0
0
0
0
0
0
0
0
0
0
0
0
0
0
0
0
0
0
0
0
0
0
0
0
0
0
0
0
0
0
0
0
0
0
0
0
0
0
0
0
0
0
0
0
0
0
0.0573351
0.0573351
0
0
0
0
0
0
0
0
0
0
0
0.0573351
0
0
0.0573351
0.0573351
0.0573351
0
0
0
0
0
0
0
0
0
0.0573351
0
0
0
0.0573351
0.0573351
0.0573351
0
0
0
0
0
0
0
0
0
0
0.0573351
0
0
0.0841357
0.0573351
0.0573351
0
0.0573351
0
0
0
0
0
0
0
0
0
0
0
0.0846162
0.0573351
0.0573351
0
0.0573351
0
0
0
0
0
0
0
0
0
0
0
0
0.0573351
0.0573351
0.0573351
0.0573351
0.0573351
0.0573351
0
0
0
0
0
0.0573351
0
0
0.0959589
0
0
0
0
0
0
0
0
0
0
0
0
0
0
0
0
0.0846162
0.0573351
0.0573351
0.0573351
0.0573351
0
0.0573351
0.0573351
0.0573351
0.0573351
0
0
0
0
0
0
0
0
0
0
0
0
0
0
0
0
0
0
0
0
0
0
0
0
0.0573351
0.0573351
0.0573351
0.0573351
0.0573351
0.0573351
0.0573351
0.0573351
0.0573351
0.0573351
0.090859
0.0573351
0.0573351
0.0573351
0.0573351
0
0.0573351
0.0573351
0.095116
0.095116
0.095116
0.095116
0.095116
0.0573351
0
0.0573351
0.0573351
0.0573351
0.0573351
0
0
0.0573351
0.0937408
0.0573351
0
0.0573351
0.0573351
0.0573351
0.0573351
0
0.0573351
0.0573351
0.0573351
0
0.0573351
0
0
0
0.0573351
0.0573351
0
0.0573351
0.0573351
0.0893475
0.0893475
0
0.0573351
0.0573351
0.0573351
0
0
0
0
0
0
0
0
0
0.0573351
0.0573351
0
0
0
0
0
0
0
0
0
0
0
0
0
0
0
0
0
0
0
0
0
0.0573351
0.0573351
0.0573351
0.0573351
0.0573351
0.0573351
0.0573351
0.0573351
0.0573351
0.0573351
0.0573351
0.0573351
0.101187
0.101187
0.101187
0.101187
0
0
0.0573351
0.0573351
0.0573351
0.0573351
0.101187
0.101187
0.101187
0
0
0
0.100572
0.100572
0.101187
0.101187
0
0
0
0
0
0
0
0
0
0
0
0
0
0.0573351
0
0.0573351
0
0.0573351
0
0
0
0
0
0
0
0
0
0
0
0
0
0
0
0
0
0
0.0597117
0.0597117
0.0597117
0.0597117
0.0597117
0.0597117
0.0597117
0
0
0.0545382
0.0545382
0.0545382
0.0545382
0.0545382
0
0
0
0
0
0
0
0
0
0
0
0
0
0
0
0
0
0
0
0
0
0
0
0
0
0
0
0
0
0
0
0
0
0
0
0
0
0
0
0
0
0
0
0
0
0
0
0
0
0
0
0
0
0
0
0
0
0
0
0
0
0
0
0
0
0
0
0
0
0
0
0
0
0
0
0
0
0
0
0
0
0
0
0
0
0
0
0
0
0
0
0
0
0
0
0
0
0
0
0
0
0
0
0
0
0
0
0
0
0
0
0
0
0
0
0
0
0
0
0
0
0
0
0
0
0
0
0
0
0
0
0
0
0
0
0
0
0
0
0
0
0
0
0
0
0
0
0
0
0
0
0
0
0
0
0
0
0
0
0
0
0
0
0
0
0
0
0
0
0
0
0
0
0.0545382
0
0
0
0
0
0
0
0
0.0545382
0.0545382
0.0545382
0.0545382
0.0545382
0.0545382
0
0
0.0545382
0.0545382
0
0
0
0
0
0
0
0
0
0
0
0
0
0
0
0
0
0
0
0
0
0
0
0
0
0
0
0
0
0
0
0
0
0
0
0
0
0
0
0
0.0545382
0.0545382
0
0
0
0
0
0
0
0
0
0
0
0
0
0
0
0
0
0
0
0
0
0
0
0
0
0.0545382
0
0
0
0
0
0
0
0
0
0
0
0
0
0
0
0
0
0
0
0
0
0
0
0
0
0
0
0
0
0
0
0
0
0
0
0
0
0
0
0
0
0
0
0
0
0
0
0
0
0
0
0
0
0
0
0
0
0
0
0
0
0
0
0
0
0
0
0
0
0
0
0
0
0
0
0
0
0
0
0
0
0
0
0
0
0
0
0
0
0
0
0
0
0
0
0
0
0
0
0
0
0
0
0
0
0
0
0
0
0
0
0
0
0
0
0
0
0
0
0
0
0
0
0
0
0
0
0
0
0
0
0
0
0
0
0
0
0
0
0
0
0
0
0
0
0
0
0
0
0
0
0
0
0
0
0
0
0
0
0
0
0
0
0
0
0
0
0
0
0
0
0
0
0
0
0
0
0
0
0
0
0
0
0
0
0
0
0
0
0
0
0
0
0
0.0547997
0.0547997
0.055076
0.055076
0.054734
0.054734
0.054734
0.054734
0.054734
0.054734
0.0781982
0.0781982
0.0781982
0.0781982
0.0781982
0.0781982
0.0781982
0.0781982
0.0781982
0
0.0781982
0.0782301
0.0782301
0.0782301
0.0782301
0.0782301
0.0782301
0
0.0782301
0.07831
0.0782301
0.0782142
0.0782142
0
0
0
0.0782142
0.0782142
0.09503
0
0
0
0.09503
0.0873704
0
0
0
0
0.0873704
0.0920055
0
0
0
0.0920055
0
0
0
0
0
0
0
0.0920055
0.0920055
0.0920055
0
0
0
0
0
0
0
0
0
0
0
0
0
0
0
0
0
0
0
0
0
0
0.0968549
0.0968549
0.0968549
0
0
0
0
0
0
0
0
0
0
0
0
0
0.0915417
0.0915417
0.0915417
0.0915417
0
0
0
0
0
0
0.0927411
0.0927411
0.0927411
0.0927411
0
0
0
0
0
0
0
0
0
0
0
0
0
0
0
0
0
0
0
0
0
0
0
0
0
0
0
0
0
0
0
0
0
0
0
0
0
0
0
0
0
0
0
0
0
0
0
0
0
0
0
0
0
0
0.0835852
0.0835852
0.0835852
0.0835852
0
0
0
0
0
0
0
0
0
0
0
0
0
0
0
0
0
0
0
0
0
0
0
0
0
0
0
0
0
0
0
0
0
0
0
0
0
0
0
0
0
0
0
0
0
0
0
0
0
0
0
0
0
0
0
0
0
0
0
0
0
0
0
0
0.0909091
0.0810574
0
0
0
0
0
0
0
0
0
0
0
0
0
0
0
0
0
0
0
0
0
0
0
0
0
0
0
0
0
0
0.0827417
0.0827417
0.0827417
0.0827417
0.0827417
0.0827417
0.0827417
0.0827417
0.0827417
0
0
0
0
0
0
0
0
0
0
0
0
0
0
0
0
0
0
0
0
0
0
0
0
0
0
0
0
0
0
0
0
0
0
0
0
0
0
0
0
0
0
0
0
0
0
0
0
0
0
0
0
0
0
0
0
0
0
0
0
0
0
0
0
0
0
0
0.0545382
0.0545382
0.0545382
0.0545382
0.0545382
0
0
0
0
0
0
0
0
0
0
0
0
0
0
0
0
0
0
0
0
0
0
0
0
0
0
0
0
0
0
0
0
0
0
0
0
0
0
0
0
0
0
0
0
0
0
0
0
0
0
0
0
0
0
0
0
0
0
0
0
0
0
0
0
0
0
0
0
0
0
0
0
0
0
0
0
0
0
0
0
0
0
0
0
0
0
0
0
0
0
0
0
0
0
0
0
0
0
0
0
0
0
0
0
0
0
0
0
0
0
0
0
0
0
0
0
0
0
0
0
0
0
0
0
0
0
0
0
0
0
0
0
0
0
0
0
0
0
0
0
0
0
0
0
0
0
0
0
0
0
0
0
0
0
0
0
0
0
0
0
0
0
0
0
0
0
0
0
0
0
0
0
0
0
0
0
0
0
0
0
0
0
0
0
0
0
0
0
0
0
0
0
0
0
0
0
0
0
0
0
0
0
0
0
0
0
0
0
0
0
0
0
0
0
0
0
0
0
0
0
0
0
0
0
0
0
0
0
0
0
0
0
0
0
0
0
0
0
0
0
0
0
0
0
0
0
0
0
0
0
0
0
0
0
0
0
0
0
0
0
0
0
0
0
0
0
0
0
0
0
0
0
0
0
0
0
0
0
0
0
0
0
0
0
0
0
0
0
0
0
0
0
0
0
0
0
0
0
0
0
0
0
0
0
0
0
0
0
0
0
0
0
0
0
0
0
0
0
0
0
0
0
0
0
0
0
0
0
0
0
0
0
0
0
0
0
0
0
0
0
0
0
0
0
0
0
0
0
0
0
0
0
0
0
0
0
0
0
0
0
0
0
0
0
0
0
0
0
0
0
0
0
0
0
0
0
0
0
0
0
0
0
0
0
0
0
0
0
0
0
0
0
0
0
0
0
0
0
0
0
0
0
0
0
0
0
0
0
0
0
0
0.0846162
0.0846162
0.0845759
0.0845759
0.0845759
0.0845759
0.0845759
0.0845759
0.0845759
0.0845759
0.0845759
0.0845759
0.0845759
0.0846162
0.0846162
0.0846162
0.0846162
0.0846162
0.0846162
0.0846162
0.0846162
0.0948588
0.0948588
0.0948588
0.0948588
0.0948588
0
0.0948588
0.0846162
0.0846162
0.0856444
0.0856444
0.0856444
0.0856444
0.0846162
0.0845759
0.0845759
0.0845759
0.0845759
0.0845759
0.0845759
0.0845759
0.0845759
0.0845759
0.0845759
0.0845759
0.0845759
0.0845759
0.0845759
0.0845759
0.0845759
0.0845759
0.0845759
0.0845759
0.0845759
0.0845759
0.0845759
0.0845759
0.0845759
0.0845759
0.0845759
0.0845759
0.0845759
0.0845759
0
0
0
0
0
0
0
0.0846162
0.0846162
0.0846162
0.0846162
0.0846162
0.0846162
0.0846162
0.085332
0.085332
0.0846162
0.085332
0.085332
0.0846162
0.0846162
0.0846162
0.0846162
0.0846162
0.0846162
0.0848189
0.0846162
0.0918243
0.0905853
0.0905853
0.0905853
0.0931695
0.0943788
0
0
0
0
0
0
0
0
0
0
0
0
0
0
0
0
0.09061
0.0850435
0.0850435
0.0850435
0
0
0
0
0
0
0
0
0
0
0
0
0
0
0
0.0885962
0.0885962
0.0885962
0.0885962
0.0885962
0.0885962
0.0885962
0.0886194
0.0885962
0
0
0
0
0
0
0
0
0
0
0
0
0
0
0
0
0
0
0
0
0
0
0
0
0
0
0
0
0
0
0
0
0.0856026
0.0856026
0
0
0
0
0
0
0.0856026
0.0856026
0
0.0856026
0.0856026
0.0856026
0.0856026
0.0856026
0.0856026
0
0
0
0
0
0.0856026
0.0856444
0.0856444
0
0
0
0
0
0
0.0856444
0.0856026
0.0856444
0.0856026
0
0
0
0
0
0
0
0
0
0
0
0
0
0
0
0
0
0
0
0
0
0
0
0
0
0
0
0
0
0
0
0
0
0
0.0851051
0.0851051
0.0850435
0.0850435
0.0850435
0.0851051
0.0851051
0.0892052
0.0850435
0.0850435
0.0850435
0.0952885
0.0952885
0.0952885
0.085064
0.0855608
0.085064
0.085064
0.085064
0.0866025
0.0866025
0.0866025
0
0.0911858
0.085064
0.0857914
0.0857914
0.0894189
0.0894189
0.0850435
0.0846162
0.0846162
0.0846162
0.0846162
0.0846162
0.0846162
0.0846162
0.173379
0.173379
0.0856444
0.0948588
0.0856444
0
0.0886194
0.0886194
0
0
0
0
0
0
0
0
0
0
0
0.0884114
0.0941554
0.0941554
0.0846162
0.173379
0.173379
0
0
0
0
0
0
0
0
0
0.173379
0.173379
0
0
0
0
0
0
0.173379
0.173379
0
0.173379
0.173379
0
0
0
0
0.173379
0
0
0
0
0
0
0
0
0
0
0
0
0
0
0
0
0.087616
0.0876384
0
0
0
0
0
0
0
0
0
0
0
0
0
0
0
0
0
0
0
0
0
0
0.0885268
0.0885268
0.0885268
0.0885268
0.0885268
0.0885268
0
0
0
0
0
0.0885268
0.0885268
0
0.0885268
0
0
0
0
0
0
0
0
0
0
0
0.0897544
0.0897544
0.0927944
0.0897544
0
0.0897544
0.0897544
0.0897544
0.0917212
0.0917212
0.0918243
0.0897544
0.0897544
0.0892288
0.0892288
0.0893475
0.0893475
0
0.0885268
0.0959
0
0
0
0
0
0.0846162
0
0
0
0
0
0
0
0
0
0
0
0
0
0
0
0.0846162
0.0856444
0.0856444
0.0856444
0.0856444
0.0856444
0.0856444
0.0856444
0.0856444
0.0856444
0.0856444
0.0856444
0
0
0
0
0
0
0
0.0856444
0.0856444
0.0856444
0.0856444
0.0886426
0.0886426
0
0.0856444
0.0856444
0.0856444
0.0856444
0.0856444
0.0856444
0.0856444
0.0856444
0.0856444
0.0856444
0.0905853
0.0905853
0.0905853
0
0.0905853
0.0856444
0.0678636
0.0620333
0.0678636
0.0678636
0.0678636
0.0678636
0.0678636
0.0678636
0.0856444
0
0.0678636
0.0678636
0.0620333
0.0620333
0.0620333
0.0620333
0.0620333
0.0620333
0.0836242
0.0836242
0.0836242
0.0836242
0.0836242
0.0836242
0
0.0748971
0.0632287
0
0
0
0
0.0846162
0.0836242
0
0.0625407
0.0625407
0.0625407
0.0625407
0.0625407
0.0625407
0.0625407
0.0625407
0.0625407
0.0625407
0.0625407
0.0625407
0.0625407
0.0625407
0
0
0
0
0.0842949
0
0.0630692
0.0630692
0.063577
0.0704645
0.0779602
0
0.0633555
0.0633555
0.0863224
0.0633639
0
0.0633639
0.0760579
0
0.0630943
0.0630943
0
0.0545382
0.0545382
0.0845759
0.0845759
0.0845759
0.0845759
0.0845759
0.0845759
0.0845759
0.0545978
0.0545978
0.0545978
0.0545978
0.0545978
0.0545978
0.0545978
0
0.086973
0.086973
0
0
0
0
0
0
0
0
0
0
0
0
0
0
0
0
0
0
0
0
0
0
0
0.0898268
0
0
0.0898268
0
0
0
0
0
0
0
0
0
0
0
0
0
0
0
0
0
0
0
0
0
0
0
0
0
0
0.195865
0
0.195865
0
0
0
0
0
0
0
0
0
0
0
0
0
0
0
0
0.0959589
0.0959589
0.0959589
0
0
0
0.0959589
0.0952885
0.0952885
0
0
0
0
0.0952885
0.0952885
0.0958706
0.0959294
0.0959294
0
0
0.0959294
0.0959294
0
0
0
0.0952885
0.0903139
0.0903139
0
0
0
0
0
0
0
0
0
0
0
0
0.0903139
0
0
0
0
0
0
0
0
0
0
0
0
0
0
0
0
0
0
0
0
0
0
0
0
0
0
0
0
0
0
0
0
0
0
0
0
0
0
0
0
0
0
0
0
0
0
0
0
0
0
0
0
0.0544358
0.0544358
0.0544358
0.0544358
0.0544358
0.0544358
0.0544896
0.0544519
0.0545978
0.0544358
0
0
0
0
0
0
0
0
0
0
0
0
0
0
0
0
0
0
0
0
0
0
0
0
0
0
0
0
0
0
0
0
0
0
0
0
0
0
0
0
0
0
0
0
0
0
0
0
0
0
0
0
0
0
0
0
0
0
0
0
0
0
0
0
0
0
0
0
0
0
0
0
0
0
0
0
0
0
0
0
0
0
0
0
0
0
0
0
0
0
0
0
0
0
0
0
0
0
0
0
0
0
0
0
0
0.0625407
0.0625407
0.0625407
0.0625407
0.0625407
0.0793717
0.0774752
0
0
0
0
0
0
0
0
0
0
0
0
0
0
0.10171
0.10171
0.0835269
0.0881819
0
0
0
0
0.0846162
0.0846162
0.0846162
0.0842351
0
0
0
0
0
0
0
0
0
0
0
0
0
0
0
0
0
0.0552495
0.0552495
0.0552495
0
0
0
0
0.0552495
0.0552495
0.0552495
0.0552495
0.0552495
0.0552495
0.0552495
0.0552495
0
0.0553509
0
0
0
0
0
0
0
0
0
0
0
0
0
0
0
0
0
0
0
0
0
0
0
0
0
0
0
0
0
0
0
0
0
0
0
0
0
0
0
0
0
0
0
0.0588235
0.0588235
0.0588235
0.0835852
0
0
0
0
0.0830646
0
0
0
0.0830646
0.0830646
0.0830646
0.0830646
0.0830646
0.0830646
0.0830646
0
0
0
0
0
0
0
0
0
0
0
0
0
0
0
0
0
0
0
0
0
0
0
0
0
0
0
0
0
0
0
0
0
0
0
0
0
0
0
0
0
0
0
0
0
0
0
0
0
0
0
0
0
0
0
0
0
0
0
0
0
0
0
0
0
0
0
0
0
0
0
0
0
0
0
0
0
0
0
0
0
0
0
0
0
0
0
0
0
0
0
0
0
0
0
0
0
0
0
0
0
0
0
0
0
0
0
0
0
0
0
0
0
0
0
0
0
0
0
0
0
0
0
0
0
0
0
0
0
0
0
0
0
0
0
0
0
0
0
0
0
0
0
0
0
0
0
0
0
0
0
0
0
0
0
0
0
0
0
0
0
0
0
0
0
0
0
0
0.0550093
0.055026
0.0805823
0.0805823
0.0805823
0.0805823
0.0805823
0.0805823
0
0.0805823
0.0805823
0
0
0
0
0.0805823
0.0805823
0.0805823
0.0805823
0.0805823
0.0805823
0
0.0805823
0.0805823
0.0805823
0.0805823
0.0808276
0.0808276
0.0808276
0.0808276
0.0808276
0.0805823
0.0805823
0.0805823
0.0821995
0.0805823
0
0
0
0
0
0
0
0
0
0
0
0
0
0
0
0
0
0
0
0
0
0
0
0
0
0
0
0
0
0
0
0
0
0
0
0
0
0
0
0
0
0
0
0
0
0
0
0
0
0
0
0
0
0
0
0.054976
0.054976
0.054976
0.054976
0.054976
0.054976
0.054976
0.054976
0.0650485
0.054976
0.054976
0.054976
0.054976
0.054976
0
0
0
0
0
0
0
0
0.0549816
0.0549816
0.0549816
0.0549816
0.0549816
0.0549816
0
0
0.0549816
0
0
0
0
0
0
0
0
0
0
0
0
0
0
0
0
0
0
0
0
0
0
0
0
0
0
0.085208
0.085208
0.085208
0.085208
0.085208
0.085208
0.085208
0
0
0
0
0
0
0
0
0
0
0
0
0
0
0
0
0
0
0
0
0
0
0
0
0
0
0
0
0
0
0.0760726
0.0675532
0
0
0.085208
0.0549816
0.0549816
0.0549816
0
0
0
0.0549816
0.0549816
0.0550927
0.0549816
0.0549816
0.0549927
0
0
0
0
0
0.0608806
0.0608806
0.0549927
0.0550315
0.0550315
0.0550315
0.0550315
0.0549927
0.0549927
0.0549927
0.0608806
0.0608806
0.0608806
0.0608806
0.0608806
0.0638009
0.0608806
0.0608806
0.0608806
0
0.0608806
0.0608806
0.0608806
0.0608806
0.0608806
0.0608806
0.0608806
0
0
0
0
0
0.0549816
0.0549816
0.0549816
0.0549816
0.0654934
0.0549816
0.0817587
0.0817587
0.0817587
0.0817587
0.0849412
0.0817587
0.0549816
0.0650485
0.0549816
0.0632118
0.0549816
0.0549816
0.0549816
0.0632118
0.0632118
0.064389
0.0638703
0.0638703
0.0638703
0.0638703
0.0638703
0.0638703
0
0
0
0
0
0
0
0
0
0
0
0
0
0
0
0.0550927
0.0550927
0
0
0
0
0
0
0
0
0
0
0
0
0.0545978
0.0545978
0.0545978
0.0545978
0.0545978
0.0545978
0.0545978
0
0
0
0
0
0
0
0
0
0
0
0
0
0
0
0
0
0
0
0
0
0
0
0
0
0
0
0
0
0
0
0
0
0
0
0
0
0
0
0
0
0
0
0
0
0
0
0
0
0
0
0
0
0
0
0
0
0
0
0
0
0
0.0836242
0
0
0.0836242
0.0836242
0.0836242
0.0836242
0.0836242
0.0836242
0.0836242
0.0836242
0.0836242
0.0836242
0
0
0
0
0.0836242
0.0836242
0.0836242
0.0836242
0
0.0836242
0
0.0836242
0.0836242
0.0836242
0.0836242
0.0836242
0.0836242
0.0836242
0.0852286
0.0836242
0
0.0836242
0.0836242
0.0836242
0.0836242
0.0836242
0.0836242
0.0836242
0.0836242
0.0836242
0.0836242
0.0836242
0.0836242
0.0836242
0
0
0
0
0
0
0
0
0
0
0
0
0
0
0
0
0
0
0
0
0
0
0
0.0836242
0.0836242
0.0836242
0.0836242
0
0
0.0841357
0.0841357
0.0878863
0.0878863
0
0
0
0
0
0
0
0
0.140673
0.140673
0
0
0
0
0
0
0
0
0
0
0
0
0
0
0
0
0
0
0
0.14012
0.14012
0.14012
0
0
0
0
0
0
0.0871489
0.0871489
0.0871489
0.203279
0.203279
0.203279
0
0
0.0856235
0.0856235
0.0940998
0
0
0
0
0
0.0836242
0.0836242
0.0836242
0.0940721
0.0940721
0.0960769
0.0940721
0.0836242
0
0
0
0
0
0
0
0
0
0
0
0
0
0.0857493
0.0857493
0
0
0
0
0
0
0
0
0
0
0
0
0.0889226
0.0889226
0.0889226
0.0889226
0.0889226
0.0857493
0.0889226
0.0889226
0.0889226
0.0889226
0
0.0889226
0
0.0903385
0
0
0
0
0
0
0
0.0903385
0.0940998
0.0940998
0.0940998
0.0940998
0.0884575
0.0884575
0.0884575
0.0884575
0.0884575
0.0899236
0
0.0898752
0.0841357
0.0841357
0.0841357
0.0841357
0
0
0
0.0843349
0.0843349
0.0845154
0.0845154
0.0845154
0.0845154
0.0845557
0.0845557
0
0.0843349
0.0843349
0
0
0
0
0
0
0
0
0
0
0
0
0
0
0
0
0
0
0
0
0
0
0
0
0
0
0
0
0
0
0
0
0
0
0
0
0
0
0
0
0
0
0
0
0
0
0
0
0
0
0
0
0
0
0
0.140673
0.140673
0.140673
0.140673
0.140673
0.149626
0.149626
0.149626
0.149626
0.149626
0
0.140673
0.140673
0.140673
0.140673
0.140673
0.140673
0.142278
0
0
0
0
0
0
0
0
0
0
0
0
0
0
0
0
0
0
0
0
0
0
0
0
0
0.149626
0.149626
0.149626
0.195865
0.195865
0
0
0
0
0
0
0
0.195865
0.195865
0.149626
0.149626
0.150756
0
0
0
0
0
0
0
0
0
0
0
0
0
0
0
0
0
0
0
0
0
0
0
0
0
0
0
0
0
0
0
0
0
0
0
0
0
0
0
0
0
0
0
0
0
0
0
0
0
0
0
0
0
0
0
0
0
0.0840762
0.0842351
0.0840762
0
0
0
0
0
0
0
0.0878863
0.0878863
0.0878863
0.0878863
0.0878863
0.0877733
0.0878863
0.0878863
0.0878863
0
0
0.0877733
0.0878863
0.0878863
0.0878863
0.0888523
0.0888523
0.0888523
0
0.0888523
0
0
0
0
0
0
0
0
0
0
0
0
0
0
0
0
0
0
0
0
0
0
0
0
0
0
0
0
0
0
0
0
0
0
0
0
0
0
0
0
0
0
0
0
0
0
0.0849004
0.0849004
0
0.0849616
0.0849412
0.0836242
0.0836242
0.0836242
0.0836242
0.0836242
0.0836242
0.0836242
0.0836242
0.0836242
0.0836242
0.0836242
0.0836242
0.0836242
0.0836242
0
0
0
0.0836242
0.0836242
0.0836242
0.0836242
0.0836242
0.0836242
0.0836242
0.0836242
0
0.0836242
0.0836242
0.0836242
0.0836242
0.0836242
0.0836242
0.0836242
0.0836242
0.0836242
0.0836242
0.0836242
0.0836242
0.0836242
0.0776775
0.0776775
0.0548216
0.0548216
0.0548216
0.0548216
0
0
0
0
0
0
0
0
0
0
0
0
0
0.0546032
0.0546032
0.0546032
0.0546032
0.0546032
0.0546032
0
0
0
0
0
0
0
0
0
0
0
0.0550204
0
0.0579869
0.0597259
0
0
0
0.0579349
0.0579349
0
0
0
0.0579349
0.0544358
0.0544358
0.0544358
0.0544358
0.0806347
0
0
0
0
0
0
0
0
0
0
0
0
0
0
0
0
0
0
0
0
0
0
0
0
0
0
0
0
0
0
0
0
0
0
0
0
0
0
0
0
0
0
0
0
0
0
0
0
0
0
0
0
0
0
0
0.0545978
0.0545978
0.0545978
0.0545978
0.0545978
0.0545978
0.0545978
0.0545978
0.0545978
0.0545978
0.0545978
0
0
0
0
0
0
0
0
0
0
0
0
0
0
0
0
0
0
0
0
0
0
0
0
0
0
0
0
0
0
0
0
0
0
0
0
0
0
0
0
0
0
0
0
0
0
0
0
0
0
0
0
0
0
0
0
0
0
0
0
0
0
0
0
0
0
0
0
0
0
0
0
0
0
0
0
0
0
0
0
0
0
0
0
0
0
0
0
0
0
0
0
0
0
0
0
0
0
0
0
0
0
0
0
0
0
0
0
0
0
0
0
0
0
0
0
0
0
0
0
0
0
0
0
0
0
0
0
0
0
0
0
0
0
0
0
0
0
0
0
0
0
0
0
0
0
0
0
0
0
0
0
0
0
0
0
0
0
0
0
0
0
0
0
0
0
0
0
0
0
0
0
0
0
0
0.0587829
0.0587829
0.0587829
0.0587829
0.0587829
0.0587829
0.0587829
0
0
0
0
0
0
0
0
0.0588303
0.0588303
0
0
0.0588235
0.0588235
0.0588235
0
0
0
0
0
0
0
0
0
0
0
0
0
0
0
0
0
0
0
0
0
0
0
0
0
0
0
0
0
0
0
0
0
0
0
0
0
0
0.0588235
0
0
0
0
0
0
0
0
0
0
0
0
0
0
0
0
0
0
0
0
0
0
0
0
0
0
0
0
0
0
0
0
0
0
0
0
0.0547449
0.0547449
0.0545382
0.0545382
0.0545382
0.0545382
0.0545382
0.0545382
0.0545382
0.0545382
0.0545382
0.0545382
0.0545382
0.0545382
0.0545382
0.0545382
0.0545382
0.0545382
0.0545382
0.0545382
0.0545382
0.0545382
0.0545382
0
0
0
0.0545382
0.0545382
0.0545382
0.0545382
0.0545382
0.0545382
0.0545382
0.0545382
0.0546032
0.0546032
0.0546032
0.0546141
0.0546141
0.0546032
0.0546032
0.0546141
0.0548216
0
0
0
0.0546032
0.0546032
0.0546032
0.0546032
0.0592487
0.0546032
0.0780235
0.0546032
0.0546032
0
0
0.0588983
0.0588983
0.0589119
0.0589119
0.0588983
0.0588983
0
0
0.0588439
0.0588439
0.0588439
0.0588439
0.0588439
0.0588439
0
0
0
0
0
0.0588983
0.0588439
0.0588439
0.0588439
0.0588439
0.0588439
0
0.0588439
0.0588439
0.0588439
0.0589734
0.0589734
0.0588439
0.0588439
0
0.0588439
0
0.0588439
0.0588439
0.0588439
0
0.0588439
0.0588439
0
0
0
0.0588439
0.0588439
0.0588439
0.0588439
0.0588439
0.0588439
0.0588439
0.0588439
0.0588439
0.0588439
0.0588439
0.0588439
0.0589734
0.0589734
0.0589734
0
0.0589734
0.0588439
0.0588439
0.0588439
0.0588439
0
0.0588439
0.0588439
0
0
0
0
0
0
0
0
0
0
0
0
0
0
0
0
0
0
0
0
0
0
0
0
0
0
0
0
0
0
0
0
0
0
0
0
0
0
0
0
0
0
0
0
0
0
0
0
0
0
0
0
0
0
0
0
0
0
0
0
0
0
0
0
0
0
0
0
0
0
0
0
0
0
0
0
0
0
0
0
0
0
0
0
0
0
0
0
0
0
0
0
0
0
0
0
0
0
0
0
0
0
0
0
0
0
0
0
0
0
0
0
0
0
0
0
0
0
0
0
0
0
0
0
0
0
0
0
0
0
0
0
0
0
0
0
0.055143
0.055143
0
0.055143
0.055143
0.055143
0
0.055143
0
0
0
0.0579869
0.0597259
0
0
0
0
0
0
0
0
0
0
0
0
0
0
0.0613447
0
0
0
0
0
0
0
0
0
0
0
0
0.0573351
0.0573351
0.0573351
0
0
0
0
0
0
0
0
0.0845759
0.0845759
0.0845759
0
0
0
0
0
0
0
0
0
0
0
0
0
0
0
0
0
0
0
0
0
0
0
0
0
0
0
0
0
0
0
0
0
0
0
0
0
0
0
0
0
0
0
0
0
0
0
0
0
0
0
0
0
0
0
0
0
0
0
0
0
0
0
0
0
0
0
0
0
0
0
0
0
0
0
0
0
0
0
0
0
0
0
0
0
0
0
0.0550816
0
0
0
0
0
0
0
0
0
0
0
0
0
0
0
0
0
0
0
0
0
0
0
0
0
0
0
0
0
0
0
0
0
0
0
0
0
0
0
0
0
0
0.0551485
0.0551485
0.0551485
0.0551485
0.0551485
0
0
0
0
0
0
0
0.0545382
0.0545382
0
0
0
0
0
0
0.0550371
0.0550371
0.0550371
0.0550093
0.0550816
0.0550816
0.0550816
0
0.0546032
0
0
0
0
0
0
0
0
0
0
0
0
0
0
0
0
0
0
0.0552663
0
0.0550704
0
0
0
0
0
0
0
0
0
0
0
0
0
0
0
0
0
0
0
0
0
0
0
0
0
0
0
0
0
0
0
0.0991769
0
0
0
0
0
0
0
0
0
0
0
0
0
0
0
0
0
0
0
0
0
0
0
0
0
0
0
0
0
0
0
0
0
0
0
0
0
0
0.0788437
0.0788437
0.0788437
0.0788437
0.0788437
0.0788437
0
0
0
0
0.0799446
0.0799446
0
0
0
0
0
0
0
0.0799787
0.0739087
0.0739087
0.0739087
0
0
0.0742747
0.0742747
0.0742747
0.0742747
0.0742747
0.0742747
0
0
0
0
0
0
0
0
0
0
0.0745494
0.0742747
0.0742747
0
0
0.0814868
0.0814868
0.0742747
0.0742747
0.0742747
0.0742747
0.0742747
0
0
0
0
0
0
0
0.0742747
0
0
0
0
0
0
0
0
0
0.0754064
0.0754064
0.0754064
0.0754064
0.0765914
0
0.0769383
0.0754064
0
0
0.0807397
0
0.0807397
0.0807397
0.0807397
0.0807397
0.0807397
0.0788437
0
0.0788437
0.0788437
0.0788437
0.0788437
0.0788437
0
0
0
0
0
0
0
0
0
0
0
0
0
0
0
0
0
0
0
0
0
0
0
0
0
0
0
0
0
0
0
0
0
0
0.0739087
0.0739087
0
0.0788437
0.0739087
0.0739087
0.0788437
0.0788437
0.0788437
0
0
0.0742747
0.0742747
0
0.0742747
0
0
0
0
0
0
0
0
0
0
0
0
0
0
0
0
0
0
0
0
0
0
0
0
0
0
0
0
0
0
0
0
0
0
0
0
0
0
0
0
0
0
0
0
0
0
0
0
0
0
0
0
0
0
0
0
0
0
0
0
0
0
0
0
0
0
0
0
0
0
0
0
0
0
0
0
0
0
0
0
0
0
0
0
0
0
0
0
0
0
0
0
0
0
0
0
0
0
0
0
0
0
0
0
0
0
0
0
0
0
0
0
0
0
0
0
0
0
0
0
0
0
0
0
0
0
0
0
0
0
0
0
0
0
0
0
0
0
0
0
0
0
0
0
0
0
0
0
0
0
0
0
0
0
0
0
0
0
0
0
0
0
0
0
0
0
0
0
0
0
0
0
0
0
0
0
0
0
0
0
0
0
0
0
0
0
0
0
0
0
0
0
0
0
0
0
0
0
0
0
0
0
0
0
0
0
0
0
0
0
0
0
0
0
0
0
0
0
0
0
0
0
0
0
0
0
0
0
0
0
0
0
0
0
0
0
0
0
0.0546032
0.0546032
0.0546032
0.0546032
0.0546032
0.0546032
0.0546032
0.0546032
0.0546032
0.0546032
0.0546032
0.0546032
0.0546032
0.0546032
0.0546032
0.0546032
0.0546032
0.0546032
0.0546032
0.0546032
0.0546032
0.0546032
0.0546032
0.0546032
0.0546032
0.0546032
0.0546032
0.0546032
0.0546032
0.0546032
0.0546032
0.0546032
0.0546032
0.0546032
0.0546032
0.0546032
0.0546032
0.0546032
0.0546032
0.0546032
0.0546032
0.0546032
0.0546032
0.0546032
0.0546032
0.0546032
0.0546032
0.0546032
0.0546032
0.0546032
0.0546032
0.0546032
0.0546032
0.0546032
0.0546032
0.0546032
0.0546032
0.0546032
0.0546032
0.0546032
0.0546032
0.0546032
0.0546032
0.0546032
0.0546032
0.0546032
0.0546032
0.0546032
0.0546032
0.0546032
0.0546032
0.0546032
0.0546032
0.0546032
0.0546032
0.0546032
0.0546032
0.0546032
0.0546032
0.0546032
0.0546032
0.0546032
0.0546032
0.0546032
0.0546032
0.0546032
0.0546032
0.0546032
0.0546032
0.0546032
0.0546032
0.0546032
0.0546032
0.0546032
0.0546032
0.0546032
0.0546032
0.0546032
0.0546032
0.0546032
0.0546032
0.0546032
0.0546032
0.0546032
0.0546032
0.0546032
0.0546032
0.0546032
0.0546032
0.0546032
0.0546032
0.0546032
0.0546032
0.0546032
0.0546032
0.0546032
0.0546032
0.0546032
0.0546032
0.0546032
0.0546032
0.0546032
0.0546032
0.0546032
0.0546032
0.0546032
0.0546032
0.0546032
0.0546032
0
0
0
0
0
0
0
0
0
0
0
0
0
0
0
0
0
0
0
0
0
0
0
0
0
0
0.0592487
0.0592487
0.0546032
0.0592487
0.0592487
0
0.0592487
0
0
0
0
0
0
0
0
0
0
0
0
0
0
0
0
0
0
0
0
0
0
0.0546141
0
0
0
0
0
0
0
0
0
0.0550371
0
0
0
0
0
0
0
0
0
0
0
0
0
0
0
0
0
0
0
0
0
0
0
0.0852286
0.0852286
0.0852286
0.0852286
0.0852286
0.0852286
0.0852286
0.0852286
0.0852493
0.0852493
0.0852286
0.0852286
0.0852286
0.0852286
0.0852286
0.0852286
0.0852286
0.0852286
0.0852286
0.0852286
0.0852286
0.0852286
0.0852286
0.0862582
0.0852286
0.0852286
0.0852286
0.0852286
0.0852286
0.0852286
0
0
0.0852286
0.0852286
0.0852286
0.0852286
0.0867545
0.0867545
0.0867545
0.0867545
0.0867545
0.0867545
0.0867545
0.0867545
0.0867545
0.0867545
0.0867545
0.0867545
0.0867545
0.0867545
0.0867545
0.0867545
0.0867545
0.116091
0.116091
0
0
0.0545978
0.0545978
0.0545978
0.0545978
0.0545978
0.0545978
0.0545978
0.0545978
0.0545978
0.0545978
0.0545978
0.0545978
0.0545978
0.0545978
0.0545978
0.0545978
0.0545978
0.0545978
0.0545978
0.0545978
0.0545978
0.0545978
0.0545978
0.0545978
0.0545978
0.0545978
0.0545978
0.0545978
0.0545978
0
0
0.0867545
0.0867545
0.0867545
0.0867545
0.0867545
0.0867545
0.0886659
0.0867545
0.0867545
0.0873038
0.0873038
0.0873038
0.0873038
0.0873038
0.0873038
0.0873038
0.0873038
0.0873038
0.0873038
0.0867545
0.0867545
0.0867545
0.0867545
0.0867545
0.0886659
0.0867545
0.0867545
0.0867545
0.086973
0.086973
0
0
0
0.086973
0.0867545
0
0
0
0.0867545
0.0867545
0.0875041
0.0875041
0.0875041
0.0875041
0.0875041
0
0.0867545
0.0867545
0.0867545
0.0869291
0.0869291
0.0875041
0
0.0875041
0.0875041
0
0
0.345033
0.345033
0
0
0
0
0
0
0
0
0.145248
0.153695
0
0
0
0
0.0892052
0.0892288
0
0
0
0
0.0894427
0.0894427
0.0894427
0
0
0
0
0
0
0
0
0
0.143444
0.143444
0.143444
0
0
0
0
0
0
0
0
0
0
0
0
0
0
0
0
0
0
0
0
0
0
0
0
0
0
0
0
0
0
0
0
0
0
0
0
0
0
0
0
0
0
0
0
0
0
0
0
0
0
0
0
0
0
0
0
0
0
0
0
0
0
0
0
0
0
0
0
0
0
0
0
0
0
0
0
0
0
0
0
0
0
0
0
0
0
0
0
0
0
0
0.0875041
0.0875041
0.086973
0.086973
0
0
0
0
0
0
0
0
0
0
0.0867545
0.0867545
0.0872595
0.0867545
0.0867545
0.0872595
0.0872595
0
0.0872595
0
0
0
0.0872595
0.0872595
0
0
0
0
0
0
0
0
0
0
0
0
0
0
0
0
0
0
0
0
0
0
0
0
0
0
0
0
0
0
0
0
0
0
0
0
0
0
0
0
0
0
0
0
0
0
0
0
0
0
0
0
0
0
0
0
0
0
0
0
0
0
0
0
0
0
0
0
0
0
0
0
0
0
0
0
0
0
0
0
0
0
0
0
0
0
0
0
0
0
0
0
0
0
0
0
0
0
0
0
0
0
0
0.0869291
0.0869291
0.0871931
0.0875712
0.0875712
0
0
0
0
0
0
0.0875712
0.0875712
0.0894427
0
0.0898268
0.0898268
0.0898268
0.0898268
0
0
0.0898268
0.0898268
0.0898268
0.0898268
0.0898268
0.089851
0.089851
0
0
0
0
0
0.0898268
0
0
0
0
0
0
0
0
0
0
0
0
0
0
0
0
0
0
0
0
0
0
0
0
0
0
0
0
0
0
0
0
0
0
0
0
0
0
0
0
0
0
0
0.0875041
0.0875041
0.0875041
0.0875041
0.0902649
0.0902649
0
0.0902649
0
0
0
0
0
0
0
0
0
0
0
0.0902649
0.0903139
0.0875041
0.143444
0.143444
0.143444
0
0
0
0.143839
0.150188
0.150188
0
0.150188
0.150188
0.150188
0
0.143839
0.127897
0.127897
0.127897
0.127897
0.127897
0.127897
0.127897
0.195865
0.195865
0.195865
0.195865
0.127897
0.127897
0.127897
0.127897
0
0.127897
0
0
0
0
0
0
0
0
0
0
0
0
0
0
0
0
0
0
0
0
0
0
0
0
0
0
0
0
0
0
0
0
0
0
0
0
0
0
0
0
0
0
0
0
0
0
0
0
0
0
0.087616
0.087616
0
0.087616
0
0
0
0
0
0
0.0892525
0.0892525
0.0882048
0.0882048
0.0872373
0.0872373
0.0872373
0.0957534
0.0959589
0.0959589
0.0959589
0.0957534
0
0
0.0872373
0
0.0872373
0
0
0
0
0.0874149
0.0851874
0.0851874
0.0851874
0.0851874
0.0851874
0.0851874
0.0851874
0.0851874
0
0.0851874
0
0.0546141
0.0546141
0.0546141
0.0546141
0.0546141
0.0546141
0
0
0
0
0
0
0
0
0
0
0
0
0
0
0
0
0
0
0
0
0
0
0
0
0
0
0
0
0
0
0
0
0
0
0
0
0
0
0
0
0
0
0
0
0
0
0
0
0
0
0
0
0
0
0
0
0
0
0
0
0
0
0
0
0
0
0
0
0
0
0
0
0
0
0
0
0
0
0
0
0
0
0
0
0
0
0
0
0
0
0
0
0
0
0
0
0
0
0
0
0
0
0
0
0
0
0
0
0
0
0
0
0
0
0
0
0
0
0
0
0
0
0
0
0
0
0
0
0
0
0
0
0
0
0
0.0788437
0
0.0788437
0.0788437
0.0788437
0.0788437
0.0788437
0.0788437
0.0788437
0.0788437
0.0788437
0.0788437
0.0788437
0.0788437
0.0788437
0.0788437
0.0788437
0.0788437
0.0788437
0.0788437
0.0788437
0
0
0
0
0
0
0.0788437
0.0788437
0
0.0788437
0.0788437
0.0788437
0.0788437
0.0788437
0.0788437
0.0788437
0.0788437
0
0.0788437
0.0788437
0.0788437
0.0788437
0.0788437
0.0788437
0.0788437
0.0788437
0.0788437
0.084255
0
0
0.0883423
0
0
0.0788437
0.0788437
0
0
0
0
0
0.0796566
0
0
0
0.0788928
0.0788437
0
0
0
0
0
0
0
0
0
0
0
0
0
0
0.0788437
0.0788437
0
0
0.081541
0.081541
0
0
0
0
0
0
0
0
0
0
0
0
0
0
0
0
0
0
0
0
0
0
0
0
0
0
0
0
0
0
0
0
0
0
0
0
0
0
0
0
0
0
0
0
0
0
0
0
0
0
0
0
0
0
0
0
0
0
0
0
0
0
0
0
0
0
0
0
0
0
0
0
0
0
0
0
0
0
0.0788437
0.0788437
0
0.0788437
0.0788437
0.0896101
0.0788437
0.0788928
0.0834881
0.0788437
0.0788764
0
0.0789583
0
0.0788437
0
0
0
0
0
0.081541
0.081541
0.081541
0
0
0
0
0
0
0
0
0
0
0
0
0
0
0
0
0
0
0
0
0
0
0
0
0
0
0
0
0
0
0
0
0
0
0
0
0
0
0
0
0
0
0
0
0
0
0
0
0
0
0
0
0
0
0
0
0
0
0
0
0
0
0
0.0789091
0
0.0789091
0.0789091
0.0789911
0.0790076
0
0
0
0
0
0
0
0
0
0
0
0
0
0
0
0
0
0
0
0
0
0
0
0
0
0
0.079024
0.079024
0.0931156
0.079024
0.0800812
0.0790734
0.0788437
0
0
0
0
0
0.0788437
0.0788437
0.0788437
0.0788437
0.0788437
0.079189
0
0
0
0
0
0
0
0
0
0
0
0
0
0
0
0
0.0796735
0
0
0
0
0
0
0
0
0
0
0
0
0
0
0.079189
0.0812713
0
0.0792553
0.0799787
0.081686
0
0
0
0
0
0
0
0
0
0.0545382
0.0545382
0.0545382
0.0545382
0.0545382
0.0545328
0.0545328
0.0545328
0.0545328
0.0545328
0.0545382
0.0545382
0.0545382
0.0545382
0
0
0
0
0
0
0
0
0
0
0
0.0788437
0.0788437
0.0788437
0.0788437
0.0805126
0.0821255
0
0.0805126
0.0805126
0.0805126
0
0
0
0
0
0
0
0
0
0
0
0
0
0
0
0
0
0
0.0545978
0.0545978
0.0545978
0
0
0
0
0
0
0
0
0
0
0
0
0
0
0
0
0
0
0
0
0
0
0
0
0
0
0
0
0
0
0
0
0
0.0845759
0.0845759
0.0845759
0.0845759
0.0845759
0.0847782
0.0847782
0
0
0
0.0845759
0.0847782
0.0847782
0
0.0845759
0
0
0
0
0
0
0
0
0
0
0
0
0
0
0
0
0
0
0
0
0
0
0
0
0
0
0
0
0
0
0
0
0
0
0
0
0
0
0
0
0
0
0
0
0
0
0
0
0
0
0
0
0
0
0
0
0
0
0
0
0
0
0
0
0
0
0
0
0
0
0
0
0
0
0
0
0
0
0
0
0
0
0
0
0
0
0
0
0
0
0
0
0
0
0
0
0
0
0
0
0
0
0
0
0
0
0
0
0
0
0
0
0
0
0
0
0
0
0
0
0
0
0
0
0
0
0
0
0
0
0
0
0
0
0
0
0
0
0
0
0
0
0
0
0
0
0
0
0
0
0
0
0
0
0
0
0
0
0
0
0
0
0
0
0
0
0
0
0
0
0
0
0
0
0
0
0
0
0
0
0
0
0
0
0
0
0
0
0
0
0
0
0
0
0
0
0
0
0
0
0
0
0
0
0
0
0
0
0
0
0
0
0
0
0
0
0
0
0
0
0
0
0
0
0
0
0
0
0
0
0
0
0
0
0
0
0
0
0
0
0
0
0
0
0
0
0
0
0
0
0
0
0
0
0
0
0
0
0
0
0
0
0
0
0
0
0
0
0
0
0
0
0
0
0
0
0
0
0
0
0
0
0
0
0
0
0
0
0
0
0
0
0
0
0
0
0
0
0
0
0
0
0
0
0
0
0
0
0
0
0
0
0
0
0
0
0
0
0
0
0
0
0
0
0
0
0
0
0
0
0
0
0
0
0
0
0
0
0
0
0
0
0
0
0
0
0
0
0
0
0
0
0
0
0
0
0
0
0
0
0
0
0
0
0
0
0
0
0
0
0
0
0
0
0
0
0
0
0
0
0
0
0
0
0
0
0
0
0
0
0
0
0.0546032
0.0546032
0.0546032
0.0546032
0.055143
0
0
0
0
0
0.0834493
0.0834493
0.0834493
0.0834493
0.0834493
0.0834493
0.0834493
0
0
0
0
0
0
0
0
0
0
0
0
0
0
0
0
0
0.0545978
0
0
0
0
0
0
0
0
0
0
0
0
0
0
0
0
0
0
0
0
0
0
0.0550704
0
0
0
0
0.0550704
0.0550704
0.0550704
0.0550704
0.0550704
0.0550704
0
0
0
0
0
0
0
0.0550704
0.0550704
0.0550704
0
0
0
0
0
0
0
0
0
0
0.0550704
0.0550704
0.0550704
0.0550704
0.0550704
0
0
0
0
0
0
0
0
0
0
0
0
0
0
0
0
0
0
0
0
0
0
0
0
0
0
0
0
0
0
0
0
0
0
0.0550704
0.0550704
0.0550704
0.0550704
0
0
0
0
0
0
0
0
0
0.0550704
0
0
0
0
0
0
0
0
0
0
0
0
0
0
0
0
0
0
0
0
0
0
0
0
0
0
0
0
0
0
0
0
0
0
0
0
0
0
0
0
0
0
0
0.0550704
0.0550704
0.0550704
0.0550704
0.0550704
0.0550704
0
0
0
0
0
0
0
0
0
0
0
0
0
0
0
0.0550704
0.0550704
0.0550704
0.0550704
0.0550704
0.0550704
0.0550704
0.0550704
0
0
0.0550704
0
0
0
0
0
0
0
0
0
0
0
0
0
0
0
0
0
0
0
0
0
0
0
0
0
0
0
0
0
0
0
0
0
0
0
0
0
0
0
0
0
0
0
0
0
0
0
0
0
0
0
0
0
0
0
0
0
0
0
0
0
0
0
0
0
0
0
0
0
0
0
0
0
0
0
0
0
0
0
0
0
0
0
0
0
0
0
0
0
0
0
0
0
0
0
0
0
0
0
0
0
0
0
0
0
0
0
0
0
0
0
0
0
0
0
0
0
0
0
0
0
0
0
0
0
0
0
0
0
0
0
0
0
0
0
0
0
0
0.0547668
0.0547668
0.0547668
0
0
0
0
0
0
0
0
0
0
0
0
0
0
0
0
0
0
0
0
0
0
0
0
0
0
0
0
0
0
0
0
0
0
0
0
0
0
0
0
0
0
0
0
0
0
0
0
0
0
0
0
0
0
0
0
0
0
0
0
0
0
0
0
0
0
0
0
0
0
0
0
0
0
0
0
0
0
0
0
0
0
0
0
0
0
0
0
0
0
0
0
0
0
0
0
0
0
0
0
0
0
0
0
0
0
0
0
0
0
0
0
0
0
0
0
0
0
0
0
0
0
0
0
0
0
0
0
0
0
0
0
0
0
0
0
0
0
0
0
0
0
0
0
0
0
0
0
0
0
0
0
0
0
0
0
0
0
0
0
0
0
0
0
0
0
0
0
0
0
0
0
0
0
0
0
0
0
0
0
0
0
0
0
0
0
0
0
0
0
0
0
0
0
0
0
0.0707815
0
0
0.074577
0
0
0
0
0
0
0
0
0
0
0
0
0
0
0
0
0
0
0
0
0
0
0
0
0
0
0
0
0
0
0
0
0
0
0
0
0
0
0
0
0
0
0
0
0
0
0
0
0
0
0
0
0
0.0673588
0.0606339
0.0606339
0.0606339
0.0644157
0
0
0
0
0
0
0
0
0
0
0
0
0
0
0
0
0
0
0
0
0
0
0
0
0
0
0
0
0
0
0
0
0
0
0
0
0
0
0
0.0667557
0
0.060798
0
0
0
0
0
0
0
0
0
0
0
0
0
0
0
0
0
0
0.0553114
0
0
0
0
0
0
0
0.0553114
0
0
0
0
0
0
0
0
0
0
0
0
0
0
0
0
0
0
0
0
0
0
0
0
0
0
0
0
0
0
0
0
0
0
0
0
0
0
0
0
0
0
0
0
0
0
0
0
0
0
0
0
0
0
0
0
0
0
0
0
0
0
0
0
0
0
0
0
0
0
0
0
0
0
0
0
0
0
0
0
0
0
0
0
0
0
0
0
0
0
0
0
0
0
0
0
0
0
0
0
0
0
0
0
0
0
0
0
0
0
0
0
0
0
0
0
0
0
0
0
0
0
0
0
0
0
0
0
0
0
0
0
0
0
0
0
0
0
0
0
0
0
0
0
0
0
0
0
0
0
0
0
0
0
0
0
0
0
0
0
0
0
0
0
0
0
0
0
0
0
0
0
0
0
0
0
0
0
0
0
0
0
0
0
0
0.0553001
0.0553001
0.0671358
0.0553114
0
0.0553114
0.0625407
0.0625407
0.0625407
0.0630608
0.0630608
0.0625407
0.064309
0.0625407
0.0608806
0.0608806
0.0608806
0
0
0
0
0
0.0608806
0
0
0
0
0
0
0
0
0
0
0
0
0
0
0
0
0
0
0
0
0
0
0
0
0
0
0
0
0
0
0
0
0
0
0
0
0
0
0
0
0
0
0
0.054976
0.054976
0.054976
0.054976
0.054976
0.054976
0.054976
0.0550482
0
0
0.054976
0.054976
0
0.054976
0.054976
0
0
0.054976
0
0
0
0
0
0
0
0
0
0
0
0
0
0
0
0
0
0
0
0
0
0
0
0
0
0
0
0
0
0
0
0
0
0
0
0
0
0
0
0
0
0
0
0
0
0
0
0
0
0.054976
0
0
0
0
0
0.054976
0
0
0
0
0
0
0
0
0
0
0
0
0
0
0
0
0
0
0
0
0
0.054976
0.054976
0.054976
0.054976
0.054976
0.054976
0.0545707
0
0.0545707
0.0545707
0.0545707
0.0545707
0
0.0545978
0
0.0545978
0.0545978
0.0545978
0.0545978
0
0
0
0
0
0
0
0.0836242
0.0836242
0.0836242
0.0836242
0.0836242
0.0836242
0.0836242
0
0.0836242
0.0836242
0.0836242
0
0
0
0
0
0
0
0
0
0
0
0
0
0
0
0
0
0
0
0
0
0
0
0
0
0
0
0
0
0
0
0
0.0545978
0.0545978
0.0545978
0.0545978
0.0545978
0.0545978
0.0545978
0
0
0
0
0
0
0
0
0
0
0
0
0
0
0
0
0
0
0
0
0
0
0
0
0
0
0
0
0
0
0
0
0
0
0
0
0
0
0
0
0
0
0
0
0
0
0
0
0
0
0
0
0
0
0
0
0
0
0.0545978
0.0545978
0
0
0
0
0
0
0
0
0
0
0
0
0
0
0
0
0
0
0
0
0
0
0
0
0
0
0
0
0
0
0
0
0
0
0
0
0
0
0
0
0
0
0
0
0
0.0546141
0.0546141
0.0546141
0.0546141
0.0546141
0.0546141
0.0546141
0
0
0
0
0
0
0
0
0
0
0
0
0
0
0
0
0
0
0
0
0
0
0
0
0
0
0
0
0.0546141
0.0546141
0.0546141
0.0825723
0.0825723
0.0825723
0.0825723
0.0825723
0.0825723
0.0825723
0
0
0
0
0
0
0
0
0
0
0
0
0
0
0
0
0
0
0
0
0
0
0
0
0
0
0
0
0
0
0
0
0
0
0
0.0842351
0
0.0843749
0.0825723
0.0827417
0
0
0
0
0
0
0
0
0
0
0
0
0
0
0
0
0.0546032
0.0546032
0.054723
0
0
0.0546032
0.0546032
0.0546032
0.0546032
0.0592487
0.0592487
0.0546032
0.0546032
0.0592487
0.0546032
0.0546032
0.0546032
0.0546032
0.0546032
0.0546032
0.0546032
0.0546032
0.0546032
0
0
0
0
0
0
0.0936586
0.0936586
0.0936586
0.0936586
0
0.093686
0
0.093686
0.093686
0
0
0
0
0
0
0
0
0
0
0
0
0
0
0
0.0545382
0
0.054976
0.054976
0.054976
0
0
0
0
0.054976
0
0
0.0550482
0
0
0
0
0
0
0
0
0
0
0
0
0
0
0
0
0
0
0
0
0
0
0
0
0
0
0.0545112
0.0545112
0.0553622
0.0595562
0.0588167
0.0588167
0
0
0
0.0588167
0.0578702
0.0587153
0.0699455
0
0.0746324
0.0746324
0
0
0.0544843
0.0544843
0.0544843
0
0
0
0
0.145453
0.145453
0.145453
0
0
0
0
0
0
0
0
0.151678
0.145453
0.145453
0
0.184637
0.188534
0.188534
0.188534
0
0.145453
0
0
0
0
0.152736
0
0
0
0
0
0
0
0
0
0
0
0
0
0
0
0
0
0
0
0
0
0
0
0
0
0
0
0
0
0
0
0
0
0
0
0
0
0.154059
0.154059
0.154059
0.154549
0
0
0
0
0
0
0
0.173553
0.173553
0.173553
0.174078
0
0
0
0
0
0
0
0
0
0
0
0.0834493
0.0544519
0
0
0
0
0
0
0
0
0
0
0
0
0
0
0
0
0
0
0
0
0
0
0.173379
0
0
0.0846162
0
0
0
0
0.0866242
0.0866242
0.0866242
0.0866242
0.0885268
0.0885268
0.0866242
0.0866242
0.0866242
0.0866242
0.0866242
0.0867981
0
0.0867981
0.0870169
0.0870828
0.0870828
0.0871269
0.0870828
0.0870828
0
0.0870828
0
0.088993
0.088993
0.108593
0.0891107
0.0891107
0.0893237
0.0894666
0.0894666
0
0.0894666
0.0931695
0.0931695
0.0931695
0.0931695
0.0931965
0.0931695
0.0931695
0.0931695
0.0866242
0.0882506
0.0882964
0.0903877
0.0906845
0.0906845
0.0906845
0
0
0.0909592
0
0.0882964
0.0545978
0.0545978
0.0545978
0.0931426
0.0931426
0.0931426
0.0545978
0.0545978
0.0545978
0.0545978
0.0545978
0.0545978
0.0545978
0.0931426
0.0931426
0.0931426
0
0.0834881
0
0
0
0
0
0.0936312
0.0546032
0.0546032
0.0546032
0.0546032
0.0546032
0.0546032
0.0546032
0
0
0
0
0
0
0
0
0
0
0
0
0
0
0
0
0
0
0
0
0
0
0
0.0546032
0.0546032
0.0546032
0.0546032
0
0.0936312
0.0936312
0.0948304
0.0948304
0
0.0948304
0.0936312
0.0546032
0.0546032
0.0546032
0.0546032
0.0546032
0.0546032
0.0546032
0.0546032
0.0546032
0.0546032
0.0546032
0.0545978
0.0545978
0.0545978
0.0545978
0.0545978
0.0546032
0.0546032
0.0546032
0.0546032
0.0546032
0
0
0
0
0
0
0
0
0
0
0
0
0
0
0
0
0
0
0
0
0
0
0
0
0
0
0
0
0
0
0
0
0
0
0
0
0
0
0
0
0
0
0
0
0
0
0
0
0
0
0
0
0
0
0
0
0
0
0
0
0
0
0
0
0
0
0
0
0
0
0
0
0
0
0
0
0
0
0
0
0
0
0
0
0
0
0
0
0
0
0
0
0
0
0
0
0
0
0
0
0
0
0
0
0
0
0
0
0
0
0
0
0
0
0
0
0
0.0781982
0.0781982
0.0781982
0.0781982
0.0781982
0.0781982
0.0781982
0.0781982
0.0781982
0.0781982
0.0781982
0.0781982
0.0781982
0.0781982
0.0781982
0.0781982
0
0
0
0.0781982
0.0781982
0.0781982
0.0781982
0.0781982
0
0.0781982
0.0782142
0.0782142
0.0782142
0.0782142
0.0782142
0.0782142
0.0782142
0
0.0782142
0.0782142
0
0
0
0
0
0
0
0
0
0
0
0.0835852
0
0
0
0.0835852
0.0835852
0
0
0
0
0
0
0
0
0
0
0
0
0
0
0
0
0
0
0
0
0
0
0
0
0
0
0
0
0
0
0
0
0
0
0
0
0
0
0
0
0
0
0
0
0
0
0
0
0
0
0
0
0
0
0
0
0
0
0
0
0
0
0
0
0
0
0
0
0
0
0
0
0
0
0
0
0
0
0
0
0
0
0
0
0
0
0
0
0
0
0
0
0
0
0
0
0
0
0
0
0
0
0
0
0
0
0
0
0
0
0
0
0
0
0
0
0
0
0
0
0
0
0
0
0
0
0
0
0
0
0
0
0.0920055
0.0920055
0.0920055
0.0920055
0.0920055
0.0920055
0.0920315
0.0920315
0
0
0.0920315
0.0920315
0.0920315
0.0920315
0.0920055
0.0920055
0.0920055
0
0.0920055
0
0.0920055
0.0920055
0
0
0
0
0
0
0
0
0
0.0920055
0
0.0920055
0
0
0
0.0920055
0
0
0.0920055
0.0920055
0.0920055
0.0920055
0
0.0920055
0.0920055
0
0
0
0
0
0
0
0
0
0
0
0
0
0
0
0
0
0
0
0
0
0
0
0
0
0
0
0
0.0968549
0.0968549
0.0968549
0
0.0968549
0.0968549
0.0968549
0
0
0
0
0
0
0
0
0
0
0
0
0
0
0
0
0
0
0.0893475
0.0893475
0.0893475
0.0893475
0.0893475
0.0893475
0
0
0
0.0893475
0.0893475
0.0893475
0
0
0.0927411
0
0
0.0927411
0.0927411
0.0927411
0.0927411
0
0.0927411
0.0927411
0
0
0.0923186
0
0
0
0.0912617
0.0912617
0
0.0781982
0
0.0781982
0
0
0
0.09224
0.0968246
0.09224
0.09224
0.0930619
0.0933859
0.0933859
0
0
0
0
0
0
0
0
0
0
0
0
0
0
0
0
0
0
0
0
0
0
0
0
0
0.0893475
0
0.0920315
0.0920315
0.0920315
0.0920315
0.0920315
0.0920315
0.0920315
0.0880906
0.0880906
0
0.0891343
0.0880906
0
0.0880906
0.0880906
0.0880906
0
0
0
0
0
0
0
0
0
0
0
0
0
0
0
0
0
0
0
0
0.0871048
0.0968246
0.0968246
0.0968246
0.0968246
0.0968246
0.0968246
0.0968246
0.0901425
0.0900694
0
0.090167
0.090167
0.090167
0.090167
0.090167
0.0902159
0.090167
0.090167
0.090167
0.090167
0.090167
0.090167
0.093522
0
0
0
0.093522
0.093522
0.092821
0
0.092821
0.092821
0.092821
0.090167
0.090167
0.090167
0.0902159
0.090167
0.090167
0.090167
0
0.090167
0
0
0
0
0
0
0
0
0
0
0
0.0781982
0.0781982
0.0781982
0.0781982
0.0941276
0
0
0
0.0941276
0.0941276
0.0941833
0.0941833
0.0941833
0.0941833
0
0
0
0
0
0
0
0
0
0
0
0
0
0
0
0
0
0
0.0891343
0.0897785
0.0897785
0.0897785
0.0897785
0.0897785
0
0.0897785
0.0897785
0
0.0920315
0.0920315
0.0920315
0.0920315
0.0920315
0.57735
0.57735
0
0.57735
0.0920315
0.0920315
0.0920315
0.0920315
0.57735
0.0931156
0.0966736
0.0966736
0.0966736
0.0920315
0
0.0920315
0.0920315
0
0
0
0
0
0
0
0
0
0
0.088829
0.088829
0.088829
0
0
0
0
0
0
0.0893
0
0
0
0
0
0
0
0
0
0
0
0
0
0.0882506
0
0
0
0
0
0.0883883
0.093686
0.0885037
0.0885037
0.0885037
0
0
0.0885037
0
0
0.0885037
0.0882735
0.0944069
0.0885268
0
0
0.0885268
0
0
0.0885268
0
0
0.0885268
0.0885268
0.0885268
0
0
0.0885268
0
0.0885268
0
0.087616
0
0.087616
0.087616
0
0
0
0
0
0
0
0
0
0.087616
0
0
0
0
0
0
0
0
0
0
0
0
0
0
0
0
0
0
0
0
0
0
0
0
0
0
0
0
0
0
0
0
0
0
0
0
0
0
0
0
0
0
0
0
0
0
0
0
0
0
0
0
0
0
0
0
0
0
0
0
0
0
0
0
0
0
0
0
0
0
0
0
0
0
0
0
0
0
0
0
0
0
0
0
0
0
0
0
0
0
0
0
0
0
0
0
0
0
0
0
0
0
0
0
0
0
0
0
0
0
0
0
0
0
0
0
0
0
0
0
0
0
0
0
0
0
0
0
0
0
0
0
0
0
0
0
0
0
0
0
0
0
0
0
0
0
0
0
0
0
0
0
0
0
0
0
0
0
0
0
0
0
0
0
0
0
0
0
0
0
0
0
0
0
0.0912111
0.0929011
0.0873482
0
0
0
0.0795054
0.0793551
0.0793551
0.0793551
0
0
0
0
0.0870828
0.0870828
0
0
0.0781982
0.0781982
0.0870828
0.0870828
0.0870828
0.0870828
0.0873482
0
0
0
0.0873482
0.0781982
0
0.0781982
0.0781982
0
0.0781982
0.0781982
0.0781982
0.0781982
0.0781982
0.0781982
0.0781982
0.0781982
0.0781982
0.0781982
0.0781982
0.0781982
0.0781982
0.0781982
0.0781982
0.0781982
0.0781982
0.0781982
0.0781982
0.0781982
0.0781982
0.0781982
0.0781982
0.0781982
0.0781982
0.0781982
0.0781982
0.0900694
0.0900694
0.0900694
0.0900694
0
0
0
0
0.0781982
0.0781982
0.0781982
0.0781982
0.0781982
0.0781982
0.0781982
0.0781982
0.0781982
0.0781982
0.0781982
0.0781982
0.0781982
0.0781982
0.0781982
0.0781982
0.0781982
0.0781982
0.0781982
0.0781982
0.0781982
0
0.0781982
0.09061
0.0781982
0.0781982
0.0781982
0.0782142
0.0782142
0.0782142
0.0782142
0.0782142
0.0782142
0.0782142
0.0781982
0.0781982
0.0914141
0
0
0
0
0.0879089
0.0879089
0
0
0
0.093686
0
0.0966736
0
0
0.369274
0.369274
0
0.522233
0.522233
0.522233
0.522233
0
0
0
0.0870388
0.0870388
0.0870388
0.0870388
0
0
0
0
0.0873038
0.0873038
0.0873038
0
0
0
0
0
0.0873038
0.0873926
0.0873038
0.0873038
0.0873038
0.0873038
0.0873038
0.0901181
0.0901181
0.0916698
0
0
0.0901181
0.0901181
0.0901181
0.0901181
0.0913379
0.0913379
0.0782142
0.0782142
0.0781982
0
0.0781982
0.0781982
0.0781982
0.0781982
0
0
0
0.0781982
0.0781982
0.0781982
0.0781982
0.0781982
0.0781982
0.0781982
0.0781982
0.0781982
0.0781982
0.0781982
0.090511
0.090511
0.0782142
0.0782142
0.0782142
0.0870388
0.0880679
0.0870828
0.0781982
0.0781982
0
0
0.090167
0.090167
0.0916698
0.0916698
0.0916698
0.0781982
0.0781982
0.0781982
0.0781982
0.0781982
0.0781982
0.0781982
0
0
0
0
0.0781982
0.0781982
0.0781982
0.09061
0
0
0.09061
0.09061
0.09061
0.0781982
0.0781982
0.09061
0.09061
0
0
0
0
0
0.0781982
0.0781982
0.0781982
0.0781982
0.0917727
0.0917727
0.0917727
0
0.0917727
0.07886
0
0
0
0
0.07886
0.07886
0.07886
0.07886
0
0
0
0
0
0
0
0.07886
0
0.07886
0.090511
0.090511
0.090511
0.0781982
0.0781982
0
0
0
0
0.0781982
0.0781982
0.0781982
0.0781982
0.055143
0.055143
0.055143
0.055143
0.055143
0.055143
0.055143
0.055143
0.055143
0.055143
0.055143
0.055143
0.055143
0.055143
0.055143
0.055143
0.055143
0.055143
0.0781664
0.0781664
0.0781982
0.0781982
0
0.0781982
0.0781982
0.0782301
0.0781664
0.0781664
0
0
0
0.055143
0
0
0
0
0
0
0
0
0
0
0.055143
0.055143
0.055143
0.0781982
0.0781982
0.055143
0.055143
0.0781982
0.055143
0.0608806
0.0608806
0.055143
0.055143
0.055143
0.055143
0.055143
0.055143
0.0781982
0.0781982
0.0781982
0.0781982
0.0781982
0.0781982
0.0782301
0.0782301
0
0.0782301
0.0782301
0.0782301
0.0782301
0.0782301
0.055143
0.055143
0.055143
0.0845356
0.055143
0.0555498
0
0
0
0
0
0
0
0
0
0
0
0
0
0
0
0
0
0
0
0
0
0
0
0
0
0
0
0
0
0
0
0
0
0
0
0
0
0
0.0769079
0
0
0
0
0
0
0.203559
0
0
0
0
0
0
0
0
0
0
0
0
0
0
0
0
0
0
0
0
0
0
0
0
0
0
0
0
0
0
0
0
0
0
0
0
0
0
0
0
0
0
0
0
0
0
0
0
0
0
0
0
0
0
0
0
0
0
0
0
0
0
0
0
0
0
0
0
0
0
0
0
0
0
0
0
0
0
0
0
0.0598899
0
0
0
0.0581304
0
0
0
0
0
0
0
0
0
0
0
0
0
0
0
0
0
0
0
0
0
0
0.055143
0.068476
0.0604343
0
0
0.0552776
0.0828552
0.055143
0.0781982
0.0781982
0.0550816
0.0550816
0.0550816
0.0550816
0.0550816
0.0550816
0.0550816
0.0550816
0.0550816
0.0550816
0.0550816
0.0550816
0.0550816
0.055143
0.0598899
0.0598899
0
0
0.0598899
0.0668153
0.0668153
0
0.066885
0.066895
0.0668153
0
0
0
0
0
0
0
0
0
0
0
0
0
0
0
0
0
0
0
0
0
0
0
0
0.055143
0.055143
0.0551653
0.0551653
0.055143
0.055143
0.055143
0.055143
0
0
0
0
0
0.055143
0
0.055143
0.055143
0.0551653
0.0551653
0.0606711
0
0
0
0
0
0
0
0
0
0
0
0
0
0
0
0
0
0
0
0
0
0
0
0
0
0
0
0
0.0581304
0.0581304
0.0581304
0
0
0
0
0.0720438
0.0720438
0.0985011
0.0985011
0.0720438
0.0720438
0.0720438
0.0720438
0.0608806
0.0608806
0.0608806
0
0
0
0.0608806
0.0608806
0.0608806
0
0
0
0.0608806
0.0608806
0.0608806
0.0608806
0.0659189
0
0.0608806
0.0608806
0.0608806
0.0745909
0.0745909
0.0608806
0.0608806
0.0608806
0.0608806
0.0608806
0
0
0
0
0
0
0
0
0
0
0.121867
0
0
0
0
0
0
0
0
0
0
0
0
0
0
0
0
0.0552889
0
0.0828552
0
0
0
0
0
0
0
0
0
0
0
0
0
0
0
0
0.0671358
0
0
0
0
0
0
0
0
0
0
0
0
0
0
0
0
0
0
0
0
0
0
0
0
0
0
0
0
0
0
0
0
0
0
0
0
0
0
0
0
0
0
0
0
0
0
0
0
0
0
0
0
0
0
0
0
0
0
0
0
0
0
0
0
0
0
0
0
0
0
0
0
0
0
0
0
0
0
0
0
0
0.055143
0.055143
0
0
0
0
0.0598899
0.0606711
0
0
0
0
0.0769079
0
0
0
0
0
0
0.0580454
0.0581304
0
0
0
0.121867
0
0
0
0
0
0.0608806
0
0.0671358
0
0
0
0
0.0552889
0
0.0828552
0
0
0
0.055143
0
0
0
0
0
0
0
0
0
0
0
0
0
0.0550816
0.0550816
0.0550816
0.0550816
0.0550816
0
0.0550816
0.0550816
0.0550816
0.0550816
0.0550816
0.0550816
0.0550816
0.0550816
0.0550816
0.0550816
0.0550816
0.0550816
0.0550816
0.0550816
0.0550816
0.0550816
0.0550816
0.0550816
0
0
0.0550816
0.0550816
0.0550816
0.055143
0.055143
0
0
0.0550816
0.0550816
0.055143
0.055143
0.0550816
0.0781982
0.0781982
0.0550816
0.0550816
0.0550816
0.0550816
0.0550816
0.0550816
0.0550816
0.0550816
0.0550816
0.0550816
0.0550816
0.0550816
0.0550816
0.0550816
0.0550816
0.0550816
0.0550816
0.0550816
0.0550816
0.0550816
0.0550816
0.0550816
0.0550816
0.0550816
0.0550816
0.0550816
0.0550816
0.0550816
0.0550816
0.0550816
0.0550816
0.0550816
0.0550816
0.0550816
0.0550816
0.0550816
0.0550816
0.0550816
0.0550816
0.0550816
0.0550816
0.0550816
0.0820886
0.0831219
0.0831219
0.0831219
0.0835852
0
0
0
0
0
0
0
0
0
0
0
0
0
0
0
0
0
0
0
0
0
0
0
0
0.054965
0.054965
0.054965
0.054965
0
0
0
0
0.0545761
0.0545761
0
0
0
0
0
0
0
0
0
0
0
0
0
0
0
0
0
0
0
0
0
0
0
0
0
0
0
0
0
0
0
0
0
0
0
0
0
0
0
0
0
0
0
0
0
0
0
0
0
0
0
0
0
0
0
0
0
0
0
0
0
0
0
0
0
0
0
0
0
0
0
0
0
0
0
0
0
0
0
0
0
0
0
0
0
0
0
0
0
0
0
0
0
0
0
0
0
0
0
0
0
0
0
0
0
0
0
0
0
0
0
0
0
0
0
0
0
0
0
0
0
0
0
0
0
0
0
0
0
0
0
0
0
0
0
0
0
0
0
0
0
0
0
0
0
0
0
0
0
0
0
0
0
0
0
0
0
0
0
0
0
0
0
0
0
0
0
0
0
0
0
0
0
0
0
0
0
0
0
0.0830646
0
0
0
0.0835075
0
0
0
0
0
0
0
0.0825723
0.0825723
0.0825723
0.0825723
0.0825723
0.0825723
0.0825723
0.0825723
0.0825723
0.0825723
0.0825723
0.0825723
0.0825723
0.0825723
0.0825723
0.0834881
0
0.0825723
0
0
0
0
0
0.0888991
0.0888991
0
0
0
0.0888991
0
0
0.0831794
0
0
0
0
0.0842351
0
0.0825723
0.0825723
0
0
0
0.0825723
0
0
0
0
0
0
0
0
0
0
0
0
0
0
0
0
0
0
0
0
0
0.0834687
0.0834687
0.0835269
0.0834687
0.0834687
0.0834687
0.0834687
0
0.0834881
0.0836242
0
0
0
0
0
0
0
0
0
0
0
0
0
0
0
0
0
0
0
0
0
0
0
0
0
0
0
0
0
0
0
0
0
0
0
0
0
0
0
0
0.0834881
0.0546032
0.0546032
0.0546032
0.0546032
0.0546032
0.0546032
0
0
0
0
0
0
0
0
0
0
0
0
0
0
0
0
0
0
0
0
0.054723
0.0788437
0.0788437
0.0788437
0.0788437
0.0788437
0.0788437
0
0.0551485
0.0551485
0.0551485
0.0551485
0.0769079
0.0769079
0.0608806
0.0608806
0.0608806
0.0552889
0.0552889
0
0.0551485
0.0769079
0.0769079
0.0769079
0.0923974
0.0769079
0
0.0769079
0.0608806
0.0608806
0
0
0
0.0608806
0
0
0
0
0
0
0
0.0552889
0.0552889
0.0553001
0
0.0552889
0.0608806
0.0608806
0.0608806
0.0608806
0.0745909
0.0745909
0.0745909
0.0950014
0.0745909
0.0942111
0.0745909
0.0608806
0.0551485
0.0551485
0.0551485
0.0551485
0.0551485
0.0551485
0
0
0
0.0551485
0
0.0551485
0
0.0551485
0.0551485
0.0551485
0
0
0
0
0
0
0
0
0
0
0
0
0
0
0
0
0
0
0
0
0
0
0
0
0
0
0
0
0
0
0
0
0
0
0
0
0.0546141
0
0.0546141
0
0
0
0
0
0
0
0
0
0
0
0
0
0
0
0
0
0
0
0
0
0
0
0
0
0
0
0
0
0
0
0
0
0
0
0
0
0.0855608
0.0855608
0.0855608
0.0855608
0.0855608
0.0855608
0.0855608
0.0855608
0.0855608
0.0855608
0.0855608
0.0855608
0.0855608
0.0855608
0.0855608
0.0855608
0.0855608
0.0855608
0.0855608
0.0855608
0.0855399
0.0855399
0.0855399
0.0855399
0.0855399
0.0855399
0.0855399
0.0855399
0.0855399
0.0856444
0.0856444
0.0856444
0.0856444
0
0
0
0
0
0
0
0
0
0
0
0
0
0
0
0
0
0
0
0
0
0
0
0.0855608
0.0941833
0.0941833
0.0855608
0
0.0855608
0.0856444
0.0933859
0.0953174
0.0953174
0.105021
0.105021
0.105021
0.105021
0.105021
0.105021
0
0
0.105021
0.105021
0.105021
0
0.105021
0.105021
0.108979
0.108979
0.0953174
0.0855608
0.0875712
0.0875712
0.0875712
0
0
0
0
0
0.0875712
0.0891107
0.0891107
0
0
0
0
0
0.0891107
0
0
0
0
0
0.114809
0
0.0855608
0
0
0
0
0.0855608
0.0855608
0
0.0855608
0
0.0855608
0
0
0
0
0.0855608
0
0
0
0
0
0.0855608
0
0
0
0.0855608
0.0855608
0
0.0855608
0.0855608
0.0855608
0.0855608
0.0855608
0.090437
0.090437
0.090437
0.090437
0.090437
0.090437
0.0930619
0
0
0
0
0
0.090437
0
0
0
0.090437
0.090437
0
0.090437
0.0855608
0
0.0855608
0
0
0.0855608
0.0855608
0.090437
0.0955201
0.0906349
0.0906349
0.090437
0.0956365
0.0905357
0.0905357
0.0855608
0.0875712
0.0875712
0.0855608
0.090437
0.090437
0.0953463
0
0
0.0906845
0.0952885
0
0
0.0909843
0
0
0
0
0.090437
0.0855608
0.0923974
0.0855608
0
0.0855608
0.0892288
0.0992746
0
0
0
0
0.101187
0.101187
0.0855608
0.0891107
0.0855608
0.0855608
0.0857283
0
0.0857283
0.0892288
0.0892288
0.0892288
0.0958119
0.0958119
0.0958119
0.0958119
0.0959
0.0958119
0
0.0958119
0.0894905
0.0894905
0.0895862
0.0894905
0
0
0
0
0
0
0
0
0
0
0
0
0
0
0
0
0
0
0
0
0
0
0
0
0.0821255
0.0821255
0
0
0
0
0
0
0
0
0
0
0
0
0
0
0
0
0
0
0
0
0
0
0
0
0
0
0
0
0
0
0
0
0
0
0
0
0
0
0
0
0
0.0830646
0
0
0
0
0
0
0
0.0546141
0
0
0
0
0
0
0
0
0
0
0
0
0
0
0
0
0
0
0
0
0
0
0
0
0
0
0
0
0
0
0
0
0
0
0
0
0
0
0
0
0
0
0
0
0
0
0
0
0
0
0
0
0
0
0
0.0742747
0.0742747
0.0742747
0.0742747
0.0742747
0.0802529
0.0746879
0
0
0
0
0.0757663
0
0
0
0
0
0
0
0
0
0
0.0742747
0.0742747
0.0742747
0.0742747
0.0742747
0.0742747
0.0742747
0.0742747
0.0796735
0.0796735
0.0796735
0
0
0
0
0.0742747
0.0742747
0
0
0
0
0
0
0
0
0
0
0
0
0.0852286
0.0852286
0.0852286
0.0852286
0.0852286
0.0852286
0.0852286
0.0852286
0.0852286
0.0862582
0.0852286
0.0852286
0.0852286
0
0
0
0
0
0
0
0
0
0
0
0
0
0
0
0
0
0
0
0
0
0
0
0
0
0
0
0
0
0
0
0
0
0
0
0
0
0
0
0
0
0
0
0
0
0
0
0
0
0
0
0
0
0
0
0
0
0
0
0
0
0
0
0
0
0
0
0
0
0
0
0
0
0
0
0
0
0
0.0550704
0.0550704
0
0
0
0
0
0
0.0827417
0
0
0
0
0
0
0
0
0
0
0
0
0
0
0
0
0.0546032
0
0
0
0
0
0
0
0
0
0
0
0
0
0
0
0
0
0
0
0
0
0
0
0
0
0
0
0
0
0
0
0
0
0
0
0
0
0.0545978
0.0545978
0.0545978
0.0545978
0.0545978
0.0545978
0.0545978
0.0545978
0.0545978
0.0545978
0.0545978
0.0545978
0.0545978
0.0545978
0.0545978
0.0545978
0.0545978
0.0545978
0.0545978
0.0546032
0
0
0
0
0
0
0
0
0
0
0
0
0
0
0
0
0
0
0
0
0
0
0
0
0
0
0
0
0
0
0
0
0
0
0
0
0
0
0
0
0
0
0
0
0
0
0
0
0
0
0
0
0
0
0
0
0
0
0
0
0
0
0
0
0
0
0
0.0545382
0.0545382
0
0
0.0550704
0
0
0
0
0
0
0
0
0
0
0
0
0
0
0
0
0.0830646
0
0
0
0.054723
0.054723
0.054723
0.054723
0.054723
0.054723
0.054723
0.054723
0.054723
0.054723
0.054723
0
0
0
0
0
0
0
0.0545382
0.0545382
0.0545382
0
0.0550315
0.0550315
0.0550315
0.0550315
0.0550315
0.0550816
0.0550816
0.0550816
0
0
0
0
0
0
0
0.0550816
0.0550816
0
0
0.0550816
0.0550816
0.0550816
0.0550816
0
0
0.0550816
0
0.0551485
0.0550816
0.0550816
0
0
0
0.0546032
0
0
0
0.0546032
0
0
0
0.0546032
0.0546141
0.0546141
0.0546141
0.0546032
0
0
0
0
0
0
0
0
0
0
0
0
0
0
0
0
0
0
0
0
0
0
0
0
0.054965
0
0
0
0
0
0
0
0
0
0
0
0
0
0
0
0
0
0
0
0
0
0
0
0
0
0
0
0
0
0
0
0
0
0
0
0
0
0
0
0
0
0
0
0
0
0.085332
0.085332
0.085332
0.085332
0.085332
0.085332
0.085332
0.085332
0.085332
0
0
0
0
0
0
0
0
0
0
0
0
0
0
0
0
0
0
0
0
0
0
0
0
0
0
0
0
0
0.0546032
0.054723
0.0545382
0.0545382
0.0545382
0
0
0
0
0
0
0
0
0
0
0.0830646
0
0
0
0
0
0
0
0
0
0
0
0
0
0
0
0
0
0
0
0
0
0
0
0
0
0
0
0
0
0
0
0
0
0
0
0
0
0
0
0
0
0
0
0
0
0
0
