0
0
0.0624086
0.062157
0.062157
0.062157
0.062157
0.062157
0.062157
0.062157
0.062157
0.0624086
0.0624086
0
0
0
0.0716728
0.0716728
0
0
0
0
0
0
0
0
0
0
0
0
0
0
0
0
0
0
0
0
0
0
0
0
0
0
0
0
0
0
0.0679759
0.0679759
0
0.0679759
0
0.0670653
0.0701143
0
0.0763789
0
0
0
0
0.0672166
0
0
0.0826898
0
0.0632878
0
0.0633195
0
0.0630253
0.063235
0.063235
0.0742952
0.0742952
0.0742952
0.062602
0.0638226
0
0
0
0.0627353
0.0638442
0
0
0
0
0
0
0
0
0
0
0
0
0
0
0
0
0
0
0
0
0
0
0
0
0
0
0
0
0
0
0
0
0
0
0
0
0
0
0
0
0
0
0
0
0
0
0
0
0
0
0
0
0
0
0
0
0
0
0
0
0
0
0
0
0
0
0
0
0
0
0
0
0
0
0
0
0
0
0
0
0
0
0
0.0778106
0.0778106
0.0778106
0.0778106
0.0778106
0.0778106
0
0
0
0
0
0
0
0
0
0
0
0.0631929
0.0784263
0
0.0786889
0
0
0
0.0801069
0.0754314
0
0.0803435
0.0723575
0.0728196
0
0.0762863
0.0763233
0.0795767
0.0796187
0
0
0
0
0.073721
0
0.073721
0.073721
0.073721
0
0
0
0.0656179
0.0657952
0.0657952
0.0703307
0.0656179
0.0779484
0.0793259
0
0
0.0746393
0.0760103
0.0793259
0
0
0
0.0701718
0
0
0
0.0703307
0
0
0
0
0
0
0
0
0.0753957
0
0
0
0
0
0
0
0
0.0704761
0
0
0
0
0
0
0
0.0768473
0.07698
0
0
0
0
0
0
0
0
0
0
0
0
0
0
0
0
0
0
0
0
0.0632561
0
0
0
0.0632561
0.0632561
0.0754314
0
0.0788928
0
0
0
0
0
0
0
0
0
0
0
0
0
0
0
0
0
0
0
0
0
0
0
0
0
0
0
0
0
0
0
0
0
0
0
0
0
0
0
0
0
0
0
0
0
0
0.0872318
0.0872318
0.0872318
0.0872318
0.0872318
0.0500052
0.0500052
0.0500052
0.0500052
0.0500052
0.0500052
0.0500052
0.0500052
0.0500052
0.0500052
0.0475472
0.0475472
0.0475472
0.0475472
0.0475472
0.0475472
0.0475472
0.0475472
0.0475472
0.0475472
0.0475472
0.0475472
0.0475472
0.0475472
0.0475472
0
0
0
0
0
0
0
0
0
0
0
0
0
0
0
0
0
0
0
0
0
0
0
0
0
0
0
0
0
0
0
0
0
0
0
0
0
0
0
0
0
0
0.0673562
0.0673562
0.0673562
0.0673562
0.0673562
0.0746393
0.0746393
0.0746393
0
0
0
0
0
0
0
0
0
0
0
0
0
0
0
0
0
0
0
0
0
0
0
0
0
0
0
0
0
0
0
0
0
0
0
0
0
0
0
0
0
0
0
0
0
0
0
0
0
0
0
0
0
0
0
0
0
0
0
0
0
0
0
0
0
0
0
0
0
0
0
0
0
0
0
0
0
0
0
0
0
0
0
0
0
0.102463
0.0876006
0.0704179
0
0.0452601
0.0558436
0.0558436
0.057888
0.0450035
0.0884748
0.0456237
0
0
0
0
0
0
0
0
0
0
0
0
0
0
0
0
0
0
0
0
0
0
0
0
0
0.0875726
0.0875726
0.0875726
0.0875726
0.0875726
0.0875726
0.0875726
0.0878608
0.0878608
0.0878608
0
0
0
0
0
0
0
0
0
0
0
0
0
0
0
0
0
0
0
0
0
0
0
0
0
0
0
0
0
0
0
0
0
0
0
0
0
0
0
0
0
0
0
0
0
0
0
0
0
0
0
0
0
0
0
0
0
0
0
0
0
0
0
0
0
0
0
0
0
0
0
0
0.0451754
0.0451754
0.0463656
0.0451754
0.0453765
0.0453765
0.0453765
0.0875027
0.0875027
0.0471361
0.0875027
0.0875027
0.0875027
0.0467057
0.0471361
0.0467099
0.0467099
0.0471492
0.0467099
0.0460125
0.0460125
0.0460125
0.0470534
0.0501517
0.0498548
0.0498548
0.0518012
0.0581156
0
0
0
0
0.0447475
0.0447475
0.0453221
0.0447475
0.0876006
0.0876006
0.0875936
0.0875936
0.0876006
0.0875936
0
0
0
0
0
0
0
0
0
0.0456634
0.0456634
0
0
0
0
0
0
0
0
0
0
0
0
0
0
0
0
0
0
0
0
0
0
0
0
0
0
0
0
0
0
0
0
0
0
0
0
0
0
0
0
0
0
0
0
0
0
0
0
0
0
0
0
0
0
0
0
0
0
0
0
0
0
0
0
0
0
0
0
0
0
0
0
0
0
0
0
0
0
0
0
0
0
0
0
0
0
0
0
0
0
0
0
0
0
0
0
0
0
0
0
0
0
0
0
0
0.0463947
0.0463947
0.0463947
0.0463947
0.0463947
0.0463988
0.0463988
0.04521
0.0726752
0.0452139
0
0.0452177
0.0456515
0.0463448
0.0457031
0.0456515
0.0463448
0.0473646
0.0630671
0.0771325
0.0646733
0
0.0472368
0
0
0
0
0
0
0.0601113
0.0867654
0.0472631
0.0472631
0.0473602
0.0472631
0.0615749
0.0615749
0.0615749
0
0
0
0
0
0
0
0
0
0
0
0
0
0
0
0
0
0
0
0
0
0
0
0
0
0
0
0
0
0
0
0
0
0
0
0
0
0
0
0
0
0
0
0
0
0
0
0
0
0
0
0
0
0
0
0
0
0
0
0
0
0
0
0
0
0
0
0
0
0
0
0
0
0
0
0
0
0
0
0
0
0
0
0
0
0
0
0
0
0
0
0
0
0
0
0
0
0
0
0
0
0
0
0
0
0
0
0
0
0
0
0
0
0
0
0
0
0
0
0
0
0
0
0
0
0
0
0
0
0
0
0
0
0
0
0
0
0
0
0
0
0
0
0
0
0
0
0
0
0
0
0
0
0
0
0
0
0
0
0
0
0
0
0
0
0
0
0
0
0
0
0
0
0
0
0
0
0
0
0
0
0
0
0
0
0
0
0
0
0
0
0
0.0593652
0.0594526
0.0622774
0.0630358
0.0630358
0
0.0630462
0.0853579
0
0.0861727
0.0705931
0.0729325
0.0751469
0.0721062
0
0
0
0
0
0
0
0
0
0
0
0
0
0
0
0
0
0
0
0
0
0
0
0
0
0
0
0
0
0
0
0
0
0
0
0
0
0
0
0
0
0
0
0
0
0
0
0
0
0
0
0
0
0
0
0
0
0
0
0
0
0
0
0
0.0557278
0.0911606
0.0911606
0.0462209
0.0460165
0.0462209
0.0462209
0.0911448
0.0911448
0.0773823
0.0911606
0.0911606
0
0.0463241
0.0463241
0.0664822
0
0
0
0
0
0
0
0
0
0
0
0
0
0
0
0
0
0
0
0
0
0
0
0
0
0
0
0
0
0
0
0
0
0
0
0
0
0
0
0
0
0
0
0
0
0
0
0
0
0
0
0
0
0
0
0
0
0
0
0
0.0462209
0
0
0
0
0
0
0
0
0
0.0875796
0.0875796
0
0.0875796
0.0875796
0.0683453
0.0683453
0
0.0683453
0.0683453
0.0464865
0
0
0
0
0
0
0
0
0
0
0
0
0
0
0
0
0
0
0.0911606
0.0911606
0.0911606
0.0911606
0.0911606
0.0873774
0.0911606
0.0767341
0
0
0
0
0.0911606
0.0911606
0.0911606
0.0911606
0
0
0
0
0
0
0
0
0
0
0
0
0
0
0
0.0911606
0.0911606
0
0.0740233
0.0767153
0
0.0772283
0
0.185963
0
0
0.0805387
0.0951124
0.077654
0.0815817
0
0.0911606
0
0.0911606
0
0.0707845
0.0911606
0
0
0
0
0
0.643268
0.643268
0.816497
0
0
0.0768473
0.0769991
0
0.0756109
0
0.0911606
0.0757735
0.0757735
0.0757735
0
0
0
0
0
0
0
0
0
0
0
0
0
0
0
0
0
0
0
0
0
0.104637
0
0.106803
0.105021
0.105021
0.188144
0
0.188144
0.188144
0
0.216085
0
0.224074
0
0.234619
0
0.263371
0
0.278243
0
0.279145
0.738549
0
0.109435
0
0.109435
0
0
0
0
0
0
0
0
0
0
0
0
0
0
0.109435
0
0
0
0
0
0
0
0
0
0
0
0
0
0
0
0
0
0
0
0
0
0
0
0
0
0
0
0.0693653
0
0
0
0.0911606
0.0783862
0.0911606
0.0911606
0.0911606
0
0.0911606
0.0753422
0.0753422
0.0753422
0
0.0757554
0.0911606
0
0.0911606
0
0
0
0
0
0.0701
0.0701431
0
0.0701431
0.0701
0.0701
0.0701
0.0701
0.0701
0.0701
0.0701
0
0
0
0
0.0701431
0
0
0
0
0.0456435
0.0456435
0.0456435
0.0456435
0.0456435
0
0
0
0
0
0
0
0
0
0
0
0
0
0
0
0
0
0
0
0
0
0
0
0
0
0
0
0
0
0
0
0
0
0
0
0
0
0
0
0
0
0
0
0
0
0
0
0
0
0
0
0
0
0
0
0
0
0
0
0
0
0
0
0
0
0
0
0
0
0
0
0
0
0
0
0
0
0
0
0
0
0
0
0
0
0
0
0
0
0
0
0
0
0
0
0
0
0
0
0
0
0
0
0
0
0
0
0
0
0
0
0
0
0
0
0
0
0
0
0
0
0
0
0
0
0
0
0
0
0
0
0
0
0
0
0
0
0
0
0
0
0
0
0
0
0
0
0
0
0
0
0
0
0
0
0
0
0
0
0
0
0
0
0
0
0
0
0
0
0
0
0
0
0.0457111
0
0
0
0
0
0
0
0
0.0456872
0.0456872
0.0456872
0.0456872
0.0456872
0.0456872
0
0
0.0456872
0.0456872
0
0
0
0
0
0
0
0
0
0
0
0
0
0
0
0
0
0
0
0
0
0
0
0
0
0
0
0
0
0
0
0
0
0
0
0
0
0
0
0
0
0
0
0
0
0
0
0
0
0
0
0
0
0
0
0
0
0
0
0
0
0
0
0
0
0
0
0
0
0
0
0
0
0
0
0
0
0
0
0
0
0
0
0
0
0
0
0
0
0
0
0
0
0
0
0
0
0
0
0
0
0
0
0
0
0
0
0
0
0
0
0
0
0
0
0
0
0
0.0456872
0.0456872
0
0
0
0
0
0
0
0
0
0
0
0
0
0
0
0
0
0
0
0
0
0
0
0
0
0.0456872
0
0
0
0
0
0
0
0
0
0
0
0
0
0
0
0
0
0
0
0
0
0
0
0
0
0
0
0
0
0
0
0
0
0
0
0
0
0
0
0
0
0
0
0
0
0
0
0
0
0
0
0
0
0
0
0
0
0
0
0
0
0
0
0
0
0
0
0
0
0
0
0
0
0
0
0
0
0
0
0
0
0
0
0
0
0
0
0
0
0
0
0
0
0
0
0
0
0
0
0
0
0
0
0
0
0
0
0
0
0
0
0
0
0
0
0
0
0
0
0
0
0
0
0
0
0
0
0
0
0
0
0
0
0
0
0
0
0
0
0
0
0
0
0
0
0
0
0
0
0
0
0
0
0
0
0
0
0
0
0
0
0
0
0
0
0
0
0
0
0
0
0
0
0
0
0
0
0
0
0
0
0
0
0
0
0
0
0
0
0
0
0
0
0
0
0.0742952
0.0742952
0.0742952
0.0742952
0.0742952
0.0742952
0.0742952
0.0742952
0.0742952
0.0742952
0.0742952
0.0742952
0.0742952
0
0
0
0
0
0
0
0
0
0
0
0.0704907
0.0704907
0.0704907
0.0704907
0
0
0
0.0792222
0.0791808
0.0733729
0
0
0
0.12356
0.12356
0.0911606
0.0911606
0.0911606
0.0911606
0.0911606
0.0911606
0.0911606
0.0911606
0.0911606
0.0911606
0.0911606
0.0911606
0.0911606
0.0911606
0.0911606
0.0911606
0.0911606
0.0911606
0
0
0
0.0720282
0.0775372
0.0911606
0.0911606
0.0911606
0.0911606
0.0911606
0.0911606
0.0911606
0.0911606
0.0911606
0.0911606
0.0911606
0.0911606
0.0911606
0.0911606
0.0911606
0.0911606
0.0911606
0.0911606
0.0911606
0.0911606
0.0911606
0.0911606
0.0911606
0.0911606
0.0911606
0.0911606
0.0911606
0.0911606
0.0911606
0.0911606
0.0911606
0.0911606
0.0911606
0.0911606
0.0911606
0.0911606
0.0911606
0.0911606
0.0911606
0.0911606
0.0911606
0.0911606
0.0911606
0.0911606
0.0911606
0.0911606
0.0911606
0.0911606
0.0911606
0.0911606
0.0911606
0.0911606
0.0911606
0.0911606
0.0911606
0.0911606
0.0911606
0.0911606
0.0911606
0.0911606
0.0911606
0.0911606
0.0911606
0.0911606
0.0911606
0.0911606
0.0911606
0.0911606
0.0911606
0.0911606
0.0911606
0.0911606
0.0911606
0.0911606
0.0911606
0.0911606
0.0911606
0.0911606
0.0911606
0.0911606
0.0911606
0.0911606
0.0911606
0.0911606
0.0911606
0.0911606
0.0911606
0.0911606
0.0911606
0.0911606
0.0911606
0.0911606
0.0911606
0.0911606
0.0911606
0.0911606
0.0911606
0.0911606
0.0911606
0.0911606
0.0911606
0.0911606
0.0911606
0.0911606
0.0911606
0.0911606
0.0911606
0.0911606
0.0911606
0.0911606
0.0911606
0.0911606
0.0911606
0.0911606
0.0911606
0.0911606
0.0911606
0.0911606
0.0911606
0.0911606
0.0911606
0.0911606
0.0911606
0.0911606
0.0911606
0.0911606
0.0911606
0.0911606
0.0911606
0.0911606
0.0911606
0.0911606
0.0911606
0.0911606
0.0911606
0.0911606
0.0911606
0.0911606
0.0911606
0.0911606
0.0911606
0.0911606
0.0911606
0.0911606
0.0911606
0.0911606
0.0911606
0.0911606
0.0911606
0.0911606
0.0911606
0.0911606
0.0911606
0.0911606
0.0911606
0.0911606
0.0911606
0.0911606
0.0911606
0.0911606
0.0911606
0.0911606
0.0911606
0
0
0.0911606
0.0911606
0.0911606
0.0911606
0.0911606
0.0911606
0.0911606
0.0911606
0.0911606
0.0911606
0.0911606
0.0911606
0.0911606
0.0911606
0.0911606
0.0911606
0.0911606
0.0911606
0.0911606
0
0
0
0
0
0.0911606
0
0
0
0
0
0
0
0.217786
0.231973
0.231973
0.235702
0.960769
0
0
0
0
0
0
0
0
0
0
0
0
0
0
0
0
0
0
0
0.07698
0
0.07698
0.07698
0
0
0
0
0
0
0
0.0674455
0
0.0674455
0.0911606
0.0911606
0.0940894
0
0
0
0.0726912
0.0726912
0
0
0
0.0726912
0.0720282
0
0
0.0720282
0.0720282
0.0720282
0.0720282
0.0720282
0.0720282
0.0720282
0
0.0723417
0.0720282
0.0911606
0.0911606
0.0829027
0.0775372
0.0947027
0
0.0911606
0.0911606
0.0911606
0.0911606
0.0720282
0.0720282
0.0720282
0.0720282
0
0.0911606
0.0911606
0
0
0
0.0911606
0
0
0
0
0
0
0
0.0911606
0.0911606
0.0911606
0.0911606
0.0911606
0.0911606
0.0911606
0.0911606
0.0911606
0.0911606
0.0911606
0.0911606
0.0911606
0
0
0
0.0911606
0
0
0
0
0
0.0911606
0
0
0
0.074674
0
0
0
0
0
0
0
0.0733236
0
0
0
0.0733236
0
0
0
0
0
0
0
0.0733236
0
0.0795557
0
0
0
0
0.0832851
0
0.0827606
0
0
0
0
0
0
0
0
0.0737544
0.0737544
0
0.0737544
0
0.0737544
0.0777518
0.0777518
0
0
0
0
0
0.0777518
0.0766402
0
0
0
0
0
0
0
0
0
0
0
0
0
0
0
0
0
0
0
0
0
0
0
0
0
0
0
0
0
0
0
0
0
0
0
0
0
0
0
0
0
0
0
0
0
0
0
0
0.0754314
0.0754314
0.0754314
0.0728841
0.0728841
0.0728841
0
0
0.0876006
0.0876006
0.0453221
0.0453221
0.0875097
0.0875097
0.0875097
0.0875097
0.0875097
0.0875097
0.0911606
0.0911606
0
0
0
0
0
0.078067
0
0
0
0
0
0
0
0
0.0911606
0.0911606
0
0
0.0940721
0.0911606
0.0911606
0.0911606
0.0701574
0
0.0911606
0.0911606
0.0911606
0.0911606
0
0
0.0766777
0
0.0767341
0
0.0767341
0.0766402
0.0766402
0
0
0
0
0
0
0
0
0
0
0
0
0
0
0
0
0
0
0
0.0467057
0
0
0
0
0
0
0
0.0911606
0.0911606
0.0911606
0.116974
0.126239
0.126239
0.116974
0.116974
0.116974
0
0
0
0.134332
0
0
0.0947825
0
0
0
0
0
0.0911606
0.0911606
0.0911606
0.0952741
0.0911606
0.0911606
0
0.0911606
0.0911606
0.0911606
0.0911606
0.0911606
0.0911606
0.265684
0.0911606
0.0911606
0.0911606
0.0717958
0.0911606
0.255377
0
0
0
0
0.0911606
0.0911606
0.0911606
0.0911606
0.0911606
0.0911606
0.0911606
0.0911606
0.0911606
0.0911606
0.0911606
0.0911606
0.0911606
0.0911606
0.0911606
0.0911606
0.0911606
0.0911606
0.0911606
0.0911606
0.0911606
0.0911606
0.0911606
0.0911606
0.0911606
0.0911606
0.0911606
0.0911606
0.0911606
0.0911606
0.0911606
0.0911606
0.0911606
0.0911606
0.0911606
0.0911606
0.0911606
0.0911606
0.0911606
0.0911606
0.0911606
0.0911606
0.0911606
0.0911606
0.0911606
0.0911606
0.0911606
0.0911606
0.0911606
0.0911606
0.0911606
0.0911606
0.0911606
0.0911606
0.0911606
0.0911606
0
0.0722629
0.0722629
0.0722629
0
0.0722629
0.0722629
0.0722629
0
0.0722629
0
0
0
0
0
0
0
0
0
0
0
0
0
0
0
0
0
0
0
0
0
0
0
0
0
0
0
0
0
0
0
0
0
0
0
0
0
0
0
0
0
0
0
0
0
0
0
0
0
0
0
0
0
0
0
0
0
0
0
0.0911606
0.0911606
0.0911606
0.0911606
0.0911606
0.0911606
0.0911606
0.0911606
0.0911606
0.0911606
0.0911606
0.0911606
0
0
0
0
0
0
0
0
0
0.426401
0.0911606
0.0946674
0.411113
0.0911606
0
0
0
0
0
0.0729487
0
0
0
0
0
0
0
0
0
0
0
0
0
0
0
0
0.0911606
0.0911606
0.0911606
0.0911606
0.0911606
0.0911606
0
0.0911606
0.0911606
0
0.0911606
0
0.0911606
0.0911606
0.0911606
0.0911606
0.0911606
0.0911606
0.0911606
0.0911606
0.0911606
0.0780869
0.0780869
0
0
0.0780869
0
0
0
0
0
0
0
0
0.0774984
0.0774984
0.0774984
0.0776736
0.0746393
0
0
0.0746393
0.0746393
0.0785472
0.276465
0.272166
0
0.306186
0.325875
0
0
0
0
0
0
0
0
0
0
0
0
0
0.306186
0.0911606
0.0911606
0.0911606
0.0911606
0
0.0911606
0
0.299253
0.387298
0
0.534522
0.254686
0.505291
0
0.69282
0.69282
0.69282
0.69282
0
0
0
0
0
0
0
0
0
0.816497
0.816497
0
0.866025
0
1
1
1
0
0
0
0
0
0
0
0
0
0
0
0
0
0
0
0.0911606
0.0911606
0.0911606
0
0.0911606
0
0
0
0
0
0
0
0.0911606
0.0760469
0.0911606
0.0911606
0
0.0911606
0.0911606
0.0911606
0.654654
0.13255
0
0
0
0.144715
0
0.144715
0.0776151
0.082974
0.0761019
0.0821764
0.0762124
0.0762124
0.0762124
0.0762124
0.0762124
0.078067
0.0784263
0
0.078067
0.0762124
0.0797664
0.0818089
0.0797664
0.0797664
0.0819232
0.0814013
0.0797664
0.0797664
0
0
0
0
0
0.0762124
0.0762124
0.0762124
0.0818774
0
0.0818774
0.0818774
0.0911606
0.0911606
0.0771134
0
0
0
0
0
0
0
0.0776931
0
0.0911606
0.0911606
0.0911606
0.0911606
0.0911606
0.072981
0.0826427
0.082974
0.082974
0.0911606
0.0911606
0.0911606
0.0911606
0.0911606
0.0911606
0.0714134
0.0714134
0.0714134
0.0911606
0.0746567
0.0747087
0.0746567
0.0746567
0.0911606
0
0.0911606
0
0.0701431
0.0701431
0.0701431
0.0701431
0.0701431
0.0701431
0.0701431
0.0701431
0.0701431
0.0701431
0.0701431
0
0
0
0
0.0701431
0
0.0701431
0.0720438
0.0720438
0.0701431
0
0
0
0
0
0
0
0
0
0
0
0
0
0
0
0
0
0
0
0
0
0
0
0
0
0
0.0911606
0.0911606
0.0911606
0.0911606
0.0911606
0.0911606
0.0911606
0.0911606
0.0911606
0.0911606
0.0911606
0.0911606
0.138315
0.138315
0.138315
0.138315
0.138315
0.138315
0.138315
0.138315
0.138315
0.127754
0.0764161
0.127928
0.127928
0.0981761
0.129709
0.0947825
0
0.0772475
0.0772475
0
0
0
0
0.0782261
0
0
0
0
0
0
0
0.143101
0.143101
0
0
0
0
0.143101
0.073538
0.073538
0.0749883
0.104542
0.104542
0.104542
0.151475
0
0
0
0
0
0
0
0.0947825
0
0.0947825
0.0947825
0
0
0
0
0
0
0
0.16403
0.16403
0.164399
0
0.0804952
0.0804952
0
0.0804952
0.0804952
0.0805387
0.0804952
0
0
0
0
0
0
0
0
0
0
0
0
0
0
0
0
0
0
0.0793259
0.0813116
0
0
0
0
0
0
0
0
0
0
0
0
0
0
0
0
0
0
0
0
0
0
0
0
0
0.0911606
0.0911606
0.0911606
0.0911606
0.0911606
0.0911606
0.0911606
0
0.0911606
0.0911606
0
0.0911606
0.077479
0.0911606
0
0.0911606
0.0911606
0.0911606
0
0
0
0
0
0.0911606
0.0911606
0
0.0911606
0
0.0911606
0.0911606
0.0911606
0
0.0911606
0.0911606
0.0911606
0.0911606
0.0701287
0.0701287
0.0701287
0.0701287
0.0701287
0.0717958
0.0717958
0.0701287
0.0911606
0.0911606
0.0911606
0.0911606
0
0
0
0
0.423207
0.0798087
0
0
0
0
0
0
0
0
0
0
0
0
0
0
0
0
0.0701431
0.0911606
0.0911606
0.0911606
0.0911606
0.0911606
0.0911606
0.0911606
0
0
0
0
0
0
0
0
0
0
0
0
0
0
0
0
0
0
0
0
0
0
0
0
0.0790364
0.0790364
0.0790364
0.0798299
0.0798299
0.0798299
0.0798299
0
0
0
0.0799361
0.0799361
0.0799361
0.0791394
0.0790158
0
0.0790158
0.0790158
0
0.0791188
0.0776151
0.0776151
0.0776151
0.0776151
0
0.0776151
0.0776151
0.0776151
0.0784867
0.0784867
0.0784867
0.0784867
0.0784867
0.0776151
0
0
0
0
0
0.0701431
0.0701431
0.0701431
0.0701431
0.0701431
0.0701431
0
0
0
0
0
0
0
0.0911606
0.0911606
0.0911606
0.0911606
0.0911606
0.0940894
0
0.0940894
0.0950944
0
0
0
0.0911606
0
0
0.0911606
0.0911606
0.0911606
0.0911606
0.0911606
0.0911606
0.0911606
0.0911606
0.0955092
0.0955092
0
0.0955092
0.0911606
0.0911606
0
0
0
0
0
0
0
0
0
0.0911606
0.0911606
0.0748656
0.0911606
0.0911606
0.0911606
0.0952021
0.0911606
0.0911606
0.0911606
0
0
0.0911606
0.0911606
0.0911606
0.0911606
0.0911606
0
0
0
0
0
0
0
0
0.0911606
0.0911606
0.0911606
0.0707697
0.122859
0
0.369274
0
0
0
0
0
0
0
0.0780869
0
0
0
0
0.128921
0.126407
0
0.0780869
0
0
0
0
0
0.0701
0.0911606
0.0911606
0
0
0
0
0
0
0
0
0
0
0.0911606
0.0911606
0
0
0.0708585
0.0911606
0
0
0
0
0
0
0
0
0
0
0
0
0
0
0
0
0
0
0
0
0
0
0
0
0
0
0
0
0
0
0
0
0
0
0
0
0
0
0
0
0
0
0
0
0
0
0
0
0
0
0
0
0
0
0
0
0
0
0
0
0
0
0
0
0
0
0
0
0
0
0
0
0
0
0
0
0
0
0
0
0
0
0
0
0
0
0
0
0
0
0
0
0
0
0
0
0
0
0
0
0
0
0
0
0
0
0
0
0.0911606
0.0911606
0.0911606
0.0911606
0.0911606
0.0911606
0.0911606
0.0911606
0.0911606
0.0911606
0.0911606
0.0911606
0.22992
0.22992
0
1
0.0911606
0.074398
0.0911606
0.0911606
0.0911606
0.0911606
0.122859
0.0911606
0.0911606
0.0816951
0.0816951
0.0816951
0.0816951
0.0816951
0.0911606
0
0.0911606
0.0911606
0.0911606
0.0911606
0
0
0.0911606
0.0911606
0.0911606
0.082974
0.0911606
0.0911606
0.0911606
0.0911606
0.120459
0.0911606
0.0911606
0
0.0911606
0.123247
0
0.124194
0.0911606
0.0911606
0
0.0911606
0.0911606
0.075919
0.0759737
0
0.0911606
0.0911606
0.0911606
0.0911606
0.0911606
0.0911606
0.0911606
0.0911606
0.0911606
0.0911606
0.0911606
0.0770943
0
0
0
0
0
0
0
0
0
0
0
0
0
0
0
0
0
0
0
0
0
0
0
0
0
0
0
0
0
0
0
0
0
0
0
0
0
0
0
0
0
0
0
0.0778892
0.0778892
0.0778892
0.0778892
0.0778892
0
0
0
0
0
0
0
0
0
0
0
0
0
0
0.0747609
0.0747609
0
0.0747783
0.0748132
0
0
0
0
0
0
0
0
0
0
0
0
0
0
0
0
0
0
0
0
0
0
0
0
0
0
0
0
0
0
0
0
0
0
0
0
0
0
0
0
0
0
0
0
0
0
0
0
0
0
0
0
0
0
0
0
0
0
0
0
0
0
0
0
0
0
0
0
0
0
0
0
0
0
0
0
0
0
0
0
0
0
0
0
0
0
0
0
0
0
0
0
0
0
0
0
0
0
0
0
0
0
0
0
0
0
0
0
0
0
0
0
0
0
0
0
0
0
0
0
0
0
0.0743294
0.0743294
0.0743294
0.0743294
0.0743294
0.0743294
0.0743294
0.0743294
0.0743294
0
0
0
0.0743294
0
0
0
0
0
0
0
0
0
0
0
0
0
0.0911606
0.0911606
0.0911606
0.0911606
0.0911606
0
0.0911606
0.0911606
0.0911606
0.0911606
0
0.0911606
0.0911606
0.0911606
0.0911606
0
0.0911606
0.0911606
0.0911606
0.0911606
0
0
0
0
0.0911606
0.0911606
0.0911606
0.0911606
0.0911606
0.0911606
0.0911606
0.0911606
0.0911606
0.0911606
0.0911606
0.0911606
0.0911606
0.0911606
0.0911606
0
0
0
0
0
0
0
0
0
0
0.0911606
0.0911606
0.317554
0
0
0.0911606
0.0947825
0.0947825
0.0947825
0.0947825
0.0947825
0.0947825
0.0947825
0.0947825
0
0
0
0
0
0
0
0
0
0
0
0
0
0
0
0
0
0
0
0
0
0.0911606
0.0911606
0
0.0911606
0
0
0
0
0
0
0
0
0.0754314
0.0754314
0.0754314
0
0
0
0
0.0941068
0.0941068
0.0941068
0.0941068
0.0941068
0.109599
0.103188
0.124595
0.103188
0.0911606
0.0911606
0.0911606
0.0911606
0.0911606
0.0911606
0.0911606
0.0911606
0.0911606
0.0911606
0.0911606
0.0911606
0.0849974
0.0849974
0.085023
0.085023
0
0
0.0911606
0.0911606
0.0911606
0.0911606
0.085023
0.085023
0.085023
0
0
0
0.0808893
0.0808893
0.085023
0.085023
0
0
0
0
0
0
0
0
0
0
0
0
0
0
0
0.0911606
0.0911606
0.0911606
0
0
0
0
0
0
0
0
0
0
0
0
0.0911606
0.0911606
0
0
0.0911606
0
0
0
0
0
0
0
0
0
0
0
0
0
0
0
0
0
0
0
0
0
0
0
0
0
0
0
0
0
0
0
0
0
0
0
0
0
0
0
0
0
0
0
0
0
0
0
0
0
0
0
0
0
0
0
0
0
0
0
0
0
0
0
0
0
0
0
0
0
0
0
0
0
0.0911606
0.0911606
0
0
0
0
0
0
0
0
0
0
0
0.0911606
0.0911606
0
0
0.0835755
0.0911606
0.0911606
0.0911606
0
0.0911606
0
0
0
0
0.0815817
0
0
0
0
0.0720438
0.0911606
0.0911606
0
0
0
0
0
0
0
0
0
0
0
0
0
0
0
0
0
0
0
0
0
0
0
0
0
0
0
0
0
0
0
0
0
0
0
0
0
0
0
0
0
0
0
0
0
0
0
0
0
0
0
0
0
0
0
0
0
0
0
0
0
0
0
0
0
0
0
0
0
0
0
0
0
0
0
0
0
0
0
0
0
0
0
0
0
0
0
0
0
0
0
0
0
0
0
0
0
0
0
0
0
0
0
0
0
0
0
0
0
0
0
0.0911606
0.0911606
0.0873774
0
0.0646733
0.0646733
0.0646733
0.0646733
0.0646733
0.0646733
0.0646733
0.0646733
0
0.0646733
0.0646733
0
0.0646733
0.0646733
0
0.0646733
0.0625509
0.0625509
0.0625509
0.0625509
0.0625509
0.0625509
0.0625509
0.0626122
0
0.0626122
0.0626122
0.0626224
0.0626224
0
0.0626224
0.0632561
0.0632561
0.0632561
0.0632561
0.0632561
0.0632561
0
0.0632561
0.0633936
0.0632561
0.0627353
0.0627353
0
0
0
0.0627353
0.0627353
0
0
0
0
0
0.0705785
0
0
0
0
0.0705785
0.077791
0
0
0
0.077791
0
0
0
0
0
0
0
0.077791
0.0778106
0.0778106
0
0
0
0
0
0
0
0
0
0
0
0
0
0
0
0
0
0
0
0
0
0
0
0
0
0
0
0
0
0
0
0
0
0
0
0
0
0
0
0
0
0
0.0762863
0.0763789
0.0763789
0.0763789
0
0
0
0
0
0
0.0796398
0.0796819
0.0796819
0.0796819
0
0
0
0
0
0
0
0
0
0
0
0
0
0
0
0
0
0
0
0
0
0
0
0
0
0
0
0
0
0
0
0
0
0
0
0
0
0
0
0
0
0
0
0
0
0
0
0
0
0
0
0
0
0
0
0
0
0
0
0.0716574
0.0717035
0.0717035
0.0717035
0
0
0
0
0
0
0
0
0
0
0
0
0
0
0
0
0
0
0
0
0
0
0
0
0
0
0
0
0
0
0
0
0
0
0
0
0
0
0
0
0
0
0
0
0
0
0
0
0
0
0
0
0
0
0
0
0
0
0
0
0
0
0
0
0
0
0
0
0
0.0753422
0.0660939
0
0.0632245
0.0632245
0.0632245
0.0632245
0.0632245
0.0467184
0
0
0
0
0
0
0
0
0
0
0
0
0
0
0
0
0
0
0
0
0
0
0
0
0
0
0
0
0
0
0
0
0
0
0
0.0467184
0.0467184
0.0467184
0.0467184
0.0467184
0.0467184
0.0467184
0
0
0
0
0
0
0
0
0
0
0
0
0
0
0
0
0
0
0
0
0
0
0
0
0
0
0
0
0.0467184
0.0467184
0.0467184
0.0467184
0.0467184
0.0467184
0
0
0
0
0
0
0
0
0.0505076
0.0505237
0
0
0
0
0
0
0
0
0
0
0
0.0466591
0.0466591
0.0466591
0.0466591
0.0466591
0
0
0
0
0
0
0
0
0
0.0750234
0.0750234
0.0750234
0.0750234
0.0750234
0.0750234
0.0750234
0.0750234
0.0750234
0.0750234
0.0750234
0.0750234
0.0750234
0.0750234
0.0750234
0.0750234
0.0750234
0.0990148
0.0990148
0
0
0.0467057
0.0467057
0.0467057
0.0467057
0.0467057
0.0467057
0.0467057
0.0467057
0.0467057
0.0467057
0.0467057
0.0467057
0.0467057
0.0467057
0.0467057
0.0467057
0.0467057
0.0467057
0.0467057
0.0467057
0.0467057
0.0467057
0.0467057
0.0467057
0.0467057
0.0467057
0.0467057
0.0467057
0.0467057
0
0
0.0750234
0.0750234
0.0750234
0.0750234
0.0750234
0.0750234
0.0768473
0.0750234
0.0750234
0.0755569
0.0755569
0.0755569
0.0755569
0.0755569
0.0755569
0.0755569
0.0755569
0.0755569
0.0755569
0.0750234
0.0750234
0.0750234
0.0750234
0.0750234
0.0768473
0.0750234
0.0750234
0.0750234
0.0752
0.0752
0
0
0
0.0752
0.0750234
0
0
0
0.0750234
0.0750234
0.0756469
0.0756469
0.0756469
0.0756469
0.0756469
0
0.0750234
0.0750234
0.0750234
0.0751646
0.0751646
0.0756469
0
0.0756469
0.0756469
0
0
0
0
0
0
0
0
0
0
0
0
0
0
0.0770562
0.0770943
0
0
0
0
0
0.077286
0.077286
0.077286
0
0
0
0.0932505
0.0932505
0.0932505
0
0
0
0.121417
0.121417
0.121417
0
0
0
0
0
0
0
0
0
0
0
0
0
0
0
0
0
0
0
0
0
0
0
0
0
0
0
0
0
0
0
0
0
0
0
0
0
0
0
0
0
0
0
0
0
0
0
0
0
0
0
0
0
0
0
0
0
0
0
0
0
0
0
0
0
0
0
0
0
0
0
0
0.108095
0.108095
0.108095
0
0
0
0
0
0
0
0
0
0
0
0
0
0
0
0
0.0756469
0.0756469
0.0752
0.0752
0
0
0
0
0
0
0
0
0
0
0
0
0
0.0750234
0.0750234
0.0754672
0.0750234
0.0750234
0.0754672
0.0754672
0
0.0754672
0.175637
0
0.175637
0.0754672
0.0754672
0.108095
0.108095
0.108095
0.108095
0.115087
0.115087
0.115087
0.115087
0
0
0
0.115087
0
0
0.119098
0
0
0.120532
0
0
0
0
0
0
0.121716
0
0
0
0
0
0
0
0
0
0.14771
0.14771
0.148386
0.16863
0.148386
0
0
0
0
0
0
0
0
0
0
0
0
0
0
0
0
0
0
0
0
0
0
0
0
0
0
0
0
0
0
0
0.149906
0.149906
0.149906
0
0.150471
0
0
0
0
0
0
0
0
0
0
0
0
0
0
0
0
0
0
0
0
0
0
0
0
0
0
0
0
0
0
0
0
0
0
0
0
0
0
0
0
0
0
0
0
0
0
0
0
0
0
0
0
0
0
0
0
0
0.0751646
0.0751646
0.0753778
0.0757192
0.0757192
0.19245
0.19245
0.19245
0
0
0
0.0757192
0.0757192
0.077286
0.114708
0.0776345
0.0776345
0.0776345
0.0776345
0
0
0.0776345
0.0776345
0.0776345
0.0776345
0.0776345
0.077654
0.077654
0.202721
0
0.204837
0.217786
0
0.0776345
0.205557
0.205557
0.489898
0
0
0
0
0
0
0
0
0
0
0.0932505
0.0932505
0.0932505
0.0932505
0.0932505
0.0986928
0.0986928
0.0986928
0.0986928
0.0986928
0.0988534
0.0986928
0
0.101885
0.142979
0
0.0932505
0.0932505
0
0
0
0
0
0
0
0
0
0
0
0
0.0756469
0.0756469
0.0756469
0.0756469
0.0780076
0.0780076
0
0.0780076
0
0
0
0
0
0
0
0
0
0
0
0.0780076
0.0780869
0.0756469
0.121417
0.121417
0.121417
0
0
0
0.121716
0
0
0
0
0
0
0.371391
0.121716
0
0
0
0
0
0
0
0
0
0
0
0
0
0
0
0
0
0
0
0
0
0
0
0
0
0
0
0
0
0
0
0
0
0
0
0
0
0
0
0
0
0
0
0
0
0
0
0
0
0
0
0
0
0
0
0
0
0
0
0
0
0
0
0
0
0
0.0757192
0.0757192
0.201347
0.0757192
0
0
0
0
0
0
0.0771134
0.0771134
0.0761939
0.0761939
0.0754136
0.0754136
0.0754136
0.0827606
0.0829978
0.0829978
0.0829978
0.0827606
0
0
0.0754136
0.141069
0.0754136
0
0
0
0
0.0755569
0.0466591
0.0466591
0.0466591
0.0466591
0
0
0
0.0578638
0.0534905
0.0578638
0.0578638
0.0578638
0.0578638
0.0578638
0.0578638
0.0730297
0
0.0578638
0.0578638
0.0534905
0.0534905
0.0534905
0.0534905
0.0534905
0.0534905
0.0720594
0.0720594
0.0720594
0.0720594
0.0720594
0.0720594
0
0.0649
0.0542526
0
0
0
0
0.0720594
0.0720594
0
0.0539622
0.0539622
0.0539622
0.0539622
0.0539622
0.0539622
0.0539622
0.0539622
0.0539622
0.0539622
0.0539622
0.0539622
0.0539622
0.0539622
0
0
0
0
0.0727553
0
0.0543326
0.0543326
0.0548202
0.060284
0.0672166
0.07536
0.0546358
0.0546358
0.0745701
0.0546426
0
0.0546426
0.065962
0
0.0544197
0.0544264
0
0.0465789
0.0465789
0.0465789
0.0465789
0.0695048
0.04701
0.04701
0.04701
0.04701
0.04701
0.04701
0.04701
0.04701
0.0559017
0.04701
0.04701
0.04701
0.04701
0.04701
0
0
0
0
0
0
0
0
0.0470144
0.0470144
0.0470144
0.0470144
0.0470144
0.0470144
0
0
0.0470144
0
0
0
0
0
0
0
0
0
0
0
0
0
0
0
0
0
0
0
0
0
0
0
0
0
0
0.07334
0.07334
0.07334
0.07334
0.07334
0.07334
0.07334
0
0
0
0
0
0
0
0
0
0
0
0
0
0
0
0
0
0
0
0
0
0
0
0
0
0
0
0
0
0
0.0649456
0.0571506
0
0
0.07334
0.0470144
0.0470144
0.0470144
0
0
0
0.0470144
0.0470144
0.0471012
0.0470144
0.0470144
0.047023
0.0520814
0.0520814
0.047023
0.0470534
0.0470534
0.0470534
0.0470534
0.047023
0.047023
0.047023
0.0520814
0.0520814
0.0520814
0.0520814
0.0520814
0.0548615
0.0520814
0.0520814
0.0520814
0.0760836
0.0520814
0.0520814
0.0520814
0.0520814
0.0520814
0.0520814
0.0520814
0
0
0
0
0
0.0470144
0.0470144
0.0470144
0.0470144
0.0563362
0.0470144
0.0703743
0.0703743
0.0703743
0.0703743
0.0731272
0.0703743
0.0470144
0.0559017
0.0470144
0.0544466
0.0470144
0.0470144
0.0470144
0.0544466
0.0544466
0.0554345
0.0549719
0.0549719
0.0549719
0.0549719
0.0549719
0.0549719
0
0
0
0
0
0
0
0
0
0
0
0
0
0
0
0.0471012
0.0471012
0
0
0.0469582
0.0469582
0.0469582
0.0469582
0
0
0
0
0
0
0
0
0
0
0
0
0
0.0467099
0.0467099
0.0467099
0.0467099
0.0467099
0.0467099
0
0
0
0
0
0
0
0
0
0
0
0.0470447
0
0.0492714
0.0507837
0
0
0
0.0492316
0.0492316
0
0
0
0.0492316
0
0
0
0
0
0
0
0
0
0
0
0
0
0
0
0
0
0
0
0
0
0
0
0
0
0
0
0
0
0
0
0
0
0
0
0
0
0
0
0
0
0
0
0
0
0
0
0
0
0
0
0
0
0
0
0
0
0
0
0
0
0
0
0
0
0
0
0
0
0
0
0
0
0
0
0
0
0
0
0
0
0
0
0
0
0
0
0
0
0
0
0
0
0
0
0
0
0
0
0
0
0
0
0
0
0
0
0
0
0
0
0
0
0
0
0
0
0
0
0
0
0
0
0
0
0
0
0
0
0
0
0
0
0
0
0
0
0
0
0
0
0
0
0
0
0
0
0
0
0
0
0
0
0
0
0
0
0
0
0
0
0
0
0
0
0
0
0
0
0
0
0
0
0
0
0
0
0
0
0
0
0
0
0
0
0
0
0
0
0
0
0
0
0
0
0
0
0
0
0
0
0
0
0
0
0
0
0
0
0
0
0
0
0
0
0
0
0
0
0
0
0
0
0
0
0
0
0
0
0
0
0
0
0
0
0
0
0
0
0
0
0
0
0
0
0
0
0
0
0
0
0
0
0
0
0
0
0
0
0
0
0
0
0
0
0
0
0
0
0
0
0
0
0
0
0
0
0
0
0
0
0
0
0
0
0
0
0
0
0
0
0
0
0
0
0
0
0
0
0
0
0
0
0
0
0
0
0
0
0
0
0
0
0
0
0
0
0
0
0
0
0
0
0
0
0
0
0
0
0
0
0
0
0
0
0
0
0
0
0
0
0
0
0
0
0
0
0
0
0
0
0
0
0
0
0
0
0
0
0
0
0
0
0
0
0
0
0
0
0
0
0
0
0
0
0
0
0
0
0
0
0
0
0
0
0
0
0
0
0
0
0
0
0
0
0
0
0
0
0
0
0
0
0
0
0
0
0
0
0
0
0
0
0
0
0
0
0
0
0
0
0
0
0
0
0
0
0
0
0
0
0
0
0
0
0
0
0
0
0
0
0
0
0
0
0
0
0
0
0
0
0
0
0
0
0
0
0
0
0
0
0
0
0
0
0
0
0
0
0.0467099
0.0467099
0.0468079
0
0
0
0
0
0
0
0
0
0
0
0
0
0
0
0
0
0
0
0
0
0
0
0
0
0
0
0
0
0
0
0
0
0
0
0
0
0
0
0
0
0
0
0
0
0
0
0
0
0
0
0
0
0
0
0
0.0467057
0
0.0467057
0.0467057
0.0467057
0.0467057
0
0
0
0.0467099
0.0467099
0.0467099
0.0467099
0.0504862
0.0504862
0.0467099
0.0467099
0.0504862
0.0467099
0.0467099
0.0467099
0.0467099
0.0467099
0.0467099
0.0467099
0.0467099
0.0467099
0
0
0
0
0
0
0.0811552
0.0811552
0.0811552
0.0811552
0
0.0811775
0
0.0811775
0.0811775
0
0
0
0
0
0
0
0
0
0.0467057
0.0467057
0.0467057
0.0805387
0.0805387
0.0805387
0.0467057
0.0467057
0.0467057
0.0467057
0.0467057
0.0467057
0.0467057
0.0805387
0.0805387
0.0805387
0
0.0720594
0
0
0
0
0
0.0809334
0
0
0
0
0
0
0
0.0472192
0.0472192
0.0472192
0
0
0
0
0.0472236
0.0472236
0.0472236
0.0472236
0.0472236
0.0472236
0.0472236
0.0472192
0
0.0473072
0
0
0
0
0
0
0
0
0
0
0
0
0
0
0
0
0
0
0
0
0
0
0
0
0
0
0
0
0
0
0
0
0
0
0
0
0
0
0
0
0
0
0
0.0501938
0.0501938
0.0501938
0.0718885
0
0
0
0
0
0
0
0
0
0
0
0
0
0
0
0
0
0
0
0
0
0
0
0
0
0
0
0
0
0
0
0
0
0
0
0
0
0
0
0
0
0
0
0
0
0
0
0
0
0
0
0
0
0
0
0
0
0
0
0
0
0
0
0
0
0
0
0
0
0
0
0
0
0
0
0
0
0
0
0
0
0
0
0
0
0
0
0
0
0
0
0
0
0
0
0
0
0
0
0
0
0
0
0
0
0
0
0
0
0
0
0
0
0
0
0
0
0
0
0
0
0
0
0
0
0
0
0
0
0
0
0
0
0
0
0
0
0
0
0
0
0
0
0
0.0501622
0.0501622
0.0501622
0.0501622
0.0501622
0.0501622
0.0501622
0
0
0
0
0
0
0
0
0.0502044
0.0502044
0
0
0.0501938
0.0501938
0.0501938
0
0
0
0
0
0
0
0
0
0
0
0
0
0
0
0
0
0
0
0
0
0
0
0
0
0
0
0
0
0
0
0
0
0
0
0
0
0
0.0501938
0
0
0
0
0
0
0
0
0
0
0
0
0
0
0
0
0
0
0
0
0
0
0
0
0
0
0
0
0
0
0
0
0
0
0
0
0
0
0
0
0
0
0
0
0
0
0
0
0
0
0
0
0
0
0
0
0
0
0
0
0
0
0
0
0
0
0
0
0
0.0720282
0.0720282
0.0720282
0.0720282
0.0720282
0.0720282
0.0720282
0.0720282
0.0467057
0.0467057
0.0467057
0.0467057
0.0467057
0.0467057
0.0467057
0
0.0752
0.0752
0
0
0
0
0
0
0
0
0
0
0
0
0
0
0
0
0
0
0
0
0
0
0
0.0776345
0
0
0
0
0.0776345
0
0
0
0
0
0
0
0
0
0
0
0
0
0
0
0
0
0
0
0.134738
0
0
0
0
0.136824
0
0
0
0
0
0
0
0
0
0
0
0
0
0
0
0
0
0
0
0
0
0
0
0
0
0
0.0829978
0.0829978
0.0829978
0
0
0
0.0829978
0.0824086
0.0824086
0
0
0
0
0.0824086
0.0824086
0.0829502
0.0829978
0.0829978
0
0
0.0829978
0.0829978
0
0
0
0.0824086
0.0780869
0.0780869
0
0
0
0
0
0
0
0
0
0
0
0
0.0780869
0
0
0
0
0
0
0
0
0
0
0
0
0
0
0
0
0
0
0
0
0
0
0
0
0
0
0
0
0
0
0
0
0
0
0
0
0
0
0
0
0
0
0
0
0
0
0
0
0
0
0
0
0.0539622
0.0539622
0.0539622
0.0539622
0.0539622
0.0683852
0.0670402
0
0
0
0
0
0
0
0
0
0
0.0804952
0.123014
0
0
0
0
0
0
0
0
0
0
0
0.0721218
0.0764906
0
0.127429
0.127429
0.127429
0.0720594
0.0720594
0.0720594
0.0725954
0
0
0
0
0
0
0
0
0
0
0
0
0.0465789
0.0465789
0.0465789
0.0465789
0.0465789
0.0465789
0.046621
0.0465915
0.0467057
0.0465789
0
0
0
0
0
0
0
0
0
0
0
0
0
0
0
0
0
0
0
0
0
0
0
0
0
0
0
0
0
0
0
0
0
0
0
0
0
0
0
0
0
0
0
0
0
0
0
0
0
0.0713528
0.0713528
0.0713528
0.0713528
0.0713528
0.0713528
0.0713528
0.0713528
0.0713528
0
0
0
0
0
0
0
0
0
0
0
0
0
0
0
0
0
0
0
0
0
0
0
0
0
0
0
0
0
0
0
0
0
0
0
0
0
0
0
0
0
0
0
0
0
0
0
0
0
0
0
0
0
0
0
0
0
0
0
0
0.0716115
0.0716115
0.0716115
0.0716115
0.0716115
0.0716115
0.0716115
0
0
0
0
0
0
0
0
0
0
0
0
0
0
0
0
0
0
0
0
0
0
0
0
0
0
0
0
0
0
0
0
0
0
0
0
0
0
0
0
0
0
0
0
0
0
0
0
0
0
0
0
0
0
0
0
0
0
0
0
0
0
0
0
0
0
0
0
0
0
0
0
0
0
0
0
0
0
0
0
0
0
0
0
0
0
0
0
0
0
0
0
0
0
0
0
0
0
0
0
0
0
0
0
0
0
0
0
0
0
0
0
0
0
0
0
0
0
0
0
0
0
0
0
0
0
0
0
0
0
0
0
0
0
0
0
0
0
0
0
0
0
0
0
0
0
0
0
0
0
0
0
0
0
0
0
0
0
0
0
0
0
0
0
0
0
0.0468979
0.0468979
0.0466591
0.0466591
0.0466591
0.0466591
0.0466591
0.0466591
0.0466591
0.0466591
0.0466591
0.0466591
0.0466591
0.0466591
0.0466591
0.0466591
0.0466591
0.0466591
0.0466591
0.0466591
0.0466591
0.0466591
0
0
0
0.0466591
0.0466591
0.0466591
0.0466591
0.0466591
0.0466591
0.0466591
0.0466591
0.0466591
0.0467099
0.0467099
0.0467099
0.0467184
0.0467184
0.0467099
0.0467099
0.0467184
0.0469582
0
0
0
0.0467099
0.0467099
0.0467099
0.0467099
0.0504862
0.0467099
0.0677415
0.0467099
0.0467099
0
0
0.0502625
0.0502625
0.0502731
0.0502731
0.0502625
0.0502625
0
0
0.0502149
0.0502149
0.0502149
0.0502149
0.0502149
0.0502149
0
0
0
0
0
0.0502572
0.0502149
0.0502149
0.0502149
0.0502149
0.0502149
0
0.0502149
0.0502149
0.0502149
0.0503261
0.0503261
0.0502149
0.0502149
0
0.0502149
0
0.0502149
0.0502149
0.0502149
0
0.0502149
0.0502149
0
0
0
0.0502149
0.0502149
0.0502149
0.0502149
0.0502149
0.0502149
0.0502149
0.0502149
0.0502149
0.0502149
0.0502149
0.0502149
0.0503261
0.0503261
0.0503261
0
0.0503261
0.0502149
0.0502149
0.0502149
0.0502149
0
0.0502149
0.0502149
0
0
0
0
0
0
0
0
0
0
0
0
0
0
0
0
0
0
0
0
0
0
0
0
0
0
0
0
0
0
0
0
0
0
0
0
0
0
0
0
0
0
0
0
0
0
0
0
0
0
0
0
0
0
0
0
0
0
0
0
0
0
0
0
0
0
0
0
0
0
0
0
0
0
0
0
0
0
0
0
0
0
0
0
0
0
0
0
0
0
0
0
0
0
0
0
0
0
0
0
0
0
0
0
0
0
0
0
0
0
0
0
0
0
0
0
0
0
0
0
0
0
0
0
0
0
0
0
0
0
0
0
0
0
0
0
0
0
0
0
0.0471405
0.0471405
0
0.0471405
0.0471405
0.0471405
0
0.0471405
0
0
0
0.0492714
0.0507837
0
0
0
0
0
0
0
0
0
0.0525891
0
0
0
0
0
0
0
0
0
0
0
0
0
0
0
0
0
0
0
0
0
0
0
0
0
0
0
0
0.0490389
0.0490389
0.0490389
0
0
0
0
0
0
0
0
0.0720282
0.0720282
0.0720282
0
0
0
0
0
0
0
0
0
0
0
0
0
0
0
0
0
0
0
0
0
0
0
0
0
0
0
0
0
0
0
0
0
0
0
0
0
0
0
0
0
0
0
0
0
0
0
0
0
0
0
0
0
0
0
0
0
0
0
0
0
0
0
0
0
0
0
0
0
0
0
0
0
0
0
0
0
0
0
0
0
0
0
0
0
0
0
0
0
0
0.0470969
0
0
0
0
0
0
0
0
0
0
0
0
0
0
0
0
0
0
0
0
0
0
0
0
0
0
0
0
0
0
0
0
0
0
0
0
0
0
0
0
0
0
0.0471492
0.0471492
0.0471492
0.0471492
0.0471492
0
0
0
0
0
0
0
0.0466591
0.0466591
0
0
0
0
0
0
0.0470577
0.0470577
0.0470577
0.047036
0.0470969
0.0470969
0.0470969
0.0470969
0
0.0467099
0
0
0
0
0
0
0
0
0
0
0
0
0
0
0
0
0
0
0.0472587
0
0.0470838
0
0
0
0
0
0
0
0
0
0
0
0
0
0
0
0
0
0
0
0
0
0
0
0
0
0
0
0
0
0
0
0.0851257
0
0
0
0
0
0
0
0
0
0
0
0
0
0
0
0
0
0
0
0
0
0
0
0
0
0
0
0
0
0
0
0
0
0
0
0
0
0
0.0678844
0.0678844
0.0678844
0.0678844
0.0678844
0.0678844
0
0
0
0
0.0688157
0.0688157
0
0
0
0
0
0
0
0.0688157
0.0641171
0.0641171
0.0641171
0.0641171
0.0641171
0
0
0
0
0
0.0644157
0.0644157
0.0644157
0.0644157
0.0644157
0.0644157
0
0
0
0
0
0
0
0
0
0
0.0646959
0.0644157
0.0644157
0
0
0.0701431
0.0701431
0.0644157
0.0644157
0.0644157
0.0644157
0.0644157
0
0
0
0
0
0
0
0.0644157
0
0
0
0
0
0
0
0
0
0.0650485
0.0650485
0.0650485
0.0650485
0.0659979
0
0.0662872
0.0650485
0
0
0.0694629
0
0.0694629
0.0694629
0.0694629
0.0694629
0.0694629
0.0678844
0
0.0678844
0.0678844
0.0678844
0.0678844
0.0678844
0
0
0
0
0
0
0
0
0
0
0
0
0
0
0
0
0
0
0
0
0
0
0
0
0
0
0
0
0
0
0
0
0
0
0.0641171
0.0641171
0
0.0678844
0.0641171
0.0641171
0.0678844
0.0678844
0.0678844
0
0
0.0644157
0.0644157
0
0.0644157
0
0
0
0
0
0
0
0
0
0
0
0
0
0
0
0
0
0
0
0
0
0
0
0
0
0
0
0
0
0
0
0
0
0
0
0
0
0
0
0
0
0
0
0
0
0
0
0
0
0
0
0
0
0
0
0
0
0
0
0
0
0
0
0
0
0
0
0
0
0
0
0
0
0
0
0
0
0
0
0
0.0467099
0
0
0
0.0467099
0.0467099
0.0467099
0.0467099
0.0467099
0.0467099
0
0
0
0.0467099
0.0467184
0.0467184
0.0467184
0.0467099
0
0
0
0
0
0.071966
0
0
0
0
0
0
0
0.0706518
0.0716574
0.0716574
0.0716574
0.0720282
0
0
0
0
0
0
0
0
0.0712019
0.0712019
0.0712019
0.0712019
0.0712019
0.0712019
0.0712019
0.0712019
0.0712019
0.0712019
0.0712019
0.0712019
0.0712019
0.0712019
0.0712019
0.071935
0
0.0712019
0.0988936
0.0988936
0.0988936
0.0988936
0.0988936
0.0767718
0.0767718
0
0
0
0.0767718
0
0
0.071904
0.115342
0.115342
0.116775
0.117579
0.0727714
0
0.0712019
0.0712019
0
0
0
0.0712019
0
0
0
0
0
0
0
0
0
0
0
0
0
0
0
0
0
0
0
0
0
0.0719195
0.0719195
0.0719816
0.0719195
0.0719195
0.0719195
0.0719195
0
0.071935
0.0720594
0
0
0
0
0
0
0
0
0
0
0
0
0
0
0
0
0
0
0
0
0
0
0
0
0
0
0
0
0
0
0
0
0
0
0
0
0.0719505
0.0712019
0.0712019
0.0712019
0.0712019
0.0712019
0.0712019
0.0712019
0
0
0
0
0
0
0
0
0
0
0
0
0
0
0
0
0
0
0
0
0
0
0
0
0
0
0
0
0
0
0
0
0
0
0
0.0727714
0
0.0728518
0.0712019
0.0988936
0.0988936
0.0988936
0
0
0
0
0
0
0
0
0
0
0
0
0
0
0
0
0
0
0
0
0
0
0
0
0
0
0
0
0
0
0
0
0
0
0
0
0
0
0
0
0
0
0
0
0.0470014
0.0470014
0.0470014
0.0470014
0
0
0
0
0.0466887
0.0466887
0
0
0
0
0
0
0
0
0
0
0
0
0
0
0
0
0
0
0
0
0
0
0
0
0
0
0
0
0
0
0
0
0
0
0
0
0
0
0
0
0
0
0
0
0
0
0
0
0
0
0
0
0
0
0
0
0
0
0
0
0
0
0
0
0
0
0
0
0
0
0
0
0
0
0
0
0
0
0
0
0
0
0
0
0
0
0
0
0
0
0
0
0
0
0
0
0
0
0
0
0
0
0
0
0
0
0
0
0
0
0
0
0
0
0
0
0
0
0
0
0
0
0
0
0
0
0
0
0
0
0
0
0
0
0
0
0
0
0
0
0
0
0
0
0
0
0
0
0
0
0
0
0
0
0
0
0
0
0
0
0
0
0
0
0
0
0
0
0
0
0
0
0
0
0
0
0
0
0
0
0
0
0
0
0
0
0
0
0
0
0
0
0
0
0
0
0
0
0
0
0
0
0
0
0
0
0
0
0
0
0
0
0
0
0
0
0
0
0
0
0
0
0
0
0
0
0
0
0
0
0
0
0
0
0
0
0
0
0
0
0
0
0
0
0
0
0
0
0
0
0
0
0
0
0
0
0
0
0
0
0
0
0
0
0
0
0
0
0.0467099
0.0467099
0.0467099
0.0467099
0.0467099
0.0467099
0.0467099
0.0467099
0.0467099
0.0467099
0.0467099
0.0467099
0.0467099
0.0467099
0.0467099
0.0467099
0.0467099
0.0467099
0.0467099
0.0467099
0.0467099
0.0467099
0.0467099
0.0467099
0.0467099
0.0467099
0.0467099
0.0467099
0.0467099
0.0467099
0.0467099
0.0467099
0.0467099
0.0467099
0.0467099
0.0467099
0.0467099
0.0467099
0.0467099
0.0467099
0.0467099
0.0467099
0.0467099
0.0467099
0.0467099
0.0467099
0.0467099
0.0467099
0.0467099
0.0467099
0.0467099
0.0467099
0.0467099
0.0467099
0.0467099
0.0467099
0.0467099
0.0467099
0.0467099
0.0467099
0.0467099
0.0467099
0.0467099
0.0467099
0.0467099
0.0467099
0.0467099
0.0467099
0.0467099
0.0467099
0.0467099
0.0467099
0.0467099
0.0467099
0.0467099
0.0467099
0.0467099
0.0467099
0.0467099
0.0467099
0.0467099
0.0467099
0.0467099
0.0467099
0.0467099
0.0467099
0.0467099
0.0467099
0.0467099
0.0467099
0.0467099
0.0467099
0.0467099
0.0467099
0.0467099
0.0467099
0.0467099
0.0467099
0.0467099
0.0467099
0.0467099
0.0467099
0.0467099
0.0467099
0.0467099
0.0467099
0.0467099
0.0467099
0.0467099
0.0467099
0.0467099
0.0467099
0.0467099
0.0467099
0.0467099
0.0467099
0.0467099
0.0467099
0.0467099
0.0467099
0.0467099
0.0467099
0.0467099
0.0467099
0.0467099
0.0467099
0.0467099
0.0467099
0.0467099
0.0467099
0.0467099
0.0467099
0.0467099
0.0467099
0
0
0
0
0
0
0
0
0
0
0
0
0
0
0
0
0
0
0
0
0
0
0
0
0
0
0
0
0
0
0
0
0
0
0
0
0.0504862
0.0504862
0.0467099
0.0504862
0.0504862
0
0.0504862
0
0
0
0
0
0
0
0
0
0
0
0
0
0
0
0
0
0
0
0
0
0
0.0467184
0
0
0
0
0
0
0
0.0500261
0.0500261
0.0470577
0
0
0
0
0
0
0
0
0
0
0
0
0
0
0
0
0
0
0
0
0
0
0
0
0
0
0
0
0
0
0
0.0733564
0.0733564
0.0733564
0.0733564
0.0733564
0.0733564
0.0733564
0.0733564
0.0733729
0.0733729
0.0733564
0.0733564
0.0733564
0.0733564
0.0733564
0.0733564
0.0733564
0.0733564
0.0733564
0.0733564
0.0733564
0.0733564
0.0733564
0.0743808
0.0733564
0.0733564
0.0733564
0.0733564
0.0733564
0.0733564
0
0
0.0733564
0.0733564
0.0733564
0.0733564
0.0733236
0.0733236
0.0733236
0.0733236
0.0733236
0.0733236
0.0733236
0.0733236
0
0.0733236
0
0
0
0
0
0
0
0
0
0
0.069421
0.069421
0.069421
0.069421
0.069421
0.069421
0
0.069421
0.069421
0
0
0
0
0.069421
0.069421
0.069421
0.069421
0.069421
0.069421
0
0.069421
0.069421
0.069421
0.069421
0.0696029
0.0696029
0.0696029
0.069617
0.0696029
0.069421
0.069421
0.069421
0.0707402
0.069421
0
0
0
0
0
0
0
0
0
0
0
0
0
0
0
0
0
0
0
0
0
0
0
0
0
0
0
0
0
0
0
0
0
0
0
0
0
0
0
0
0
0
0
0
0
0
0
0
0
0
0
0
0
0
0
0
0
0
0
0
0
0.0467057
0.0467057
0.0467057
0
0
0
0
0
0
0
0
0
0
0
0
0
0
0
0.0720282
0.0720282
0.0720282
0.0720282
0.0720282
0.0940374
0.0940374
0.0940374
0.0940374
0.0739221
0.0739221
0.113288
0.0766777
0.0720282
0.0728679
0.0748481
0.0773823
0
0.0775372
0
0.0748481
0
0.0728679
0.0720282
0.0720282
0
0
0
0
0.0467057
0
0
0
0
0
0
0
0
0
0
0
0
0
0.0470014
0
0
0
0
0
0
0
0
0
0
0
0
0
0
0
0
0
0
0
0
0
0
0
0
0
0
0
0
0
0
0
0
0
0
0
0.0466591
0.0466591
0.0466591
0.0466591
0
0
0
0
0
0
0
0
0
0
0
0
0
0
0
0
0
0
0
0
0
0
0
0
0
0
0
0
0
0
0
0
0
0
0
0.0466591
0
0.04701
0.04701
0.04701
0.04701
0.04701
0.04701
0.04701
0.0470664
0
0
0.04701
0.04701
0
0.04701
0.04701
0
0
0.04701
0
0
0
0
0
0
0
0
0
0
0
0
0
0
0
0
0
0
0
0
0
0
0
0
0
0
0
0
0
0
0
0
0
0
0
0
0
0
0
0
0
0
0
0
0
0
0
0
0
0
0.04701
0
0
0
0
0
0.04701
0.04701
0.04701
0.04701
0
0
0
0
0.04701
0
0
0.0470664
0
0
0
0
0
0
0
0
0
0
0
0
0
0
0
0
0
0
0
0
0
0
0
0
0
0
0
0.0469539
0.0469539
0.0469539
0.0469539
0.0469539
0.0469539
0.0469539
0.0469539
0
0
0
0
0
0
0
0
0
0
0
0
0
0
0
0
0
0
0
0
0
0
0
0
0
0
0
0
0
0
0
0
0
0
0
0
0
0
0
0
0
0
0
0
0
0
0
0
0
0
0
0
0
0
0
0
0
0
0
0
0
0
0
0
0
0
0
0
0
0
0
0
0
0
0
0
0
0
0
0
0
0
0
0
0
0
0
0
0
0
0
0
0
0
0
0
0
0
0
0
0
0
0
0
0
0
0
0
0
0
0
0
0
0
0
0
0
0
0
0
0
0
0
0
0
0
0
0
0
0
0
0
0
0
0
0
0
0
0
0
0
0
0
0
0
0
0
0
0
0
0
0
0
0
0
0
0
0
0
0
0
0
0
0
0
0
0
0
0
0
0
0
0
0
0
0
0
0
0
0
0
0
0
0
0
0
0
0
0
0
0
0
0
0
0
0
0
0
0
0
0
0
0
0
0
0
0
0
0
0
0
0
0
0
0
0
0
0
0
0
0
0
0
0
0
0
0
0
0
0
0
0
0
0
0
0
0
0
0
0
0
0
0
0
0
0
0
0
0
0
0
0
0
0
0
0
0
0
0
0
0
0
0
0
0
0
0
0
0
0
0
0
0
0
0
0
0
0
0
0
0
0
0
0
0
0
0
0
0
0
0
0
0
0
0
0
0
0
0
0
0
0
0
0
0
0
0
0
0
0
0
0
0.0602566
0
0
0.063109
0
0
0
0
0
0
0
0
0
0
0
0
0
0
0
0
0
0
0
0
0
0
0
0
0
0
0
0
0
0
0
0.0532246
0
0.0532246
0
0
0
0
0
0
0
0
0
0
0
0
0
0
0
0
0
0
0
0.052583
0.0518883
0.0518883
0.0518883
0.0559454
0.0733893
0
0
0
0
0
0
0
0
0
0
0
0
0
0
0
0
0
0
0
0
0
0
0
0
0
0
0
0
0
0
0
0
0
0
0
0
0
0
0
0
0
0
0
0
0
0
0
0
0
0
0
0
0
0
0
0
0
0.0559235
0
0.0520168
0
0
0
0
0
0
0
0
0
0
0
0
0
0
0
0
0
0
0
0.0564033
0.059976
0
0.0671156
0
0
0
0
0
0
0
0
0
0
0
0
0
0
0
0
0
0
0
0
0
0
0
0
0
0
0
0
0
0
0
0
0
0
0
0
0
0
0
0
0
0
0
0
0
0
0
0
0
0
0
0
0
0
0
0
0
0
0
0
0
0
0
0
0
0
0
0
0
0
0
0
0
0
0
0
0
0
0
0
0
0
0
0
0
0
0
0
0
0
0
0
0
0
0
0
0
0
0
0
0
0
0
0
0
0
0
0
0
0
0
0
0
0
0
0
0
0
0
0
0
0
0
0
0
0
0
0
0
0
0
0
0
0
0
0
0
0
0
0
0
0
0
0
0
0
0
0
0
0
0
0
0
0
0
0
0
0
0
0
0
0
0
0
0
0
0
0
0
0
0
0
0
0
0
0
0
0
0
0
0
0
0
0
0
0
0
0
0
0
0
0
0
0
0
0
0
0
0
0
0
0
0
0
0
0
0
0
0
0
0
0
0
0
0
0
0
0
0
0
0
0
0
0
0
0
0
0.0539622
0.0539622
0.0539622
0.0543928
0.0543928
0.0539622
0.0553849
0.0539622
0.0520814
0.0520814
0.0520814
0.0766777
0.0766777
0.0984136
0
0
0.0520814
0
0
0
0
0
0
0
0
0
0
0
0
0
0
0
0
0
0
0
0
0
0
0
0
0
0
0
0
0
0
0
0
0
0
0
0
0
0
0
0
0
0
0
0
0
0
0
0
0
0.0470838
0.0470838
0.0470838
0.0470838
0.0470838
0.0470838
0.0470838
0.0470838
0
0
0.0470838
0
0
0
0
0
0
0
0
0
0
0
0
0
0
0
0
0
0
0
0
0
0
0
0
0
0
0
0
0
0
0
0
0
0
0
0
0
0
0
0
0
0
0
0
0
0
0
0
0
0
0
0
0
0
0
0
0
0
0
0
0
0
0
0
0
0
0
0
0
0
0
0
0
0
0
0
0
0
0
0
0
0
0
0
0
0
0
0
0
0
0
0
0
0
0
0
0
0
0
0
0
0.0470838
0.0470838
0.0470838
0.0470838
0.0470838
0.0470838
0
0
0
0
0
0
0
0.0470838
0.0470838
0.0470838
0
0
0
0
0
0
0
0
0
0
0.0470838
0.0470838
0.0470838
0.0470838
0.0470838
0
0
0
0
0
0
0
0
0
0
0
0
0
0
0
0
0
0
0
0
0
0
0
0
0
0
0
0
0
0
0
0
0
0
0.0470838
0.0470838
0.0470838
0.0470838
0
0
0
0
0
0
0
0
0
0.0470838
0
0
0
0
0
0
0
0
0
0
0
0
0
0
0
0
0
0
0
0
0
0
0
0
0
0
0
0
0
0
0
0
0
0
0
0
0
0
0
0
0
0
0
0.0470838
0.0470838
0.0470838
0.0470838
0.0470838
0.0470838
0
0
0
0
0
0
0
0
0
0
0
0
0
0
0
0
0
0
0
0
0
0.0467057
0.0467057
0.0467057
0.0467057
0.0467057
0.0467057
0.0467057
0
0
0
0
0
0
0
0
0
0
0
0
0
0
0
0
0
0
0
0
0
0
0
0
0
0
0
0
0
0
0
0
0
0
0
0
0
0
0
0
0
0
0
0
0
0
0
0
0
0
0
0
0
0
0
0
0
0
0
0.0730297
0.0730297
0.0730297
0.0730297
0.0730297
0.0730297
0.0730297
0.0730297
0.0730297
0.0730297
0.0730297
0.0730297
0.0730297
0.0730297
0.0730297
0.0768662
0.0768662
0
0.0730297
0.0730297
0.0730297
0.0730297
0.0730297
0.0730297
0.0730297
0.0730297
0.0730297
0.0730297
0.0787907
0.0787907
0.0787907
0
0.0787907
0.0730297
0.0720594
0.0720594
0.0720594
0.0720594
0.0720594
0.0720594
0.0720594
0.0720594
0.0724841
0.0724841
0.0720594
0.0724841
0.0724841
0.0720594
0.0720594
0.0720594
0.0720594
0.0720594
0.0720594
0.0722158
0.0720594
0.0720594
0.0720594
0.119169
0.119169
0.0730297
0.0804084
0.0730297
0.0730297
0.102733
0.102733
0.113531
0
0
0.0889695
0.0889695
0.0757917
0.081334
0.0720594
0.0720594
0
0
0
0
0.0751292
0.0753244
0
0
0
0
0
0
0
0
0
0.0720594
0
0
0
0
0
0
0
0
0
0
0
0
0
0
0
0
0
0
0
0
0
0
0
0
0
0
0
0
0
0
0
0
0
0
0
0
0.0786281
0.0776151
0.0776151
0.0776151
0.0804084
0.0814688
0
0
0
0.0776151
0.0724049
0.0724049
0.0724049
0
0
0
0
0.0889695
0.0889695
0.0889695
0
0
0
0
0
0.0892052
0.0892052
0.0889695
0.0730297
0.0730297
0.0730297
0.0730297
0.0730297
0.0730297
0.0730297
0.0768473
0.0730297
0.0889695
0.0889695
0.0889695
0
0.0889695
0.0949158
0.119523
0.119523
0.119523
0.119523
0
0
0
0
0
0
0.0889695
0.0889695
0.114771
0
0.167054
0
0.16843
0.0728518
0.0728518
0
0
0
0
0
0
0
0.0728518
0.0728518
0.0728518
0.0728518
0.0728518
0.0728518
0.0728518
0
0
0
0
0
0.0728518
0.0728841
0.0728841
0.129914
0.129914
0.132647
0.132647
0.151475
0.151475
0.0728841
0.0728841
0.0728841
0.12955
0.12955
0
0
0.170457
0
0
0.0728841
0.0729648
0.0728841
0.0728518
0.151475
0.151475
0
0.152647
0
0
0
0
0.152647
0
0
0
0
0
0
0
0
0
0
0
0
0
0
0
0
0
0
0
0
0
0
0
0
0
0
0.0729163
0.0729163
0.0728841
0.0728841
0.0728841
0.0729163
0.0729163
0.0771517
0.0728841
0.0728841
0.0728841
0.0728841
0
0
0
0.0728841
0.0824086
0.0824086
0.0824086
0.0729002
0.074244
0.0729002
0.0729002
0.0729002
0.0729002
0.0750587
0.0750587
0.143592
0
0.0729002
0
0
0
0
0.0729002
0.0744495
0.0744495
0
0
0
0
0.0728841
0
0
0
0
0
0
0.075992
0.082737
0.107211
0.132164
0
0
0
0
0
0
0
0.119169
0.119169
0
0
0
0
0
0
0
0
0
0.119169
0.119169
0
0
0
0
0
0
0.119169
0.119169
0
0.119169
0.119169
0
0
0
0
0.119169
0
0
0
0
0
0
0
0
0
0
0
0
0
0
0
0
0.0762863
0.0762863
0.0762863
0.0762863
0.0762863
0.0762863
0
0
0
0
0
0
0.0762863
0.0762863
0
0.0762863
0
0
0
0.0767907
0.0767907
0.0798299
0.0767907
0.138013
0.0767907
0.0776345
0.0776345
0.0793676
0.0793676
0.0794719
0.0776345
0.0776345
0
0
0
0
0
0
0
0.0767907
0.0771708
0.0771708
0.077363
0.077363
0
0.0720594
0
0
0
0
0
0
0
0
0
0
0
0
0
0
0
0.0720594
0.04701
0.04701
0.04701
0.04701
0.04701
0.04701
0
0
0
0
0
0
0
0
0
0
0
0
0
0
0
0
0
0
0
0
0
0
0
0
0
0
0
0
0
0
0
0
0
0
0
0
0
0
0
0
0
0
0
0
0
0
0
0
0
0
0
0
0.0678844
0.0678844
0.0678844
0.0678844
0.0693653
0.0706812
0
0.0693653
0.0693653
0.0693653
0
0
0
0
0
0
0
0
0
0
0
0
0
0
0
0
0
0.0720594
0.0720594
0.0720594
0.0720594
0.0720594
0.0720594
0.0720594
0
0.0720594
0.0720594
0.0720594
0
0
0
0
0
0
0
0
0
0.0720594
0.0720594
0.0720594
0.0720594
0.0720594
0.0720594
0.0720594
0.0720594
0.0720594
0.0720594
0.0720594
0.0720594
0.0720594
0
0
0
0.0720594
0.0720594
0.0720594
0.0720594
0.0720594
0.0720594
0.0720594
0.0720594
0
0.0720594
0.0720594
0.0720594
0.0720594
0.0720594
0.0720594
0.0720594
0.0720594
0.0720594
0.0720594
0.0720594
0.0720594
0.0720594
0.0467099
0.0467099
0.0467099
0.0467099
0.0467099
0.0467099
0.0467099
0
0
0
0
0
0
0
0.0467057
0.0467057
0.0467057
0.0467057
0.0467057
0.0467057
0.0467057
0.0467057
0.0467057
0.0467057
0.0467057
0.0467057
0.0467057
0
0
0
0
0
0
0
0
0
0
0
0
0
0
0
0
0
0
0
0
0
0
0
0
0
0
0
0
0
0
0
0
0
0
0
0
0
0
0
0
0
0
0
0
0
0
0
0
0
0
0
0
0
0
0
0
0
0
0
0
0
0
0
0
0
0
0
0
0
0
0
0
0
0
0
0
0
0
0
0
0
0.0467184
0
0.0467184
0.0467184
0.0467184
0.0467184
0
0.0471492
0.0471492
0.0471492
0.0471492
0.0471492
0.0471492
0
0
0
0.0471492
0
0.0471492
0
0.0471492
0.0471492
0.0471492
0
0
0
0
0
0
0
0
0
0
0
0
0
0
0
0
0
0
0
0
0
0
0
0.0470838
0
0
0
0
0
0
0
0
0.071873
0.071873
0.071873
0.071873
0.071873
0.071873
0.071873
0
0
0.0720594
0.0720594
0.0720282
0.0720282
0.0720282
0.0720282
0.0720282
0.0720282
0.0720282
0.0720282
0.0467057
0.0467057
0.0467057
0.0467057
0.0467057
0.0467057
0.0467057
0.0467057
0.0720594
0.0720594
0.0720594
0.0720594
0.0720594
0.0720594
0.0720594
0.0720594
0.0730297
0.0730297
0.0730297
0.0730297
0.0720594
0.0720594
0.0720594
0.0804084
0.0804084
0.0804084
0.0804084
0.0804084
0
0.0804084
0.0720594
0.0720594
0.0720594
0.0720282
0.0720282
0.0720282
0.0720282
0.0720282
0.0720282
0.0720282
0.0720282
0.0720282
0.0720282
0.0720282
0.0720282
0.0720282
0.0720282
0.0720282
0.0720282
0.0720282
0.0720282
0.0720282
0.0720282
0.0720282
0.0720282
0.0720282
0.0720282
0.0720282
0.0720282
0.0720282
0.0720282
0.0720282
0
0
0
0
0
0
0
0.0730135
0.0726433
0.0726433
0.0923186
0.0923186
0.0923186
0
0
0
0.106651
0.127257
0
0
0.0726433
0.0726433
0.0726433
0.0726433
0.0726433
0.0768473
0.0958927
0
0.113592
0.126491
0
0
0
0.0726433
0.0720594
0.0467057
0.0467057
0.0467057
0.0467057
0.0467057
0.0467057
0.0467057
0.0467057
0.0467057
0.0467057
0.0467057
0.0467057
0.0467057
0.0467057
0.0467057
0.0467057
0.0467057
0.0467057
0.0467057
0.0467057
0.0467057
0.0467099
0
0
0
0
0
0
0
0
0
0
0
0
0
0
0
0
0
0
0
0
0
0
0.0469539
0
0
0
0
0
0
0
0
0
0
0
0
0
0
0
0
0
0
0
0.0720594
0
0
0.0720594
0.0720594
0.0720594
0.0720594
0.0720594
0.0720594
0.0720594
0.0720594
0.0720594
0.0720594
0
0
0
0
0.0720594
0.0720594
0.0720594
0.0720594
0
0.0720594
0.127775
0.0720594
0.0720594
0.0720594
0.0720594
0.0720594
0.0720594
0.0720594
0.0720594
0.0720594
0.0733564
0.0720594
0
0.0720594
0.0720594
0.0720594
0.0720594
0.0720594
0.0720594
0.0720594
0.0720594
0.0720594
0.0720594
0.0720594
0.0720594
0.0720594
0
0
0
0
0
0
0
0
0
0
0
0
0
0
0
0
0
0
0
0
0
0
0
0
0
0
0
0
0
0
0
0.0720594
0.0720594
0.0720594
0.0720594
0.102733
0.102733
0.0725158
0.0725158
0.0757917
0.0757917
0
0
0
0
0
0
0
0
0.119169
0.119169
0
0
0
0
0
0
0
0
0
0
0
0
0
0
0
0
0
0
0
0
0
0
0
0
0
0
0
0
0.0738885
0.0738885
0.0813116
0
0
0.0813564
0.0813564
0
0.0720594
0.0720594
0.0720594
0.0812892
0.0812892
0.0831172
0.0812892
0.0720594
0
0
0
0
0
0.102733
0.102733
0.102733
0.102733
0.102733
0.102733
0.102733
0.102733
0.0738717
0.0738717
0.0916057
0.0916057
0.0916057
0
0.0916057
0.0916057
0.121791
0.0916057
0.0916057
0.127429
0.127429
0.127429
0.0767907
0.0767907
0.0767907
0.0767907
0.0767907
0.0738717
0.0767907
0.0767907
0.0767907
0.0767907
0
0.0767907
0
0.0780076
0
0
0
0
0
0
0
0.0780076
0.0813116
0.0813116
0.0813116
0.0813116
0.0762863
0.0762863
0.0762863
0.0762863
0.0762863
0.0776151
0
0.0775567
0.0725158
0.0725158
0.0725158
0.0725158
0.0941415
0.0941415
0.0941415
0.0728518
0.0728518
0.0729972
0.0729972
0.0729972
0.0729972
0.0730459
0.0730459
0
0.0728518
0.0728518
0
0
0
0
0
0
0
0
0
0
0
0
0
0
0
0
0
0
0
0
0
0
0
0
0
0
0
0
0
0
0
0
0
0
0
0
0
0
0
0
0
0
0
0
0
0
0
0
0
0
0
0
0
0
0
0
0
0
0
0
0
0
0
0.119169
0.119169
0.119169
0.119169
0.119169
0
0
0
0
0
0
0.119169
0.119169
0.119169
0.119169
0.119169
0.119169
0.120386
0
0
0
0
0
0
0
0
0
0
0
0
0
0
0
0
0
0
0
0
0
0
0
0
0
0
0
0
0
0
0
0
0
0
0
0
0
0
0
0
0
0
0
0
0
0
0
0
0
0
0
0
0
0
0
0
0
0
0
0
0
0
0
0
0
0
0
0
0
0
0
0
0
0
0
0
0
0
0
0
0
0
0
0
0
0
0
0
0
0
0
0
0
0
0
0
0
0
0
0
0
0.0725476
0.0725476
0.0725476
0
0
0
0
0
0
0
0.0757917
0.0757917
0.0757917
0.0757917
0.0757917
0.0757011
0.0758098
0.0758098
0.0758098
0
0
0.0757011
0.0757917
0.0757917
0.0757917
0.0766777
0.0766777
0.0766777
0
0.0766777
0.130651
0.130651
0.13383
0.130651
0.17609
0.17609
0
0.130651
0
0
0
0
0
0
0
0
0
0
0
0
0
0
0
0
0
0
0
0
0
0
0
0
0
0
0
0
0
0
0
0
0.113167
0
0.113167
0
0.113167
0.113167
0.0731435
0.0731435
0.218652
0.0731925
0.073939
0.0720594
0.0502308
0.0502308
0
0
0
0
0
0
0
0
0
0
0
0
0.0661903
0.0661903
0
0
0.0466168
0.0466168
0.0466168
0
0
0
0
0.106199
0.106199
0.106199
0
0
0
0
0
0
0
0
0
0
0
0
0
0
0
0
0
0.109326
0.106199
0.106199
0.163118
0.134131
0.136399
0.136399
0.136399
0
0.106199
0.162044
0
0.172133
0
0.109764
0
0
0
0
0
0
0
0
0
0
0
0
0
0
0
0
0
0
0
0
0
0
0
0
0
0.0859338
0.0859338
0.0859338
0.112987
0
0.0943508
0.0998337
0
0.0859602
0
0.110544
0.110544
0.110544
0.11077
0
0
0
0
0
0
0
0.119239
0.119239
0.119239
0.119594
0
0
0
0
0
0
0
0
0
0
0
0.071873
0.0465915
0
0
0
0
0
0
0
0
0
0
0
0
0
0
0
0
0
0
0
0
0
0
0.119169
0
0
0.0720594
0
0
0
0
0
0
0
0
0
0
0
0
0
0
0
0
0
0
0
0
0
0
0
0
0
0
0
0
0
0
0
0
0
0
0
0
0
0
0
0
0
0
0
0
0
0.0466591
0.0466591
0.0466591
0
0.0466591
0.0466591
0.0466591
0.0466591
0.0466591
0.0466548
0.0466548
0.0466548
0.0466548
0.0466548
0.0466591
0.0466591
0.0466591
0.0466591
0
0
0
0
0
0
0
0
0
0
0
0
0
0
0
0
0
0
0
0
0.0733564
0.0733564
0.0733564
0.0733564
0.0733564
0.0733564
0.0733564
0.0733564
0.0733564
0.0743808
0.0733564
0.0733564
0.0733564
0
0
0
0
0
0
0
0
0
0
0
0
0.0469539
0
0.0469539
0
0
0
0
0
0.0467057
0.0467057
0.0467057
0.0467057
0
0
0.0713528
0
0
0
0
0
0
0
0
0
0
0
0
0
0
0
0
0
0
0
0
0
0
0
0
0
0
0
0
0
0
0
0
0
0
0
0
0
0
0
0
0
0
0
0
0
0
0
0
0
0
0
0
0
0
0
0
0
0
0
0
0
0
0
0
0
0
0
0
0
0
0
0
0
0
0
0
0
0
0
0
0
0
0
0
0
0
0
0
0
0
0
0
0
0
0
0
0
0
0
0
0
0
0
0
0
0
0
0
0
0
0
0
0
0
0
0
0
0
0
0
0
0
0
0
0
0
0
0
0
0
0
0
0
0
0
0
0
0
0
0
0.0728841
0.0728841
0.0728841
0.0728841
0.0728841
0.0728841
0.0728841
0.0728841
0.0728841
0.0728841
0.0728841
0.0728841
0.0728841
0.0728841
0.0728841
0.0728841
0.0728841
0.0728841
0.0728841
0.0728841
0.0467057
0.0467057
0.0467057
0.0467057
0.0467057
0.0467057
0.0467057
0.0467057
0.0467057
0.0467057
0.0467057
0.0728841
0.0728841
0.0728841
0.0728841
0
0
0
0
0
0
0
0
0
0
0
0
0
0
0
0
0
0
0
0
0
0
0
0.0728841
0.0814238
0.0814238
0.0728841
0
0.0728841
0.0728841
0.0804301
0.0807573
0.0807573
0.0883596
0.0883596
0.0883596
0.0883596
0.0883596
0.0883596
0
0
0.0883596
0.0883596
0.0883596
0
0.0883596
0.0883596
0.0915098
0.0915098
0.0807573
0.0728841
0.0754314
0.0754314
0.0754314
0
0
0
0
0
0
0.0754314
0.0769231
0.0769231
0
0
0
0
0.0769231
0
0
0
0
0
0
0
0.0728841
0
0
0
0
0
0
0.0728841
0.0728841
0
0.0728841
0
0
0.0728841
0
0
0
0
0.0728841
0
0
0
0
0
0.0728841
0
0
0
0.0728841
0.0728841
0
0.0728841
0.0728841
0.0728841
0.0728841
0.0728841
0.0786079
0.0786079
0.0786079
0.0786079
0.0786079
0.0786079
0.0803435
0
0
0
0
0
0.0786079
0
0
0
0.0786079
0.0786079
0
0.0786079
0.0728841
0
0.0728841
0
0
0.0728841
0.0728841
0.0786079
0.0827606
0.0787703
0.0787703
0.0786079
0.0829027
0.0786687
0.0786687
0.0728841
0.0754314
0.0754314
0.0728841
0.0786079
0.0786079
0.082362
0
0
0.0788314
0.0825488
0
0
0.0791188
0
0
0
0
0.0786079
0.0728841
0.0796608
0.0728841
0
0.0728841
0.0770752
0.0834784
0
0
0
0
0.085023
0.085023
0.0728841
0.0769231
0.0728841
0.0728841
0.0730135
0
0.0730135
0.0770752
0.0770752
0.0770752
0.082974
0.082974
0.082974
0.082974
0.082974
0.082974
0
0.082974
0.0773052
0.0773052
0.0774016
0.0773052
0
0
0
0
0
0.0771517
0.0771517
0
0
0
0
0.0780869
0
0.0466845
0
0.0466845
0.0466845
0.0466845
0.0466845
0
0
0
0
0
0
0
0
0
0
0
0.0467057
0.0467057
0.0467057
0.0467057
0.0467057
0.0467057
0.0467057
0
0
0
0
0
0
0
0
0
0
0
0
0
0
0
0
0
0
0
0
0
0
0
0
0
0
0
0
0
0
0
0
0
0
0
0
0
0
0
0
0
0
0
0
0
0
0
0
0
0
0
0
0
0
0
0
0
0
0
0
0
0
0
0
0
0
0
0
0.0720594
0.0720594
0.0720594
0.0720594
0.0720594
0.0720594
0.112987
0.112987
0.0940374
0.0943158
0.0943158
0.0720594
0.0766214
0.0766214
0.0766214
0.0748831
0.0749006
0
0
0
0
0
0
0
0
0
0
0
0.0859074
0.0859074
0
0
0
0
0
0
0
0
0.0859074
0
0
0.0644157
0.0644157
0.0644157
0.0644157
0.0644157
0.0644157
0
0
0
0
0
0
0.0644157
0.0644157
0
0
0.0678844
0.0678844
0.0685457
0.0685457
0.0685457
0.0644157
0.0644157
0.0644157
0.0644157
0.0644157
0.0690751
0.0644157
0
0
0
0
0.0655826
0
0
0
0
0
0
0
0
0
0
0
0
0
0
0.0678844
0.0678844
0.0678844
0.0678844
0.0678844
0.0678844
0
0
0
0
0
0
0
0
0.0467057
0.0467057
0.0467057
0.0467057
0.0467057
0.0467057
0.0467057
0.0467057
0.0467057
0.0467057
0.0467057
0
0
0
0
0
0
0
0
0
0
0
0
0
0
0
0
0
0
0
0
0
0
0
0
0
0
0
0
0
0
0
0
0
0
0
0
0
0
0
0
0
0
0
0
0
0
0
0
0
0
0
0
0
0
0
0
0
0
0
0
0
0
0
0
0
0
0
0
0
0
0
0
0
0
0
0
0
0
0
0
0
0
0
0
0
0
0
0
0
0
0
0
0
0
0
0
0
0
0
0
0
0
0
0
0
0
0
0
0
0
0
0
0
0
0
0
0
0
0
0
0
0
0
0
0
0
0
0
0
0
0
0
0
0
0
0
0
0
0
0
0
0
0
0
0
0
0
0
0
0
0
0
0
0
0
0
0
0
0
0
0
0
0.0468079
0.0468079
0.0468079
0.0468079
0.0468079
0.0468079
0.0468079
0.0468079
0.0468079
0.0468079
0.0468079
0
0
0
0
0.0678844
0.0678844
0.0678844
0.0678844
0.0678844
0.0678844
0.0678844
0.0678844
0.0678844
0.0678844
0.0678844
0.0678844
0.0678844
0.0678844
0.0678844
0.0678844
0.0678844
0.0678844
0.0678844
0.0678844
0
0
0
0
0
0
0.0678844
0.0678844
0
0.0678844
0.0678844
0.0678844
0.0678844
0.0678844
0.0678844
0.0678844
0.0678844
0
0.0678844
0.0678844
0.0678844
0.0678844
0.0678844
0.0678844
0.0678844
0.0678844
0.0678844
0.0727393
0
0
0.0762124
0
0
0.0678844
0.0678844
0
0
0
0
0
0.0685591
0
0
0
0.0679105
0.0678844
0
0
0
0
0
0
0
0
0
0
0
0
0
0
0.0678844
0.0678844
0
0
0.0704907
0.0704907
0
0
0
0
0
0
0
0
0
0
0
0
0
0
0
0.0795557
0.0795557
0
0
0
0
0
0
0
0
0
0
0
0
0
0
0
0
0
0
0
0
0
0
0
0
0
0
0
0
0
0
0
0
0
0
0
0
0
0
0
0
0
0
0
0
0
0
0
0
0
0
0
0
0
0
0
0
0
0
0
0
0
0.0678844
0.0678844
0
0.0678844
0.0678844
0.0775567
0.0678844
0.0679105
0.0718576
0.0678844
0.0679105
0
0.0679759
0
0.0678844
0
0
0
0
0
0.0704907
0.0704907
0.0704907
0
0
0
0
0
0
0
0
0
0
0
0
0
0
0
0
0
0
0
0
0
0
0
0
0
0
0
0
0
0
0
0
0
0
0
0
0
0
0
0
0
0
0
0
0
0
0
0
0
0
0
0
0
0
0
0
0
0
0
0
0.0795557
0.0795557
0.0795557
0.0679628
0
0.0677674
0.0677674
0.0679497
0.0678323
0
0
0
0
0
0
0
0
0
0
0
0
0
0
0
0
0
0
0
0
0
0
0
0
0
0
0.0678454
0.0678454
0.0803868
0.0678454
0.0688837
0.0679628
0.0677804
0
0
0
0
0
0.0677804
0.0678844
0.0678844
0.0678844
0.0678844
0.0681862
0
0
0
0
0
0
0
0
0
0
0
0
0
0
0
0
0.0686129
0
0
0
0
0
0
0
0
0
0
0
0
0
0
0.0681862
0.0701431
0
0.0682391
0.0688157
0.0705053
0.0766965
0
0
0
0
0
0
0
0
0
0
0
0
0
0
0
0
0
0
0
0
0
0
0
0
0.0716115
0
0
0
0.0467099
0.0467099
0.0467099
0.0467099
0
0.0809334
0.0809334
0.082038
0.082038
0
0.082038
0.0809334
0
0
0
0
0
0
0
0
0
0
0
0
0
0
0
0
0
0
0
0
0.0678844
0
0
0
0
0
0
0
0
0
0
0
0.0467057
0.0467057
0.0467057
0.0467057
0.0467057
0.0467099
0.0467099
0.0467099
0.0467099
0.0471405
0
0
0
0
0
0
0
0
0
0.0626122
0.0626122
0.0625509
0.0625509
0.0625509
0.0625509
0.0625509
0.0625509
0.0625509
0.0625509
0.0626122
0.0625509
0.0625509
0.0625509
0.0625509
0.0625509
0.0625509
0.0625509
0.0666297
0.0666297
0.0666667
0.0666667
0
0
0
0.0626122
0.0626122
0.0626122
0.0626122
0
0
0
0
0
0.0638226
0
0.0626122
0.0627147
0.0627147
0.0627147
0.0627147
0.0627147
0.0627147
0.0627147
0
0.0627353
0.0627353
0
0
0
0
0
0
0
0
0
0
0
0
0
0
0.0716574
0
0
0
0.0716574
0.0716574
0
0
0
0
0
0
0
0
0
0
0
0
0
0
0
0
0
0
0
0
0
0
0
0
0
0
0
0
0
0
0
0
0
0
0
0
0
0
0
0
0
0
0
0
0
0
0
0
0
0
0
0
0
0
0
0
0
0
0
0
0
0
0
0
0
0
0
0
0
0
0
0
0
0
0
0
0
0
0
0
0
0
0
0
0
0
0
0
0
0
0
0
0
0
0
0
0
0
0
0
0
0
0
0
0
0
0
0
0
0
0
0
0
0
0
0
0
0
0
0
0
0
0
0
0
0
0
0
0
0
0
0
0
0
0
0
0
0
0
0
0
0
0
0
0
0
0
0
0
0
0
0
0
0
0
0
0
0.0775956
0.0775956
0.0775956
0.0775956
0.0775956
0.0775956
0.0777518
0.0777518
0
0
0.077791
0.077791
0.077791
0.077791
0.0776345
0.0776345
0.0776345
0
0.0776345
0
0.077791
0.077791
0
0
0
0
0
0
0
0
0
0.077791
0
0.077791
0
0
0
0.0776345
0
0
0.077791
0.077791
0
0
0
0
0
0
0.0787093
0.0787093
0
0
0
0
0
0
0
0
0
0
0
0
0
0
0
0
0
0
0
0
0
0
0
0
0
0
0
0
0
0
0.0837708
0
0
0
0
0
0
0
0.0838444
0.0838444
0
0
0
0
0
0
0
0
0
0
0
0
0
0
0
0
0
0
0.0737878
0.0737878
0.0737878
0.0737878
0.0737878
0.0737878
0
0
0
0.0737878
0.0737878
0.074108
0
0
0.0796398
0
0
0.0796819
0.0796819
0
0
0
0
0
0
0.0799148
0.0799148
0
0
0.07719
0
0
0
0.0758098
0.0758098
0
0.0626224
0
0.0626224
0
0
0
0.0768852
0
0.0768852
0.0768852
0.0775372
0.0785674
0.0785674
0
0
0
0
0
0
0
0
0
0
0
0
0
0
0
0
0
0
0
0
0
0
0
0
0
0
0
0
0
0
0
0
0
0
0
0
0
0
0
0
0
0
0
0
0.0737878
0
0.0777518
0.0777518
0.0777518
0.0777518
0.0777518
0.0777518
0.0777518
0.0722472
0.0722472
0
0.0734553
0.0722472
0
0.0722472
0.0722472
0.0722472
0
0
0
0
0
0
0
0
0
0
0
0
0
0
0
0
0
0
0
0
0.0703743
0
0
0
0
0
0
0
0
0
0
0
0
0
0
0
0
0
0
0
0
0
0
0
0
0
0
0
0
0
0
0
0
0
0
0
0
0
0
0
0
0
0
0
0
0
0
0
0
0
0
0
0
0
0
0
0
0
0
0
0
0
0
0
0
0
0
0
0
0
0
0
0
0
0
0
0
0
0
0
0
0
0
0
0
0
0.0734553
0.074244
0.074244
0.074244
0.0745529
0.0745529
0
0.074622
0.074244
0
0.0777518
0.0777518
0.0777518
0.0777518
0.0777518
0
0
0
0
0.0777714
0.0777714
0.0778106
0.0778106
0
0.0780472
0.082269
0.082269
0.082269
0.0778106
0
0.0779287
0.0777714
0
0
0
0
0
0
0
0
0
0
0.072075
0.072075
0.0723575
0
0
0
0
0
0
0.0727714
0
0
0
0
0
0
0
0
0
0
0
0
0
0.0715046
0
0
0
0
0
0.0716421
0.0801069
0.071873
0.071873
0.0719505
0
0
0.0720127
0
0
0.0719505
0.0715656
0.0811775
0.0718267
0
0
0.0718267
0
0
0.071904
0
0
0.071904
0.071935
0.071935
0
0
0.0720906
0
0.0721688
0
0.071052
0
0.071052
0.071052
0
0
0
0
0
0
0
0
0
0.071052
0
0
0
0
0
0
0
0
0
0
0
0
0
0
0
0
0
0
0
0
0
0
0
0
0
0
0
0
0
0
0
0
0
0
0
0
0
0
0
0
0
0
0
0
0
0
0
0
0
0
0
0
0
0
0
0
0
0
0
0
0
0
0
0
0
0
0
0
0
0
0
0
0
0
0
0
0
0
0
0
0
0
0
0
0
0
0
0
0
0
0
0
0
0
0
0
0
0
0
0
0
0
0
0
0
0
0
0
0
0
0
0
0
0
0
0
0
0
0
0
0
0
0
0
0
0
0
0
0
0
0
0
0
0
0
0
0
0
0
0
0
0
0
0
0
0
0
0
0
0
0
0
0
0
0
0
0
0
0
0
0
0
0
0
0
0
0
0
0
0
0
0
0
0
0
0
0
0
0.0764719
0.077791
0.070696
0.0625509
0.0625509
0.0625509
0
0
0
0.0653023
0.0638985
0.0638985
0.0638985
0.075665
0.075665
0
0
0.0625611
0.0625611
0
0
0.0625509
0.0625509
0.0625611
0.0625611
0.0625611
0.0625611
0.0625918
0.0801069
0.0801069
0.0802572
0.0625918
0.0626224
0
0.0626224
0.0665681
0
0.0463988
0.0463988
0.0463988
0.0463988
0.0463988
0.0463988
0.0463988
0.0463988
0.0463988
0.0463988
0.0463988
0.0463988
0.0463988
0.0463988
0.0463988
0.0463988
0.0463988
0.0463988
0.066605
0.066605
0
0.066605
0.0463988
0.0463988
0.0463988
0.0463988
0
0
0
0.0463988
0
0
0
0
0
0
0
0
0
0
0.0666667
0
0
0.0666914
0
0
0
0
0.0463988
0.0463988
0.0666667
0.0666667
0.0666667
0.0666914
0.0463988
0.0463988
0.0463988
0.0463988
0.0668402
0.0463988
0.0519058
0.0519058
0.0463988
0.0463988
0.0463988
0.0463988
0.0463988
0.0463988
0.0666667
0.0666667
0.0666667
0.0666667
0.0666667
0.0666667
0.0666667
0.0666667
0.0666667
0.0463988
0.0463988
0.0465452
0.0719195
0.0463988
0.0469409
0
0
0
0
0
0
0
0
0
0
0
0
0
0
0
0
0
0
0
0
0
0
0
0
0
0
0
0
0
0
0
0
0
0
0
0
0
0
0.0647072
0
0
0
0
0
0
0
0
0
0
0
0
0
0
0
0
0
0
0
0
0
0
0
0
0
0
0
0
0
0
0
0
0
0
0
0
0
0
0
0
0
0
0
0
0
0
0
0
0.0668526
0
0
0
0
0
0
0
0
0
0
0
0
0
0
0
0
0
0
0
0
0
0
0
0
0
0
0
0
0
0
0
0
0
0
0
0
0
0
0.0509537
0
0
0
0.0493014
0
0
0
0
0
0
0
0
0
0
0
0
0
0
0
0
0
0
0
0
0
0
0.0463988
0.0578476
0.051226
0
0.10351
0.0465915
0
0.0463988
0.0625509
0.0625509
0.0625509
0.0625509
0.0625509
0.0625509
0.0625509
0.0625509
0.0625509
0.0625509
0.0625509
0.0625509
0.0625509
0.0625509
0.0625509
0.0625509
0.0625509
0.0625509
0.0625509
0.0625509
0.0625509
0.0625509
0
0
0
0
0
0
0
0
0
0
0
0
0
0.0625509
0.0625509
0.0625509
0.0625509
0.0625509
0.0625509
0.0625509
0.0625509
0.0625509
0.0625509
0.0625509
0.0625509
0.0625509
0.0625509
0.0625509
0.0625509
0.0625509
0.0625509
0.0625509
0.0625509
0.0625509
0
0.0625611
0.0753957
0.0625611
0.0625611
0.0625611
0.0627147
0.0627147
0.062725
0.0627147
0.0627147
0.0627147
0.0627147
0.0626224
0.0626224
0.0770371
0
0
0
0
0.070814
0.0709327
0
0
0
0.0800213
0.0823853
0.0821995
0
0
0
0
0
0
0
0
0
0
0
0
0.0695468
0.0695468
0.0695468
0.0695468
0
0
0
0
0.0700569
0.0700569
0.0700569
0
0
0
0
0
0.0700569
0.0701143
0.0700713
0.0700713
0.0700713
0.0700713
0.0700713
0
0
0
0
0
0
0
0
0
0
0
0.0626531
0.0626531
0.062602
0
0.0625918
0.0625918
0.0625918
0.0625918
0
0
0
0.0625918
0.0625918
0.0625918
0.0625918
0.0625918
0.0625918
0.0625918
0.0626122
0.0626122
0.0626224
0.0626224
0.075521
0.075521
0.0627147
0.0627147
0.062725
0.0695468
0.0705638
0.069843
0.0625611
0.0625611
0
0
0
0
0
0
0
0.0625509
0.0625815
0.0625815
0.0625815
0.0625815
0.0625815
0.0625509
0
0
0
0
0.0625611
0.0625611
0.0625611
0.0753957
0
0
0.0753957
0.0753957
0.0753957
0.0625611
0.0625611
0.0754136
0.0754136
0
0
0
0
0
0.0625611
0.0625611
0.0625611
0.0626122
0
0
0
0
0
0.0631719
0
0
0
0
0.0631719
0.0631719
0.0631719
0.0631719
0
0
0
0
0
0
0
0.0631719
0
0.0631719
0.075521
0.075521
0.075521
0.0625509
0.0625509
0
0
0
0
0.0626122
0.0626122
0.0626122
0.0626122
0.0463988
0.0509537
0.0509537
0
0
0.0509537
0.0565233
0.0565233
0
0.0566214
0.0566517
0.0565233
0
0
0
0
0
0
0
0
0
0
0
0
0
0
0
0
0
0
0
0
0
0
0
0.0664455
0.0664455
0.0664455
0
0.0664455
0.0463988
0.0463988
0.0464197
0.0464197
0.0463988
0.0463988
0.0463988
0.0463988
0
0
0
0
0
0.0463988
0
0.0463988
0.0463988
0.0464197
0.0464197
0.051703
0
0
0
0
0
0
0
0
0
0
0
0
0
0
0
0
0
0
0
0
0
0
0
0.0493014
0.0493014
0.0493014
0
0
0
0
0.0608112
0.0608112
0.0823154
0.0823154
0.0608112
0.0608112
0.0608112
0.0608112
0.0519058
0.0519058
0.0519058
0.075919
0.075919
0.075919
0.0519058
0.0519058
0.0519058
0.075919
0.075919
0.075919
0.0519058
0.0519058
0.0519058
0.0519058
0.0564258
0.075919
0.0519058
0.0519058
0.0519058
0.0631824
0.0631824
0.0519058
0.0519058
0.0519058
0.0519058
0.0519058
0
0
0
0
0
0
0.0602566
0.0602566
0.0602566
0.0602566
0
0
0
0
0
0
0
0
0
0
0
0
0
0
0
0
0
0.0465999
0
0
0
0
0
0
0
0
0
0
0
0
0
0
0
0
0
0
0
0
0
0
0
0
0
0
0
0
0
0
0
0
0
0
0
0.0571195
0
0
0
0
0
0
0
0
0
0
0
0
0
0
0.10421
0.10421
0
0
0
0
0
0
0
0
0
0
0
0
0
0
0
0
0
0
0
0
0
0
0
0
0
0
0
0
0
0
0
0
0
0
0
0
0
0
0
0
0
0
0
0
0
0
0
0
0
0.0653488
0.0653604
0
0.05562
0.05562
0.05562
0.05562
0.05562
0.05562
0.05562
0.0608205
0.0608205
0.05562
0
0
0
0
0
0
0
0
0
0
0
0
0
0
0.0463988
0.0463988
0
0
0.0664455
0
0.0509537
0.051703
0
0
0
0
0.0647072
0
0
0
0
0
0
0.0492217
0.0493014
0
0
0
0
0
0
0
0
0
0.0519058
0
0.0571195
0
0
0
0
0.0465999
0
0
0
0
0
0.0463988
0.10421
0
0
0
0.05562
0.05562
0.05562
0.05562
0
0
0
0
0.0448599
0.0448599
0.0448599
0.0448599
0.0448599
0.0448599
0.0448599
0.0448599
0.0448599
0.0448599
0.0448599
0.0448599
0.0448599
0.0448599
0.0448599
0.0448599
0.0448599
0.0448599
0.0448599
0.0448599
0.0448599
0.0448599
0.0448599
0.0448599
0.0448599
0.0448599
0.0448599
0.0448599
0.0448599
0.0448599
0.0448599
0.0448599
0.0448599
0.0448599
0.0448599
0.0448599
0.0448599
0.0448599
0.0448599
0.0448599
0.0448599
0.0448599
0.0448599
0.0448599
0.0448599
0.0448599
0.0448599
0.0448599
0.0448599
0.0448599
0.0448599
0.0448599
0.0448599
0.0448599
0.0448599
0.0448599
0.0448599
0.0448599
0.0448599
0
0.0448599
0.0448599
0
0.0448599
0.0448599
0.0448599
0
0.0448599
0.0448599
0.0448599
0.0448599
0.0448599
0.0448599
0.0448599
0.0448599
0.0448599
0.0467269
0.0467269
0.0467269
0.0467269
0.0467269
0.0467269
0.0467269
0.0467269
0.0467269
0
0
0.0467269
0.0467269
0.0467269
0.0468207
0.0468207
0
0
0.0467269
0.0467269
0.0468207
0.0468207
0.0467269
0.0716115
0
0
0
0
0
0
0
0
0
0
0.0470534
0.0470534
0.0470534
0.0470534
0.0470534
0.0470969
0.0470969
0.0470969
0
0
0
0
0
0
0
0.0470969
0.0470969
0
0
0.0470969
0.0470969
0.0470969
0.0470969
0
0
0.0470969
0
0.0471492
0.0470969
0.0470969
0.0471492
0.0471492
0.0471492
0.0471492
0
0.0471492
0.0471492
0.0650027
0.0650027
0.0520814
0.0520814
0.0471492
0
0
0
0
0
0
0.0650027
0.0650027
0.0650027
0.0783862
0.0650027
0
0.0650027
0.0520814
0.0520814
0
0
0
0.0520814
0
0
0
0
0.0520814
0.0520814
0.0520814
0.0520814
0.063383
0.063383
0.063383
0.0810885
0.063383
0.081334
0.063383
0.0520814
0
0
0
0
0
0
0
0
0
0.0467099
0.0467099
0.0467099
0.0467099
0.0467099
0.0467099
0.0467099
0.0467099
0.0467099
0.0467099
0.0467099
0.0467099
0.0467099
0.0467099
0
0
0
0
0
0
0
0
0
0
0
0
0
0.0716115
0
0
0
0.0467099
0
0
0
0
0
0
0
0
0
0
0
0
0
0
0
0
0
0
0
0
0
0
0
0
0
0
0
0
0
0
0
0
0
0
0
0
0
0
0
0
0
0
0
0
0
0
0
0
0
0
0
0
0
0
0
0
0
0
0.0467057
0
0
0
0
0
0
0
0
0
0
0
0
0
0
0
0
0
0
0
0
0
0
0
0
0
0
0
0
0
0
0.0470838
0.0470838
0
0
0
0
0
0
0
0
0
0
0
0
0
0
0
0
0
0
0
0
0
0
0
0.0467099
0.0468079
0.0466591
0.0466591
0
0
0.0470838
0
0
0
0
0
0
0
0
0
0
0
0.0467057
0
0
0
0
0
0
0
0
0
0
0
0
0
0
0
0
0
0
0
0
0
0
0
0
0
0
0
0
0
0
0
0
0
0
0
0
0
0
0
0
0
0
0
0
0
0
0
0
0
0
0
0
0
0
0
0
0
0
0
0
0
0
0
0
0
0.0724841
0.0724841
0.0724841
0.0724841
0.0724841
0.0724841
0.0724841
0.0724841
0.0724841
0
0
0
0
0
0
0
0
0
0
0
0
0
0
0
0
0
0.0716115
0
0.0706812
0.0706812
0
0
0
0
0
0
0
0
0
0
0
0
0
0
0
0
0
0
0
0
0
0
0
0
0
0
0
0
0
0
0
0
0
0
0
0
0
0
0
0
0
0
0
0
0
0
0
0
0
0
0
0
0
0
0
0
0
0
0
0
0
0
0
0
0
0
0
0
0
0
0
0
0
0
0
0
0
0
0
0
0
0
0
0
0
0
0
0
0
0
0
0
0
0
0
0
0
0
0
0
0
0
0
0
0
0
0
0
0
0
0
0
0
0
0
0
0
0
0
0
0
0
0
0
0
0
0
0
0
0
0
0
0
0
0
0
0
0
0
0
0
0
0
0
0
0
0
0
0
0
0
0
0
0
0
0
0
0
0
0
0
0
0
0
0
0
0
0
0
0
0
0
0
0
0
0
0
0
0
0
0
0
0
0
0
0
0
0
0
0
0
0
0
0
0
0
0
0
0
0
0
0
0
0
0
0
0
0
0
0
0
0
0
0
0
0
0
0
0
0
0
0
0
0
0
0
0
0
0
0
0
0
0
0
0
0
0
0
0
0
0
0
0
0
0
0
0
0
0
0
0
0
0
0
0
0
0
0
0
0
0.0467057
0.0467057
0
0
0
0
0
0
0
0
0
0
0
0
0
0
0
0
0
0
0
0
0
0
0
0
0
0
0
0
0
0
0
0
0
0
0
0
0
0
0
0
0
0
0.0467099
0.0467099
0.0467099
0.0467099
0.0467099
0.0467099
0
0
0
0
0
0
0
0
0
0
0
0
0
0
0
0
0
0
0
0
0.0468079
0.0713528
0
0
0
0
0
0
0
0
0
0
0
0
0
0
0
0
0.0466591
0.0466591
0.0466591
0
0.0716115
0
0
0
0
0
0
0
0
0
0
0.0749181
0.0749181
0.0749181
0.0749181
0.0767341
0.0767341
0.0749181
0.0749181
0.0749181
0.0749181
0.0749181
0.0750587
0
0.0750587
0.0752355
0.0752888
0.0752888
0.0753244
0.0752888
0.0752888
0
0.0752888
0.112926
0.0768852
0.0768852
0
0.07698
0.07698
0.07719
0.0773245
0.0773245
0.113592
0.0773245
0.080517
0.080517
0.080517
0.080517
0.0805387
0.080517
0.080517
0.080517
0.0749181
0.0762678
0.0763048
0.078067
0.0783661
0.0783661
0.0783661
0
0
0.0786281
0
0.0763048
0
0
0
0
0
0
0
0.0467057
0.0467057
0.0467057
0.0467057
0.0467057
0.0467057
0.0467057
0.0467057
0.0467057
0.0467057
0.0467057
0.0467057
0.0467057
0.0467057
0.0467057
0.0467057
0.0467057
0.0467057
0.0467057
0.0467057
0.0467057
0.0467057
0.0467057
0.0467057
0
0
0
0
0.0467057
0
0
0
0
0
0
0
0
0
0
0
0
0
0
0
0
0
0
0
0
