30660
18608
20874
19139
17672
19060
14936
16709
4614
17397
18402
20453
27615
20214
19998
22482
18240
20040
18064
17721
17270
17273
17254
15603
17919
28352
1138
18362
31078
19737
19144
19654
18064
3754
18011
29936
19038
13637
3400
20529
17654
4172
17639
13081
16358
3515
18443
16816
18886
15933
13042
13038
16247
19685
18181
11788
12122
14454
27197
29682
15267
171
171
25026
12583
16496
15181
5747
16672
17085
16849
16690
12241
15229
14787
14809
12135
14660
14717
11085
4450
15552
22131
4420
13600
17929
13272
23074
16418
15465
14271
12632
12615
13776
17020
15047
12549
14309
12421
12409
24668
24319
17204
2902
12688
12412
34974
21484
6408
21398
16561
20294
17856
20270
20760
23321
20248
23406
20864
19349
19336
5063
15501
18361
19622
17191
17611
14401
28573
20436
17181
17848
6176
